0.6140938800896847
0.0
0.0
0.0
0.0
0.8174602331288994
0.0
0.7898403203082789
0.23683965660277795
0.42117472209221957
0.0
0.8150405390448933
0.2568267976910499
0.8574545428646287
0.0
0.22032949641691457
0.0
0.6256489718274785
0.0
0.46622192377221894
0.0
0.6257566854557862
0.0
0.0
0.13436798866974814
0.0
0.0
0.49965460149059443
0.0
0.03360926679312155
0.7752667782660712
0.0
0.0
0.8010552870712228
0.7348309001891712
0.0
0.0
0.0
0.10278515763863057
0.0
0.6409690003097785
0.5257590921357506
0.0
0.0
0.42758228219332034
0.30341245097133274
0.21112761099488547
0.0
0.0
0.27268662602241106
0.0
0.0
0.2635302353223125
0.0
0.12553187154998957
0.0
0.0
0.20482204100442697
0.0
0.45013096524482765
0.6532995143760073
0.0
0.377789629462155
0.0
0.0
0.0
0.0
0.0
0.0
0.024726083861942066
0.0
0.0
0.0
0.0
0.0
0.0
0.0
0.26197312807596507
0.0
0.0
0.28504621451789436
0.7091275092743737
0.9676718056987651
0.0
0.4601374024912056
0.9257872072381494
0.0
0.0
0.0
0.0
0.016040876747510768
0.0
0.0
0.5337063808401018
0.7878524190396002
0.0
0.6249946211146346
0.8425151795091205
0.0
0.0
0.4346335875510462
0.0
0.35152589130270356
0.0
0.01874930361717154
0.0
0.0
0.0
0.0
0.0
0.7021914270998687
0.0
0.25826805411720233
0.0
0.0
0.8086630406247155
0.4261379894267693
0.0
0.0
0.0
0.0
0.9255835950187375
0.0
0.0
0.8448613979591445
0.0
0.7028436043879914
0.0
0.0
0.0
0.7583122561118145
0.2593508236083534
0.0
0.18528262982866786
0.0
0.0
0.0
0.0
0.0
0.0
0.9347387654210663
0.3556120610332761
0.8876325554540334
0.0
0.0
0.0
0.0
0.0
0.0
0.8910861604034135
0.746562394164076
0.0
0.5875772957563585
0.0
0.00815522310516098
0.0
0.0
0.144509024164652
0.26960901409085775
0.0
0.0
0.20791019529106827
0.030840068454434183
0.0
0.0
0.38024727695663774
0.3156192871536767
0.0
0.6375955430957208
0.0
0.0
0.0
0.0
0.9068314038174178
0.0
0.0
0.0
0.4655669129697736
0.0
0.0
0.0
0.3952381526875254
0.6984669367113714
0.0
0.0
0.0
0.0
0.6315717121716252
0.7886218222140019
0.7618476101522345
0.4651136716188929
0.2725030666833721
0.0
0.0
0.5676773709556177
0.9232355370755548
0.0
0.43035252139945396
0.0
0.258010170708397
0.07106624943863331
0.0
0.0
0.0
0.0
0.7218768289355262
0.0
0.8359324677270558
0.22146509442653448
0.005062240773486077
0.0
0.22649454698309482
0.0
0.6737291126821014
0.0
0.8869841384649165
0.5837279337248477
0.22913869286593722
0.0
0.0
0.029268007788973274
0.0
0.5721658468467518
0.2686287887353454
0.0
0.0
0.3106753638268789
0.0
0.7008496547414353
0.5844953441147603
0.950193542826322
0.0
0.0
0.10040800712968283
0.11405836673225953
0.0
0.0
0.0
0.0
0.0
0.0
0.0
0.0
0.0
0.5052636124169586
0.1429924640400285
0.0
0.2871150455751153
0.6396314321888481
0.0
0.0
0.26660409266771173
0.0
0.2172513015192349
0.0
0.0
0.0
0.0
0.0
0.0029719620847937353
0.5407017894101241
0.19047421815273824
0.0
0.0
0.03353647918687204
0.8940269572177855
0.0
0.7425825151784152
0.0
0.0
0.0
0.0
0.21997136250068103
0.0
0.0
0.9306044231616054
0.0
0.12278706898195563
0.0
0.0
0.0
0.0
0.11524591383660883
0.0
0.4037601481161737
0.5450507534348221
0.29567673959561863
0.8041402493829092
0.1163086435097024
0.6880404970015299
0.0
0.0
0.0
0.0
0.0
0.0
0.6067774532199761
0.46759174650796276
0.0
0.009134228849232366
0.11585397061067666
0.0
0.010769053344697825
0.2359934488051149
0.37560466540274823
0.09098333024074283
0.0
0.443977576422989
0.05452920555074032
0.7629482434970101
0.009871352129775588
0.0
0.0
0.0
0.31136762319532063
0.19929409864891648
0.7694722245428478
0.8250405193257802
0.12775966312124257
0.6345115914999255
0.0
0.863261849519878
0.058548769260270084
0.0
0.8824806816403229
0.0
0.38791723213864326
0.0
0.3366871229075733
0.0
0.0
0.0
0.9013464355857653
0.8715467577534989
0.12967476087680968
0.0
0.7458490932149779
0.0
0.0
0.0
0.48087335294246186
0.0
0.0
0.0
0.35339344074493056
0.0
0.27456492181026154
0.7928245861533292
0.09447418083330882
0.24965077909350739
0.0
0.0
0.0
0.0
0.41126070703965406
0.19426975084497905
0.21720119052818282
0.12518096908263843
0.0
0.8863788054791205
0.6759388601937055
0.0
0.6705252199169558
0.0
0.0
0.0
0.0
0.0
0.0
0.8337031593644549
0.0
0.22814364051270644
0.9160963810075733
0.0
0.0
0.025118605564532746
0.6811790401320745
0.0
0.0
0.5100173577087158
0.0
0.0012176680600277183
0.0
0.536771159918702
0.8855592879935751
0.0
0.5461696350094224
0.07893123087600099
0.7075999740302105
0.0
0.3394851954155294
0.8027434247274807
0.0
0.8533907543469946
0.010538993137996232
0.6060959971235995
0.009674303607111268
0.22101708086362068
0.48770943945065015
0.0
0.8368874757475574
0.5954032496655423
0.7115288731318833
0.6397798391126296
0.0
0.0
0.16391250720612507
0.8278362388703011
0.0
0.0
0.06105620703910295
0.7704750547105307
0.0
0.48447251506090844
0.4561356562691541
0.0
0.0
0.8800433063109874
0.6636488123814998
0.0
0.0
0.1639339972325918
0.0
0.0
0.7600192394552461
0.7579754255001717
0.5125550869734217
0.0
0.0
0.0
0.2928567796362718
0.0
0.9100835335837458
0.9475824367585822
0.861020960780456
0.05632824766343036
0.2934876177748012
0.0
0.0805113488632112
0.0
0.0
0.0
0.0
0.012681594402086764
0.27578666994570333
0.0
0.0
0.0
0.0
0.6096641396914735
0.0
0.0050635391273602965
0.0
0.6009901980926318
0.0
0.0
0.5179754258625777
0.3879251668510237
0.0
0.0
0.0
0.0
0.24172819141118174
0.902156969319923
0.0
0.0
0.4882302690578692
0.0
0.45140378859911195
0.0
0.0
0.8889236365324491
0.45148105131212896
0.14432878663800713
0.0
0.0
0.6949614611888558
0.40357629105252807
0.8074591571184344
0.0
0.0
0.0
0.0
0.0
0.12377403639195558
0.7583558593859433
0.0
0.046303705892200224
0.6892664992956403
0.0
0.0
0.6608803476745373
0.0
0.43918836497321284
0.0
0.8073417209552252
0.6529912774148934
0.2088126146832378
0.18933900653835936
0.0
0.0
0.0
0.0
0.0
0.0
0.728184236807671
0.8347250057108694
0.0
0.0
0.06722346452583994
0.0
0.0
0.14002458970399748
0.0
0.0
0.0
0.9377895833846825
0.7618958972985446
0.0
0.9358223219192804
0.0
0.37338581276186783
0.19028287497612775
0.0
0.35292477217584994
0.0
0.0
0.8112498734722775
0.0
0.0
0.0
0.11925087749655919
0.0
0.0
0.0
0.2870253138118995
0.9405063310146521
0.0
0.5871958945412398
0.003105589817919385
0.0
0.7624094264142021
0.0
0.0
0.0
0.9155012053068758
0.0
0.0
0.43445268603175785
0.0
0.0
0.12466507204964485
0.0
0.5922925427682219
0.7146036597895955
0.011147785677216583
0.17640348671010792
0.0
0.0
0.0
0.0
0.0
0.0
0.08480106504757234
0.0
0.8839961891364523
0.0
0.5456960389296337
0.0
0.22705999645318073
0.0
0.0
0.0
0.0
0.9115052422939068
0.0
0.3349042660899042
0.0
0.0
0.0
0.0
0.3868206256555008
0.0
0.0
0.0
0.0
0.0
0.28144036860457566
0.0
0.0
0.39956840849594844
0.0
0.0
0.0
0.7918425178558847
0.0
0.0
0.009795638892594851
0.0
0.42863695653090716
0.38356421869520024
0.0
0.749496012727963
0.0
0.0
0.6724410719097266
0.9029546674250062
0.0
0.34015808780479284
0.0
0.51633813463028
0.0
0.0
0.0
0.7236453401064492
0.7509462318670629
0.0
0.0
0.616002614949822
0.0
0.0
0.0
0.8279106580081591
0.048353531556744725
0.0
0.04028659338379016
0.7315765754387089
0.0
0.12285009027563129
0.0
0.0
0.0
0.0
0.27917738462379327
0.7901844036623047
0.0
0.0
0.0
0.8858124024686413
0.0
0.5747498734662766
0.0
0.0
0.0
0.05942909019341187
0.0
0.8670573359827576
0.0
0.0
0.0
0.6723996445270874
0.0
0.0
0.0
0.3144276332350939
0.06828799001653217
0.0
0.2975434514982845
0.0
0.3668798530064211
0.0
0.0
0.0
0.0
0.0
0.0
0.0
0.25759956850468124
0.09745477820836039
0.7157092808013917
0.5250553860960002
0.0
0.5967554559176889
0.0
0.0
0.1405942714375148
0.8640425333716562
0.679909764761915
0.13062194678789116
0.0
0.0
0.0
0.0
0.0
0.0
0.7858694448945788
0.07270215920400226
0.7751133705719214
0.0
0.20032703028629262
0.0
0.0
0.0
0.6482949693239849
0.0
0.38375747042432307
0.6157313737510297
0.6996400843256878
0.35248788921522545
0.0
0.9177788231501987
0.48077073942830006
0.0
0.7470017852599103
0.0
0.0
0.0
0.0
0.353604708368986
0.7206835701071517
0.7847799877596997
0.0
0.0
0.23445190520192807
0.4966325943337348
0.0
0.49496747429776944
0.44773296221792963
0.0
0.0
0.0
0.0
0.0
0.5019283736048784
0.5971399794151545
0.0
0.0
0.0
0.0
0.0
0.0
0.07613305834592336
0.43797494308039914
0.1282636910897279
0.0
0.0
0.3702882491611953
0.0
0.0
0.578693661354912
0.0
0.0
0.0
0.9656106957361507
0.0
0.0
0.0
0.0
0.22726225825563337
0.6997280826822693
0.8179728676062346
0.0
0.6119509925289673
0.0
0.13092576458126198
0.0
0.0
0.7676803211660567
0.0
0.6821630439437864
0.7352172691019531
0.30964516473394765
0.8412724502086238
0.6210074464503199
0.0
0.0
0.7348434981574352
0.0
0.39723261286889083
0.7562851680349824
0.557696136265464
0.0
0.0
0.827829435269578
0.23983685203530872
0.9822333182722786
0.0
0.0
0.7980303013369113
0.6876665785123087
0.0
0.29159955475029264
0.0
0.4437781132305871
0.0
0.3175939605907005
0.0
0.0
0.39986299487527455
0.0
0.0
0.0
0.6832060571193912
0.0
0.0
0.0
0.8381554046707175
0.0
0.0
0.8804209069822313
0.5209057059810563
0.0
0.0
0.0
0.0
0.6777480226773644
0.0
0.2020749635666266
0.7616954475108677
0.6007702055211566
0.0
0.0
0.0
0.0
0.0
0.0
0.0
0.19737787219290578
0.0
0.0
0.0
0.5818648247527575
0.8672801217280113
0.0
0.0
0.0
0.8450876715688443
0.0
0.0
0.0
0.7881437737524087
0.981835965113238
0.0
0.0
0.0
0.0
0.0
0.0
0.0
0.0
0.5075773708848219
0.0
0.0
0.0
0.7270931475802951
0.7474162352445878
0.0
0.0
0.0
0.2066143172628878
0.0
0.9738061800074704
0.0
0.0
0.0
0.0
0.1898529945043793
0.4567569178962623
0.0
0.0
0.0
0.0
0.427437325737936
0.0
0.401287186754916
0.0
0.31781030544971134
0.0
0.0
0.0
0.0
0.5653710838468854
0.0
0.9692913247199104
0.015560303343472892
0.5331894332074876
0.7797079431211716
0.0
0.29090679497438754
0.0
0.0
0.7850095473388378
0.4192847126952849
0.979518198991372
0.0835418678900355
0.0
0.4588366239437475
0.2926562561841179
0.4926164895696766
0.5513195491029371
0.0
0.7936157255153965
0.0
0.0
0.0
0.0
0.0
0.0
0.0
0.856725417064007
0.0
0.5835422174584076
0.0
0.0
0.6680593445085399
0.7048145154074651
0.24172082879478818
0.0
0.49160720629924043
0.05301151406881768
0.0
0.9782033215863162
0.024341133717325086
0.22378791514778706
0.0
0.0
0.0
0.8638146255065386
0.641989414727158
0.0
0.5102384421309331
0.5568889726234811
0.0
0.5369190263628248
0.44617173038325486
0.41054483461009894
0.0
0.163767729962798
0.4665817898979079
0.8228973774547823
0.0
0.4040212149273775
0.8825683325091725
0.0
0.4690344640184035
0.0
0.0
0.05002394324696955
0.8552348496117237
0.3682363204602015
0.0
0.3855819998651036
0.07934132529864929
0.0
0.15696303772508644
0.0
0.0
0.28456113616930623
0.0
0.0
0.0
0.0
0.20623623924094517
0.1817875907832628
0.0
0.0
0.42848631259918113
0.0
0.0
0.3603763433336357
0.0
0.0
0.5658956262542186
0.5420702690524715
0.0
0.8279089958631349
0.0
0.0
0.10115420411650224
0.0
0.0
0.1739957840710015
0.8264941874283325
0.0
0.0
0.0
0.0
0.0
0.0
0.0
0.0
0.49332243582678037
0.929391445908142
0.0
0.0
0.5122474369964098
0.0
0.9215795865364124
0.8772744762369195
0.0
0.0
0.0
0.0
0.0
0.5801928537585559
0.3779469314697487
0.13032708390701478
0.0
0.7921174824233653
0.11875180986314057
0.0
0.1420370830782884
0.0
0.0
0.0
0.1420906622726451
0.9412052656354402
0.09475774155350267
0.03420988065143487
0.411801574169286
0.0
0.0
0.0
0.7137630550175853
0.687229799430722
0.5714076867181433
0.7494697957230666
0.24608394717753965
0.0
0.12486193723091846
0.0
0.24430378677744036
0.7273276302447959
0.0
0.0
0.0
0.0
0.0
0.0
0.0
0.7304598670781548
0.4097071671702784
0.9887746538520077
0.0
0.552715625654068
0.0
0.0
0.0
0.44257108126519146
0.841053723777328
0.9444066888199067
0.0
0.5665526124759359
0.9162357283429582
0.8643508280618949
0.0
0.0
0.0
0.27178476935951257
0.0
0.0
0.11246423981693733
0.0
0.0
0.8454586105690407
0.9329932100152175
0.4608397707068672
0.0
0.1761230533877061
0.0
0.9881626546708998
0.0
0.19832411903751748
0.0
0.0
0.0
0.0
0.0
0.15259952483784814
0.0
0.05657244886867488
0.0
0.7294184660820544
0.38610456538941285
0.0
0.32255759183801613
0.0
0.0
0.0
0.0
0.0
0.0
0.0
0.0
0.0
0.8510267268357913
0.0
0.5207281190581278
0.25914231794009274
0.6459576415235281
0.0
0.0
0.0
0.0
0.0
0.0
0.0
0.8924211970097472
0.0
0.19404663077264153
0.6873336257559803
0.16918770704442268
0.0
0.1273803256581109
0.0
0.0
0.42513180330388106
0.90477969238238
0.32106500636207674
0.0
0.0
0.0
0.5607905779269028
0.0
0.9374323421902535
0.7452838112602337
0.7677385215947798
0.0
0.0
0.0
0.0
0.39887040900043336
0.8424536667675123
0.0
0.0
0.0
0.0
0.0
0.0
0.0
0.0
0.758483620555123
0.0
0.7321707163134958
0.0
0.0
0.26959241916895654
0.9406658213724252
0.8336946507664971
0.0
0.7528330621577367
0.5082844421961615
0.30682719199347025
0.14290486387102166
0.0
0.0
0.5457862198149191
0.0
0.8472970081426933
0.7997377793656557
0.0
0.579968931367031
0.92140468304722
0.17164273851194048
0.0
0.0
0.43332949531024295
0.0
0.09028097190266221
0.0
0.5322723170043437
0.0
0.0
0.7579569917291666
0.0
0.0
0.8141792917222068
0.508770845908339
0.0
0.0
0.0
0.0
0.0
0.41761535854232734
0.6356537550033892
0.0
0.40769427167499134
0.351775272615156
0.3137578512150717
0.0
0.0
0.0
0.4719714727806142
0.0
0.0
0.0
0.0
0.0
0.0
0.4152230341660719
0.6790388027149685
0.0
0.8696796302236472
0.0
0.6296330362190772
0.17057328968119267
0.171360567684696
0.0
0.789923432507383
0.0
0.7186924051684526
0.5272480992129401
0.0
0.0
0.5513878411283211
0.815962475742905
0.0
0.0
0.15507453629252604
0.0
0.0
0.8708931195947226
0.0
0.0
0.030476538440453674
0.0
0.4201862110067565
0.08966651320941203
0.5876836562309057
0.44450589528171053
0.3938562443940073
0.0
0.0
0.0
0.5816146160207737
0.17406449360345308
0.6800519301900053
0.0
0.0
0.0
0.29909648881116113
0.013006610065782232
0.0
0.0
0.8193807454667126
0.8030712541986544
0.9341036574048307
0.0
0.0
0.9170205999578415
0.0
0.9920924766140442
0.0
0.0
0.0
0.0
0.47585167352509866
0.5777242173131901
0.3436650237591246
0.0
0.46506834935989505
0.0
0.743725836654956
0.6512709548041502
4.972707972708064E-4
0.36998702875016176
0.0
0.856648182524697
0.0993134548030139
0.0
0.7118772597843716
0.0
0.0
0.0
0.0
0.21820389524352907
0.0
0.3905410498847342
0.4602529983693689
0.6567171783936929
0.0
0.0
0.6805000124783871
0.8802746301652074
0.8412167361119876
0.2009080501849706
0.7049717762564262
0.44770779873536304
0.0
0.0
0.0
0.0
0.0
0.6982184599345163
0.0
0.0
0.0
0.0
0.6645081849349556
0.3518364567499333
0.0
0.0037177749086295094
0.16382300674808903
0.0
0.0
0.0
0.0
0.0
0.06909602732377194
0.0
0.0
0.0
0.8222767356086289
0.6726120461265245
0.9039460514822998
0.0
0.1911227447039081
0.0
0.0
0.6839311840878513
0.0
0.0
0.0
0.0
0.0
0.27112247974038695
0.0
0.4661669582819063
0.0
0.7455867989660059
0.5664033542126327
0.0
0.0
0.8191111953570308
0.0
0.0
0.6422636376566065
0.0
0.3716099078811688
0.0
0.23185496925474552
0.0
0.07290243292874012
0.0
0.13063757681643653
0.39075131470128793
0.0
0.11247284384393699
0.0
0.0
0.6595255362387825
0.0
0.30965577937469424
0.0
0.8891331540669624
0.0
0.0
0.130001191559327
0.9015507666755466
0.553234753604742
0.1637870112229468
0.0
0.0
0.0
0.0
0.9953097029897702
0.0
0.0
0.5757847928029867
0.6290127516321609
0.0
0.0
0.31576188821144147
0.0
0.0
0.374579981713068
0.0
0.43502980773276473
0.9890770369513807
0.0
0.0
0.0
0.7411231803227335
0.29170394190328824
0.0
0.2820360149321918
0.0
0.0
0.0
0.23413192717715078
0.0
0.0
0.0
0.20076367384902913
0.13023251991474655
0.0
0.0
0.08403648042030233
0.0
0.730725030671021
0.0
0.31891781429969773
0.1844445864009462
0.7570013100304589
0.2922803970790013
0.0
0.0
0.0
0.06478892532087988
0.04535918454492177
0.0
0.0
0.0
0.3372238020533423
0.31849953347854376
0.0
0.48857570673322026
0.0
0.06675087015812387
0.9550294460550677
0.95820167697847
0.0
0.9695066782714011
0.6444754623233007
0.0
0.8184056369615379
0.0
0.5357639462614058
0.5182624547199335
0.771380418983603
0.7950645403725505
0.0
0.3431740016843171
0.0
0.0
0.7939245307213978
0.0
0.0
0.0
0.0
0.0
0.0
0.0
0.0
0.0
0.0
0.9463829569863518
0.0
0.0
0.0
0.0
0.0
0.0
0.0
0.0
0.0
0.824474106875574
0.0
0.0
0.9675815848558164
0.8737000596496879
0.0
0.7931010145902911
0.0
0.08126892155464634
0.9384878352258296
0.0
0.5115148811442094
0.8506523013268014
0.8495014132793808
0.0
0.3825806629668877
0.07595380992598968
0.0
0.0
0.0
0.5998482452973183
0.0
0.0
0.36393928147335375
0.0
0.32404710779877544
0.0
0.0
0.40318549067446025
0.8823646346175147
0.4987640580835753
0.0
0.7641201850643524
0.0
0.0
0.5276003266732531
0.0
0.2826702186345309
0.7485202616033058
0.9823542763850845
0.0
0.04513591410263515
0.15188732384594592
0.6211101903218686
0.0
0.1215359369128806
0.0
0.0
0.0
0.5339790045530253
0.6199961814397618
0.0
0.0
0.9907050259386413
0.0
0.0
0.10065008729558163
0.0
0.0
0.09300822916505057
0.0
0.0
0.0
0.6137163310608594
0.0
0.0
0.0
0.0
0.36335864618059016
0.8303551627816719
0.9414508220080741
0.0
0.29624236345370464
0.0
0.22759100136260965
0.0
0.0
0.0
0.8973060714641087
0.0
0.8840771375723783
0.0
0.0
0.0
0.0
0.2736075340977569
0.0
0.3289647181052008
0.0
0.0
0.0
0.6867310328871686
0.0
0.7714248904574955
0.0
0.9914429446979474
0.10119900150583085
0.7702007497341039
0.003147826745874184
0.0
0.0
0.0
0.0
0.0
0.0
0.0
0.0
0.0
0.03822249878148448
0.0
0.496638219029516
0.43022350373437523
0.7715829560032115
0.0
0.0
0.7516525269827133
0.0
0.2241827650742426
0.0
0.0
0.0
0.03555748641033733
0.0
0.0
0.0
0.0
0.0
0.14831992583713874
0.0
0.0075041874491377225
0.744862128589886
0.0
0.35664836598215827
0.8630460909872385
0.0
0.9999643268894577
0.7603352588055646
0.33277055109010983
0.0
0.8663052005683359
0.0
0.0
0.0
0.05789463824660348
0.8952761939997913
0.0
0.0
0.346502068299373
0.025118417277517437
0.5951600218562634
0.0
0.13742411021334688
0.4772359887968237
0.0
0.7696778307556033
0.7436411522091078
0.8493906884432193
0.20423647440161047
0.0
0.09956788027217134
0.0
0.4151048384639866
0.0
0.0
0.0
0.9957410088413089
0.2954861517728343
0.0
0.9542964481987137
0.18689691727994504
0.0
0.0
0.0
0.0
0.8365689163569376
0.2947755793826849
0.12142695452861067
0.689457329413093
0.0
0.0
0.5421348176123815
0.0
0.8694074300686112
0.0
0.0
0.28436972786085535
0.0
0.18857772688488889
0.8991332307245932
0.0
0.0
0.0
0.41706441205864564
0.987437755931358
0.0
0.0
0.0
0.5552202268014913
0.0
0.0
0.5642802292913057
0.0
0.0
0.0
0.0
0.0
0.0
0.0
0.08843001516076722
0.0
0.049418021906275325
0.0
0.9410342342117453
0.648120887407627
0.0
0.9164339394844498
0.0
0.0
0.0
0.0
0.0
0.0
0.0
0.4468234126578036
0.0
0.0
0.0351706501660431
0.9138143869885873
0.0
0.0
0.7280365031755259
0.7290197389413222
0.3548616088683597
0.13873040556066707
0.04756662494077811
0.0
0.0
0.0
0.0
0.19208493185083028
0.2007625716352465
0.2326382991505554
0.9629414686377465
0.43786956956231926
0.0
0.0
0.0
0.418612032971643
0.0
0.0
0.2172017696057251
0.0
0.0
0.0
0.508332961541912
0.6200088800239567
0.0
0.0
0.7801617166892147
0.0
0.0
0.0
0.0
0.5346590357485843
0.16560298220584616
0.9822758160720065
0.0
0.0
0.0
0.0
0.0
0.5079875365539641
0.0
0.9193961507273959
0.0
0.0
0.27263182311081335
0.0
0.9771188962099472
0.0
0.0
0.6224013377479626
0.0
0.4141222669306843
0.7389064779210011
0.7252936142576165
0.0
0.15709645842185277
0.0
0.007146936570855172
0.0
0.0
0.0
0.4359886535078724
0.0
0.0
0.0
0.0
0.0
0.0
0.8616820417684763
0.0
0.0
0.38886414699731026
0.0
0.0
0.7780322807273109
0.0
0.0
0.0
0.1830218360544061
0.0
0.6331476072633797
0.0
0.32333170063794636
0.0
0.10678877859680039
0.0
0.6490528897857551
0.620698868225317
0.6593410380213574
0.0
0.36847106313916633
0.9414035522146721
0.13320714264355554
0.5589107423891722
0.0
0.3187162867075956
0.0
0.0
0.0
0.9266596203671342
0.0
0.06549568229736794
0.0
0.0
0.18181775682900927
0.5325019223888889
0.4347569072359874
0.5580043752371234
0.0
0.0
0.2599380481809212
0.0
0.9409757641657309
0.0
0.7092600119335504
0.14619831186439575
0.0
0.24558744117037526
0.7238928624668385
0.7154897629250517
0.7321014413414778
0.4848716000231754
0.0
0.4766941306615721
0.4357933752861217
0.7835046916801579
0.9857426634992676
0.0
0.0
0.087039099531101
0.21590725116357304
0.6626056214414623
0.503700218208797
0.9335820369728893
0.0
0.0
0.35441808155997323
0.0
0.5220944644087502
0.16307346963307673
0.0
0.0
0.7519578836192845
0.440955076183277
0.7233653551807012
0.5174977842632174
0.0
0.9927769269790379
0.0
0.0
0.9563290137787989
0.0
0.0
0.8258547882897848
0.0
0.4469227036220147
0.5776124130366874
0.0
0.04098455008313846
0.8093770285753916
0.5654147390740959
0.8873576812473523
0.21085313455450203
0.639404364546539
0.3326831465125387
0.728077945286786
0.0
0.5611803719861495
0.30174611055131456
0.0
0.0
0.0
0.0
0.0
0.5383692436831813
0.14302542195203427
0.0
0.7329310797627294
0.6933745594315267
0.0
0.9658647234183065
0.0
0.2506900373835025
0.9748180492095844
0.0
0.0
0.16400348745707446
0.0
0.0
0.1596025088826717
0.0
0.6718807192189018
0.1462186743152266
0.0
0.6063219896671593
0.0
0.13392665940942022
0.0
0.0
0.0
0.0
0.0
0.9625582812348092
0.0
0.0
0.0
0.0
0.6599047041641363
0.31069236735073813
0.8171361011491646
0.28232857988836535
0.6148729186914839
0.3017642153239227
0.944074179302885
0.0
0.18568444889187505
0.0
0.07385200618702967
0.0
0.0
0.18651272822237555
0.35893837837317566
0.9673303237338543
0.19195565225936984
0.0
0.0
0.5917721404340712
0.2246017308557485
0.0
0.0
0.48339290371114507
0.6184459408947268
0.6430493950228215
0.0
0.9111363034909082
0.0
0.9562773905278639
0.0
0.13606895829274326
0.40474966602192713
0.6840242764585982
0.0
0.0
0.0
0.20405570622459787
0.6522572492964744
0.0
0.6401264542682553
0.920001675159773
0.0
0.8807091559193709
0.0655989296647586
0.14717848445509052
0.9635754067848378
0.0
0.4995340461084612
0.0
0.0
0.0
0.0
0.9516671911734276
0.0
0.8208528680336421
0.0
0.1612593854803456
0.0
0.4545889981724966
0.0
0.0
0.6845395654183253
0.0
0.0
0.0
0.6008718870315624
0.645303330906465
0.0
0.7168682737006933
0.0
0.0
0.0
0.5812708791849918
0.0
0.3343866438101137
0.5755283355663738
0.0
0.0
0.0
0.0
0.0
0.0
0.09753594015839577
0.8774345404800742
0.0
0.4647097131388988
0.0
0.677132875449575
0.0
0.8617326794892954
0.9820988742713523
0.0
0.0
0.37154485194742787
0.0
0.0
0.0
0.0
0.8840975854526516
0.9542979263380377
0.9240382875763107
0.0
0.9508417287239985
0.9308427567671317
0.18544709030103126
0.7126454275713043
0.529825113272939
0.5755478700854729
0.2975954569833078
0.9657613622029365
0.0
0.8427057362306016
0.0
0.0
0.015921198268095356
0.4152658439272416
0.3140706651314359
0.38343732455505974
0.0
0.0
0.0
0.23853598576305335
0.0
0.0
0.562479323510822
0.0
0.30184523370353755
0.041357816397227756
0.31593580776760555
0.06058402010868654
0.0
0.28685761695039297
0.0
0.0
0.0
0.0
0.0
0.0
0.0
0.3758093460394648
0.8468645282329613
0.06704815374927621
0.1298607324856677
0.0
0.0
0.0
0.0
0.0
0.5459512764322701
0.0
0.0
0.8348053231430316
0.14876991165902576
0.0
0.9533194398925431
0.0
0.0
0.0
0.35193558903939987
0.0
0.0
0.0
0.0
0.34499861364124174
0.986376261322541
0.0
0.0
0.0
0.817454089380978
0.0
0.9434253046782476
0.0
0.2542145527932726
0.0
0.0
0.0
0.1796812072774615
0.0
0.6584401090797635
0.0
0.9107068955360154
0.0
0.0
0.0
0.0
0.0
0.0
0.0
0.0
0.9207725327290988
0.5752874799999129
0.0
0.0
0.0
0.04626056363916134
0.41720328810264956
0.0
0.0
0.21749926938813868
0.0
0.0
0.0
0.4348451286541575
0.0
0.0
0.0
0.0
0.0
0.0
0.6220332118336694
0.0
0.49760711725393025
0.0
0.016875459032587574
0.0
0.48815611243022444
0.0
0.0
0.0
0.1794001925872298
0.0
0.0
0.0
0.11559755250781092
0.7291624303785056
0.7641690753067768
0.0
0.8925007707453395
0.34334629963774793
0.0
0.20888154803201234
0.0
0.040948066794813644
0.0
0.0
0.0
0.7028960078631273
0.0
0.24178771196949822
0.1929366361099851
0.8125797291718101
0.7073809567359128
0.9102664370302114
0.7625803836362786
0.08752576926572855
0.0
0.03472197524157053
0.6595046682151176
0.0
0.33388970237472804
0.0
0.0
0.0
0.6983741377978055
0.08577022521638714
0.0
0.43720006307735976
0.3064431460726931
0.0
0.36246149044168874
0.0
0.4631148036342621
0.7506575161063495
0.0
0.0
0.9004296231249751
0.0
0.9748358453427123
0.32951393840179005
0.2989547200778761
0.0
0.4598453255205522
0.0
0.7309698090651466
0.0
0.0
0.0
0.16973121941659886
0.0
0.0
0.0
0.0
0.3656892494589988
0.9678758476310596
0.0
0.7796155143813068
0.0
0.0984998269144356
0.42410858569243515
0.17515224986161118
0.7897771999528885
0.0
0.0
0.6949325016260163
0.0867392669828338
0.0
0.0
0.0
0.0
0.0
0.5027673468322877
0.0
0.0
0.0
0.0
0.0
0.3890941946666015
0.31991177950620764
0.2963688178318462
0.0
0.5989791209785134
0.8701426500939884
0.0
0.33536999900510767
0.47575555130665476
0.39588923639372803
0.0
0.0
0.521188899720022
0.0
0.778696843870421
0.30790918329444283
0.0
0.0
0.27190822189112873
0.0
0.9604488751383364
0.0
0.0
0.7041313738783287
0.19801779996749558
0.0
0.1631856393815708
0.0
0.656660666093746
0.9332338058920111
0.0
0.0
0.0
0.0
0.7841401405669525
0.689965170844461
0.6225459081001508
0.0
0.0
0.15042359852799625
0.0
0.15299381697591669
0.0
0.9209014355445214
0.8641732595350056
0.9554149109355445
0.0
0.4223322842512993
0.0
0.0
0.0
0.0
0.0
0.22509152772280966
0.6394944308762657
0.4403703903608186
0.0
0.0
0.0
0.0
0.9212226447070494
0.0
0.0
0.8360479291513326
0.03551446044214016
0.31474372884392715
0.9739603506099254
0.5775981423392063
0.0568971720415957
0.9197181726252065
0.3467161311084266
0.0
0.0033579291412249076
0.0
0.38722736009780306
0.0
0.12564340892195153
0.0
0.0
0.3927581837466401
0.0
0.7102935465357944
0.4178298275972796
0.0
0.8004215637642368
0.0
0.0
0.0
0.0
0.8684160859781916
0.0
0.0
0.5215464896663373
0.16850113552362495
0.0
0.0
0.27474230441553316
0.0
0.7305627423279231
0.0
0.23037605913471082
0.0
0.0
0.35057555714390004
0.0
0.0
0.6632970193268625
0.44513854203249464
0.0
0.0
0.0
0.0
0.0
0.0
0.0
0.0
0.8952000876849758
0.0
0.0
0.0
0.0
0.0
0.9715471291095436
0.13776594341852283
0.0
0.2894599663135859
0.020142645123249498
0.0
0.0
0.8817268895177195
0.0
0.2527628536040542
0.0
0.0
0.20198098402273765
0.0
0.0
0.5049101277193558
0.0
0.0
0.0
0.0
0.031849371808929924
0.0
0.9798744576124542
0.0
0.7533113753824605
0.6858426523576377
0.8554248541980525
0.0
0.0
0.49987052162087464
0.6269969669942346
0.8339926694055917
0.0
0.42292197035120027
0.0
0.6885727593220932
0.0
0.0
0.6458868284610809
0.0
0.0
0.0
0.9575756307638735
0.41468394136192105
0.0
0.9765948691638972
0.4139068313138214
0.74719767362965
0.6192294516643633
0.0
0.4619302525448658
0.0
0.0
0.6831795463069971
0.0
0.7006024012058132
0.8400515504745656
0.0
0.0
0.0
0.884442252438237
0.30064139348693136
0.026923361472222476
0.0
0.3755188055748553
0.0
0.0
0.0
0.0
0.0
0.7872023009761677
0.0
0.0
0.18867396398422276
0.14966102211482343
0.5056966085194238
0.0
0.0
0.0
0.4805976777794939
0.0
0.49738594467920766
0.49452773771853537
0.7840314219140208
0.0
0.5593277400232867
0.0
0.2173556289297184
0.30353657901203646
0.0
0.10851812230522544
0.0
0.0
0.7513078551435421
0.30844299414151555
0.0
0.0
0.5594080084115052
0.0
0.9283945907504553
0.0
0.05348981237795533
0.0
0.0
0.47963261301398163
0.6817752375561055
0.35268100195558644
0.0
0.0
0.6505338278803191
0.0
2.0901763078225684E-4
0.0
0.30237014278704144
0.0
0.5820334440800349
0.0
0.0
0.7283226944668519
0.0
0.2904512841643013
0.0
0.0
0.7326204322965801
0.28341985996334296
0.32942980080854894
0.0
0.0
0.8782293610505434
0.7650120145954509
0.5507781913832505
0.8599776433840467
0.2777058735720572
0.0
0.6886250404044334
0.0
0.8747194735838341
0.0
0.7419464211896806
0.72227415012142
0.0
0.0
0.9997886944696084
0.4803111041425765
0.5873910096672599
0.878762419034492
0.0
0.0
0.0
0.0
0.0
0.0
0.0
0.6803995465155296
0.0
0.3688848940056668
0.0
0.5369817263661454
0.0
0.0
0.8910826557125416
0.0
0.7049866735913042
0.0
0.8049420893162683
0.18025090686755704
0.9099611885279011
0.0
0.0
0.0
0.3456909228397937
0.0
0.5556177958842197
0.7397933258204801
0.0
0.0
0.0
0.0
0.0
0.5741475251367781
0.40416377265278614
0.0
0.9445400706471428
0.4180089674941313
0.0
0.7523411982505491
0.0
0.9620104554476322
0.981464569024381
0.2591283574578243
0.0
0.0
0.47889974674471875
0.7759516002464083
0.09573024760325839
0.0
0.49606417481563697
0.06916774286043681
0.0
0.0
0.9869171173761959
0.7377424280239603
0.0
0.0
0.0
0.6666097588049642
0.0
0.0
0.0
0.7766643544157793
0.0
0.0
0.020874046100084934
0.5907437575859059
0.3436839773190631
0.0
0.0
0.0
0.0
0.44143389546778783
0.2890744800081041
0.0
0.042471763061566734
0.9746739874975928
0.5282595340029361
0.27280581129793646
0.0
0.0
0.8024738782845635
0.45083149800085587
0.239958327113039
0.0
0.6461039537083739
0.03499191465379409
0.0
0.0
0.0
0.8231819631058598
0.10392143616672654
0.8623109606631743
0.0
0.0
0.0
0.6782938671689377
0.023173673806387414
0.0
0.0
0.0
0.0
0.0
0.0
0.14259113582375907
0.9397303279054322
0.356769308432057
0.0
0.0
0.666446298414716
0.0
0.044193504717444126
0.0
0.3442367708837888
0.9769082650909148
0.0
0.04036478883123851
0.2948760258266584
0.801591972516788
0.0
0.82154437885844
0.3729283224729907
0.0
0.0
0.2626363452340751
0.0
0.2808976073210453
0.0
0.0
0.13001087838622918
0.43042251884783495
0.0
0.0
0.0
0.0
0.0
0.0
0.6339516049558003
0.47471112467258203
0.3485526483510235
0.0
0.024838475173042565
0.16314003896446885
0.13803198029506664
0.0
0.5635127347235953
0.1768196820044134
0.0
0.0
0.0
0.0
0.0
0.0
0.09321085638186641
0.04161142570907433
0.3835692704855288
0.0
0.7400612151105224
0.3000048726572639
0.0
0.0
0.6694197691399506
0.9871676909012121
0.2224552836449359
0.9994575393020624
0.3620460431950962
0.2542636372736346
0.0
0.0
0.1950592640659306
0.0
0.15073096685137752
0.0
0.69117573223357
0.7210041910735443
0.0
0.0
0.9387992522303441
0.9911010336298637
0.2505907151076215
0.362429462938982
0.19724591407207226
0.04575832478972842
0.216193532476179
0.0
0.6547346357318694
0.3681351320539185
0.0
0.35682712094300556
0.03145291813303575
0.0
0.0
0.893319328836769
0.0
0.9562747149674055
0.20096507626241544
0.0
0.0
0.0
0.0
0.0
0.37747052829015043
0.4950066022817604
0.0
0.2503584402196421
0.0
0.06817871231241175
0.5221372340842877
0.8404562740771595
0.2940107978144038
0.261218543480519
0.3314665873061181
0.5868621296118647
0.0
0.0
0.0
0.0
0.0361281893556201
0.0
0.0
0.0
0.6541324442283969
0.22030523998087648
0.0
0.21651825319416548
0.8930525627530107
0.229065124948654
0.8394063701657938
0.7527080500339415
0.0
0.0
0.9797340882986258
0.0
0.0
0.0
0.7096826455093181
0.6648705011803715
0.0
0.0
0.0
0.345989154055888
0.0
0.5736841730862237
0.0
0.0
0.26217526536054175
0.8093366600018285
0.0880977023584954
0.9488286798163685
0.5956140593134978
0.38990677433761234
0.0
0.6171022495345159
0.6331642441725412
0.07353878689873089
0.0
0.0
0.0
0.0
0.49747821454778035
0.5488343063203451
0.0
0.9793093178491921
0.8112633022557684
0.0
0.9689653835599444
0.7251591676623441
0.03896748245118396
0.02568848837544449
0.0
0.0
0.0
0.2294055853025505
0.0
0.12392662864565951
0.46560688890618623
0.0
0.7509120837974315
0.0
0.0
0.0
0.312129037223719
0.9537158151196587
0.0955631187255134
0.0
0.4847855804102932
0.0
0.0
0.0
0.9922703387380551
0.0
0.18048253190158833
0.0
0.0
0.0
0.0
0.08554081147259883
0.8432670273677673
0.0
0.0
0.0
0.0
0.3958433472206153
0.0
0.0
0.7119820410364268
0.009400974030651328
0.4946946290617489
0.2557716071237836
0.9074464553357996
0.0
0.922320094976306
0.0
0.0
0.0
0.0
0.0
0.0
0.04439761687229402
0.9461814677208608
0.0
0.7512297447935835
0.0
0.9830777578530985
0.0
0.0
0.0
0.24758704744810653
0.8847435085447728
0.9848359798828353
0.8214783711108989
0.04275127626215235
0.0
0.0
0.6480166620285076
0.0
0.0
0.2973704574973784
0.9239847008600299
0.10897610162758711
0.0
0.5248120124589895
0.0
0.8650285841611958
0.0
0.0
0.0
0.0
0.7563611719710674
0.0
0.0
0.8641026140201992
0.11017631806768578
0.0
0.0
0.8963429769503897
0.0
0.9167703211521182
0.0
0.0
0.0
0.0
0.1023319521647755
