0.6140938800896837
0.0
0.0
0.0
0.0
0.8174602331288988
0.0
0.7898403203082782
0.23683965660277587
0.42117472209221796
0.0
0.8150405390448928
0.2568267976910479
0.8574545428646284
0.0
0.22032949641691246
0.0
0.6256489718274775
0.0
0.4662219237722175
0.0
0.6257566854557852
0.0
0.0
0.1343679886697458
0.0
0.0
0.49965460149059304
0.0
0.03360926679311894
0.7752667782660706
0.0
0.0
0.8010552870712223
0.7348309001891705
0.0
0.0
0.0
0.10278515763862814
0.0
0.6409690003097777
0.5257590921357493
0.0
0.0
0.4275822821933188
0.30341245097133085
0.21112761099488334
0.0
0.0
0.2726866260224091
0.0
0.0
0.2635302353223105
0.0
0.12553187154998718
0.0
0.0
0.20482204100442483
0.0
0.4501309652448262
0.6532995143760064
0.0
0.3777896294621533
0.0
0.0
0.0
0.0
0.0
0.0
0.024726083861939425
0.0
0.0
0.0
0.0
0.0
0.0
0.0
0.26197312807596307
0.0
0.0
0.2850462145178924
0.709127509274373
0.967671805698765
0.0
0.46013740249120416
0.9257872072381492
0.0
0.0
0.0
0.0
0.016040876747508103
0.0
0.0
0.5337063808401005
0.7878524190395997
0.0
0.6249946211146336
0.84251517950912
0.0
0.0
0.4346335875510447
0.0
0.3515258913027018
0.0
0.018749303617168887
0.0
0.0
0.0
0.0
0.0
0.7021914270998679
0.0
0.25826805411720033
0.0
0.0
0.8086630406247151
0.4261379894267677
0.0
0.0
0.0
0.0
0.9255835950187373
0.0
0.0
0.8448613979591442
0.0
0.7028436043879907
0.0
0.0
0.0
0.7583122561118139
0.2593508236083514
0.0
0.18528262982866567
0.0
0.0
0.0
0.0
0.0
0.0
0.934738765421066
0.35561206103327436
0.8876325554540331
0.0
0.0
0.0
0.0
0.0
0.0
0.8910861604034132
0.7465623941640753
0.0
0.5875772957563574
0.0
0.008155223105158293
0.0
0.0
0.14450902416464967
0.26960901409085575
0.0
0.0
0.20791019529106614
0.030840068454431557
0.0
0.0
0.38024727695663607
0.3156192871536749
0.0
0.6375955430957199
0.0
0.0
0.0
0.0
0.9068314038174176
0.0
0.0
0.0
0.46556691296977215
0.0
0.0
0.0
0.39523815268752377
0.6984669367113705
0.0
0.0
0.0
0.0
0.6315717121716242
0.7886218222140013
0.7618476101522339
0.46511367161889144
0.2725030666833701
0.0
0.0
0.5676773709556164
0.9232355370755546
0.0
0.4303525213994524
0.0
0.258010170708395
0.0710662494386308
0.0
0.0
0.0
0.0
0.7218768289355254
0.0
0.8359324677270553
0.22146509442653237
0.005062240773483383
0.0
0.2264945469830927
0.0
0.6737291126821006
0.0
0.8869841384649162
0.5837279337248465
0.22913869286593513
0.0
0.0
0.029268007788970644
0.0
0.5721658468467506
0.2686287887353434
0.0
0.0
0.31067536382687705
0.0
0.7008496547414346
0.5844953441147592
0.9501935428263218
0.0
0.0
0.1004080071296804
0.11405836673225714
0.0
0.0
0.0
0.0
0.0
0.0
0.0
0.0
0.0
0.5052636124169573
0.14299246404002616
0.0
0.2871150455751134
0.6396314321888471
0.0
0.0
0.26660409266770974
0.0
0.2172513015192328
0.0
0.0
0.0
0.0
0.0
0.002971962084791035
0.5407017894101229
0.19047421815273605
0.0
0.0
0.033536479186869424
0.8940269572177852
0.0
0.7425825151784146
0.0
0.0
0.0
0.0
0.21997136250067892
0.0
0.0
0.9306044231616053
0.0
0.12278706898195325
0.0
0.0
0.0
0.0
0.11524591383660643
0.0
0.40376014811617206
0.5450507534348209
0.29567673959561674
0.8041402493829086
0.1163086435097
0.6880404970015291
0.0
0.0
0.0
0.0
0.0
0.0
0.606777453219975
0.4675917465079613
0.0
0.009134228849229683
0.11585397061067428
0.0
0.010769053344695146
0.23599344880511283
0.37560466540274656
0.09098333024074037
0.0
0.4439775764229875
0.05452920555073776
0.7629482434970094
0.009871352129772906
0.0
0.0
0.0
0.3113676231953188
0.19929409864891431
0.7694722245428471
0.8250405193257796
0.1277596631212402
0.6345115914999245
0.0
0.8632618495198777
0.05854876926026754
0.0
0.8824806816403227
0.0
0.3879172321386416
0.0
0.33668712290757147
0.0
0.0
0.0
0.9013464355857651
0.8715467577534985
0.12967476087680732
0.0
0.7458490932149772
0.0
0.0
0.0
0.4808733529424604
0.0
0.0
0.0
0.35339344074492884
0.0
0.2745649218102596
0.7928245861533286
0.09447418083330636
0.24965077909350533
0.0
0.0
0.0
0.0
0.41126070703965245
0.19426975084497689
0.21720119052818068
0.12518096908263604
0.0
0.8863788054791202
0.6759388601937046
0.0
0.6705252199169549
0.0
0.0
0.0
0.0
0.0
0.0
0.8337031593644545
0.0
0.22814364051270436
0.9160963810075731
0.0
0.0
0.025118605564530105
0.6811790401320738
0.0
0.0
0.5100173577087145
0.0
0.0012176680600250135
0.0
0.5367711599187007
0.8855592879935748
0.0
0.5461696350094212
0.07893123087599849
0.7075999740302097
0.0
0.33948519541552763
0.8027434247274802
0.0
0.8533907543469942
0.010538993137993552
0.6060959971235984
0.009674303607108586
0.22101708086361857
0.48770943945064876
0.0
0.836887475747557
0.5954032496655411
0.7115288731318825
0.6397798391126287
0.0
0.0
0.16391250720612283
0.8278362388703007
0.0
0.0
0.061056207039100405
0.7704750547105301
0.0
0.48447251506090705
0.4561356562691526
0.0
0.0
0.880043306310987
0.6636488123814989
0.0
0.0
0.16393399723258956
0.0
0.0
0.7600192394552454
0.757975425500171
0.5125550869734203
0.0
0.0
0.0
0.2928567796362699
0.0
0.9100835335837456
0.9475824367585821
0.8610209607804555
0.0563282476634278
0.29348761777479926
0.0
0.0805113488632087
0.0
0.0
0.0
0.0
0.012681594402084091
0.2757866699457014
0.0
0.0
0.0
0.0
0.6096641396914724
0.0
0.005063539127357602
0.0
0.6009901980926308
0.0
0.0
0.5179754258625765
0.387925166851022
0.0
0.0
0.0
0.0
0.24172819141117968
0.9021569693199226
0.0
0.0
0.4882302690578678
0.0
0.45140378859911046
0.0
0.0
0.8889236365324488
0.45148105131212746
0.14432878663800483
0.0
0.0
0.6949614611888549
0.40357629105252646
0.807459157118434
0.0
0.0
0.0
0.0
0.0
0.12377403639195321
0.7583558593859427
0.0
0.04630370589219764
0.6892664992956395
0.0
0.0
0.6608803476745364
0.0
0.4391883649732113
0.0
0.8073417209552247
0.6529912774148924
0.20881261468323567
0.18933900653835717
0.0
0.0
0.0
0.0
0.0
0.0
0.7281842368076702
0.8347250057108689
0.0
0.0
0.06722346452583741
0.0
0.0
0.14002458970399514
0.0
0.0
0.0
0.9377895833846823
0.761895897298544
0.0
0.9358223219192802
0.0
0.37338581276186616
0.19028287497612556
0.0
0.35292477217584817
0.0
0.0
0.8112498734722771
0.0
0.0
0.0
0.1192508774965568
0.0
0.0
0.0
0.28702531381189755
0.9405063310146519
0.0
0.5871958945412387
0.0031055898179166855
0.0
0.7624094264142014
0.0
0.0
0.0
0.9155012053068756
0.0
0.0
0.4344526860317563
0.0
0.0
0.12466507204964247
0.0
0.5922925427682207
0.7146036597895947
0.011147785677213905
0.1764034867101057
0.0
0.0
0.0
0.0
0.0
0.0
0.08480106504756987
0.0
0.883996189136452
0.0
0.5456960389296325
0.0
0.22705999645317862
0.0
0.0
0.0
0.0
0.9115052422939065
0.0
0.33490426608990237
0.0
0.0
0.0
0.0
0.38682062565549913
0.0
0.0
0.0
0.0
0.0
0.2814403686045737
0.0
0.0
0.39956840849594677
0.0
0.0
0.0
0.791842517855884
0.0
0.0
0.00979563889259217
0.0
0.4286369565309056
0.3835642186951986
0.0
0.7494960127279623
0.0
0.0
0.6724410719097257
0.9029546674250059
0.0
0.34015808780479106
0.0
0.5163381346302787
0.0
0.0
0.0
0.7236453401064484
0.7509462318670622
0.0
0.0
0.6160026149498209
0.0
0.0
0.0
0.8279106580081587
0.048353531556742144
0.0
0.04028659338378756
0.7315765754387082
0.0
0.12285009027562892
0.0
0.0
0.0
0.0
0.2791773846237913
0.7901844036623041
0.0
0.0
0.0
0.885812402468641
0.0
0.5747498734662755
0.0
0.0
0.0
0.05942909019340932
0.0
0.8670573359827571
0.0
0.0
0.0
0.6723996445270866
0.0
0.0
0.0
0.31442763323509204
0.06828799001652966
0.0
0.29754345149828254
0.0
0.3668798530064194
0.0
0.0
0.0
0.0
0.0
0.0
0.0
0.25759956850467924
0.09745477820835795
0.7157092808013911
0.5250553860959989
0.0
0.5967554559176877
0.0
0.0
0.14059427143751246
0.8640425333716558
0.6799097647619141
0.1306219467878888
0.0
0.0
0.0
0.0
0.0
0.0
0.7858694448945782
0.07270215920399975
0.7751133705719209
0.0
0.20032703028629045
0.0
0.0
0.0
0.648294969323984
0.0
0.38375747042432135
0.6157313737510286
0.699640084325687
0.3524878892152237
0.0
0.9177788231501984
0.4807707394282987
0.0
0.7470017852599097
0.0
0.0
0.0
0.0
0.3536047083689842
0.7206835701071509
0.7847799877596991
0.0
0.0
0.234451905201926
0.49663259433373347
0.0
0.49496747429776805
0.44773296221792813
0.0
0.0
0.0
0.0
0.0
0.5019283736048771
0.5971399794151534
0.0
0.0
0.0
0.0
0.0
0.0
0.07613305834592086
0.43797494308039764
0.12826369108972555
0.0
0.0
0.3702882491611936
0.0
0.0
0.5786936613549107
0.0
0.0
0.0
0.9656106957361505
0.0
0.0
0.0
0.0
0.22726225825563126
0.6997280826822685
0.8179728676062341
0.0
0.6119509925289662
0.0
0.13092576458125965
0.0
0.0
0.7676803211660561
0.0
0.6821630439437855
0.7352172691019523
0.30964516473394577
0.8412724502086234
0.6210074464503188
0.0
0.0
0.7348434981574345
0.0
0.39723261286888917
0.7562851680349817
0.5576961362654628
0.0
0.0
0.8278294352695775
0.23983685203530664
0.9822333182722786
0.0
0.0
0.7980303013369108
0.687666578512308
0.0
0.2915995547502907
0.0
0.4437781132305856
0.0
0.31759396059069867
0.0
0.0
0.39986299487527294
0.0
0.0
0.0
0.6832060571193904
0.0
0.0
0.0
0.838155404670717
0.0
0.0
0.880420906982231
0.5209057059810551
0.0
0.0
0.0
0.0
0.6777480226773636
0.0
0.20207496356662444
0.761695447510867
0.6007702055211555
0.0
0.0
0.0
0.0
0.0
0.0
0.0
0.19737787219290362
0.0
0.0
0.0
0.5818648247527562
0.8672801217280109
0.0
0.0
0.0
0.845087671568844
0.0
0.0
0.0
0.7881437737524081
0.9818359651132379
0.0
0.0
0.0
0.0
0.0
0.0
0.0
0.0
0.5075773708848206
0.0
0.0
0.0
0.7270931475802944
0.7474162352445871
0.0
0.0
0.0
0.20661431726288565
0.0
0.5799689313670299
0.0
0.0
0.0
0.0
0.1898529945043771
0.45675691789626083
0.0
0.0
0.0
0.0
0.42743732573793447
0.0
0.4012871867549143
0.0
0.3178103054497095
0.0
0.0
0.0
0.0
0.5653710838468843
0.0
0.9692913247199104
0.015560303343470226
0.5331894332074862
0.7797079431211711
0.0
0.29090679497438565
0.0
0.0
0.7850095473388372
0.4192847126952833
0.0
0.08354186789003303
0.0
0.4588366239437461
0.292656256184116
0.4926164895696752
0.5513195491029359
0.0
0.7936157255153959
0.0
0.0
0.0
0.0
0.0
0.0
0.0
0.8567254170640066
0.0
0.5835422174584065
0.0
0.0
0.668059344508539
0.7048145154074643
0.24172082879478612
0.0
0.49160720629923904
0.053011514068815116
0.0
0.9782033215863162
0.024341133717322445
0.22378791514778495
0.0
0.0
0.0
0.8638146255065382
0.641989414727157
0.0
0.5102384421309317
0.5568889726234799
0.0
0.5369190263628236
0.44617173038325336
0.4105448346100974
0.0
0.16376772996279573
0.46658178989790644
0.8228973774547818
0.0
0.4040212149273759
0.8825683325091722
0.0
0.4690344640184021
0.0
0.0
0.050023943246966976
0.8552348496117232
0.36823632046019983
0.0
0.38558199986510194
0.07934132529864679
0.0
0.15696303772508416
0.0
0.0
0.2845611361693043
0.0
0.0
0.0
0.0
0.20623623924094303
0.18178759078326057
0.0
0.0
0.4284863125991796
0.0
0.0
0.360376343333634
0.0
0.0
0.5658956262542174
0.5420702690524702
0.0
0.8279089958631345
0.0
0.0
0.1011542041164998
0.0
0.0
0.17399578407099928
0.826494187428332
0.0
0.0
0.0
0.0
0.0
0.0
0.0
0.0
0.493322435826779
0.9293914459081418
0.0
0.0
0.5122474369964085
0.0
0.9215795865364121
0.8772744762369191
0.0
0.0
0.0
0.0
0.0
0.5801928537585548
0.37794693146974706
0.13032708390701245
0.0
0.7921174824233648
0.11875180986313819
0.0
0.14203708307828608
0.0
0.0
0.0
0.14209066227264278
0.94120526563544
0.09475774155350021
0.03420988065143225
0.41180157416928437
0.0
0.0
0.0
0.7137630550175845
0.6872297994307212
0.5714076867181422
0.7494697957230659
0.2460839471775376
0.0
0.12486193723091608
0.0
0.24430378677743833
0.7273276302447951
0.0
0.0
0.0
0.0
0.0
0.0
0.0
0.7304598670781541
0.40970716717027683
0.9887746538520077
0.0
0.5527156256540668
0.0
0.0
0.0
0.44257108126518996
0.8410537237773277
0.9444066888199066
0.0
0.5665526124759348
0.916235728342958
0.8643508280618944
0.0
0.0
0.0
0.2717847693595106
0.0
0.0
0.11246423981693492
0.0
0.0
0.8454586105690403
0.9329932100152174
0.46083977070686577
0.0
0.17612305338770387
0.0
0.9881626546708998
0.0
0.19832411903751532
0.0
0.0
0.0
0.0
0.0
0.15259952483784583
0.0
0.056572448868672326
0.0
0.7294184660820537
0.3861045653894112
0.0
0.3225575918380143
0.0
0.0
0.0
0.0
0.0
0.0
0.0
0.0
0.0
0.851026726835791
0.0
0.5207281190581264
0.25914231794009074
0.6459576415235271
0.0
0.0
0.0
0.0
0.0
0.0
0.0
0.8924211970097469
0.0
0.19404663077263934
0.6873336257559794
0.16918770704442043
0.0
0.12738032565810853
0.0
0.0
0.4251318033038795
0.9047796923823798
0.3210650063620749
0.0
0.0
0.0
0.5607905779269016
0.0
0.9374323421902534
0.745283811260233
0.7677385215947792
0.0
0.0
0.0
0.0
0.39887040900043175
0.842453666767512
0.0
0.0
0.0
0.0
0.0
0.0
0.0
0.0
0.7584836205551223
0.0
0.7321707163134951
0.979518198991372
0.0
0.26959241916895454
0.940665821372425
0.8336946507664966
0.0
0.752833062157736
0.5082844421961602
0.30682719199346836
0.14290486387101933
0.0
0.0
0.5457862198149179
0.0
0.8472970081426928
0.7997377793656552
0.0
0.9738061800074704
0.9214046830472199
0.17164273851193823
0.0
0.0
0.43332949531024145
0.9748180492095844
0.09028097190265974
0.0
0.5322723170043424
0.0
0.0
0.757956991729166
0.0
0.0
0.8141792917222063
0.9461814677208605
0.0
0.0
0.0
0.0
0.0
0.41761535854232573
0.6356537550033882
0.0
0.4076942716749898
0.35177527261515423
0.3137578512150699
0.0
0.0
0.0
0.47197147278061274
0.0
0.0
0.0
0.0
0.0
0.0
0.41522303416607037
0.6790388027149676
0.0
0.8696796302236469
0.0
0.6296330362190762
0.17057328968119043
0.17136056768469377
0.0
0.7899234325073824
0.0
0.7186924051684518
0.5272480992129388
0.0
0.0
0.5513878411283198
0.8159624757429045
0.0
0.0
0.15507453629252374
0.0
0.0
0.8708931195947223
0.0
0.0
0.030476538440451048
0.0
0.42018621100675496
0.08966651320940956
0.5876836562309046
0.44450589528170903
0.3938562443940057
0.0
0.0
0.0
0.5816146160207726
0.17406449360345086
0.6800519301900044
0.0
0.0
0.0
0.29909648881115924
0.013006610065779559
0.0
0.0
0.819380745466712
0.803071254198654
0.9341036574048305
0.0
0.0
0.9170205999578412
0.0
0.9920924766140441
0.0
0.0
0.0
0.0
0.4758516735250972
0.5777242173131889
0.34366502375912283
0.0
0.4650683493598936
0.0
0.7437258366549553
0.6512709548041493
4.972707972680995E-4
0.36998702875016004
0.9488286798163684
0.8566481825246967
0.09931345480301146
0.0
0.7118772597843708
0.0
0.0
0.0
0.0
0.21820389524352696
0.0
0.39054104988473254
0.46025299836936745
0.656717178393692
0.0
0.0
0.6805000124783862
0.880274630165207
0.8412167361119871
0.20090805018496843
0.7049717762564254
0.44770779873536154
0.0
0.0
0.0
0.0
0.0
0.6982184599345154
0.0
0.0
0.9890770369513806
0.0
0.6645081849349547
0.3518364567499316
0.0
0.003717774908626811
0.16382300674808675
0.0
0.0
0.0
0.0
0.0
0.06909602732376942
0.0
0.0
0.0
0.8222767356086285
0.6726120461265236
0.9039460514822995
0.0
0.19112274470390592
0.0
0.0
0.6839311840878505
0.0
0.0
0.0
0.0
0.0
0.271122479740385
0.0
0.46616695828190485
0.0
0.7455867989660051
0.5664033542126315
0.0
0.0
0.8191111953570303
0.0
0.0
0.6422636376566055
0.0
0.3716099078811671
0.0
0.23185496925474344
0.0
0.0729024329287376
0.0
0.13063757681643418
0.3907513147012863
0.0
0.9953097029897702
0.0
0.0
0.6595255362387816
0.0
0.30965577937469235
0.0
0.8891331540669621
0.0
0.0
0.13000119155932463
0.9015507666755462
0.5532347536047407
0.16378701122294453
0.0
0.0
0.0
0.0
0.11247284384393459
0.0
0.0
0.5757847928029856
0.6290127516321599
0.0
0.0
0.31576188821143963
0.0
0.0
0.3745799817130663
0.0
0.43502980773276323
0.0
0.0
0.0
0.0
0.7411231803227328
0.2917039419032863
0.0
0.2820360149321899
0.0
0.0
0.0
0.23413192717714873
0.0
0.0
0.0
0.20076367384902696
0.1302325199147442
0.0
0.0
0.08403648042029985
0.0
0.7307250306710203
0.0
0.3189178142996959
0.18444458640094397
0.7570013100304582
0.29228039707899933
0.0
0.0
0.0
0.06478892532087735
0.04535918454491918
0.0
0.0
0.0
0.33722380205334046
0.31849953347854193
0.0
0.4885757067332189
0.0
0.9629414686377464
0.9550294460550676
0.9582016769784699
0.0
0.969506678271401
0.6444754623232997
0.0
0.8184056369615375
0.0
0.5357639462614046
0.5182624547199322
0.7713804189836023
0.7950645403725499
0.0
0.34317400168431533
0.0
0.0
0.7939245307213972
0.0
0.0
0.0
0.0
0.0
0.0
0.0
0.0
0.0
0.0
0.9463829569863517
0.0
0.0
0.0
0.0
0.0
0.0
0.0
0.0
0.0
0.8244741068755734
0.0
0.0
0.9675815848558162
0.8737000596496876
0.0
0.7931010145902906
0.0
0.08126892155464384
0.9384878352258295
0.0
0.5115148811442081
0.850652301326801
0.8495014132793803
0.0
0.38258066296688603
0.07595380992598719
0.0
0.0
0.0
0.5998482452973172
0.0
0.0
0.363939281473352
0.0
0.3240471077987736
0.0
0.0
0.40318549067445864
0.8823646346175144
0.49876405808357394
0.0
0.7641201850643519
0.0
0.0
0.5276003266732517
0.0
0.28267021863452896
0.7485202616033051
0.9823542763850845
0.0
0.04513591410263256
0.1518873238459436
0.6211101903218677
0.0
0.12153593691287823
0.0
0.0
0.0
0.533979004553024
0.6199961814397608
0.0
0.0
0.9907050259386413
0.0
0.0
0.1006500872955792
0.0
0.0
0.09300822916504811
0.0
0.0
0.0
0.6137163310608584
0.0
0.0
0.0
0.0
0.36335864618058844
0.8303551627816714
0.9414508220080738
0.0
0.29624236345370275
0.0
0.22759100136260757
0.0
0.0
0.0
0.8973060714641083
0.0
0.884077137572378
0.0
0.0
0.0
0.0
0.2736075340977549
0.0
0.32896471810519895
0.0
0.0
0.0
0.6867310328871677
0.0
0.771424890457495
0.0
0.9914429446979474
0.1011990015058284
0.7702007497341032
0.003147826745871484
0.0
0.0
0.0
0.0
0.0
0.0
0.0
0.0
0.0
0.03822249878148188
0.0
0.49663821902951466
0.43022350373437374
0.7715829560032109
0.0
0.0
0.7516525269827127
0.0
0.2241827650742405
0.0
0.0
0.0
0.03555748641033472
0.0
0.0
0.0
0.0
0.0
0.14831992583713643
0.0
0.0075041874491350346
0.7448621285898853
0.0
0.35664836598215655
0.8630460909872382
0.0
0.9999643268894577
0.760335258805564
0.33277055109010806
0.0
0.8663052005683356
0.0
0.0
0.0
0.05789463824660093
0.895276193999791
0.0
0.0
0.34650206829937125
0.025118417277514796
0.5951600218562623
0.0
0.13742411021334455
0.47723598879682233
0.0
0.7696778307556027
0.7436411522091071
0.8493906884432189
0.2042364744016083
0.0
0.0995678802721689
0.0
0.41510483846398505
0.0
0.0
0.0
0.9957410088413089
0.29548615177283244
0.0
0.9542964481987136
0.18689691727994284
0.0
0.0
0.0
0.0
0.8365689163569372
0.294775579382683
0.12142695452860829
0.6894573294130922
0.0
0.0
0.5421348176123802
0.0
0.8694074300686108
0.0
0.0
0.28436972786085346
0.0
0.1885777268848867
0.8991332307245928
0.0
0.0
0.0
0.41706441205864403
0.9874377559313579
0.0
0.0
0.0
0.5552202268014901
0.0
0.0
0.5642802292913045
0.0
0.0
0.0
0.0
0.0
0.0
0.0
0.08843001516076475
0.0
0.04941802190627275
0.0
0.9410342342117451
0.6481208874076261
0.0
0.9164339394844496
0.0
0.0
0.0
0.0
0.0
0.0
0.0
0.4468234126578021
0.0
0.0
0.03517065016604049
0.9138143869885871
0.0
0.0
0.7280365031755252
0.7290197389413215
0.354861608868358
0.13873040556066474
0.04756662494077553
0.0
0.0
0.0
0.0
0.1920849318508281
0.20076257163524433
0.2326382991505533
0.06675087015812134
0.4378695695623177
0.0
0.0
0.0
0.4186120329716414
0.0
0.0
0.217201769605723
0.0
0.0
0.0
0.5083329615419107
0.6200088800239557
0.0
0.0
0.7801617166892141
0.0
0.0
0.0
0.0
0.534659035748583
0.16560298220584388
0.9822758160720065
0.0
0.0
0.0
0.0
0.0
0.5079875365539628
0.0
0.9193961507273957
0.0
0.0
0.27263182311081136
0.0
0.9771188962099471
0.0
0.0
0.6224013377479616
0.0
0.41412226693068277
0.7389064779210003
0.7252936142576158
0.0
0.1570964584218505
0.0
0.007146936570852483
0.0
0.0
0.0
0.4359886535078709
0.0
0.0
0.0
0.0
0.0
0.0
0.8616820417684758
0.0
0.0
0.38886414699730865
0.0
0.0
0.7780322807273103
0.0
0.0
0.0
0.18302183605440392
0.0
0.6331476072633787
0.0
0.32333170063794453
0.0
0.10678877859679797
0.0
0.6490528897857542
0.620698868225316
0.6593410380213565
0.0
0.3684710631391646
0.9414035522146719
0.13320714264355318
0.558910742389171
0.0
0.3187162867075937
0.0
0.0
0.0
0.926659620367134
0.0
0.06549568229736541
0.0
0.0
0.18181775682900705
0.5325019223888877
0.4347569072359859
0.5580043752371222
0.0
0.0
0.2599380481809192
0.0
0.9409757641657308
0.0
0.7092600119335496
0.14619831186439344
0.0
0.2455874411703732
0.7238928624668378
0.715489762925051
0.7321014413414771
0.48487160002317403
0.0
0.4766941306615707
0.4357933752861202
0.7835046916801574
0.9857426634992676
0.0
0.0
0.08703909953109853
0.21590725116357093
0.6626056214414614
0.5037002182087955
0.9335820369728891
0.0
0.0
0.35441808155997145
0.0
0.5220944644087488
0.16307346963307445
0.0
0.0
0.7519578836192838
0.4409550761832755
0.7233653551807006
0.5174977842632161
0.0
0.9927769269790379
0.0
0.0
0.9563290137787988
0.0
0.0
0.8258547882897843
0.0
0.4469227036220132
0.5776124130366862
0.0
0.04098455008313586
0.8093770285753912
0.5654147390740947
0.8873576812473519
0.2108531345544999
0.639404364546538
0.3326831465125369
0.7280779452867854
0.0
0.5611803719861482
0.3017461105513127
0.0
0.0
0.0
0.0
0.0
0.5383692436831801
0.14302542195203197
0.0
0.7329310797627286
0.6933745594315259
0.0
0.9658647234183064
0.0
0.25069003738350043
0.0
0.0
0.0
0.16400348745707222
0.0
0.0
0.1596025088826694
0.0
0.6718807192189009
0.14621867431522426
0.0
0.6063219896671582
0.0
0.13392665940941786
0.0
0.0
0.0
0.0
0.0
0.9625582812348091
0.0
0.0
0.0
0.0
0.6599047041641354
0.31069236735073624
0.817136101149164
0.2823285798883634
0.6148729186914828
0.30176421532392084
0.9440741793028848
0.0
0.18568444889187286
0.0
0.07385200618702716
0.0
0.0
0.18651272822237336
0.35893837837317394
0.9673303237338543
0.19195565225936764
0.0
0.0
0.5917721404340701
0.2246017308557464
0.0
0.0
0.4833929037111437
0.6184459408947258
0.6430493950228205
0.0
0.9111363034909079
0.0
0.9562773905278638
0.0
0.13606895829274093
0.40474966602192547
0.6840242764585973
0.0
0.0
0.0
0.2040557062245957
0.6522572492964734
0.0
0.6401264542682543
0.9200016751597728
0.0
0.8807091559193707
0.06559892966475607
0.14717848445508822
0.9635754067848377
0.0
0.49953404610845986
0.0
0.0
0.0
0.0
0.9516671911734275
0.0
0.8208528680336417
0.0
0.16125938548034333
0.0
0.4545889981724951
0.0
0.0
0.6845395654183244
0.0
0.0
0.0
0.6008718870315612
0.6453033309064641
0.0
0.7168682737006925
0.0
0.0
0.0
0.5812708791849907
0.0
0.33438664381011185
0.5755283355663727
0.0
0.0
0.0
0.0
0.0
0.0
0.09753594015839333
0.8774345404800739
0.0
0.46470971313889736
0.0
0.6771328754495741
0.0
0.861732679489295
0.9820988742713523
0.0
0.0
0.37154485194742615
0.0
0.0
0.0
0.0
0.8840975854526513
0.9542979263380376
0.9240382875763105
0.0
0.9508417287239983
0.9308427567671315
0.18544709030102907
0.7126454275713036
0.5298251132729377
0.5755478700854717
0.29759545698330586
0.9657613622029365
0.0
0.8427057362306012
0.0
0.0
0.015921198268092688
0.41526584392724
0.31407066513143406
0.3834373245550581
0.0
0.0
0.0
0.2385359857630513
0.0
0.0
0.5624793235108208
0.0
0.30184523370353566
0.04135781639722516
0.3159358077676037
0.060584020108683995
0.0
0.286857616950391
0.0
0.0
0.0
0.0
0.0
0.0
0.0
0.3758093460394631
0.846864528232961
0.06704815374927368
0.12986073248566538
0.0
0.0
0.0
0.0
0.0
0.5459512764322689
0.0
0.0
0.8348053231430311
0.14876991165902345
0.0
0.953319439892543
0.0
0.0
0.0
0.35193558903939814
0.0
0.0
0.0
0.0
0.34499861364123996
0.986376261322541
0.0
0.0
0.0
0.8174540893809774
0.0
0.9434253046782475
0.0
0.2542145527932706
0.0
0.0
0.0
0.1796812072774593
0.0
0.6584401090797625
0.0
0.910706895536015
0.0
0.0
0.0
0.0
0.0
0.0
0.0
0.0
0.9207725327290985
0.5752874799999117
0.0
0.0
0.0
0.04626056363915875
0.417203288102648
0.0
0.0
0.21749926938813657
0.0
0.0
0.0
0.434845128654156
0.0
0.0
0.0
0.0
0.0
0.0
0.6220332118336684
0.0
0.4976071172539289
0.0
0.01687545903258491
0.0
0.48815611243022305
0.0
0.0
0.0
0.17940019258722759
0.0
0.0
0.0
0.11559755250780852
0.7291624303785048
0.7641690753067761
0.0
0.8925007707453392
0.34334629963774616
0.0
0.2088815480320102
0.0
0.04094806679481105
0.0
0.0
0.0
0.7028960078631266
0.0
0.24178771196949617
0.1929366361099829
0.8125797291718097
0.7073809567359121
0.9102664370302112
0.7625803836362779
0.08752576926572608
0.0
0.03472197524156792
0.6595046682151167
0.0
0.3338897023747262
0.0
0.0
0.0
0.6983741377978048
0.08577022521638467
0.0
0.43720006307735826
0.30644314607269124
0.0
0.362461490441687
0.0
0.46311480363426066
0.7506575161063488
0.0
0.0
0.9004296231249749
0.0
0.9748358453427122
0.3295139384017883
0.2989547200778742
0.0
0.4598453255205507
0.0
0.7309698090651459
0.0
0.0
0.0
0.1697312194165966
0.0
0.0
0.0
0.0
0.36568924945899706
0.9678758476310595
0.0
0.7796155143813063
0.0
0.09849982691443317
0.4241085856924336
0.17515224986160896
0.789777199952888
0.0
0.0
0.6949325016260154
0.08673926698283133
0.0
0.0
0.0
0.0
0.0
0.5027673468322864
0.0
0.0
0.0
0.0
0.0
0.38909419466659984
0.3199117795062058
0.2963688178318443
0.0
0.5989791209785122
0.8701426500939881
0.0
0.33536999900510583
0.4757555513066533
0.3958892363937264
0.0
0.0
0.5211888997200207
0.0
0.7786968438704205
0.30790918329444095
0.0
0.0
0.2719082218911268
0.0
0.9604488751383363
0.0
0.0
0.7041313738783279
0.1980177999674934
0.0
0.16318563938156855
0.0
0.6566606660937451
0.933233805892011
0.0
0.0
0.0
0.0
0.7841401405669519
0.6899651708444601
0.6225459081001498
0.0
0.0
0.15042359852799395
0.0
0.15299381697591438
0.0
0.9209014355445212
0.8641732595350052
0.9554149109355444
0.0
0.42233228425129776
0.0
0.0
0.0
0.0
0.0
0.22509152772280755
0.6394944308762647
0.4403703903608171
0.0
0.0
0.0
0.0
0.9212226447070492
0.0
0.0
0.8360479291513322
0.03551446044213755
0.3147437288439253
0.9739603506099254
0.5775981423392051
0.05689717204159315
0.9197181726252063
0.3467161311084248
0.0
0.0033579291412222084
0.0
0.3872273600978014
0.0
0.12564340892194917
0.0
0.0
0.3927581837466385
0.0
0.7102935465357936
0.41782982759727805
0.0
0.8004215637642362
0.0
0.0
0.0
0.0
0.8684160859781912
0.0
0.0
0.521546489666336
0.1685011355236227
0.0
0.0
0.2747423044155312
0.0
0.7305627423279223
0.0
0.23037605913470874
0.0
0.0
0.3505755571438983
0.0
0.0
0.6632970193268615
0.44513854203249315
0.0
0.0
0.0
0.0
0.0
0.0
0.0
0.0
0.8952000876849756
0.0
0.0
0.0
0.0
0.0
0.9715471291095434
0.1377659434185205
0.0
0.28945996631358395
0.020142645123246844
0.0
0.0
0.8817268895177192
0.0
0.2527628536040522
0.0
0.0
0.20198098402273548
0.0
0.0
0.5049101277193545
0.0
0.0
0.0
0.0
0.0318493718089273
0.0
0.9798744576124542
0.0
0.7533113753824598
0.685842652357637
0.855424854198052
0.0
0.0
0.49987052162087325
0.6269969669942336
0.8339926694055912
0.0
0.4229219703511987
0.0
0.6885727593220923
0.0
0.0
0.6458868284610799
0.0
0.0
0.0
0.9575756307638734
0.41468394136191944
0.0
0.976594869163897
0.4139068313138198
0.7471976736296493
0.6192294516643623
0.0
0.4619302525448643
0.0
0.0
0.6831795463069963
0.0
0.7006024012058123
0.8400515504745651
0.0
0.0
0.0
0.8844422524382367
0.3006413934869294
0.026923361472219843
0.0
0.3755188055748536
0.0
0.0
0.0
0.0
0.0
0.7872023009761672
0.0
0.0
0.18867396398422057
0.14966102211482113
0.5056966085194224
0.0
0.0
0.0
0.48059767777949247
0.0
0.49738594467920627
0.494527737718534
0.7840314219140201
0.0
0.5593277400232854
0.0
0.2173556289297163
0.30353657901203457
0.0
0.10851812230522302
0.0
0.0
0.7513078551435415
0.3084429941415137
0.0
0.0
0.559408008411504
0.0
0.928394590750455
0.0
0.05348981237795277
0.0
0.0
0.4796326130139802
0.6817752375561046
0.35268100195558466
0.0
0.0
0.6505338278803182
0.0
2.0901763077954923E-4
0.0
0.30237014278703955
0.0
0.5820334440800337
0.0
0.0
0.7283226944668512
0.0
0.2904512841642994
0.0
0.0
0.7326204322965794
0.283419859963341
0.32942980080854717
0.0
0.0
0.8782293610505431
0.7650120145954502
0.5507781913832492
0.8599776433840464
0.27770587357205523
0.0
0.6886250404044325
0.0
0.8747194735838337
0.0
0.7419464211896798
0.7222741501214193
0.0
0.0
0.9997886944696084
0.4803111041425751
0.5873910096672588
0.8787624190344917
0.0
0.0
0.0
0.0
0.0
0.0
0.0
0.6803995465155287
0.0
0.36888489400566515
0.0
0.536981726366144
0.0
0.0
0.8910826557125414
0.0
0.7049866735913034
0.0
0.8049420893162678
0.18025090686755482
0.9099611885279008
0.0
0.0
0.0
0.3456909228397919
0.0
0.5556177958842184
0.7397933258204794
0.0
0.0
0.0
0.0
0.0
0.5741475251367769
0.4041637726527845
0.0
0.9445400706471426
0.41800896749412975
0.0
0.7523411982505485
0.0
0.9620104554476321
0.981464569024381
0.2591283574578223
0.0
0.0
0.4788997467447173
0.7759516002464077
0.09573024760325595
0.0
0.49606417481563564
0.06916774286043428
0.0
0.0
0.9869171173761959
0.7377424280239596
0.0
0.0
0.0
0.6666097588049633
0.0
0.0
0.0
0.7766643544157787
0.0
0.0
0.02087404610008228
0.5907437575859048
0.3436839773190613
0.0
0.0
0.0
0.0
0.44143389546778633
0.28907448000810215
0.0
0.042471763061564145
0.9746739874975928
0.5282595340029349
0.27280581129793446
0.0
0.0
0.802473878284563
0.45083149800085437
0.23995832711303694
0.0
0.6461039537083729
0.03499191465379147
0.0
0.0
0.0
0.8231819631058593
0.10392143616672411
0.8623109606631739
0.0
0.0
0.0
0.6782938671689368
0.023173673806384767
0.0
0.0
0.0
0.0
0.0
0.0
0.14259113582375674
0.9397303279054321
0.3567693084320553
0.0
0.0
0.6664462984147151
0.0
0.04419350471744154
0.0
0.344236770883787
0.9769082650909148
0.0
0.04036478883123591
0.29487602582665645
0.8015919725167875
0.0
0.8215443788584395
0.372928322472989
0.0
0.0
0.2626363452340731
0.0
0.28089760732104335
0.0
0.0
0.13001087838622685
0.4304225188478334
0.0
0.0
0.0
0.0
0.0
0.0
0.6339516049557993
0.47471112467258064
0.3485526483510218
0.0
0.02483847517303992
0.16314003896446658
0.1380319802950643
0.0
0.5635127347235941
0.17681968200441114
0.0
0.0
0.0
0.0
0.0
0.0
0.09321085638186395
0.04161142570907173
0.38356927048552714
0.0
0.7400612151105216
0.300004872657262
0.0
0.0
0.6694197691399497
0.9871676909012121
0.22245528364493378
0.9994575393020624
0.3620460431950945
0.2542636372736326
0.0
0.0
0.19505926406592844
0.0
0.15073096685137521
0.0
0.6911757322335691
0.7210041910735435
0.0
0.0
0.9387992522303439
0.9911010336298637
0.2505907151076195
0.3624294629389802
0.1972459140720701
0.04575832478972583
0.21619353247617687
0.0
0.6547346357318685
0.3681351320539168
0.0
0.35682712094300384
0.03145291813303313
0.0
0.0
0.8933193288367687
0.0
0.9562747149674053
0.20096507626241328
0.0
0.0
0.0
0.0
0.0
0.37747052829014877
0.4950066022817591
0.0
0.2503584402196401
0.0
0.06817871231240923
0.5221372340842864
0.8404562740771591
0.2940107978144019
0.26121854348051693
0.3314665873061163
0.5868621296118636
0.0
0.0
0.0
0.0
0.036128189355617485
0.0
0.0
0.0
0.654132444228396
0.22030523998087437
0.0
0.21651825319416335
0.8930525627530105
0.22906512494865192
0.8394063701657933
0.7527080500339408
0.0
0.0
0.9797340882986258
0.0
0.0
0.0
0.7096826455093174
0.6648705011803706
0.0
0.0
0.0
0.34598915405588626
0.0
0.5736841730862225
0.0
0.0
0.26217526536053976
0.8093366600018279
0.08809770235849293
0.0
0.5956140593134966
0.3899067743376107
0.0
0.6171022495345149
0.6331642441725402
0.07353878689872839
0.0
0.0
0.0
0.0
0.49747821454777896
0.5488343063203439
0.0
0.9793093178491921
0.8112633022557679
0.0
0.9689653835599443
0.7251591676623433
0.03896748245118136
0.02568848837544185
0.0
0.0
0.0
0.2294055853025484
0.0
0.12392662864565714
0.4656068889061848
0.0
0.7509120837974307
0.0
0.0
0.0
0.31212903722371715
0.9537158151196586
0.09556311872551095
0.0
0.4847855804102918
0.0
0.0
0.0
0.992270338738055
0.0
0.1804825319015861
0.0
0.0
0.0
0.0
0.08554081147259636
0.8432670273677668
0.0
0.0
0.0
0.0
0.39584334722061365
0.0
0.0
0.711982041036426
0.009400974030648646
0.49469462906174755
0.2557716071237816
0.9074464553357994
0.0
0.9223200949763057
0.0
0.0
0.0
0.0
0.0
0.0
0.044397616872291434
0.5087708459083378
0.0
0.7512297447935828
0.0
0.9830777578530985
0.0
0.0
0.0
0.24758704744810447
0.8847435085447725
0.9848359798828353
0.8214783711108985
0.04275127626214976
0.0
0.0
0.6480166620285066
0.0
0.0
0.2973704574973765
0.9239847008600298
0.1089761016275847
0.0
0.5248120124589881
0.0
0.8650285841611954
0.0
0.0
0.0
0.0
0.7563611719710669
0.0
0.0
0.8641026140201988
0.11017631806768337
0.0
0.0
0.8963429769503893
0.0
0.916770321152118
0.0
0.0
0.0
0.0
0.10233195216477307
