0.6140938800896808
0.0
0.0
0.0
0.0
0.8174602331288975
0.0
0.7898403203082768
0.23683965660277023
0.4211747220922137
0.0
0.8150405390448914
0.2568267976910424
0.8574545428646273
0.0
0.22032949641690672
0.0
0.6256489718274747
0.0
0.46622192377221355
0.0
0.6257566854557824
0.0
0.0
0.1343679886697394
0.0
0.0
0.4996546014905894
0.0
0.0336092667931118
0.7752667782660689
0.0
0.0
0.8010552870712208
0.7348309001891685
0.0
0.0
0.0
0.1027851576386215
0.0
0.640969000309775
0.5257590921357458
0.0
0.0
0.42758228219331457
0.30341245097132574
0.2111276109948775
0.0
0.0
0.27268662602240373
0.0
0.0
0.2635302353223051
0.0
0.12553187154998074
0.0
0.0
0.20482204100441895
0.0
0.4501309652448221
0.6532995143760039
0.0
0.37778962946214867
0.0
0.0
0.0
0.0
0.0
0.0
0.02472608386193222
0.0
0.0
0.0
0.0
0.0
0.0
0.0
0.26197312807595763
0.0
0.0
0.28504621451788714
0.7091275092743707
0.9676718056987648
0.0
0.46013740249120016
0.9257872072381487
0.0
0.0
0.0
0.0
0.016040876747500835
0.0
0.0
0.533706380840097
0.7878524190395981
0.0
0.6249946211146308
0.8425151795091188
0.0
0.0
0.4346335875510405
0.0
0.351525891302697
0.0
0.01874930361716164
0.0
0.0
0.0
0.0
0.0
0.7021914270998657
0.0
0.25826805411719483
0.0
0.0
0.8086630406247136
0.4261379894267635
0.0
0.0
0.0
0.0
0.9255835950187368
0.0
0.0
0.844861397959143
0.0
0.7028436043879884
0.0
0.0
0.0
0.7583122561118121
0.2593508236083459
0.0
0.18528262982865965
0.0
0.0
0.0
0.0
0.0
0.0
0.9347387654210656
0.3556120610332696
0.8876325554540323
0.0
0.0
0.0
0.0
0.0
0.0
0.8910861604034124
0.7465623941640734
0.0
0.5875772957563543
0.0
0.008155223105150967
0.0
0.0
0.14450902416464337
0.26960901409085036
0.0
0.0
0.20791019529106028
0.0308400684544244
0.0
0.0
0.38024727695663146
0.3156192871536698
0.0
0.6375955430957171
0.0
0.0
0.0
0.0
0.9068314038174169
0.0
0.0
0.0
0.4655669129697682
0.0
0.0
0.0
0.3952381526875193
0.6984669367113683
0.0
0.0
0.0
0.0
0.6315717121716216
0.7886218222139998
0.7618476101522321
0.4651136716188875
0.2725030666833647
0.0
0.0
0.5676773709556132
0.9232355370755541
0.0
0.43035252139944824
0.0
0.2580101707083895
0.07106624943862393
0.0
0.0
0.0
0.0
0.7218768289355234
0.0
0.8359324677270541
0.22146509442652662
0.005062240773476035
0.0
0.226494546983087
0.0
0.6737291126820981
0.0
0.8869841384649154
0.5837279337248434
0.22913869286592944
0.0
0.0
0.029268007788963477
0.0
0.5721658468467474
0.268628788735338
0.0
0.0
0.31067536382687194
0.0
0.7008496547414323
0.5844953441147561
0.9501935428263215
0.0
0.0
0.10040800712967375
0.11405836673225059
0.0
0.0
0.0
0.0
0.0
0.0
0.0
0.0
0.0
0.5052636124169536
0.14299246404001983
0.0
0.28711504557510814
0.6396314321888444
0.0
0.0
0.26660409266770435
0.0
0.217251301519227
0.0
0.0
0.0
0.0
0.0
0.0029719620847836713
0.5407017894101195
0.19047421815273008
0.0
0.0
0.033536479186862284
0.8940269572177845
0.0
0.7425825151784126
0.0
0.0
0.0
0.0
0.21997136250067315
0.0
0.0
0.9306044231616047
0.0
0.12278706898194677
0.0
0.0
0.0
0.0
0.11524591383659989
0.0
0.40376014811616767
0.5450507534348176
0.2956767395956115
0.8041402493829072
0.11630864350969347
0.6880404970015268
0.0
0.0
0.0
0.0
0.0
0.0
0.6067774532199721
0.4675917465079574
0.0
0.009134228849222364
0.11585397061066774
0.0
0.01076905334468784
0.2359934488051072
0.3756046654027419
0.09098333024073366
0.0
0.4439775764229834
0.05452920555073077
0.7629482434970076
0.009871352129765594
0.0
0.0
0.0
0.3113676231953137
0.1992940986489084
0.7694722245428455
0.8250405193257784
0.12775966312123377
0.6345115914999219
0.0
0.8632618495198767
0.05854876926026058
0.0
0.8824806816403218
0.0
0.38791723213863705
0.0
0.3366871229075666
0.0
0.0
0.0
0.9013464355857643
0.8715467577534975
0.1296747608768009
0.0
0.7458490932149753
0.0
0.0
0.0
0.4808733529424566
0.0
0.0
0.0
0.35339344074492407
0.0
0.2745649218102542
0.7928245861533271
0.09447418083329967
0.2496507790934998
0.0
0.0
0.0
0.0
0.4112607070396481
0.19426975084497092
0.2172011905281749
0.12518096908262957
0.0
0.8863788054791194
0.6759388601937022
0.0
0.6705252199169525
0.0
0.0
0.0
0.0
0.0
0.0
0.8337031593644533
0.0
0.22814364051269864
0.9160963810075724
0.0
0.0
0.025118605564522906
0.6811790401320713
0.0
0.0
0.9920924766140441
0.0
0.0012176680600176366
0.0
0.5367711599186973
0.885559287993574
0.0
0.5461696350094177
0.07893123087599169
0.7075999740302076
0.0
0.33948519541552274
0.8027434247274787
0.0
0.8533907543469932
0.010538993137986244
0.6060959971235955
0.00967430360710127
0.22101708086361282
0.487709439450645
0.0
0.8368874757475557
0.5954032496655383
0.7115288731318804
0.639779839112626
0.0
0.0
0.16391250720611664
0.8278362388702994
0.0
0.0
0.06105620703909347
0.7704750547105284
0.0
0.4844725150609032
0.4561356562691486
0.0
0.0
0.8800433063109862
0.6636488123814964
0.0
0.9692913247199102
0.16393399723258337
0.0
0.0
0.7600192394552436
0.7579754255001693
0.5125550869734167
0.0
0.0
0.0
0.29285677963626466
0.0
0.9100835335837449
0.0
0.8610209607804545
0.05632824766342083
0.29348761777479404
0.0
0.08051134886320191
0.0
0.0
0.0
0.0
0.012681594402076798
0.27578666994569606
0.0
0.0
0.0
0.0
0.6096641396914696
0.0
0.005063539127350253
0.0
0.6009901980926278
0.0
0.0
0.517975425862573
0.3879251668510175
0.0
0.0
0.0
0.0
0.24172819141117408
0.9818359651132378
0.0
0.0
0.48823026905786404
0.0
0.4514037885991064
0.0
0.0
0.888923636532448
0.4514810513121234
0.1443287866379985
0.0
0.0
0.6949614611888527
0.4035762910525221
0.8074591571184325
0.0
0.0
0.0
0.0
0.0
0.12377403639194673
0.7583558593859409
0.0
0.0463037058921906
0.6892664992956372
0.0
0.0
0.6608803476745339
0.0
0.4391883649732072
0.0
0.8073417209552233
0.6529912774148898
0.20881261468322984
0.18933900653835117
0.0
0.0
0.0
0.0
0.0
0.0
0.7281842368076682
0.8347250057108677
0.950841728723998
0.0
0.06722346452583051
0.0
0.0
0.1400245897039888
0.0
0.0
0.0
0.9377895833846819
0.7618958972985422
0.0
0.9358223219192797
0.0
0.3733858127618615
0.19028287497611956
0.0
0.3529247721758434
0.0
0.0
0.8112498734722756
0.0
0.0
0.0
0.11925087749655029
0.0
0.0
0.0
0.2870253138118923
0.9542964481987133
0.0
0.5871958945412356
0.0031055898179093225
0.0
0.7624094264141996
0.0
0.0
0.0
0.9155012053068751
0.0
0.9582016769784696
0.43445268603175213
0.0
0.0
0.124665072049636
0.0
0.5922925427682177
0.7146036597895926
0.011147785677206602
0.1764034867100996
0.0
0.0
0.0
0.0
0.0
0.0
0.9863762613225409
0.0
0.8839961891364511
0.0
0.5456960389296291
0.0
0.2270599964531729
0.0
0.0
0.0
0.9822333182722784
0.911505242293906
0.0
0.3349042660898975
0.0
0.9463829569863512
0.0
0.0
0.3868206256554946
0.0
0.0
0.0
0.0
0.0
0.28144036860456845
0.0
0.967330323733854
0.9881626546708997
0.0
0.0
0.0
0.7918425178558826
0.0
0.0
0.009795638892584856
0.0
0.4286369565309014
0.383564218695194
0.0
0.7494960127279604
0.0
0.0
0.6724410719097232
0.9029546674250052
0.0
0.3401580878047862
0.0
0.5163381346302751
0.0
0.0
0.0
0.7236453401064464
0.7509462318670604
0.0
0.0
0.6160026149498181
0.0
0.0
0.0
0.8279106580081574
0.048353531556735115
0.0
0.040286593383780475
0.7315765754387062
0.0
0.12285009027562244
0.0
0.0
0.0
0.0
0.279177384623786
0.7901844036623026
0.9475824367585818
0.0
0.0
0.8858124024686402
0.0
0.5747498734662723
0.0
0.0
0.0
0.059429090193402374
0.0
0.8670573359827562
0.0
0.0
0.0
0.6723996445270842
0.0
0.0
0.0
0.314427633235087
0.06828799001652278
0.0
0.2975434514982774
0.0
0.36687985300641474
0.0
0.0
0.0
0.0
0.0
0.0
0.0
0.25759956850467375
0.09745477820835129
0.715709280801389
0.5250553860959954
0.0
0.5967554559176848
0.0
0.0
0.1405942714375061
0.8640425333716548
0.6799097647619118
0.13062194678788236
0.0
0.0
0.0
0.0
0.0
0.0
0.7858694448945767
0.0727021592039929
0.7751133705719192
0.0
0.20032703028628454
0.0
0.0
0.9857426634992675
0.6482949693239813
0.0
0.3837574704243168
0.6157313737510258
0.6996400843256848
0.35248788921521895
0.0
0.9177788231501979
0.48077073942829485
0.0
0.7470017852599078
0.0
0.0
0.0
0.0
0.35360470836897945
0.7206835701071489
0.7847799877596976
0.0
0.0
0.23445190520192036
0.49663259433372975
0.0
0.49496747429776433
0.4477329622179241
0.0
0.0
0.0
0.0
0.0
0.5019283736048734
0.5971399794151504
0.0
0.0
0.0
0.0
0.0
0.0
0.07613305834591404
0.4379749430803935
0.1282636910897191
0.0
0.0
0.3702882491611889
0.0
0.0
0.5786936613549076
0.0
0.0
0.0
0.9656106957361503
0.0
0.0
0.0
0.0
0.22726225825562557
0.6997280826822663
0.8179728676062328
0.0
0.6119509925289635
0.0
0.1309257645812532
0.0
0.0
0.7676803211660543
0.0
0.6821630439437831
0.7352172691019504
0.30964516473394066
0.8412724502086222
0.621007446450316
0.0
0.0
0.7348434981574326
0.0
0.3972326128688847
0.7562851680349799
0.5576961362654594
0.0
0.0
0.8278294352695762
0.23983685203530103
0.0
0.0
0.956274714967405
0.7980303013369092
0.6876665785123056
0.0
0.2915995547502855
0.0
0.4437781132305815
0.0
0.9997886944696084
0.0
0.0
0.3998629948752685
0.0
0.0
0.0
0.6832060571193881
0.0
0.0
0.0
0.8381554046707159
0.0
0.0
0.8804209069822301
0.5209057059810516
0.0
0.0
0.0
0.0
0.6777480226773611
0.0
0.20207496356661853
0.7616954475108653
0.6007702055211526
0.0
0.0
0.0
0.0
0.0
0.0
0.0
0.19737787219289768
0.0
0.0
0.0
0.5818648247527533
0.86728012172801
0.0
0.0
0.0
0.8450876715688428
0.0
0.0
0.0
0.7881437737524065
0.902156969319922
0.0
0.0
0.0
0.0
0.0
0.0
0.0
0.0
0.507577370884817
0.0
0.0
0.0
0.7270931475802923
0.7474162352445852
0.0
0.0
0.0
0.2066143172628798
0.0
0.5799689313670268
0.0
0.0
0.0
0.0
0.18985299450437113
0.45675691789625683
0.0
0.0
0.0
0.0
0.42743732573793025
0.0
0.40128718675490993
0.0
0.31781030544970446
0.0
0.0
0.0
0.0
0.5653710838468811
0.0
0.0
0.015560303343462955
0.5331894332074828
0.7797079431211694
0.0
0.2909067949743804
0.0
0.0
0.7850095473388355
0.419284712695279
0.0
0.08354186789002625
0.0
0.4588366239437421
0.2926562561841108
0.49261648956967147
0.5513195491029326
0.0
0.7936157255153944
0.0
0.0
0.0
0.0
0.0
0.0
0.0
0.8567254170640055
0.0
0.5835422174584034
0.0
0.0
0.6680593445085365
0.7048145154074621
0.24172082879478052
0.0
0.49160720629923527
0.05301151406880812
0.0
0.978203321586316
0.02434113371731524
0.22378791514777924
0.9769082650909146
0.0
0.0
0.8638146255065372
0.6419894147271543
0.0
0.5102384421309281
0.5568889726234767
0.0
0.5369190263628202
0.44617173038324925
0.410544834610093
0.0
0.16376772996278957
0.4665817898979025
0.8228973774547805
0.0
0.9874377559313577
0.8825683325091713
0.0
0.46903446401839816
0.0
0.0
0.05002394324695996
0.8552348496117222
0.36823632046019517
0.0
0.3855819998650974
0.07934132529863999
0.0
0.15696303772507794
0.0
0.0
0.284561136169299
0.0
0.0
0.0
0.0
0.20623623924093717
0.18178759078325452
0.0
0.0
0.42848631259917536
0.0
0.0
0.3603763433336292
0.0
0.0
0.5658956262542142
0.5420702690524669
0.0
0.8279089958631332
0.0
0.0
0.10115420411649316
0.0
0.0
0.17399578407099317
0.8264941874283307
0.0
0.0
0.0
0.0
0.0
0.0
0.0
0.0
0.49332243582677526
0.9293914459081413
0.0
0.0
0.512247436996405
0.0
0.9215795865364116
0.8772744762369182
0.0
0.0
0.0
0.0
0.0
0.5801928537585517
0.37794693146974245
0.130327083907006
0.0
0.7921174824233632
0.11875180986313168
0.0
0.14203708307827975
0.0
0.0
0.0
0.14209066227263645
0.9412052656354396
0.09475774155349352
0.03420988065142512
0.41180157416928004
0.0
0.0
0.0
0.7137630550175824
0.6872297994307188
0.5714076867181391
0.749469795723064
0.24608394717753204
0.0
0.12486193723090962
0.0
0.24430378677743272
0.7273276302447931
0.0
0.0
0.0
0.0
0.0
0.0
0.0
0.7304598670781521
0.40970716717027245
0.9887746538520076
0.0
0.5527156256540635
0.0
0.0
0.0
0.44257108126518585
0.8410537237773265
0.9444066888199062
0.0
0.5665526124759316
0.9162357283429574
0.8643508280618935
0.0
0.0
0.0
0.27178476935950524
0.0
0.0
0.11246423981692837
0.0
0.0
0.8454586105690391
0.9329932100152168
0.4608397707068618
0.0
0.1761230533876978
0.0
0.3995684084959424
0.0
0.1983241190375094
0.0
0.0
0.0
0.0
0.0
0.1525995248378396
0.0
0.05657244886866535
0.0
0.7294184660820517
0.38610456538940663
0.0
0.3225575918380093
0.0
0.0
0.0
0.0
0.0
0.0
0.0
0.0
0.0
0.8510267268357898
0.0
0.520728119058123
0.2591423179400853
0.6459576415235245
0.0
0.0
0.0
0.0
0.0
0.0
0.0
0.8924211970097461
0.0
0.19404663077263337
0.6873336257559772
0.1691877070444143
0.0
0.1273803256581021
0.0
0.0
0.4251318033038753
0.904779692382379
0.3210650063620699
0.0
0.0
0.0
0.5607905779268983
0.0
0.9374323421902528
0.7452838112602311
0.7677385215947774
0.0
0.0
0.0
0.0
0.3988704090004273
0.8424536667675108
0.0
0.0
0.0
0.0
0.0
0.0
0.0
0.0
0.7584836205551205
0.0
0.7321707163134931
0.9795181989913719
0.0
0.26959241916894916
0.9406658213724246
0.8336946507664954
0.0
0.7528330621577342
0.5082844421961566
0.30682719199346326
0.142904863871013
0.0
0.0
0.5457862198149146
0.0
0.8472970081426917
0.7997377793656537
0.0
0.9738061800074702
0.9214046830472192
0.17164273851193212
0.0
0.0
0.43332949531023723
0.9748180492095841
0.09028097190265302
0.0
0.532272317004339
0.0
0.0
0.7579569917291642
0.0
0.0
0.8141792917222049
0.9461814677208602
0.0
0.0
0.0
0.0
0.0
0.41761535854232146
0.6356537550033854
0.0
0.4076942716749854
0.35177527261514946
0.3137578512150648
0.0
0.0
0.0
0.47197147278060886
0.0
0.0
0.0
0.0
0.0
0.0
0.41522303416606604
0.6790388027149653
0.0
0.8696796302236459
0.0
0.6296330362190734
0.17057328968118432
0.17136056768468763
0.0
0.7899234325073808
0.0
0.7186924051684497
0.5272480992129354
0.0
0.0
0.5513878411283165
0.8159624757429031
0.0
0.0
0.1550745362925175
0.0
0.0
0.8708931195947213
0.0
0.0
0.030476538440443887
0.0
0.42018621100675063
0.08966651320940283
0.5876836562309015
0.4445058952817049
0.3938562443940012
0.0
0.0
0.0
0.5816146160207695
0.17406449360344475
0.6800519301900021
0.0
0.0
0.0
0.2990964888111541
0.01300661006577227
0.0
0.0
0.8193807454667107
0.8030712541986524
0.93410365740483
0.0
0.0
0.9170205999578406
0.0
0.5100173577087108
0.0
0.0
0.0
0.0
0.4758516735250934
0.5777242173131858
0.343665023759118
0.0
0.46506834935988967
0.0
0.7437258366549533
0.6512709548041467
4.972707972607173E-4
0.3699870287501554
0.9488286798163681
0.8566481825246955
0.09931345480300481
0.0
0.7118772597843687
0.0
0.0
0.0
0.0
0.21820389524352118
0.0
0.39054104988472804
0.46025299836936345
0.6567171783936895
0.0
0.0
0.6805000124783839
0.8802746301652061
0.841216736111986
0.20090805018496255
0.7049717762564232
0.44770779873535743
0.0
0.0
0.0
0.0
0.0
0.6982184599345131
0.0
0.0
0.9890770369513806
0.0
0.6645081849349521
0.35183645674992675
0.0
0.0037177749086194528
0.1638230067480806
0.0
0.0
0.0
0.0
0.0
0.06909602732376255
0.0
0.0
0.0
0.8222767356086271
0.6726120461265211
0.9039460514822988
0.0
0.19112274470389995
0.0
0.0
0.683931184087848
0.0
0.0
0.0
0.0
0.0
0.2711224797403796
0.0
0.4661669582819009
0.0
0.7455867989660032
0.5664033542126283
0.0
0.0
0.8191111953570289
0.0
0.0
0.6422636376566029
0.0
0.3716099078811625
0.0
0.23185496925473778
0.0
0.07290243292873076
0.0
0.13063757681642776
0.3907513147012818
0.0
0.9953097029897702
0.0
0.0
0.6595255362387791
0.0
0.30965577937468725
0.0
0.8891331540669613
0.0
0.0
0.13000119155931822
0.9015507666755456
0.5532347536047374
0.16378701122293837
0.0
0.0
0.0
0.0
0.11247284384392803
0.0
0.0
0.5757847928029824
0.6290127516321571
0.0
0.0
0.3157618882114346
0.0
0.0
0.37457998171306167
0.0
0.435029807732759
0.0
0.0
0.0
0.0
0.741123180322731
0.2917039419032811
0.0
0.2820360149321846
0.0
0.0
0.0
0.23413192717714307
0.0
0.0
0.0
0.20076367384902108
0.13023251991473778
0.0
0.0
0.08403648042029307
0.0
0.7307250306710183
0.0
0.31891781429969085
0.18444458640093794
0.7570013100304565
0.2922803970789941
0.0
0.0
0.0
0.06478892532087044
0.04535918454491213
0.0
0.0
0.0
0.3372238020533356
0.3184995334785369
0.0
0.4885757067332151
0.0
0.9629414686377461
0.9550294460550672
0.0
0.0
0.9695066782714008
0.644475462323297
0.0
0.8184056369615361
0.0
0.5357639462614011
0.5182624547199286
0.7713804189836007
0.7950645403725485
0.0
0.3431740016843105
0.0
0.0
0.7939245307213957
0.0
0.0
0.0
0.0
0.0
0.0
0.0
0.0
0.0
0.0
0.0
0.0
0.0
0.0
0.0
0.0
0.0
0.0
0.0
0.0
0.8244741068755722
0.0
0.0
0.967581584855816
0.8737000596496867
0.0
0.793101014590289
0.0
0.08126892155463705
0.9384878352258289
0.0
0.5115148811442045
0.8506523013267999
0.8495014132793792
0.0
0.3825806629668815
0.07595380992598036
0.0
0.0
0.0
0.5998482452973143
0.0
0.0
0.3639392814733473
0.0
0.3240471077987686
0.0
0.0
0.40318549067445425
0.8823646346175136
0.4987640580835702
0.0
0.7641201850643501
0.0
0.0
0.5276003266732483
0.0
0.28267021863452363
0.7485202616033032
0.9823542763850844
0.0
0.04513591410262551
0.15188732384593737
0.6211101903218649
0.0
0.12153593691287173
0.0
0.0
0.0
0.5339790045530206
0.619996181439758
0.0
0.0
0.9907050259386412
0.0
0.0
0.10065008729557255
0.0
0.0
0.09300822916504142
0.0
0.0
0.0
0.6137163310608555
0.0
0.0
0.0
0.0
0.3633586461805838
0.8303551627816702
0.9414508220080734
0.0
0.29624236345369753
0.0
0.22759100136260185
0.0
0.0
0.0
0.8973060714641077
0.0
0.8840771375723772
0.0
0.0
0.0
0.0
0.2736075340977495
0.0
0.328964718105194
0.0
0.0
0.0
0.6867310328871654
0.0
0.7714248904574933
0.0
0.9914429446979472
0.10119900150582177
0.7702007497341016
0.0031478267458641216
0.0
0.0
0.0
0.0
0.0
0.0
0.0
0.0
0.0
0.038222498781474774
0.0
0.49663821902951094
0.4302235037343695
0.7715829560032091
0.0
0.0
0.7516525269827108
0.0
0.22418276507423476
0.0
0.0
0.0
0.0355574864103276
0.0
0.0
0.0
0.0
0.0
0.14831992583713016
0.0
0.0075041874491277045
0.7448621285898834
0.0
0.35664836598215177
0.8630460909872372
0.0
0.9999643268894577
0.7603352588055622
0.3327705510901031
0.0
0.8663052005683346
0.0
0.0
0.0
0.05789463824659397
0.8952761939997902
0.0
0.0
0.3465020682993664
0.025118417277507597
0.5951600218562593
0.0
0.13742411021333817
0.47723598879681844
0.0
0.7696778307556009
0.7436411522091052
0.8493906884432177
0.20423647440160242
0.0
0.09956788027216225
0.0
0.4151048384639807
0.0
0.0
0.0
0.9957410088413089
0.2954861517728272
0.0
0.9405063310146514
0.18689691727993682
0.0
0.0
0.0
0.0
0.836568916356936
0.2947755793826778
0.1214269545286018
0.6894573294130899
0.0
0.0
0.5421348176123768
0.0
0.8694074300686099
0.0
0.0
0.28436972786084813
0.0
0.1885777268848807
0.8991332307245922
0.0
0.0
0.0
0.41706441205863976
0.40402121492737153
0.0
0.0
0.0
0.5552202268014869
0.0
0.0
0.5642802292913013
0.0
0.0
0.0
0.0
0.0
0.0
0.0
0.08843001516075802
0.0
0.04941802190626573
0.0
0.9410342342117447
0.6481208874076234
0.0
0.916433939484449
0.0
0.0
0.0
0.0
0.0
0.0
0.0
0.44682341265779807
0.0
0.0
0.035170650166033365
0.9138143869885864
0.0
0.0
0.7280365031755232
0.7290197389413196
0.3548616088683532
0.13873040556065838
0.0475666249407685
0.0
0.0
0.0
0.0
0.19208493185082212
0.20076257163523842
0.23263829915054765
0.06675087015811444
0.43786956956231354
0.0
0.0
0.0
0.4186120329716371
0.0
0.0
0.2172017696057172
0.0
0.0
0.0
0.508332961541907
0.6200088800239529
0.0
0.0
0.7801617166892125
0.0
0.0
0.0
0.0
0.5346590357485795
0.16560298220583772
0.9822758160720063
0.0
0.0
0.0
0.0
0.0
0.5079875365539591
0.0
0.919396150727395
0.0
0.0
0.272631823110806
0.0
0.977118896209947
0.0
0.0
0.6224013377479588
0.0
0.41412226693067844
0.7389064779209984
0.7252936142576137
0.0
0.15709645842184425
0.0
0.007146936570845149
0.0
0.0
0.0
0.4359886535078667
0.0
0.0
0.0
0.0
0.0
0.0
0.8616820417684748
0.0
0.0
0.3888641469973041
0.0
0.0
0.7780322807273087
0.0
0.0
0.0
0.18302183605439787
0.0
0.6331476072633759
0.0
0.32333170063793953
0.0
0.10678877859679138
0.0
0.6490528897857516
0.6206988682253132
0.6593410380213539
0.0
0.36847106313915995
0.9414035522146714
0.1332071426435468
0.5589107423891677
0.0
0.3187162867075887
0.0
0.0
0.0
0.9266596203671335
0.0
0.06549568229735851
0.0
0.0
0.18181775682900103
0.5325019223888843
0.4347569072359817
0.558004375237119
0.0
0.0
0.25993804818091376
0.0
0.9409757641657304
0.0
0.7092600119335475
0.14619831186438714
0.0
0.24558744117036765
0.7238928624668357
0.7154897629250488
0.7321014413414751
0.4848716000231702
0.0
0.47669413066156685
0.43579337528611606
0.7835046916801558
0.0
0.0
0.0
0.08703909953109179
0.21590725116356513
0.6626056214414588
0.5037002182087919
0.9335820369728887
0.0
0.0
0.3544180815599667
0.0
0.5220944644087453
0.1630734696330683
0.0
0.0
0.751957883619282
0.4409550761832714
0.7233653551806984
0.5174977842632126
0.0
0.9927769269790379
0.0
0.0
0.9563290137787984
0.0
0.0
0.825854788289783
0.0
0.4469227036220091
0.5776124130366831
0.0
0.040984550083128776
0.8093770285753897
0.5654147390740915
0.8873576812473511
0.21085313455449406
0.6394043645465354
0.33268314651253195
0.7280779452867833
0.0
0.561180371986145
0.3017461105513075
0.0
0.0
0.0
0.0
0.0
0.5383692436831766
0.14302542195202564
0.0
0.7329310797627268
0.6933745594315236
0.0
0.9658647234183062
0.0
0.2506900373834949
0.0
0.0
0.0
0.16400348745706603
0.0
0.0
0.1596025088826632
0.0
0.6718807192188986
0.14621867431521796
0.0
0.6063219896671553
0.0
0.13392665940941148
0.0
0.0
0.0
0.0
0.0
0.9625582812348089
0.0
0.0
0.0
0.0
0.6599047041641328
0.3106923673507312
0.8171361011491627
0.2823285798883581
0.61487291869148
0.3017642153239157
0.9440741793028844
0.0
0.18568444889186683
0.0
0.07385200618702031
0.0
0.0
0.18651272822236734
0.3589383783731692
0.0
0.19195565225936168
0.0
0.0
0.5917721404340671
0.22460173085574067
0.0
0.0
0.48339290371113985
0.6184459408947229
0.6430493950228179
0.0
0.9111363034909074
0.0
0.9562773905278634
0.0
0.13606895829273455
0.4047496660219211
0.684024276458595
0.0
0.0
0.0
0.20405570622458985
0.6522572492964709
0.0
0.6401264542682517
0.9200016751597723
0.0
0.8807091559193698
0.06559892966474917
0.14717848445508191
0.9635754067848374
0.0
0.49953404610845614
0.0
0.0
0.0
0.0
0.9516671911734271
0.0
0.8208528680336403
0.0
0.16125938548033714
0.0
0.4545889981724911
0.0
0.0
0.6845395654183221
0.0
0.0
0.0
0.6008718870315584
0.6453033309064614
0.0
0.7168682737006904
0.0
0.0
0.0
0.5812708791849875
0.0
0.33438664381010696
0.5755283355663696
0.0
0.0
0.0
0.0
0.0
0.0
0.09753594015838665
0.877434540480073
0.0
0.46470971313889337
0.0
0.6771328754495718
0.0
0.861732679489294
0.9820988742713522
0.0
0.0
0.37154485194742154
0.0
0.0
0.0
0.0
0.8840975854526504
0.9542979263380372
0.9240382875763099
0.0
0.0
0.930842756767131
0.18544709030102305
0.7126454275713014
0.5298251132729342
0.5755478700854686
0.2975954569833007
0.9657613622029362
0.0
0.8427057362306
0.0
0.0
0.015921198268085423
0.41526584392723564
0.31407066513142895
0.3834373245550535
0.0
0.0
0.0
0.23853598576304566
0.0
0.0
0.5624793235108175
0.0
0.3018452337035305
0.04135781639721808
0.31593580776759866
0.060584020108677056
0.0
0.28685761695038575
0.0
0.0
0.0
0.0
0.0
0.0
0.0
0.3758093460394585
0.8468645282329598
0.06704815374926679
0.12986073248565894
0.0
0.0
0.0
0.0
0.0
0.5459512764322655
0.0
0.0
0.8348053231430299
0.14876991165901715
0.0
0.9533194398925426
0.0
0.0
0.0
0.3519355890393933
0.0
0.0
0.0
0.0
0.3449986136412351
0.08480106504756312
0.0
0.0
0.0
0.8174540893809761
0.0
0.943425304678247
0.0
0.2542145527932651
0.0
0.0
0.0
0.17968120727745324
0.0
0.6584401090797599
0.0
0.9107068955360144
0.0
0.0
0.0
0.0
0.0
0.0
0.0
0.0
0.9207725327290979
0.5752874799999086
0.0
0.0
0.0
0.04626056363915171
0.4172032881026437
0.0
0.0
0.2174992693881308
0.0
0.0
0.0
0.43484512865415176
0.0
0.0
0.0
0.0
0.0
0.0
0.6220332118336656
0.0
0.4976071172539252
0.0
0.016875459032577648
0.0
0.4881561124302193
0.0
0.0
0.0
0.1794001925872215
0.0
0.0
0.0
0.11559755250780199
0.7291624303785028
0.7641690753067745
0.0
0.8925007707453384
0.3433462996377413
0.0
0.20888154803200437
0.0
0.040948066794803964
0.0
0.0
0.0
0.7028960078631243
0.0
0.2417877119694906
0.19293663610997697
0.8125797291718082
0.70738095673591
0.9102664370302105
0.7625803836362761
0.08752576926571934
0.0
0.03472197524156079
0.6595046682151141
0.0
0.3338897023747213
0.0
0.0
0.0
0.6983741377978026
0.08577022521637791
0.0
0.4372000630773541
0.3064431460726861
0.0
0.3624614904416823
0.0
0.4631148036342567
0.7506575161063469
0.0
0.0
0.9004296231249741
0.0
0.974835845342712
0.3295139384017833
0.29895472007786905
0.0
0.45984532552054674
0.0
0.7309698090651439
0.0
0.0
0.0
0.16973121941659047
0.0
0.0
0.0
0.0
0.3656892494589924
0.9678758476310593
0.0
0.7796155143813046
0.0
0.0984998269144265
0.4241085856924293
0.17515224986160285
0.7897771999528864
0.0
0.0
0.6949325016260132
0.08673926698282458
0.0
0.0
0.0
0.0
0.0
0.5027673468322827
0.0
0.0
0.0
0.0
0.0
0.38909419466659534
0.31991177950620076
0.2963688178318391
0.0
0.5989791209785094
0.8701426500939871
0.0
0.33536999900510095
0.4757555513066495
0.3958892363937219
0.0
0.0
0.5211888997200173
0.0
0.7786968438704188
0.30790918329443584
0.0
0.0
0.2719082218911214
0.0
0.9604488751383361
0.0
0.0
0.7041313738783257
0.19801779996748747
0.0
0.16318563938156236
0.0
0.6566606660937425
0.9332338058920104
0.0
0.0
0.0
0.0
0.7841401405669503
0.6899651708444577
0.622545908100147
0.0
0.0
0.15042359852798767
0.0
0.15299381697590814
0.0
0.9209014355445206
0.8641732595350042
0.9554149109355441
0.0
0.4223322842512935
0.0
0.0
0.0
0.0
0.0
0.22509152772280183
0.639494430876262
0.44037039036081294
0.0
0.0
0.0
0.0
0.9212226447070486
0.0
0.0
0.836047929151331
0.03551446044213043
0.3147437288439202
0.9739603506099251
0.577598142339202
0.05689717204158618
0.9197181726252056
0.34671613110842
0.0
0.003357929141214847
0.0
0.3872273600977969
0.0
0.1256434089219427
0.0
0.0
0.392758183746634
0.0
0.7102935465357914
0.4178298275972737
0.0
0.8004215637642348
0.0
0.0
0.0
0.0
0.8684160859781903
0.0
0.0
0.5215464896663324
0.16850113552361656
0.0
0.0
0.27474230441552583
0.0
0.7305627423279203
0.0
0.23037605913470305
0.0
0.0
0.3505755571438935
0.0
0.0
0.663297019326859
0.44513854203248904
0.0
0.0
0.0
0.0
0.0
0.0
0.0
0.0
0.8952000876849748
0.0
0.0
0.0
0.0
0.0
0.9715471291095432
0.13776594341851411
0.0
0.2894599663135787
0.020142645123239607
0.0
0.0
0.8817268895177183
0.0
0.2527628536040467
0.0
0.0
0.2019809840227296
0.0
0.0
0.5049101277193508
0.0
0.0
0.0
0.0
0.031849371808920154
0.0
0.9798744576124541
0.0
0.7533113753824581
0.6858426523576346
0.855424854198051
0.0
0.0
0.4998705216208696
0.6269969669942308
0.83399266940559
0.0
0.42292197035119444
0.0
0.68857275932209
0.0
0.0
0.6458868284610774
0.0
0.0
0.0
0.9575756307638732
0.4146839413619151
0.0
0.9765948691638969
0.41390683131381545
0.7471976736296474
0.6192294516643594
0.0
0.46193025254486036
0.0
0.0
0.683179546306994
0.0
0.7006024012058101
0.840051550474564
0.0
0.0
0.0
0.8844422524382358
0.30064139348692426
0.026923361472212654
0.0
0.375518805574849
0.0
0.0
0.0
0.0
0.0
0.7872023009761656
0.0
0.0
0.18867396398421457
0.14966102211481483
0.5056966085194188
0.0
0.0
0.0
0.48059767777948864
0.0
0.49738594467920255
0.49452773771853026
0.7840314219140185
0.0
0.5593277400232822
0.0
0.21735562892971053
0.3035365790120294
0.0
0.10851812230521644
0.0
0.0
0.7513078551435396
0.30844299414150855
0.0
0.0
0.5594080084115007
0.0
0.9283945907504546
0.0
0.05348981237794578
0.0
0.0
0.47963261301397636
0.6817752375561023
0.3526810019555799
0.0
0.0
0.6505338278803157
0.0
2.0901763077216481E-4
0.0
0.3023701427870344
0.0
0.5820334440800307
0.0
0.0
0.7283226944668492
0.0
0.29045128416429417
0.0
0.0
0.7326204322965775
0.28341985996333574
0.32942980080854223
0.0
0.0
0.8782293610505422
0.7650120145954485
0.5507781913832459
0.8599776433840454
0.2777058735720499
0.0
0.6886250404044303
0.0
0.8747194735838328
0.0
0.7419464211896779
0.7222741501214173
0.0
0.0
0.3175939605906936
0.4803111041425712
0.5873910096672557
0.8787624190344908
0.0
0.0
0.0
0.0
0.0
0.0
0.0
0.6803995465155264
0.0
0.3688848940056605
0.0
0.5369817263661406
0.0
0.0
0.8910826557125406
0.0
0.7049866735913012
0.0
0.8049420893162663
0.18025090686754877
0.9099611885279001
0.0
0.0
0.0
0.3456909228397871
0.0
0.5556177958842152
0.7397933258204775
0.0
0.0
0.0
0.0
0.0
0.5741475251367738
0.40416377265278014
0.0
0.9445400706471423
0.41800896749412547
0.0
0.7523411982505466
0.0
0.9620104554476318
0.9814645690243807
0.2591283574578168
0.0
0.0
0.4788997467447135
0.7759516002464061
0.09573024760324926
0.0
0.4960641748156319
0.06916774286042741
0.0
0.0
0.9869171173761958
0.7377424280239577
0.0
0.0
0.0
0.6666097588049608
0.0
0.0
0.0
0.7766643544157771
0.0
0.0
0.02087404610007505
0.5907437575859018
0.3436839773190565
0.0
0.0
0.0
0.0
0.4414338954677822
0.28907448000809693
0.0
0.04247176306155707
0.9746739874975926
0.5282595340029314
0.27280581129792913
0.0
0.0
0.8024738782845615
0.4508314980008503
0.23995832711303133
0.0
0.6461039537083704
0.034991914653784345
0.0
0.0
0.0
0.823181963105858
0.10392143616671749
0.8623109606631729
0.0
0.0
0.0
0.6782938671689345
0.023173673806377554
0.0
0.0
0.0
0.0
0.0
0.0
0.1425911358237504
0.9397303279054317
0.3567693084320505
0.0
0.0
0.6664462984147127
0.0
0.04419350471743448
0.0
0.34423677088378213
0.0
0.0
0.04036478883122882
0.29487602582665123
0.801591972516786
0.0
0.8215443788584381
0.37292832247298435
0.0
0.0
0.26263634523406765
0.0
0.2808976073210381
0.0
0.0
0.1300108783862204
0.43042251884782917
0.0
0.0
0.0
0.0
0.0
0.0
0.6339516049557965
0.47471112467257676
0.34855264835101696
0.0
0.02483847517303272
0.1631400389644604
0.13803198029505795
0.0
0.5635127347235909
0.17681968200440507
0.0
0.0
0.0
0.0
0.0
0.0
0.09321085638185725
0.041611425709064655
0.3835692704855226
0.0
0.7400612151105197
0.30000487265725684
0.0
0.0
0.6694197691399473
0.987167690901212
0.22245528364492803
0.9994575393020624
0.36204604319508976
0.2542636372736271
0.0
0.0
0.19505926406592247
0.0
0.15073096685136894
0.0
0.6911757322335669
0.7210041910735415
0.0
0.0
0.9387992522303434
0.9911010336298636
0.25059071510761394
0.36242946293897554
0.19724591407206415
0.045758324789718786
0.2161935324761711
0.0
0.654734635731866
0.36813513205391213
0.0
0.35682712094299907
0.031452918133025976
0.0
0.0
0.8933193288367679
0.0
0.0
0.2009650762624074
0.0
0.0
0.0
0.0
0.0
0.37747052829014416
0.4950066022817553
0.0
0.25035844021963455
0.0
0.06817871231240234
0.5221372340842829
0.8404562740771578
0.2940107978143967
0.2612185434805115
0.33146658730611134
0.5868621296118605
0.0
0.0
0.0
0.0
0.036128189355610366
0.0
0.0
0.0
0.6541324442283935
0.22030523998086862
0.0
0.21651825319415757
0.8930525627530097
0.22906512494864623
0.8394063701657922
0.7527080500339389
0.0
0.0
0.9797340882986256
0.0
0.0
0.0
0.7096826455093153
0.6648705011803681
0.0
0.0
0.0
0.34598915405588143
0.0
0.5736841730862194
0.0
0.0
0.2621752653605343
0.8093366600018266
0.0880977023584862
0.0
0.5956140593134936
0.3899067743376062
0.0
0.617102249534512
0.6331642441725375
0.07353878689872154
0.0
0.0
0.0
0.0
0.49747821454777524
0.5488343063203406
0.0
0.979309317849192
0.8112633022557665
0.0
0.9689653835599441
0.7251591676623413
0.03896748245117426
0.025688488375434654
0.0
0.0
0.0
0.2294055853025427
0.0
0.12392662864565065
0.4656068889061808
0.0
0.7509120837974289
0.0
0.0
0.0
0.31212903722371205
0.9537158151196583
0.09556311872550427
0.0
0.48478558041028796
0.0
0.0
0.0
0.992270338738055
0.0
0.18048253190158006
0.0
0.0
0.0
0.0
0.0855408114725896
0.8432670273677657
0.0
0.0
0.0
0.0
0.3958433472206092
0.0
0.0
0.7119820410364239
0.00940097403064133
0.4946946290617438
0.2557716071237761
0.9074464553357987
0.0
0.9223200949763052
0.0
0.0
0.0
0.0
0.0
0.0
0.04439761687228438
0.5087708459083341
0.0
0.751229744793581
0.0
0.9830777578530984
0.0
0.0
0.0
0.24758704744809892
0.8847435085447716
0.9848359798828352
0.8214783711108972
0.04275127626214269
0.0
0.0
0.648016662028504
0.0
0.0
0.29737045749737134
0.9239847008600293
0.10897610162757812
0.0
0.5248120124589846
0.0
0.8650285841611944
0.0
0.0
0.0
0.0
0.756361171971065
0.0
0.0
0.8641026140201978
0.1101763180676768
0.0
0.0
0.8963429769503886
0.0
0.9167703211521174
0.0
0.0
0.0
0.0
0.10233195216476644
