0.884182904358305
1.25850496889542
1.09553352431295
0.896399779089572
1.55565529872392
1.17478591829992
1.19031634321861
1.30708022393327
1.05834717158057
1.04454977735575
0.802853654695926
0.973685261423675
0.836174006833872
1.00786895684829
0.854243013606929
1.78709186994304
0.803458796553399
1.49756226316741
0.780041104479519
0.909738770982512
0.718223266457013
1.08889834903367
0.729109410454857
0.782791506235345
0.966607019735959
0.719741050094925
0.816013918030832
0.859096992325923
0.743275605924405
0.948921852927974
0.83253598067976
0.775794523846063
0.812053288953296
0.803207678406273
1.61617169650758
1.0237069994201
0.754871364933865
0.856588367726376
0.919316909346161
0.807027592165694
1.62943199230784
1.1353046698203
1.05818377386062
0.953102618190285
0.960341270244289
0.834329875681339
1.44323112353605
0.772010334434474
0.917814505119863
1.27551197303908
0.861239547998035
0.786434444153282
0.787136729081019
0.817477645685096
1.08772267142987
1.38083890679026
0.981538134208634
1.06666373665519
1.31242542447762
0.994865637061621
0.876198403191736
0.856717187910778
0.8941399759545
0.787465521167639
2.47868960841523
0.7987897193663
0.845984269807965
1.16451722356925
0.787833621408296
0.768164337051781
0.774673573840397
0.933927125677021
1.36737546094667
0.986265776486856
0.813386417328004
0.836475615231047
0.820167345727916
1.97464960266082
0.883288106277019
0.902352797213297
0.880384484377891
0.93706524719178
0.88629723469816
0.972128915957747
0.948062541162291
1.0233381116165
0.900644100658777
1.68929930824025
1.32729223872329
1.11654783012414
0.979837942777891
1.23099495076917
0.986416615563295
1.35762601485216
0.857674364167815
0.999655875905203
0.946062489916325
1.00704367708551
0.836319999134509
0.858333824389481
1.70161406408117
1.24618229350355
0.84716280316765
1.44995747540838
0.986176605692317
1.02380569713649
1.11788048541703
0.915990356913106
1.16983895604783
1.21920914366029
0.891369446162232
1.07087252474373
0.930883491912513
0.958847552585536
1.02112504438873
0.982565576889388
0.936974089019913
0.799758175096558
1.05517093643015
1.19796268123406
0.919962669642037
1.35002746322933
1.00129917646533
0.814925470048135
1.03223068294281
0.809899713665575
0.881558899863355
0.880304608628544
0.782808242444885
0.817609031895973
0.988369082565878
0.903481669469318
0.886556935024937
1.02700183099726
0.793788524078294
0.961519314770491
0.804516861199519
1.32014993521371
1.08574272955905
1.27608551995989
0.99096274568872
1.12567884066175
1.36615230884208
1.02479305959152
1.22323034776344
0.837075136183548
0.868348285299119
0.934656512214436
0.929693854236552
0.828182282811576
1.16115515645483
0.978271211468097
0.839507026284341
1.29604659559471
0.926199770752208
0.882587179569846
1.0150284566501
0.797893958718681
0.833814380049429
0.954951283447996
1.02234521510093
0.882466131621785
0.756912183648669
0.993708442566882
0.820165697589514
0.84287221717703
0.94168113790871
0.987718753372048
1.06712170684616
0.852880257991344
1.89511643167763
0.82909770229786
0.971713897497826
0.988887418501528
0.852251553835869
0.910356809290033
0.930858912252755
0.915860058884277
0.971388321110225
0.860331792391271
0.844746689946952
1.02884668660085
0.832755293224153
0.860836976298273
0.878284529748688
1.0116069243109
1.20992690136577
1.65097641921958
0.954432570181759
0.838562171355931
0.998753572212639
0.787348867251374
1.37638195551586
0.912038645986674
1.00857828851082
0.786082535734733
0.988981228186932
0.799097948427682
0.810085390177505
1.21887882175906
1.17585178979651
0.890559768101689
0.986391775951369
0.980176228258422
0.948813268362362
0.922469307628898
0.959678700622749
0.84445286871863
0.964871172248985
0.925256331062593
0.949035834298533
1.19676770313917
0.847624415831187
0.824326472543075
1.02328820359683
0.877722620571782
1.0225401700993
0.947941411368983
0.88056526547672
1.00361188499767
2.67670244088492
1.03232115851537
0.980445838945385
