198
64
74
72
242
159
129
193
230
96
225
185
149
8
165
191
153
226
273
252
213
150
107
67
115
48
222
51
148
265
112
367
41
364
184
189
291
287
104
307
2
283
29
102
362
35
181
216
275
243
138
146
264
82
56
218
151
227
5
167
258
106
355
176
245
340
38
284
87
123
255
321
285
15
18
338
336
4
131
156
244
145
361
7
348
203
50
302
99
21
262
137
66
80
144
187
1
69
120
133
100
139
155
45
63
331
237
320
350
34
43
352
164
186
141
325
288
317
19
241
192
121
40
78
214
98
33
344
199
188
75
172
14
65
109
347
276
140
305
221
343
173
366
54
135
210
330
79
42
269
342
277
101
16
260
57
306
246
267
261
124
13
190
76
256
168
236
118
130
36
217
286
208
207
195
20
31
171
322
174
44
327
60
360
281
147
337
169
58
329
313
95
333
354
136
296
234
116
332
114
126
24
353
88
206
209
351
70
61
308
339
365
17
357
345
212
278
47
154
270
128
27
73
89
250
259
240
310
6
297
157
282
178
232
233
37
292
93
143
272
247
300
328
196
134
32
228
28
162
200
249
293
274
315
183
239
324
160
194
316
280
346
363
318
359
125
122
349
314
12
91
3
197
77
179
223
295
211
335
163
142
358
334
105
86
108
55
83
251
311
92
161
94
219
111
119
301
279
175
201
215
299
290
238
9
205
224
326
180
10
113
266
81
253
271
25
220
110
152
85
30
52
132
289
309
294
11
268
71
235
341
204
170
103
59
46
304
166
158
229
231
23
39
22
257
97
177
312
49
356
303
263
319
90
117
202
298
254
323
26
248
182
127
62
84
53
68
