0.0996695114400359
0.0
0.0675206896063408
0.0
0.2192656614928199
0.5342792161988057
0.05003527287046662
0.0
0.5259604249205928
0.0
0.0031257793919998553
0.4269714041253703
0.28423167743578404
0.00133723176669618
0.052700028018656093
0.7028016868612724
0.5278015106851867
0.022434456481263562
0.0
0.04051365417998926
0.04663933698339583
0.0036791837572937485
0.06450059950412254
0.029427759218105785
0.2293418363386656
0.0
0.013083333662489104
0.0
0.06672040700397523
0.03261535137428903
0.0
0.3590888033386396
0.0
0.08357285338234169
0.20762170136894134
0.0
0.0
0.24327586217485592
0.0
0.0
0.146304834459597
0.05309209385851225
0.06095376175846484
0.2448676660971655
0.03542672162254947
0.0
0.06333847778793694
0.7225530959354273
8.56537322212434E-4
0.0
0.0
0.0
0.17534292080839314
0.0
0.006805135442736002
0.0
0.020592796713543762
0.0
0.13792925044705018
0.0
0.49933332568038463
0.0709463898114892
0.09180662216249362
0.39225618254530564
0.0
0.0
0.15340191378851797
0.12990403883737464
0.0
0.3473716764291178
0.0
0.0
0.2023035060726942
0.10195138649631431
0.24179226352004113
0.0
0.20993921999862336
0.004609060599313554
0.0
0.0
0.05236108879565795
0.0
0.0
0.2581248787824682
0.06820793847769088
0.42025919152138175
0.10367491681373574
0.0
0.2764159223714336
0.0
0.1053263586054393
0.0
0.026323311840966576
0.0
0.06339693232214677
0.04365523964242769
0.0
0.0
0.10975377086643542
0.14581587143044253
0.0
0.0
0.6480337164286488
0.0
0.0
0.48079984291068656
0.0
0.3140113713169207
0.0
0.0
0.05233449199304506
0.0
0.3428300979361078
0.0
0.028988670357273195
0.0
0.254219630375527
0.0
0.0
0.18464198734167286
0.0
0.03250725656059877
0.2554943416454872
0.0
0.030722239626101322
0.028109667820809935
0.0
0.0
0.20949939634199727
0.0
0.18345103289339929
0.026431858332560548
0.09952914133639044
0.0
0.15563021512001174
0.013354344996542533
0.0
0.06770885151225677
0.0
0.13378762630500196
0.14030188496510032
0.12995216872776932
0.05819423793150409
0.17439995609789188
0.2617783932406902
0.0
0.0
0.0
0.0
0.0
0.001159638661603084
0.12783106649601084
0.18446737574118535
0.05541796230648845
0.0
0.0
0.01368951934977722
0.0
0.31737429106714804
0.04512863094539557
0.0036835724033865845
0.09759713453213578
0.0
0.0
0.039588419767467256
0.0
0.11357137033727432
0.22306513940261607
0.0
0.0938161806985529
0.0
0.01554274267829077
0.0
0.08951017958212289
0.0
0.0
0.03414413014699738
0.0
0.050477625245901006
0.0
0.02970827555720325
0.09217351293787342
0.0
0.13539488267288696
0.1283517918748654
0.0
0.0
0.0
0.011467859917525906
0.0
0.10451842303205448
0.3685339303746684
0.0
0.13473796247815611
0.0
0.0
0.030454271952339056
0.47582709669309303
0.021101828633193008
0.9999772529926202
0.0
0.14016211021915392
0.0
0.9999999999665562
0.1921329099618118
0.0
0.0
0.0
0.0
0.0
0.03887989144339281
0.0
0.08221870564687671
0.4443638782251977
0.2623826058797246
0.6172218612716253
0.2654567542940923
0.07566784948500126
0.014758447289734598
0.0
0.0
0.008481316163315081
0.22547074866009567
0.0
0.0
0.3929718506838804
0.0
0.0
0.0
0.0
0.0
0.1340247515271136
0.0
0.0
0.0
0.9337549690923336
0.0
0.2592992257849452
0.22953093767749547
0.2481198039737671
0.0
0.03290840442380598
0.0
0.0
0.0
0.0
0.9041917551432832
0.0
0.35655813820637605
0.0
0.0
0.25680797586077087
0.0
0.0
0.0
0.050897125941135934
0.0
0.26631840764716347
0.0
0.0
0.0
0.017078826459134056
0.20905330660425506
0.015120348555017007
0.12265820233469725
0.32239172485005085
0.0
0.0
0.12867717235072038
0.0
0.03888273702757938
0.01673202220728608
0.0
0.0
0.0
0.0
0.0
0.04836044136952666
0.0
0.0
0.0
0.3071496500655867
0.4159261724983557
0.0
0.0
0.0
0.0
0.31502905166583
0.014705276950762791
0.0
0.061029997601165245
0.17218922838651415
0.03496291048219858
0.021894053301839123
0.0
0.0
0.0
0.03763478400612863
0.0
0.0
0.13067321387664943
0.05618377094357505
0.0
0.0
0.015294586149409813
0.23644728843590512
0.0
0.11803586467347921
0.09357306490280248
0.0
0.3581612641939083
0.0
0.2411785001285264
0.0
0.029576739875356837
0.0
0.0
0.6150412068651057
0.0
0.0
0.3218929539896867
0.0
0.0
0.0
0.0
0.0
0.0
0.0
0.10480711213484127
0.0
0.019864516386729755
0.1766208652905089
0.0
0.010379686269253017
0.0
0.0
0.0
0.08130918185573724
0.0
0.0
0.0
0.4506160419791271
0.0
0.0
0.1726996554129842
0.0
0.0
0.0
0.0
0.0
0.0
0.0
0.3468596421153575
0.09672033229929393
0.0
0.0
0.2875183454296668
0.08022036151679474
0.027546288531033077
0.0
0.1395880194835722
0.0
0.0
0.0
0.0
0.0
0.265199824026026
0.0
0.0
0.02028180196888884
0.0
0.013472506213761198
0.11975679602168417
0.0
0.12099664000471702
0.3028258133223747
0.0
0.12053436546397175
0.1565829062939445
0.13638011330579014
0.0
0.8850677787852692
0.22453940839615016
0.0
0.047760006206070585
0.0
0.11728095266959639
0.0
0.0
0.7439039006605581
0.1721615297734485
0.31507138173815774
0.0
0.19832399452512237
0.0
0.10671420169995471
0.0
0.193985474975517
0.0
0.0
0.0
0.0
0.0
0.23186052579883448
0.0
0.0
0.0
0.0
0.03883214423723692
0.0
0.892937520089136
0.0
0.034897629178216205
0.0
0.32328990048694217
0.0
0.0
0.0
0.11629221830433788
0.0
0.0988210247163837
0.22920427838384874
0.10550412839000634
0.0
0.0
0.0
0.0
0.07831871846223355
0.0
0.0
0.2882592564166801
0.14575300497618088
0.0
0.1077832454652728
0.06115144905070577
0.180004617741453
0.2606805973743667
0.0030705763912370998
0.0
0.028015517180381946
0.16258937189341113
0.260487621502667
0.11174008403173591
0.0
0.5018502799804542
0.219500232393025
0.04484153230735367
0.11011775055663107
0.37802997891298173
0.0
0.47251200818859085
0.023034065225513815
0.0
0.020014487724423154
0.39769184310295214
0.10265283843777911
0.11053108641994377
0.19687448391836104
0.0
0.0
0.2036882614378782
0.04154485504509897
0.0
0.11086696004270168
0.1574370544526753
0.13712804151444458
5.551079113932936E-4
0.26992372601146014
0.0
0.15043932411413882
0.0
0.0
0.037922194399636
0.0335395812516832
0.0
0.0
0.052974978196883286
0.27698737901290915
0.19587054815242744
0.0
0.0
0.8205432995215791
0.027695638913583943
0.021821371774094777
0.02155015732082969
0.0
0.1698948551301844
0.15538878461788697
0.03888280961614851
0.0
0.0
0.0
0.01574681081391488
0.04189047607072549
0.03888377128012663
0.0
0.02228104946576839
0.0
0.0
0.0
0.019114290988945477
0.033700170831047184
0.0820615262013215
0.0
0.0
0.0
0.7753157191796126
0.16449479492027325
0.0
0.041643270899738065
0.07651493319603757
0.0
0.0
0.058951396638811986
0.25648633128509574
0.0
0.0
0.0
0.30663320934412086
0.0
0.0
0.0
0.05049424823417948
0.0
0.023805831453775093
0.11769706805466924
0.04976943591371397
0.0
0.0939533418859597
0.0
0.1535746697507866
0.0
0.0
0.36313892752828497
0.0778087794407151
0.06756517043550465
0.03809125572251602
0.1048299137491071
0.0
0.12996077811657253
0.0
0.12075854961536862
0.0
0.0
0.0
0.0
0.008612444223141207
0.2615343414270596
0.0
0.0
0.08887277383713041
0.05010520376206414
0.13244767639428454
0.006794099084881643
0.0
0.21465471214355494
0.0
0.0
0.0
0.22236841541637653
0.08838319793944266
0.0
0.194491133364352
0.009350993170012414
0.0
0.015036098894077813
0.040824148311501995
0.0
0.0
0.12441653119330925
0.0
0.0
0.0
0.0
0.06963716329010516
0.2000772323533789
0.46050112022668593
0.030336102405258834
0.018430885415058263
0.0
0.0
0.1860084396276349
0.0
0.0
0.0
0.15839290046034582
0.0
0.0
0.0
0.0
0.0
0.0
0.0
0.19510458137137296
0.005913206416262225
0.02187660948823949
0.0
0.03628453941613715
0.0
0.09186663831145209
0.5674883902938559
0.6540594166407775
0.0
0.0
0.544227735223765
0.0
0.0
0.07502775686550733
0.0
0.029610822991961057
0.3238352987994657
0.0
0.0506306269813229
0.05490518686760092
0.0
0.0
0.1937038747051166
0.09742362007029018
0.0
0.0
0.0
0.0
0.0
0.07631552619754904
0.2166846668338031
0.11426651306335385
0.25706782382447313
0.19430387513966607
0.1337947928486539
0.26734937494366384
1.0
0.0
0.0
0.0
0.0
0.0
0.0
0.0
0.0
0.2069768235034162
0.07067028045382993
0.0925074849727618
0.0
0.0
0.16781126590399426
0.0
0.0
0.0673350487975149
0.04344437209410645
0.19459863134921151
0.13926670019677484
0.0
0.05044039274154361
0.026322225029413927
0.13783282314687592
0.0
0.04889044009675173
0.2909631231701476
0.0
0.310115076136768
0.17053007231844156
0.0
0.0
0.04373312053341109
0.5073223327347872
0.0
0.120452535194428
0.0
0.0
0.06635878008715326
0.03048402371126594
0.0
0.0561159342772286
0.0
0.3147819029812817
0.0
0.3313290883221529
0.0
0.0
0.0
0.06903819226326777
0.04461122494867044
0.0
0.0
0.0
0.08249312648192718
0.07706015112752565
0.07066044062111809
0.0
0.08315585229096704
0.9064152587423745
0.0
0.0
0.35047673293960957
0.03503003020705976
0.08063389190399112
0.0
0.2746332527043286
0.0
0.11703496652723042
0.0
0.0
0.0
0.017739092600886134
0.02298865988912101
0.0
0.191609405401513
0.0
0.0
0.0
0.0
0.0
0.0
0.3933868274406051
0.0
0.0
0.0
0.13978578193730506
0.0
0.0
0.0
0.047044347857968856
0.028082122174144603
0.0
0.0
0.05171721061857744
0.08573916381313292
0.6608781033072735
0.22627674432956824
0.0
0.12395159157639966
0.4489273020387142
0.28859534912043217
0.0
0.0
0.28964591888453267
0.0
0.10114726024342423
0.0
0.0
0.0
0.0
0.13641641094806636
0.06785908296783241
0.0
0.0
0.0
0.0
0.0
0.0032732806980933153
0.022752202082515875
0.0
0.0
0.0
0.11517233324187898
0.0
0.013845167001843312
0.0
0.0
0.0
0.08054185849745427
0.0
0.0
0.0
0.08931823716678239
0.0
0.3659133677527168
0.04169191794970905
0.22142507148303595
0.164133169277745
0.0
0.04259955568328141
0.2840294052015005
0.0
0.4235173426473434
0.0
0.0
0.0
0.0
0.0
0.42421430487995904
0.0
0.0
0.0
0.0
0.15018520218122192
0.0
0.0
0.030793341296844568
0.277749549086161
0.0
0.16864521100535115
0.0
0.0
0.0
0.0
0.0
0.0
0.0
0.12786539700372843
0.4782817122682935
0.2907922332993105
0.0
0.19061791905397238
0.5735128839896895
0.0
0.004482441885500321
0.0
0.49684380283173196
0.10877969169753948
0.0
0.0
0.0
0.18632288871530683
0.02974984586966372
0.28192866285104423
0.0
0.0
0.0
0.0
0.04115106585044342
0.0
0.016958280744325555
0.0
0.17357771860823298
0.0
0.974051978715161
0.0
0.07271327938140149
0.31117121867911174
0.0
0.23544011328900027
0.00775676285375879
0.2030474579912132
0.10193700236998965
0.0
0.1068939928582336
0.19176571812384335
0.055923666472556234
0.0
0.0
0.0
0.0
0.6492173171791885
0.23778318275760443
0.0
0.0
0.7793915796485363
0.0
0.7048870071815057
0.04467575853757052
0.2972359223172188
0.0
0.0
0.0
0.8741884440511142
0.016640275825800563
0.014307722433359045
0.0
0.1201815067764869
0.2840968494428394
0.0
0.02350559123226349
0.3077633958397989
0.13802590591981198
0.0
0.0
0.02677099662682685
0.14982155067691622
0.03959119786997666
0.08658952897961597
0.03252290082160239
0.03404109946674704
0.20017584070129357
0.10178610608042145
0.0
0.0
0.0
0.0
0.0
0.0
0.24948636202215888
0.0
0.40893550614518487
0.122505069636469
0.0
0.42438338914157964
0.0
0.0
0.14636812575181513
0.0
0.0
0.004369456379158745
0.0
0.357221293835386
0.04027294874271775
0.0
0.09336834173197134
0.03234351156446485
0.2265969364027981
0.33119587824165825
0.0
0.6279398695688426
0.0
0.0
0.1535691343308107
0.0
0.03937651083772066
0.0
0.0
0.0
0.0
0.06687378771575923
0.7296376894172629
0.0
0.0
0.10865717225767794
0.027294962229294117
0.0
7.610820480485052E-4
0.0
0.12525826324648193
0.0
0.17837524833693746
0.16165897803265802
0.0
0.19720691430291354
0.02157472217012423
0.21041716866804344
0.0
0.0
0.0
0.0
0.031129244538352908
0.0
0.0
0.0
0.0
0.0
0.06300360518364215
0.07392335207049802
0.5524947727884093
0.5540369553287623
0.03946097620665294
0.3680168270547321
0.0
0.0
0.0
0.1043359114002631
0.22616921738918452
0.0
0.04938229597576921
0.2482166609684016
0.0
0.0
0.08879925309811065
0.0
0.0
0.0
0.0
0.0
0.11842263140809905
0.0
0.20497499411085837
0.0
0.0
0.11261269869231995
0.14550929498310228
0.11933857146734134
0.0
0.0
0.0
0.0477434209005918
0.0
0.0480700313569841
0.0
0.0
0.24658968238506304
0.0
0.0
0.09692543422863321
0.00726331797627706
0.21703508942161326
0.0
0.08910089160287649
0.0
0.0
0.0
0.1565429931102549
0.2574319895178881
0.0
0.2807304048573103
0.0
0.03185006913748712
0.32791345630845914
0.0
0.0
0.011911011859358063
0.35451520999110087
0.17230502230070663
0.12149914968417305
0.0
0.07398557454111913
0.0
0.0
0.07082756668414442
0.0
0.0
0.0
0.0
0.0
0.0
0.06885908642660464
