0.6091866463122326
0.4771525336396001
0.841497207258926
0.4453390783309019
0.9032582442333262
0.970266872537051
0.5932397358445431
0.4706931540608653
0.9999098830689709
0.5847010674241218
0.43601743989615716
0.9999105980110298
0.4139437491879072
0.0
0.0
0.9669798259501862
9.085955486243247E-5
0.9638819019174668
0.9894493756974996
0.0
0.4690792920988681
0.9635972517382903
0.15719626994931934
0.0
0.0
0.0
0.9575478531731495
0.999999984195943
0.0
0.9890052775818814
0.0
0.0
0.4828112228186985
0.0
0.9623688880131869
0.0
0.0
0.0
0.06610299089184168
0.0
0.0
0.0
0.0
0.095630089244369
0.06671524437634269
0.0
0.020634018690276257
0.0
0.0
0.6186315943036096
0.0
0.0
0.0
0.9668891202066924
0.0
0.01901294440207779
0.49516213014951305
0.0
0.0
0.6309617038923002
0.895887286029741
0.27832327661336786
0.0
0.0
0.7069628286282397
0.0
0.016614668332691096
0.0
0.0
0.0
0.0
0.9070335212157029
0.1964270831967576
0.0
0.3576291259441491
0.7836122525709401
0.6320502257956935
0.0
0.0
0.9699847300696278
0.21215209625812081
0.0
0.5652984524007263
0.0
0.0
0.34024404262318253
0.0
0.0546801746981298
0.0
0.3418032508721418
0.21909546193822316
0.1790981954058991
0.0
0.25720326824791273
0.03376410211575587
0.1646606608278789
0.0
0.0
0.0
0.11064984703989034
0.1358715281463887
0.0
0.9866469180776999
0.0
0.0
0.0
0.31236630024201983
0.16676579542852632
0.0
0.0
0.0
0.0
0.06764856354629545
0.0
0.0
0.10625664373680588
0.6135904707520738
0.9673563345695791
0.0019857668075595747
0.0
0.0
0.8372630326006568
0.0
0.10422946986789661
0.9655292167715481
0.0
0.07635598738447369
0.0
0.15379597346184948
0.986635686045476
0.011206284320020243
0.0
0.24988444498206086
0.0
0.005752320550774237
0.0
0.26545250904458273
0.010800789225731577
0.0
0.026142603338946135
0.15660765889224226
0.0
0.31116473278310974
0.4925188188332814
0.20877511623937406
0.0
0.0
0.0
0.0
0.9808041097440654
0.6123626848962405
0.0
0.0
0.0
0.0
0.0
0.0
0.698388107975602
0.776057483135382
0.0
0.200690719431868
0.0
0.5558852928136723
0.5341287428139241
0.0
0.08129263888996152
0.9999998723042887
0.6023621974808955
0.0
0.0
0.24536765925940518
0.9924063822551281
0.25725452059341314
0.0
0.0
0.7422291015697718
0.5565763620529448
0.9999999863445959
0.0
0.0
0.17832824239677092
0.0
0.0
6.437659546203456E-4
0.020617986432985624
0.9582643909974209
0.9612435184763213
0.0
0.0
0.024396967394002322
0.0
0.1125093288944059
0.5536433941272962
0.0
0.0
0.0
0.061044935966407254
0.005841830977851181
0.9913758530995141
0.8070933034310234
0.22331307158088787
0.043339431680721185
0.0
0.9670469236787114
0.0
0.015782699222106955
0.020317368917438627
0.0
0.0
0.0
0.6170003672630435
0.7841169371063048
0.0
0.0
0.0
0.0
0.974390752091059
0.0
0.7722659810151091
0.6728579489672482
0.0
0.3368131647944179
0.0
0.0
0.0
0.0
0.028568541778920653
0.0
0.0
0.1235961586983817
0.0
0.2022540969809783
0.0
0.6479613183087074
0.0
0.6968357433750328
0.0
0.0
0.3300369452535301
0.6411483169428257
0.03166015337902295
0.0
0.04410543316412241
0.826144180276414
0.6141088196453097
0.0
0.999984986813121
0.0
0.0
0.9714730801451951
0.1119663021096986
0.29116112417294604
0.592282091889031
0.34839131563604364
0.0
0.4200912190595165
0.0
0.0
0.0
0.0
0.0
0.0
0.0
0.0
0.0
0.03543221735611046
0.0
0.08550973421001817
0.0
0.7642634740155579
0.15232837053982917
0.0
0.0
0.0
0.053232638131204935
0.5938639750831021
0.0
0.0
0.0
0.0
0.0
0.04861556383511301
0.0
0.0
0.0
0.22215433838823784
0.35297556014459985
0.07879896285043353
0.30180834038649185
0.0
0.0
0.0
0.0680362031688917
0.0
0.0
0.9630025314097235
0.0
0.0
0.0
0.0
0.14213002369972205
0.18327456724431967
0.0
0.10572214424903303
0.0
0.39586946486316865
0.0
0.0
0.022450299686966768
0.0
0.0
0.0
0.0
0.0
0.0
0.7507983270187979
0.0
0.7797430817322084
0.03362516340724586
0.6143669402338965
0.1938877205725129
0.0
0.0
0.0
0.6858111570218199
0.0
0.0
0.08459517685998774
0.0
0.015809656963798213
0.035915612603227065
0.05777003614468079
0.15203114358570635
0.0
0.0
0.33730191691876343
0.033741511849486816
0.0
0.6480177994543179
0.3083640198549299
0.5078140113634273
0.5363041457137853
0.0
0.0
0.9849948397945588
0.021599921143210743
0.5282488014713598
0.5656790501866449
0.4704739968705163
0.6473563834156435
0.0
0.6214251631466519
0.0
0.0
0.0
0.0
0.0
0.5000982177726776
0.5040379621159383
0.08750197808842508
0.0
0.6752288630874189
0.10411589501053675
0.0
0.38399208979592836
0.04376948914952872
0.0
0.0
0.5799773742731675
0.05321521983983368
0.0
0.0
0.0
0.0
0.05287101144902895
0.5302223937063393
0.9733952235117836
0.0
0.0
0.4347084688279944
0.5646454290099119
0.0
0.0015880267896846156
0.0
0.0
0.11706553160900968
0.6432535615175741
0.0
0.0
0.12215537978079427
0.009794601826485949
0.4774188286408112
0.0
0.0
0.0
0.0
0.0
0.0
0.04376756109118074
0.4780499174747862
0.08783485931569646
0.0
0.0
0.0
0.028585699144255572
0.0
0.0
0.0
0.0
0.0
0.0
0.0
0.0
0.5174042674991761
0.917767685313791
0.0
0.4162670021283885
0.021377803473411894
0.0
0.021334521806063544
0.0
0.3811032774500127
0.9999998683788341
0.5499931094981476
0.0
0.0
0.0
0.0
0.05448831667934839
0.021511362856387994
0.40243582100425823
0.352043383699589
0.0
0.364640044370228
0.5874028479666537
0.0
0.10119498186613463
0.0
0.0
0.3533228249033713
0.0
0.04628419207305989
0.0
0.07363124002646249
0.0
0.3902179350272086
0.3401946717488862
0.678352692161015
0.31837725224874114
0.0
0.0
0.6372085667942196
0.0
0.0
0.04893182404185015
0.6535316785014287
0.0
0.0
0.0
0.26459632479104156
0.038205640863169577
0.354684893793634
0.13699114787943623
0.34906530524323687
0.0
0.0
0.004833193566431304
0.030510740722310414
0.0
0.0
0.0
0.0
0.0
0.14819079722201645
0.0
0.0
0.0
0.7170495939364971
0.0
0.021644114954222138
0.04851331582005802
0.9935062346916775
0.6914263589994343
0.03601466940978304
0.02290183283605063
0.12057538686604918
0.08760119483110196
0.060307018247788946
0.5096966895254287
0.20961911595673777
0.0
0.24534105392657246
0.0
0.5483856177632007
0.0
0.12198442993641101
0.0
0.0
0.0
0.0
0.0
0.04100143206934326
0.26502633188926605
0.0
0.628802407931089
0.0
0.3767006878499809
0.27590769204630516
0.0
0.9999999981154867
0.7090950863618801
0.0
0.12273844220931496
0.31118184884844835
0.1841496299881904
0.0
0.3839917312488037
0.9612300880774051
0.1283673378139527
0.0
0.0
0.5411849103678699
0.0
0.6089877462121749
0.21248440763917664
0.8286307729767476
0.0
0.4899893656206791
0.0
0.9581453530856908
0.4874934034638644
0.0
0.0
0.0
0.0
0.9716693834439523
0.0
0.0
0.9808056472594747
0.0
0.3280523999619449
0.9559323984907474
0.029139380601817644
0.0
0.6692151877131851
0.0
0.5768562264995334
0.0
0.3442015835492842
0.13271115758014784
0.0
0.0
0.0
0.33799027023404804
0.0
0.0849348003516176
1.4682345942684805E-4
0.0
0.4746976157819771
0.0
0.0
0.0
0.11296777691069537
0.5509466166627351
0.3440127477941741
0.0
0.0
0.0
0.0
0.5142392432508296
0.0
0.6386481183644936
0.5868805574061047
0.0
0.0
0.0
0.0
0.0
0.0
0.0
0.1836988551896852
0.9944406791115104
0.7799367997997706
0.6704271369004109
0.05206573396311842
0.0
0.0
0.0
0.5742754277938299
0.0
0.0
0.5898634853818239
0.0
0.6741402955680607
0.19732409391791217
0.022924977359678578
0.9999999752546417
0.05556747672477358
0.7612059054040534
0.0
0.0
0.0
0.0
0.0
0.6215996673764211
0.32809798166951165
0.6113023641409983
0.0
0.0
0.3499765234138337
0.0
0.0
0.0
0.0
0.0
0.0
0.0
0.0
0.0
0.0
0.03479802325083514
0.0
0.013065224464521186
0.0
0.23525617276263455
0.0
0.13646886414913784
0.0
0.0
0.0
1.0
0.0
0.08454284959075509
0.0
0.5369803973276944
0.5341314064755469
0.7088532534351335
0.14027991208979207
0.0
0.9782530114008092
0.0
0.0
0.030823088045118685
0.3708096190777158
0.0
0.33736257831290695
0.027301225036031607
0.07944107236227427
0.09872724713035907
0.0
0.0
0.0
0.13969271644483738
0.0
0.5496763775355327
0.0
0.2248947015864705
0.12431280370030917
0.09130619252428407
0.0
0.5980369076747845
0.9581330266454828
0.0
0.16466360871485852
0.9617754313270868
0.0
0.0
0.0
0.686379748782489
0.33565698902725727
0.061045561686862926
0.0
0.0
0.12096889174765768
0.0
0.05593166768005964
7.348899188641678E-4
0.0
0.6641793088996066
0.3365240292262599
0.0
0.43046404561867924
0.7247333914859025
0.9915565369406181
0.0
0.0
0.0
0.0
0.021864306624346685
0.5280703796172295
0.9998332525596106
0.6822993446995483
0.0
0.0
0.0
0.5001084153238444
0.0
0.35478815583639645
0.003259189244785965
0.0
0.6147603719572086
0.0
0.0
0.0632697397645463
0.6372089068405022
0.7091736871661194
0.22113833775087
0.0
0.0
0.9827731553791781
0.0
0.0
0.0
0.9619203904779063
0.5274464647012707
0.0
0.16920799844490153
0.15655821279576676
0.759105124891094
0.04886591541186702
0.0
0.0
0.35332429145382216
0.0
0.9999999950549309
0.0
0.0
0.054712972800382786
0.009249149217228747
0.20494363465443688
0.0
0.6943578152541376
0.0
0.5432180995820268
0.5230514775061806
0.0
0.0
0.21653956799647456
0.0363988793100235
0.3538584773678799
0.5793035879290596
0.0
0.8735291775690612
0.0
0.0
0.1527268916950678
0.5342744894412981
0.030736921414415974
0.0
0.7093867289779239
0.0
0.030075718849781552
0.0
0.0
0.0
0.35747471242641093
0.992573621067921
0.0
0.0
0.059070281111039735
0.4732771725777093
0.0
0.0
0.0
0.44539509980887293
0.0
0.0
0.058135794023940424
0.0
0.0
0.0
0.0
0.03175882697334598
0.6479668711442357
0.37285010446109057
0.0
0.6979469677774797
0.0
0.02113323844958237
0.6883697919838767
0.017272557565853774
0.5983059219377755
0.0
0.32367307953963853
0.9642996275515656
0.04970739271629043
0.0
0.0
0.9643631141121102
0.7473271724825699
0.10287867771058212
0.0
0.6209827650410937
0.0
0.0
0.5273960807465756
0.0
0.3538505324554183
0.583492205490282
0.12155484667705063
0.05396179345312113
0.4999375913099098
0.0
0.13679521148736085
0.5216208412633521
0.0
0.0
0.0
0.0
0.0
0.0
0.0
0.4738221847005205
0.0
0.1475819335520685
0.0
0.0
0.0
0.5742756669304937
0.0
0.0
0.046450974655327326
0.0
0.0
0.011705803173878482
0.0
0.9775400890781543
0.5342548505082695
0.14786289509732264
0.0
0.030773488169535623
0.5123386106411154
0.17307937214632607
0.0
0.5723960544372089
0.08287888127439091
0.2172142966652063
0.0
0.0
0.30902061443698137
0.3322186419015025
0.130483069602496
0.02721584658245979
0.0
0.6179102374697532
0.0
0.0
0.0
0.022502803436667773
0.9228871155407302
0.4304720601036661
0.07230652197383547
0.0
0.34432805417634804
0.6176373236692567
0.9863680291310244
0.0
0.9644274748413991
0.4358753987601991
0.16912632529315275
0.0
0.3279438112874936
0.0
0.0
0.0
0.7111105905717126
0.47466074519038814
0.1403581815621222
0.11870745032591756
0.0
0.0
0.9999999987054239
0.0
0.0
0.017245615457191388
0.03082246564138258
0.0
0.0
0.029966778085190438
0.0
0.14076900242077472
0.0
0.0
0.05201763967530959
0.0
0.24095887204477195
0.0
0.0
0.0
0.0
0.29970418189818515
0.9807916241142323
0.0
0.9581478935083543
0.051670278968538375
0.011432588523417109
0.0
0.0
0.0
0.0
0.0
0.26049825110455493
0.0
0.0
0.0
0.0
0.0
0.0
0.9629215148284022
0.0
0.0
0.04404851845175495
0.0
0.02475573687410615
0.061091643586678845
0.0
0.0
0.0
0.5094392745202817
0.6541757174400897
0.0520426472625084
0.0832487444083696
0.08694339110990346
0.9715335695544632
0.0234439879257331
0.0
0.0
0.8822734666514093
0.0
0.6110612424232251
0.0
0.09201915727065801
0.0
0.0
0.7193752752602568
0.3280656924791049
0.5468569715876661
0.0
0.06949219734514589
0.6310229093859895
0.0
0.0
0.97246900280574
0.0
0.0
0.0
0.021346810799126592
0.19055172197258186
0.0
0.0012129994922261966
0.0
0.22495988396256295
0.0
0.0
0.0
0.0
0.5467584286882263
0.0
0.0
0.5417084223259312
0.7592295486879048
0.6263700969506045
0.0
0.7331975228381684
0.5097400141761298
0.0
0.0
0.9740632185712568
0.0
0.0
0.9814673836064619
0.09856169342935961
0.0
0.0
0.0
0.0
0.24934869573609575
0.18356704623173903
0.0
0.0
0.0
0.0
0.1927911743701436
0.2658616287948359
0.0
0.0
0.0
0.0
0.0
0.0
0.020486506017470596
0.0
0.34331952106383024
0.0
0.0
0.7836055520748939
0.0
0.06610144528289619
0.0
0.0
0.15035221189297687
0.0
0.0
0.781197245871253
0.06493718743961041
0.29602171261260357
0.0
0.08109597866533969
0.9695872957439889
0.0
0.3568129668856328
0.0
0.03571396617955125
