0.8971799662453461
0.4600970397307321
0.0
0.0
0.0
0.0
0.0
0.6929968392881235
0.1883143308638641
0.030419352871385127
0.9901457896166255
0.0910468212157761
0.0
0.22852468106974766
0.0
0.0
0.0
0.4829628025323856
0.0
0.0
0.0
0.0
0.08516535411920184
0.0
0.0
0.2716271966797022
0.0
0.2626845474666681
0.6591285620506215
0.0
0.4408191804113942
0.0
0.0
0.0
0.02357273905861322
0.02090471688439178
0.0
0.0419571063927945
0.0
0.0
0.20995071825699885
0.0
0.0
0.0
0.05285385313657279
0.8154559609881711
0.29841404690510004
0.1323898511793567
0.0
0.1316999711675138
0.7194311282039583
0.0
0.0
0.39585228800074407
0.0
0.42242033465147855
0.0
0.6283028220609695
0.19989500491538423
0.0
0.6873434457529457
0.6029433753080026
0.0
0.0
0.0
0.6861448189037833
0.0
0.22489523931442704
0.0
0.0
0.0
0.0
0.0
0.0
0.0
0.0
0.0976341476084423
0.06705318964679605
0.0
0.0
0.0
0.8276726042167162
0.0
0.0
0.0
0.4230153484353482
0.0
0.4224051284571405
0.0
0.43188340401677766
0.0
0.0
0.0
0.0
0.0
0.0
0.0
0.0
0.5139752805476857
0.006333053085544636
0.0
0.0
0.0
0.3383790064946977
0.0
0.11155510666478084
0.0029397981647341287
0.23321565221506782
0.49354760676370013
0.0
0.0
0.8295422366673432
0.0
0.49769342359835134
0.23081929028005946
0.7682406382153292
0.0
0.0
0.0
0.1527167572947179
0.0
0.0
0.31792841130111826
0.9197067498832534
0.0
0.06059174737785547
0.5689654014284967
0.0
0.2954306137940443
0.0
0.0
0.2747808510742025
0.0
0.0
0.27024172285750675
0.9313676828044557
0.0
0.0
0.0
0.0
0.0
0.0
0.0
0.0
0.0
0.924112195881518
0.49707702110773433
0.0
0.5518052022618811
0.5952389533451029
0.0
0.545880538478977
0.0
0.582128981721294
0.0
0.0
0.0
0.0
0.26223815409766954
0.07831292460799127
0.0
0.0
0.0
0.0
0.0
0.13885555342645983
0.2502715681194291
0.0
0.8418621918883242
0.0
0.6246905425222242
0.6987293161326251
0.9468930103830896
0.0
0.7579952021749657
0.0
0.0
0.33424053593516045
0.5525649676339517
0.13545288588327775
0.8605320383988333
0.0
0.0
0.4359476786094586
0.0
0.0
0.8717177046869682
0.1953069590589205
0.8375024190539654
0.5968042273366172
0.0
0.0
0.0
0.0
0.5654176764244271
0.06003043303817356
0.9285423797393357
0.0
0.0
0.26459265223269346
0.6891017794938384
0.8712104128006947
0.0
0.9010913541617306
0.0
0.0
0.7961010509519532
0.2890624446818751
0.0
0.0
0.0
0.0
0.1225872064126867
0.0
0.6988978341074233
0.0
0.0
0.0
0.04601263825709261
0.7233879910839839
0.0
0.8078287284501044
0.0
0.0
0.31232837643371303
0.812576131639088
0.0
0.7101245765663673
0.4405027395487836
0.4402450199808214
0.6084615240317864
0.21720712044538948
0.0
0.0
0.0
0.0
0.0
0.4091989198004709
0.9034211527331683
0.6613658282648642
0.8180177039460652
0.6265537403276016
0.0
0.8497408238696309
0.7353040207109888
0.0
0.030893740801210184
0.0
0.0
0.7303797907391267
0.0
0.854402096971265
0.0
0.8904467304360867
0.0
0.0
0.3255884196977395
0.0
0.0
0.350190029540081
0.21409499593922793
0.9267676425463851
0.86758977450075
0.25660308280949456
0.0
0.6949958250427627
0.0
0.24629669940196924
0.6462127096665837
0.0
0.1669108731276733
0.15776698475936854
0.0
0.9478086131830408
0.0
0.20805084996942175
0.05343967827977249
0.2968858564925423
0.018065056390629886
0.9684407151231366
0.0
0.0
0.0
0.0
0.42711229202087225
0.09683106950471197
0.0
0.5486200234577395
0.0
0.0
0.0
0.0
0.9855833458140002
0.7428693928571737
0.0
0.0
0.7869304627944264
0.82989875151798
0.0
0.0
0.8396891038071552
0.8607607252676787
0.0
0.3392303088586232
0.5229286500524263
0.4816154933673378
0.26209735849233545
0.0
0.0
0.30400697221927736
0.26142479738638014
0.0
0.8231521918771707
0.0
0.23974737227746498
0.0
0.8901119104817959
0.0
0.710006430394002
0.0
0.3714133531787155
0.4781435673455075
0.0
0.0
0.0
0.7928046227481388
0.0
0.3932986202815917
0.6462340241982721
0.9488781594922029
0.0
0.0
0.4141821018908633
0.0
0.6239108446152489
0.37199276722614616
0.0
0.490654118728119
0.0
0.0
0.14304744147052129
0.5398483306557909
0.6179565286861305
0.1817370260887129
0.8743177340657066
0.11510282563698902
0.0
0.8662647652004972
0.0
0.0
0.0
0.22989821230445806
0.0
0.0
0.23908847987624965
0.6814745478715225
0.0
0.0
0.5584834173429574
0.0
0.0
0.0
0.0
0.009716152448456365
0.7710930801287056
0.0
0.2342655039424645
0.0
0.0
0.5995074524755782
0.864078249744191
0.20702969017810394
0.2048607760741417
0.3258613100182189
0.3672048175496725
0.5875307729327408
0.5549558599801628
0.0
0.0
0.8974745028077975
0.0
0.0
0.0
0.05608987877760202
0.0
0.0
0.0
0.0
0.0
0.1905511532243608
0.9267752314033063
0.0
0.0
0.4884936466692291
0.249088513759247
0.0
0.0
0.0
0.0
0.03648711495263447
0.5451717078447774
0.0
0.0
0.8416279825434688
0.23098254788191472
0.0
0.0
0.3837033237143408
0.0
0.6549157921602569
0.0
0.0
0.6907539409988295
0.0731490510760134
0.0
0.9173296172254978
0.0
0.0
0.0
0.9788756943781641
0.4572897407142786
0.19844802043770546
0.6169028242972104
0.046455384124879366
0.6257114399095142
0.0
0.6154144337991118
0.0
0.6545893800176408
0.0
0.0
0.5172641058624555
0.3749749152982637
0.7082759839344653
0.4298434333563342
0.0
0.25677575376800377
0.5485765456643277
0.5815092525310122
0.0
0.9060220204153884
0.0
0.0
0.0
0.5712315821876802
0.28365186953086324
0.0
0.0
0.0
0.0
0.0
0.0
0.0
0.0
0.9942521478003327
0.0
0.022093527766200202
0.14755216615513267
0.0
0.0
0.0
0.21334694320143752
0.574623643211174
0.0
0.0
0.0
0.7902562427859737
0.0
0.5193771293202408
0.0
0.0
0.06800364063953931
0.0
0.0
0.0
0.0
0.0
0.0
0.0
0.0
0.0
0.052416612610597144
0.5804470477896735
0.0
0.0
0.0
0.6270247013015685
0.8743361945921853
0.0
0.0
0.8662771534361757
0.9436700492892423
0.2215305324475706
0.0
0.0
0.0
0.6675099450226433
0.27079432379223
0.9125231057654972
0.0
0.0
0.8963408073265053
0.5309233644884883
0.22931332045830694
0.0
0.0
0.0
0.0
0.0
0.0
0.0
0.6107862934898685
0.0
0.6882644680844213
0.30108722670486193
0.0
0.0
0.0
0.0
0.05503550815126478
0.0
0.0
0.18819938509892828
0.16876877081533173
0.1637701055394241
0.0
0.0
0.0
0.2857363620224466
0.0
0.0
0.0
0.0
0.0
0.5835477760296851
0.5940584027272087
0.9887732454142756
0.0
0.0
0.8155859837882163
0.0
0.0
0.4459687341314007
0.7050928420092273
0.10686283679331376
0.0
0.0
0.9406237706256926
0.0
0.625263098358027
0.3266262526723575
0.0
0.08459663156252675
0.0
0.0
0.0
0.25005249390440853
0.0
0.8465451635486828
0.0
0.0
0.0
0.3910554505342601
0.0
0.9194122198513123
0.0
0.0
0.0
0.5949577162865597
0.0
0.04667573789000526
0.5160146832869318
0.5699635427980875
0.0
0.7990411221023532
0.0
0.07266619662995004
0.8216520135247983
0.0
0.5087237944137728
0.36932061680602
0.21698854647028992
0.839916271086863
0.0
0.0
0.0
0.5303373380145826
0.0
0.5260176123789019
0.0
0.707077130450821
0.4732262920856395
0.0
0.0
0.0
0.3899689353217944
0.3352850388181515
0.0
0.0
0.20088792139800116
0.0
0.0
0.0
0.0
0.0
0.0
0.8953789678401002
0.0
0.4749959217676945
0.0
0.0
0.9664820341124387
0.11802143229497564
0.0
0.9313130579815503
0.0
0.0
0.0
0.906094550411212
0.38148089156744386
0.14127755972489708
0.559410508144256
0.10531429697406994
0.0
0.0
0.0
0.0
0.0
0.0
0.0
0.0
0.0
0.0
0.0
0.0
0.7941783598521128
0.0
0.0
0.0
0.7231373350415318
0.0
0.9492686977522033
0.3452761988453367
0.0
0.4608192721865815
0.0
0.9553006212332804
0.0
0.0
0.0
0.0
0.18277041395874316
0.0
0.0
0.0
0.7779627258028105
0.0
0.0
0.0
0.0
0.31434342657513564
0.0
0.0
0.0
0.0
0.0
0.0
0.0
0.0
0.16145332945497268
0.0
0.0
0.8071609956123286
0.3974955539349048
0.0
0.815454952755288
0.2372868994660587
0.49001391813811335
0.0
0.0
0.6245641625900833
0.46969546810223656
0.1832918571119914
0.0
0.0
0.32288952119793474
0.0
0.0
0.8201666674712147
0.0
0.0
0.24349196727346586
0.0
0.6032569910623006
0.2899788143728645
0.0
0.2526645139914249
0.0
0.0
0.8242343061383207
0.0
0.5373863024288063
0.43821098831292865
0.0
0.5006495884437648
0.6162713325270297
0.7885365250336658
0.0
0.13322998936899896
0.7832490548699824
0.0
0.10925840958294689
0.0
0.0
0.0
0.0
0.0
0.5999406284156485
0.17786730026523073
0.0
0.0
0.0
0.7882426647456978
0.0
0.0
0.3293127734237195
0.6052187017773442
0.0
0.21817754108902015
0.8310821200773001
0.0
0.3418810133747808
0.0
0.0
0.08831716962508303
0.0
0.5538799982696672
0.0
0.0
0.9071263742618543
0.13730961843089678
0.5237663291799681
0.0
0.0
0.0
0.0
0.0
0.0
0.0
0.0
0.0
0.0
0.18804228348674248
0.0
0.2187926182656195
0.0
0.0
0.9205164994839297
0.0
0.4174106730281183
0.0
0.0
0.0
0.996642950089628
0.3180858706939744
0.0
0.5052258674559255
0.8924774321176631
0.0
0.358847932816919
0.780253481866369
0.0
0.4942176673467522
0.0
0.6840521331965383
0.0
0.0
0.22840294473005532
0.9681806865421808
0.0
0.5092548944867068
0.0
0.5083416628738241
0.0
0.0
0.0
0.0
0.0
0.0
0.0
0.0
0.5239857925211466
0.4298451554789591
0.632398537275885
0.8626564125063122
0.17226785775403566
0.0
0.0
0.3128874416614335
0.18314973036551468
0.0
0.32384536680885395
0.0
0.0
0.0
0.5634691782747202
0.0
0.0
0.0
0.0
0.10396682397018456
0.15894145034596582
0.0
0.0
0.0
0.9224521514187736
0.15489071045844832
0.0
0.0
0.3895474165970211
0.0073589684143676995
0.0
0.0
0.6009981322099468
0.0
0.0
0.0
0.0
0.9704054375005801
0.0
0.0
0.2822037151923489
0.0
0.1852988254501775
0.0
0.11104909103941141
0.14828490163450947
0.0
0.03153307651288714
0.0
0.07762499122893815
0.045996023761983834
0.0
0.36528147740518235
0.6097863875953334
0.7992382889249422
0.6624776643251725
0.29512760657605963
0.0
0.8346871545308778
0.0
0.7952523506614672
0.0
0.0
0.19027687923923506
0.02935262577737037
0.38594852088732406
0.0
0.0
0.0
0.35916859303450493
0.0
0.0
0.0
0.0
0.6516087182317057
0.0017427801533866122
0.0
0.7739134006111954
0.0
0.7026121152862795
0.23802113602058614
0.7012158265815859
0.39838325357538285
0.0
0.09806734628683372
0.0
0.754811259580368
2.1461237683176088E-4
0.0
0.0
0.0
0.015593709214861652
0.0
0.06459647628933879
0.8738495846748943
0.6613344417016984
0.0
0.11652759049269697
0.05030431241343393
0.5204513873441607
0.007356961549808941
0.4506178800098391
0.07810279961971694
0.0
0.1217212276887142
0.0
0.0
0.0
0.0
0.0
0.7915416604984503
0.0
0.7487798709656273
0.0
0.0
0.7595529811253258
0.5158475956792605
0.15367811691270472
0.0
0.0
0.7661027492501352
0.0
0.0
0.24386750143825525
0.3147102431964214
0.6484055837331043
0.0
0.5220009161121651
0.0
0.6083022119162694
0.1057470116862271
0.0
0.8739415026375543
0.0013680649996882406
0.0
0.0
0.0
0.9640218844398811
0.0
0.0
0.11905882592903023
0.5213814703556023
0.44110075837415524
0.0
0.0
0.0
0.0
0.6220310112322047
0.9147016784394959
0.0
0.0
0.3484772353760303
0.0
0.7306864768094656
0.0
0.30714908326050594
0.0
0.0
0.49134983318532277
0.0
0.0
0.8919968087884432
0.7120332887475397
0.2837010628816319
0.6304661239528546
0.7502096416783056
0.15774982791829378
0.5651097852830549
0.0
0.0
0.0
0.0
0.9899433271299055
0.0
0.0
0.0
0.0
0.0
0.0
0.0
0.0
0.0
0.0
0.0
0.8945556800418364
0.28031203222143
0.0
0.0
0.0
0.19308782436002617
0.4848126067332715
0.6752051407747288
0.0
0.6304857300881669
0.4997189920377106
0.4647591116853962
0.8633156449328199
0.24832951268478368
0.24798429032985972
0.9849658072548395
0.10748867721819337
0.0
0.0
0.9181867843874433
0.8646485091469868
0.5487725760545212
0.0
0.5631749833634657
0.5616672662833097
0.0
0.0
0.0
0.2531824675853256
0.0
0.10263898050761984
0.48569535119397594
0.0
0.8187446179943582
0.0
0.0
0.8460014188837524
0.0
0.9146901100770595
0.0
0.0
0.3168592944118185
0.0
0.0
0.4017736325901111
0.0
0.5551453317521567
0.37843681816105607
0.44881442686244416
0.0
0.0
0.8556850912501166
0.0
0.0
0.0
0.06143795084735451
0.6404896588515955
0.20802824212105325
0.4201330847829671
0.3106774762560901
0.9312408014887796
0.9893394531388803
0.0
0.0
0.9210082806819887
0.7231889071878347
0.0
0.87808231970543
0.24963332112834807
0.0
0.0
0.7044281416016401
0.7083707147542851
0.21623213064049132
0.31304768551686996
0.025633382623098937
0.0
0.00986813510698682
0.0
0.6247235479655774
0.8463892546434827
0.3040870880926701
0.0
0.0
0.21284809690256337
0.3229719922912263
0.10977193172169383
0.0
0.5399566977678011
0.22936718370241396
0.0
0.0
0.0
0.8231127545702139
0.0
0.7103866790739921
0.28864141303379526
0.0639745913829831
0.1710092624931418
0.0
0.0
0.0
0.0
0.0
0.1258073732707775
0.0
0.9653977526496865
0.0
0.0
0.8390706260057783
0.64546838624004
0.0
0.0
0.0
0.0
0.0
0.0
0.2165920868975352
0.0
0.0
0.3169644381363639
0.0
0.6528300329257597
0.0
0.0
0.8354130588708075
0.0
0.0
0.9383440593536656
0.20865704730656806
0.0
0.0
0.9103208500105421
0.0
0.0
0.0
0.29178707915219426
0.0
0.0
0.28686709574542024
0.08567412086822082
0.0
0.0
0.0
0.0
0.0
0.7028216438337678
0.75459831653662
0.0
0.0
0.6943186259746335
0.0
0.0
0.5127285792691662
0.0
0.139874650719735
0.7738826919622008
0.5914740937832367
0.7624196653623407
0.7473318435369721
0.0
0.0
0.0
0.0
0.0
0.23922617791353612
0.0
0.6529236752501576
0.4900353087518476
0.9863269069591837
0.0
0.6289410071220111
0.0
0.0
0.0
0.8067561849411488
0.5420797060946151
0.0
0.7128735141362064
0.8882817113277441
0.0
0.0
0.12045145341127099
0.0
0.0
0.0
0.3434911933061721
0.0
0.0
0.0
0.0
0.7475862690333905
0.35591990221759523
0.0
0.6480497607469626
0.0
0.0
0.0
0.9532116259476076
0.8381685918235786
0.7653516633689934
0.14861151569972741
0.4276996290856857
0.0
0.0
0.477745973921126
0.0
0.0
0.1161663017963603
0.7518476096430249
0.0
0.0
0.0
0.8629954773385757
0.8387031027192567
0.4690112580493982
0.057043952031932306
0.0
0.0
0.0
0.23088665574267808
0.0
0.0
0.0
0.0
0.5429165572989126
0.0
0.0
0.795092088138912
0.2697413382041058
0.0
0.8273417834717317
0.0
0.0
0.16532187067921014
0.0
0.6584664747001735
0.0
0.0
0.8476655228299628
0.38575972217377735
0.4954347811314573
0.0
0.916531995083363
0.0
0.0
0.41687076060709344
0.3048773247238575
0.19782709283296085
0.0
0.0
0.3602556967263859
0.4696522695083728
0.0
0.11098753301727911
0.0
0.0
0.0
0.35114867887833373
0.0
0.38086083951856425
0.0
0.0
0.5227810359168645
0.0
0.5977771702466181
0.0
0.41368143028845533
0.0
0.0
0.0
0.8481569926347867
0.0
0.8626290745825074
0.3304200571433086
0.0
0.0
0.14873885477388332
0.0
0.13426212204859855
0.08796396262419766
0.0
0.26103830402276607
0.9286222132307101
0.0
0.7623307732063316
0.0
0.11356251997117373
0.0
0.0
0.0
0.0
0.0
0.7392456443776806
0.0
0.0
0.22441780818399779
0.0
0.29080039843314487
0.08241390466256852
0.3104751554649566
0.0
0.0
0.8030147098430397
0.0
0.0
0.37465632405601385
0.0
0.374786757520537
0.0
0.0
0.11517354083893408
0.015315625825358087
0.3754436230431237
0.0
0.0
0.0
0.0
0.0
0.0
0.021136986189871674
0.250382333342374
0.27701572393562185
0.39243857843081453
0.0
0.0
0.0
0.3545430582038592
0.8937759530041
0.0
0.7240167662479133
0.0
0.5871760573288202
0.0
0.0
0.17358831354996965
0.0
0.11543796431589934
0.0
0.0
0.028281674403514766
0.0
0.7751393108708029
0.0
0.16006383397216317
0.21411547177504037
0.23238020737617984
0.0
0.0
0.0
0.9002181405282771
0.0
0.7537824054693573
0.13977926936883733
0.6665534360217975
0.2488723854856913
0.0
0.0
0.43411176274142715
0.0
0.0
0.0
0.0
0.892037821614357
0.0
0.0
0.7710664026038809
0.6867109724067841
0.893270932135789
0.0
0.30451641237356214
0.6392202740352881
0.6743960958484261
0.21798451110167208
0.0
0.2421725479372509
0.0
0.0
0.0
0.1278680810534598
0.5142072278723354
0.10782072429591082
0.0
0.0
0.0
0.06035326847964362
0.28797976286936244
0.8073455624082034
0.02099315818356366
0.12369562082836123
0.36882644943586795
0.0
0.0
0.0
0.0
0.05279824589862516
0.0
0.5791387456383779
0.06937119386015511
0.3404034823426059
0.0
0.03594694152286433
0.6603642135065367
0.2977861210531258
0.0
0.0
0.0
0.0
0.0
0.9080229781158536
0.0
0.8561833810637057
0.7340909851943817
0.8410532109670311
0.5577931055078508
0.8751875739881931
0.2581925950056929
0.0
0.42298660209345895
0.0
0.44248064325996916
0.7144418814936344
0.6328210158040074
0.0
0.5820773026655807
0.3792878103596351
0.0
0.0
0.0
0.6694984132208301
0.0
0.0
0.03387853622556416
0.2155662151483119
0.0
0.0
0.0
0.0
0.015185834778005091
0.338260758857195
0.0
0.6280852221257884
0.6070714560550166
0.0
0.0
0.0
0.0
0.0
0.9128623320895826
0.0
0.0
0.1702855423399427
0.27121959164567416
0.0923451263651268
0.0
0.26784514380438335
0.0
0.5376844494671298
0.022461579745955612
0.0
0.0
0.0
0.0
0.46412225604764756
0.22476701135672103
0.7997965733939364
0.1454596923837975
0.0
0.17738545249254192
0.0
0.0
0.9267113136060396
0.0
0.0
0.0
0.0
0.20166222804071365
0.0
0.04761722862349684
0.0
0.0
0.0
0.12071692102192702
0.0
0.0
0.0
0.2753330509993792
0.0
0.0
0.0
0.0
0.0
0.0
0.9706268714548691
0.0
0.2846786426602753
0.0
0.0
0.0
0.0
0.0
0.0
0.1983959481961788
0.5059906533966935
0.0
0.4945934061861058
0.5959752322062722
0.47289347385905506
0.0
0.0
0.0
0.6267098740688434
0.0
0.0
0.0
0.0
0.0
0.0
0.0
0.1804207843331349
0.8070368015187103
0.256885627704039
0.44326646990661533
0.042198032809570046
0.022660414900129332
0.0
0.19112437834829968
0.8375524127764321
0.7765499635960907
0.0
0.0
0.0
0.0
0.0
0.6997410529401328
0.0
0.0
0.0
0.0
0.6247872679964277
0.8894234637726046
0.0
0.1006246940231734
0.21922923582077722
0.0
0.8852309183501289
0.941665372405324
0.5961804131950108
0.0
0.0
0.0
0.0
0.36662054784145653
0.7485509395230444
0.7541334381297766
0.0
0.0
0.0
0.0
0.0
0.0
0.0
0.47450599811699135
0.0
0.09786130522045479
0.9767744786177229
0.0
0.0
0.0
0.0
0.6384158745405133
0.0
0.0
0.3034670212127468
0.0
0.0
0.0
0.0
0.43978552615392275
0.0
0.0
0.0
0.22044575151542395
0.0
0.0
0.0
0.0
0.0
0.14085122397387836
0.0
0.9861072002032183
0.6589590281815074
0.0
0.6639680792134534
0.390162541344042
0.0
0.0
0.02028731266392115
0.0
0.0
0.9396286636984323
0.0
0.09243524490686325
0.9936400969498892
0.972177857945691
0.26001914844658575
0.0
0.0
0.0
0.3173227165666652
0.07962912688468539
0.0
0.0
0.8193267010667482
0.7079216982018336
0.49268114627448745
0.0
0.0
0.0
0.0
0.09957173357134239
0.0
0.660439428427566
0.5048005810008755
0.0
0.0
0.0
0.0
0.0
0.0
0.875566139698153
0.3397726805326027
0.44486167827364315
0.0
0.8441599829862124
0.1809038575828551
0.7753917113517076
0.5228108044658075
0.0
0.0
0.0
0.017335781137335818
0.5302246862496675
0.0
0.7083677358767306
0.0
0.34650089611450363
0.0
0.8410638553613061
0.2675095132317364
0.0
0.6991343789604314
0.0
0.0
0.0
0.0
0.07622189758419497
0.3651997806518953
0.0
0.5419460311163761
0.5429386259398322
0.0
0.008137360013430303
0.09570390040862861
0.0
0.0
0.6155478039894656
0.0
0.0
0.0
0.0
0.5252691516190464
0.0
0.10255360008153569
0.012036033113821256
0.0
0.08968547718421678
0.0
0.0
0.7810260137639905
0.8437080514462862
0.0
0.1275677080148567
0.0
0.0
0.0
0.0
0.4681187501560303
0.0
0.0
0.0
0.5284694838582283
0.06525978715182072
0.32002014400766915
0.0
0.9263404304752769
0.02441227878361793
0.0
0.7570842005550661
0.11896182998959433
0.0
0.0
0.8080673451393109
0.07515073044044891
0.7643328423916615
0.5567924447620306
0.0
0.0
0.03802608067920596
0.0
0.0
0.7095366919073832
0.0
0.0
0.6507467499858774
0.0
0.0
0.0
0.843205052509366
0.0
0.0
0.0
0.0
0.0
0.40810474013737214
0.932948736449074
0.0
0.0
0.0
0.0
0.31032510366289423
0.3781986263696825
0.22999473281123056
0.0
0.0
0.0
0.03001344430195117
0.20334197659105258
0.38277987822167
0.0
0.0
0.0
0.0
0.0
0.4251560889926994
0.0
0.0
0.0
0.6945053973745288
0.6192962750783071
0.0
0.45252430834566576
0.0
0.0
0.702059866397092
0.06969452451340861
0.0
0.3909781330700845
0.3053972368790835
0.0
0.0327209079956225
0.3200523391683186
0.0
0.0
0.8760393439979118
0.6252067139781313
0.0
0.4213719836391687
0.0
0.0
0.07711031261349459
0.0
0.0
0.27359491615417036
0.0
0.0
0.3579247884015652
0.7374644281557932
0.26605636679102307
0.0
0.6009591277902241
0.0
0.0
0.6422000638689853
0.0
0.7201835034747965
0.5420076551362404
0.7539148352402237
0.3182671741081639
0.0025881975048522438
0.8044118348583964
0.6100786356731681
0.0
0.5128584123474602
0.5136711734563476
0.5818096531970621
0.0
0.0
0.0
0.2541623989147874
0.0
0.0
0.0
0.0
0.0
0.42476105287256527
0.405822670725438
0.0
0.5920780186531931
0.0
0.0
0.0
0.0
0.0
0.6246726344253795
0.0
0.3680224133128163
0.14341973642284053
0.0
0.0
0.0
0.449561502111874
0.0
0.0
0.0
0.0
0.362411704331094
0.0
0.07838145548922572
0.6150971091055656
0.09650267774216766
0.8791736864347817
0.9195644338024355
0.7679407834103449
0.6996967373820382
0.0
0.0
0.0
0.19024330603834264
0.0
0.0
0.46398608303157624
0.0
0.0622941819346776
0.0
0.0
0.0
0.22333323390281004
0.4363126469844877
0.13319876267907993
0.0
0.0
0.5777505714174946
0.0
0.6624752046941879
0.0
0.3820665767983083
0.3303065750607922
0.0
0.2495235792496659
0.6874780269114573
0.0
0.7796282307457544
0.12355399708623778
0.0
0.0
0.0
0.0
0.0
0.6813429249589614
0.0
0.29579270354030507
0.0
0.23020672957912583
0.12249541445245096
0.010035177517980224
0.30696715586620704
0.0
0.0
0.39039914976261175
0.0
0.0
0.0
0.0
0.0
0.0
0.8592763000804581
0.0
0.2387423004490634
0.0
0.7010814205234969
0.4973846029988935
0.0
0.0
0.0
0.17653657343181314
0.0
0.0
0.647421382814654
0.8919191650839313
0.0
0.43342324315297126
0.0
0.26686412421772177
0.391776549363661
0.5899243065000115
0.0
0.0
0.0
0.8877937492738277
0.6754977924499741
0.0
0.8419111577972772
0.0
0.0
0.5432976974836351
0.27295649602426675
0.3076220777589189
0.0
0.0
0.0
0.0
0.0
0.7332864414092002
0.04150087773155986
0.8438855096734109
0.4655430677330173
0.12796659361936727
0.0
0.0
0.5127526246901574
0.0
0.205904558328613
0.0
0.0
0.5673219803633384
0.0
0.57105785656482
0.0321368858446753
0.3631042197640264
0.003630984425059755
0.0
0.0
0.21891846036215531
0.0
0.0
0.0
0.0
0.0
0.7440410603350147
0.08592724433620116
0.22956563313764872
0.3883709673262777
0.6096516770090273
0.6911382920813863
0.0
0.023008035346720995
0.0
0.27281947290696384
0.42723378402581186
0.919785711189815
0.0
0.8969126972105027
0.9527570160504387
0.0
0.0
0.5378447874245779
0.35927159726564806
0.47026653731361184
0.0
0.2890587414854816
0.002170169425882392
0.6408963572926942
0.0
0.0
0.0
0.9974710375320439
0.9251096062213928
0.0
0.4368006325193205
0.0
0.6423647166668662
0.0
0.04480399641330405
0.9087490273712173
0.0
0.0
0.0
0.0
0.9642464513755833
0.0
0.5257608246192302
0.0
0.0
0.01795990152261392
0.0
0.6526556121782723
0.0
0.0
0.0
0.1102841012516659
0.6615393133249975
0.0
0.542093006637235
0.8764292475393215
0.4177432244068153
0.6311731352516854
0.8008594314458435
0.0
0.0
0.0
0.8320257899186924
0.0
0.0
0.5938104229724047
0.0
0.9280139712633659
0.0
0.0
0.0
0.0
0.7249594920976068
0.0
0.0
0.5909010225038257
0.4879415152103108
0.9425599524164838
0.0
0.0
0.09756542380168721
0.32810583894083
0.0
0.0
0.0
0.5948562651581341
0.0
0.0
0.0
0.0
0.4920801203355561
0.0
0.0
0.0
0.23609421487186122
0.0
0.0
0.0
0.3458718306425696
0.0
0.15673138789962282
0.0
0.0
0.0
0.022880468353857666
0.4914368391696859
0.6056529099410992
0.0
0.0
0.0
0.09441508357796702
0.0
0.2712874105257361
0.0
0.1777527533239952
0.0
0.0
0.20111858959753287
0.0
0.05361364931066391
0.0
0.0
0.0
0.8683613915509524
0.9933532379770073
0.0
0.0
0.7510513594932696
0.9562582640595411
0.0
0.0
0.868227657139835
0.21331379513364485
0.35143948148071175
0.0
0.49337990674461046
0.0
0.0
0.0
0.37914364877536594
0.8462929125769938
0.20164243878200858
0.0
0.7159715528577353
0.6989525196088565
0.0
0.9792210771059058
0.0
0.0
0.0
0.0
0.0
0.0
0.0
0.0
0.4732665590984844
0.4497369868890265
0.528490977949401
0.0
0.0
0.0
0.9658397977673749
0.3271434676295194
0.2840475329083752
0.0
0.48640603149106865
0.7623080148723725
0.8925111594701381
0.5425304178909767
0.030152713942637525
0.03789728137323547
0.7336051566458957
0.0
0.0
0.9739921295354291
0.0
0.0
0.0
0.17106034752577748
0.0
0.20000796123408482
0.0
0.0
0.16385565302878274
0.9846447406465841
0.8392514405195511
0.0
0.2113137701195287
0.0
0.0
0.0
0.10158532209003761
0.2212415558563234
0.0
0.0
0.0
0.0
0.8491995476136426
0.0
0.7083172911293953
0.06536871570506829
0.8264900622545643
0.4967724660649803
0.6824950253101056
0.7459554012718146
0.0
0.6643454974876343
0.3610743331619635
0.0
0.0
0.0
0.5333648550505715
0.9604150414052597
0.0
0.3217044330600492
0.0
0.0
0.0
0.008836574624355447
0.0
0.1864496654228785
0.03954624549584679
0.2593755463058067
0.5671757764333726
0.2922369802271396
0.2565802220628792
0.0
0.7552704670434959
0.0
0.0
0.0
0.0
0.9656648105000213
0.0584856876266712
0.11954932656951107
0.0
0.0
0.0
0.0
0.0
0.5120706989326326
0.0
0.1783397453966645
0.8013438483721783
0.3441972426169781
0.0
0.36013912408131293
0.9608162747318776
0.0
0.0
0.0
0.5157719020085539
0.0
0.8760867122036731
0.0
0.0
0.0
0.6671349352838489
0.0
0.0
0.5652685753588208
0.0
0.0
0.0
0.13217930169596762
0.0
0.1226309888365799
0.49030501145116445
0.49943241612845307
0.0
0.0
0.0
0.32364752832269994
0.0
0.0
0.0
0.0
0.0
0.0
0.30170957100528567
0.09903661159185632
0.0
0.8747082654137333
0.0
0.0
0.0
0.0
0.0
0.3168360922889752
0.5910598986037897
0.0
0.9505344890167163
0.0
0.0
0.9860957265630291
0.7505530808109825
0.7042772881782695
0.49804844727769376
0.0
0.0
0.0
0.44118480081699263
0.0
0.39410847406992233
0.8978112667794301
0.934727098393307
0.7381193587305553
0.06723494723664931
0.0
0.0
0.0
0.8328919926276234
0.7760333801324782
0.7533731805185813
0.0
0.0
0.9677419298605742
0.9218956230914942
0.14327247248615907
0.7161842449490416
0.12225960738917899
0.04636743602641038
0.0
0.4428835503573977
0.7070948443584631
0.0
0.1414890507483224
0.0
0.0
0.0
0.3152651583105787
0.0
0.5090878034957178
0.0
0.38253317010600646
0.0
0.8139732805009949
0.0
0.9864491981483491
0.3573348649485298
0.8467738994174995
0.0
0.0
0.6158268455873445
0.24561176789004904
0.6795054140241882
0.6740570775297527
0.6238478031130614
0.0
0.7544768772787086
0.08680890370315263
0.0
0.0
0.048764956109814774
0.0
0.0
0.5091055318687696
0.38537143718420724
0.5731558296539028
0.0
0.0
0.0
0.0
0.9579979991067301
0.0
0.0
0.7336722996216276
0.004991494904487507
0.0
0.8746807324388325
0.0
0.0
0.0
0.7041409314240843
0.11537445546935858
0.0
0.0
0.0
0.971092648677879
0.0
0.0
0.0
0.6691043782382055
0.0
0.12681485277728877
0.0
0.0
0.3552551711570632
0.3291168687884033
0.0
0.04238986689972384
0.0
0.0
0.5485140631526263
0.0
0.5787322129840077
0.3439087418859933
0.9006664570747518
0.4466686195615038
0.5543619256784653
0.10301470532017129
0.0
0.6726459317339901
0.8223646637449605
0.0
0.0
0.4097573263789222
0.0
0.0
0.0
0.0
0.0
0.731108296345992
0.0
0.0
0.1799456849663485
0.0
0.0
0.0
0.0
0.44035020152089
0.09718457247186442
0.0
0.10447495053260686
0.0
0.9914016645823005
0.6081326732306721
0.5606646059420897
0.18224587602860634
0.0
0.2951533270029737
0.6989396377373993
0.0
0.0
0.3333539460309097
0.0
0.0
0.25723150842196396
0.0
0.20151297885084163
0.0
0.2232551511166761
0.1112872701942716
0.7281279168796155
0.5695594112869
0.998056517175188
0.47667854250563146
0.0
0.03921457441892951
0.0
0.0
0.0
0.0
0.670231210492474
0.7150912522322119
0.0
0.5011113232041517
0.700951799250271
0.4536582895753365
0.0
0.0
0.4160534008289866
0.0
0.0
0.9625224785623807
0.7449953381199622
0.52691550350142
0.0
0.5591451554473043
0.15121738643399335
0.0
0.0
0.0
0.17791234106502693
0.0
0.0
0.48748304876697945
0.6339856518033656
0.9497515045382906
0.0
0.0
0.2583950663096629
0.4695859151969165
0.8205589094257577
0.13186367459258924
0.7886507322719271
0.0
0.0
0.31293131396030366
0.0
0.48534211605209093
0.9322032030862006
0.6594152207572447
0.0
0.6426513234526635
0.0
0.7665952279088
0.0
0.0
0.2873887038396046
0.9436576563481988
0.024013789113640476
0.24271353543640511
0.0
0.0
0.0
0.0
0.0
0.0
0.44628899191072463
0.0
0.521058514059594
0.3951375496629063
0.9678602871885331
0.0
0.0
0.0
0.0
0.0
0.0
0.6915241444929823
0.0
0.4870791860549441
0.9238878779484256
0.04898232097871969
0.712209324853528
0.0
0.0
0.9953096771992695
0.0
0.0
0.08000222830165711
0.4350308023427252
0.0
0.20248763844629375
0.0
0.7207046633258775
0.9576537685605757
0.0
0.4951926488174985
0.20136630580541817
0.0
0.0
0.7786489470132691
0.0
0.7148392757949057
0.47030524017118375
0.0
0.10022876014206425
0.22615435804301795
0.0
0.0
0.0
0.0
0.0
0.4072326621288459
0.4575927584662581
0.0
0.0
0.19403631403906302
0.0
0.0
0.0
0.0
0.0
0.9228774064960431
0.0
0.0
0.0
0.42544854883323685
0.35902074304889015
0.0
0.0
0.6443745006370264
0.0
0.0
0.6083250938878002
0.0
0.0
0.3715420460041424
0.0
0.11606174148738882
0.0
0.8928090507383476
0.0
0.0
0.9925824820209553
0.3621510369922365
0.0
0.0
0.0
0.0
0.0
0.0
0.029501450413336655
0.0
0.6258653731124342
0.0
0.549005929404325
0.059104774807552274
0.0
0.0
0.0
0.0
0.0
0.0
0.24865960334764137
0.21080988909121892
0.0
0.7493637152574257
0.0
0.7435709772721361
0.2654045943735919
0.8091546778720484
0.0
0.0
0.2076444786597292
0.11347656272139217
0.0
0.7046303994423602
0.0
0.1073212065955996
0.0
0.7160837710534276
0.0
0.7652461432559359
0.0
0.0
0.29736611281871583
0.07330871675510632
0.9504290703357434
0.0
0.9569459372038286
0.0
0.0
0.0
0.0
0.0
0.0
0.0
0.0
0.12290899489032438
0.0
0.0
0.0
0.0
0.0
0.8646216374438851
0.0
0.7290166927807495
0.33419449319132694
0.17358373686642373
0.5351617333519839
0.0
0.316103766305304
0.0
0.0
0.0
0.0
0.5724614521377815
0.8203506584029875
0.6831667486666281
0.161130030745117
0.0
0.5587864198725183
0.0
0.0
0.0
0.2066449844867535
0.0
0.3973656265973892
0.0
0.011147977666719652
0.08926313985682985
0.17320904861255687
0.08604108272438027
0.0
0.0
0.0
0.19373627468245502
0.02740788167321357
0.1529869343324648
0.0
0.28908172639062113
0.076218173796427
0.3163049138422517
0.2780697515085934
0.0
0.0
0.0
0.9313257488957739
0.0
0.2893260304477178
0.9831206279804481
0.0
0.7676896328973898
0.23585322380662818
0.6406549960984944
0.0
0.0
0.0
0.0
0.0
0.0
0.1387200068334109
0.0
0.11355814609701434
0.0
0.0
0.0
0.24547151901576722
0.0
0.7626612820441985
0.37271172928688256
0.0
0.7006332961980469
0.0686891256730442
0.0
0.0
0.0
0.0
0.8640756013086494
0.45767548210845577
0.0
0.6416302374209991
0.9073087308497954
0.0
0.0
0.0
0.0
0.0
0.0
0.0
0.9868675117391899
0.0
0.0
0.4481005016354258
0.0
0.5468366031669982
0.0
0.0
0.0
0.0
0.6833240723033585
0.7263688895023053
0.0
0.4214195754953319
0.0
0.42056923239658306
0.863466750842231
0.2078931436927252
0.0
0.8125802298194037
0.5127324479741654
0.3323007598183635
0.14400713921629138
0.0
0.0
0.0
0.0
0.0
0.0
0.34630991932259697
0.0
0.0
0.2954205745760116
0.0
0.6194007059601399
0.10030896296908076
0.9646188033826275
0.0
0.13186534489873133
0.551901038155178
0.0
0.0
0.0
0.1467155328430247
0.5392216623939631
0.0
0.0
0.13573514437035863
0.07769461170217185
0.8347758476895883
0.0
0.24724437739184468
0.2000976300483833
0.0
0.8988051819436262
0.006549098364218234
0.5853711772751354
0.018594923934745707
0.0
0.8483488512701907
0.0
0.3268763517199507
0.0
0.0
0.41624620938939866
0.21222819243046998
0.5371071611116117
0.0
0.0
0.0
0.48185577964520715
0.0
0.7425138652725385
0.2776772327745222
0.9497018453753389
0.0
0.6512885843845352
0.0
0.0
0.07676953437844534
0.30602251412048864
0.46123952118117273
0.0
0.0
0.11172956100758832
0.9843216179177431
0.0
0.6641114901633993
0.0
0.7064857763704301
0.0
0.9359391945506563
0.0
0.0
0.0
0.0
0.04871153863816482
0.0
0.7127772610505597
0.4454419836655436
0.6465264514703047
0.0
0.7749229436657916
0.0
0.0
0.0
0.0
0.0
0.9973592885919953
0.0
0.03242082748345308
0.7198660122815167
0.0
0.0
0.0
0.0
0.9398669809760206
0.0
0.40998476599142103
0.0
0.2938840851458436
0.0
0.0
0.5111185954307655
0.0
0.0
0.8923847518843251
0.0
0.0
0.0
0.0
0.0
0.0
0.6207081378078492
0.0
0.25000201604220657
0.5839409739139236
0.9073643595963377
0.0
0.0
0.2946648172473387
0.8199164805940148
0.0
0.5023234271542575
0.0
0.0
0.9331197004342241
0.08719960637951761
0.23959804614251656
0.02091222891276859
0.0
0.9186207629546501
0.0
0.8135071718273021
0.7524939338645753
0.4645710919479121
0.9969968794267035
0.23338276825715448
0.0
0.0
0.057152603414449075
0.4201000185185681
0.7326167394035582
0.0
0.5969543217153959
0.03877329530881497
0.9867819482310661
0.0
0.8703769313241809
0.5419256331792749
0.1575853174842777
0.05655046494394819
0.32148018751275953
0.6933537897696256
0.733901694288872
0.0
0.0
0.0
0.0
0.9861441718714373
0.10600769303460848
0.07116173426159547
0.0
0.9393223284630174
0.8039039409675477
0.0
0.0
0.0
0.9582582832948925
0.14736475802699542
0.20439118247598348
0.0
0.27051819923473447
0.3751273204976419
0.6788324170568331
0.0
0.530299889759151
0.0
0.2532572029246687
0.12905408363064952
0.0
0.559891222866723
0.0
0.0
0.0
0.14111512691869066
0.0
0.0
0.5841487304733141
0.3826080046107608
0.0
0.0
0.5094416510391394
0.0
0.3497193092348966
0.0
0.8968866728432354
0.06727995051738246
0.978573985007818
0.0
0.5916740233945459
0.8432141482425057
0.0
0.0
0.36615792023390803
0.32534023931604017
0.1102044843235134
0.0
0.010405596666932424
0.4166645541129204
0.08887663135884588
0.0
0.0
0.1473552565645129
0.0
0.17804231481254382
0.0
0.0
0.0
0.16637612069041785
0.0
0.748976171989003
0.22401182683333817
0.7875878449120708
0.0
0.0
0.0
0.0
0.37068199539310875
0.4481956356061461
0.0
0.0
0.5924964386672218
0.0
0.7610354084803131
0.0
0.0
0.8443789331499213
0.0
0.8172532565351992
0.24406905945003748
0.0
0.03391681139243109
0.6031228753904745
0.0
0.0
0.6675533194920305
0.0
0.9142430870730419
0.0
0.0
0.0
0.7324501322155523
0.0
0.0
0.35585124214295966
0.0
0.9538848570125484
0.8841697011792297
0.7633275945882582
0.0
0.0
0.0
0.44388873782907257
0.560381010023303
0.0
0.9454848547041569
0.2921397102821836
0.0
0.0
0.7987204525585408
0.0
0.9609567488678735
0.9906978570295828
0.0
0.9050821541311092
0.6032843765372715
0.2591799895652695
0.0
0.0
0.9558360092672131
0.0
0.0
0.0
0.0
0.9538260573541619
0.0
0.5611655507284254
0.12833578464428136
0.0
0.0
0.0
0.0
0.08843497754625063
0.18100579094338015
0.0
0.3947049667158368
0.0
0.5763230774498411
0.0
0.0
0.37004715266842936
0.6264334367029185
0.0
0.4341545864391843
0.3277459084856179
0.7571369216189635
0.0
0.529086952838954
0.5038513184541068
0.05795815228784372
0.0
0.6981218655397186
0.496288422039504
0.0
0.0
0.7138359924545531
0.11996977070214489
0.0
0.0
0.3647713249049607
0.0
0.39246061478669764
0.0
0.0
0.38096010475404846
0.0
0.6481311519538716
0.6914058377297174
0.4725856572990125
0.0
0.0
0.0
0.5764298506816034
0.0
0.7757395720868121
0.0
0.0
0.02383259594656042
0.6734753748079502
0.6007781658511031
0.0
0.0
0.2667487530644195
0.0
0.050958690799779056
0.6036726245622898
0.0
0.0
0.0
0.0
0.10946598542347587
0.7261078590230464
0.4769979014698331
0.49307731441045016
0.5545356437629924
0.0
0.0
0.6295366833925345
0.0
0.0
0.44670393452098067
0.0
0.0
0.0
0.0
0.957665427932219
0.0
0.0
0.0
0.0
0.8256765110209399
0.0
0.39504834588464316
0.3476322920755594
0.0
0.0
0.5273346948808694
0.0
0.025235773279545737
0.0
0.8741197774786418
0.0
0.22848079413368577
0.23844635442923845
0.0
0.7061927308882512
0.07359548565082775
0.0
0.9736244591331898
0.5091536433915727
0.8798109593231683
0.0
0.0
0.7812938508156569
0.9706895383224662
0.0
0.0
0.6620964897362297
0.0
0.21468803067555606
0.0
0.0
0.0
0.2703325051282598
0.0
0.5930758044115525
0.8560223759134576
0.028414538846007125
0.0
0.8355713252711947
0.0
0.7298777479003797
0.0
0.0
0.552909862899081
0.1351790107419511
0.34332845232612874
0.0
0.2934434193282363
0.9147493057750438
0.0
0.0
0.0
0.8205923477641912
0.2082495025381026
0.0
0.6078080068354542
0.6662387860273523
0.8053222737559934
0.748862026184101
0.09157018452623025
0.0
0.0
0.30669061694557587
0.0
0.0
0.8528010348998056
0.49532073346676686
0.0
0.0
0.0
0.0
0.0
0.26868004056112027
0.6938586587622924
0.1899159706738736
0.34995412976598783
0.9710707494071348
0.17474957940234231
0.012532347863511706
0.405316378374728
0.0
0.0
0.8621059488901736
0.0
0.0
0.0
0.0
0.6225138993939907
0.9562733771364975
0.3363024308349823
0.0
0.15290950770694883
0.3032300189430824
0.0
0.0
0.6330207724521084
0.47931974751767864
0.0
0.0
0.0
0.50385627174682
0.0
0.0
0.8302181792447919
0.027513996021687772
0.0
0.06271882878050461
0.0
0.0
0.0683368148087271
0.30768900707162705
0.9978785927576235
0.8959191775037882
0.0
0.0
0.33745540013761044
0.8391646647895068
0.0
0.0
0.07814073418407146
0.0
0.05278655762396032
0.15122853312615991
0.0
0.2498506595230372
0.8299164725034808
0.8135775716330965
0.03809933839417381
0.07566286129149308
0.0
0.0
0.0
0.0
0.0
0.31590886628029924
0.7146839521903735
0.6135784818773087
0.0
0.4985248532037449
0.0
0.0
0.9772826565793213
0.5262802331154496
0.0
0.0
0.0
0.08571683382904072
0.0
0.0
0.02213688829764778
0.0
0.0
0.0
0.0
0.2744307473453722
0.0
0.0
0.0
0.641540798318814
0.8503480112320884
0.15712849744482124
0.782294613630957
0.0
0.6945761258015465
0.3594769883752876
0.0
0.0
0.0
0.48919498948897516
0.0
0.0
0.8949518949864038
0.592286308076577
0.12475756921888266
0.6227468939993104
0.0
0.0
0.45889965347415146
0.1306408895509157
0.053082348403745
0.0
0.0
0.8386131531870771
0.0
0.5791427917917749
0.07713039278117617
0.0036028818456152623
0.0
0.0
0.0
0.0
0.9460230882502977
0.0
0.44701938389560797
0.763574402864343
0.0
0.0
0.0
0.0
0.0
0.5950785003174502
0.0
0.0
0.0
0.0
0.0
0.6911925299255764
0.0
0.0
0.5504068544908443
0.0
0.0
0.0
0.10928292834494684
0.0
0.0
0.0
0.0
0.0
0.0
0.5787054983200719
0.753382274450316
0.0024192161221570996
0.6359608702229238
0.10752562786305811
0.0
0.7185448983862086
0.0
0.9686028635832443
0.0
0.0
0.7634314076565921
0.0
0.0
0.3802425733366466
0.7274818762530052
0.030486881130523304
0.6026304487758728
0.0
0.0
0.956780570225286
0.0
0.0
0.9743695181929538
0.3036778622648647
0.6680371882869058
0.42675640900670336
0.2216510523223893
0.0
0.1291599823289408
0.5831244841777206
0.6122181869920548
0.6931813190263002
0.1822325080914823
0.0
0.0
0.9531458545229676
0.0
0.0
0.0
0.7757038644802646
0.0
0.5488321783995024
0.2667726744743191
0.0
0.0
0.3000372806286812
0.0
0.0
0.07271624129285538
0.597978134440429
0.8498515897141332
0.0
0.0
0.3501215802784847
0.0
0.28008145330401907
0.9249912798124755
0.0
0.0
0.0
0.0
0.0
0.5258967201285203
0.0
0.8840340758119394
0.8919947365517575
0.0
0.1629008257527397
0.0
0.0
0.7676409814696075
0.0
0.31923866101839093
0.3252039014154582
0.0
0.0
0.0
0.0
0.3452049125067931
0.0
0.0
0.06602586938439345
0.0
0.027415851398549584
0.0
0.0
0.0
0.0
0.0
0.0
0.0
0.0
0.0
0.0
0.2786596968365251
0.0
0.0
0.6520756856539945
0.9499600098639464
0.0
0.7940708860494164
0.0
0.10080525965449336
0.0
0.0
0.0
0.34940027837855425
0.0
0.22155971799049823
0.7405861076806671
0.0
0.0
0.312183945823069
0.9699173181365356
0.0
0.8167366969227623
0.914532080246374
0.0
0.0
0.0
0.0
0.0
0.0
0.0
0.0
0.0
0.0
0.0
0.3176002267256164
0.004912350324950467
0.0
0.0
0.8378787722143585
0.713771710167354
0.281487189279603
0.0
