0.8971799662453459
0.46009703973073063
0.0
0.0
0.0
0.0
0.0
0.6929968392881227
0.18831433086386185
0.03041935287138242
0.0
0.09104682121577358
0.0
0.2285246810697455
0.0
0.0
0.0
0.48296280253238416
0.0
0.0
0.0
0.0
0.08516535411919929
0.0
0.0
0.27162719667970014
0.0
0.26268454746666603
0.6591285620506206
0.0
0.4408191804113926
0.0
0.0
0.0
0.023572739058610497
0.020904716884389045
0.0
0.04195710639279183
0.0
0.0
0.20995071825699663
0.0
0.0
0.0
0.05285385313657014
0.8154559609881705
0.29841404690509804
0.13238985117935428
0.0
0.1316999711675114
0.7194311282039575
0.0
0.0
0.3958522880007424
0.0
0.42242033465147694
0.0
0.6283028220609684
0.19989500491538198
0.0
0.6873434457529448
0.6029433753080015
0.0
0.0
0.0
0.6861448189037824
0.0
0.22489523931442487
0.0
0.0
0.0
0.0
0.0
0.0
0.0
0.0
0.09763414760843979
0.06705318964679344
0.0
0.0
0.0
0.8276726042167157
0.0
0.0
0.0
0.4230153484353466
0.0
0.4224051284571389
0.0
0.4318834040167761
0.0
0.0
0.0
0.0
0.0
0.0
0.0
0.0
0.5139752805476844
0.0063330530855418635
0.0
0.0
0.0
0.3383790064946959
0.0
0.11155510666477836
0.002939798164731347
0.23321565221506568
0.4935476067636987
0.0
0.0
0.8295422366673427
0.0
0.4976934235983499
0.23081929028005732
0.7682406382153285
0.0
0.0
0.0
0.15271675729471554
0.0
0.0
0.3179284113011163
0.9197067498832532
0.0
0.060591747377852855
0.5689654014284955
0.0
0.29543061379404234
0.0
0.0
0.27478085107420047
0.0
0.0
0.2702417228575047
0.9313676828044556
0.0
0.0
0.0
0.0
0.0
0.0
0.0
0.0
0.0
0.9241121958815178
0.4970770211077329
0.0
0.5518052022618798
0.5952389533451018
0.0
0.5458805384789757
0.0
0.5821289817212928
0.0
0.0
0.0
0.0
0.2622381540976675
0.07831292460798871
0.0
0.0
0.0
0.0
0.0
0.13885555342645745
0.25027156811942697
0.0
0.8418621918883238
0.0
0.6246905425222231
0.6987293161326242
0.9468930103830895
0.0
0.7579952021749651
0.0
0.0
0.33424053593515857
0.5525649676339505
0.13545288588327534
0.8605320383988329
0.0
0.0
0.435947678609457
0.0
0.0
0.8717177046869679
0.19530695905891826
0.8375024190539649
0.5968042273366161
0.0
0.0
0.0
0.0
0.5654176764244259
0.06003043303817094
0.9285423797393356
0.0
0.0
0.2645926522326914
0.6891017794938376
0.8712104128006943
0.0
0.9010913541617303
0.0
0.0
0.7961010509519526
0.2890624446818731
0.0
0.0
0.0
0.0
0.12258720641268425
0.0
0.6988978341074226
0.0
0.0
0.0
0.046012638257089955
0.7233879910839831
0.0
0.8078287284501039
0.0
0.0
0.31232837643371114
0.8125761316390875
0.0
0.7101245765663665
0.44050273954878205
0.44024501998081983
0.6084615240317853
0.21720712044538731
0.0
0.0
0.0
0.0
0.0
0.40919891980046924
0.9034211527331679
0.6613658282648633
0.8180177039460648
0.6265537403276006
0.0
0.8497408238696305
0.7353040207109881
0.0
0.030893740801207478
0.0
0.0
0.730379790739126
0.0
0.8544020969712646
0.0
0.8904467304360864
0.0
0.0
0.3255884196977376
0.0
0.0
0.35019002954007916
0.21409499593922574
0.9267676425463849
0.8675897745007497
0.25660308280949246
0.0
0.6949958250427618
0.0
0.24629669940196713
0.6462127096665827
0.0
0.16691087312767097
0.1577669847593662
0.0
0.9128623320895823
0.0
0.20805084996941953
0.05343967827976985
0.29688585649254035
0.018065056390627145
0.9684407151231366
0.0
0.0
0.0
0.0
0.42711229202087064
0.09683106950470945
0.0
0.5486200234577383
0.0
0.0
0.0
0.0
0.9855833458140002
0.7428693928571729
0.0
0.0
0.7869304627944258
0.8298987515179795
0.0
0.0
0.8396891038071548
0.8607607252676782
0.0
0.3392303088586214
0.522928650052425
0.48161549336733633
0.2620973584923334
0.0
0.0
0.3040069722192754
0.2614247973863781
0.0
0.8231521918771703
0.0
0.23974737227746284
0.0
0.8901119104817957
0.0
0.7100064303940011
0.0
0.3714133531787137
0.47814356734550606
0.0
0.0
0.0
0.7928046227481382
0.0
0.39329862028158996
0.6462340241982711
0.0
0.0
0.0
0.4141821018908617
0.0
0.6239108446152478
0.3719927672261444
0.0
0.49065411872811754
0.0
0.0
0.1430474414705189
0.5398483306557895
0.6179565286861294
0.18173702608871062
0.8743177340657062
0.11510282563698655
0.0
0.8662647652004969
0.0
0.0
0.0
0.2298982123044559
0.0
0.0
0.23908847987624754
0.6814745478715216
0.0
0.0
0.558483417342956
0.0
0.0
0.0
0.0
0.009716152448453601
0.7710930801287049
0.0
0.23426550394246237
0.0
0.0
0.5995074524755771
0.8640782497441907
0.20702969017810172
0.20486077607413947
0.325861310018217
0.3672048175496707
0.5875307729327396
0.5549558599801616
0.0
0.0
0.8974745028077972
0.0
0.0
0.0
0.05608987877759939
0.0
0.0
0.0
0.0
0.0
0.19055115322435856
0.9267752314033061
0.0
0.0
0.4884936466692277
0.2490885137592449
0.0
0.0
0.0
0.0
0.03648711495263178
0.5451717078447762
0.0
0.0
0.8416279825434684
0.23098254788191258
0.0
0.0
0.3837033237143391
0.0
0.6549157921602559
0.0
0.0
0.6907539409988286
0.07314905107601082
0.0
0.9173296172254976
0.0
0.0
0.0
0.0
0.4572897407142771
0.1984480204377032
0.6169028242972093
0.04645538412487671
0.6257114399095132
0.0
0.6154144337991108
0.0
0.6545893800176398
0.0
0.0
0.5172641058624542
0.374974915298262
0.7082759839344644
0.42984343335633257
0.0
0.2567757537680017
0.5485765456643263
0.5815092525310109
0.0
0.9060220204153882
0.0
0.0
0.0
0.571231582187679
0.28365186953086124
0.0
0.0
0.0
0.0
0.0
0.0
0.0
0.0
0.9942521478003327
0.0
0.022093527766197475
0.1475521661551303
0.0
0.0
0.0
0.21334694320143532
0.5746236432111728
0.0
0.0
0.0
0.7902562427859732
0.0
0.5193771293202395
0.0
0.0
0.0680036406395367
0.0
0.0
0.0
0.0
0.0
0.0
0.0
0.0
0.0
0.0524166126105945
0.5804470477896723
0.0
0.0
0.0
0.6270247013015675
0.8743361945921849
0.0
0.0
0.8662771534361753
0.9436700492892421
0.22153053244756843
0.0
0.0
0.0
0.6675099450226424
0.27079432379222795
0.912523105765497
0.0
0.0
0.8963408073265051
0.530923364488487
0.2293133204583048
0.0
0.0
0.0
0.0
0.0
0.0
0.0
0.6107862934898673
0.0
0.6882644680844204
0.30108722670486
0.0
0.0
0.0
0.0
0.055035508151262146
0.0
0.0
0.188199385098926
0.1687687708153294
0.16377010553942176
0.0
0.0
0.0
0.2857363620224446
0.0
0.0
0.0
0.0
0.0
0.583547776029684
0.5940584027272076
0.3901625413440403
0.0
0.0
0.8155859837882158
0.0
0.0
0.44596873413139915
0.7050928420092265
0.10686283679331127
0.0
0.0
0.9406237706256924
0.0
0.625263098358026
0.3266262526723556
0.0
0.0845966315625242
0.0
0.0
0.0
0.2500524939044064
0.0
0.8465451635486824
0.0
0.0
0.0
0.39105545053425844
0.0
0.919412219851312
0.0
0.0
0.0
0.5949577162865586
0.0
0.046675737890002594
0.5160146832869305
0.5699635427980863
0.0
0.7990411221023527
0.0
0.07266619662994746
0.8216520135247979
0.0
0.5087237944137714
0.36932061680601824
0.21698854647028773
0.8399162710868625
0.0
0.0
0.0
0.5303373380145813
0.0
0.5260176123789005
0.0
0.7070771304508202
0.473226292085638
0.0
0.0
0.0
0.38996893532179266
0.3352850388181497
0.0
0.0
0.20088792139799894
0.0
0.0
0.0
0.0
0.0
0.0
0.8953789678400998
0.0
0.47499592176769306
0.0
0.0
0.0
0.11802143229497317
0.0
0.9313130579815501
0.0
0.0
0.0
0.9060945504112117
0.38148089156744214
0.1412775597248947
0.5594105081442547
0.10531429697406744
0.0
0.0
0.0
0.0
0.0
0.0
0.0
0.0
0.0
0.0
0.0
0.0
0.7941783598521123
0.0
0.0
0.0
0.723137335041531
0.0
0.0
0.3452761988453349
0.0
0.46081927218658
0.0
0.0
0.0
0.0
0.0
0.0
0.18277041395874088
0.0
0.0
0.0
0.7779627258028098
0.0
0.0
0.0
0.0
0.31434342657513376
0.0
0.0
0.0
0.0
0.0
0.0
0.0
0.0
0.16145332945497035
0.0
0.0
0.807160995612328
0.39749555393490316
0.0
0.8154549527552875
0.23728689946605655
0.49001391813811196
0.0
0.0
0.6245641625900823
0.46969546810223506
0.18329185711198911
0.0
0.0
0.32288952119793285
0.0
0.0
0.8201666674712141
0.0
0.0
0.24349196727346376
0.0
0.6032569910622995
0.28997881437286255
0.0
0.2526645139914228
0.0
0.0
0.8242343061383202
0.0
0.5373863024288049
0.4382109883129271
0.0
0.5006495884437634
0.6162713325270286
0.7885365250336651
0.0
0.13322998936899655
0.7832490548699819
0.0
0.1092584095829444
0.0
0.0
0.0
0.0
0.0
0.5999406284156474
0.17786730026522846
0.0
0.0
0.0
0.7882426647456973
0.0
0.0
0.3293127734237176
0.6052187017773432
0.0
0.218177541089018
0.8310821200772996
0.0
0.34188101337477894
0.0
0.0
0.08831716962508047
0.0
0.5538799982696659
0.0
0.0
0.907126374261854
0.1373096184308944
0.5237663291799668
0.0
0.0
0.0
0.0
0.0
0.0
0.0
0.0
0.0
0.0
0.18804228348674024
0.0
0.2187926182656173
0.0
0.0
0.9205164994839294
0.0
0.4174106730281167
0.0
0.0
0.0
0.029352625777367664
0.31808587069397254
0.0
0.5052258674559241
0.8924774321176627
0.0
0.35884793281691724
0.7802534818663684
0.0
0.49421766734675077
0.0
0.6840521331965375
0.0
0.0
0.22840294473005318
0.5302246862496661
0.0
0.5092548944867054
0.0
0.5083416628738227
0.0
0.0
0.0
0.0
0.0
0.0
0.0
0.0
0.5239857925211453
0.42984515547895746
0.632398537275884
0.8626564125063119
0.17226785775403336
0.0
0.0
0.3128874416614316
0.1831497303655124
0.0
0.32384536680885206
0.0
0.0
0.0
0.563469178274719
0.0
0.0
0.0
0.0
0.10396682397018206
0.15894145034596346
0.0
0.0
0.0
0.9224521514187733
0.15489071045844596
0.0
0.0
0.38954741659701936
0.00735896841436493
0.0
0.9861072002032182
0.6009981322099457
0.0
0.0
0.0
0.0
0.97040543750058
0.0
0.0
0.2822037151923469
0.0
0.18529882545017523
0.0
0.11104909103940892
0.14828490163450708
0.0
0.031533076512884436
0.0
0.07762499122893557
0.04599602376198118
0.0
0.3652814774051806
0.6097863875953324
0.7992382889249416
0.6624776643251716
0.29512760657605763
0.0
0.8346871545308774
0.0
0.7952523506614665
0.0
0.0
0.19027687923923278
0.9966429500896279
0.3859485208873224
0.0
0.0
0.0
0.35916859303450316
0.0
0.0
0.0
0.0
0.6516087182317049
0.001742780153383827
0.0
0.7739134006111947
0.0
0.7026121152862786
0.238021136020584
0.701215826581585
0.3983832535753812
0.0
0.09806734628683121
0.0
0.7548112595803673
2.146123768289714E-4
0.0
0.0
0.0
0.015593709214858906
0.0
0.06459647628933618
0.8738495846748939
0.6613344417016975
0.0
0.1165275904926945
0.050304312413431286
0.5204513873441594
0.0073569615498061715
0.4506178800098376
0.07810279961971436
0.0
0.12172122768871176
0.0
0.0
0.0
0.0
0.0
0.7915416604984498
0.0
0.7487798709656265
0.0
0.0
0.7595529811253251
0.5158475956792592
0.15367811691270236
0.0
0.0
0.7661027492501346
0.0
0.0
0.9785739850078179
0.31471024319641944
0.6484055837331033
0.0
0.5220009161121638
0.0
0.6083022119162683
0.10574701168622462
0.0
0.873941502637554
0.0013680649996854544
0.0
0.0
0.0
0.964021884439881
0.0
0.0
0.11905882592902778
0.521381470355601
0.4411007583741537
0.0
0.0
0.0
0.0
0.6220310112322036
0.9147016784394957
0.0
0.0
0.3484772353760285
0.0
0.730686476809465
0.0
0.307149083260504
0.0
0.0
0.4913498331853213
0.0
0.0
0.8919968087884429
0.7120332887475389
0.2837010628816299
0.6304661239528536
0.750209641678305
0.15774982791829145
0.5651097852830537
0.0
0.9492686977522032
0.0
0.0
0.9899433271299055
0.0
0.0
0.0
0.0
0.0
0.0
0.0
0.0
0.0
0.0
0.0
0.8945556800418362
0.280312032221428
0.0
0.0
0.0
0.19308782436002392
0.48481260673327004
0.6752051407747279
0.0
0.6304857300881659
0.4997189920377092
0.4647591116853947
0.8633156449328195
0.2483295126847816
0.2479842903298576
0.9849658072548394
0.10748867721819089
0.0
0.0
0.9181867843874431
0.8646485091469863
0.54877257605452
0.0
0.5631749833634645
0.5616672662833084
0.0
0.0
0.0
0.2531824675853235
0.0
0.10263898050761733
0.4856953511939745
0.0
0.8187446179943576
0.0
0.0
0.8460014188837519
0.0
0.9146901100770592
0.0
0.0
0.3168592944118166
0.0
0.0
0.40177363259010945
0.0
0.5551453317521554
0.37843681816105434
0.4488144268624426
0.0
0.0
0.8556850912501163
0.0
0.0
0.0
0.061437950847351895
0.6404896588515945
0.20802824212105103
0.4201330847829655
0.31067747625608816
0.9312408014887794
0.0
0.0
0.0
0.9906978570295828
0.7231889071878339
0.0
0.8780823197054297
0.9538848570125483
0.0
0.0
0.7044281416016394
0.7083707147542844
0.21623213064048913
0.31304768551686807
0.02563338262309622
0.0
0.009868135106984059
0.0
0.6247235479655764
0.8463892546434822
0.30408708809266816
0.0
0.0
0.21284809690256118
0.3229719922912244
0.10977193172169135
0.0
0.5399566977677999
0.9604150414052596
0.0
0.0
0.0
0.8231127545702135
0.0
0.7103866790739913
0.28864141303379326
0.06397459138298049
0.17100926249313947
0.0
0.0
0.0
0.0
0.0
0.12580737327077507
0.0
0.9653977526496864
0.0
0.0
0.8390706260057779
0.645468386240039
0.0
0.0
0.0
0.0
0.0
0.0
0.21659208689753304
0.0
0.0
0.31696443813636194
0.0
0.6528300329257588
0.0
0.0
0.8354130588708071
0.0
0.0
0.9383440593536655
0.20865704730656584
0.0
0.0
0.9103208500105419
0.0
0.0
0.9532116259476074
0.2917870791521923
0.0
0.0
0.28686709574541824
0.08567412086821827
0.0
0.0
0.0
0.0
0.0
0.702821643833767
0.7545983165366194
0.0
0.0
0.6943186259746326
0.0
0.0
0.5127285792691648
0.0
0.1398746507197326
0.7738826919622002
0.5914740937832356
0.7624196653623402
0.7473318435369715
0.0
0.0
0.0
0.0
0.0
0.239226177913534
0.0
0.6529236752501566
0.49003530875184614
0.0
0.0
0.62894100712201
0.0
0.0
0.0
0.8067561849411482
0.5420797060946138
0.0
0.7128735141362056
0.8882817113277439
0.0
0.0
0.12045145341126853
0.0
0.0
0.0
0.3434911933061703
0.0
0.0
0.0
0.0
0.7475862690333899
0.3559199022175934
0.0
0.6480497607469617
0.0
0.0
0.0
0.0
0.8381685918235782
0.7653516633689927
0.14861151569972503
0.4276996290856841
0.0
0.0
0.47774597392112456
0.0
0.0
0.11616630179635783
0.7518476096430242
0.0
0.0
0.0
0.8629954773385754
0.8387031027192563
0.4690112580493967
0.057043952031929676
0.0
0.0
0.0
0.23088665574267594
0.0
0.0
0.0
0.0
0.5429165572989113
0.0
0.0
0.7950920881389114
0.26974133820410373
0.0
0.8273417834717313
0.0
0.0
0.1653218706792078
0.0
0.6584664747001725
0.0
0.0
0.8476655228299623
0.38575972217377563
0.49543478113145584
0.0
0.9165319950833628
0.0
0.0
0.41687076060709183
0.30487732472385554
0.1978270928329586
0.0
0.0
0.36025569672638413
0.4696522695083713
0.0
0.11098753301727662
0.0
0.0
0.0
0.3511486788783319
0.0
0.38086083951856253
0.0
0.0
0.5227810359168632
0.0
0.597777170246617
0.0
0.41368143028845367
0.0
0.0
0.0
0.8481569926347863
0.0
0.8626290745825069
0.3304200571433067
0.0
0.0
0.14873885477388094
0.0
0.1342621220485961
0.0879639626241951
0.0
0.261038304022764
0.92862221323071
0.0
0.7623307732063309
0.0
0.11356251997117126
0.0
0.0
0.0
0.0
0.0
0.7392456443776799
0.0
0.0
0.22441780818399562
0.0
0.2908003984331429
0.08241390466256597
0.31047515546495463
0.0
0.0
0.8030147098430391
0.0
0.0
0.37465632405601207
0.0
0.37478675752053525
0.0
0.0
0.11517354083893161
0.015315625825355339
0.37544362304312195
0.0
0.0
0.0
0.0
0.0
0.0
0.021136986189868943
0.2503823333423719
0.2770157239356198
0.3924385784308128
0.0
0.0
0.0
0.3545430582038574
0.8937759530040996
0.0
0.7240167662479126
0.0
0.5871760573288191
0.0
0.0
0.17358831354996732
0.0
0.11543796431589687
0.0
0.0
0.028281674403512057
0.0
0.7751393108708022
0.0
0.1600638339721608
0.21411547177503817
0.23238020737617768
0.0
0.0
0.9978785927576235
0.9002181405282769
0.0
0.7537824054693566
0.13977926936883495
0.6665534360217966
0.2488723854856892
0.9792210771059058
0.0
0.4341117627414256
0.0
0.0
0.0
0.0
0.8920378216143566
0.0
0.0
0.7710664026038803
0.6867109724067832
0.8932709321357887
0.0
0.3045164123735602
0.6392202740352871
0.6743960958484252
0.21798451110166991
0.0
0.2421725479372488
0.0
0.0
0.0
0.12786808105345734
0.5142072278723341
0.10782072429590833
0.0
0.0
0.0
0.060353268479641
0.28797976286936044
0.8073455624082029
0.020993158183560928
0.12369562082835879
0.3688264494358662
0.0
0.0
0.0
0.0
0.05279824589862252
0.0
0.5791387456383766
0.06937119386015252
0.3404034823426041
0.0
0.035946941522861646
0.6603642135065357
0.29778612105312385
0.0
0.0
0.0
0.0
0.0
0.9080229781158534
0.0
0.8561833810637054
0.7340909851943809
0.8410532109670307
0.5577931055078496
0.8751875739881928
0.2581925950056908
0.0
0.42298660209345734
0.0
0.4424806432599676
0.7144418814936335
0.6328210158040064
0.0
0.5820773026655794
0.3792878103596334
0.0
0.0
0.0
0.6694984132208293
0.0
0.0
0.03387853622556146
0.2155662151483097
0.0
0.0
0.0
0.0
0.015185834778002344
0.33826075885719314
0.0
0.6280852221257874
0.6070714560550154
0.0
0.0
0.0
0.0
0.0
0.9478086131830407
0.0
0.0
0.1702855423399404
0.2712195916456721
0.09234512636512428
0.0
0.2678451438043813
0.0
0.5376844494671285
0.02246157974595288
0.0
0.0
0.0
0.0
0.46412225604764606
0.22476701135671887
0.7997965733939358
0.1454596923837951
0.0
0.17738545249253965
0.0
0.0
0.9267113136060394
0.0
0.0
0.0
0.0
0.2016622280407114
0.0
0.047617228623494184
0.0
0.0
0.0
0.12071692102192456
0.0
0.0
0.0
0.2753330509993772
0.0
0.0
0.0
0.0
0.0
0.0
0.9706268714548691
0.0
0.2846786426602733
0.0
0.0
0.0
0.0
0.0
0.0
0.1983959481961766
0.5059906533966921
0.0
0.4945934061861044
0.5959752322062711
0.4728934738590536
0.0
0.0
0.0
0.6267098740688424
0.0
0.0
0.0
0.0
0.0
0.0
0.0
0.18042078433313263
0.8070368015187097
0.2568856277040369
0.44326646990661384
0.042198032809567375
0.022660414900126605
0.0
0.19112437834829743
0.8375524127764317
0.7765499635960901
0.0
0.0
0.0
0.0
0.0
0.6997410529401319
0.0
0.0
0.0
0.0
0.9736244591331897
0.8894234637726043
0.0
0.10062469402317088
0.21922923582077505
0.0
0.8852309183501286
0.9416653724053238
0.5961804131950097
0.0
0.9553006212332803
0.0
0.0
0.36662054784145476
0.7485509395230437
0.754133438129776
0.0
0.0
0.0
0.0
0.0
0.0
0.0
0.47450599811698985
0.0
0.09786130522045228
0.9767744786177229
0.0
0.0
0.0
0.0
0.6384158745405123
0.0
0.0
0.3034670212127449
0.0
0.0
0.0
0.0
0.4397855261539212
0.0
0.0
0.0
0.22044575151542176
0.0
0.0
0.0
0.0
0.0
0.14085122397387595
0.0
0.0
0.6589590281815065
0.0
0.6639680792134525
0.9887732454142756
0.0
0.0
0.020287312663918415
0.0
0.0
0.9396286636984321
0.0
0.09243524490686071
0.0
0.0
0.2600191484465837
0.0
0.0
0.0
0.31732271656666333
0.07962912688468282
0.0
0.0
0.8193267010667477
0.7079216982018328
0.49268114627448606
0.0
0.0
0.0
0.0
0.09957173357133987
0.9527570160504386
0.986449198148349
0.5048005810008742
0.0
0.0
0.0
0.0
0.0
0.0
0.8755661396981527
0.33977268053260085
0.4448616782736416
0.0
0.844159982986212
0.1809038575828528
0.775391711351707
0.5228108044658062
0.0
0.0
0.0
0.017335781137333073
0.9681806865421807
0.0
0.7083677358767297
0.0
0.3465008961145018
0.0
0.8410638553613057
0.2675095132317344
0.0
0.6991343789604305
0.0
0.0
0.0
0.0
0.07622189758419239
0.3651997806518935
0.0
0.5419460311163747
0.542938625939831
0.0
0.008137360013427537
0.09570390040862609
0.0
0.0
0.6155478039894646
0.0
0.0
0.0
0.0
0.5252691516190451
0.0
0.10255360008153319
0.0120360331138185
0.0
0.08968547718421424
0.0
0.0
0.7810260137639898
0.8437080514462858
0.0
0.12756770801485426
0.9936400969498892
0.0
0.0
0.0
0.46811875015602883
0.0
0.0
0.0
0.528469483858227
0.06525978715181811
0.32002014400766726
0.0
0.9263404304752767
0.02441227878361521
0.9664820341124386
0.7570842005550654
0.11896182998959187
0.0
0.0
0.8080673451393103
0.07515073044044633
0.764332842391661
0.5567924447620294
0.0
0.0
0.038026080679203274
0.0
0.0
0.7095366919073824
0.0
0.0
0.6507467499858764
0.0
0.0
0.0
0.8432050525093655
0.0
0.0
0.0
0.0
0.0
0.40810474013737047
0.9329487364490737
0.0
0.0
0.0
0.0
0.3103251036628923
0.3781986263696807
0.2299947328112284
0.0
0.0
0.0
0.030013444301948463
0.20334197659105036
0.38277987822166826
0.0
0.0
0.0
0.0
0.0
0.42515608899269786
0.0
0.0
0.9505344890167161
0.6945053973745279
0.619296275078306
0.0
0.4525243083456642
0.0
0.0
0.7020598663970912
0.06969452451340602
0.0
0.3909781330700828
0.30539723687908155
0.0
0.0327209079956198
0.3200523391683167
0.0
0.0
0.8760393439979115
0.6252067139781303
0.9901457896166255
0.4213719836391671
0.0
0.0
0.07711031261349201
0.0
0.0
0.27359491615416837
0.0
0.0
0.3579247884015634
0.7374644281557925
0.266056366791021
0.9721778579456909
0.600959127790223
0.0
0.0
0.6422000638689843
0.0
0.7201835034747958
0.5420076551362392
0.7539148352402231
0.318267174108162
0.002588197504849461
0.8044118348583958
0.610078635673167
0.0
0.5128584123474589
0.5136711734563462
0.5818096531970609
0.0
0.0
0.0
0.25416239891478537
0.0
0.9788756943781641
0.0
0.0
0.9488781594922028
0.42476105287256366
0.4058226707254363
0.0
0.592078018653192
0.0
0.0
0.0
0.0
0.0
0.6246726344253785
0.0
0.3680224133128146
0.14341973642283815
0.0
0.0
0.0
0.44956150211187246
0.0
0.0
0.0
0.0
0.3624117043310922
0.0
0.07838145548922314
0.6150971091055646
0.09650267774216513
0.8791736864347813
0.9195644338024352
0.7679407834103442
0.6996967373820373
0.0
0.0
0.0
0.1902433060383404
0.0
0.0
0.46398608303157474
0.0
0.06229418193467499
0.0
0.0
0.0
0.22333323390280788
0.43631264698448613
0.13319876267907751
0.0
0.0
0.5777505714174934
0.0
0.662475204694187
0.0
0.3820665767983066
0.3303065750607903
0.0
0.24952357924966378
0.6874780269114564
0.0
0.7796282307457537
0.12355399708623534
0.0
0.0
0.0
0.0
0.0
0.6813429249589605
0.0
0.29579270354030307
0.0
0.2302067295791237
0.12249541445244852
0.010035177517977462
0.3069671558662051
0.0
0.0
0.39039914976261003
0.0
0.0
0.9893394531388803
0.0
0.0
0.0
0.8592763000804577
0.0
0.23874230044906125
0.0
0.701081420523496
0.4973846029988921
0.0
0.0
0.0
0.17653657343181084
0.0
0.0
0.647421382814653
0.891919165083931
0.0
0.4334232431529697
0.0
0.26686412421771977
0.39177654936365935
0.5899243065000104
0.0
0.0
0.0
0.8877937492738274
0.6754977924499732
0.0
0.8419111577972768
0.0
0.0
0.5432976974836338
0.27295649602426475
0.307622077758917
0.0
0.0
0.0
0.0
0.0
0.7332864414091994
0.04150087773155719
0.8438855096734105
0.4655430677330158
0.12796659361936483
0.0
0.0
0.512752624690156
0.0
0.20590455832861082
0.0
0.0
0.5673219803633371
0.0
0.5710578565648188
0.0321368858446726
0.3631042197640246
0.003630984425056975
0.0
0.0
0.21891846036215312
0.9710707494071347
0.0
0.0
0.0
0.0
0.7440410603350139
0.08592724433619862
0.22956563313764658
0.38837096732627596
0.6096516770090262
0.6911382920813854
0.0
0.02300803534671827
0.0
0.27281947290696185
0.42723378402581025
0.9197857111898148
0.0
0.8969126972105025
0.0
0.0
0.0
0.5378447874245765
0.3592715972656463
0.4702665373136104
0.0
0.2890587414854796
0.0021701694258796076
0.6408963572926932
0.0
0.0
0.0
0.9974710375320439
0.9251096062213926
0.0
0.43680063251931894
0.0
0.6423647166668652
0.0
0.044803996413301385
0.9087490273712171
0.0
0.0
0.0
0.0
0.9642464513755832
0.0
0.5257608246192289
0.0
0.0
0.01795990152261118
0.9863269069591836
0.6526556121782713
0.0
0.0
0.0
0.11028410125166342
0.6615393133249965
0.0
0.5420930066372338
0.8764292475393212
0.41774322440681366
0.6311731352516844
0.8008594314458429
0.0
0.0
0.0
0.8320257899186919
0.0
0.0
0.5938104229724035
0.0
0.9280139712633657
0.0
0.0
0.0
0.0
0.724959492097606
0.0
0.0
0.5909010225038245
0.4879415152103094
0.9425599524164837
0.0
0.0
0.0975654238016847
0.3281058389408281
0.0
0.0
0.0
0.5948562651581328
0.0
0.0
0.0
0.0
0.49208012033555465
0.0
0.0
0.0
0.23609421487185908
0.0
0.0
0.0
0.34587183064256777
0.0
0.15673138789962046
0.0
0.0
0.0
0.022880468353854943
0.49143683916968445
0.6056529099410982
0.0
0.0
0.0
0.09441508357796449
0.0
0.271287410525734
0.0
0.17775275332399293
0.0
0.0
0.20111858959753062
0.0
0.9739921295354291
0.0
0.0
0.0
0.8683613915509519
0.9933532379770073
0.0
0.0
0.751051359493269
0.956258264059541
0.0
0.0
0.8682276571398346
0.21331379513364265
0.3514394814807099
0.0
0.4933799067446091
0.0
0.0
0.0
0.3791436487753642
0.8462929125769935
0.20164243878200636
0.0
0.7159715528577345
0.6989525196088557
0.0
0.0
0.0
0.0
0.0
0.0
0.0
0.0
0.0
0.0
0.473266559098483
0.449736986889025
0.5284909779493997
0.0
0.0
0.0
0.9658397977673748
0.3271434676295175
0.2840475329083732
0.0
0.4864060314910672
0.7623080148723719
0.8925111594701379
0.5425304178909753
0.030152713942634822
0.03789728137323278
0.7336051566458949
0.0
0.0
0.05361364931066127
0.0
0.0
0.0
0.17106034752577517
0.0
0.2000079612340826
0.0
0.0
0.1638556530287804
0.984644740646584
0.8392514405195506
0.0
0.2113137701195265
0.0
0.0
0.0
0.1015853220900351
0.22124155585632121
0.0
0.0
0.0
0.0
0.8491995476136421
0.0
0.7083172911293946
0.06536871570506568
0.8264900622545639
0.49677246606497893
0.6824950253101048
0.7459554012718138
0.0
0.6643454974876333
0.36107433316196175
0.0
0.0
0.0
0.5333648550505702
0.22936718370241183
0.0
0.3217044330600473
0.0
0.0
0.0
0.008836574624352682
0.0
0.18644966542287625
0.03954624549584411
0.25937554630580467
0.5671757764333714
0.2922369802271376
0.2565802220628772
0.0
0.7552704670434952
0.0
0.0
0.0
0.0
0.9656648105000213
0.05848568762666858
0.11954932656950862
0.0
0.0
0.0
0.0
0.0
0.5120706989326311
0.0
0.1783397453966622
0.8013438483721778
0.34419724261697626
0.0
0.36013912408131116
0.9608162747318775
0.0
0.0
0.0
0.5157719020085526
0.0
0.8760867122036727
0.0
0.0
0.0
0.667134935283848
0.0
0.0
0.5652685753588196
0.0
0.0
0.0
0.1321793016959652
0.0
0.12263098883657746
0.490305011451163
0.4994324161284517
0.0
0.0
0.0
0.32364752832269805
0.0
0.0
0.0
0.0
0.0
0.0
0.3017095710052837
0.09903661159185381
0.0
0.8747082654137329
0.0
0.0
0.0
0.0
0.0
0.3168360922889733
0.5910598986037886
0.0
0.0
0.0
0.0
0.986095726563029
0.7505530808109818
0.7042772881782687
0.4980484472776924
0.0
0.0
0.0
0.4411848008169911
0.0
0.3941084740699206
0.8978112667794298
0.9347270983933069
0.7381193587305547
0.0672349472366467
0.0
0.0
0.0
0.8328919926276229
0.7760333801324776
0.7533731805185806
0.0
0.0
0.9677419298605741
0.921895623091494
0.14327247248615668
0.7161842449490409
0.12225960738917654
0.04636743602640772
0.0
0.4428835503573961
0.7070948443584623
0.0
0.14148905074832002
0.0
0.0
0.0
0.31526515831057683
0.0
0.5090878034957164
0.0
0.38253317010600474
0.0
0.8139732805009944
0.0
0.6604394284275651
0.35733486494852795
0.846773899417499
0.0
0.0
0.6158268455873434
0.24561176789004693
0.6795054140241873
0.6740570775297519
0.6238478031130604
0.0
0.7544768772787079
0.08680890370315007
0.0
0.0
0.048764956109812116
0.0
0.0
0.5091055318687683
0.3853714371842056
0.5731558296539015
0.0
0.0
0.0
0.0
0.95799799910673
0.0
0.0
0.7336722996216268
0.004991494904484732
0.0
0.8746807324388322
0.0
0.0
0.0
0.7041409314240835
0.11537445546935612
0.0
0.0
0.0
0.971092648677879
0.0
0.0
0.0
0.6691043782382045
0.0
0.12681485277728632
0.0
0.0
0.35525517115706134
0.3291168687884014
0.0
0.04238986689972117
0.0
0.0
0.548514063152625
0.0
0.5787322129840065
0.34390874188599146
0.9006664570747515
0.4466686195615023
0.5543619256784641
0.10301470532016879
0.0
0.6726459317339892
0.82236466374496
0.0
0.0
0.40975732637892054
0.0
0.0
0.0
0.0
0.0
0.7311082963459912
0.0
0.0
0.17994568496634622
0.0
0.0
0.0
0.0
0.44035020152088844
0.09718457247186191
0.0
0.10447495053260436
0.0
0.9914016645823004
0.608132673230671
0.5606646059420884
0.18224587602860404
0.0
0.29515332700297175
0.6989396377373985
0.0
0.0
0.3333539460309078
0.0
0.0
0.2572315084219619
0.0
0.20151297885083938
0.0
0.22325515111667393
0.11128727019426912
0.7281279168796149
0.5695594112868988
0.998056517175188
0.47667854250563
0.0
0.03921457441892683
0.0
0.0
0.0
0.0
0.6702312104924731
0.7150912522322111
0.0
0.5011113232041504
0.7009517992502701
0.45365828957533494
0.0
0.0
0.416053400828985
0.0
0.0
0.9625224785623806
0.7449953381199615
0.5269155035014187
0.0
0.559145155447303
0.151217386433991
0.0
0.0
0.0
0.17791234106502463
0.0
0.0
0.487483048766978
0.6339856518033645
0.9497515045382905
0.0
0.0
0.2583950663096608
0.469585915196915
0.8205589094257572
0.13186367459258683
0.7886507322719264
0.0
0.0
0.31293131396030177
0.0
0.4853421160520895
0.9322032030862004
0.6594152207572438
0.0
0.6426513234526625
0.0
0.7665952279087994
0.0
0.0
0.2873887038396026
0.9436576563481985
0.024013789113637753
0.242713535436403
0.0
0.0
0.0
0.0
0.0
0.0
0.4462889919107231
0.0
0.5210585140595927
0.3951375496629046
0.9678602871885331
0.0
0.0
0.0
0.0
0.0
0.0
0.6915241444929814
0.0
0.48707918605494266
0.9238878779484254
0.04898232097871704
0.7122093248535271
0.0
0.0
0.9953096771992695
0.0
0.0
0.08000222830165454
0.43503080234272357
0.0
0.20248763844629153
0.0
0.7207046633258767
0.9576537685605756
0.0
0.49519264881749714
0.20136630580541595
0.0
0.0
0.7786489470132686
0.0
0.7148392757949049
0.47030524017118225
0.0
0.10022876014206174
0.22615435804301579
0.0
0.0
0.0
0.0
0.0
0.4072326621288443
0.4575927584662566
0.0
0.0
0.19403631403906077
0.0
0.0
0.0
0.0
0.0
0.9228774064960429
0.0
0.0
0.0
0.4254485488332353
0.35902074304888837
0.0
0.0
0.6443745006370254
0.0
0.0
0.6083250938877991
0.0
0.0
0.37154204600414065
0.0
0.11606174148738635
0.0
0.8928090507383473
0.0
0.0
0.9925824820209553
0.3621510369922347
0.0
0.0
0.0
0.0
0.0
0.0
0.029501450413333945
0.0
0.6258653731124332
0.0
0.5490059294043237
0.05910477480754965
0.0
0.0
0.0
0.0
0.0
0.0
0.24865960334763929
0.2108098890912167
0.0
0.7493637152574251
0.0
0.7435709772721354
0.2654045943735898
0.809154677872048
0.0
0.0
0.207644478659727
0.1134765627213897
0.0
0.7046303994423594
0.0
0.1073212065955971
0.0
0.7160837710534268
0.0
0.7652461432559352
0.0
0.0
0.29736611281871383
0.07330871675510374
0.9504290703357433
0.0
0.9569459372038285
0.0
0.0
0.0
0.0
0.0
0.0
0.0
0.0
0.12290899489032193
0.0
0.0
0.0
0.0
0.0
0.8646216374438848
0.0
0.7290166927807488
0.3341944931913251
0.17358373686642142
0.5351617333519826
0.0
0.3161037663053021
0.0
0.0
0.0
0.0
0.5724614521377804
0.8203506584029869
0.6831667486666272
0.16113003074511467
0.0
0.5587864198725171
0.0
0.0
0.0
0.20664498448675128
0.0
0.39736562659738756
0.0
0.011147977666716892
0.08926313985682731
0.17320904861255457
0.08604108272437772
0.0
0.0
0.0
0.19373627468245277
0.027407881673210857
0.15298693433246244
0.0
0.2890817263906192
0.07621817379642441
0.3163049138422498
0.2780697515085914
0.0
0.0
0.0
0.9313257488957737
0.0
0.2893260304477158
0.983120627980448
0.0
0.7676896328973891
0.23585322380662604
0.6406549960984934
0.0
0.0
0.0
0.0
0.0
0.0
0.1387200068334085
0.0
0.11355814609701187
0.0
0.0
0.0
0.2454715190157651
0.0
0.7626612820441978
0.3727117292868808
0.0
0.7006332961980462
0.06868912567304158
0.0
0.0
0.0
0.0
0.864075601308649
0.45767548210845427
0.0
0.6416302374209981
0.9073087308497951
0.0
0.0
0.0
0.0
0.0
0.0
0.0
0.9868675117391899
0.0
0.0
0.44810050163542425
0.0
0.546836603166997
0.0
0.0
0.0
0.0
0.6833240723033576
0.7263688895023046
0.0
0.42141957549533027
0.0
0.4205692323965814
0.8634667508422307
0.20789314369272302
0.0
0.8125802298194031
0.5127324479741641
0.3323007598183616
0.144007139216289
0.0
0.0
0.0
0.0
0.0
0.0
0.34630991932259514
0.0
0.0
0.2954205745760096
0.0
0.6194007059601387
0.10030896296907825
0.9646188033826274
0.0
0.13186534489872892
0.5519010381551768
0.0
0.0
0.0
0.1467155328430223
0.5392216623939619
0.0
0.0
0.13573514437035622
0.07769461170216928
0.8347758476895879
0.0
0.2472443773918426
0.20009763004838108
0.0
0.898805181943626
0.006549098364215463
0.5853711772751343
0.01859492393474297
0.0
0.8483488512701902
0.0
0.3268763517199489
0.0
0.0
0.41624620938939705
0.21222819243046778
0.5371071611116104
0.0
0.0
0.0
0.4818557796452057
0.0
0.7425138652725378
0.2776772327745202
0.9497018453753387
0.0
0.6512885843845342
0.0
0.0
0.07676953437844278
0.3060225141204867
0.46123952118117123
0.0
0.0
0.11172956100758585
0.9843216179177431
0.0
0.6641114901633984
0.0
0.7064857763704292
0.0
0.9359391945506561
0.0
0.0
0.0
0.0
0.04871153863816217
0.0
0.7127772610505589
0.4454419836655421
0.6465264514703037
0.0
0.774922943665791
0.0
0.0
0.0
0.0
0.0
0.9973592885919952
0.0
0.03242082748345038
0.7198660122815159
0.0
0.0
0.0
0.0
0.9398669809760205
0.0
0.40998476599141936
0.0
0.2938840851458416
0.0
0.0
0.5111185954307641
0.0
0.0
0.8923847518843249
0.0
0.0
0.0
0.0
0.0
0.0
0.6207081378078482
0.0
0.25000201604220446
0.5839409739139224
0.9073643595963374
0.0
0.0
0.2946648172473367
0.8199164805940142
0.0
0.502323427154256
0.0
0.0
0.9331197004342239
0.08719960637951506
0.23959804614251445
0.020912228912765857
0.0
0.9186207629546499
0.0
0.8135071718273016
0.7524939338645745
0.4645710919479106
0.9969968794267035
0.23338276825715235
0.0
0.0
0.057152603414446446
0.4201000185185665
0.7326167394035574
0.0
0.5969543217153948
0.038773295308812294
0.9867819482310661
0.0
0.8703769313241806
0.5419256331792737
0.15758531748427534
0.05655046494394556
0.32148018751275764
0.6933537897696247
0.7339016942888712
0.0
0.0
0.0
0.0
0.9861441718714373
0.10600769303460598
0.07116173426159288
0.0
0.9393223284630173
0.8039039409675471
0.0
0.0
0.0
0.9582582832948924
0.14736475802699303
0.20439118247598126
0.0
0.2705181992347324
0.3751273204976402
0.6788324170568322
0.0
0.5302998897591497
0.0
0.2532572029246666
0.1290540836306471
0.0
0.5598912228667218
0.0
0.0
0.0
0.14111512691868824
0.0
0.0
0.584148730473313
0.38260800461075906
0.0
0.0
0.5094416510391381
0.0
0.34971930923489475
0.0
0.8968866728432351
0.06727995051737987
0.24386750143825314
0.0
0.5916740233945447
0.8432141482425053
0.0
0.0
0.3661579202339063
0.3253402393160383
0.11020448432351092
0.0
0.010405596666929664
0.41666455411291875
0.08887663135884334
0.0
0.0
0.1473552565645105
0.0
0.1780423148125415
0.0
0.0
0.0
0.16637612069041552
0.0
0.7489761719890022
0.224011826833336
0.7875878449120701
0.0
0.0
0.0
0.0
0.370681995393107
0.4481956356061446
0.0
0.0
0.5924964386672206
0.0
0.7610354084803125
0.0
0.0
0.8443789331499209
0.0
0.8172532565351988
0.24406905945003537
0.0
0.0339168113924284
0.6031228753904734
0.0
0.0
0.6675533194920295
0.0
0.9142430870730417
0.0
0.0
0.0
0.7324501322155516
0.0
0.0
0.3558512421429578
0.0
0.249633321128346
0.8841697011792293
0.7633275945882575
0.0
0.0
0.0
0.443888737829071
0.5603810100233018
0.0
0.9454848547041567
0.29213971028218166
0.0
0.0
0.7987204525585403
0.0
0.9609567488678734
0.9210082806819885
0.0
0.9050821541311088
0.6032843765372704
0.25917998956526744
0.0
0.0
0.955836009267213
0.0
0.0
0.0
0.0
0.9538260573541618
0.0
0.5611655507284242
0.12833578464427892
0.0
0.0
0.0
0.0
0.08843497754624807
0.18100579094337788
0.0
0.3947049667158351
0.0
0.5763230774498399
0.0
0.0
0.3700471526684276
0.6264334367029174
0.0
0.4341545864391827
0.327745908485616
0.7571369216189628
0.0
0.5290869528389527
0.5038513184541054
0.0579581522878411
0.0
0.6981218655397177
0.49628842203950263
0.0
0.0
0.7138359924545523
0.11996977070214243
0.0
0.0
0.36477132490495895
0.0
0.3924606147866959
0.0
0.0
0.38096010475404674
0.0
0.6481311519538706
0.6914058377297165
0.47258565729901103
0.0
0.0
0.0
0.5764298506816021
0.0
0.7757395720868114
0.0
0.0
0.023832595946557695
0.6734753748079493
0.600778165851102
0.0
0.0
0.2667487530644175
0.0
0.05095869079977641
0.6036726245622887
0.0
0.0
0.0
0.0
0.10946598542347338
0.7261078590230456
0.4769979014698316
0.4930773144104488
0.554535643762991
0.0
0.0
0.6295366833925335
0.0
0.0
0.4467039345209791
0.0
0.0
0.0
0.0
0.9576654279322189
0.0
0.0
0.0
0.0
0.8256765110209393
0.0
0.39504834588464144
0.34763229207555757
0.0
0.0
0.527334694880868
0.0
0.025235773279543017
0.0
0.8741197774786414
0.0
0.2284807941336836
0.23844635442923634
0.0
0.7061927308882503
0.07359548565082517
0.0
0.6247872679964267
0.5091536433915713
0.879810959323168
0.0
0.0
0.7812938508156564
0.9706895383224661
0.0
0.0
0.6620964897362288
0.0
0.21468803067555386
0.0
0.0
0.0
0.27033250512825774
0.0
0.5930758044115514
0.8560223759134573
0.028414538846004412
0.0
0.8355713252711943
0.0
0.729877747900379
0.0
0.0
0.5529098628990796
0.13517901074194869
0.3433284523261269
0.0
0.2934434193282343
0.9147493057750435
0.0
0.0
0.0
0.8205923477641908
0.20824950253810037
0.0
0.6078080068354531
0.6662387860273514
0.805322273755993
0.7488620261841004
0.09157018452622771
0.0
0.0
0.3066906169455739
0.0
0.0
0.8528010348998052
0.4953207334667655
0.0
0.0
0.0
0.0
0.0
0.2686800405611182
0.6938586587622916
0.18991597067387136
0.349954129765986
0.0
0.17474957940234
0.01253234786350895
0.40531637837472634
0.0
0.0
0.8621059488901732
0.0
0.0
0.0
0.0
0.6225138993939897
0.9562733771364974
0.33630243083498046
0.0
0.15290950770694645
0.30323001894308044
0.0
0.0
0.6330207724521074
0.4793197475176772
0.0
0.0
0.0
0.5038562717468187
0.0
0.0
0.8302181792447914
0.02751399602168506
0.0
0.062718828780502
0.0
0.0
0.06833681480872449
0.30768900707162516
0.0
0.8959191775037879
0.0
0.0
0.3374554001376086
0.8391646647895064
0.0
0.0
0.07814073418406887
0.0
0.052786557623957675
0.15122853312615755
0.0
0.24985065952303512
0.8299164725034803
0.8135775716330961
0.03809933839417112
0.0756628612914905
0.0
0.0
0.0
0.0
0.0
0.31590886628029735
0.7146839521903727
0.6135784818773077
0.0
0.49852485320374346
0.0
0.0
0.9772826565793212
0.5262802331154482
0.0
0.0
0.0
0.08571683382903816
0.0
0.0
0.022136888297645048
0.0
0.0
0.0
0.0
0.2744307473453702
0.0
0.0
0.0
0.641540798318813
0.8503480112320879
0.15712849744481888
0.7822946136309564
0.0
0.6945761258015456
0.35947698837528574
0.0
0.0
0.0
0.4891949894889738
0.0
0.0
0.8949518949864035
0.5922863080765759
0.12475756921888022
0.6227468939993094
0.0
0.0
0.4588996534741499
0.1306408895509133
0.053082348403742353
0.0
0.0
0.8386131531870766
0.0
0.5791427917917737
0.0771303927811736
0.003602881845612482
0.0
0.0
0.0
0.0
0.9460230882502975
0.0
0.4470193838956064
0.7635744028643423
0.0
0.0
0.0
0.0
0.0
0.5950785003174491
0.0
0.0
0.0
0.0
0.0
0.6911925299255756
0.0
0.0
0.550406854490843
0.0
0.0
0.0
0.10928292834494435
0.0
0.0
0.0
0.0
0.0
0.0
0.5787054983200708
0.7533822744503154
0.0024192161221543163
0.6359608702229228
0.10752562786305563
0.0
0.7185448983862078
0.0
0.9686028635832443
0.0
0.0
0.7634314076565916
0.0
0.0
0.3802425733366449
0.7274818762530044
0.030486881130520598
0.6026304487758717
0.0
0.0
0.9567805702252858
0.0
0.0
0.9743695181929537
0.30367786226486276
0.6680371882869048
0.42675640900670175
0.2216510523223871
0.0
0.12915998232893838
0.5831244841777194
0.6122181869920538
0.6931813190262993
0.18223250809148003
0.0
0.0
0.9531458545229675
0.0
0.0
0.0
0.775703864480264
0.0
0.5488321783995012
0.26677267447431713
0.0
0.0
0.30003728062867924
0.0
0.0
0.07271624129285278
0.5979781344404279
0.8498515897141329
0.0
0.0
0.35012158027848295
0.0
0.280081453304017
0.9249912798124753
0.0
0.0
0.0
0.0
0.0
0.525896720128519
0.0
0.884034075811939
0.8919947365517572
0.0
0.16290082575273737
0.0
0.0
0.7676409814696068
0.0
0.31923866101838905
0.3252039014154563
0.0
0.0
0.0
0.0
0.3452049125067913
0.0
0.0
0.06602586938439084
0.0
0.02741585139854687
0.0
0.0
0.0
0.0
0.0
0.0
0.0
0.0
0.0
0.0
0.2786596968365231
0.0
0.0
0.6520756856539935
0.9499600098639462
0.0
0.7940708860494158
0.0
0.10080525965449084
0.0
0.0
0.0
0.3494002783785525
0.0
0.22155971799049606
0.7405861076806664
0.0
0.0
0.31218394582306713
0.9699173181365355
0.0
0.8167366969227619
0.9145320802463738
0.0
0.0
0.0
0.0
0.0
0.0
0.0
0.0
0.0
0.0
0.0
0.3176002267256145
0.004912350324947691
0.0
0.0
0.837878772214358
0.7137717101673532
0.281487189279601
0.0
