128
23
211
51
6
39
30
59
72
165
197
11
37
34
86
73
98
121
99
46
47
60
118
184
129
146
28
100
208
209
74
130
4
131
210
93
94
41
177
43
180
110
178
188
48
101
3
189
214
190
81
169
158
124
75
122
38
82
151
170
125
162
205
24
31
95
168
35
9
44
126
179
115
132
49
163
119
136
202
191
173
192
29
213
52
58
17
200
198
133
102
147
53
152
63
56
103
137
181
76
153
166
22
104
105
1
64
87
148
106
12
68
77
96
199
176
159
7
65
18
167
149
45
19
116
171
8
66
32
111
138
61
112
134
88
78
97
143
40
175
69
89
90
107
160
127
33
154
13
139
5
25
54
135
206
185
67
144
14
182
16
50
79
2
15
26
108
164
183
70
207
57
27
55
109
145
36
203
20
71
204
186
83
80
172
113
187
117
212
91
140
120
141
84
92
142
156
174
21
123
161
194
157
195
193
196
62
114
155
201
10
85
42
150
