2016
5728
606
4566
3959
3393
1687
5949
1643
1978
1608
5829
5446
989
2111
5660
1801
499
4068
3902
6860
1555
6424
3400
2342
1256
6834
5798
1180
5165
5485
6115
3817
1683
2165
32
167
6317
708
246
2343
6812
6641
1742
4671
2956
6711
5530
4447
841
6448
5928
3262
3035
733
2359
6194
2575
3517
4901
1453
5417
5644
2831
4203
2829
2308
747
6175
3711
4626
5397
2664
4039
6260
6562
3361
1750
462
1850
6158
2071
6048
5906
6277
5032
4336
255
500
3388
3334
3761
2184
4908
4359
2790
4958
645
860
6053
1315
2139
6348
5991
5907
1622
2431
727
3144
2237
1187
6595
5708
201
6691
6296
66
3613
6356
4197
2758
4277
6435
6488
1838
2275
6177
51
6498
6062
1228
471
113
1951
2949
4054
4227
5941
5585
60
2173
4490
1672
5373
4017
1710
6776
1216
5266
2585
2555
2076
6520
6453
5083
2109
3822
626
1624
5477
6656
6131
2086
4288
2502
220
4251
6294
4087
1067
4352
635
4407
5429
3558
3321
369
5995
5420
1524
6863
6920
3715
170
3319
6753
3443
5031
2262
6295
3429
76
1563
3615
4144
1907
5148
3912
2689
518
3198
6580
5412
6269
4270
4604
2894
1050
4469
1923
3938
6837
6772
6502
2203
4935
2526
4348
5543
3602
2051
5016
5767
5772
4208
5301
5027
4884
2881
5885
6376
1859
2630
1564
4223
1334
3981
5665
4639
2710
4340
2937
197
4757
4722
4928
2423
2333
2971
4654
5230
2087
6827
6800
6760
6262
6314
5430
5842
6
245
5463
4218
5139
6441
1769
3568
3920
2058
4405
4797
3427
6029
4697
6411
4468
5328
2279
4998
6374
4978
6189
4511
6138
6500
4427
5738
2270
2536
6396
5461
5652
6687
2741
862
5260
1817
4107
2061
6811
481
999
3945
5726
4350
4558
6634
6344
6270
1992
717
880
1340
6395
2346
3079
6434
198
6561
3473
4606
5104
4343
2596
3474
3572
881
4982
833
1487
3977
6160
4262
4677
4508
5687
3377
2460
2080
6538
6708
4867
2147
2445
2234
3066
3467
4707
1001
4293
2653
1905
6043
4893
6426
4110
2947
6694
2967
1359
5572
3885
5629
1044
4261
5615
5105
3381
4809
1126
4382
4916
2507
2274
1568
1773
3843
2723
6496
912
6534
6458
332
1292
835
1704
2909
3505
3485
5470
3743
1328
4699
4556
3738
5650
4910
5093
2594
1990
2114
5107
5395
1148
1319
2276
4422
2067
2660
3955
466
4801
4231
1791
6910
1131
763
1307
3887
123
6483
5971
5469
6430
663
6012
2400
5622
494
283
1991
2874
6313
4276
4379
4972
1748
5198
2797
6346
4118
3344
6075
5040
2065
4047
157
5140
4662
4507
4897
6220
6799
2930
2011
1551
2987
3351
3005
2984
4787
1227
5896
4011
6266
3390
4753
1168
6438
6443
4320
736
4601
5874
1419
5643
4792
3712
1355
527
3401
373
129
2365
2720
1942
6737
4494
2719
5923
5432
6648
1984
650
3988
3917
6159
5108
1209
1612
2661
5116
5110
6848
6168
4600
4041
1449
6522
5902
6888
5713
1869
115
6878
5496
2582
1266
6631
5309
1706
6739
5659
2939
2925
6193
1854
236
2651
6507
6212
1015
4439
5554
3085
3584
6566
821
1891
1943
3665
5255
1497
4550
2762
6423
6000
3628
2146
5710
4058
3833
6872
2395
5175
2631
1023
5225
2659
2035
479
3087
1860
5195
4523
6122
5413
4296
6008
3630
5926
4702
2620
639
4529
5268
6003
3733
697
4956
4029
1250
3294
6862
599
5826
4501
2616
1448
1906
3248
3003
3116
3130
2039
3379
2131
1679
6526
1190
6119
5507
3234
3494
3624
2532
5234
3972
5149
6001
6897
6447
5884
522
2811
6898
4575
5010
2182
3369
1354
5316
2140
2946
308
4304
399
5614
5062
5162
1696
3027
4158
6292
941
5313
6859
3209
6163
3056
695
5088
4301
2398
4489
3793
2448
6044
832
6094
4859
533
3213
2432
964
2966
5992
5517
1702
143
5903
1046
2849
6593
6890
454
4497
5974
285
1411
2886
3758
5183
2670
3607
1070
1805
1097
2542
3686
4512
3462
4559
6420
3520
4920
5794
40
274
4413
3358
4467
4008
4093
3932
4945
266
5912
5078
2757
3458
6039
3814
3509
4843
2951
5232
583
1274
2128
598
1395
3587
4387
5905
3115
1033
1540
855
2868
5277
6736
4780
4143
2245
2144
1170
2794
5376
6845
6586
4200
4666
6362
5792
5061
4557
730
3266
975
3491
6564
3966
2920
3261
5761
627
4592
206
3612
1360
2523
997
6861
409
130
624
2420
1136
4665
1356
3557
3055
1671
3632
2248
5487
608
5161
6083
5589
67
480
5079
4456
3668
1041
5584
4926
3078
6247
305
4002
5039
6455
1143
1541
2437
1310
523
4762
1753
1846
2409
2177
4680
4825
6460
4946
4481
2522
3784
4236
2500
1601
4397
2408
4194
2190
5994
545
3967
2579
3860
1342
2593
3841
4882
1953
5901
4191
5050
1716
4317
5377
5410
5504
4374
5879
4579
3714
5723
3619
4233
2748
2634
990
5229
2764
4742
3155
524
6911
256
5569
6533
279
2166
5242
4055
5914
3340
5422
1844
1983
3449
1393
2374
3418
5610
834
5601
4265
1730
6497
770
3308
3883
6689
1211
5840
4629
3626
6404
3813
937
2745
3957
473
3990
3549
3172
1866
986
2926
1945
5847
195
1242
2734
5169
5623
5465
4967
1137
4542
2444
4770
3048
968
737
4458
3297
4798
5975
4195
1904
1560
4803
1686
3468
2678
2776
1005
6809
2426
1118
2997
2207
2876
2835
6792
3001
1031
1074
4472
401
1036
1802
656
488
3907
4603
4237
5158
4307
6484
171
2673
2518
744
682
3746
142
5630
75
3560
6205
1177
818
5948
1104
5801
6366
3789
4209
2687
2462
3754
4820
6182
5697
489
4745
300
4189
3731
6101
3544
2271
5357
852
5167
433
3837
4608
6363
4129
4994
1321
1829
4252
6516
3825
2992
3407
5875
6249
2508
6251
5157
1233
2
4134
6490
5251
1638
4159
5825
3516
4302
2037
6173
3489
3808
3581
3525
5355
3318
5202
2516
2621
6355
1725
3739
2821
2312
5528
530
1667
2859
575
4290
858
6107
26
5838
1512
2268
5178
6246
1558
3650
5385
1093
6826
1545
5964
5249
203
4877
6702
6537
1967
4007
3256
1980
3131
3859
2911
6649
3124
4996
5370
1793
4880
3752
4030
5631
6924
514
2869
2601
788
4565
2972
2240
3409
4299
5117
3842
5811
4906
4553
2470
4061
5248
6823
3554
4778
6155
5070
4095
3759
4595
2495
1208
421
5910
6145
5481
5586
2913
5147
2072
565
2970
3911
957
3451
5409
819
2950
1999
3699
6206
2463
3992
470
6224
2224
3653
5908
6528
1338
5362
4692
6126
2022
2792
6403
808
4355
4758
3893
1301
1120
2362
50
97
2541
6125
3696
6797
6662
2138
4492
5382
5872
1707
3857
3339
5144
3756
5239
5286
3766
6283
846
5391
2216
321
214
3051
4461
4267
2645
4222
2872
2218
475
5099
1876
6679
1998
3611
4235
2875
3030
4841
6085
4178
637
4520
1365
1722
109
4808
685
5241
3145
3838
4075
6489
3371
6773
2969
5809
5311
3706
6728
1784
6014
3933
5737
5718
5233
5913
1517
517
5254
3571
5418
5824
4838
3252
551
2610
3054
3309
562
3059
5800
5727
2156
5686
6357
2978
6186
6829
640
390
3214
3865
1570
6669
6722
5819
5951
2785
2416
4647
216
2897
2194
1164
5056
1565
6015
403
2619
5870
3773
5883
3737
2442
1264
6024
4487
6457
1246
1698
5524
318
2635
4353
3064
1592
1312
6139
5667
1634
41
1007
2083
6340
3984
5044
1778
5153
3496
3730
2330
2489
189
6652
520
1368
1796
3192
6714
5702
6777
3296
3010
6470
3161
2623
193
3084
326
2968
6475
4175
3521
3534
4571
4212
4576
2259
2548
5428
787
5516
3017
3735
6577
2225
3704
6525
6842
2639
199
6030
6909
4153
4721
4761
4788
1039
1416
6327
1198
630
5757
273
3074
5735
5407
1400
3596
6828
654
4543
4822
536
6318
6042
5799
4805
2804
1176
2284
6342
5864
3951
2890
6387
2539
4426
4725
3431
4868
6508
4748
5464
5565
5617
6132
3910
1738
6217
4561
1189
4609
4078
6675
4814
6921
6778
2451
6421
1871
3937
2778
2759
6868
2822
1028
3471
1529
6033
3095
2910
3576
956
1410
836
5625
1458
2092
854
6011
3683
5403
2264
5235
5608
1645
1275
4974
2413
4314
4858
5494
4902
3058
4009
3962
3908
976
1316
1920
4381
2899
74
2672
4594
1732
2795
5048
5712
6531
5592
672
2101
5881
5520
4505
5478
4140
3926
5152
5911
4988
3487
2805
2608
1248
3143
3121
6257
2618
1062
6556
1414
6746
5203
6221
4640
5919
5402
2932
5959
6263
4498
294
5972
5315
5515
4232
6245
2983
1047
1099
5025
6747
5095
2226
4622
5411
6567
5969
2878
765
980
3621
4970
3751
4700
2640
277
5618
94
2000
1975
3815
1037
2001
2246
3896
5646
1962
3341
6209
3440
2828
4122
2943
1549
1470
629
6381
4480
112
1664
4874
428
3111
6143
3033
2733
2587
4117
4099
3348
5231
5168
1989
4271
6265
3956
4832
4220
4734
6904
6884
3307
4730
938
1922
2371
547
3726
5468
3922
1508
4818
3019
6429
6035
4894
2550
1993
6838
2611
5451
6134
2682
2632
4807
3870
2081
6084
6120
4123
4904
5029
3900
6875
6156
2510
6754
2198
3119
6297
4824
1899
1960
4286
3263
868
1096
3810
2353
2624
6041
6135
1215
3749
1886
6184
1571
1561
1426
946
4260
5887
3202
3099
2478
6293
253
6942
2376
998
1085
151
230
4952
6553
3107
5350
5361
3753
4225
6683
3188
3497
6474
4701
3424
5946
1247
2063
3242
1931
6495
4546
2609
5193
4535
4278
6589
5989
3879
1808
6392
1439
800
3975
6640
5020
2282
6763
2707
1474
2223
5486
6082
3909
1367
5092
4438
5933
3583
848
965
2060
5758
2503
2747
6259
5682
2884
4491
4067
6661
4731
5349
6697
3654
5132
4791
1271
3219
6409
3700
2654
5187
3617
2924
4337
4402
3609
5966
4790
3444
4442
4390
2866
3772
6124
5131
4676
2832
6623
5135
2030
5491
3657
732
3750
6439
17
5661
4528
2379
1936
2242
1692
3287
208
4445
4369
4943
962
3543
1320
4572
849
3046
5457
4240
6836
5172
4655
43
4861
3075
2889
5159
270
5058
3426
6051
1438
3701
3394
3845
4568
6606
4259
5514
2424
3601
686
4727
1182
1488
3316
3071
6796
3709
918
99
5985
5455
4474
3255
2796
6408
2818
1080
2954
5364
3403
2202
4784
5877
6600
1676
3425
6885
5639
2372
2625
4149
4207
254
4112
1724
4349
2249
2369
4475
1819
2549
4673
3892
6914
1125
1489
6575
5736
3357
1864
6407
3985
1289
1776
3803
1637
2084
6559
4034
4206
5594
4432
5072
4126
6383
6576
4999
6544
325
6136
2999
4903
1504
4560
5677
1290
6353
6588
6466
5776
5573
405
4100
2251
5957
2009
4774
611
934
3279
4781
5452
2082
6386
1241
3025
3877
6940
4578
2110
2199
5215
2151
3282
1115
3518
4590
5197
1344
823
675
6464
5590
1789
3834
4939
6380
579
5163
5113
6791
2588
1810
5935
5021
504
6302
5380
5816
6866
2104
5276
361
2217
186
72
5437
4161
1406
1522
6070
2099
6146
5204
1482
5280
2985
5398
111
2819
1803
6242
1813
1580
1151
2469
5637
5206
6643
5262
2777
6469
5784
456
5416
5703
4500
3606
1792
3493
4409
3816
6451
1294
4764
4848
1254
3222
1741
1633
5060
3249
4819
4241
696
5967
2453
4167
6771
3546
144
2534
2964
439
3015
3016
4698
2406
532
3969
4633
1804
6291
509
5366
1751
6741
5962
3306
3570
6583
4545
4616
894
1337
1848
4537
6289
2482
4855
3514
6050
1631
6824
1188
2136
1752
103
5961
4124
5498
1317
4162
2863
4180
2663
1987
5332
6639
3982
1121
3639
774
6756
5111
4394
1193
6808
5343
2584
3239
162
249
6282
5415
951
3529
1577
971
149
3373
3541
6599
2545
6334
363
1447
2553
174
1025
6557
921
4459
5353
311
5833
3177
6240
3206
752
4913
4635
3243
2568
3000
4130
780
1772
1492
1361
5209
666
5651
6148
1877
3687
5782
6416
6818
1094
275
3796
2779
2026
5502
4813
1849
2666
6813
3421
6768
1661
6810
3097
192
1130
5059
2595
2845
3235
2749
2120
3809
3720
336
3531
3884
3184
346
6619
2180
1397
2113
3207
4119
6111
348
3595
2305
1063
1884
605
3227
5688
6676
3476
3435
1606
5654
4163
6065
2528
1149
4887
63
5065
2599
1471
4069
5781
511
5443
6454
5483
6161
5978
4856
2494
2509
2993
5073
6402
4628
2425
6222
6099
3685
5394
4980
3114
6200
49
3538
597
857
5925
3230
3108
430
1285
4564
5607
4789
1927
6037
2721
5612
3438
2864
4425
5817
4308
5540
871
4589
3545
5414
4793
6529
2356
6769
2929
4283
4821
2019
6906
2456
5399
2961
5291
4728
29
6608
3895
4919
4710
1194
5931
2694
2487
1145
4044
5955
5820
817
2402
1825
2236
2740
155
6056
3645
3128
5587
901
4668
917
240
2816
4376
4795
1937
2211
6478
2974
5909
2201
3931
1513
3472
4669
5878
6444
297
700
1574
4131
2036
3452
225
604
2693
5806
5396
379
1234
3484
3315
1582
2558
4120
4830
3875
1052
2989
5213
6465
4524
1806
2017
4504
740
6268
6197
4361
5438
3785
1735
6832
4739
2791
2297
6615
6019
6638
641
5112
4630
6605
811
6271
6869
5855
2855
3898
5342
6028
5121
5537
6895
6216
3519
3247
4644
110
5375
1883
3569
1460
1476
6032
4896
4826
5827
1114
4756
6487
6642
4204
4378
2612
501
1221
958
602
2134
5551
5862
2838
2538
55
850
1222
4857
3648
2649
6117
1261
3755
2290
4991
5899
801
6081
4457
4800
4027
4213
3563
1799
1694
3918
3763
3578
4951
2668
4741
3874
1010
2273
4395
2391
387
966
427
160
4224
1888
3820
6822
2389
2439
1972
2644
6419
1863
1498
3405
4618
5327
688
4084
6928
925
2257
2188
709
6103
4448
6414
1420
3792
158
4839
2059
5929
4684
2732
4244
487
3852
5693
6373
3502
5550
3197
4312
5319
2501
2304
6036
5475
6672
6900
807
5691
6748
4811
6889
5323
4610
3928
4541
2698
5970
6087
4187
2755
5595
1925
5892
6893
3067
1383
6707
3203
1535
1878
842
5087
2665
5221
376
6121
125
2995
6581
5023
3771
3330
6153
3641
5322
3797
2239
4615
4709
1837
3644
6916
702
5085
4470
2283
1002
1199
2810
4922
4607
2567
1240
6831
3507
5696
1935
3221
1691
6129
6306
1763
1331
6479
4783
6770
6854
5279
2738
120
5490
6678
1496
6761
1003
4025
2300
3272
4525
1503
1277
1057
6319
2289
4577
2606
1054
3508
1919
5779
4020
5741
2702
5176
1183
5979
5813
6437
2070
5155
2355
2148
6219
3620
400
3659
4211
3861
3413
6372
6151
4375
6031
3323
5822
5749
5731
1260
5408
1747
5258
5721
5393
1049
360
738
6673
4423
5733
1309
61
4779
2440
6459
6723
5939
6609
6472
4306
3089
2647
4160
6367
3277
3661
620
4128
2115
3176
5560
3594
5557
4659
6825
4012
5765
205
3231
2691
6417
2344
5808
4245
3153
4401
6093
864
6873
4530
4944
2841
5956
1892
1675
2529
1459
5982
5751
5810
2912
2602
3337
4319
3854
2701
3745
6322
5681
4446
338
4917
3858
2155
5730
3372
5649
5219
6243
5000
4551
5405
3599
6573
3093
2243
6385
3360
4248
2885
5100
1874
981
4796
429
3486
710
2397
1823
6218
1761
5055
4738
3930
183
3765
5760
2357
796
257
1329
1088
5538
1009
5293
3278
5545
5606
4966
181
4253
2005
3368
5358
2708
2893
1157
2427
81
5051
116
5512
1534
2850
661
4414
4428
319
3734
5763
5352
1832
4168
4555
2160
6393
4309
2498
2383
353
5636
1660
78
5604
3886
4221
6881
5963
6712
6933
2472
244
4976
2360
5150
756
3305
3245
1468
6816
1668
2891
3012
5264
5821
3523
4083
3635
6725
320
2851
4661
4890
2756
5609
5038
6165
3724
1205
5848
1896
1330
6152
5547
3167
3028
3162
5876
1366
3446
607
1861
5805
6774
4948
6936
6543
5471
954
2963
5228
4329
4872
6301
5091
4096
3722
1986
6611
3681
5321
5041
5788
2327
6635
419
2468
1374
2441
5326
1544
5384
2916
1940
6574
4816
5675
5053
2265
2252
3052
6932
5026
3867
5638
6338
4053
6377
5008
3643
4981
3871
5284
1674
5207
1322
3430
4870
6433
2513
4696
775
1444
1481
6503
6149
4201
4396
6625
3811
5246
5009
6865
4247
1394
482
5893
874
4506
2980
4295
1084
3031
3856
6718
4538
2823
2422
3783
6234
2435
1478
6934
6162
4641
1357
1073
3189
2288
282
2375
4443
2123
2667
2986
2730
2079
2883
2285
118
550
3868
5054
1929
892
2488
3994
827
5220
2858
4851
1446
2981
5210
1889
1380
3631
6391
5678
4451
1064
3217
6141
3136
2637
1223
3522
5539
2535
4193
556
3063
6304
6238
5253
3905
2055
2769
132
4291
1296
1856
2465
2254
2578
6802
3081
1728
2605
2576
1779
6102
307
1385
5786
952
6682
5954
2788
4386
6886
5278
5664
2054
3855
165
6757
4923
5074
3169
2962
2438
4063
5296
1520
4354
6929
6849
3968
6585
451
3276
1083
4385
3504
4876
1533
6063
62
6700
3039
3492
3589
3391
82
4772
4464
1220
2763
5071
5633
5635
3455
4755
3775
5699
3236
2287
3542
6016
442
6879
3616
5173
1902
5171
6938
3604
3836
1726
2600
4479
2765
3157
3286
3049
3995
4918
5866
5894
1618
6565
3847
1572
6704
6790
5080
2405
3618
3333
5658
1915
6071
2339
4046
2853
1623
3748
6333
2043
3480
6629
4116
2760
4157
4243
6427
2475
3122
1436
6170
953
6658
3415
4646
3298
6767
2827
5236
1809
5012
5401
2727
6401
6164
1745
5930
3736
2403
4330
5205
6519
77
4612
693
1689
4165
4997
6281
2434
5222
529
2231
6671
95
3770
2040
4152
3916
5454
5549
5998
70
476
670
6323
4937
2692
1630
4517
3801
3171
6721
3002
6349
56
1200
4749
1811
1325
4060
1836
2311
2480
2419
5298
1519
991
2887
3336
4834
1685
1461
5282
2385
5160
5804
3166
6290
698
5345
5499
5522
2559
2867
2331
5938
3211
2561
6752
856
6261
251
431
416
5753
2250
1576
3349
6235
3586
6250
2802
1363
434
6782
4810
5191
812
982
5558
3866
2053
4804
2724
1586
1845
1417
4285
3707
5379
209
1081
4860
1127
4905
3191
3973
942
6935
2676
3790
313
102
936
5900
5944
908
739
1281
6258
2706
4940
1101
4726
6582
1308
1670
5769
5333
5506
6350
1286
5846
4687
6025
1269
610
920
2197
5002
1178
4598
14
3420
4016
758
2003
5843
6074
6412
2414
3
3160
6431
4334
3050
6057
6196
4344
3332
6499
1454
3410
3690
3317
330
1510
3925
5837
1032
388
1352
6179
5294
6729
6610
2753
588
2598
44
1506
6399
6079
5603
4984
512
648
1133
6620
5177
2048
1666
2334
651
3281
293
3173
1134
1379
5863
460
1822
1237
2697
6821
1424
6814
4548
2515
5579
349
5445
395
1682
4563
5467
1335
3939
5747
5570
5571
4014
840
896
2296
1542
6941
5024
785
1690
2404
4214
90
1485
1893
622
5642
4850
5709
3986
21
6114
2712
491
6597
3327
2277
3914
1252
3322
3478
5308
306
4886
5852
367
1055
2415
5861
2520
2976
1600
4932
5006
6744
6009
5916
3441
1345
1249
5849
4562
6591
5750
1430
2690
2298
5947
2412
135
3553
280
570
2117
1870
1760
3591
813
3110
3678
4392
6123
1376
5378
4282
4864
2307
1578
359
961
2038
2235
2743
2272
5076
2888
3320
2121
4911
154
3034
4031
1401
1505
1403
5598
4927
6716
1219
6902
3993
3091
6425
6541
223
5069
3672
5170
1213
6089
3103
3302
2130
4961
1192
2603
4627
1398
6542
2846
5676
3265
2253
6696
83
6539
3365
6208
4933
4132
6793
5511
1106
1734
4418
5673
4021
2633
2467
4989
576
3170
2907
4032
5049
6276
5725
6061
2879
1455
6144
6415
1924
3138
4108
5533
2193
3165
5106
2006
4280
6090
4275
2982
5115
3238
2458
4345
6285
5419
837
3325
317
1858
3603
5247
4035
2681
745
1532
4441
5199
2164
39
329
1591
5965
6178
6590
859
6830
6108
1318
5240
1078
6128
1440
3457
411
5075
3042
5337
3053
6364
3065
2232
4331
505
261
2421
1108
5993
4419
4493
5057
1077
4549
2789
5634
4380
4199
2244
6690
1656
4292
2564
4102
2958
1764
5715
3524
3210
1598
6545
406
905
3551
773
4263
2683
3479
5344
2696
3490
2914
5462
1038
2496
6422
715
793
5835
2169
5130
1971
2530
3708
664
1614
6169
2560
1225
3869
3777
2896
2256
4678
4321
2291
558
4703
1895
4300
802
5578
2323
5086
3573
6876
4912
6007
3498
1897
762
2382
3442
4964
5194
1603
3179
4854
3876
310
726
5645
4584
4898
6677
5312
2524
1828
4611
4147
1997
3057
2650
3882
4145
617
4303
6905
2023
6922
1451
4642
1150
5945
54
5143
5553
4268
1711
1135
96
5734
1075
3788
6248
3109
2955
6038
939
1456
6325
4403
1443
922
3760
5574
3680
5510
3454
3996
2860
3460
6328
4580
6727
231
1731
2021
6509
3791
5406
2573
1530
6397
1968
2711
4744
4690
4028
1765
1475
3694
903
4743
3669
5052
5307
6018
6410
5503
2172
3830
5082
6647
5880
2519
1056
2705
2552
4637
5988
5458
3118
5695
3642
5066
513
4169
4466
6547
1527
4155
4076
2562
5371
5534
5156
757
6742
5888
5450
1743
2214
4782
1746
5513
5497
5814
1139
4599
4631
3465
485
3378
899
508
6446
3997
5568
4532
6749
1432
6405
911
4415
4056
6045
5138
5034
4287
1185
2269
1173
4574
3547
4366
6628
3246
5141
1212
3915
1079
5552
1557
4485
6049
3331
5019
1051
6140
3434
5960
6915
618
4484
1566
1186
5015
3129
5216
1153
3899
759
397
5724
1684
3461
3511
566
2774
1900
3386
2543
122
1347
5505
1021
6870
6228
1982
344
5777
2476
1167
5433
5431
6706
2449
5440
250
4070
3423
6445
3634
2577
1299
5192
5889
633
150
5707
5151
4279
4733
146
692
1169
5030
452
2688
861
3300
885
3205
383
6467
6105
3113
5127
725
5680
2319
1885
5996
3764
1648
237
1462
1128
4094
6312
2662
3453
5796
1017
221
3980
3663
3483
766
6613
6717
6106
6183
2015
5434
3891
4711
3828
4547
1952
919
3292
4156
659
6937
5780
6180
1098
2614
6569
2161
4454
3389
1018
2641
447
2477
4313
4602
1521
4406
6548
6428
4914
2677
6603
2517
3924
5348
5729
6646
3666
2491
290
5628
4092
4686
2674
4617
2066
616
6633
3890
893
169
5448
3974
4907
4363
1785
879
4605
3776
4900
5336
4488
4724
5922
4960
3384
2195
6166
6645
2008
87
4297
4652
4148
3718
743
3740
5886
4274
6418
2492
4510
3660
2854
5940
4990
1798
1857
4004
4089
3940
824
1268
5754
3515
1626
5226
2381
12
3625
771
5832
4389
3832
1840
4533
3392
5493
679
6330
1313
5775
2726
557
2773
1700
636
6185
2108
5953
6023
5986
1239
3526
4249
1620
1499
161
4885
5014
2493
6100
6230
6341
4435
3532
4802
2417
1839
4430
4650
351
4057
4688
6110
6214
2933
6850
6882
4059
3008
1853
1350
3102
678
891
6762
2141
5807
5424
1232
4097
5218
2183
3100
5425
5261
1973
4763
6659
6347
6587
6493
1236
6795
3610
3702
2390
784
6844
4217
2162
6389
4066
927
3946
1265
4185
1595
2848
5762
6738
2033
3284
4771
6896
1282
4341
2348
6253
6550
3482
6133
323
424
5119
3077
2537
2098
729
5001
469
4883
5566
1841
6624
2770
59
3499
4023
4969
6857
6788
4091
1718
3679
5564
3673
6871
5834
1786
2808
6654
5444
2965
2544
2996
1681
5976
4835
276
4534
4335
5575
6715
1467
3416
6632
4324
6523
1959
3819
5668
4384
4463
6096
1754
6775
748
2263
4429
2685
1995
4509
4526
3802
5267
4003
5473
3565
3363
6505
377
1709
4351
5669
632
6394
5752
5017
6187
4136
4985
5118
3533
923
4915
2292
1800
1425
6116
5386
3062
4478
4184
5314
983
6524
5374
2097
6552
2221
984
6492
2457
372
928
1174
5857
443
4750
5973
6670
2461
3004
3829
5208
5046
5580
5338
5174
6077
6456
2856
465
2229
5531
6273
804
1985
1737
6917
1781
6279
1102
6787
6190
5616
1161
5577
5793
4420
2862
5950
5860
4581
4660
4242
5600
6532
2903
6560
2931
1835
2547
1880
1218
3566
4174
683
2824
3965
3094
5033
5063
6527
2466
5388
5529
1116
699
19
6551
4737
6452
2581
4198
2401
2904
5588
3250
3698
4934
4424
453
2133
6536
3778
6607
4440
5136
2105
1908
418
4437
1602
1921
5022
3651
4216
5297
4875
2075
5655
1034
4656
5129
414
4338
2100
5716
4925
2781
4417
6284
2418
2352
6877
3671
3006
6278
1934
6054
5841
4620
2571
324
3713
691
1867
3158
2680
877
354
3605
753
6705
3164
6236
6027
5915
105
4513
6486
6784
3835
3638
2368
1970
238
3716
969
3201
6621
3585
6339
1744
6201
609
6326
3953
995
242
3527
5359
5719
6398
6113
6668
3495
1014
6805
141
4367
6280
5942
5224
486
1171
2679
2029
6713
2280
6779
913
2077
89
4962
5283
4326
2834
2452
1202
2167
124
4597
6188
3794
4614
3225
1011
2095
6919
1932
6316
3597
3774
5581
792
4929
573
5421
3076
1543
4878
6724
5921
3470
3310
5259
4421
4310
3123
1546
2941
987
1948
3159
5898
2436
1657
1652
1300
1327
4360
2340
4705
3787
316
4373
6596
2722
229
1957
5698
1415
4586
2324
2643
6361
3824
1599
1851
3402
6150
1757
974
567
6686
3364
3878
1688
3636
2836
2793
904
3948
3398
2096
1040
5300
681
6203
872
2761
3251
822
5920
73
2094
2935
4370
38
5304
876
586
6006
5217
6530
2563
5904
2392
3163
1669
6820
2145
1585
4986
2192
140
1647
2124
4938
1843
4815
4342
6337
5265
5576
6755
5142
2212
5851
970
668
404
6674
3640
6359
5536
2766
5303
1713
6644
543
3338
6315
1911
5670
3312
5317
884
2877
1901
4540
6002
590
139
3148
5341
2622
3979
3280
5214
4190
4619
1958
4105
2658
4013
4202
4554
2056
5270
5943
6604
5389
468
719
302
5501
2047
4736
3120
721
3780
5671
1583
2780
3366
5302
6685
3873
829
546
289
803
1654
5619
1117
3827
4833
6176
582
1464
5488
5367
4708
5126
4400
3288
1573
5648
3947
4752
2871
1110
2281
2293
1523
5755
5732
4085
3674
3399
1862
3677
4142
4648
3193
2152
4038
623
5179
5519
2170
2322
5324
1441
464
1872
3362
5918
967
2363
5689
5802
2479
2191
3998
1152
6637
2125
368
493
350
291
1303
227
3727
5134
6514
4444
4411
1616
2905
6092
3180
2569
6783
4398
2042
5818
3590
1405
652
86
1629
2069
4869
5310
6252
4188
2988
5447
2497
5593
6572
4977
1069
3127
4891
5274
3840
420
483
4827
3964
6780
4583
1019
6815
5544
6817
1058
830
519
3090
2373
2411
3215
5028
5706
5036
560
1408
3682
5509
2387
1712
5641
6091
3060
1434
9
940
5188
6272
3637
2351
1528
2504
2583
3212
402
2820
5243
3422
3216
3359
777
3552
3061
3237
526
3614
644
2735
4049
3779
2205
3555
6481
2839
883
3987
1404
2247
5789
463
5854
537
4022
561
80
3705
3271
866
3283
5334
6655
4587
6020
3656
1214
5983
6104
1910
445
15
3068
5785
2358
6303
4079
5484
5103
4712
781
2347
3043
436
6215
6695
6618
2511
2570
5244
7
5803
525
6064
2922
2783
6852
3428
1181
711
6369
1536
6504
2447
315
2900
4837
6874
5295
2483
4950
184
5347
5936
5640
6379
477
761
1280
805
1100
671
713
2313
1525
6699
5527
5541
2546
3226
1165
3447
6801
1639
6010
358
528
1678
292
4109
2119
5683
6286
4732
3501
6233
2045
5556
3622
6046
4663
4682
5329
6853
3353
1288
6660
1172
128
5387
673
6927
2646
5932
6413
495
264
6406
5858
3897
5460
2132
2410
3133
4257
1617
4924
4777
2107
3125
1640
5869
2157
6901
4486
1771
507
8
3112
2349
2430
4137
2675
2336
4090
2782
1677
779
3370
2384
2938
5882
194
2020
2326
5700
175
689
6765
1821
6740
6309
5292
5867
3762
2306
2717
2800
621
6518
1483
5685
2388
2636
1072
2220
5722
121
5839
347
1159
2459
6199
204
3040
91
2230
4455
3149
3719
4767
4871
3088
888
341
2892
2294
4954
1146
1727
410
1898
2345
6157
1969
1790
3633
3703
5856
6759
6461
1346
4316
1132
839
182
3689
3448
5830
4527
6440
5035
168
6195
4845
628
3469
3970
1262
6336
1059
2739
3846
568
2179
2175
1191
3795
6807
718
4289
343
3253
3510
3463
6709
2484
304
4037
4230
5096
5766
6835
5090
5563
4000
2840
3208
1882
117
3729
3971
764
3950
2012
417
6887
4852
3540
5137
2031
2153
929
1224
945
381
178
4347
2215
978
2700
35
1362
2604
2206
2923
1705
2126
768
6732
3983
1715
1353
2531
2090
5211
4909
57
5400
6473
385
3464
1721
4638
4685
4246
4522
64
1693
6378
1627
1755
4052
3821
6903
843
5934
4114
1389
2106
6743
3223
3178
791
2830
3564
3354
6181
1071
1903
166
3023
2806
5739
2338
2580
3382
3768
3812
5740
6617
3481
3562
1027
3649
4229
3675
1381
6321
4305
4817
814
101
1457
355
27
3412
5690
815
6913
3147
3258
584
6080
4518
5952
36
3329
4621
3345
1086
838
1996
619
191
1628
6688
4146
3013
1442
4077
2315
5037
2378
2533
5828
2200
1749
382
3667
4683
1287
4356
572
286
6485
4171
795
5335
1909
2112
4623
5289
6912
284
3026
906
4284
1226
3020
2137
3404
3934
1708
712
2801
1552
4740
3273
1326
1490
3285
3477
2446
6612
2746
4569
985
1162
6766
3096
2861
1206
1539
4416
1207
6883
5047
973
563
4829
742
4936
2321
5479
340
5064
2428
723
3117
6480
1588
3851
6833
6515
2942
5351
3326
4327
467
5237
25
1933
180
4036
6004
1141
2737
6223
4653
6202
5466
3098
98
106
152
2638
3044
4760
4521
5768
955
1635
1384
6630
1556
212
3592
3849
3805
4121
2613
1658
3577
1305
4050
502
3559
4181
4154
1729
5613
4667
5456
3367
5583
2751
1272
1632
3268
6026
6098
5067
4086
3417
4176
2050
4281
1391
6908
5980
4452
2295
677
4298
5007
1302
3254
3324
6563
5081
6127
1977
5084
3844
3697
3009
4399
720
4963
647
6907
4064
5102
2399
356
6167
4844
3662
3137
3456
1758
667
1314
4949
2007
252
603
5744
786
4062
4965
569
977
1421
2303
5717
4496
4881
916
4664
48
440
3375
2328
68
5256
3445
4408
2918
1445
2716
5871
2798
1495
2656
2299
4840
926
4693
288
3954
6463
3183
6241
6345
4502
3233
1607
6856
534
3134
328
2129
6568
2149
3299
6078
3786
6275
3374
2370
5621
4258
2767
4651
5937
2945
6482
6436
371
1351
3218
6733
4957
559
2233
269
4704
2443
2187
932
2817
6517
5518
3186
2807
4026
1827
1976
1431
4593
3919
4073
5705
1144
749
5011
3513
6570
4192
5823
4657
1124
345
3196
2833
2266
4081
2714
296
3991
4150
741
4072
278
3831
6511
3556
1065
6060
281
6664
5783
6939
4434
4383
4172
5647
1830
6693
1306
3200
3432
299
703
5480
490
1979
4071
3728
3083
5068
5495
1868
1816
2686
2052
2093
3848
5426
3488
948
3041
458
3270
4269
6554
6449
6040
6382
2786
581
4228
4723
1409
5125
4828
3037
6331
6804
164
5097
6343
1663
1336
4205
4033
6097
5897
1196
1604
4377
3014
262
5238
446
247
4256
4613
6731
5596
4751
4863
3627
5521
1463
3260
4941
5597
5795
5787
6390
2998
5269
2615
2335
778
5984
898
4552
578
3141
1332
3101
853
580
6680
5154
5791
6501
5472
1966
1956
690
4045
6794
1963
1636
4754
1245
4539
5212
5720
5927
1852
23
4892
3195
3295
6602
5449
6764
3588
5299
2703
631
2699
1699
2648
6710
5273
4362
1179
3187
6803
625
5868
4210
4759
4024
2227
6118
3022
1782
2952
5257
890
3073
1954
2652
5094
6207
1610
3839
933
6513
1418
4164
1053
5526
6663
1717
1526
2377
4849
84
1500
847
3347
1894
6329
4765
1210
6192
5771
1780
1774
185
4717
1087
4103
4930
2505
506
1480
2013
3721
271
909
5182
574
2754
4393
820
2704
5381
6171
1229
701
1399
2525
5815
1343
4333
6819
4436
1673
3356
1197
6681
1423
148
6055
5372
2725
3693
4371
4328
3036
993
1255
1988
6068
394
3880
6086
2159
5185
2213
2354
799
2127
3503
1045
1387
6371
3395
4219
5745
2655
5196
5365
2990
6109
4899
1372
6592
1373
5436
3935
5990
6468
5435
263
6174
1994
2074
516
1665
943
6022
2450
2514
4519
6571
4503
6701
6657
6229
5624
5773
4846
6335
4643
5290
6546
3826
731
4836
3921
3383
4823
1396
4018
4043
4272
3530
1514
5812
4812
707
950
5653
4339
3978
179
2302
5611
6076
5013
4645
5305
1004
3652
3150
4166
2671
6730
5363
6358
2953
4715
5559
4471
4766
6288
1515
4718
3289
2590
3913
6005
553
2209
2959
3952
1270
6535
2064
1507
2975
2088
3958
4450
6069
6891
705
1257
396
750
3269
5662
5383
5331
5003
5535
4239
2260
2684
3536
3291
449
6287
1095
3475
2314
5701
6650
4151
5325
1646
3190
202
2024
4215
1518
3414
6021
5356
2481
6264
1491
4879
2626
79
6751
1413
2189
4719
1625
412
4048
4649
3304
2527
1201
870
5672
760
6370
1649
2073
4127
5306
5482
4133
845
5339
6594
6095
776
1156
2540
3889
1103
2178
3999
6858
930
6226
2628
3104
1035
472
2135
6368
2814
535
3342
5263
5890
268
1473
4735
4515
751
4679
5714
4959
5018
4431
5627
1881
6191
1477
4992
4015
5666
6274
4931
5189
5987
6172
5250
5997
4141
6925
2010
5320
897
2473
1231
6735
2940
131
2991
3936
450
2332
6841
6137
1815
2186
3168
104
665
6213
3092
5674
1567
3411
4806
6491
4104
1422
6851
1024
137
4495
2826
2241
6601
5453
2842
2750
3535
3864
6578
643
1736
2364
2591
2973
6616
831
5392
6017
4482
3352
5459
1060
6351
6880
6867
4318
3346
5582
45
438
4325
1739
2744
5626
6665
3313
6750
1090
4
1295
6034
6211
539
2002
4182
3274
5555
3406
1089
334
2116
3132
4582
461
1349
1166
6130
3989
4082
147
2825
4074
6806
3960
5181
2915
4019
2927
4866
5599
5657
4098
3823
5190
2320
1788
3717
4691
3942
2847
3290
5958
4831
724
3257
863
1794
4636
4135
1621
219
4404
6512
5043
3798
4695
4773
3080
6510
5865
4888
2032
4947
755
6256
2150
1609
4139
1392
2102
4170
3655
6204
6846
6627
153
6636
2407
4681
6432
4088
577
3691
435
5873
393
2118
614
6726
1947
6798
1719
2014
4794
173
1472
1767
2325
6388
2004
5128
2813
4979
92
357
5077
2857
816
4254
5186
3459
5272
24
2471
767
6154
3647
564
5999
6013
5562
4322
6614
2597
6332
3888
210
5042
5133
947
6059
3275
1091
5109
4264
2163
1333
4358
1605
5005
478
2380
126
6112
1944
2393
5508
2176
6311
601
6237
3240
5114
4865
6324
5567
4388
1701
5098
4368
65
5895
2506
972
6047
5500
6375
3757
6052
2455
1195
4186
5423
375
554
1562
5404
5797
5711
5981
3314
595
2210
1613
5704
4433
248
5145
127
4747
4111
3135
2485
2908
4785
503
3658
2078
5561
5845
3396
4776
2085
1768
4173
612
426
2880
1581
4971
3408
5853
3901
218
6930
5742
4332
3747
3500
4473
646
4080
1655
5684
2736
5546
4323
3029
798
1615
1479
900
5252
2219
6521
6088
5770
6066
657
2318
2936
1834
5850
1946
3264
1516
2301
4853
1873
878
3579
1509
6579
6745
4536
2062
6239
5605
3725
3343
2204
2337
2499
4040
298
1939
6684
2787
3139
1026
4713
5164
6918
3142
1917
869
6781
3528
6555
3863
1112
728
1259
1797
6894
441
4895
5748
3244
3575
4968
5271
4596
1855
4716
4125
555
5427
4729
5548
6354
6210
3070
2044
3670
653
3692
5679
1138
3567
5859
6255
809
3782
1323
6462
2557
1341
339
5124
2341
3961
1107
5200
6254
5474
259
3767
4410
797
3082
2554
4544
3011
1928
1766
3688
2775
6703
2873
4365
6864
31
3380
6584
1641
1304
873
6058
3582
6147
1775
5369
5968
794
6540
4113
1740
1388
3769
1930
3228
6789
5790
3818
4746
386
5620
591
6843
6692
1847
4042
5281
4973
1386
5663
5591
1155
2486
6300
2731
994
1371
2238
4570
5756
4315
3385
4465
4138
2799
1278
2713
6225
5439
1263
2394
3850
1814
6471
924
3146
3152
1502
3539
187
4634
213
2979
4177
4775
3744
6442
4294
1297
6227
886
215
1407
2154
6231
6734
4670
3598
1733
1569
6892
772
4862
1160
2865
3185
3806
5977
6360
4674
6698
413
2715
1273
3047
1217
4234
5245
3742
6558
1469
4449
4799
4514
1695
3506
734
6244
5
5764
5275
4694
6855
6785
4477
1000
314
1833
2310
392
6758
4987
4531
3807
1913
4632
3151
6320
5692
233
6232
2261
6072
6067
3580
5441
4658
6719
4226
722
4942
5632
6384
11
1339
3335
1820
3293
3941
3437
6923
2350
2367
3862
1818
5924
1587
1824
484
889
6667
2957
6073
4714
1276
2960
2771
6651
3433
3303
1611
3904
3800
4842
585
3232
2837
1537
3894
6622
3927
3593
134
1720
4706
1369
4591
6400
5778
769
2642
6305
914
4460
1030
589
6899
542
1890
2329
660
4983
1
1579
2143
133
4311
370
6477
1348
5844
3106
5774
2512
1466
322
380
3512
1964
1594
3723
4786
5045
474
4955
694
1553
3976
3695
1974
6506
2122
2657
2454
3561
5120
3038
2286
1043
1714
1452
3548
1238
3646
6626
1484
2049
2809
3086
5089
5223
5166
265
902
2742
2396
4672
1008
2728
2768
46
4010
754
432
6926
746
4624
2278
4101
2669
2709
4250
3537
1759
3204
4106
5201
2551
1433
6840
408
6847
6308
2586
1163
2844
2882
2222
642
3328
3741
4266
5368
4412
6142
1926
331
5489
4873
3963
4462
2309
4975
3355
1377
1375
4357
1203
6476
3629
1291
1402
6839
6365
5602
1653
658
5360
5917
907
4847
53
2977
2196
1119
2185
3311
5318
5390
4573
1680
6267
3220
5694
4483
2556
1887
272
177
1589
5492
1364
1068
5525
544
1111
3072
662
1795
362
455
3024
1437
2718
4953
1370
4768
4346
5743
5836
1831
4273
159
3664
5746
335
1390
47
459
4585
1662
3923
6298
58
2815
6786
5122
1382
4183
3943
4372
4516
6307
6310
2574
2928
2490
163
18
4051
3419
5442
2803
3684
5101
2572
6931
1092
5146
1548
844
6494
5476
4889
2695
5759
935
2046
3350
2994
5656
2906
1253
3450
3853
949
1283
4196
5288
1493
5354
3676
3881
3608
2103
4065
6299
5532
1659
6450
825
2027
3732
3126
638
2852
4476
2895
4921
1777
806
3397
3181
3799
6549
2429
1842
2433
2948
3259
2521
4499
4255
6598
6653
1012
6198
3872
5891
5831
5542
3600
1644
910
1428
6666
1650
1429
2142
1949
1916
959
992
16
235
851
2089
2028
2566
1147
1950
226
3032
549
211
6720
207
389
887
1042
613
107
1378
119
596
1826
1941
5285
979
3781
4995
1575
156
239
295
3466
1501
2366
706
4675
1244
2565
4567
422
1243
2607
228
2168
425
1066
33
3021
415
1756
3267
3194
1918
1235
3199
1427
3623
1298
3156
10
828
1204
327
2267
172
2068
333
5346
224
3140
1494
2228
680
5180
2921
3069
37
634
1311
867
3944
2919
1723
5340
4993
2617
85
3804
1230
1865
3229
1123
34
810
1258
1105
2870
1547
448
1129
3045
2464
1486
3224
2627
1955
714
592
1158
4625
2171
437
1554
69
138
374
93
571
4391
4179
2902
676
3710
882
3550
457
267
655
145
865
1251
1531
1140
2018
515
391
716
4769
2208
593
364
669
190
1559
1807
960
540
1013
1651
2386
2317
2474
4001
3574
4115
1175
1597
496
1770
2898
1109
136
3154
2034
378
243
13
2592
1914
2752
234
423
2934
3439
2589
337
5287
790
1783
200
1020
1022
3436
1596
1358
2812
1879
30
407
1076
674
684
1965
2944
789
649
108
1412
875
42
6352
1787
944
3241
1697
783
3376
232
552
342
1284
1590
365
88
1082
2041
2258
1593
444
4006
2181
3182
548
1812
1961
1006
217
3949
4005
2729
5330
704
5123
4689
366
114
196
2772
1324
1061
176
538
2158
5184
4588
1642
258
996
915
1279
2316
931
384
260
2784
600
615
5227
100
687
352
28
1293
541
4364
735
5523
587
963
2901
988
782
1435
52
3018
1981
1048
3387
1122
309
492
3175
3174
287
1912
1511
4720
2057
3105
1762
895
3007
1538
4238
312
3929
71
1938
301
2629
3903
20
1465
1154
1267
1703
188
3301
303
498
521
2361
2025
1450
594
1016
1875
2843
497
2091
531
2174
3906
4453
1142
1619
22
5004
826
1029
1184
2255
398
222
1584
1113
241
1550
510
2917
