248
4048
4079
5214
3437
4558
2859
5133
2809
4396
1570
6388
3005
1654
4258
2363
1448
2605
2779
6191
1240
1741
6317
4487
5038
4265
6693
675
4657
5333
6194
4222
5642
2509
5875
941
1121
1917
1505
1685
4065
4796
6220
4011
3455
3031
5319
6383
337
1596
1824
6490
723
1730
2176
5727
4649
4950
1283
763
3279
6124
4279
6256
282
6725
5509
4733
5166
5435
5360
5431
4017
5151
5345
6547
6272
3380
1146
205
4449
752
2617
3167
6422
5503
4113
1392
108
6750
2125
4749
1713
5878
6225
2094
6590
2642
483
6075
1652
3575
6175
2392
5485
748
2727
668
3616
2327
822
4342
2465
435
4201
4898
112
4263
6687
2506
3038
2351
1022
4579
4061
5024
5801
1237
694
6148
176
2588
1766
3861
2345
5332
6630
4691
1554
916
2789
3963
285
1785
6356
4166
5150
3174
4870
4217
698
45
5532
6747
840
770
816
921
1152
6250
5550
6164
898
3394
6086
106
1482
1723
2604
3109
5108
77
5237
5728
6896
5946
1076
3775
5062
4535
4688
359
4241
182
5962
4518
2152
487
4540
756
5588
100
1809
5672
5387
2726
5513
4459
776
2987
3226
4891
5769
5355
1698
5294
3804
4109
3587
5072
4681
6666
6303
6334
1137
6869
219
6360
6416
3591
3223
5378
5735
3713
5873
2013
2233
4943
6631
6807
4976
740
4622
4816
2807
48
4901
6853
6442
3262
2389
1311
2409
3054
6246
5098
2991
5733
4582
6073
6831
2202
2569
6469
6405
6528
6420
820
5077
113
1177
6333
2037
5917
5809
5959
4295
1703
5885
6667
5619
6004
3260
4522
4155
1247
4581
1051
5191
6793
2316
5494
5314
928
6105
4897
3095
1372
1953
6616
846
2080
6007
3544
2956
3199
6066
4721
1682
672
2001
1717
1161
6697
5987
3190
6652
6633
6604
4082
2429
131
614
6771
1986
2729
4181
461
6188
4778
4261
4910
2842
1923
3980
5994
2554
6450
1343
639
2905
6577
5972
3159
5941
5414
2758
5530
326
4300
4659
5434
4966
4631
5099
3007
4368
4624
1894
3461
3621
684
6763
4274
6486
2005
2089
6234
3294
190
1464
5311
2663
697
6090
5791
4754
4028
4484
2217
755
2368
3096
3319
3778
328
4961
3270
4457
109
6509
5524
1775
659
1084
3698
3425
6215
4896
6217
6130
610
3816
376
29
3382
5936
6233
3582
4710
2077
4727
5475
613
1943
5990
5849
2951
5890
448
193
5951
5147
3894
6745
1403
1393
2314
3480
466
6917
4983
5825
5219
209
6606
4930
5848
981
1416
1042
4818
1419
5633
2348
5523
4291
2063
3074
4793
4029
4841
5988
5368
3045
901
1616
1087
6546
4212
4837
1461
6806
4852
1357
1355
5425
4990
2047
4762
6933
6077
4925
6255
5338
4423
4868
3440
5259
2426
6458
4432
6587
4041
300
5689
6025
5225
1159
427
364
1560
1125
2893
3266
203
2124
4517
5329
6698
1344
5739
1681
201
1765
4928
1645
1769
4658
4369
2456
1644
351
6618
6584
1203
6315
1813
6011
6529
6536
4208
1168
431
6201
3389
986
143
5097
2590
950
5947
3076
4066
1848
6206
6022
1404
1457
6792
2901
4330
330
6721
3196
5898
377
1854
1463
2698
4521
1777
2142
1757
1646
375
6260
5498
1704
5328
5656
1417
6736
1776
754
695
868
4635
2865
4186
853
3499
2672
488
4528
6654
2440
2503
3062
5080
4931
2467
5239
1772
2961
6425
6927
2819
3881
6069
2481
2852
2418
6481
2353
5776
4320
654
4679
1153
6496
4172
5869
4416
4610
3812
5227
3338
336
1820
649
6472
836
1816
3469
2222
721
1334
6336
1468
5451
6911
6718
134
2803
6942
3173
3569
6107
2591
1921
2040
4430
4972
945
3047
2275
5984
3065
3735
1450
4211
5039
5835
539
2312
736
5178
4611
2734
2943
4707
5220
4956
5363
6564
6874
6832
4352
6930
6365
168
3565
4225
2891
5963
5527
6638
1473
514
6867
2764
3343
6271
6280
506
6565
6810
2259
3598
6411
6106
5903
6844
4015
3346
4268
2697
2366
6263
6789
5593
996
6219
4774
4819
6554
600
966
645
4443
4618
6116
4400
4343
3558
1347
4175
6151
3427
5320
6659
279
4243
3424
5915
3554
2829
1380
674
147
2170
3934
6268
5468
6208
154
6301
144
2992
4004
6202
4264
5472
3324
1761
480
223
6097
6494
6221
3505
5717
3368
6714
1316
3999
2705
5029
4060
1325
5926
272
4877
3217
3653
1760
4210
787
6085
528
2143
1987
558
155
667
599
2589
2192
2584
2614
6258
673
244
964
5159
1011
2633
4895
6923
5979
784
96
5506
6316
5208
3997
6657
5757
1864
3022
1551
5396
5409
5081
2286
6070
1093
1902
477
1695
3485
2495
2654
2662
6708
4642
4195
6681
3493
5613
6071
881
6302
4482
4705
3139
3349
4466
6146
41
6455
3170
5354
900
3042
6861
5969
266
4246
4800
2183
2687
5448
6572
4604
6474
6448
6311
5781
5453
4840
1358
2777
825
3491
1558
4252
3171
3344
2088
2198
379
532
3911
686
59
3098
5694
6305
2140
4639
4436
5795
5449
3230
5115
4014
5322
5339
1927
3129
4365
712
6934
3079
3284
5193
3749
3247
6589
3538
5682
4564
5423
2814
4864
856
4777
6485
3609
2540
3379
3058
4090
2436
6358
786
2760
1062
309
6464
5036
6740
25
6362
4311
6396
5859
3962
2973
5441
5356
5803
1072
5361
4893
2340
5647
4257
3766
5318
3686
2419
3952
5202
2940
5246
1098
5046
4393
463
1238
3264
1384
3605
1650
1972
801
937
1080
4380
6114
3231
3916
2235
3193
1236
2274
4434
142
2251
555
1181
6504
80
1599
1973
69
1291
5372
3687
860
4275
6924
4544
1115
4701
5335
3555
5058
2904
73
4802
2944
4524
4503
6705
5017
3875
4652
1055
5696
1653
2494
6157
676
3408
6937
718
1655
1726
5456
6054
4628
5221
6459
5765
4675
6349
6595
4224
40
5241
5242
6734
2832
4469
1111
6231
5128
2520
2072
4050
1317
5983
4615
4978
3872
4256
2575
6293
5269
2659
5168
6555
3623
6160
1518
1230
6769
2159
3149
1559
2879
2835
354
4446
2350
4902
6451
5044
5000
4764
2651
334
760
3452
732
1438
3142
563
1537
3757
5985
4406
3862
6648
3364
2850
6487
489
2049
4378
1136
5592
5172
2749
5479
396
453
6033
5213
2947
6706
5173
2996
6103
292
6694
4395
6291
5022
4776
2945
4650
3890
6391
2547
6671
4157
2975
3020
5482
3898
4266
3444
885
3833
6371
6021
6653
2380
5247
1299
591
1659
3415
49
1370
1716
33
827
3600
632
2332
6286
6519
1275
4099
1901
4601
6566
6656
4030
452
3926
2397
3154
6601
6864
3500
3837
4647
1767
1524
717
1737
1573
1604
2714
3386
3670
2153
464
5346
6856
3419
5207
3683
6646
4699
1613
5347
6925
6462
4786
5011
124
1885
1898
1342
1209
3431
5286
3730
6052
6764
5411
1590
1233
2499
2837
5975
1314
3273
2772
2220
1832
1509
6830
3744
2472
3158
2250
4726
761
564
1034
6376
4935
4695
6040
6682
1031
6452
4684
6778
1129
2601
6803
1799
6465
6384
5894
6207
4431
2545
161
1743
6163
314
492
361
2197
6625
1138
1048
4676
2422
1624
4587
5382
6598
4278
5551
1667
815
4171
6254
2740
2522
5240
5688
3975
1988
1976
2939
3036
618
2971
3348
2203
6617
2753
4035
5624
1302
3016
1465
5657
3091
3462
6845
3767
3216
2946
4370
2515
6767
2191
870
6935
36
1930
5539
3119
2071
4327
317
3473
1401
1819
6436
2708
5459
4122
6495
2138
4136
3725
2355
5403
2906
211
1356
2827
2771
1176
2166
3113
1705
1112
3638
2081
6582
2267
737
207
444
3788
3991
333
4505
3405
367
5763
5119
5542
1538
5547
5691
1095
6273
4019
5514
2571
1755
235
1049
6506
2194
664
2606
580
4001
6541
6414
6320
3019
935
1756
3160
31
6248
1739
5138
2079
4715
879
4358
3784
186
490
5851
1020
3944
6125
5057
6389
1063
1458
3035
3117
762
3797
3530
1672
6665
6028
5620
1110
5743
5667
2587
3988
6173
6860
5764
5911
4991
4239
6395
4960
5992
5466
6757
6623
385
2139
2704
769
5268
2378
2303
2078
6940
4830
6179
2457
1071
1070
3318
5066
2033
1256
3829
4532
4672
3970
5484
2784
3855
1571
3388
3157
5868
6372
3108
2469
1579
6559
6046
2691
6430
3471
5935
3233
1235
1058
5177
3959
4392
5018
569
1434
4329
5325
2950
2042
1530
3477
5685
4269
1789
1863
2404
1068
3684
6144
2613
5895
6507
6729
4394
5957
3636
4724
1810
5501
6808
6887
2767
1629
2406
3502
5755
1977
6152
6088
4273
4553
1101
1052
5824
832
1565
1057
6921
6593
6016
1497
2367
3189
5536
5855
6592
3542
1180
6478
6143
6150
4566
5048
3202
237
6410
6275
6185
5579
6093
1114
5249
1170
2649
1441
30
1
3300
1670
1260
861
3589
2325
5632
2972
3977
4577
5398
2849
1640
985
5507
3802
1556
5257
1846
2673
4948
6849
43
3955
4196
6385
4606
4795
4964
6833
3331
5942
6357
6094
5142
6006
4779
5452
5442
6907
6872
4131
5924
2598
5203
2941
3795
644
1938
4548
4812
5866
6801
4387
5289
3751
809
3737
5336
6313
5263
4027
3211
6878
3630
5277
5853
4290
3422
5445
5199
6645
5695
911
6658
2257
3495
3261
5238
1577
1926
1198
518
216
2523
4945
1829
3137
4218
5161
3337
1248
4627
6542
4215
510
2018
2915
449
5586
2483
3150
3893
6513
699
419
6294
1453
2530
58
443
1352
2907
2959
4911
5174
5565
2542
1354
4254
1934
6216
6746
3813
5511
2799
322
3033
3277
3360
1999
1912
6843
5074
906
2574
857
4348
4603
2412
4248
2692
6306
531
6690
3120
3762
3164
6281
2715
3428
5383
5365
4834
3238
1154
5110
6909
1839
1907
4397
5107
3887
4105
6928
6686
3251
4472
4496
6445
5879
6677
4308
4235
3938
6047
3465
2179
6131
4835
6904
6298
4883
5737
5255
6323
2751
6470
2221
5843
5186
6748
4670
5826
2666
1939
4977
3519
6683
6238
2843
6922
1150
139
6873
3265
424
2383
1773
6329
287
4728
2783
953
495
5116
3359
3825
3381
2759
2913
5136
2671
5697
2119
6370
6119
5228
4200
1172
4213
1341
2544
3845
1078
6253
4772
3756
3055
3882
4822
5101
6588
6889
4051
4366
3966
5457
2647
5557
2322
3132
5629
5856
5716
1555
5729
1201
6081
6785
6514
4440
224
6392
1800
746
4756
6535
3522
796
5882
4729
5861
4112
6341
6941
2929
1333
3617
3885
4385
410
6244
4005
5267
5122
3206
374
3547
6009
839
5305
469
3662
848
6894
6674
5932
3227
1712
6552
2010
306
1164
2070
3826
5541
5301
5544
5171
5872
2583
3760
864
6432
2007
6644
2016
1015
3796
6115
2894
967
5290
1508
1223
1228
6738
4671
6438
1263
5864
6434
6538
4922
4108
2804
5341
3743
6819
6755
2955
4641
104
4921
1185
418
2636
276
1122
1566
438
3552
1429
5244
6212
6192
4439
2712
184
5364
4044
3672
5155
3546
4232
2847
5446
6612
6676
1788
1668
3939
4477
2722
4783
4981
1016
6938
6344
6400
978
905
575
116
5229
6128
3133
1733
1657
2513
3165
4584
5033
6382
5402
6526
1330
3106
1251
2430
3203
301
3830
5260
3325
3664
6774
5587
2076
6543
4998
2006
971
1490
4874
4088
2282
3860
2024
4825
6166
2487
2254
3043
44
2993
4719
175
651
2128
5896
5103
2428
2778
3028
2315
4072
725
123
719
2868
1120
1951
6269
4939
4833
1443
1835
2616
4643
750
3626
4894
3624
6795
6868
2897
2985
4354
6112
5614
1601
5996
2689
5805
6136
3272
3458
4832
6702
2382
6939
3798
4575
1801
954
6875
3583
3513
4787
3059
323
5683
2675
2470
3017
6762
2048
3219
4677
238
353
2083
3252
3701
5816
590
980
5725
97
999
6883
5256
1309
1878
4351
902
79
4971
1108
3457
3809
6171
2539
1184
2657
1437
2525
3761
150
3496
6426
1981
352
2278
6322
1489
1202
6048
6421
5552
232
3094
3981
3463
5209
728
4653
6906
3310
6637
6338
3843
5087
2074
1003
1350
145
710
3371
4929
6441
1285
4357
2898
6821
2035
1145
5444
4419
4193
2997
2211
3285
5437
4494
5563
620
1954
5571
2478
5458
2
3207
3877
561
1969
378
1691
3
1459
1588
1278
758
615
1952
2287
1838
992
2361
743
313
3309
1211
831
4478
6761
6059
6510
1402
1792
1060
1148
6267
2700
4046
560
5628
2674
6839
1540
6155
1351
3548
6471
3718
3654
1956
6826
6670
5758
4127
6515
3539
4285
4765
4389
6862
6174
960
4192
8
2209
5678
2965
3835
16
751
6292
3708
4953
3950
5618
4415
6340
5676
2984
1367
2693
1494
6557
3990
6779
3780
5488
2115
6926
4791
3315
3691
329
5218
5944
6744
2510
5636
5968
5512
5574
939
371
3607
5819
372
3703
2396
1714
3286
163
1519
5040
6585
2022
120
2147
4244
4980
1427
339
2334
1319
3899
1143
2678
1584
1175
3356
3242
3088
4987
3454
6330
5906
6655
5622
6460
4424
3236
1059
3037
5091
1166
2091
261
6737
3915
6139
98
50
3201
2562
5910
185
1593
1780
5280
1944
3791
4716
281
6854
4000
4565
4736
6074
5862
4203
4068
6815
601
6476
6884
4668
319
1109
3841
6193
3629
2880
4362
3896
4198
6364
157
4859
6568
4723
693
4700
4860
5450
1178
6858
5847
4179
4310
6703
4016
4116
1648
4794
5602
1165
6898
4334
4918
1261
3418
3532
3536
5216
4989
3197
5940
6903
2270
6381
5045
6019
1642
3832
4634
2660
2578
2263
3503
1297
335
642
2762
1727
6398
5041
3633
3806
3682
2135
3993
3644
4537
2479
4074
305
3705
4293
5504
3414
4086
5455
5139
3097
252
3815
1250
4602
6735
3459
3741
5840
4180
707
2349
3021
2304
6691
4846
5432
5724
1061
1485
2797
4160
2454
4892
3053
4033
5822
6087
974
818
471
1036
6055
4130
4110
4454
3551
6776
4042
6739
1725
6929
3888
2146
904
2862
6511
75
1890
1821
3692
5264
6842
2908
344
4506
5707
3794
6489
4933
415
408
1744
869
3516
5812
6804
4979
6837
4844
3935
6100
5497
5818
4629
6058
5248
5874
5943
3732
2994
3051
6307
4149
3648
2555
2974
4205
6266
6727
1666
6897
125
5899
2629
5820
544
5003
6591
1044
5299
6412
4216
3764
4697
1454
3597
393
2746
1252
5751
3436
4502
1242
6110
3354
2490
3879
1918
655
3012
2976
936
3314
2872
4429
6709
2069
1306
6524
1709
6209
6820
1874
3627
1790
1107
6624
3924
6540
3321
6773
5198
2224
5953
295
3235
2150
6177
2416
3642
121
2853
6899
6079
6673
4508
6180
3612
3866
70
6866
765
5747
2864
6551
5124
4755
2516
3069
1421
3995
4080
5337
5603
6126
3799
4955
6027
4920
6008
6613
5353
2446
1942
312
4164
4967
4804
4234
189
13
1335
5397
3793
4286
93
6113
4742
4999
2433
5999
6089
6061
6001
3957
5127
829
1904
356
777
2232
2103
3722
6503
6614
5570
3608
6784
6816
6010
5991
439
1190
2459
6488
3852
3328
5054
3563
4223
3789
3942
4555
5745
4277
4829
6319
4230
4616
4107
5065
6594
6123
4287
4054
3772
4529
5669
4501
3742
4510
6669
5871
5519
2711
5279
4317
2736
2526
5371
1336
5889
6062
5713
6187
3269
5069
5952
4058
2231
6318
2189
5701
5359
3443
2240
3895
3501
2215
4914
55
2118
2926
6361
3689
5047
2919
3259
1636
1919
2600
6159
1937
1491
3341
2297
4132
3255
6435
3067
1017
4554
1113
573
5838
2200
4323
5005
1435
4988
4545
1547
82
6399
165
4678
4412
6433
3084
4447
918
61
4886
304
6586
3363
1320
2639
2538
5526
3909
4949
234
195
5675
2801
1374
1795
6668
2335
6522
680
6374
406
1173
87
4826
6351
2550
2129
1576
783
1669
3304
742
3527
5548
4422
4828
1688
3579
1922
365
1947
355
6870
6886
340
6715
892
5439
3571
3945
6135
3770
4163
6723
1841
6080
5145
3484
6567
3002
6026
2095
3048
4838
389
6406
417
5920
4324
3407
3486
5572
5088
549
3746
6838
6417
5367
5520
6024
3748
4463
2414
6183
5770
4401
172
4574
4361
3956
6479
3326
823
6264
4309
4214
5977
5754
6003
5281
1949
5154
422
4959
3172
3576
2886
3913
3192
6326
4236
4706
6345
5016
2781
3517
4276
2586
4815
5653
5973
4038
1142
2826
942
559
2706
2641
5786
6198
2201
6036
4098
3625
1501
1321
2782
3011
2787
6640
910
5334
3278
5652
5934
2253
5960
1100
912
4417
6427
5386
206
387
2182
6607
3092
1232
4404
2300
1388
3187
1771
4514
4445
6312
4301
2741
2899
5002
1169
3239
1287
6777
1884
3592
4888
4592
1610
4887
3183
6060
4340
1793
5965
4770
6252
2237
4595
5857
4359
739
6012
3404
4636
4605
3115
837
1346
4288
1371
3783
6169
6368
766
1126
4850
2713
2398
1171
2476
997
4865
2615
4767
3406
6649
4588
779
5625
3869
1478
5111
62
2618
5923
2205
6846
4620
2057
5783
370
6518
1639
1735
6154
1409
1940
5169
3758
738
1054
3632
6642
5491
291
5135
402
2161
4996
6880
821
4167
4231
5064
4926
6401
5092
5887
57
808
243
2903
4349
2519
183
554
4083
187
2420
3839
1929
6493
812
5651
4444
5148
4858
983
3104
5806
529
1288
325
1270
437
2441
414
1466
4773
4040
3057
4571
5945
6230
3151
5549
5308
5324
4662
6096
3298
5666
4260
3478
6743
6379
5699
5211
246
6149
5993
3918
5773
4994
6814
6429
4297
5841
2496
3301
6068
468
321
341
4797
1564
4889
4594
6407
2026
2585
1805
3580
2427
5702
5132
6643
3329
3169
4725
2160
2265
6310
1665
5433
3267
5465
3645
3210
6704
5253
6041
476
4335
3064
1753
2927
5854
5774
2102
2563
1836
4899
6712
1189
5477
5640
5067
4374
5030
5009
3611
1140
94
2053
6480
4621
2196
3126
890
1529
4869
6297
5266
2151
467
3781
5447
4191
952
1106
5063
1531
220
4126
4475
1989
4037
5533
5343
4580
1280
2292
5661
4541
1597
5528
3734
2477
2356
4384
5966
386
4739
3026
903
5464
1941
2524
4696
479
6190
84
1686
984
6049
1079
1779
3434
4680
5093
2097
3034
2432
20
653
3965
5780
3029
963
6283
5597
3163
6599
5750
3699
5373
3303
4437
5086
5643
68
99
4851
34
5908
4481
5782
35
411
2969
2718
602
958
3411
4106
908
1124
2319
3982
6650
2425
1469
2871
4608
493
3291
308
5912
6809
838
4515
3695
3138
316
6857
702
2960
2084
3873
4500
5998
6409
421
5292
3960
2266
4184
6133
2665
1222
2376
102
3308
5634
4325
5692
5392
6223
5254
1188
6553
1004
5789
4973
5831
2475
2190
6387
5404
2273
1925
1764
4801
6788
4013
6057
204
2291
1460
65
1132
6578
5424
1046
5291
994
611
2206
6394
5893
2999
4097
3439
1096
4381
968
5307
2619
1411
6127
1852
2800
731
4651
6797
3596
390
4674
4547
6282
503
1711
156
3511
780
2848
3086
1105
6239
4012
5200
4613
2828
2017
4312
4712
420
5298
5883
2719
1245
5585
1227
1797
826
1510
6602
5662
5554
5126
501
3218
2338
95
2434
2305
3573
2255
1339
920
2643
2252
2609
5283
2979
802
3111
1592
6304
5564
1888
4549
6030
5460
6491
4067
6274
4847
4666
1815
5778
5626
4242
3661
1581
4221
5738
2602
2480
119
1032
17
1077
1750
3590
5121
2290
1163
3060
6037
5023
5258
3124
5741
1883
5179
2820
2236
2756
1962
2344
4093
4968
4118
4683
2511
767
810
781
517
2531
956
3446
3901
4103
5499
5637
5430
1692
1543
4339
4607
5190
4473
2090
6610
685
1135
4811
6636
2301
5185
3868
6829
4646
1118
1127
547
373
5109
5710
3087
4045
3847
52
2548
2111
5487
1683
5184
1550
491
2821
3177
2967
2401
5326
913
4476
4751
643
5581
192
5584
3383
6029
5284
1269
778
774
5850
6626
2185
4842
566
6620
683
1851
4561
5706
5473
6251
995
1500
6537
2281
5196
5553
6354
6641
6099
2342
713
307
2386
927
2650
3200
1622
293
5493
5740
1701
1535
1920
1476
3066
2900
6352
603
2884
6373
284
5907
4043
6865
1985
5545
496
6327
5462
6138
5001
2374
3176
1621
5531
2823
1612
2369
242
2632
1961
3994
6859
2517
6287
5323
5231
6424
5095
1619
5623
1085
5233
2068
3927
5576
5700
303
2421
1661
3523
5704
1549
264
3851
2867
6597
5381
4194
4304
3024
834
608
2780
1521
2638
5297
3413
132
624
1130
3803
663
2268
2844
3312
2794
2570
3740
3468
1833
4913
2935
1073
3790
5916
4078
1873
450
1394
3401
1272
3529
880
3181
5829
4698
5428
3198
2957
3707
60
975
241
347
6261
759
619
3127
6621
1030
2493
6660
2260
5395
5681
5556
5670
4730
3449
1516
550
311
46
2744
855
1410
4586
349
4071
360
5162
5309
3221
5008
3947
4371
6120
3968
4414
2887
1035
3602
1025
5687
4717
4092
4460
4771
961
845
4382
4377
3213
2696
1430
6005
5152
6835
2611
2701
1104
2365
1635
4702
5020
949
3570
4007
6013
5370
6241
5416
4134
3693
5517
3710
4694
1784
4498
1462
3399
2958
1134
5474
277
4963
6932
4839
6871
2337
3688
5714
1881
2093
2262
2326
2207
1075
1897
6200
4272
5886
5490
5180
3765
6050
88
6609
1959
5995
3717
6380
6563
2248
2482
726
5594
2792
5573
368
3842
4520
2739
6501
734
635
3082
1699
37
5313
5181
366
24
3613
893
1310
6753
2818
4810
6339
2488
485
5079
706
988
2148
3828
6749
6386
3846
944
2394
1274
2990
5608
5410
3634
198
2381
269
5635
258
3136
3185
4862
4464
5130
5137
2302
363
1843
310
382
1480
5302
1887
5019
6851
6520
565
2399
446
2860
89
4137
4703
3417
2343
1182
5540
5042
5799
6355
1214
4135
6142
1023
2261
6084
4031
2592
5031
3215
2822
548
6437
2113
4667
922
53
4133
703
4560
4748
2765
5796
4117
6742
12
3572
656
1018
5616
5275
577
648
3287
1328
1123
5671
2910
3876
1632
5206
2214
6780
1446
3773
4932
1425
567
4337
2216
4151
998
3992
23
3366
3194
4077
5902
4405
1886
4249
1039
1603
6560
4418
1896
2164
6270
2219
6812
3510
4687
5104
5440
5955
1293
5129
5071
1053
2245
5192
1483
394
2405
2390
1620
5131
1512
3083
5589
1449
2932
1082
1872
5316
6162
3763
3640
5007
3370
4985
3392
2878
4912
4744
773
4823
6044
3445
1768
4314
929
4073
6375
6900
3675
2145
5348
2796
4775
5422
103
179
5842
5443
2888
2020
3639
962
6629
6043
806
3540
251
1007
764
691
5744
552
6182
6766
4623
516
5049
2372
4410
2645
3208
4328
5165
2573
3961
4253
3874
2352
6067
671
6639
2468
4129
3649
4333
2610
1090
2795
2453
2002
2489
3557
2438
76
3712
2012
6628
5061
4262
2258
4220
2375
1050
850
1259
3577
1067
2717
215
2978
2676
2065
2557
4388
5768
3180
5053
3339
3805
6716
3340
3280
151
811
1045
2126
6701
5471
6905
5032
4284
5767
2892
4053
1345
3288
2748
6278
1279
1412
4271
3978
1255
925
5085
1933
1979
2293
4753
1206
217
1002
1094
6517
6444
3320
5384
2492
1825
4302
6369
6108
1456
4903
2623
1486
6534
6802
146
6277
2471
5413
3130
3161
5500
4499
4900
4626
2379
3153
3435
433
4176
3155
4187
6741
6181
2966
358
4344
400
1611
6296
4849
6775
6799
1609
4144
1614
647
2925
3118
3056
1748
42
380
940
3441
5217
2247
4759
3566
114
819
2694
2962
5599
6936
3090
273
5102
1014
543
6901
6760
3922
5784
5304
5775
3526
4884
346
1660
4002
521
2716
6561
1215
1598
4689
2101
263
6111
6916
5558
3089
3943
6226
4267
5505
6913
191
6390
745
4752
1605
4315
4299
2680
1349
5646
6544
6167
3506
2846
1892
6195
886
2329
2634
3352
1439
392
3009
5438
5807
2948
3209
1811
5731
2579
6796
5035
4156
976
5481
1618
2144
5884
3355
5655
3709
6751
2320
979
4305
2173
1732
1575
4655
934
505
3306
3070
137
6732
4919
6056
2466
6363
1116
2840
5638
4569
4356
4227
2581
5261
4808
1684
3384
1268
5668
1783
2011
828
403
1997
970
1964
6337
6153
4589
2004
2228
2229
5610
3919
5607
1875
5612
5183
5779
5105
5949
5189
5948
557
3433
3472
456
3971
5112
3714
2923
4645
6129
884
274
1842
1470
709
3620
6711
2988
1382
434
989
4908
5560
4207
5285
2485
3863
4612
5226
4831
6811
6882
133
3175
3903
3492
6827
4660
2109
4008
1541
1074
4640
5187
4743
817
2157
4497
4525
522
1338
4665
1012
3824
1982
497
768
5306
5680
4003
5055
6359
6346
1398
792
581
4763
1324
5736
6176
6918
5605
342
3921
67
2543
630
2346
3754
914
1791
54
1414
682
6440
3488
4138
6575
3738
2149
4768
5315
384
3906
5730
2051
6205
22
3512
2062
4386
5454
27
833
2321
6483
1905
2234
5658
3253
1928
3116
6855
6863
5094
1882
1005
1056
1868
2690
1676
2953
6885
6101
5358
2747
2921
3333
1924
2885
895
2165
3275
3466
500
5418
4174
4063
5235
2866
2806
969
9
5270
6733
2067
4123
2770
3941
2664
357
2096
3821
1102
2168
4798
429
4173
597
5876
1513
1946
5114
3856
3755
3518
2393
1630
3669
3442
4550
3657
1047
1708
324
6576
460
254
627
2082
2299
2246
5535
3003
3335
1262
973
3387
6786
3274
1099
1794
4871
2627
5043
3498
3220
2728
4049
484
3100
4486
5176
5117
5330
2881
4084
6227
4718
4483
5400
1231
4229
2239
5282
3289
2785
2937
3974
612
3489
1634
1436
1257
1803
6245
3928
3375
5120
3601
74
2521
3395
596
6279
3476
2264
2858
3660
4885
1019
2952
2120
1246
3204
4022
4790
1715
1546
4915
4993
2445
4091
1578
636
2805
2646
2107
4411
2720
1451
2075
2954
1000
2631
5470
6214
5967
2455
6684
6117
5846
2594
3836
3984
2707
3327
4654
1998
482
1196
85
4792
6242
2683
166
1131
1782
4708
3817
4321
3000
5538
2003
6532
3140
1029
5004
2755
2333
3679
2655
5288
4785
824
1534
141
502
6141
5342
5245
4938
208
894
4513
5600
3046
4461
924
462
3704
481
1623
1595
2163
5021
4448
228
3677
1831
6720
177
609
6783
3967
6353
5615
2474
679
5060
5562
2546
5296
4102
943
2640
628
2668
5212
2028
5734
3323
5719
4572
4426
2861
5182
47
247
4024
230
1197
1103
1663
5232
3700
2184
2949
1561
6700
863
2486
633
3125
6768
3412
5827
4009
3599
1861
4644
1390
1364
197
1290
3848
2104
687
4614
2238
4104
6647
5100
3651
5927
4740
2854
2117
6608
2019
3923
2339
3295
1167
26
2810
2863
6908
5389
6527
5815
5705
6635
3317
6477
4206
5596
2986
3716
5928
6877
199
171
83
6137
6622
6852
6367
1243
1447
5821
923
2682
4413
2279
5188
4152
1889
2377
1010
3144
5659
1300
1207
4942
6675
6290
1307
4527
4559
5412
2875
788
19
5405
6449
2902
1226
1845
2873
222
3101
2008
677
6418
6350
5929
2653
1678
2295
1700
298
2015
2763
1804
1479
3792
4867
3420
5522
5919
4734
2447
3936
1899
1210
2052
1734
1536
2624
6461
1679
955
3302
5476
2738
5802
1677
2177
588
2106
3667
2308
5480
5388
3134
804
149
3892
1413
3514
1539
5863
5375
5641
6147
1179
6204
332
1001
862
2424
6813
3423
4845
3162
930
1738
2242
6672
854
585
926
6295
3585
2155
6446
5156
4876
4872
1778
2450
2593
3674
1822
803
1254
2244
5609
6308
3541
6156
3450
3777
3358
3224
3410
2688
1867
3954
3969
6791
5575
5611
5407
3141
3001
3214
1224
598
3008
540
1545
2098
494
4975
5976
4115
5483
3948
5380
5715
4182
5830
4145
2186
6042
4986
2347
533
3402
3365
878
2508
2171
6692
800
405
350
3680
2917
617
1249
2541
1802
2100
299
6014
1213
1808
3685
2912
5904
5971
3610
3808
859
6619
1515
2695
4076
4168
1628
637
3281
2735
1626
5427
4516
1286
2775
5905
3508
2710
4495
3378
814
6615
1119
3313
5274
6696
213
2870
5141
3103
4147
6516
6571
297
447
32
4788
4251
2774
6118
4455
6876
3920
4817
4069
4442
5787
1149
6823
982
2620
1728
4711
2566
4583
1587
2877
6457
6463
28
690
1294
572
666
1606
5518
2064
6847
504
210
90
2568
459
470
3584
6015
3044
5534
5877
3336
3831
2045
6237
158
2114
202
4585
3293
5089
6787
844
5591
1506
1418
3574
474
486
5978
296
5823
2532
4907
6032
3232
4125
3904
3690
5006
6521
3152
4556
1736
794
4531
3747
6378
5686
2709
4951
4562
1493
6805
1225
2169
6321
4735
2556
5617
876
782
1754
1817
1746
865
866
1276
2463
3581
4332
578
4916
4350
4280
200
2116
1749
1241
830
3258
430
5352
1331
2737
3184
3475
4318
1391
275
127
6078
5508
2857
1994
2723
2027
1069
3666
129
5113
6249
162
3910
2595
3900
6730
5543
3391
1117
2023
6224
2743
1415
5013
3143
582
5811
3018
5243
3656
515
6794
847
1751
1849
5175
5160
525
2536
3049
5052
1870
4421
5989
4018
3668
2411
4010
6377
4316
6243
6165
3807
5369
3241
526
3604
1400
692
6218
3347
3282
1796
153
2558
117
741
6439
4880
2855
401
3850
3671
428
348
622
2742
170
2750
4557
3853
3025
164
318
626
4
3553
412
3976
3925
1568
520
1906
1908
5760
4059
4857
5690
2933
194
2505
4663
3166
4523
1649
1507
5888
4303
2553
4161
1814
3345
5059
5037
404
2564
5222
3027
3652
2983
3403
3297
4140
990
616
1218
2039
2058
2136
3979
3628
2914
3222
6574
4854
6915
4398
5909
1758
3393
6332
907
2210
1702
2195
2056
1807
2423
3827
874
5
5604
3723
2652
3006
1381
538
5954
724
3105
4490
3840
38
3615
338
727
255
3849
3350
6558
2105
2442
122
678
3229
3834
6525
5084
2307
6431
6717
6428
5510
3711
1729
1477
1582
2658
6850
6902
6343
5568
1858
2212
2644
407
5772
111
843
3655
5429
1721
4511
3782
4758
3128
1914
2773
4142
5756
4669
3050
6664
4101
5385
3063
1607
1006
280
2830
5374
5679
2561
3068
4542
3549
4139
1747
3246
2684
584
6689
6199
3752
2225
2963
530
4598
524
270
5391
5677
2280
4692
5321
3949
5070
4154
6184
3342
4141
2816
391
4204
6573
5590
574
6695
2497
5598
4026
3702
4619
537
1968
5865
2156
18
4441
733
2180
772
2667
2626
545
5224
1092
2567
5837
3663
3953
4313
583
2769
5201
4855
661
3665
3305
6728
3774
4944
302
6228
4591
3556
3933
4331
5010
2811
5648
4731
3110
3619
4750
3859
5718
6663
5703
283
381
2359
4240
1812
3559
5798
174
5090
1496
4467
2936
5521
4052
289
1975
4433
4947
1407
705
4190
4403
105
3353
1694
4690
6512
621
3367
951
1258
4159
5194
1091
4209
5349
4034
3188
2703
2669
3099
541
3534
3010
3248
2417
2630
118
1600
4538
3250
2968
1244
2360
3234
3390
1133
4746
5771
2681
1916
1028
972
3696
3451
1533
4704
2131
6467
6000
2890
3720
4094
1027
2491
6710
395
6109
3681
4064
5922
4970
6095
4836
3618
3545
1562
1444
4420
2699
3728
5234
5897
5645
6076
2473
173
315
3985
3276
4957
6539
4821
4435
3093
6484
2110
3299
4409
753
1877
6570
6082
2793
2628
4452
5495
3635
4965
4633
6569
6222
576
509
4146
6713
2599
3647
1156
6325
6122
6466
4456
4228
3254
4259
2612
6257
51
148
4341
5921
6770
5262
5331
5357
5833
3593
3332
3578
3244
6393
5303
4878
4882
2410
589
5817
3179
2362
3870
797
4189
657
4974
4509
3864
1282
1340
6397
4873
4664
5839
5720
3077
4036
2388
4940
5210
4806
2038
5980
2298
3560
4100
6580
6002
6134
938
1158
3483
3659
6240
4656
5660
5068
6931
3678
226
3245
1871
2317
2154
6285
2288
3800
1064
6262
3112
5914
3907
6498
6366
4827
4813
6328
2276
6098
4039
1823
3482
1627
1880
3854
5401
4428
6132
891
6213
4119
3908
253
660
1265
1013
5813
3334
3637
1471
3819
3195
4326
1376
3156
2535
2582
5555
5595
5351
4169
1323
1281
4124
3646
5582
2608
2123
4470
4165
5997
2648
1557
4289
2851
5379
6759
2230
320
5252
4488
2294
1162
2825
3398
5489
1520
4673
1548
4185
1631
1495
3889
2130
2223
873
5014
6335
3857
5631
1157
1866
6473
638
2895
3931
2549
15
6121
3509
3292
5698
4364
4625
3891
2500
1818
3494
3820
5251
2808
6454
4737
2175
4512
5492
5390
4451
6679
3013
1423
527
1284
2498
6482
2528
6447
1580
6782
2836
670
2922
4150
2402
5759
6549
4709
2370
875
5012
4493
6848
5125
6754
5726
5486
3673
4519
2407
1365
4952
2460
6579
5426
4941
1186
542
4720
5278
5469
1992
508
807
1037
3148
478
1865
546
4095
1332
4722
688
1040
6583
6600
3528
169
2050
2127
5901
4881
6699
6018
3946
551
229
4780
5852
6581
6828
4738
4551
6210
4997
3107
2034
130
227
6091
5749
2357
343
2309
2009
5028
2243
6197
4632
6063
2060
2838
2931
1641
2924
1856
5956
1363
1960
6453
6824
5406
5665
5273
5766
5601
71
3268
2073
2328
2889
5312
6189
722
2834
4402
5663
1647
909
5649
2313
3650
6919
6731
6415
6834
4427
6064
4863
1502
6178
4954
2277
4491
3998
1474
730
4089
5693
4373
1572
2686
6309
594
2462
932
1656
1936
1806
4032
3724
159
5828
5170
5931
2373
2537
3535
5891
4319
3351
6841
6818
1602
5529
3376
4121
2685
2916
3372
4306
2041
1706
1957
4693
841
498
257
4946
4782
2391
3400
4468
3937
2577
2331
5118
1826
1308
140
1742
2786
5832
6265
5788
5939
6072
6031
5933
6879
1368
409
2187
5578
2702
1026
2085
3643
2552
1837
2733
4183
425
3814
2174
2099
1488
3897
4025
715
1993
4526
1174
5236
3263
4995
681
2679
5880
11
535
3032
991
570
1932
3416
6758
3114
1452
5144
6236
6034
4055
1498
513
3357
267
4803
1552
1958
6798
4237
4570
2982
3983
231
3736
4504
534
4923
4219
5073
957
2330
6840
4379
6726
4856
987
2112
6468
2514
107
2464
6910
6914
883
1360
1408
3023
3929
629
2559
1205
2141
4096
2358
1139
605
126
1567
6499
5814
1517
4617
586
2576
1315
749
711
2443
5621
4590
5327
3330
2603
3867
1440
3818
5265
4199
4630
1638
5950
2745
4489
1786
1770
362
2768
1710
2122
1216
4425
1522
3081
852
2970
4824
3186
4648
1041
2241
4372
2341
1144
6550
1366
5577
4760
2296
5561
3311
3871
6685
256
4148
2167
5845
1362
5752
2790
3307
4958
6627
2461
3225
1305
4070
2439
851
2269
5918
729
6413
236
1740
4162
1422
2930
1038
696
1514
3525
6456
2918
5317
1353
1583
631
2043
2178
4784
3858
4292
5293
947
3786
499
6781
3726
1183
5792
4438
6065
6038
5777
442
6611
2635
181
3080
1009
2841
623
250
3015
3271
3989
6140
4507
6232
553
3706
1420
2387
1983
6289
3409
3676
1383
2512
3727
2384
6533
5881
4757
4347
6912
4081
867
4226
4936
4552
115
3733
2014
2403
3470
5836
4597
3531
3810
4609
4238
919
2622
1187
1527
260
1271
2995
6145
4197
5981
625
2817
4600
3515
5639
110
2132
1277
1787
3745
5420
3769
3917
4367
3447
4345
1487
789
1386
4761
6662
3622
1974
2920
475
426
3905
1844
4539
5721
1326
4809
1266
472
1292
858
5300
5794
4962
2066
3787
2484
5790
5913
5925
6497
2909
2458
2637
1662
2565
2121
3123
6724
6276
4937
6891
3429
214
2054
1745
4924
3122
4294
3071
4593
3768
2869
2876
3721
4023
6161
5606
4075
2788
6548
1693
795
327
5050
4057
5762
689
416
288
3844
1935
4789
3467
5310
4843
413
2336
2551
259
397
3902
3729
5858
10
1511
1405
2527
735
771
6722
2431
4178
4458
3456
5134
6045
2061
2812
3296
2766
6083
6423
1625
6556
6680
1978
1289
240
536
4766
6632
2824
4120
3884
5436
2572
1021
1967
4296
3147
1990
91
6168
4363
1689
1327
6475
842
290
21
2896
4453
3385
2977
2813
993
3460
2134
571
5502
2721
6892
4056
5515
398
716
3474
2415
1762
2193
249
2502
4233
4485
2289
5583
5195
454
5153
4530
1373
1585
4536
3606
4848
3731
3973
5684
5844
708
4407
2059
6331
6530
1913
5810
1674
1399
4298
2732
6053
2560
1081
6247
4807
1900
1234
720
6348
2044
233
1428
3930
2724
3448
271
3521
2162
4465
2981
3753
6505
2928
4336
2980
3537
5205
3739
6017
14
6023
188
1128
3073
5143
6229
5785
5496
3951
6408
2158
1086
3182
4143
2757
2408
4853
5463
3588
3912
6893
946
6651
3145
2385
5417
1984
4021
5644
4563
5834
2283
6211
646
2285
278
3550
5344
798
6817
1879
4283
5157
5276
2092
2318
2218
3102
92
5800
4338
3964
4047
6342
4346
3075
704
1008
2831
138
465
5271
5467
523
294
4741
5664
6203
2451
606
6678
245
6500
5986
239
1910
4686
6492
4085
1229
3641
5761
835
86
640
3061
2055
3750
5034
6347
369
458
4714
887
1664
5076
1719
4355
423
2938
6895
3237
6419
6603
1637
3256
1043
3586
3072
5569
160
3595
5742
4905
1834
4685
2798
2226
5399
6881
6765
178
432
265
4158
3316
4546
5580
6259
1492
5937
6790
1221
5123
1322
1369
388
896
180
331
167
5673
64
3039
4307
1192
6888
871
6531
4087
669
3041
4170
2752
791
66
1687
917
4281
1781
1980
6092
6020
1722
3430
56
1195
2998
445
4153
5415
4006
652
2839
2754
2934
1731
1840
1024
1675
1591
5215
641
2324
4814
1544
1891
6102
3823
5709
6235
785
128
3168
4391
5015
3146
2730
1853
1503
1396
5394
3373
1963
383
1633
1467
5272
2625
4573
877
3987
5223
3178
3228
5025
6186
2731
3838
1876
2776
6402
1065
2911
1375
5167
5546
3361
2597
5096
4202
5393
4982
849
5627
3631
6
5712
4111
2882
4128
4682
5804
556
218
665
3121
1724
6920
3085
700
507
2172
634
4934
2208
3567
4270
6688
2874
4637
135
4969
1774
2371
977
4879
5974
4875
4747
3811
5516
3362
805
3191
4820
457
959
519
965
6196
2188
4020
6443
1720
4375
3940
2181
2883
212
1267
2137
2621
1193
1083
3377
650
6502
4861
2046
1759
5748
196
4769
1680
1329
2856
1191
793
1066
1594
4866
6719
441
5350
5708
3212
1608
1966
3240
3030
3801
1696
6172
3243
5650
799
775
63
1253
268
872
4245
4799
4984
4360
473
2989
451
3986
101
2029
4904
6800
4353
5461
3052
3507
5366
2964
3283
3369
3520
2021
1337
2204
512
3438
4890
1472
658
5797
2306
4114
4599
1455
5654
6772
1995
6756
2213
4282
714
5250
225
1431
4805
2354
6404
1097
3322
1445
5860
3878
2533
3014
2449
286
4906
2444
3453
6035
5051
6822
1523
744
5630
5711
5078
399
6051
6890
5158
1395
1589
4661
1204
5808
1574
136
1643
4247
813
2501
1194
2596
1348
1671
5722
3432
4471
3883
1208
5287
3490
345
933
1909
4992
1563
3426
39
4713
81
2942
3561
3614
5421
4462
6523
3785
5930
1484
1385
592
2437
6836
1948
221
5559
1970
2607
6300
2030
1542
5106
1965
4543
579
5732
897
5478
1827
3865
2000
4596
4450
2227
6825
5537
5163
2087
6545
455
2435
3257
4188
4909
2032
4568
7
1296
440
2448
1433
5377
5958
899
915
5083
889
1220
6104
1945
2413
5056
1991
5027
3886
2108
3249
6605
3603
3564
1869
6299
1147
1389
1855
2025
4383
1996
1752
3205
4255
5140
4745
5938
5900
4408
1707
3914
5870
662
3958
1239
4781
604
4480
3697
1200
72
2507
6288
6661
2845
5566
1312
568
5376
1442
1860
1212
1971
3497
5164
1847
2518
3715
2452
3779
1298
6634
1361
1658
5197
931
1911
3771
1089
1313
3481
511
4250
6707
2529
2133
1499
2272
6284
5525
1615
1950
6314
3397
1217
6324
5892
1763
4376
1151
2284
4062
1893
1219
3524
6596
1273
2310
1301
6562
2323
2249
1651
3568
3290
3694
1955
1857
2256
5970
1033
1718
2031
3078
3759
5867
4534
1526
1553
1304
3658
1504
595
4567
4479
1569
2534
5419
3040
5567
3487
2661
3996
2271
4578
3533
2802
2036
5026
790
1697
1432
6170
747
6752
2656
6508
4576
4917
1617
3972
1525
6039
5723
2791
5964
5982
1481
1295
436
1850
3135
5674
1199
1690
1377
4927
1088
262
1673
5340
3880
1903
5230
1379
2725
1303
3822
1424
3464
3504
1359
3004
2761
1160
5961
2400
1264
3594
4492
4732
1475
2395
2677
1862
1397
2580
2364
3421
701
757
3562
562
78
5753
5204
593
2086
4322
3374
5362
2504
3932
1859
5295
1528
1406
3396
2670
587
1426
4638
5075
5149
1141
2311
1931
152
5082
888
6403
4399
2199
1387
607
4474
1798
1828
6158
3543
2815
1895
3776
1586
5146
3719
5408
1532
1378
948
4533
1915
4177
3131
1830
2833
1318
5746
1155
882
4390
3479
5793
