0.0
0.7909088299315516
0.9994316508437472
0.7552580678108827
0.9999898562848389
0.8418359366829603
0.9642138320639734
0.25376794262010316
0.9323551994132873
0.527249989082963
0.7475542298584545
0.0
0.9990792924895003
0.998924860326488
0.0
0.9124212305923899
0.7560826749205499
0.5578756314144591
0.6788024616208879
0.9672506398093843
0.02144235986156595
0.10585659894705635
0.7342724149027817
0.9550272177086669
0.4663891747727824
0.44694016908418566
0.563305636249446
0.6415088164502547
0.9251710453334568
0.9982515644303631
0.01803882886258712
0.6502233498019279
0.0
0.1740129479581488
0.6651697989814687
0.0
0.0
0.29322207069252504
0.20738299367387214
0.7240884325613307
0.12437124144346368
0.6588919013668815
0.9352988939403037
0.0
0.701336353920426
0.8645480113851641
0.9979549160954624
0.9235678002719598
0.9999783441791095
0.975697776354909
0.23407549070644684
0.48760469808472473
0.8328761776757189
0.0
0.9833131912289141
0.8302756132492743
0.6766018738855364
0.2682008428543996
0.7202886539217395
0.8036373094465834
0.3117383219974277
0.5185766218292089
0.9999796819731602
0.8854190691111115
0.999576654093275
0.0
0.9042905548563247
0.007135696233684263
0.9999999894447058
0.0029625061974951628
0.980598292761923
0.9328350192532077
0.05984387245973444
0.8201863273351019
0.3994981690204529
0.8141153881719951
0.9950211988465321
0.11752591326414308
0.0
0.9655690520565536
0.7860403399162126
0.17269210051827366
0.31253217217262197
0.06516591207492584
0.9982076754279309
0.1656331032350451
0.704325736731108
0.999865561303592
0.4343104170562293
0.0
0.22096638253740364
0.015066025537045946
0.4061576752484245
0.18810375139388436
0.9969484328472762
0.0
0.49780726776387807
0.387444709489869
0.09215123311114659
0.5372185939816629
0.9322763090999142
0.36361330607479103
0.5887817330105817
0.0
0.9439881958529057
0.5411087664184127
0.8881245487829451
0.6100417360877335
0.999999991945841
0.7482818830240643
0.8324505603924609
0.2718059689018266
0.1547246754772944
0.997613226070545
0.8845208998154545
0.6832607581960579
0.06817526056475043
0.857311345212323
0.4956707146158794
0.5536712127322144
0.0
0.20911327334142438
0.2255113910488442
0.05005161397810698
0.4252915503079131
0.9660884279618418
0.6289154808351185
0.9999668678066971
0.8671833098532894
0.40186094535763917
0.6779975508756482
0.8022100871319388
0.5422878192103123
0.8386866203946136
0.9528652932689372
0.4789918942560496
0.5025861570890804
0.0
0.8788263568464265
0.0
0.0
0.5741336432639788
0.0
0.754678982411876
0.0
0.6961592041263615
0.0
0.0
0.6746708771620479
0.0
0.030993632806006643
0.11088198945683836
0.487924062549262
0.7314550621004539
0.9242188281878218
0.0
0.31785458386769694
0.0
0.2002162737053088
0.3363684493330379
0.0
0.03515382022498725
0.47154611897826015
0.0
0.0
0.0
0.0
0.0
0.0
0.0
0.3039824909881248
0.0
0.0
0.5616334409811037
0.0
0.34856996828641384
0.11724832558629406
0.0
0.37931963465365537
0.9250628694007701
0.8770108867020592
0.08722516147270432
0.504978977752295
0.3806504130671182
0.0
0.0
0.0
0.0
0.0
0.5332531655824206
0.0
0.0
0.0
0.9971559497814123
0.16908494930839857
0.0
0.0
0.0
0.783135667506022
0.0
0.8488591400208005
0.0
0.4335038582951942
0.0
0.0
0.3546818166518303
0.0
0.0
0.0
0.0
0.12011035319372121
0.0
0.4102446389675539
0.4204820759920499
0.0
0.0
0.0
0.4414913180573464
0.39968980532265475
0.9999533510795567
0.0
0.11972872177844562
0.0
0.0
0.8435778972258585
0.8005056136705082
0.0
0.0
0.0
0.08387207148850184
0.0
0.0
0.0
0.0
0.0
0.44305974841779183
0.5142902664399216
0.6388147408996021
0.6461431393778833
0.7831304575900666
0.2807717115096706
0.11030677129654176
0.968345728994483
0.6423868781168416
0.24685814961749386
0.1183385827239436
0.0
0.24077171698554933
0.3981105213887379
0.5457691556039235
0.3460849115539305
0.5411862158387759
0.0
0.0
0.0
0.29722178511487096
0.5593753855924971
0.5199784349370098
0.0
0.0
0.0
0.0
0.051662837151081775
0.0
0.0
0.0
0.19730970928082858
0.0
0.0
0.0
0.0
0.0
0.1914911518509702
0.9432657680694183
0.2292523338440633
0.7901176808708675
0.0
0.9043525000982572
0.12083167350474511
0.7798254240445681
0.0024352007207273374
0.3285183939446562
0.0
0.04167656029197431
0.0
0.0
0.0
0.0
0.0
0.0
0.0
0.024847350799679035
0.0
0.44961956493492083
0.8976032104727715
0.0
0.8083031577954863
0.11322609865203759
0.3049422536472741
0.9320341333153068
0.31752261415782757
0.49699159260269576
0.3370819492402797
0.0
0.9316598533603254
0.11301641919726169
0.0
0.5216667094434277
0.5689035066805306
0.5081749641899167
0.5920633992779678
0.0
0.0
0.7524954986842577
0.29733207422048635
9.576813683297436E-4
0.34227491002125543
0.14895614040476934
0.025488415534193454
0.0
0.42123649230036375
0.12076567073858213
0.0
0.3118751162927932
0.14820250449292316
0.05862024514443431
0.3528775446965704
0.5939276582326418
0.11380069257340164
0.3278462593234782
0.9999999409775286
0.0
0.0
0.107648880922106
0.3554604246886217
0.0
0.3266812282379701
0.0
0.0
0.0
0.0
0.0
0.0
0.7430049259126226
0.0
0.0
0.5143881363906954
0.0
0.0
0.1535250129727581
0.0
0.0
0.0
0.0
0.0
0.4109403273597316
0.6335533155533788
0.0
0.0
0.0
0.4339272365306286
0.5359529746191165
0.4821642422732779
0.0
0.0
0.4568201208032385
0.0
0.0
0.9372020397753017
0.11787520995761847
0.018800142732010472
0.0
0.0
0.0
0.26379183414697227
0.6969949330329392
0.3511882811343032
0.3684223283594227
0.0
0.7039104283561952
0.9945165643982017
0.2844275441653443
0.0
0.0
0.0
0.0
0.5128957218085328
0.40348833569480036
0.0
0.0
0.9973681191601398
0.5204552955420854
0.4957663146179945
0.0
0.0
0.0
0.04818713074637804
0.0
0.05196692563191374
0.0
0.08909101290344679
0.8920102750084796
0.0
0.5485800595294807
0.6905737988206642
0.2300581806710401
0.0
0.0
0.0
0.8770502670306742
0.26848972359766443
0.0
0.0
0.0
0.0
0.0
0.0
0.0
0.06442063648906093
0.0
0.0
0.4823628570755769
0.0
0.43096969273286434
0.0
0.0
0.0
0.0
0.0
0.0
0.0
0.0
0.0
0.817975990954325
0.360196347267149
0.4745534162340427
0.0
0.0
0.0
0.0
0.14917827442360931
0.10795576230516257
0.18986984389038308
0.0
0.0
0.4829924848695867
0.0
0.3711090777786755
0.11449868820359788
0.0
0.9943307776722505
0.0
0.14021778788878192
0.0
0.0
0.0
0.4472185709860206
0.7484776433127471
0.0
0.0
0.3325872180401134
0.0
0.27092925778527566
0.9055251866986885
0.0
0.8537301121286353
0.34979228689467456
0.9642118508620099
0.8175577922880319
0.9288510415945017
0.99837783171213
0.17528313200633838
0.7510983121315613
0.04404713419495743
0.0
0.31417490413159865
0.0
0.0
0.2610987453790288
0.9578288887622105
0.386671420582283
0.0
0.0
0.48978588206374774
0.3823403260969509
0.0655174195555348
0.0
0.0
0.47420328073546747
0.0
0.0
0.5497114902513041
0.1143541986680956
0.7695300326558762
0.3597229699926925
0.0
0.0
0.0
0.0
0.39942854448846665
0.3734605762970622
0.0
0.0
0.0
0.0
0.7448868197487731
0.0
0.0
0.25280572921110145
0.0644643410891359
0.2299395182251739
0.7572391623286434
0.0
0.9301787341010984
0.7543143941052519
0.38475017230688613
0.1994750041137846
0.0
0.04444122396486372
0.9914125576969023
0.0
0.0
0.0
0.3857854069104092
0.4316890626615728
0.275114453265233
0.7099618676216168
0.6405965662940938
0.0
0.5137191010442348
0.0
0.9379823920869292
0.14242690685216663
0.09636973514858582
0.0
0.0
0.0
0.5253758880147932
0.0
0.3886037790971555
0.716232480895279
0.0
0.2355817890094296
0.0
0.01634175076487443
0.0
0.0
0.006806288854357412
0.0
0.0
0.0
0.9935261116195522
0.0
0.0
0.0
0.09167420206889965
0.0
0.06447846873559171
0.0
0.0
0.0
0.0
0.0
0.0
0.0
0.0
0.0
0.7227834680737875
0.0
0.0
0.0
0.2973422191233128
0.0
0.0
0.0
0.9014864957750791
0.0
0.0
0.0
0.0
0.0
0.0
0.456243024518332
0.2770353660289424
0.9999999555944769
0.0
0.0
0.0
0.0
0.0
0.5761900435211831
0.0
0.9997627036127806
0.0
0.0
0.0
0.14936059817401182
0.0
0.0
0.28770452357506926
0.0
0.0
0.0
0.0
0.0
0.24243925501707175
0.0
0.7109548606961671
0.8510171969477038
0.0
0.8868915461010195
0.9255021155209551
0.0
0.24133635653187702
0.10800598536898376
0.0
0.6121565888747585
0.3982929806710551
0.38513653233643586
0.0
0.48756970444848335
0.0
0.08464505667809663
0.4601832996723467
0.0
0.0
0.0
0.0
0.5750576302477752
0.0
0.0
0.0
0.39793186252140345
0.0
0.0
0.0
0.0
0.0
0.7968146627560673
0.0
0.0
0.0
0.0
0.0979649559168545
0.0
0.24256701065756925
0.0
0.9865572494559477
0.2836505137995762
0.0
0.0
0.0
0.24521667211331133
0.9709038223442945
0.3115377433329072
0.0
0.6869746297780829
0.49928250781672967
0.1812154056471802
0.8038944714460399
0.0
0.2486545214845528
0.5395598935497554
0.0
0.0
0.0
0.0
0.0
0.0
0.8422262300271928
0.977640730795819
0.0
0.0
0.7003809826655587
0.9777003946435997
0.3513742551407033
0.0
0.5948889424935075
0.09163920213217991
0.0
0.6159343889021678
0.0
0.5531453124419299
0.0
0.4126646597821011
0.8100624834567336
0.4509412639276227
0.0028006851624988727
0.24723284602272777
0.0
0.7673963010265672
0.0
0.09884865323139813
0.09319812062743471
0.0
0.6865293329727622
0.0
0.0
0.06081708296978583
0.0
0.9078459297731123
0.0
0.0
0.6694110872759853
0.32996804541272207
0.0
0.3394649472024668
0.0
0.28368117430109197
0.0
0.0
0.07695612369532823
0.0
0.9476756680015216
0.0
0.0
0.46997270601768193
0.0
0.0
0.0
0.0
0.09390214848903333
0.04688423277795484
0.0
0.0
0.0
0.0
0.0
0.0
0.9108356211555938
0.586577424446572
0.946571246887717
0.0
0.9049312732672412
0.09705912540356543
0.09196393374935119
0.2494460921639653
0.0
0.4334784015866927
0.0
0.0
0.0
0.0
0.7629478182937773
0.30643265979995393
0.0
0.49987357183689207
0.0
0.0
0.0
0.0
0.028946942467592884
0.0
0.8762532344510943
0.3993764712351173
0.0
0.0
0.611291038541722
0.22897057290380607
0.18078339139527477
0.19732565909711086
0.9330361719356256
0.89369905554349
0.4831444522398598
0.0
0.6663204001291936
0.0
0.39387246549943633
0.12555619925969552
0.9551174838796169
0.16124098509711393
0.3142350009651794
0.28825263477186025
0.04726728996573737
0.9995492221311735
0.0
0.3925311064880611
0.0
0.19784297166971987
0.7144518656422867
0.0
0.5316487118137982
0.6788716491205433
0.0
0.5048257788102699
0.2424376436099559
0.0
0.0
0.0
0.0
0.0
0.0
0.0
0.0
0.0
0.1800869262421544
0.4767226513146662
0.8875146208665837
0.0
0.29256606122688966
0.0
0.9398209156641948
0.806899159255055
0.578909070797464
0.0
0.0
0.0
0.0
0.0015426363337751603
0.0
0.311219547970248
0.14759181119785292
0.0
0.34877276059342033
0.2799980736409253
0.024155488811711034
0.0
0.0
0.32298890137367786
0.7850783566594213
0.9984311158776485
0.0
0.0
0.35727645653808493
0.0021433153790355597
0.0
0.12365778415073636
0.977066869299347
0.0
0.0
0.0
0.0
0.0
0.4593176236871398
0.0
0.6223459282520345
0.0
0.0
0.9985407174152404
0.0
0.4506197953728287
0.3780825632088687
0.4923661826998127
0.0
0.0
0.0
0.4762669991153934
0.3550327213109814
0.0
0.17627698921657475
0.0
0.3232008355038911
0.0
0.988098624938736
0.5735072383834129
0.0
0.4567215993139484
0.0
0.0
0.4766403552493539
0.0
0.0
0.0
0.0
0.1660133388888485
0.0
0.14212283999134234
0.3066983872354794
0.8629062179983672
0.05093377167021973
0.0
0.42347661788251245
0.0
0.0
0.0
0.20351863107982004
0.3350939230831709
0.0
0.5807390604138214
0.06407120367595154
0.0
0.10977359962764954
0.0
0.0
0.3061107516971562
0.0
0.31458231414150184
0.296621264218068
0.14835219478994788
0.0
0.0
0.0
0.0
0.0
0.5091923216143539
0.9522050073022252
0.1542726581647964
0.0
0.0
0.0
0.2056769507724313
0.5508663157003402
0.0
0.05437002594651186
0.0
0.08004979559106351
0.0
0.2537184139771729
0.960574047596529
0.18541094808432734
0.38367869772541774
0.0
0.0
0.5711953895567878
0.0
0.0
0.032637282452212424
0.0
0.0
0.5764477899243217
0.5769537747302073
0.6953844348755416
0.0
0.0
0.0
0.0
0.64900606073431
0.3478447569982652
0.0
0.5789763900314442
0.48180268365796763
0.0
0.0
0.0
0.0825765794428015
0.823271601321763
0.429356636091888
0.0
0.8466379152750949
0.14991743356244402
0.0
0.0
0.015201959240492169
0.2162514078026796
0.0
0.0
0.034885919939141474
0.0
0.0
0.756745356655836
0.13519401765414085
0.9058570661923021
0.948286741089258
0.0
0.0
0.0
0.0
0.0
0.0
0.0
0.0
0.0
0.0
0.0
0.09957416560791332
0.0
0.2060130936195017
0.9819542066086002
0.550487353763937
0.0
0.02581467441404317
0.9890058148543138
0.0
0.8435773484299387
0.0
0.8618035285031906
0.6460277417038007
0.30446015468328036
0.3012691650252246
0.1293756077718874
0.12404182984746581
0.0
0.0
0.1819938110071102
0.0
0.0490323655643059
0.0
0.0
0.0
0.12477530225134015
0.0
0.0
0.0
0.8130744478747154
0.07583506235557314
0.5041657076018363
0.6677028537555721
0.8931997845757004
0.06893654479043965
0.9999891560676791
0.031803541017422
0.0
0.16281831874780783
0.01681856246524982
0.0
0.27527271885474547
0.0
0.0
0.0
0.0
0.0
0.1937617653343655
0.0
0.8599673639243925
0.0
0.0
0.0
0.7320288180414865
0.0
0.5198853703090986
0.5581648415305247
0.34685005137231184
0.0
0.8938870161537491
0.0
0.5217752892330656
0.6772928358220804
0.25100801961630115
0.20171046467691245
0.0
0.0
0.10381296251003447
0.1609202525002017
0.16449061138917942
0.8955845801199975
0.0
0.0
0.0
0.9999205162095389
0.0
0.41735233217414436
0.0
0.0
0.9059539200353911
0.0
0.48752310326596926
0.4967789614228866
0.0
0.0
0.0
0.0
0.0
0.06095538273279144
0.5139448507471213
0.6372884721443728
0.0
0.0
0.5202687654352975
0.34559884514450645
0.0
0.5225533055763374
0.7360666395838957
0.0
0.0
0.7360741705084108
0.0
0.0
0.5404680226984067
0.24280662676698372
0.0
0.0
0.5171226141071465
0.0
0.44613090704338765
0.7919970412684288
0.0
0.0
0.0
0.17743922188340178
0.09043081545326137
0.0
0.0
0.6008172882816157
0.4087940514761743
0.0
0.0
0.4547635442179827
0.0
0.0
0.11924624760065561
0.18129618696156524
0.0
0.9524634507717203
0.3110834569920595
0.9366992605312039
0.0
0.20918661093027158
0.9312999572817101
0.6686251758439292
0.008497358285616707
0.6566169681623757
0.12212572592458382
0.6982968194484771
0.5586946595950009
0.20551449128575328
0.5236320909199375
0.0
0.0
0.0
0.17581544889481593
0.7851369239902153
0.0
0.0
0.16043861586298702
0.6681653812535941
0.0
0.0
0.0
0.0
0.0
0.44188924959012854
0.35561715927922044
0.0
0.6760051858737006
0.0
0.0
0.0
0.0
0.9523431971521454
0.11255752538527952
0.9985377948994626
0.0
0.5028709425175555
0.0
0.0
0.0
0.0
0.0
0.3244517828614867
0.0
0.0
0.0
0.9079947737336236
0.1996817478327274
0.9279017467085635
0.7110253151782002
0.35780029908813094
0.0
0.0
0.5073254281445383
0.503406088382582
0.5034056181144637
0.8790084914202942
0.4257976793320607
0.38311671049308926
0.3155162982502062
0.3685675267614825
0.25093093256995835
0.9694052317798886
0.0
0.0
0.0
0.17565763852298988
0.8598830765812515
0.0
0.0
0.0
0.8465614277194847
0.9750369339643375
0.8114718269365527
0.4352047837614029
0.9888478095650115
0.0
0.0
0.0
0.0
0.0
0.8659298428766535
0.5995287249258268
0.5951172859033709
0.20687645604493188
0.9724018487932801
0.3018962006392013
0.0
0.0
0.12981296705990808
0.0
0.8442117406395389
0.0
0.11957848452957909
0.0
0.2454498849823039
0.12506773320275
0.9382431615351616
0.010831648361075752
0.0
0.0
0.0
0.6651145808391196
0.0
0.0
0.0
0.0
0.0
0.0
0.0
0.0
0.0
0.0
0.46403958744408236
0.0
0.0
0.0
0.9999377709080417
0.0
0.0
0.0
0.0
0.9998639379909682
0.005876072045289948
0.684547149305329
0.0
0.0
0.29602285553058516
0.0
0.03208405028410144
0.0
0.23175969530278273
0.580800280199858
0.0
0.0
0.8832835396959583
0.6622965707575291
0.8445701484618733
0.0
0.9530998452306707
0.9976317639317664
0.0
0.057065285122537945
0.5321504609709995
0.0
0.005783221360043056
0.9367839498562605
0.7105344341052338
0.27494534250477476
0.14757570597799752
0.0
0.0
0.0
0.3250681732534073
0.0
0.0
0.7433242687247696
0.0
0.5073831324100189
0.7207330978081594
0.46797215295937966
0.11233598298015235
0.22376664102444155
0.0
0.0
0.11946450073155979
0.050111946240299576
0.0
0.0
0.0
0.5752887022116646
0.0
0.0
0.0
0.0
0.0
0.0
0.8895044258058832
0.6231946871733175
0.0
0.0
0.0
0.3293246751334218
0.5617122205581657
0.0
0.9755812871842013
0.0
0.9944086434391519
0.26891254492663386
0.13817723508690372
0.9999977243837638
0.13484298363340186
0.0
0.0
0.2596366487067139
0.9999997756226494
0.31311311698677047
0.0
0.12437714709491476
0.2952441960477816
0.2667103258328306
0.0
0.9989239594970477
0.0
0.0
0.11590135864354822
0.0
0.5903231939419218
0.0
0.5833376553890831
0.08587592111232234
0.0
0.0
0.14878155912563873
0.0
0.0
0.0
0.7892373118420788
0.0
0.8899977884787171
0.4633305814260128
0.0
0.0
0.9995311098000229
0.0
0.24385819468181003
0.5011602126766812
0.2652437122574487
0.4789850847212165
0.04559017864767623
0.0
0.17784705419848168
0.3053850309366035
0.0
0.14530999252620558
0.0
0.0
0.025848453854734887
0.3153485881965101
0.0
0.1287643402612869
0.0
0.6815463307375804
0.4223891289642978
0.5433544977212645
0.2599865211116308
0.0
0.0
0.3741227471817694
0.7815312575632983
0.9400412806016042
0.04273940661660702
0.5163869910515715
0.7895662886332562
0.0
0.35523998403758195
0.0
0.6352916168355351
0.43974527693598053
0.5031335790219166
0.33574328444411217
0.0
0.3391716468794882
0.0
0.0
0.48445709279960025
0.0
0.0
0.5224787533145929
0.0
0.0
0.0
0.9291564057476634
0.0
0.801983248472766
0.14777058271118348
0.5009651422124536
0.0
0.0
0.0
0.0
0.0
0.23390245270465404
0.2767206666412857
0.7645571495367547
0.0
0.807068072028907
0.0
0.70585413897502
0.0
0.0
0.993575852438218
0.0
0.19355614496615003
0.6831519174334502
0.9975242461038578
0.1698489053184733
0.6717878214986486
0.0
0.0
0.8340408620179864
0.0
0.6924307859160217
0.6676691238879193
0.39244278715345726
0.9985584160970423
0.8122482785157301
0.0
0.0
0.0
0.992850161776867
0.0
0.019809221325609916
0.0
0.0
0.024356636623354078
0.0
0.0
0.0
0.0
0.8675764549731149
0.0
0.21532369021624986
0.0
0.0
0.0
0.0
0.0
0.0
0.0
0.0
0.7113169070259858
0.6389720406401296
0.0
0.0
0.0
0.49503371106045835
0.0
0.0
0.34405679834706104
0.5487547533191398
0.07927901900540157
0.30993746593680394
0.0
0.0
0.5601273228586052
0.0
0.9984282371865031
0.7277852312997672
0.3369078198072524
0.0
0.998623590545843
0.0
0.0
0.9999999985753657
0.167751394050645
0.8540639911825498
0.13623247860454168
0.9999999999999938
0.3328203554326562
0.0
0.0
0.3348873343914702
0.0692588120739196
0.0
0.0
0.0
0.2745147778084027
0.0
0.8924718578410828
0.0
0.0
0.0
0.5915214104475206
0.592121138933431
0.4937744214858626
0.25768565539826005
0.12116291121183342
0.06125473563670136
0.0
0.9780917608555689
0.0
0.9990711560406814
0.7861555369875949
0.16105091832558593
0.1573122095666215
0.20197523516766724
0.13480694859105335
0.0
0.0
0.0
0.0
0.8674390186041755
0.0
0.0
0.5377461480879808
0.0
0.0
0.0
0.0
0.0
0.0
0.0
0.2403626912000073
0.0
0.618416330403205
0.8018886232270961
0.24512080213138754
0.43315412206486903
0.0
0.0
0.0
0.9818428027073882
0.36119897052501737
0.3678958141695603
0.0
0.999999999693606
0.7007088587223602
0.0
0.0
0.5699546265946884
0.0
0.0
0.5064628801525685
0.21895872596166277
0.0
0.020195337684865367
0.5443235008736738
0.0
0.0
0.0
0.0
0.0
0.5884327025084877
0.00862985016901574
0.31022478231183626
0.0
0.26539158329908163
0.0
0.6122373828359651
0.0
0.0
0.0
0.0
0.615074479227238
0.0
0.0
0.0
0.0
0.0
0.01887274782100512
0.8916400536629078
0.5287778663929388
0.0
0.19729266757984854
0.10264178479765684
0.0
0.0
0.9280293305267542
0.0
0.6729282578919986
0.035408798876160774
0.05115570293525984
0.48454892572641795
0.4815436121886768
0.0178327319928141
0.0
0.6031595639978325
0.32393357768748654
0.0
0.2881971967417286
0.0
0.0
0.0
0.25069283931725317
0.9999283689169723
0.1339580792835513
0.0
0.0
0.0
0.8138959744862673
0.0
0.0
0.5578052905503397
0.5159247323454821
0.997809458833513
0.0
0.9594444912093443
0.0
0.2851156882389727
0.08068417038107767
0.0
0.39392831459064104
0.9999908843966266
0.0
0.9255406243651763
0.0
0.0
0.0
0.36670495142894377
0.0
0.0
0.563995397455421
0.2657052111913044
0.9999838860436878
0.9999412069347188
0.0
0.0
0.0
0.0
0.0
0.7279788952660067
0.0
0.0
0.4388266638389551
0.11522102972071879
0.5115495839528922
0.2617416950510022
0.0011295951256468095
0.0
0.22063808297105258
0.0
0.1354993488420524
0.21995311190793576
0.0
0.0
0.20438497366426778
0.8538965216956971
0.9657623970150895
0.0
0.0
0.2553207682275034
0.0
0.0
0.23070519761607455
0.0
0.0
0.37665869010046016
0.0
0.11599469496031878
0.0
0.10124867914198221
0.1602928160921434
0.0
0.4919884902742936
0.0
0.0
0.7761980016444051
0.14514812575689862
0.0
0.3648617653147499
0.990732781423558
0.0
0.5670282666319576
0.8599009129401484
0.0
0.1278688417590701
0.0
0.03767048890928615
0.0
0.6044565351536367
0.0
0.9947240452516044
0.9820245632998132
0.3672043115327992
0.8557980019442506
0.9999802901783561
0.0
0.10922173767622778
0.0
0.0
0.8484018118665995
0.0
0.049610090984518296
0.6169430580809407
0.42825976794050125
0.0
0.0
0.5411423529768157
0.46494798234903434
0.29743206236384245
0.02548404868076859
0.0
0.0
0.0
0.008558888426290157
0.0
0.0
0.0
0.03515706043162714
0.6735822806079139
0.0
0.7354150698487785
0.0
0.4514264742330283
0.10529843016509233
0.0
0.0
0.3525421597674747
0.0
0.0
0.0
0.758760336941881
0.05836358581881196
0.0
0.10393448016437379
0.0
0.0
0.0
0.22897199552739145
0.29053245130326955
0.42953269154902063
0.0
0.0
0.03840501600971913
0.0
0.0
0.8763116970603447
0.0
0.3515413779903611
0.0
0.9999999730357153
0.08027891783983587
0.9875051591197096
0.9402582520469052
0.0
0.0
0.3056195736766718
0.0
0.0
0.6509929984861813
0.700747785419642
0.0
0.07854098973391821
0.0
0.0
0.2638961865455598
0.3561690609199668
0.27813415194427193
0.8400042026070879
0.0
0.7986993789218297
0.0
0.0
0.16120669918810826
0.0
0.0
0.0
0.282300731013174
0.3985160079400908
0.0
0.0
0.3514124257188913
0.0
0.8150041269475997
0.0
0.049979137135840235
0.0
0.5221753387744109
0.36315201705662137
0.0
0.0
0.0
0.0
0.0
0.0
0.0
0.0
0.0
0.0
0.0
0.9999994845041444
0.0735390704926322
0.63273198957017
0.0
0.9970076661389263
0.9928122758730274
0.9999947650008856
0.0
0.0
0.6653116553291302
0.0
0.7632258063323002
0.2073594312794712
0.33525092522220945
0.8410807124470372
0.19734168931666218
0.0
0.0
0.21829888263205688
0.0
0.0
0.5101676568053893
0.7905509794763411
0.24322401328850418
0.0
0.0
0.0
0.0
0.0
0.7898824493007682
0.0
0.45270687564722856
0.0
0.06339466062835775
0.11441458653402181
0.16450412902196143
0.0
0.09388261138755682
0.0
0.0
0.040899605500392844
0.0
0.0
0.0
0.7497649615113862
0.9999388643923236
0.0
0.0
0.0
0.8788399622610529
0.16620543190031523
0.3182607103982038
0.0
0.0
0.7750325584402232
0.0
0.06803486668648373
0.6932555846714866
0.0
0.0
0.0
0.0
0.0
0.0
0.0
0.0
0.1614399647611171
0.6834151633586414
0.1626107147601824
0.0
0.2770262918685975
0.0
0.28091946954210667
0.0
0.9602652166836356
0.0
0.9976819963901655
0.3378241677895688
0.28109306821862123
0.07137785047395206
0.0
0.23590649343478265
0.09435893134386053
0.0
0.0
0.2169726450997973
0.0
0.11897921221066399
0.18502925502624135
0.0
0.019786574865255258
0.8778873683537276
0.0
0.0
0.0
0.9977496238747298
0.21357723435210918
0.4255793250506821
0.0
0.12249072556545304
0.55184853462868
0.5714973235583433
0.9999999997732925
0.0
0.3148364855827339
0.1826205064410431
0.0
0.0
0.0
0.6648994905120091
0.6108852350161753
0.0
0.0
0.03399942782773746
0.0
0.0
0.4573842946003952
0.663018326904729
0.7679322325911603
0.07199329840019197
0.0
0.010463131470229703
0.6749457451894869
0.6501641975455731
0.8682210782103762
0.9757721048835071
0.0
0.0
0.0
0.0
9.005239022891187E-4
0.06309514312609443
0.0
0.999893830646355
0.0
0.9999999432151754
0.0
0.0
0.27855135589820346
0.15798753268768762
0.9049390341473992
0.1699768708328252
0.0
0.07197280885981161
0.0
0.0
0.0
0.0
0.986917674666525
0.4691447385129499
0.546945700195002
0.314741347304323
0.05361464001781502
0.0
0.0
0.0
0.028771955150003525
0.0
0.7685181082722495
0.0
0.0
0.0
0.4536387209341509
0.6079733093882767
0.17121496582440854
0.0
0.0
0.33394565437384893
0.0
0.3935432809298194
0.12526581458053965
0.17715947258109355
0.05582354378200005
0.3819570477008568
0.07520400433200825
0.9353548548902767
0.9305429032345803
0.0
0.0
0.0
0.660938842884369
0.0
0.38212443264844287
0.0
0.0033900834946285485
0.6830853443967728
0.0
0.28626707251369166
0.9252868537757679
0.0
0.12305908348567329
0.0
0.0
0.0
0.3439448414051227
0.039379946668070764
0.6135174300912709
0.38011343619600857
0.0
0.0
0.0
0.572894057691639
0.36215585730731503
0.17190871899192262
0.3865970531112052
0.0
0.965252754559066
0.0
0.0
0.7624214482911486
0.0
0.22546434402181903
0.0
0.652534339779479
0.0
0.1927843288379123
0.0
0.0
0.0
0.0
0.0
0.5670683041964992
0.0
0.0
0.0
0.13133510585345198
0.0
0.0
0.0
0.4122662925436198
0.0
0.0
0.0
0.0
0.0
0.0
0.6470394920519476
0.1485516208607527
0.35546865734246413
0.0
0.9999738777796552
0.0
0.0
0.0
0.0
0.22354918446576977
0.0
0.5136866794066283
0.999901130187048
0.0
0.21352368451254178
0.9353911206739066
0.0
0.7937296961386096
0.9635807886326867
0.09171418894673766
0.6581662890657698
0.04136217410768639
0.7331878677145669
0.5535206712047654
0.0
0.0
0.5985461546332024
0.0
0.23140812038344905
0.567405234429474
0.18305840145399566
0.0
0.0
0.309097132732428
0.42596818816375137
0.84350119119572
0.0
0.29730160400789907
0.0
0.0
0.0
0.2639013391023832
0.0
0.0
0.07424425176192928
0.0
0.0
0.0
0.0
0.0
0.0
0.4071858814296254
0.05682818803254752
0.0
0.0
0.0
0.2478266708975958
0.0
0.010762506427005603
0.0
0.35103115709960897
0.04000051943533178
0.0
0.0
0.0
0.0
0.47012074850263574
0.9442553735028016
0.9852635093919359
0.0
0.41154452086828197
0.7279271418521138
0.0
0.9997393773134473
0.0
0.9931381338858932
0.004285323606174618
0.004821942770323107
0.4966133083970845
0.693069619490319
0.0
0.6441422316595247
0.0
0.0
0.0
0.20743280122495233
0.0
0.0
0.0
0.5091380970493415
0.0
0.20223870478931938
0.2554530431106524
0.35626489194761224
0.7105484933195492
0.0
0.6774156972679756
0.0
0.0
0.0
0.0
0.8656976099674714
0.7606848945527829
0.0
0.8412669543481469
0.0
0.9998869798442291
0.0
0.0
0.08133328110507643
0.27004028573650984
0.0
0.0
0.0
0.11984507688579837
0.49915454302701856
0.0
0.0
0.0
0.0
0.0
0.0
0.2812948540336462
0.0
0.0
0.0
0.0
0.0
0.0
0.8321075299526998
0.0
0.0
0.0
0.9110548602994639
0.0
0.3301731918649945
0.0
0.0
0.06603523640662223
0.0
0.0
0.0
0.0
0.030918363437301588
0.24087906998159858
0.14984702171317232
0.631450360343669
0.0
0.0
0.8985837982165148
0.49077764771524757
0.5216852280218579
0.0348403531165874
0.0
0.04154741100729509
0.0
0.20480234948083298
0.4822448079837294
0.0
0.0
0.13859070350827873
0.0
0.0
0.10185247513773987
0.0
0.014718111999251215
0.0
0.0
0.0
0.0
0.8218462519462458
0.05807159722651645
0.0
0.4067496839796081
0.12626550664474778
0.0
0.0
0.0
0.0
0.20666586471458648
0.11069321474423444
0.08593105917335475
0.0
0.0
0.0
0.0
0.10918800732319311
0.0
0.0
0.021798047667851983
0.0
0.0
0.0
0.4811974476937433
0.0
0.0
0.07137280046945449
0.19953771750378857
0.033404466910084474
0.0
0.7873307884474752
0.0
0.1270060003130088
0.0
0.0
0.0
0.1401771136618548
0.12108085560176896
0.4221711252813771
0.0
0.0
0.3283458398888124
0.24989274845227705
0.18084070890604376
0.5499973682147957
0.0
0.0
0.0
0.0
0.6710034409055685
0.45298621893784774
0.0
0.0
0.0
0.0
0.0
0.20351775781991166
0.0
0.0
0.0
0.12385538933607565
0.0
0.0
0.0
0.16323030616675338
0.0
0.07797596140686136
0.0
0.0
0.0
0.0
0.0
0.0
0.0
0.0
0.0
0.0
0.0
0.0
0.0
0.0
0.0
0.0
0.008640785129652162
0.0
0.0
0.0
0.0
0.7236588186930153
0.0
0.24972841904962484
0.0
0.03388891760102164
0.0
0.06040695936047402
0.504520345235042
0.0
0.0
0.0
0.0
0.43445702334336334
0.0
0.40242768827571584
0.28752918439811614
0.9994319047927062
0.6151030309457692
0.2634427250389706
0.401698108674053
0.0
0.0
0.0
0.048050854476879956
0.1744246191549853
0.6473941763939656
0.0
0.0
0.0
0.28791018100036325
0.0
0.0
0.7674678276146376
0.0
0.0
0.0
0.0
0.0
0.0
0.0
0.0
0.0
0.0
0.031234480641793128
0.0
0.03534887234184625
0.2902989359803595
0.10367231823260659
0.0
0.17470275925449752
0.0
0.0
0.0
0.0444510086595451
0.05083170566058692
0.14373418976638463
0.0
0.0
0.0
0.0
0.0
0.0
0.14745592809057806
0.2503777365456398
0.27254699774351776
0.36505832365670954
0.16029174718802597
0.06626109063767027
0.7581893018279916
0.01044717809364859
0.47179853202165434
0.3468268967140242
0.0
0.22377383799818362
0.0
0.0
0.0
0.0
0.0
0.0
0.6643113272020538
0.216421925996795
0.11011315779095376
0.0
0.0
0.0
0.7597080728659303
0.2441297970278804
0.2956882603118649
0.8036650722387526
0.0
0.0
0.9937139728321651
0.8906557192190938
0.0
0.3070423761829286
0.0
0.0
0.1507099714821949
0.0
0.6736020851890978
0.831986203872261
0.0
0.0
0.06686467180068534
0.0
0.0
0.0
0.0
0.0
0.047743139852655214
0.0
0.38481767247526044
0.9954401460268771
0.12538581410348515
0.0
0.0
0.0
0.0
0.8416584170338385
0.12240857916501846
0.0
0.0
0.0
0.0
0.0
0.5634374957473154
0.0
0.9999998645189465
0.9910709364533454
0.5693679520169603
0.0
0.0
0.0
0.25395552779605524
0.04075627693414252
0.7946377001763444
0.0
0.0
0.0
0.13668017764775608
0.0
0.0
0.8136086869913083
0.12237442207516125
0.0
0.0
0.3473914043815248
0.0
0.0
0.0
0.0
0.13353592254841284
0.12180706718913059
0.0
0.0
0.0
0.2707129357091742
0.34499943406747946
0.04153000467657442
0.0
0.0
0.8672239932126538
0.0
0.21401873726586984
0.0
0.9731092856489312
0.31540032728904055
0.0
0.8928113234535682
0.008425372040985701
0.0
0.3004938180584117
0.23815726416483718
0.4591505048283372
0.0
0.9872704391236399
0.0
0.0
0.0
0.0
0.568211946650361
0.9132082330350315
0.29416323516302945
0.0
0.08296914755707785
0.0
0.17096104772577947
0.823434497881243
0.0
0.9999911302161877
0.7763360174815341
0.4335108896051263
0.0
0.4314743234662277
0.12219849123599147
0.05695151758453221
0.0
0.27739916234481377
0.0
0.4607017995451921
0.13088912906456152
0.0
0.0
0.03867495860244219
0.4649211905125681
0.0
0.0
0.8635113768054956
0.0
0.0
0.10180674148297064
0.0
0.10860075667607838
0.011622505227405933
0.0801564310847871
7.192863371419111E-4
0.2412391293992926
0.37689561426186957
0.017837318418066572
0.08695317226446353
0.9324186632163798
0.0
0.2986271597361001
0.0
0.07169143264828504
0.7671855831124739
0.0
0.0
0.0
0.0
0.2367387336653871
0.0
0.07998507933208931
0.0
0.0
0.0
0.0
0.0
0.0
0.0
0.0
0.0
0.0
0.0
0.0
0.0
0.0
0.0
0.44289996979057356
0.0
0.0
0.03654696610289321
0.0
0.0
0.0
0.47295565630607994
0.0
0.0
0.0
0.0
0.8778203528247301
0.0
0.2557030947770924
0.36165588484397726
0.9999592861208371
0.8747483637658413
0.13476899102076167
0.5850337407851031
0.0
0.24277034129225727
0.0
0.0
0.9752148475509472
0.7021025177902093
0.0
0.2531552110388242
0.782986764497699
0.0
0.0
0.0
0.0
0.0728217880199129
0.18466398843089682
0.13103106317777957
0.0
0.0
0.0
0.7096610946872974
0.0334063979342456
0.0
0.045815911746988736
0.0
0.0
0.010632495197499092
0.0
0.0
0.0
0.0
0.27476141130728804
0.0
0.13766943108724772
0.0
0.08872477844763293
0.7753636791020142
0.0
0.029791158489729463
0.04571541528543077
0.0
0.0
0.0
0.0
0.2667350240008899
0.5146128931743724
0.0
0.0
0.1996348905927553
0.03535123222376302
0.23580196427240097
0.30090618062415864
0.0
0.4953852929029299
0.0
0.22129202540461812
0.0
0.0
0.0
0.0
0.0
0.0
0.0
0.0
0.13541822688903649
0.11515160168361027
0.6281375278584163
0.0
0.0
0.0
0.0
0.654317494519127
0.846628522801466
0.0
0.0
0.0
0.0
0.0
0.0
0.0
0.0
0.7113316598510901
0.0
0.0
0.07358646031202287
0.0
0.0
0.0
0.0
0.0
0.0
0.0
0.5624962023514477
0.25026021970067025
0.0
0.0
0.16237944587616493
0.0
0.0
0.0
0.0
0.0
0.0
0.0
0.0
0.0
0.20958291079432678
0.0
0.013193428971671972
0.0
0.7309373812501578
0.6830059345886191
0.0
0.0
0.24148654259329605
0.0
0.3821833347841538
0.09475755265813224
0.0
0.43115915799878246
0.0
0.0
0.0
0.4538010039805779
0.0
0.671436816371848
0.0
0.0
0.0
0.1974038780251699
0.0
0.0
