0.46351363411622365
0.0
0.2745956509879986
0.0
0.8300909103157648
0.0
0.0
0.0
0.0
0.9081191463561142
0.0
0.08305652524811408
0.0
0.0
0.24419270124406284
0.9654570417264894
0.0
0.0
0.1961063626323815
0.0
0.18841848746183248
0.0
0.42185651630044896
0.9416608206062921
0.0
0.7798049015411895
0.23014765502459475
0.0
0.0
0.0
0.0
0.0
0.612664996248942
0.0
0.0
0.29902581991365956
0.4861367830723671
0.7111026728995683
0.0
0.7910126401811228
0.0
0.0
0.6828678132443785
0.0
0.0
0.0
0.3158169291980815
0.9394300414995341
0.0
0.0
0.0
0.6490642132076632
0.6325751502093069
0.0
0.0
0.0
0.0
0.0
0.0
0.0
0.0
0.7791006297477363
0.04521222108956609
0.5440149290904511
0.0
0.0
0.3005098162538404
0.0
0.4589503076675561
0.4712244407178324
0.1174642322933532
0.4319890033218044
0.0
0.7190158175736926
0.0
0.6816173482289166
0.0
0.18592409708563656
0.6781725066507733
0.49550642460753624
0.0
0.0
0.5234359495785411
0.8042736030710896
0.9046993786554898
0.4949049111731366
0.055759608462241636
0.5370703468680491
0.05228051112111796
0.0
0.7341014203334042
0.6697269117329293
0.0
0.9299634697443805
0.0
0.0
0.005952988811833281
0.0
0.0
0.9319133816752324
0.0
0.0
0.8973652269075963
0.0
0.09008261812018055
0.0
0.18209390710513074
0.0
0.0
0.0
0.5922357142848473
0.16292173038566315
0.0
0.0
0.41221692471313637
0.0
0.0
0.7287822118284097
0.37741064177682115
0.9014132089332314
0.45903924051511114
0.0
0.0
0.8729660212422435
0.0
0.0
0.0
0.723500640570871
0.81638337550608
0.8104086643864258
0.0
0.0
0.009338237354032546
0.0
0.23036410549408495
0.6665301631626734
0.0
0.7923653424353502
0.897855480144621
0.0
0.0
0.0
0.0
0.22597312702113337
0.0
0.07572096402319077
0.0
0.8989976674163032
0.0
0.5437122653433804
0.0
0.828245814725228
0.0
0.0
0.6371206812801933
0.5949327841775948
0.0
0.0
0.4459924661731101
0.0
0.0
0.6498980966895422
0.0
0.9672287315718586
0.8823028611873063
0.33370201423545376
0.9379281431515977
0.0
0.0
0.0
0.8009205185305152
0.0
0.6423699694882706
0.0
0.0
0.0
0.0
0.5672698976158599
0.0
0.3384689066118121
0.7963749310978678
0.3426267718741257
0.0
0.36241156910790623
0.0
0.01973143413866934
0.512294286439119
0.0
0.7333921544669674
0.0
0.0
0.7418088230002599
0.739463977356034
0.1252110538697212
0.6106837846243814
0.0
0.0
0.8984278879254539
0.5604208717331522
0.0
0.668795975672854
0.9710258847785123
0.6719351731270296
0.0
0.0
0.0769938654378062
0.0
0.0
0.9506168066705862
0.0
0.7176472645459309
0.0
0.0
0.0
0.7248421560574503
0.3125083531853467
0.0
0.8182770736060658
0.002780470347813265
0.0
0.0
0.0
0.6317122947111641
0.0
0.6186122091047527
0.0
0.21606768679646038
0.0
0.0
0.6318725105993702
0.0
0.9734656889481172
0.0
0.0
0.9636965759870164
0.0
0.8059494577515555
0.0
0.19530056444875715
0.0
0.8113849221829568
0.5912601214602027
0.21520821788656583
0.0
0.0
0.7441842272097597
0.27637219259934104
0.0
0.0
0.3940646046019768
0.19357755893650824
0.1584386990169717
0.15595646623365925
0.22421752945796064
0.0
0.0
0.919984861273339
0.3548526509774532
0.0
0.0
0.0
0.0
0.0
0.0
0.14608823569569532
0.844161112886045
0.0
0.0
0.25369163358958896
0.06126286696318789
0.4650762574589284
0.13422503498633934
0.0
0.0
0.0
0.35705132131406714
0.0
0.514649850014826
0.3506572883509293
0.7472499059098979
0.0
0.056902776357693766
0.6275502939755211
0.0
0.17350215087200915
0.3635385304750289
0.9179279875668781
0.0
0.3501490712697824
0.0
0.0
0.5401272075531921
0.0
0.0
0.0
0.0
0.0
0.40995786490950786
0.0
0.28385141650892326
0.0
0.9103591600436878
0.6443836292826532
0.0
0.9164322557289037
0.5345935807738195
0.0
0.0
0.5352523050477375
0.0
0.0
0.18965068289491702
0.0
0.0
0.5728868632858238
0.9494441363223572
0.8501473299549138
0.9194248612218133
0.0
0.0
0.0
0.0
0.0
0.0
0.0
0.0
0.0
0.5598544876722095
0.0
0.22783682112322182
0.0
0.0
0.8663540927282221
0.8927785382114098
0.06464098029976095
0.0
0.9929016635219405
0.26744025423927686
0.0
0.0
0.7725169352585981
0.5296405952566262
0.0
0.0
0.0
0.7008484990854071
0.0
0.0
0.22041953944553463
0.0
0.21480082332008285
0.3844670907003662
0.0
0.8558577110212967
0.5746029639527142
0.0
0.1099104401107314
0.0
0.29900175827989994
0.0
0.1628389022030683
0.0
0.0
0.0
0.5339479495510185
0.0
0.0
0.0
0.0
0.6261820038602444
0.5708425923141152
0.0
0.0
0.8841683665190239
0.43798522091239217
0.0
0.0
0.0
0.0
0.669992561916196
0.0
0.9417396456334658
0.8323286726331443
0.29640228884462044
0.0
0.0
0.7915441859786296
0.10545083058082363
0.37802431805302894
0.629738939195453
0.0
0.0
0.0
0.0
0.0
0.0
0.0
0.0
0.7629826771833345
0.0
0.0
0.0
0.3848825054561963
0.0804111171043403
0.7528224890779168
0.0
0.0
0.004109756866885561
0.7614250070236271
0.14648656338190616
0.5189646896208115
0.9960837664951174
0.0
0.0
0.0
0.6798520613401325
0.7696582060092115
0.0
0.47078558160035805
0.0
0.0
0.9226368008120743
0.41085182018097294
0.6734568379542563
0.35300336918723896
0.0
0.2922783094297495
0.04751320998265338
0.0
0.22051150616011234
0.0
0.3380784070224427
0.0
0.6624419166631138
0.0
0.0
0.0
0.5654106103971531
0.9406659483448515
0.18864405000118867
0.8839166331771581
0.0
0.0
0.2740688057707322
0.0
0.38948549459525933
0.6076396808808148
0.409890824069128
0.0
0.8528836199572378
0.14191404455717904
0.0
0.0
0.6012108488410077
0.003478291214653489
0.8548321540935856
0.3263849462418819
0.8264840960612666
0.22097208076954386
0.0
0.4233483366908828
0.7187931857762315
0.0
0.0
0.0
0.0
0.856628245812482
0.05055563666846131
0.0
0.14245023122009978
0.2778895903593664
0.9981260244847564
0.0
0.0
0.4746788407625775
0.0
0.0
0.0
0.47515607372967994
0.0
0.5735599113173901
0.0
0.47871113608671156
0.0
0.0
0.0
0.16647566058583235
0.0
0.06949149818953607
0.536334184739155
0.0
0.1753813347597892
0.25658838589751604
0.4547019949484674
0.0
0.0
0.6480866234245555
0.6456804124754023
0.3220832019109728
0.0
0.1668493079555573
0.0
0.0
0.22330355759595416
0.0
0.0
0.7198539713321822
0.3673829280922604
0.0
0.0
0.7591403362292443
0.9582446513683418
0.0
0.6751283366932385
0.0
0.907318109871102
0.2842207518233682
0.0
0.1662896968584073
0.0
0.595068998344372
0.8475170249925673
0.0
0.15516238486427456
0.0
0.0
0.0
0.0
0.0
0.9843702964263275
0.2933956298537884
0.0
0.0
0.0
0.42683474549720285
0.0
0.0
0.0
0.43505833310542846
0.17767226008998901
0.0
0.917761525455951
0.23373637157958957
0.0
0.9897140404876246
0.5956467610958651
0.9036226844426339
0.0
0.0
0.0
0.0
0.0
0.5159959999327909
0.0
0.0
0.0
0.6017409268364478
0.0
0.14532220029031429
0.0
0.14103907181756412
0.6262716148739997
0.8278780179637093
0.0
0.0
0.20345647238432063
0.0
0.0
0.0
0.0
0.28162982231188516
0.0
0.8050749798243073
0.0
0.0
0.5674398371972611
0.0
0.0
0.654787356994097
0.0
0.0886271315322702
0.7685214672734035
0.0
0.0
0.29713085037099324
0.7909466551679163
0.8377881700590724
0.5952527654387795
0.0
0.0
0.0
0.0
0.33389562160102665
0.7177459913341054
0.9445589988997901
0.7144807927752372
0.0
0.0
0.0
0.406736191562287
0.946447081345053
0.0
0.0
0.0
0.06176896806949021
0.3148684318123216
0.0
0.0
0.35428084764706447
0.8316755773826439
0.0
0.5044228278793087
0.0
0.0
0.4677624580740271
0.0
0.0
0.7450566497051009
0.18849954422128262
0.2832004177306407
0.398089679758986
0.292316252135397
0.0
0.0
0.6086282384583102
0.560157467064953
0.977898982786967
0.0
0.0
0.0
0.9896414415383885
0.0
0.9887634419191786
0.0
0.0
0.0
0.16468311899384472
0.787220643899629
0.0
0.6793900277209879
0.0
0.22850144498296798
0.0
0.0
0.9729540147527606
0.0
0.0
0.0
0.0
0.265918479455341
0.22388902279068615
0.0
0.0
0.0
0.0
0.0
0.0
0.0
0.4946814540563291
0.00822243480821456
0.0
0.0
0.0
0.1592358224203113
0.4454088635028079
0.0
0.2663401911627168
0.5789703316555468
0.9838623534772035
0.8626416642575825
0.0
0.0
0.3354273063399563
0.2885611579674166
0.007102539023033301
0.0
0.0
0.0
0.0
0.6542171159181709
0.0
0.79019270543721
0.0
0.7942460027601854
0.0
0.8191048963084956
0.0
0.0
0.2939007093090362
0.9277376035363841
0.0
0.8326567978832834
0.0
0.8194415516938723
0.0
0.9413722285219918
0.5804066369034162
0.0
0.6578766389614656
0.0
0.0
0.0
0.0
0.0
0.0
0.0
0.3533927336016738
0.0
0.0
0.12256437892876379
0.0
0.5952686769704457
0.0
0.27459958501732734
0.24340806277338345
0.7976242207730064
0.7308885797902518
0.9311983721415855
0.0
0.6617996468933401
0.5549159794529719
0.5622777588983238
0.0
0.0
0.23259909825658767
0.0
0.0
0.7185052588474322
0.0
0.12927808188381498
0.0
0.4800125808464633
0.4125742136052052
0.7655914698514752
0.4587819937066536
0.2688575558862142
0.0
0.09769684494468628
0.8791333921252951
0.7151913068051273
0.8955159703863347
0.0
0.0
0.0
0.0
0.0
0.0
0.019412233503267155
0.9637493236405718
0.22967685790607648
0.0
0.0
0.0
0.0
0.0
0.1421716907757443
0.0
0.0
0.0
0.0
0.0
0.0
0.0
0.35398103274231013
0.6927534697402786
0.40038676850163896
0.0
0.0
0.0
0.3751756556115785
0.0
0.0
0.6411519137059625
0.0
0.0
0.5459236116166392
0.15140639324879707
0.27815303122622326
0.0
0.0
0.0
0.0
0.0984637201563766
0.0
0.6503017330632196
0.0
0.0
0.0
0.0
0.0
0.0
0.6346877804151522
0.0
0.0
0.0
0.13905750356753976
0.0
0.0
0.25080922359141267
0.37592336520586356
0.0
0.23392558393266688
0.0
0.9217858684639347
0.0
0.23934963635837408
0.7876297348685922
0.1995864624727489
0.3670773403078963
0.0
0.0
0.3921763148687681
0.0
0.11979319758378222
0.2887253300929907
0.47734938082847544
0.0
0.0
0.0
0.0
0.0
0.5289365926701315
0.0
0.22604121636104063
0.9785339486380361
0.0
0.0
0.0
0.0210688043235383
0.01072511121604748
0.8819047903326512
0.0
0.7089679092553469
0.0
0.0
0.06861976924885775
0.0
0.0
0.45515019535821166
0.6580822617533812
0.5159358140414728
0.7652842003599752
0.0
0.7292862639565663
0.4478661555502474
0.6438160567161462
0.2636236832903587
0.3527543413102846
0.0
0.0
0.9924463669226221
0.0
0.09404495214762389
0.0
0.0
0.8654044357917855
0.0
0.0
0.4916783242606777
0.3791767365100634
0.0
0.0
0.0
0.0
0.0
0.5593747534216144
0.0
0.0
0.5268310297718632
0.0
0.4737705058209448
0.012782891780471001
0.4270970304115964
0.41348820234897754
0.0
0.0
0.6288251284115532
0.0
0.8032737201712593
0.0
0.0
0.11818498527639196
0.39673700964376896
0.9423403347613305
0.0
0.0
0.0
0.25221005682018943
0.0
0.0
0.0
0.0
0.0
0.20855716808783895
0.39964133648910233
0.0
0.0
0.8126704231551649
0.0
0.0
0.3686671546900882
0.5695969240655889
0.0
0.0
0.856329210274775
0.0
0.8828317225045962
0.0
0.0
0.0
0.0
0.7305275724656127
0.0
0.0
0.0
0.09250952475152814
0.5794613479997222
0.0
0.5915527491841897
0.0
0.0
0.012431703407872693
0.6707096851086264
0.7258543878099628
0.0
0.4612928629875049
0.6563516204385678
0.8117487248334517
0.7588075521661292
0.0
0.21004798208547218
0.5221209396829342
0.4756306269089768
0.8755192703006143
0.0
0.0
0.6679560060954046
0.0
0.0
0.0
0.0
0.8607803785736192
0.0
0.6282229154687091
0.9176086917004298
0.0
0.0
0.9321820155405877
0.4103245496069125
0.257226671297852
0.7276456221165089
0.0
0.9916678650144587
0.0
0.43100684702605563
0.6919476858144019
0.0
0.0
0.0
0.0
0.0
0.0
0.0
0.0
0.9632741230655382
0.19801282258150127
0.3167717237999181
0.15343180324204195
0.042396860976658596
0.0
0.0
0.41609653850795486
0.0
0.1649670787881033
0.0
0.0
0.0
0.0
0.0
0.4166377111636133
0.6124577491409746
0.0
0.0
0.0
0.5848932790990039
0.0
0.7093439982535193
0.0
0.0
0.8256577316250728
0.0
0.0
0.0
0.3009846026364107
0.23943548780723753
0.09916007973705447
0.0
0.0
0.0
0.18508101513406142
0.2706508011328018
0.0
0.0
0.2497938333666966
0.0
0.36363044108904025
0.3288669984140633
0.0
0.8492062127352388
0.0
0.0
0.6781131164204983
0.0
0.8557103704231452
0.0
0.0
0.9329211550193861
0.2215969710842872
0.33735076956723925
0.23229386641440405
0.6241456131958808
0.0
0.0
0.0
0.0
0.0
0.2474947765544724
0.0
0.0
0.5229490128744537
0.0
0.22947741906928254
0.0
0.0
0.8344710283264384
0.7666654795818962
0.0
0.0
0.050573328133510745
0.5535837856540381
0.6559032853549175
0.0
0.0
0.0
0.0
0.35035522300547495
0.0
0.0
0.0
0.0
0.8715525168128806
0.0
0.0
0.985685195133447
0.0
0.0
0.4759469084063613
0.0
0.046316276428569794
0.0
0.24114567096030087
0.9378821938502103
0.3944365048807701
0.004981775323905296
0.5901930504116149
0.0
0.0
0.0
0.0
0.3674234154954543
0.14814248884080913
0.0
0.0
0.4494336170110639
0.2086575566679428
0.5764331786004259
0.0
0.0
0.0
0.0
0.720780678383066
0.6156857850426632
0.0
0.7188306025393947
0.5238051366332505
0.0
0.23448293097619116
0.48161814880026577
0.0
0.5913250095008186
0.7543361446493806
0.42215746482364436
0.0
0.0
0.14775023377126337
0.8544818628947125
0.0
0.0
0.4651685657172564
0.7439185386629018
0.0
0.0
0.0
0.47210937093235184
0.31074843969889887
0.0
0.0
0.10223331841332098
0.0
0.09357439609094935
0.038863817107442605
0.0
0.6123751289986353
0.0
0.0
0.0
0.0
0.7526584543547706
0.0
0.0
0.0
0.6886290711634482
0.0
0.0
0.3556461669415323
0.5845786704690494
0.3449252516523996
0.0
0.4419040448921222
0.5157350333834189
0.0
0.5364886920122123
0.0
0.0
0.1901428530160406
0.6618180008756136
0.0
0.0
0.0
0.799008822469618
0.0
0.0
0.0
0.715691267708792
0.0
0.38118068431604835
0.5710473117461663
0.13473635733224792
0.0
0.3647619448385777
0.5085335652063441
0.4251345003061891
0.7537297221774977
0.0
0.0
0.0
0.07437242536270537
0.0
0.0
0.0
0.0
0.0
0.10956795767269123
0.5695449572236485
0.14961367546426393
0.0
0.011126910569411813
0.0
0.6423879082853042
0.0
0.42021917573104134
0.8559381648403724
0.07613860701197517
0.0
0.2376182191934554
0.7475066992273433
0.0
0.28102694269596445
0.0
0.6138402147561618
0.0
0.0
0.3940766933208664
0.0
0.0
0.013130336694234024
0.0
0.0
0.24101575071076584
0.14537437910519838
0.0
0.21003322775807182
0.0
0.0
0.6838898067889919
0.27418589351665656
0.07374414697451301
0.8640785474767402
0.0
0.0
0.0
0.0
0.0
0.8902576862744354
0.0
0.0
0.0
0.3790636249402204
0.0
0.0
0.0
0.0
0.0
0.0
0.0
0.5854205622756424
0.5120246955445188
0.0
0.610587758873792
0.4258688381680578
0.5655706385054415
0.0
0.0
0.5664660974924914
0.0
0.0
0.0
0.1417669539213223
0.0
0.27019508109034435
0.0
0.0
0.0
0.0
0.0
0.5977504334206778
0.21649853115777515
0.0
0.7062394592638406
0.0
0.4181588293786969
0.7969802853941088
0.44855181468664795
0.0
0.0
0.0
0.0
0.8894868940871312
0.9630304602041052
0.10396517611599874
0.6519791658446281
0.0
0.45622533991679226
0.7352163918801283
0.0
0.0
0.8143043253451063
0.6222676573247315
0.0
0.751064914598496
0.0
0.0
0.0
0.0
0.6144423460540218
0.6740502371944112
0.0
0.5510386230461827
0.42735374458305825
0.3389483685065849
0.0
0.0
0.0
0.0
0.0
0.0
0.18077585667597076
0.0
0.8061599050873688
0.4494005532006135
0.0
0.5559139462650279
0.0
0.682878218469433
0.6139667088921426
0.0
0.0
0.7395661947803347
0.4590319755178712
0.5284325781497603
0.6082737709121009
0.0
0.0
0.0
0.9052074705217441
0.024603195242267492
0.871038299993507
0.07003925475645141
0.0
0.15127108383753118
0.47822841401175226
0.2730458011732771
0.2616981578966298
0.06642033959920202
0.0
0.0
0.9838979989922669
0.0
0.7413963492326554
0.0
0.0
0.052476143227992426
0.0
0.9864317284540466
0.4858879856407836
0.0
0.48987943144085894
0.3687011180399379
0.0
0.0
0.0
0.0
0.0
0.0
0.0
0.11662998087916608
0.7895311594031155
0.0
0.0
0.6696713673046547
0.4694119402441664
0.0
0.0
0.5578482367576023
0.0
0.8978630583911088
0.0
0.0
0.0
0.0
0.0
0.0
0.0
0.19176561316481122
0.16464093355489526
0.2287520338918415
0.9018903571559068
0.0
0.6154914066540857
0.8074118420413373
0.7976736187468605
0.0
0.07126464723594013
0.025728786879201465
0.0
0.0
0.0
0.1703900352079213
0.0
0.0
0.0
0.9976676031633611
0.0
0.0
0.08896761823976163
0.0
0.2719846821427383
0.6183270771256772
0.0
0.0
0.0
0.5505829107870508
0.589938367564597
0.0
0.0
0.6195942333697186
0.8411549404544351
0.0
0.3892154800147485
0.5823232257233077
0.0
0.0
0.0
0.7055564643238026
0.0
0.1567288799193346
0.0
0.0
0.505746350972903
0.3187094161601251
0.0
0.0
0.8338147574465592
0.8471936686266085
0.0
0.0
0.8618736276119299
0.9449075692070009
0.0
0.0
0.8456189946680102
0.4007501165689706
0.7600360153733526
0.5857975699207254
0.0
0.0
0.0
0.0
0.0
0.0
0.0
0.27551121136901147
0.0
0.39856016718076553
0.0
0.0
0.38712396233549695
0.9225145422763479
0.0
0.6808864620413068
0.0
0.0
0.26563137269224696
0.0
0.0
0.0
0.706567619562037
0.0
0.009701016998928695
0.5907113007769916
0.5896505302662058
0.0
0.2414820583291718
0.0
0.0
0.48467672132544687
0.0
0.0
0.8032124063313015
0.0
0.7503107562403928
0.0
0.0
0.20755903212988955
0.0
0.0
0.9078591971368786
0.0
0.8554898008725372
0.0
0.0
0.0
0.0
0.721642799381196
0.06965922114124873
0.3918014395930834
0.0
0.9928357134919038
0.9723669136735856
0.6585719560200508
0.990855466439235
0.0
0.0
0.712017502774635
0.0
0.22266685583375118
0.37221601942289534
0.0
0.0
0.12111212213241992
0.188689233059176
0.5198934986112823
0.6147162286787288
0.09189167838471642
0.0
0.0
0.0
0.11655129575747797
0.8631674177011992
0.0
0.0
0.0
0.0
0.30757723605300347
0.7062585072063907
0.0
0.683536875635305
0.0
0.5948452870190419
0.6148272885565169
0.0
0.016367708639408472
0.0
0.0
0.34542769096727033
0.0
0.0
0.0
0.0
0.09106890784946237
0.0
0.0
0.28669780024759856
0.0
0.011108683107255692
0.5331610766727927
0.2943959860921303
0.0
0.6662571108092586
0.3677432056352023
0.0
0.0
0.8644045286835912
0.559101426380309
0.0
0.0
0.1756109017475762
0.0
0.723946197382549
0.0
0.300285546883708
0.0
0.0
0.21951716596672463
0.7368161881310274
0.021368052916475918
0.3843586285308344
0.7751724874631591
0.0
0.2008228778205551
0.0
0.0
0.2066362788747676
0.0
0.0
0.0
0.3075961332239924
0.0
0.0
0.7617898832122179
0.0
0.042286564827047096
0.0
0.0
0.0
0.0
0.0
0.8769781315395112
0.0
0.0
0.6553222950669293
0.0
0.024030241577687177
0.0
0.0
0.0
0.749652704035655
0.0
0.0
0.286211271987245
0.10599915731724514
0.05854976185270971
0.0
0.0
0.0
0.0
0.8265024526398141
0.1629251668792421
0.0
0.0
0.0
0.40871361898040814
0.38597716829701606
0.0
0.0
0.24495263727068403
0.8986801677302337
0.8835860661945436
0.3652441782816294
0.6519274371265564
0.0
0.0
0.745150164478667
0.10107513028143757
0.0
0.0
0.0
0.0
0.0
0.7201009312724639
0.610429777107367
0.0
0.9948855773151546
0.0
0.0
0.23393252693326638
0.962162893657424
0.3003592993853899
0.0
0.0
0.7241290882831787
0.8867325697887753
0.0
0.0
0.0
0.5486755356341861
0.16096991954667458
0.0
0.0
0.0
0.0
0.0
0.5252575625445963
0.0
0.1020889379746989
0.0
0.6783091471283988
0.0
0.0
0.0
0.0
0.0
0.0
0.6659847593854732
0.0
0.9739005577446032
0.0
0.6651023951087195
0.0
0.0
0.0
0.0
0.5782061589863063
0.3592377128592503
0.0
0.0
0.20533799837726574
0.0
0.0
0.0
0.0
0.0
0.0
0.0
0.0
0.0
0.46785776706211074
0.0
0.28928039448971127
0.6296385109993894
0.0
0.0
0.03639841498573568
0.5795097516267359
0.0
0.17863613305095866
0.06682429580504151
0.0
0.029179440013239893
0.0
0.0
0.6248492450115071
0.4622518518155247
0.0
0.2019438285199631
0.0
0.0
0.0
0.03202349246411085
0.3415930873560589
0.9996290060121251
0.0
0.0
0.0
0.0
0.38178916250275163
0.0
0.0
0.8751727718852793
0.0
0.4259150995939263
0.0
0.0
0.8870874388176134
0.0
0.36091831615962455
0.5807080428233045
0.30317142353181786
0.05734622979302956
0.0
0.0
0.3328864370019715
0.9384725434767531
0.0
0.5995718841552983
0.7529058922046231
0.0
0.4925220740067879
0.0
0.34540837059158147
0.5916645978067416
0.010836452014839343
0.0
0.13626576102237967
0.43407502337347714
0.0
0.0
0.3444546014731503
0.0
0.0
0.0
0.0
0.5613903331200052
0.0
0.052301652266097697
0.7043146821843462
0.0
0.2997766879411094
0.0
0.0
0.5037613989476574
0.0
0.0
0.5150446516895699
0.19441700442234813
0.48203798846317186
0.0
0.7835610919031393
0.8678369391894303
0.0
0.5847436583252549
0.0
0.6669750285458793
0.0
0.0
0.7338173090383713
0.0
0.22368416243393494
0.8344939954189916
0.0
0.0
0.0
0.0
0.9602300521149386
0.5208836550674344
0.0
0.4823451315714173
0.0
0.0
0.1698274261575239
0.6843086151532431
0.0
0.0
0.0
0.5150359544619358
0.0
0.7434432433468371
0.1597693878695313
0.0
0.458951554532706
0.0
0.9121456489394014
0.6327423636189385
0.0
0.0
0.8506123384174545
0.0
0.40277194227306223
0.0
0.5392207723521976
0.7317619964790397
0.12428616737889993
0.506773906486418
0.0
0.0
0.4196271275305698
0.5454853002441115
0.4527202731841089
0.0
0.9195213328134174
0.6605680762312007
0.06028617249519499
0.0
0.0
0.0
0.0
0.0
0.0
0.6152810221286406
0.0
0.0
0.8631331202152189
0.0
0.28745949684286426
0.10727333983614684
0.0
0.37712419108369616
0.594751664104322
0.15967044769624528
0.0
0.05498606985445903
0.36677604054614615
0.41695603076370014
0.0
0.928121492759764
0.0
0.046767897958456914
0.11494111501789228
0.10783855225285058
0.8990296135272101
0.2477462967919296
0.0
0.0
0.4806916090951544
0.0
0.9555034387474933
0.0
0.19874736297983436
0.0
0.6167002431116503
0.0
0.0
0.0
0.33928947340302373
0.0
0.0
0.4926714084877519
0.0
0.0
0.0
0.20067095893495024
0.9749520667664799
0.924417356912494
0.6443422832546366
0.7154472623840324
0.0
0.0
0.0
0.5332447703333738
0.2215742991995301
0.994720411883131
0.0
0.0
0.08705942736588562
0.0
0.8713300187532391
0.9571499624405068
0.0
0.0
0.42590250917277583
0.4714802187607313
0.4551791540704553
0.0
0.0
0.0
0.0
0.0
0.10816992277336396
0.0
0.8433767099811165
0.0
0.3079770669938229
0.0
0.0
0.6568451574798644
0.0567227472321572
0.0
0.0
0.0
0.0
0.0
0.7500798260049119
0.0
0.0
0.4245884001299936
0.4475465932136082
0.0
0.23655769657763737
0.0
0.6397324680502238
0.0
0.3499415317944716
0.9733893142954878
0.03837369244283648
0.0
0.0
0.21206928593347996
0.9501493881909846
0.0
0.0
0.8552702322268181
0.836941123102383
0.09024960646415635
0.0
0.5782584749933942
0.0
0.7042927996821746
0.23030308224320886
0.8147232101800318
0.7023039904005383
0.0
0.0
0.7801648933690878
0.0
0.2788378297421683
0.0
0.0
0.779007404372078
0.0
0.0
0.0
0.0
0.0
0.2670417977967512
0.018324490926710343
0.0
0.19859549884731
0.0
0.0
0.0
0.581193201762571
0.0
0.8009902475281608
0.0
0.9983182615910633
0.46151360765543503
0.0
0.938462937915269
0.0
0.0
0.0
0.0
0.883166267677412
0.859314101895922
0.0
0.0
0.4242071566499132
0.0
0.0
0.7040138832983173
0.49085844475257473
0.7697662687964455
0.0
0.0
0.0
0.0
0.45553177067810735
0.0
0.4955546846730312
0.051864252600126455
0.6105532595807888
0.13284696782413724
0.0
0.007777038125942513
0.7221405024438976
0.0
0.0
0.0
0.0
0.0
0.0
0.24313964211643305
0.4059244645515189
0.0
0.0
0.27905871400252563
0.0
0.0
0.45136017758582225
0.12896268856481133
0.0
0.0
0.9889176247419305
0.6432355832811739
0.0
0.0
0.0
0.7349852712358202
0.0
0.0
0.0
0.0
0.40551617168969534
0.0
0.5956872703266477
0.0
0.0
0.0
0.46001571929080015
0.0
0.0
0.0939901311803709
0.300544094773581
0.0
0.0
0.0
0.0
0.961917024609506
0.0
0.4782102094690796
0.0
0.9010065470175731
0.5028215136527083
0.8731996068252965
0.0
0.3323804975124615
0.8621200057914996
0.0
0.0
0.0
0.0
0.5167850996891713
0.0
0.0
0.2142790031520533
0.0
0.0
0.8892691153904714
0.0
0.6933041538176343
0.4221766939560744
0.0
0.880865704620978
0.5962728492144129
0.9421261646278318
0.48534769695216656
0.6218101669538445
0.0
0.8584158328097315
0.0
0.0
0.516269470381214
0.8387249364596382
0.8539998050132543
0.0
0.0
0.2213645114240103
0.0
0.0
0.0
0.0
0.0
0.4265304454582559
0.2102116589599528
0.21878943457939462
0.0
0.128341544606073
0.0
0.5674163782523627
0.0
0.6302784132733585
0.33591793886507915
0.06745143926760562
0.06589994812122055
0.0
0.0
0.16713505089455066
0.0
0.7450988211900331
0.0
0.0
0.04482838753969692
0.6952549663577353
0.0
0.3422651579025025
0.31836252599705
0.0
0.0
0.5728982113404703
0.0
0.7076857966405082
0.475264773385846
0.12781831855780482
0.7401806861216155
0.20837108959921552
0.820363212020663
0.8230108361358942
0.9191156325105017
0.0
0.0
0.0
0.0346994150206591
0.733550380924457
0.0
0.1023112760439188
0.64992086874156
0.7621412394052506
0.0
0.08763641002144833
0.0
0.0
0.16197538916890028
0.0
0.28376868331096794
0.4144361048416767
0.6303571287458755
0.0
0.028727856222919516
0.8449592057141502
0.0
0.10347882558980022
0.5469467512476732
0.5714751380846314
0.8719551221558841
0.0
0.9310036302300594
0.6418808148276433
0.9573419752645903
0.14058521571062946
0.876146680544369
0.7362822665982869
0.4030349471052417
0.0
0.0
0.0
0.4024076275020752
0.15219811607632078
0.6861670268026187
0.0
0.894446393322915
0.0
0.11919568248905472
0.0
0.23610214337270186
0.8292340321273841
0.0
0.0
0.5400158433702822
0.0
0.2976113156126577
0.0
0.8398706292120665
0.0
0.0
0.0
0.37412930560845464
0.0
0.6987040428396255
0.0
0.7944376063441899
0.18287336417545255
0.0
0.0
0.727693427856276
0.0
0.0
0.9471086959537242
0.8018006274740198
0.6500506295080009
0.0
0.0
0.0
0.0
0.0
0.6623157016149656
0.0
0.0
0.5222150718495387
0.47257338826491396
0.5332122886737086
0.0
0.6547695636201297
0.0
0.0
0.0
0.0
0.1683141007244766
0.0
0.0
0.3288000169135225
0.0
0.0
0.0
0.24070112514868275
0.0
0.16781096645913146
0.579674246402789
0.8790947094704548
0.542277887246588
0.0
0.7413379408176546
0.0
0.3349757817356176
0.0
0.042182983700635196
0.0
0.7584681026173928
0.0
0.958187360019159
0.0
0.9924655270806862
0.0
0.650880117618595
0.6978385417051757
0.6317461851529195
0.0
0.5128975368748802
0.8384682996500198
0.0
0.05527707941870266
0.0
0.0
0.33450760953334846
0.0
0.2841887702863147
0.0
0.0
0.23058726832364293
0.27359715989643674
0.5787616868601362
0.0
0.65051203040874
0.0
0.4167932776541066
0.5560610777644922
0.0
0.9731987543259304
0.0
0.0015308852933737394
0.0
0.0
0.30690286437539255
0.0
0.0
0.7966278764547341
0.3021238594250686
0.0
0.0
0.7219695587878101
0.4372531214352906
0.2414804184812551
0.04485333312299256
0.5096995838520207
0.557103546507832
0.33439539094857185
0.0
0.0
0.0
0.3840079308430846
0.8226711785553527
0.0
0.0
0.2664862829635953
0.0
0.0
0.0
0.0
0.7032016141956103
0.0
0.0
0.0
0.0
0.0
0.0
0.007453372251739952
0.673013568905452
0.15749829398705667
0.0
0.625864869696589
0.0
0.0
0.6480859402580662
0.0
0.6519206320880966
0.6999347020042691
0.8822453740816326
0.8552047439752599
0.0
0.6295336902846276
0.10696590736614388
0.8440767166034306
0.9068380798733505
0.11818138008352005
0.0
0.6641241434091901
0.0
0.7491687725038058
0.6122737572975656
0.0
0.5410963968151213
0.6762995766444893
0.0
0.0
0.5310173114348917
0.0
0.8307281540087166
0.0
0.0
0.3678974687731315
0.0
0.8760718334923103
0.656779912080032
0.7315781427065894
0.0
0.843180487719477
0.0
0.0
0.5241240103099062
0.0
0.0
0.0
0.01089648591595896
0.9503359154712281
0.0
0.8829544917128465
0.0
0.998587482286082
0.0
0.0
0.15046556866806762
0.17449843502930848
0.0
0.0
0.9299572153138884
0.0
0.3983331059363433
0.0
0.0
0.10603390732357562
0.884905661611662
0.9276872582231862
0.048270477635279016
0.4267356618084676
0.2583046397499664
0.0
0.0
0.0
0.15112532915806487
0.3936924481304786
0.3801755822282791
0.0
0.0
0.8299205667198918
0.25811968673959096
0.0
0.0
0.0
0.626721774597214
0.0
0.0
0.0
0.8492814712832609
0.0
0.0
0.646673145842733
0.0
0.0
0.0
0.16972773033722413
0.0
0.0
0.0
0.0
0.0
0.0
0.0
0.0
0.0
0.13441030174986004
0.0
0.3749690669984567
0.6976989278763387
0.474166057506738
0.0
0.19031093130076454
0.9486213010037959
0.0
0.0
0.0
0.0
0.0
0.0
0.0
0.0
0.0
0.35123431656313486
0.3256819480080056
0.0
0.7622161777327329
0.0
0.591405322675791
0.0
0.562655905322976
0.0
0.0
0.0
0.0
0.0
0.0
0.8303613757563794
0.0
0.8258685048808418
0.0
0.021596859174009417
0.12276089331084812
0.0
0.0
0.57138159986253
0.0
0.0
0.0
0.0
0.5647110015843873
0.7918504249277937
0.6532880732071429
0.0
0.0
0.09873089912616603
0.0
0.25180547974806167
0.8121641227605212
0.8613174941809973
0.0
0.0
0.0
0.29981545011685756
0.0
0.5958290238252425
0.022047719843347153
0.21678028586475243
0.0
0.0
0.6176257766743196
0.2056378141535283
0.05741484896111615
0.0
0.40843219627298266
0.0543879340652954
0.8206163767159473
0.0
0.0
0.0
0.0
0.0
0.15168400435664822
0.0
0.8484209628232205
0.6829213252848856
0.0
0.0
0.2778239877520967
0.04644153440384542
0.0
0.5305931686767075
0.25343185035761895
0.0
0.0
0.2741085017706224
0.0
0.0
0.0
0.0
0.6042563780190852
0.0
0.0
0.0
0.8673376822533404
0.0
0.0
0.0
0.0
0.6359569898632763
0.8276008106426533
0.0
0.5013448020294309
0.0
0.13685001116684636
0.0
0.0
0.356515334364053
0.0
0.0
0.0
0.08540627990415788
0.0
0.0
0.8237808068425374
0.37404872614756884
0.7572941545219668
0.49216213056705765
0.0
0.0
0.5487463678657547
0.0
0.0
0.0
0.0
0.0
0.0
0.9272457307016262
0.0
0.6909336150146271
0.1780234696279945
0.7518423026125064
0.09984158211418576
0.0
0.0
0.8796195639115346
0.0
0.0
0.0
0.5986415833384081
0.0
0.42922146852964427
0.2244490351434967
0.412869622979467
0.0
0.8522714765977422
0.0
0.25590080269041016
0.0
0.0
0.8141944266600328
0.0
0.9178230235579913
0.0
0.0
0.97210237798243
0.1890410936206639
0.0
0.47650048242046317
0.19819344986493437
0.0
0.0
0.0
0.5914628385061332
0.0
0.22390075026400227
0.8432932338870183
0.0
0.0
0.4846620730461596
0.8686851824428493
0.0
0.0
0.0
0.0
0.0
0.0
0.7849910517730113
0.0
0.8289586377198753
0.0
0.0
0.07075918386978639
0.9092360780761581
0.838808979728429
0.0
0.0
0.0
0.5864224606232474
0.0
0.0
0.30368328546172957
0.0
0.13396916849409046
0.6143753486767007
0.0
0.0
0.0
0.014313678034314534
0.7456843458185859
0.0
0.0
0.0
0.9327353181484148
0.06276602477734691
0.0
0.0
0.33729431470737875
0.08563807034402227
0.0
0.7940993417198022
0.0
0.0
0.0
0.0
0.8971198998680854
0.0
0.4631253181219632
0.6202341387484004
0.07623802159333644
0.9457144852143984
0.10115152520152061
0.0
0.5288462603749363
0.24934474212922914
0.0
0.0
0.0
0.28714964286895667
0.6512223231648988
0.2984746901349895
0.738573783901733
0.0
0.6383045033357891
0.7118320241215896
0.1198732426806404
0.4136905318701794
0.28918559682759165
0.22390825904304404
0.0
0.5837675633037568
0.05961447319830227
0.03412175232822096
0.269065862211544
0.0
0.0
0.666676016717639
0.0
0.5988670026077957
0.0
0.009323371605999678
0.69173214007634
0.7740554698841612
0.0
0.0
0.31581621412185534
0.2240901196382935
0.08122431757486208
0.5250088582448206
0.0
0.3540444078624064
0.3111412989376754
0.24562600596127077
0.0
0.0
0.0
0.0
0.0
0.0
0.0
0.0
0.8950030624250299
0.0
0.0
0.0
0.0
0.0
0.0
0.0
0.0
0.1170840617543909
0.8984066855517413
0.3478833249424891
0.8750438998896223
0.4860516108669803
0.0
0.0
0.7600614111119238
0.6006945791046107
0.0
0.5821973511382692
0.0
0.5458907951269977
0.0
0.0
0.8747590771541677
0.28104649900576806
0.0
0.0
0.137944164468142
0.0
0.0
0.0
0.0
0.0
0.0
0.0
0.0
0.7975645969310362
0.0
0.0
0.0
0.0
0.9393352765260672
0.0
0.0
0.31291017040610186
0.0
0.0
0.0
0.3050895821955338
0.0
0.5268367440271187
0.7105385368569305
0.6516677390715863
0.0
0.0
0.0
0.9313766371055031
0.6807699047814676
0.0
0.0
0.041010310564252764
0.0
0.0
0.42526079975879055
0.3697860736205925
0.0
0.0
0.0
0.0
0.0
0.0
0.0
0.0
0.0
0.3370479296331539
0.0
0.0
0.7444887370960511
0.0
0.17433588773608233
0.29925533267884386
0.06209542494291314
0.0
0.40435084728928916
0.0
0.6637991524171044
0.0
0.0
0.9382070191254546
0.0
0.0
0.0
0.6080776625940196
0.0
0.9594669591985077
0.0
0.0
0.0
0.7663585507807279
0.7046211933698948
0.27503952492974615
0.0
0.7884746979325522
0.7187475999749421
0.7933934381790708
0.0
0.0
0.0
0.0
0.0
0.0
0.0
0.5334727242994367
0.0
0.6620969814492377
0.0
0.4577920459049477
0.33678008922108044
0.0
0.0
0.937805581913707
0.6889897192843925
0.4623066124372682
0.0
0.5812490275029782
0.752486613410887
0.0
0.8816260541984381
0.3911669117608033
0.20477118103920122
0.4733580873828205
0.1198308212987747
0.0
0.0
0.0
0.0
0.0
0.0
0.0
0.9981054969907274
0.7245286710666747
0.3021908370327665
0.0
0.4696865263157564
0.8163608611785055
0.553781333860024
0.0
0.4250494416811567
0.9149656569494662
0.8115538556576425
0.0
0.0
0.0
0.0
0.1857307377469422
0.18698711412131283
0.5252808955676966
0.0
0.5494809091612713
0.0
0.4525144287091075
0.09453426796296405
0.6540020006695676
0.0
0.0
0.9047738414414777
0.6188259809447695
0.0
0.0
0.6017262223576779
0.0
0.0
0.0
0.5031418640756175
0.0
0.5100681672255669
0.3030716387138053
0.0
0.4348070843738389
0.37541889142791196
0.35025316282216573
0.0
0.5536819061094997
0.0
0.14077993026856597
0.0
0.0
0.0
0.0
0.0
0.15490491728297873
0.5592084951605224
0.0
0.0
0.39423493173679197
0.9825727509301481
0.0
0.8983473307783372
0.5777999210764648
0.14331951697971135
0.9423950432844999
0.4918488571249453
0.7380896845706381
0.0
0.0
0.6889863088662778
0.0
0.927812956255601
0.0
0.0
0.0
0.9564513281383232
0.0
0.9399988993683172
0.0
0.47351425972775685
0.7955511837441559
0.360343952534375
0.0
0.8922636356546834
0.0
0.0
0.5412027804242261
0.9610082185187048
0.008314715744304875
0.01969372206016923
0.3294008019396045
0.0
0.08464878518401876
0.0
0.7392235310530634
0.569491914265923
0.0
0.0
0.0
0.0
0.0015616917318924896
0.0
0.45102168812545984
0.0
0.0
0.0
0.91207945197678
0.5921002212381178
0.02131339011613166
0.27031542687721566
0.0
0.41841792405343403
0.0
0.09085372479111731
0.1278370487057067
0.0
0.0
0.0
0.0
0.0
0.0
0.0
0.7574324708181778
0.1673994876987604
0.7496881843605111
0.0
0.0
0.0
0.0
0.0
0.0
0.4533867828220587
0.7664754179552116
0.0
0.5197231820613781
0.0
0.0
0.3570473341563976
0.0
0.0
0.0
0.28274625115716684
0.8770489381787482
0.5134822642539008
0.10688923066575887
0.0
0.0
0.6346637841537182
0.7026340176140772
0.0
0.0
0.0
0.8693851910520823
0.08698586535668225
0.0
0.5068683224617629
0.1380709959627972
0.0
0.0
0.0
0.7156309827765525
0.9549817566408428
0.4583812174887149
0.6795861317575267
0.0
0.0
0.0
0.0
0.0
0.0
0.0
0.0
0.0
0.11156879992237234
0.0
0.874927943151795
0.6931857639901888
0.0
0.0
0.416440471836734
0.02973700967131688
0.0
0.3607257016605829
0.0
0.926230730065695
0.0
0.0
0.48722394158693194
0.04539297744976408
0.0
0.735840635383358
0.39990270580663456
0.0
0.538239529502774
0.0
0.0
0.29357678332546694
0.0
0.0
0.0
0.02716789852230783
0.7867391821011177
0.2973972944669267
0.0
0.0
0.0
0.0
0.0
0.0
0.2546628060152198
0.0
0.0
0.0
0.11056014922030007
0.0
0.0
0.7527479919686725
0.8240673258662345
0.0
0.09961857270248049
0.0
0.6149163562239591
0.25599563799894465
0.8735149668325611
0.0
0.7840766428191153
0.0018439388099488268
0.0
0.0
0.2795430671885624
0.7334940715918018
0.940264212522643
0.0
0.0
0.0
0.0
0.0
0.4584515385445094
0.0
0.3356251176614339
0.803422733427941
0.0
0.0
0.0
0.8230363875792901
0.0
0.0
0.0
0.4333086281826177
0.0
0.0
0.017669283154199973
0.0
0.0
0.0
0.0
0.6884072341949469
0.0
0.4160022860975377
0.2351719261045718
0.9672293616167041
0.0
0.0
0.6176118689785312
0.8248170899365078
0.2924687335196633
0.0
0.1591378127414972
0.24084380668901467
0.7942057285258876
0.0
0.6313428684575222
0.4874963623187576
0.0
0.0
0.3082209584296807
0.6210819371754368
0.9865515016304782
0.0
0.3620865364584422
0.04600539070197644
0.0
0.0
0.21889786873080322
0.0
0.0
0.8720017071114876
0.0
0.0
0.0
0.421890141991979
0.8664175711834838
0.0
0.3420952119861072
0.7357497562159531
0.0
0.4748019541141218
0.887444068367217
0.6930270399652276
0.20726217942095523
0.0
0.6454357073028449
0.8214836398173756
0.0
0.9968326563315059
0.0
0.0
0.0
0.0
0.6923572213762117
0.8777728202122725
0.9290634309494095
0.0
0.1400339196397969
0.1650141750418199
0.7556482315912318
0.0
0.0
0.6939218902885936
0.5498505918149794
0.0
0.06496469670076291
0.0
0.21613542973691624
0.0
0.0
0.0
0.0
0.0
0.30956213094019963
0.0
0.0
0.2227934134881013
0.6096737927570998
0.0
0.05017250817556895
0.0
0.32311698401796507
0.0
0.47853793651953325
0.8203272608380497
0.0
0.36138524078747514
0.0
0.1101634613550164
0.32758608176463744
0.4670159867013209
0.0
0.7347465879942509
0.23802544755378152
0.9613517221103709
0.0
0.0
0.7908241339575021
0.0
0.937821922411451
0.0
0.0
0.0
0.2063676646415212
0.8880182755392749
0.0
0.0
0.6979100296789449
0.0
0.0
0.6709986225175836
0.703606642968604
0.0
0.41402549842501973
0.0
0.0
0.4210162431038884
0.0
0.859335777825593
0.0
0.0
0.0
0.4385482539785375
0.0
0.0
0.19341079120213195
0.0
0.09278546596810222
0.0
0.2672882317525378
0.2257305871589164
0.018366504162107295
0.0
0.0
0.0
0.868955672454771
0.11864665248966202
0.0
0.6321383747179358
0.0
0.0
0.0
0.06976048238957511
0.0
0.3532822946079005
0.0
0.8446218675139001
0.0
0.0
0.0
0.0
0.0
0.0
0.0
0.0
0.0
0.10372212590001977
0.0
0.37553063463011455
0.8970838312323192
0.0
0.0
0.0
0.6489287650691482
0.0
0.0
0.5369597042435693
0.0
0.34043430274108244
0.5723919815278288
0.0
0.0
0.0
0.0
0.19790223714284066
0.11060070381776514
0.0
0.0
0.6377812786073006
0.21206642089571673
0.24022916041911216
0.935277775359945
0.40411698754332787
0.287186803395336
0.0
0.0
0.0
0.7307678572216495
0.0
0.5543360480470149
0.0
0.0
0.0
0.4917113322434741
0.5681220551931969
0.484577149152917
0.4069305283091153
0.0
0.0
0.2582302171984587
0.0
0.6958757206881346
0.6557631272475523
0.0
0.0
0.0
0.0
0.41003780069542783
0.20120821012666348
0.7516597862504764
0.0
0.0
0.8571100475884283
0.016723200288836688
0.6699584166168175
0.4899205595135736
0.5895277793457355
0.0
0.9113969641788177
0.5348746689172167
0.7757329112827658
0.22928996844900573
0.0
0.3665046165849108
0.7658056902104492
0.3717130930886012
0.0
0.5522185098344696
0.6022167121967834
0.0
0.0
0.0
0.0
0.10551164179364388
0.8931934384504329
0.6822775843535133
0.0
0.0
0.42073976822388515
0.0
1.3775216835412395E-4
0.21062649373480294
0.0
0.26818354099912145
0.0
0.0
0.807210713223039
0.13241591071639905
0.7408274224374821
0.0
0.0
0.6223748771761145
0.47659003983664766
0.0
0.0
0.0
0.0
0.0
0.0
0.0
0.40559585669055703
0.0
0.7391525590963492
0.0
0.43638517047214354
0.7271231643127929
0.0
0.0
0.24359110718309857
0.0
0.9244841529680836
0.0
0.0
0.0
0.0
0.3776663352661101
0.5180303804942861
0.0
0.6683262320773027
0.8139842494322729
0.0
0.43753362963648157
0.0
0.0
0.970121937306833
0.0
0.0
0.6557270778323331
0.9302089802515501
0.7092085888689198
0.5107740180969624
0.2433738052986097
0.0
0.0
0.0
0.0
0.3049575712828143
0.46301010692034567
0.91809143920036
0.1470978987684416
0.0
0.0
0.8035487143084336
0.24881721772346613
0.0
0.0
0.0
0.0
