0.46351363411621915
0.0
0.2745956509879925
0.0
0.8300909103157633
0.0
0.0
0.0
0.0
0.9081191463561135
0.0
0.08305652524810636
0.0
0.0
0.24419270124405648
0.6499208687415571
0.0
0.0
0.19610636263237471
0.0
0.18841848746182566
0.0
0.4218565163004441
0.9416608206062915
0.0
0.7798049015411878
0.23014765502458828
0.0
0.0
0.0
0.0
0.0
0.6126649962489388
0.0
0.0
0.2990258199136537
0.48613678307236274
0.7111026728995659
0.0
0.791012640181121
0.0
0.0
0.6828678132443758
0.0
0.0
0.0
0.31581692919807575
0.9394300414995337
0.0
0.0
0.0
0.6490642132076603
0.6325751502093038
0.0
0.0
0.0
0.0
0.0
0.0
0.0
0.0
0.7791006297477344
0.045212221089558045
0.5440149290904474
0.0
0.0
0.3005098162538345
0.0
0.45895030766755157
0.471224440717828
0.11746423229334578
0.4319890033217996
0.0
0.7190158175736902
0.0
0.6816173482289138
0.0
0.1859240970856297
0.6781725066507707
0.495506424607532
0.0
0.0
0.5234359495785371
0.8042736030710881
0.904699378655489
0.49490491117313234
0.055759608462233684
0.5370703468680452
0.05228051112110998
0.0
0.734101420333402
0.6697269117329265
0.0
0.9299634697443798
0.0
0.0
0.005952988811824912
0.0
0.0
0.9319133816752319
0.0
0.0
0.8973652269075955
0.0
0.09008261812017289
0.0
0.18209390710512385
0.0
0.0
0.0
0.5922357142848439
0.1629217303856561
0.0
0.0
0.4122169247131314
0.0
0.0
0.7287822118284074
0.37741064177681594
0.9014132089332306
0.4590392405151066
0.0
0.0
0.8729660212422424
0.0
0.0
0.0
0.7235006405708687
0.8163833755060784
0.8104086643864241
0.0
0.0
0.009338237354024203
0.0
0.23036410549407846
0.6665301631626707
0.0
0.7923653424353484
0.8978554801446201
0.0
0.0
0.0
0.0
0.22597312702112685
0.0
0.07572096402318299
0.0
0.8989976674163024
0.0
0.5437122653433765
0.0
0.8282458147252265
0.0
0.0
0.6371206812801903
0.5949327841775913
0.0
0.0
0.44599246617310545
0.0
0.0
0.6498980966895392
0.0
0.3996413364890973
0.8823028611873053
0.33370201423544815
0.9379281431515971
0.0
0.0
0.0
0.8009205185305135
0.0
0.6423699694882676
0.0
0.0
0.0
0.0
0.5672698976158562
0.0
0.3384689066118065
0.7963749310978661
0.3426267718741202
0.0
0.36241156910790084
0.0
0.019731434138661085
0.5122942864391149
0.0
0.7333921544669652
0.0
0.0
0.7418088230002576
0.7394639773560318
0.12521105386971382
0.6106837846243782
0.0
0.0
0.898427887925453
0.5604208717331486
0.0
0.6687959756728512
0.94234033476133
0.6719351731270268
0.0
0.0
0.07699386543779843
0.0
0.0
0.0
0.0
0.7176472645459285
0.0
0.0
0.0
0.724842156057448
0.31250835318534087
0.0
0.8182770736060643
0.002780470347804869
0.0
0.0
0.0
0.631712294711161
0.0
0.6186122091047495
0.0
0.21606768679645377
0.0
0.0
0.6318725105993671
0.0
0.0
0.0
0.0
0.0
0.0
0.8059494577515538
0.0
0.19530056444875038
0.0
0.8113849221829552
0.5912601214601992
0.21520821788655922
0.0
0.0
0.7441842272097576
0.27637219259933493
0.0
0.0
0.3940646046019717
0.19357755893650147
0.1584386990169646
0.15595646623365214
0.2242175294579541
0.0
0.0
0.9199848612733383
0.3548526509774478
0.0
0.0
0.0
0.0
0.0
0.0
0.14608823569568813
0.8441611128860437
0.0
0.0
0.2536916335895827
0.06126286696317998
0.4650762574589239
0.13422503498633206
0.0
0.0
0.0
0.35705132131406175
0.0
0.5146498500148219
0.3506572883509238
0.7472499059098958
0.0
0.05690277635768582
0.627550293975518
0.0
0.1735021508720022
0.3635385304750235
0.9179279875668773
0.0
0.3501490712697769
0.0
0.0
0.5401272075531882
0.0
0.0
0.0
0.0
0.0
0.4099578649095029
0.0
0.2838514165089172
0.0
0.910359160043687
0.6443836292826502
0.0
0.916432255728903
0.5345935807738156
0.0
0.0
0.5352523050477336
0.0
0.0
0.1896506828949102
0.0
0.0
0.5728868632858203
0.11060070381775766
0.8501473299549126
0.9194248612218126
0.0
0.0
0.0
0.0
0.0
0.0
0.0
0.0
0.0
0.5598544876722057
0.0
0.2278368211232153
0.0
0.0
0.866354092728221
0.892778538211409
0.06464098029975308
0.0
0.8559381648403712
0.2674402542392707
0.0
0.0
0.7725169352585962
0.5296405952566222
0.0
0.0
0.0
0.7008484990854046
0.0
0.0
0.22041953944552808
0.0
0.21480082332007625
0.38446709070036106
0.0
0.8558577110212955
0.5746029639527106
0.0
0.1099104401107239
0.0
0.29900175827989406
0.0
0.16283890220306124
0.0
0.0
0.0
0.5339479495510145
0.0
0.0
0.0
0.0
0.6261820038602413
0.5708425923141116
0.0
0.0
0.8841683665190229
0.43798522091238745
0.0
0.0
0.0
0.0
0.6699925619161933
0.0
0.9417396456334653
0.8323286726331428
0.2964022888446145
0.0
0.0
0.7915441859786279
0.10545083058081611
0.3780243180530237
0.6297389391954499
0.0
0.0
0.9843702964263272
0.0
0.0
0.0
0.0
0.0
0.7629826771833325
0.0
0.0
0.0
0.3848825054561911
0.08041111710433256
0.7528224890779148
0.0
0.0
0.004109756866877176
0.7614250070236251
0.14648656338189897
0.5189646896208076
0.7185052588474299
0.0
0.0
0.0
0.6798520613401299
0.7696582060092096
0.0
0.4707855816003536
0.0
0.0
0.9226368008120737
0.410851820180968
0.6734568379542536
0.3530033691872335
0.0
0.2922783094297436
0.04751320998264536
0.0
0.22051150616010579
0.0
0.33807840702243713
0.0
0.662441916663111
0.0
0.0
0.0
0.5654106103971496
0.940665948344851
0.18864405000118184
0.8839166331771571
0.0
0.0
0.2740688057707261
0.0
0.38948549459525417
0.6076396808808114
0.409890824069123
0.0
0.8528836199572366
0.14191404455717183
0.0
0.0
0.6012108488410044
0.0034782912146450987
0.8548321540935844
0.32638494624187625
0.8264840960612652
0.2209720807695373
0.0
0.4233483366908779
0.7187931857762292
0.0
0.0
0.0
0.0
0.8566282458124808
0.050555636668453315
0.0
0.14245023122009257
0.27788959035936034
0.1981934498649276
0.0
0.0
0.47467884076257305
0.0
0.0
0.0
0.4751560737296755
0.0
0.5735599113173865
0.0
0.4787111360867071
0.0
0.0
0.0
0.16647566058582533
0.0
0.06949149818952823
0.5363341847391511
0.0
0.17538133475978226
0.25658838589750976
0.4547019949484628
0.0
0.0
0.6480866234245526
0.6456804124753993
0.3220832019109671
0.0
0.1668493079555503
0.0
0.0
0.2233035575959476
0.0
0.0
0.7198539713321798
0.3673829280922551
0.0
0.0
0.7591403362292422
0.5150446516895658
0.0
0.6751283366932357
0.0
0.9073181098711012
0.2842207518233622
0.0
0.16628969685840028
0.0
0.5950689983443685
0.8475170249925661
0.0
0.15516238486426745
0.0
0.0
0.0
0.0
0.0
0.0
0.2933956298537825
0.0
0.0
0.0
0.4268347454971981
0.0
0.0
0.0
0.4350583331054237
0.1776722600899821
0.0
0.9177615254559502
0.2337363715795831
0.0
0.0
0.5956467610958617
0.9036226844426332
0.0
0.0
0.0
0.0
0.0
0.5159959999327869
0.0
0.0
0.0
0.6017409268364444
0.0
0.1453222002903071
0.0
0.1410390718175569
0.6262716148739965
0.8278780179637079
0.0
0.0
0.2034564723843139
0.0
0.0
0.0
0.0
0.2816298223118791
0.0
0.8050749798243056
0.0
0.0
0.5674398371972575
0.0
0.0
0.654787356994094
0.0
0.08862713153226252
0.7685214672734015
0.0
0.0
0.29713085037098735
0.7909466551679145
0.837788170059071
0.5952527654387761
0.0
0.0
0.0
0.0
0.33389562160102104
0.7177459913341031
0.9445589988997897
0.7144807927752349
0.0
0.0
0.9976676031633611
0.406736191562282
0.43480708437383414
0.0
0.963030460204105
0.0
0.061768968069482316
0.31486843181231583
0.0
0.0
0.354280847647059
0.8316755773826424
0.0
0.5044228278793045
0.0
0.0
0.4677624580740226
0.0
0.0
0.7450566497050988
0.1884995442212758
0.2832004177306347
0.39808967975898096
0.29231625213539103
0.0
0.0
0.6086282384583068
0.5601574670649493
0.13241591071639175
0.0
0.0
0.0
0.0
0.0
0.37412930560844937
0.0
0.0
0.0
0.1646831189938377
0.7872206438996272
0.0
0.6793900277209851
0.0
0.2285014449829615
0.0
0.0
0.0
0.0
0.0
0.0
0.0
0.26591847945533476
0.22388902279067963
0.0
0.0
0.0
0.0
0.0
0.0
0.0
0.4946814540563248
0.008222434808206211
0.0
0.0
0.0
0.15923582242030423
0.44540886350280323
0.0
0.26634019116271057
0.5789703316555432
0.0
0.8626416642575813
0.0
0.0
0.3354273063399507
0.28856115796741066
0.007102539023024941
0.0
0.0
0.0
0.0
0.654217115918168
0.0
0.7901927054372082
0.0
0.7942460027601838
0.0
0.8191048963084941
0.0
0.0
0.2939007093090303
0.9277376035363835
0.0
0.8326567978832821
0.0
0.8194415516938709
0.0
0.9413722285219913
0.5804066369034127
0.0
0.6578766389614628
0.0
0.0
0.0
0.0
0.0
0.0
0.0
0.35339273360166834
0.0
0.0
0.1225643789287564
0.0
0.5952686769704423
0.0
0.27459958501732123
0.24340806277337707
0.7976242207730048
0.7308885797902495
0.931198372141585
0.0
0.6617996468933373
0.5549159794529681
0.5622777588983201
0.0
0.0
0.2325990982565812
0.0
0.0
0.9960837664951173
0.0
0.12927808188380766
0.0
0.4800125808464589
0.41257421360520025
0.7655914698514732
0.45878199370664907
0.268857555886208
0.0
0.09769684494467869
0.8791333921252941
0.715191306805125
0.8955159703863338
0.0
0.0
0.0
0.0
0.0
0.0
0.019412233503258897
0.6313428684575191
0.22967685790606998
0.0
0.0
0.0
0.0
0.0
0.14217169077573708
0.0
0.0
0.0
0.0
0.0
0.0
0.0
0.3539810327423047
0.692753469740276
0.4003867685016339
0.0
0.0
0.0
0.37517565561157323
0.0
0.0
0.6411519137059595
0.0
0.0
0.5459236116166354
0.15140639324878993
0.27815303122621715
0.0
0.0
0.0
0.0
0.098463720156369
0.0
0.6503017330632167
0.0
0.0
0.0
0.0
0.0
0.0
0.6346877804151491
0.0
0.0
0.0
0.13905750356753252
0.0
0.0
0.2508092235914064
0.3759233652058583
0.0
0.23392558393266044
0.0
0.9217858684639341
0.0
0.23934963635836767
0.7876297348685904
0.19958646247274217
0.36707734030789096
0.0
0.0
0.392176314868763
0.0
0.11979319758377481
0.2887253300929847
0.477349380828471
0.0
0.0
0.0
0.0
0.0
0.5289365926701275
0.0
0.2260412163610341
0.8984066855517405
0.0
0.0
0.0
0.02106880432353006
0.010725111216039149
0.8819047903326502
0.0
0.7089679092553445
0.0
0.0
0.06861976924884991
0.0
0.0
0.45515019535820705
0.6580822617533784
0.5159358140414687
0.7652842003599732
0.0
0.7292862639565639
0.44786615555024273
0.6438160567161432
0.26362368329035246
0.3527543413102791
0.0
0.0
0.0
0.0
0.09404495214761627
0.0
0.0
0.8654044357917844
0.0
0.0
0.4916783242606734
0.3791767365100582
0.0
0.0
0.0
0.0
0.0
0.5593747534216106
0.0
0.0
0.5268310297718592
0.0
0.47377050582094044
0.01278289178046269
0.4270970304115916
0.4134882023489726
0.0
0.0
0.6288251284115501
0.0
0.8032737201712578
0.0
0.0
0.11818498527638453
0.39673700964376385
0.9710258847785119
0.0
0.0
0.0
0.2522100568201831
0.0
0.0
0.0
0.0
0.0
0.20855716808783228
0.9672287315718583
0.0
0.0
0.8126704231551634
0.0
0.0
0.36866715469008293
0.5695969240655853
0.0
0.0
0.8563292102747738
0.0
0.8828317225045952
0.0
0.0
0.0
0.0
0.7305275724656104
0.0
0.0
0.0
0.09250952475152051
0.5794613479997186
0.0
0.5915527491841862
0.0
0.0
0.012431703407864378
0.6707096851086236
0.7258543878099605
0.0
0.4612928629875004
0.6563516204385648
0.8117487248334502
0.7588075521661272
0.0
0.21004798208546552
0.5221209396829302
0.47563062690897234
0.8755192703006132
0.0
0.0
0.6679560060954018
0.0
0.0
0.0
0.0
0.860780378573618
0.0
0.6282229154687059
0.917608691700429
0.0
0.0
0.932182015540587
0.41032454960690756
0.25722667129784577
0.7276456221165065
0.0
0.0
0.0
0.43100684702605085
0.6919476858143994
0.0
0.0
0.0
0.0
0.0
0.0
0.0
0.0
0.0
0.19801282258149452
0.31677172379991236
0.15343180324203481
0.04239686097665053
0.0
0.0
0.4160965385079499
0.0
0.16496707878809624
0.0
0.0
0.0
0.0
0.0
0.4166377111636084
0.6124577491409714
0.0
0.0
0.0
0.5848932790990005
0.0
0.7093439982535169
0.0
0.0
0.8256577316250714
0.0
0.0
0.0
0.3009846026364048
0.23943548780723115
0.09916007973704688
0.0
0.0
0.0
0.18508101513405456
0.27065080113279566
0.0
0.0
0.24979383336669028
0.0
0.3636304410890349
0.32886699841405764
0.0
0.8492062127352376
0.0
0.0
0.6781131164204955
0.0
0.855710370423144
0.0
0.0
0.9329211550193856
0.22159697108428061
0.33735076956723364
0.2322938664143976
0.6241456131958776
0.0
0.0
0.0
0.0
0.0
0.24749477655446606
0.0
0.0
0.5229490128744497
0.0
0.22947741906927607
0.0
0.0
0.8344710283264369
0.7666654795818942
0.0
0.0
0.05057332813350275
0.5535837856540343
0.6559032853549146
0.0
0.0
0.0
0.0
0.3503552230054695
0.0
0.0
0.0
0.0
0.8715525168128795
0.0
0.0
0.0
0.0
0.0
0.47594690840635684
0.0
0.04631627642856176
0.0
0.2411456709602945
0.9378821938502099
0.394436504880765
0.004981775323896918
0.5901930504116114
0.0
0.0
0.0
0.0
0.367423415495449
0.14814248884080194
0.0
0.0
0.4494336170110592
0.20865755666793614
0.5764331786004223
0.0
0.0
0.0
0.0
0.7207806783830637
0.61568578504266
0.0
0.7188306025393923
0.5238051366332465
0.0
0.23448293097618472
0.4816181488002614
0.0
0.5913250095008151
0.7543361446493785
0.42215746482363947
0.0
0.9838623534772034
0.14775023377125618
0.8544818628947113
0.0
0.0
0.4651685657172519
0.7439185386628997
0.0
0.0
0.0
0.4721093709323474
0.31074843969889304
0.0
0.0
0.10223331841331343
0.0
0.09357439609094172
0.038863817107434515
0.0
0.6123751289986321
0.0
0.0
0.0
0.0
0.7526584543547686
0.0
0.0
0.0
0.6886290711634456
0.0
0.0
0.35564616694152684
0.5845786704690459
0.3449252516523941
0.0
0.44190404489211754
0.5157350333834148
0.0
0.5364886920122083
0.0
0.0
0.1901428530160338
0.6618180008756107
0.0
0.0
0.0
0.7990088224696164
0.0
0.0
0.0
0.7156912677087895
0.0
0.38118068431604313
0.5710473117461626
0.13473635733224065
0.0
0.3647619448385724
0.5085335652063399
0.42513450030618427
0.7537297221774956
0.0
0.0
0.0
0.07437242536269757
0.0
0.0
0.0
0.0
0.0
0.10956795767268374
0.5695449572236448
0.14961367546425677
0.0
0.011126910569403488
0.0
0.6423879082853012
0.0
0.42021917573103645
0.9929016635219404
0.0761386070119674
0.0
0.23761821919344897
0.7475066992273411
0.0
0.2810269426959584
0.0
0.6138402147561585
0.0
0.0
0.3940766933208613
0.0
0.0
0.013130336694225715
0.0
0.0
0.24101575071075945
0.1453743791051912
0.0
0.21003322775806518
0.0
0.0
0.6838898067889893
0.27418589351665046
0.07374414697450521
0.8640785474767391
0.0
0.0
0.0
0.0
0.0
0.8902576862744345
0.0
0.0
0.0
0.37906362494021517
0.0
0.0
0.0
0.0
0.0
0.0
0.0
0.585420562275639
0.5120246955445147
0.0
0.6105877588737887
0.425868838168053
0.5655706385054379
0.0
0.0
0.5664660974924878
0.0
0.0
0.0
0.14176695392131505
0.0
0.2701950810903382
0.0
0.0
0.0
0.0
0.0
0.5977504334206744
0.21649853115776857
0.0
0.7062394592638381
0.0
0.41815882937869203
0.7969802853941071
0.44855181468664335
0.0
0.0
0.0
0.0
0.8894868940871303
0.0
0.1039651761159912
0.6519791658446251
0.0
0.45622533991678765
0.7352163918801261
0.0
0.0
0.8143043253451048
0.6222676573247284
0.0
0.7510649145984939
0.0
0.0
0.0
0.0
0.6144423460540186
0.6740502371944084
0.0
0.5510386230461789
0.4273537445830534
0.3389483685065793
0.0
0.0
0.0
0.0
0.0
0.0
0.18077585667596385
0.0
0.8061599050873672
0.4494005532006089
0.0
0.5559139462650242
0.0
0.6828782184694303
0.6139667088921393
0.0
0.0
0.7395661947803326
0.4590319755178667
0.5284325781497564
0.6082737709120977
0.0
0.0
0.0
0.9052074705217433
0.02460319524225928
0.8710382999935059
0.07003925475644358
0.0
0.15127108383752402
0.47822841401174787
0.273045801173271
0.2616981578966236
0.06642033959919415
0.0
0.0
0.13441030174985277
0.0
0.7413963492326532
0.0
0.0
0.05247614322798445
0.0
0.04101031056424469
0.4858879856407793
0.0
0.48987943144085466
0.36870111803993255
0.0
0.0
0.0
0.0
0.0
0.0
0.0
0.11662998087915864
0.7895311594031137
0.0
0.0
0.6696713673046518
0.46941194024416194
0.0
0.0
0.5578482367575985
0.0
0.8978630583911079
0.0
0.0
0.0
0.0
0.0
0.0
0.0
0.19176561316480442
0.16464093355488824
0.22875203389183502
0.901890357155906
0.0
0.6154914066540825
0.8074118420413356
0.7976736187468587
0.0
0.07126464723593232
0.02572878687919326
0.0
0.9729540147527603
0.0
0.1703900352079143
0.0
0.0
0.0
0.0
0.0
0.0
0.08896761823975395
0.0
0.27198468214273214
0.618327077125674
0.0
0.0
0.0
0.550582910787047
0.5899383675645936
0.0
0.0
0.6195942333697154
0.8411549404544337
0.0
0.3892154800147434
0.5823232257233043
0.0
0.0
0.0
0.7055564643238001
0.0
0.1567288799193275
0.0
0.0
0.5057463509728989
0.31870941616011933
0.0
0.0
0.8338147574465578
0.8471936686266072
0.0
0.0
0.8618736276119288
0.9449075692070005
0.0
0.0
0.8456189946680088
0.40075011656896553
0.7600360153733506
0.585797569920722
0.0
0.0
0.0
0.0
0.0
0.0
0.0
0.2755112113690054
0.0
0.3985601671807605
0.0
0.0
0.3871239623354918
0.9225145422763472
0.0
0.6808864620413041
0.0
0.0
0.26563137269224074
0.0
0.0
0.0
0.7065676195620344
0.0
0.009701016998920358
0.5907113007769882
0.5896505302662024
0.0
0.24148205832916542
0.0
0.0
0.48467672132544254
0.0
0.0
0.8032124063312999
0.0
0.7503107562403907
0.0
0.0
0.2075590321298829
0.0
0.0
0.9078591971368778
0.0
0.855489800872536
0.0
0.0
0.0
0.0
0.7216427993811936
0.0696592211412409
0.3918014395930783
0.0
0.9928357134919038
0.9723669136735854
0.6585719560200479
0.9908554664392349
0.0
0.0
0.7120175027746326
0.0
0.22266685583374463
0.37221601942289007
0.0
0.0
0.12111212213241253
0.18868923305916915
0.5198934986112783
0.6147162286787256
0.09189167838470877
0.0
0.0
0.0
0.11655129575747053
0.8631674177011981
0.0
0.0
0.0
0.0
0.30757723605299764
0.7062585072063882
0.0
0.6835368756353023
0.0
0.5948452870190386
0.6148272885565137
0.0
0.01636770863940019
0.0
0.0
0.34542769096726483
0.0
0.0
0.0
0.0
0.09106890784945472
0.0
0.0
0.28669780024759256
0.0
0.011108683107247365
0.5331610766727888
0.29439598609212436
0.0
0.6662571108092559
0.36774320563519697
0.0
0.0
0.8644045286835901
0.5591014263803054
0.0
0.0
0.17561090174756927
0.0
0.7239461973825466
0.0
0.3002855468837021
0.0
0.0
0.21951716596671805
0.7368161881310252
0.021368052916467678
0.3843586285308292
0.7751724874631573
0.0
0.20082287782054836
0.0
0.0
0.2066362788747609
0.0
0.0
0.0
0.30759613322398655
0.0
0.0
0.7617898832122159
0.0
0.04228656482703903
0.0
0.0
0.0
0.0
0.0
0.8769781315395102
0.0
0.0
0.6553222950669264
0.0
0.024030241577678958
0.0
0.0
0.0
0.7496527040356529
0.0
0.0
0.286211271987239
0.10599915731723761
0.058549761852701776
0.0
0.0
0.0
0.0
0.8265024526398127
0.16292516687923506
0.0
0.0
0.0
0.40871361898040315
0.3859771682970109
0.0
0.0
0.24495263727067768
0.898680167730233
0.8835860661945426
0.36524417828162403
0.6519274371265535
0.0
0.0
0.7451501644786649
0.10107513028143
0.0
0.0
0.0
0.0
0.0
0.7201009312724616
0.6104297771073637
0.0
0.9948855773151545
0.0
0.0
0.23393252693325994
0.9621628936574237
0.30035929938538397
0.0
0.0
0.7241290882831763
0.8867325697887745
0.0
0.0
0.0
0.5486755356341824
0.1609699195466675
0.0
0.0
0.0
0.0
0.0
0.5252575625445923
0.0
0.10208893797469133
0.0
0.6783091471283961
0.0
0.0
0.0
0.0
0.0
0.0
0.6659847593854704
0.0
0.9739005577446029
0.0
0.6651023951087167
0.0
0.0
0.0
0.0
0.5782061589863028
0.35923771285924494
0.0
0.0
0.20533799837725905
0.0
0.0
0.0
0.0
0.0
0.0
0.0
0.0
0.0
0.4678577670621063
0.0
0.2892803944897053
0.6296385109993863
0.0
0.0
0.036398414985727566
0.5795097516267324
0.0
0.17863613305095175
0.06682429580503364
0.0
0.02917944001323172
0.0
0.0
0.6248492450115039
0.4622518518155202
0.0
0.20194382851995638
0.0
0.0
0.0
0.0320234924641027
0.34159308735605337
0.9996290060121251
0.0
0.0
0.0
0.0
0.3817891625027464
0.0
0.0
0.8751727718852782
0.0
0.4259150995939215
0.0
0.0
0.8870874388176124
0.0
0.36091831615961917
0.5807080428233009
0.30317142353181203
0.057346229793021626
0.0
0.0
0.33288643700196585
0.9384725434767526
0.0
0.5995718841552949
0.7529058922046211
0.0
0.4925220740067836
0.0
0.345408370591576
0.5916645978067382
0.010836452014831015
0.0
0.1362657610223724
0.43407502337347237
0.0
0.0
0.34445460147314483
0.0
0.0
0.0
0.0
0.5613903331200015
0.0
0.05230165226608972
0.7043146821843437
0.0
0.2997766879411035
0.0
0.0
0.5037613989476531
0.0
0.0
0.9582446513683415
0.19441700442234136
0.4820379884631675
0.0
0.7835610919031374
0.8678369391894292
0.0
0.5847436583252513
0.0
0.6669750285458764
0.0
0.0
0.7338173090383691
0.0
0.2236841624339284
0.8344939954189903
0.0
0.0
0.0
0.0
0.9602300521149383
0.5208836550674303
0.0
0.48234513157141296
0.0
0.0
0.1698274261575169
0.6843086151532405
0.0
0.0
0.0
0.5150359544619317
0.0
0.743443243346835
0.15976938786952422
0.0
0.4589515545327014
0.0
0.9121456489394006
0.6327423636189354
0.0
0.0
0.8506123384174533
0.0
0.40277194227305724
0.0
0.5392207723521937
0.7317619964790375
0.12428616737889256
0.5067739064864137
0.0
0.0
0.4196271275305649
0.5454853002441076
0.4527202731841043
0.0
0.9195213328134167
0.6605680762311978
0.06028617249518707
0.0
0.0
0.0
0.0
0.0
0.0
0.6152810221286373
0.0
0.0
0.8631331202152177
0.0
0.28745949684285826
0.10727333983613933
0.0
0.37712419108369094
0.5947516641043187
0.15967044769623823
0.0
0.05498606985445108
0.36677604054614077
0.41695603076369525
0.0
0.9281214927597634
0.0
0.046767897958448885
0.11494111501788483
0.10783855225284307
0.8990296135272092
0.24774629679192328
0.0
0.0
0.48069160909515
0.0
0.9555034387474929
0.0
0.19874736297982762
0.0
0.6167002431116471
0.0
0.0
0.0
0.3392894734030182
0.0
0.0
0.49267140848774765
0.0
0.0
0.0
0.2006709589349435
0.9749520667664797
0.9244173569124935
0.6443422832546336
0.7154472623840301
0.0
0.0
0.0
0.5332447703333699
0.22157429919952354
0.9947204118831309
0.0
0.0
0.08705942736587793
0.0
0.871330018753238
0.9571499624405063
0.0
0.0
0.425902509172771
0.4714802187607269
0.4551791540704507
0.0
0.0
0.0
0.0
0.0
0.10816992277335645
0.0
0.8433767099811151
0.0
0.30797706699381705
0.0
0.0
0.6568451574798615
0.056722747232149255
0.0
0.0
0.0
0.0
0.0
0.7500798260049097
0.0
0.0
0.4245884001299888
0.4475465932136035
0.0
0.23655769657763095
0.0
0.6397324680502208
0.0
0.34994153179446613
0.9733893142954876
0.03837369244282838
0.9856851951334469
0.0
0.21206928593347332
0.9501493881909842
0.0
0.0
0.8552702322268169
0.8369411231023817
0.09024960646414869
0.0
0.5782584749933907
0.0
0.7042927996821722
0.2303030822432024
0.8147232101800302
0.7023039904005357
0.0
0.0
0.7801648933690859
0.0
0.2788378297421622
0.0
0.0
0.7790074043720762
0.0
0.0
0.0
0.0
0.0
0.26704179779674503
0.01832449092670208
0.0
0.19859549884730326
0.0
0.0
0.0
0.5811932017625675
0.0
0.8009902475281592
0.0
0.9983182615910632
0.4615136076554305
0.0
0.9384629379152685
0.0
0.0
0.0
0.0
0.883166267677411
0.8593141018959208
0.0
0.0
0.4242071566499084
0.0
0.0
0.7040138832983147
0.49085844475257046
0.7697662687964436
0.0
0.0
0.0
0.0
0.45553177067810274
0.0
0.495554684673027
0.051864252600118475
0.6105532595807854
0.13284696782412994
0.0
0.007777038125934159
0.7221405024438953
0.0
0.0
0.0
0.0
0.0
0.0
0.24313964211642666
0.40592446455151393
0.0
0.0
0.2790587140025196
0.0
0.0
0.45136017758581765
0.128962688564804
0.0
0.0
0.9889176247419303
0.6432355832811709
0.0
0.0
0.0
0.734985271235818
0.0
0.0
0.0
0.0
0.40551617168969034
0.0
0.5956872703266443
0.0
0.0
0.0
0.4600157192907956
0.0
0.0
0.09399013118036327
0.3005440947735751
0.0
0.0
0.0
0.0
0.9619170246095057
0.0
0.47821020946907516
0.0
0.9010065470175723
0.5028215136527042
0.8731996068252955
0.0
0.33238049751245585
0.8621200057914984
0.0
0.0
0.0
0.0
0.5167850996891673
0.0
0.0
0.21427900315204668
0.0
0.0
0.8892691153904705
0.0
0.6933041538176318
0.42217669395606955
0.0
0.880865704620977
0.5962728492144096
0.9421261646278313
0.4853476969521622
0.6218101669538413
0.0
0.8584158328097303
0.0
0.0
0.51626947038121
0.8387249364596369
0.853999805013253
0.0
0.0
0.22136451142400373
0.0
0.0
0.0
0.0
0.0
0.4265304454582511
0.21021165895994615
0.21878943457938804
0.0
0.12834154460606567
0.0
0.567416378252359
0.0
0.6302784132733554
0.33591793886507354
0.06745143926759777
0.06589994812121268
0.0
0.0
0.16713505089454364
0.0
0.745098821190031
0.0
0.0
0.04482838753968888
0.6952549663577328
0.0
0.34226515790249695
0.31836252599704423
0.0
0.0
0.5728982113404667
0.0
0.7076857966405058
0.4752647733858416
0.12781831855779746
0.7401806861216133
0.20837108959920886
0.8203632120206615
0.8230108361358927
0.9191156325105009
0.0
0.0
0.0
0.034699415020650964
0.7335503809244547
0.0
0.10231127604391124
0.9654570417264892
0.7621412394052485
0.0
0.08763641002144065
0.0
0.0
0.16197538916889323
0.0
0.2837686833109619
0.41443610484167176
0.6303571287458724
0.0
0.028727856222911338
0.8449592057141488
0.0
0.10347882558979267
0.5469467512476694
0.5714751380846277
0.871955122155883
0.0
0.9310036302300588
0.6418808148276403
0.95734197526459
0.14058521571062224
0.876146680544368
0.7362822665982847
0.40303494710523663
0.0
0.0
0.0
0.40240762750207015
0.15219811607631364
0.686167026802616
0.0
0.8944463933229141
0.0
0.11919568248904731
0.0
0.23610214337269542
0.8292340321273827
0.0
0.0
0.5400158433702783
0.0
0.29761131561265175
0.0
0.8398706292120651
0.0
0.0
0.0
0.9887634419191785
0.0
0.6987040428396231
0.0
0.7944376063441881
0.18287336417544567
0.0
0.0
0.7276934278562737
0.0
0.0
0.9471086959537237
0.8018006274740181
0.650050629507998
0.0
0.0
0.0
0.0
0.0
0.6623157016149627
0.0
0.0
0.5222150718495348
0.4725733882649095
0.5332122886737047
0.0
0.6547695636201268
0.0
0.0
0.0
0.0
0.1683141007244696
0.0
0.0
0.32880001691351685
0.0
0.0
0.0
0.24070112514867636
0.0
0.16781096645912444
0.5796742464027854
0.8790947094704538
0.5422778872465842
0.0
0.7413379408176525
0.0
0.334975781735612
0.0
0.04218298370062713
0.0
0.7584681026173908
0.0
0.9581873600191587
0.0
0.9924655270806862
0.0
0.6508801176185921
0.6978385417051731
0.6317461851529164
0.0
0.512897536874876
0.8384682996500185
0.0
0.05527707941869471
0.0
0.0
0.33450760953334285
0.0
0.2841887702863086
0.0
0.0
0.23058726832363646
0.27359715989643063
0.5787616868601326
0.0
0.6505120304087371
0.0
0.4167932776541017
0.5560610777644885
0.0
0.9731987543259302
0.0
0.0015308852933653325
0.0
0.0
0.3069028643753867
0.0
0.0
0.7966278764547323
0.3021238594250627
0.0
0.0
0.7219695587878078
0.43725312143528583
0.2414804184812487
0.04485333312298452
0.5096995838520165
0.5571035465078283
0.33439539094856624
0.0
0.0
0.0
0.3840079308430794
0.8226711785553511
0.0
0.0
0.2664862829635891
0.0
0.0
0.0
0.0
0.7032016141956079
0.0
0.0
0.0
0.9636965759870161
0.0
0.0
0.0074533722517315945
0.6730135689054493
0.15749829398704956
0.0
0.625864869696586
0.0
0.0
0.6480859402580632
0.0
0.6519206320880937
0.6999347020042666
0.8822453740816316
0.8552047439752587
0.0
0.6295336902846245
0.10696590736613636
0.8440767166034293
0.9068380798733497
0.11818138008351263
0.0
0.6641241434091874
0.0
0.7491687725038036
0.6122737572975623
0.0
0.5410963968151175
0.6762995766444865
0.0
0.0
0.5310173114348877
0.0
0.8307281540087151
0.0
0.0
0.3678974687731262
0.0
0.8760718334923093
0.6567799120800291
0.7315781427065872
0.0
0.8431804877194756
0.0
0.0
0.5241240103099022
0.0
0.0
0.0
0.010896485915950632
0.9503359154712276
0.0
0.8829544917128455
0.0
0.998587482286082
0.0
0.0
0.1504655686680605
0.1744984350293015
0.0
0.0
0.9299572153138879
0.0
0.39833310593633825
0.0
0.0
0.10603390732356809
0.884905661611661
0.9276872582231855
0.048270477635271
0.4267356618084628
0.25830463974996015
0.0
0.0
0.0
0.15112532915805774
0.3936924481304735
0.38017558222827386
0.0
0.0
0.8299205667198903
0.2581196867395847
0.0
0.0
0.0
0.6267217745972109
0.0
0.0
0.0
0.8492814712832596
0.0
0.0
0.6466731458427301
0.0
0.0
0.0
0.16972773033721716
0.0
0.0
0.0
0.0
0.0
0.0
0.0
0.0
0.0
0.9838979989922667
0.0
0.37496906699845145
0.6976989278763361
0.4741660575067336
0.0
0.19031093130075774
0.9486213010037955
0.0
0.0
0.0
0.0
0.0
0.0
0.0
0.0
0.0
0.3512343165631294
0.3256819480079999
0.0
0.7622161777327309
0.0
0.5914053226757876
0.0
0.5626559053229724
0.0
0.0
0.0
0.0
0.9506168066705859
0.0
0.8303613757563779
0.0
0.8258685048808404
0.0
0.021596859174001178
0.12276089331084074
0.0
0.0
0.5713815998625263
0.0
0.0
0.0
0.0
0.5647110015843836
0.7918504249277919
0.65328807320714
0.0
0.0
0.09873089912615844
0.0
0.2518054797480554
0.8121641227605196
0.8613174941809961
0.0
0.0
0.0
0.2998154501168517
0.0
0.5958290238252392
0.02204771984333892
0.21678028586474582
0.0
0.0
0.6176257766743164
0.20563781415352161
0.05741484896110821
0.0
0.40843219627297767
0.054387934065287434
0.8206163767159458
0.0
0.0
0.0
0.0
0.0
0.1516840043566411
0.0
0.8484209628232192
0.6829213252848829
0.0
0.0
0.2778239877520906
0.046441534403837394
0.973465688948117
0.5305931686767035
0.2534318503576126
0.0
0.0
0.2741085017706163
0.0
0.0
0.0
0.0
0.6042563780190818
0.0
0.0
0.0
0.8673376822533393
0.0
0.0
0.9897140404876246
0.0
0.6359569898632732
0.8276008106426519
0.0
0.5013448020294268
0.0
0.1368500111668391
0.0
0.0
0.3565153343640476
0.0
0.0
0.0
0.08540627990415019
0.0
0.0
0.8237808068425359
0.37404872614756357
0.7572941545219648
0.4921621305670534
0.0
0.0
0.5487463678657509
0.0
0.0
0.0
0.0
0.0
0.0
0.9272457307016255
0.0
0.6909336150146246
0.1780234696279876
0.7518423026125043
0.09984158211417818
0.0
0.0
0.8796195639115336
0.0
0.0
0.0
0.5986415833384047
0.0
0.4292214685296395
0.22444903514349018
0.41286962297946206
0.0
0.8522714765977409
0.0
0.2559008026904039
0.0
0.0
0.8141944266600313
0.0
0.9178230235579906
0.0
0.0
0.9721023779824298
0.18904109362065707
0.0
0.4765004824204587
0.9981260244847563
0.0
0.0
0.0
0.5914628385061298
0.0
0.22390075026399575
0.8432932338870169
0.0
0.0
0.4846620730461553
0.8686851824428482
0.0
0.0
0.0
0.0
0.0
0.0
0.7849910517730094
0.0
0.8289586377198739
0.0
0.0
0.07075918386977856
0.9092360780761574
0.8388089797284277
0.0
0.0
0.0
0.5864224606232439
0.0
0.0
0.30368328546172374
0.0
0.13396916849408316
0.6143753486766975
0.0
0.0
0.0
0.014313678034306235
0.7456843458185838
0.0
0.0
0.0
0.9327353181484143
0.06276602477733902
0.0
0.0
0.3372943147073732
0.08563807034401456
0.0
0.7940993417198005
0.0
0.0
0.0
0.0
0.8971198998680845
0.0
0.46312531812195873
0.6202341387483973
0.07623802159332867
0.9457144852143979
0.10115152520151305
0.0
0.5288462603749324
0.24934474212922283
0.0
0.0
0.0
0.28714964286895067
0.6512223231648959
0.2984746901349836
0.7385737839017308
0.0
0.6383045033357861
0.7118320241215872
0.11987324268063299
0.41369053187017446
0.2891855968275857
0.22390825904303752
0.0
0.5837675633037532
0.059614473198294354
0.03412175232821283
0.26906586221153783
0.0
0.0
0.6666760167176362
0.0
0.5988670026077924
0.0
0.009323371605991336
0.6917321400763374
0.7740554698841593
0.0
0.0
0.31581621412184957
0.22409011963828696
0.08122431757485434
0.5250088582448166
0.0
0.35404440786240093
0.3111412989376696
0.2456260059612644
0.0
0.0
0.0
0.0
0.0
0.0
0.0
0.0
0.895003062425029
0.0
0.0
0.0
0.0
0.0
0.0
0.0
0.0
0.11708406175438346
0.9785339486380359
0.3478833249424836
0.8750438998896213
0.48605161086697596
0.0
0.0
0.7600614111119218
0.6006945791046073
0.0
0.5821973511382657
0.0
0.5458907951269938
0.0
0.0
0.8747590771541667
0.281046499005762
0.0
0.0
0.13794416446813476
0.0
0.0
0.0
0.0
0.0
0.0
0.0
0.0
0.7975645969310345
0.0
0.0
0.0
0.0
0.9393352765260667
0.0
0.0
0.3129101704060961
0.0
0.0
0.0
0.30508958219552795
0.0
0.5268367440271147
0.710538536856928
0.6516677390715833
0.0
0.0
0.0
0.9313766371055026
0.6807699047814648
0.0
0.0
0.9864317284540465
0.0
0.0
0.4252607997587857
0.3697860736205872
0.0
0.0
0.0
0.0
0.0
0.0
0.0
0.0
0.0
0.3370479296331483
0.0
0.0
0.7444887370960489
0.0
0.1743358877360754
0.29925533267883797
0.06209542494290524
0.0
0.40435084728928417
0.0
0.6637991524171015
0.0
0.0
0.938207019125454
0.0
0.0
0.0
0.6080776625940164
0.0
0.9594669591985073
0.0
0.0
0.0
0.766358550780726
0.7046211933698924
0.27503952492974004
0.0
0.7884746979325504
0.7187475999749398
0.793393438179069
0.0
0.0
0.0
0.0
0.0
0.963274123065538
0.0
0.5334727242994327
0.0
0.6620969814492348
0.0
0.45779204590494316
0.3367800892210749
0.0
0.0
0.9378055819137064
0.6889897192843898
0.46230661243726373
0.0
0.5812490275029748
0.7524866134108849
0.0
0.8816260541984371
0.3911669117607982
0.20477118103919453
0.47335808738281604
0.11983082129876729
0.0
0.0
0.0
0.0
0.0
0.0
0.0
0.9981054969907273
0.7245286710666724
0.3021908370327606
0.0
0.4696865263157519
0.8163608611785039
0.5537813338600203
0.0
0.4250494416811519
0.9149656569494654
0.8115538556576409
0.0
0.0
0.0
0.0
0.18573073774693535
0.18698711412130598
0.5252808955676926
0.0
0.5494809091612676
0.0
0.4525144287091029
0.09453426796295643
0.6540020006695647
0.0
0.0
0.9047738414414769
0.6188259809447663
0.0
0.0
0.6017262223576746
0.0
0.0
0.0
0.5031418640756132
0.0
0.5100681672255628
0.30307163871379944
0.0
0.9464470813450525
0.3754188914279067
0.3502531628221603
0.0
0.553681906109496
0.0
0.14077993026855876
0.0
0.0
0.0
0.0
0.0
0.15490491728297162
0.5592084951605187
0.0
0.0
0.39423493173678686
0.982572750930148
0.0
0.8983473307783364
0.5777999210764613
0.14331951697970413
0.9423950432844994
0.49184885712494103
0.7380896845706358
0.0
0.0
0.6889863088662751
0.0
0.9278129562556005
0.0
0.0
0.0
0.9564513281383229
0.0
0.9399988993683167
0.0
0.4735142597277524
0.7955511837441542
0.3603439525343696
0.0
0.8922636356546825
0.0
0.0
0.5412027804242222
0.9610082185187044
0.008314715744296526
0.019693722060160977
0.32940080193959886
0.0
0.08464878518401106
0.0
0.7392235310530612
0.5694919142659194
0.0
0.0
0.0
0.0
0.001561691731884083
0.0
0.45102168812545523
0.0
0.0
0.0
0.9120794519767793
0.5921002212381143
0.02131339011612342
0.2703154268772095
0.0
0.41841792405342915
0.0
0.09085372479110966
0.12783704870569934
0.0
0.0
0.0
0.0
0.0
0.0
0.0
0.7574324708181757
0.1673994876987534
0.749688184360509
0.0
0.0
0.0
0.0
0.992446366922622
0.0
0.4533867828220541
0.7664754179552096
0.0
0.5197231820613741
0.0
0.0
0.3570473341563922
0.0
0.0
0.0
0.28274625115716084
0.8770489381787472
0.5134822642538966
0.10688923066575134
0.0
0.0
0.6346637841537152
0.7026340176140747
0.0
0.0
0.0
0.8693851910520812
0.08698586535667457
0.0
0.5068683224617588
0.13807099596278993
0.0
0.0
0.0
0.71563098277655
0.9549817566408424
0.45838121748871036
0.679586131757524
0.0
0.0
0.0
0.0
0.0
0.0
0.0
0.0
0.0
0.11156879992236486
0.0
0.874927943151794
0.6931857639901863
0.0
0.0
0.4164404718367291
0.02973700967130871
0.0
0.3607257016605775
0.0
0.9262307300656943
0.0
0.0
0.48722394158692767
0.04539297744975604
0.0
0.7358406353833556
0.3999027058066295
0.0
0.5382395295027701
0.0
0.0
0.293576783325461
0.0
0.0
0.0
0.02716789852229964
0.7867391821011159
0.29739729446692076
0.0
0.0
0.0
0.0
0.0
0.9916678650144586
0.2546628060152135
0.0
0.0
0.0
0.11056014922029257
0.0
0.0
0.7527479919686704
0.824067325866233
0.0
0.09961857270247292
0.0
0.6149163562239559
0.25599563799893843
0.87351496683256
0.0
0.7840766428191135
0.0018439388099404227
0.0
0.0
0.2795430671885563
0.7334940715917996
0.9402642125226425
0.0
0.0
0.0
0.9896414415383884
0.0
0.4584515385445048
0.0
0.33562511766142833
0.8034227334279395
0.0
0.0
0.0
0.8230363875792887
0.0
0.0
0.0
0.43330862818261295
0.0
0.0
0.017669283154191702
0.0
0.0
0.0
0.0
0.6884072341949442
0.0
0.4160022860975328
0.23517192610456536
0.9672293616167038
0.0
0.0
0.6176118689785279
0.8248170899365063
0.29246873351965735
0.0
0.1591378127414901
0.2408438066890083
0.7942057285258859
0.0
0.9637493236405715
0.48749636231875326
0.0
0.0
0.3082209584296749
0.6210819371754337
0.9865515016304781
0.0
0.36208653645843686
0.046005390701968414
0.0
0.0
0.21889786873079664
0.0
0.0
0.8720017071114865
0.0
0.0
0.0
0.42189014199197417
0.8664175711834827
0.0
0.34209521198610165
0.7357497562159508
0.0
0.47480195411411735
0.8874440683672161
0.6930270399652251
0.20726217942094857
0.0
0.6454357073028419
0.821483639817374
0.0
0.9968326563315059
0.0
0.0
0.0
0.0
0.692357221376209
0.8777728202122715
0.9290634309494089
0.0
0.14003391963978964
0.16501417504181284
0.7556482315912297
0.0
0.0
0.6939218902885911
0.5498505918149756
0.0
0.06496469670075504
0.0
0.21613542973690963
0.0
0.0
0.0
0.0
0.0
0.3095621309401938
0.0
0.0
0.22279341348809475
0.6096737927570964
0.0
0.05017250817556095
0.0
0.3231169840179594
0.0
0.47853793651952886
0.8203272608380483
0.0
0.36138524078746975
0.0
0.11016346135500892
0.3275860817646318
0.4670159867013164
0.0
0.7347465879942486
0.2380254475537751
0.9613517221103706
0.0
0.0
0.7908241339575004
0.0
0.9378219224114505
0.0
0.0
0.0
0.20636766464151451
0.888018275539274
0.0
0.0
0.6979100296789423
0.0
0.0
0.6709986225175808
0.7036066429686015
0.0
0.4140254984250148
0.0
0.0
0.4210162431038836
0.0
0.8593357778255918
0.0
0.0
0.0
0.43854825397853275
0.0
0.0
0.19341079120212515
0.0
0.09278546596809459
0.0
0.26728823175253164
0.22573058715890987
0.01836650416209903
0.0
0.0
0.0
0.8689556724547699
0.1186466524896546
0.0
0.6321383747179327
0.0
0.0
0.0
0.06976048238956727
0.0
0.35328229460789506
0.0
0.8446218675138989
0.0
0.0
0.0
0.0
0.0
0.0
0.0
0.0
0.0
0.10372212590001223
0.0
0.3755306346301093
0.8970838312323183
0.0
0.0
0.0
0.6489287650691452
0.0
0.0
0.5369597042435654
0.0
0.3404343027410769
0.5723919815278251
0.0
0.0
0.0
0.0
0.19790223714283392
0.9494441363223568
0.0
0.0
0.6377812786072975
0.2120664208957101
0.24022916041910578
0.9352777753599445
0.40411698754332287
0.28718680339533
0.0
0.0
0.0
0.7307678572216472
0.0
0.5543360480470111
0.0
0.0
0.0
0.4917113322434698
0.5681220551931933
0.48457714915291267
0.4069305283091103
0.0
0.0
0.2582302171984524
0.0
0.6958757206881321
0.6557631272475494
0.0
0.0
0.0
0.0
0.41003780069542284
0.20120821012665674
0.7516597862504742
0.0
0.0
0.8571100475884272
0.01672320028882841
0.6699584166168148
0.48992055951356933
0.5895277793457321
0.0
0.9113969641788169
0.5348746689172128
0.7757329112827639
0.22928996844899924
0.0
0.36650461658490546
0.7658056902104472
0.37171309308859585
0.0
0.5522185098344659
0.6022167121967801
0.0
0.0
0.0
0.0
0.10551164179363635
0.893193438450432
0.6822775843535105
0.0
0.0
0.42073976822388026
0.0
1.3775216834570545E-4
0.2106264937347963
0.0
0.2681835409991153
0.0
0.0
0.8072107132230374
0.9778989827869667
0.7408274224374799
0.0
0.0
0.6223748771761114
0.4765900398366433
0.0
0.0
0.0
0.0
0.0
0.0
0.0
0.40559585669055204
0.0
0.7391525590963471
0.0
0.43638517047213876
0.7271231643127907
0.0
0.0
0.2435911071830922
0.0
0.9244841529680831
0.0
0.0
0.0
0.0
0.3776663352661048
0.5180303804942821
0.0
0.6683262320772999
0.8139842494322712
0.0
0.43753362963647685
0.0
0.0
0.9701219373068327
0.0
0.0
0.6557270778323302
0.9302089802515495
0.7092085888689174
0.5107740180969583
0.2433738052986033
0.0
0.0
0.0
0.0
0.3049575712828085
0.4630101069203411
0.9180914392003593
0.1470978987684344
0.0
0.0
0.8035487143084319
0.2488172177234598
0.0
0.0
0.0
0.0
