987
1726
317
1720
244
459
1502
1229
243
356
523
1662
1213
102
665
1676
1142
1081
859
968
760
883
490
1003
615
998
86
1679
1051
1712
1500
1464
192
807
922
204
104
704
271
16
1470
1099
1187
1352
346
439
941
248
160
1231
1569
1331
687
247
17
1394
71
543
1585
630
499
1478
90
1370
169
1521
284
695
1093
45
1112
146
1205
1516
197
13
1542
1164
358
53
107
1047
370
831
400
1538
1554
1361
923
1533
1616
424
75
683
1584
1508
1511
425
1221
215
884
739
811
141
804
189
694
1113
829
18
1197
1287
647
1586
983
919
1498
321
800
202
152
464
512
868
338
745
186
925
37
644
468
1635
1155
1631
988
595
866
129
1729
1011
42
149
652
1086
477
840
1483
1530
646
744
1615
1251
11
828
669
1648
1244
33
65
942
1148
837
910
609
1091
158
722
1084
343
999
626
622
479
1286
1525
1455
779
1381
764
5
1724
1721
151
793
1650
1350
172
889
489
978
56
1620
1645
966
770
879
1028
1440
1441
23
1577
1240
1590
536
175
661
1714
656
252
858
182
106
563
1307
663
156
937
345
567
711
1001
756
1120
1704
405
1337
746
524
957
1639
396
296
1346
126
1278
792
578
1030
775
105
4
78
1254
1373
429
417
822
406
449
904
945
1702
1085
675
7
1671
62
1322
1349
184
1413
1710
1722
1703
1035
1137
381
1598
791
1020
1258
222
383
49
320
1233
46
300
365
783
368
393
1580
625
1447
1194
1010
48
1151
446
463
738
1131
1380
1654
1617
748
896
375
469
1041
238
890
1460
720
515
1644
1594
1171
1458
1062
728
1351
568
1579
976
392
1216
507
614
1339
1038
174
434
1556
87
397
1491
871
640
1031
553
835
1207
1126
360
39
604
918
729
1442
205
101
438
1209
962
627
266
497
1356
475
1066
905
1153
1327
60
309
401
178
12
1604
795
877
628
1050
241
862
642
844
767
1335
927
116
715
1376
1089
1277
442
1385
1101
374
181
1489
1195
810
691
633
841
98
852
1257
460
1122
1599
1411
1109
291
576
1247
1355
969
339
979
1387
1448
413
1104
1080
1408
437
1698
206
1211
1097
1479
680
1212
1543
1716
970
1534
674
1058
801
1414
372
654
1342
1454
1681
1690
123
648
117
724
225
1334
808
1603
1313
531
617
772
211
593
1220
1196
1141
1111
972
1156
1255
649
159
639
1345
1405
797
84
1596
1175
1465
936
1678
210
891
1683
455
741
50
662
667
1492
165
36
911
1589
1591
895
723
1279
864
1501
305
1246
1039
207
813
875
1439
1027
213
1018
522
1378
521
581
707
742
223
1008
1340
357
426
288
1188
1343
673
285
1383
765
504
975
533
1344
1494
514
1477
996
1090
1578
1675
794
51
310
816
848
1443
726
1261
1457
52
894
758
428
1094
908
1324
1540
997
1490
168
157
1375
427
1608
585
768
786
1438
1024
88
330
79
1170
1272
1452
407
492
757
651
6
474
54
298
743
1002
527
448
14
1495
72
1687
735
1249
1493
977
789
344
1705
500
544
55
1299
1401
1365
834
1147
80
1560
549
1200
1117
112
573
1143
1459
1496
1121
1602
1641
58
1640
410
1731
1732
1609
906
1425
1667
572
815
1437
1136
447
366
898
899
984
1552
451
893
387
1536
232
462
1374
1052
1583
900
1369
986
994
145
214
1555
262
940
678
277
597
1226
657
224
306
869
274
1647
24
29
1535
1482
420
1049
556
1600
671
547
179
693
1486
634
100
493
613
785
482
697
245
959
1114
1312
408
195
809
153
254
155
1528
951
1715
409
590
389
255
1697
605
276
525
930
1000
912
91
1241
1208
34
530
70
231
949
714
441
1191
242
380
1323
821
1435
824
551
382
1139
1256
635
1563
1060
1150
961
1357
1649
1549
1512
453
1436
854
1566
960
264
842
1444
1082
1252
817
121
1303
727
1294
950
805
946
1397
1266
526
688
1428
1262
1592
373
766
282
1284
599
314
1067
478
616
1564
353
631
1524
120
552
203
77
96
1354
335
1098
1695
737
838
422
784
1125
565
751
1103
385
992
985
1070
1026
1235
1166
564
532
827
881
1419
185
506
562
1193
1588
1682
8
1636
1660
502
200
351
128
1663
1670
939
580
554
364
830
1651
734
97
973
1110
716
718
1072
1310
1202
953
1263
1215
481
1248
496
1300
444
1372
1280
1044
191
1398
1418
250
777
1693
1499
632
1700
974
404
608
1289
9
1227
1068
529
1488
653
914
1329
1173
916
1206
322
461
753
228
143
1042
349
194
641
488
540
1733
1734
1301
1445
771
1298
342
1532
819
541
1429
498
1045
316
510
1181
730
1054
570
569
1140
708
347
1253
698
19
1472
1040
780
1270
1192
1184
35
1159
1467
759
419
1154
636
436
1601
122
332
1550
769
1576
1291
1539
270
256
823
377
1088
750
83
350
265
995
196
956
1559
788
1007
3
440
421
1730
1728
2
1674
1392
1655
1017
1274
1523
125
1033
450
650
873
583
85
717
542
144
993
924
487
557
467
1115
1318
699
1358
1353
1520
307
118
1400
1021
1453
571
340
218
1056
1095
1685
749
43
1487
1587
935
1186
1541
839
1317
1341
480
1417
1510
870
546
1570
1290
1015
733
1469
1138
456
612
336
69
1315
944
361
418
1614
1558
806
286
30
25
677
929
235
682
1297
971
781
1102
1718
1711
1134
643
1619
537
324
73
1014
814
1079
799
1367
1416
874
63
1271
1332
1273
1168
1022
111
1163
1237
1597
685
1471
304
1053
1069
411
124
1293
947
1557
1622
283
325
1243
293
913
1669
1092
1182
518
299
1087
470
113
473
582
1665
1623
180
666
1236
1421
15
1183
1653
1628
1706
239
1658
1406
269
586
1396
887
199
1265
1568
176
249
867
1223
849
1199
1688
833
706
177
1348
280
1061
1637
268
329
1336
402
1456
484
1225
495
705
774
1123
216
850
132
41
574
1388
851
623
1506
860
1364
1065
1
1283
1607
1048
668
257
1224
1064
379
114
227
832
876
1415
700
1657
702
1451
443
94
1393
709
198
1432
137
1462
818
620
778
395
1006
509
1446
681
901
981
931
1573
430
1402
1029
703
1145
471
1074
754
1548
1399
812
903
1046
1071
965
1116
736
391
201
108
1434
1276
1172
1659
872
508
776
412
892
1152
602
1149
1203
154
1480
1423
861
1275
952
1218
89
820
1509
1308
416
1316
1285
193
226
982
606
1527
958
1106
1180
611
1514
1574
725
1012
1032
1485
294
1409
596
290
963
1129
1713
1384
846
561
1311
591
82
535
433
1037
520
516
1105
1245
1185
1430
1547
1431
528
1629
1100
690
27
163
836
664
1009
731
1582
566
689
150
452
164
1466
752
545
376
1474
610
1420
1630
763
1680
1359
1593
1059
1119
990
1118
1217
1618
1302
1292
161
1377
538
954
64
855
713
1161
865
1232
138
287
334
825
560
885
253
167
272
127
1422
261
1282
1210
1545
263
1362
1529
1606
403
494
76
1230
22
1719
275
721
1677
435
1219
1505
1395
68
645
327
1019
719
1426
1368
684
362
845
878
267
166
1433
1259
1673
915
539
220
57
230
10
938
796
1023
99
1128
95
1572
826
1546
1526
466
803
229
928
445
1642
843
115
762
1611
1691
454
390
519
1612
1214
934
414
1269
1391
1160
1565
587
1075
853
1013
782
130
920
1305
1127
761
1107
1179
1314
1063
548
1507
1016
388
240
1522
352
66
236
880
701
1306
1656
251
1043
109
1078
217
1484
747
1133
133
1338
1178
607
584
558
279
1036
1321
1481
629
511
486
1666
1571
503
135
384
28
660
1360
1625
686
74
943
1544
670
1389
303
331
1410
672
134
1475
1626
1328
740
1717
354
1325
897
659
292
907
1076
856
1239
1424
237
967
1201
1709
302
1174
315
1130
188
1057
1268
1073
355
318
517
432
1707
1132
258
555
1096
917
81
550
476
212
991
989
348
1575
67
140
1333
710
1404
787
619
394
1281
579
1407
148
273
1169
1595
1581
219
341
1055
1288
20
378
491
501
1646
1309
47
932
44
457
1473
187
103
902
1250
119
221
1661
1319
1162
1551
1366
790
594
588
1176
679
190
637
1198
1537
1624
1605
399
847
882
1034
1083
802
415
638
857
1264
575
1320
618
485
328
171
1403
676
601
755
1450
147
1108
301
311
1515
1553
1260
1390
1347
964
131
278
1165
136
863
1167
483
369
600
1382
162
38
1664
259
1135
534
59
888
621
603
732
40
26
1204
1517
1379
1463
1158
386
1672
1295
505
955
234
1267
1696
1692
323
142
1157
1497
359
1610
1304
1242
1689
110
1519
367
696
589
1412
31
281
398
798
598
1621
1686
948
1190
233
295
921
1513
513
1234
1562
139
170
1025
1694
1638
1701
472
1633
1627
1518
1146
1077
465
333
1684
577
209
1330
313
1238
1567
1727
1228
458
61
32
1386
1296
1476
559
1632
1561
909
21
1004
933
1363
1613
1531
1189
1668
371
173
1634
423
1124
308
1177
319
337
1652
1708
1643
1461
624
592
1222
93
1725
1723
655
926
260
312
1427
1449
297
1144
886
1699
980
773
92
246
431
1504
1326
289
363
1371
1503
1468
658
326
208
712
1005
183
692
