62
367
16
1265
146
1418
878
254
461
425
340
929
26
1104
495
1711
965
251
102
306
1388
273
574
497
654
1151
120
1700
1024
1537
1664
867
645
777
378
33
181
397
280
795
221
1574
794
1204
811
45
1583
128
42
462
984
361
1186
889
3
133
12
1060
548
638
48
579
208
1445
242
913
304
316
611
355
167
157
1635
1248
1053
2
1179
229
434
400
964
329
568
665
599
994
1115
457
686
743
1040
1241
439
473
732
666
490
23
723
421
614
149
21
552
332
722
1400
1425
791
108
1017
407
265
1377
1390
484
995
129
18
320
532
1485
1518
1033
372
857
36
215
226
1465
47
1247
802
1345
260
1334
782
142
1480
1669
284
1346
1132
1282
1103
946
1320
1453
164
264
504
244
963
66
840
426
957
941
1012
1245
1180
797
6
691
72
540
573
576
327
798
748
64
180
336
1108
245
97
199
80
259
661
664
115
291
305
542
1659
1605
137
1005
160
1625
1437
474
940
905
970
1729
1695
153
154
1080
1111
274
99
681
243
345
437
969
414
257
69
1174
594
767
1342
821
1244
1208
922
1158
903
829
1459
441
617
517
920
927
850
1473
1666
908
1511
1434
1286
1550
1631
1161
369
281
159
699
564
1215
223
1096
536
380
301
1617
1128
974
1595
1601
326
1592
1668
1389
1441
1638
1444
1637
711
1652
1105
1324
896
60
464
217
205
766
40
827
87
93
28
986
904
684
1042
9
947
1123
1156
1542
156
256
419
822
233
1331
277
319
1488
313
337
246
454
106
900
368
475
298
1213
587
912
1254
1463
263
194
189
1154
198
150
190
165
155
127
793
1499
1590
1702
22
210
962
866
491
135
628
293
432
961
376
394
496
752
487
1381
1315
98
1306
1101
1509
1521
1571
914
546
1019
1734
356
679
328
586
455
1533
1642
1322
1620
1261
1167
669
382
503
185
1138
1650
1336
1713
852
1599
762
958
1719
1728
1004
1087
1077
930
56
415
637
749
1054
643
270
1640
1402
1532
131
489
621
571
578
86
485
597
662
887
422
1149
1410
510
987
1253
1312
764
228
990
303
741
670
344
392
1259
1252
835
58
55
657
876
141
1238
932
314
677
1553
1246
1232
411
371
1555
1591
1
1144
1172
543
1297
1159
1098
583
77
287
1152
132
166
1504
184
88
588
116
389
897
1071
1175
266
442
585
1370
1275
1691
1554
1171
395
1337
882
949
30
39
1122
1486
416
729
1183
1195
1226
388
649
509
162
338
1302
1373
1116
1393
1573
1500
1221
1326
82
27
46
644
1438
1455
1454
1515
311
307
726
692
945
559
428
1070
1029
206
296
502
519
1176
1272
1102
1540
268
512
480
317
745
623
609
433
525
494
195
1014
844
606
1000
697
1052
1015
650
1157
360
682
709
1561
261
174
147
1182
551
960
17
956
253
325
1549
919
103
848
1025
1178
538
1303
1335
1379
393
618
724
151
302
216
1528
1611
1415
1395
1612
334
478
526
610
1063
1405
997
803
880
607
849
1146
1600
1586
1645
1329
1291
1037
1419
1110
1628
954
351
63
343
1384
1358
1099
1163
511
1610
1697
1699
1709
1710
1396
1189
831
203
173
1449
1408
1295
1321
1256
1325
1380
781
1339
1079
1343
1090
1268
1257
423
633
1051
1166
1061
1474
1682
1692
1720
589
1678
1164
1197
1621
1397
545
412
672
1546
1598
846
436
1646
1072
1436
993
1094
834
948
309
1514
1022
200
219
507
1031
757
234
727
294
717
14
8
773
1078
1209
1168
353
218
972
605
1482
879
238
902
1270
1577
1200
1483
1177
1266
760
438
61
1491
824
1160
1165
1188
1203
65
357
779
38
1510
901
486
456
646
708
446
297
1478
1234
1284
1489
1624
1117
1032
541
191
74
1368
1603
1170
996
809
379
231
783
1113
663
704
909
1219
1056
321
481
731
201
1318
1613
967
1409
1544
959
1065
823
1308
1207
865
1140
535
79
424
1173
747
1276
1362
625
683
1316
1073
1670
1679
1467
125
443
816
459
1143
789
998
1202
860
359
886
787
868
488
148
874
1076
1432
1564
1135
1030
452
626
258
642
479
700
1134
13
1426
1349
1582
1696
1724
1608
1693
1721
754
1417
1667
1356
1472
1479
1688
1703
859
1706
477
720
472
810
1002
1043
1675
1148
567
746
943
565
591
435
1359
1411
1092
1097
172
1333
1001
255
43
1083
1236
906
1305
1064
1010
1618
1732
1348
917
451
1552
176
193
989
612
854
799
836
1602
1439
1307
1059
862
776
516
50
383
530
635
630
1350
575
1199
1496
1497
1626
1727
292
1085
1289
1726
1127
1120
925
499
1301
712
832
1501
1364
1448
772
966
1471
1225
114
1371
1351
1477
734
1039
1579
1606
299
390
554
581
450
870
249
819
68
225
333
765
187
808
539
780
179
1034
330
269
675
346
636
1016
652
1047
214
702
1027
1048
1242
396
1461
1558
1470
121
1714
1712
553
531
271
384
408
365
603
933
688
529
1011
871
653
107
673
524
560
1067
1279
785
449
689
1131
985
937
768
667
634
52
1081
828
872
522
440
569
322
1231
1118
1222
1119
921
843
1341
1258
523
696
1332
1233
1367
556
1218
1095
136
863
1169
211
1378
1671
1451
430
109
1594
1644
1524
1452
288
1413
398
183
566
715
230
1137
429
444
158
1084
482
1300
1091
1298
1255
1361
1412
1285
825
1363
873
24
1212
101
161
283
1206
492
983
352
431
300
182
775
262
445
373
520
739
894
615
632
91
192
20
78
349
706
988
1153
1187
272
276
813
67
1466
991
934
1468
335
1547
1694
1614
1391
1062
1456
1722
1416
1058
1352
1296
1435
951
1519
1210
1661
1643
847
1673
420
1683
928
1216
1229
1089
1498
1162
1366
57
1507
1604
955
753
1423
1057
1607
95
979
140
163
1283
1035
1327
1687
1634
572
1723
1707
1290
1328
207
239
1049
375
1446
1185
469
358
310
177
1280
70
1310
506
84
49
347
471
687
613
1006
918
839
168
122
1021
1476
883
227
719
701
616
318
1262
784
527
1125
240
308
1008
202
698
639
1450
1249
977
1399
938
1493
1124
1585
1733
1538
1725
1424
1235
1458
100
580
232
1217
1357
557
1526
1196
111
931
1069
596
744
35
1107
402
427
737
1121
518
188
1181
130
807
417
71
331
716
1277
742
838
796
1145
241
363
75
1516
1038
1443
341
978
44
53
877
774
501
1239
1013
763
235
818
1112
805
660
1220
855
1141
678
714
627
374
842
771
1100
755
403
323
466
547
690
460
1475
1440
447
718
1309
592
1139
1427
1539
769
377
735
910
1404
25
483
738
728
404
15
1263
1243
1365
935
237
888
528
1317
1319
1407
629
1525
1211
342
362
1190
1086
224
89
196
1223
391
1009
521
563
1609
290
1680
364
1565
515
710
315
864
881
252
758
463
508
37
175
32
29
348
895
385
648
110
619
213
750
85
1314
788
476
759
250
126
577
381
562
275
278
498
134
602
514
324
171
1106
924
4
980
418
405
401
76
1273
1323
289
1490
1551
1545
884
680
59
705
1430
209
73
145
600
410
178
282
1580
1464
1665
1495
1655
31
671
1520
1506
1513
1584
1360
651
740
1109
953
1198
1230
144
869
659
640
236
907
1088
1028
830
582
119
386
658
885
1294
1237
693
1330
936
770
1534
1505
1383
1376
1705
1527
817
1224
1387
786
1593
11
833
694
725
826
1616
1718
1403
1649
1442
1731
861
733
911
1046
1338
170
113
152
399
467
620
792
1386
1654
5
1385
1398
923
1355
458
92
1347
1502
1681
1462
186
915
1281
558
778
500
820
1716
1730
1615
891
1018
942
668
1036
1394
982
1421
1484
220
713
608
812
1382
1469
1192
1653
1658
1623
1563
1566
1568
1562
1512
1641
1193
1633
1055
1129
598
890
1074
656
169
1045
267
212
94
138
1569
465
1701
1647
1570
1715
1676
1557
1567
1429
1066
858
584
409
406
366
534
1194
1228
1663
1622
1304
674
1492
590
1130
513
1369
1447
1392
1460
1677
1559
1354
1184
1041
1689
34
139
751
703
286
756
973
1136
544
676
1155
413
470
593
1082
448
1214
1560
1596
641
655
1698
1556
1704
1708
999
992
7
222
926
1433
1020
1299
247
248
350
124
81
1340
804
1629
1587
1717
1375
1581
1205
916
1274
1278
1311
1271
790
555
279
51
1147
1114
1269
1250
41
1543
1632
1627
1535
1530
853
899
1126
1003
104
117
285
143
1428
1686
1657
1401
1684
1685
1522
1457
19
695
1293
647
845
354
841
1191
851
721
96
1508
1651
1536
875
707
505
1541
1264
1267
1588
1662
1344
1578
112
601
1374
893
1636
1648
1531
730
950
197
1251
1431
1414
1075
1548
1639
806
800
1406
1487
1201
1517
1227
493
570
1068
971
944
981
1292
1093
968
561
339
10
312
1572
1589
1313
1656
1690
1630
1672
1660
1597
1674
1619
1481
837
83
595
761
815
1023
975
370
1260
976
118
1420
1523
1575
1503
1288
1142
939
1150
1044
898
1007
204
105
453
1240
1529
1576
1050
685
604
856
952
549
537
533
624
801
54
90
123
892
468
1287
1133
631
550
736
622
1372
1026
814
1353
1422
1494
387
295
