39
270
245
114
181
707
6
34
2
134
82
8
315
1179
3
507
1364
801
29
1
406
98
22
12
602
152
217
472
90
323
534
295
129
605
115
772
32
1531
329
5
4
321
11
297
565
161
714
1345
57
195
1311
1127
690
184
86
173
83
281
28
1254
74
187
53
332
61
159
60
735
7
162
77
788
432
212
1069
382
199
398
16
186
264
1582
14
1317
536
236
856
698
374
588
1339
969
25
136
164
108
20
143
55
51
31
357
269
924
299
443
622
450
568
353
653
1083
363
302
244
145
232
56
105
362
62
1076
1392
1223
1443
1498
1327
581
873
1125
684
1478
953
842
837
1229
1005
718
1020
891
538
771
308
343
975
637
625
785
493
609
643
127
1196
1307
1216
1613
1038
745
390
1170
889
1016
705
833
1009
1542
84
211
1199
1363
1459
120
435
694
917
293
305
254
128
182
356
358
528
15
41
823
1302
1037
1071
1202
949
1123
1173
664
213
174
1624
1640
1609
347
1557
615
633
1081
1481
1314
52
30
135
399
364
503
940
1295
1139
1155
967
1163
862
1676
631
766
44
1013
832
48
201
1115
1435
1433
1428
700
775
1078
1158
1090
1205
1101
679
688
1297
562
681
1386
751
1274
1053
1506
923
1153
870
1444
1235
1552
1515
1439
1103
1249
1239
915
1132
1010
1143
1040
952
1349
1215
738
1236
998
1121
880
172
336
414
859
178
386
564
168
157
96
140
1672
1073
1341
1642
1291
816
1401
703
1228
600
1374
1077
1441
1496
304
376
809
1300
1446
1422
1491
467
366
1240
1198
1177
1072
1151
380
428
260
1587
50
97
78
1120
35
482
876
1055
982
1051
541
670
485
1529
458
320
522
132
589
897
1082
692
1487
431
224
1241
1192
1449
1281
612
1611
1616
1584
1033
1060
1098
1354
1144
1348
139
652
888
808
903
1084
789
170
156
121
476
340
1031
198
560
193
438
116
350
758
896
1079
1111
106
125
104
123
875
869
496
1044
1371
947
1197
874
811
1416
1577
149
68
54
250
66
124
285
257
210
215
845
909
456
1207
1102
1261
1633
33
63
67
373
43
518
434
951
950
1062
231
849
708
595
750
621
839
501
219
851
388
325
188
46
826
938
608
341
1573
1632
473
403
309
579
1411
1590
956
383
424
1105
636
519
1074
1042
807
736
656
887
512
848
475
1086
994
853
1036
419
351
494
466
582
190
1019
1008
844
516
452
1052
410
530
787
674
1162
650
717
460
939
1059
658
661
675
1271
1183
155
280
1064
933
1641
1647
1630
1636
459
261
997
317
430
349
322
298
489
829
1575
142
689
918
1656
1220
1126
303
179
18
228
95
436
1210
1544
1250
1178
618
1149
916
1438
1683
1564
1654
1034
1548
1657
1578
900
911
1388
777
571
384
908
619
759
591
1206
510
753
1260
112
42
118
296
291
265
377
371
355
1032
1099
561
1191
1494
64
635
677
1030
1096
1108
58
189
268
827
904
927
584
441
617
468
575
1119
1043
1066
352
240
259
175
222
491
446
755
499
763
821
420
470
665
592
894
1375
1399
1404
1447
1448
1659
1627
1629
1253
276
1568
1601
1638
1046
1088
1147
1536
1316
1328
1563
1615
1436
1382
739
1440
1470
1596
1547
1594
1703
1717
1704
1719
1667
1712
1425
1320
1707
1664
1450
960
333
1513
1482
415
447
1462
1319
1607
1500
1508
843
1012
1512
1489
1372
800
769
767
1015
1093
1104
1166
820
1286
165
695
1265
713
882
1695
945
741
986
1543
1622
871
1070
1681
1298
1550
1666
1493
1519
1315
1268
928
1475
1605
1180
1430
989
935
943
557
1369
1238
667
1359
1212
957
1018
1142
987
1225
1280
1226
1095
1113
1263
1344
648
810
883
749
990
1224
1279
1003
1122
723
641
1211
471
620
815
1039
898
1169
1056
306
312
1128
1342
1691
1699
1631
1559
1602
857
1045
1164
1097
1185
1140
972
1589
1571
1566
1532
1570
795
963
396
762
1152
1288
603
492
331
1434
243
508
1623
547
490
486
521
1391
1588
1551
1585
1628
937
1580
866
1154
1237
1329
727
813
1421
1334
803
1159
1321
1343
770
1464
1525
1499
1599
1174
1107
966
1184
1106
1674
1721
590
630
1378
1390
572
586
907
542
884
768
389
1011
716
657
558
1716
981
979
858
570
669
910
701
687
765
1352
1004
1361
1137
484
397
1336
725
527
1283
1091
1057
1706
1728
1715
1576
1682
1729
1554
464
1722
563
993
1041
1157
1713
1709
1684
1701
1645
1606
1504
1431
1619
593
1429
1469
1697
1495
1524
1521
1522
1679
1696
1393
1661
1600
1689
1686
1618
1724
1621
1733
720
1685
1718
892
699
375
318
668
576
1553
1002
1027
1688
709
838
1021
1049
1156
1094
479
691
835
1117
895
824
81
76
103
283
1075
912
239
932
408
1001
752
316
756
1397
1514
1687
812
535
1690
1698
611
1731
1726
1569
1734
1597
1720
846
1643
1634
1708
327
392
553
457
1227
1353
1581
1473
1396
1625
1231
1460
1377
1652
1356
1160
1651
1649
1413
1665
1362
1526
1673
1714
1646
1639
505
607
1275
1028
1114
1384
1558
1528
1660
1723
1694
1358
1257
676
1572
1725
1732
1702
1675
1727
1730
1700
1610
1574
1068
799
1381
1561
1385
545
417
409
227
208
370
448
425
421
1653
1692
1406
1395
1680
764
451
1579
1603
872
948
1534
1668
1546
1655
1608
1710
601
578
936
1366
941
1145
324
515
461
1405
737
1047
926
968
974
487
1350
1458
262
113
288
1248
348
1523
334
387
205
119
107
251
335
513
1485
1490
1299
1308
453
852
671
702
242
988
868
226
663
797
817
719
715
543
567
440
365
632
537
550
445
1017
1410
672
754
696
533
310
328
500
279
649
395
640
1367
623
934
439
1124
1331
1258
1304
1705
1251
1303
427
740
481
1267
651
744
1130
920
958
1065
1161
954
569
774
1556
1346
1604
511
1165
585
965
372
307
202
526
597
604
1022
1313
925
1029
1565
1357
462
497
556
342
337
286
1201
1583
1186
1454
1273
1244
1432
1517
1671
1711
1312
1379
1061
412
1535
1398
1272
1193
1457
1453
1509
1549
1332
1476
1409
1620
1539
1530
1518
1562
1445
1456
905
1351
606
790
980
1150
1511
1537
1461
1420
1474
1085
1472
360
922
214
216
437
574
1323
985
1480
1176
1402
422
433
523
385
1284
1116
1026
1289
964
249
344
9
1693
1135
1677
639
841
1050
1555
865
1188
1089
1338
1324
1243
983
548
1276
1383
1136
1507
1644
1516
1614
1567
1538
1663
1502
1340
1483
1533
1270
828
929
1376
1360
1175
1414
1424
1669
1465
1626
991
1595
1246
1290
780
1598
961
1617
1678
65
185
1403
1347
1218
1479
1505
1373
1296
995
854
1131
1282
1277
1309
1293
890
1527
913
313
899
773
645
196
47
931
1118
1217
1167
791
1306
973
287
1171
834
1048
914
804
359
802
1278
814
730
477
509
532
594
678
840
423
1204
724
682
256
577
919
346
294
825
326
1087
861
1035
38
87
101
109
45
70
59
726
141
117
253
160
514
566
367
394
230
147
529
794
729
962
1138
1232
747
746
495
616
248
426
786
666
21
37
100
73
40
36
301
148
247
151
238
559
75
146
111
122
130
163
150
72
169
99
80
292
79
69
71
23
91
24
17
19
13
10
93
284
144
405
483
400
154
379
330
252
850
1194
1259
748
1134
1190
1545
1452
1394
1242
1488
442
1006
1209
1234
1264
1148
1168
1063
1092
1195
1208
1486
1442
1301
1305
836
1141
551
444
673
555
131
137
290
465
1100
1213
996
792
822
1252
455
138
194
274
393
520
831
885
167
275
258
345
706
734
685
864
819
805
793
761
598
798
784
783
368
1129
626
573
1503
1501
1463
1492
1477
1437
1419
1418
1380
1389
1415
1468
877
1455
796
999
225
921
610
220
197
1067
867
552
902
583
946
863
779
782
680
778
704
596
721
686
463
540
683
413
757
628
733
1189
1181
1200
1110
886
712
944
1080
1233
906
587
855
627
742
1322
1400
1058
1146
959
1337
655
722
624
728
531
1219
1285
1335
1222
1256
1054
613
614
818
1014
1000
1269
1255
1230
1427
1520
942
781
977
976
971
879
970
992
878
1025
1221
1203
659
731
978
263
311
847
1023
1112
930
1133
984
881
1024
89
92
102
85
88
955
901
506
474
697
743
644
710
266
411
404
401
391
416
599
524
544
549
1287
502
517
1484
1586
1612
1662
1592
1658
1650
1423
1368
1365
1466
1540
1387
1467
1187
1635
1670
1648
1591
133
1593
1560
1637
1541
1510
1497
654
478
580
546
642
402
498
110
504
732
760
830
629
525
469
289
273
177
206
203
204
235
237
200
267
234
218
418
241
255
26
27
369
662
646
94
183
153
180
319
246
1109
277
271
272
660
192
209
158
176
171
233
278
282
378
638
49
1318
1370
1245
1266
1294
1214
1247
1172
1262
1325
1417
1451
1471
1426
1407
166
191
221
207
223
126
300
229
860
1182
1310
1326
1292
1408
1355
449
1333
338
429
314
339
539
806
634
361
647
693
776
554
354
480
1412
407
711
893
488
381
454
1330
1007
