317
190
140
23
270
316
301
281
30
202
113
240
248
175
85
178
210
105
243
181
144
39
319
197
318
94
200
31
72
199
135
96
152
229
238
89
284
157
19
208
52
168
305
322
97
314
253
325
307
196
230
254
123
273
14
54
4
56
5
177
124
102
296
136
158
256
176
154
100
311
63
268
162
130
283
289
265
201
77
84
312
153
70
217
6
244
180
291
49
211
206
26
285
213
246
228
61
286
2
9
60
24
215
110
41
132
303
125
1
192
174
36
33
247
38
45
29
7
99
71
138
161
304
222
193
236
308
32
309
37
223
205
310
28
150
59
47
261
57
88
249
241
104
16
11
127
259
262
294
17
90
260
146
95
165
204
15
40
172
183
164
300
184
266
287
324
224
13
117
179
64
255
280
74
22
288
292
27
137
109
119
133
212
277
216
145
315
8
250
269
81
231
276
313
237
67
103
233
79
169
279
122
151
115
35
293
12
55
98
166
232
126
148
207
323
108
18
320
251
282
186
80
170
182
171
297
25
20
245
198
86
194
185
306
298
195
149
226
120
50
163
189
257
107
159
155
91
48
139
235
62
271
116
299
128
44
258
34
227
219
252
218
167
156
92
66
242
187
302
147
75
53
191
173
21
106
111
114
68
290
239
272
264
101
214
267
274
76
73
78
188
82
46
112
69
209
3
121
83
275
160
278
65
10
93
141
131
321
42
134
220
51
129
263
221
203
87
58
234
142
143
43
118
295
225
