81
325
62
37
162
47
72
151
146
24
55
63
109
171
78
175
97
35
154
160
123
145
128
324
176
122
177
124
178
179
180
174
32
43
139
322
103
181
182
183
138
184
185
157
100
153
316
167
323
186
46
130
71
133
112
105
18
165
23
187
115
108
164
317
188
99
189
126
190
191
26
54
192
86
75
92
58
193
101
194
85
195
70
196
4
121
197
314
198
134
150
19
199
158
200
315
201
202
8
149
203
77
152
204
48
66
205
206
90
119
207
208
209
102
210
114
89
44
1
137
143
169
211
319
318
212
213
36
38
125
53
34
173
30
67
214
215
52
117
42
111
216
217
155
218
219
29
74
64
220
12
17
76
221
7
222
6
223
224
2
87
225
13
226
227
3
51
11
45
228
229
166
230
231
232
233
234
172
235
236
237
238
65
57
136
239
240
141
147
321
156
104
241
40
96
131
242
243
244
245
170
95
246
247
80
144
20
320
120
248
249
250
33
118
91
251
69
79
88
252
110
253
254
255
256
116
257
258
163
259
260
21
261
262
263
22
159
264
265
10
266
68
267
268
15
269
270
142
61
60
271
135
272
273
274
275
276
277
278
279
280
281
282
113
283
28
284
285
286
287
288
106
83
289
27
140
168
290
127
129
291
292
148
293
294
295
296
49
297
298
299
300
301
302
31
56
9
303
59
304
305
306
73
41
307
308
50
309
310
84
161
14
93
311
82
132
312
25
98
107
313
16
39
5
94
