252
313
78
116
239
57
128
318
283
26
233
169
64
297
212
287
197
45
138
132
193
143
119
240
273
316
77
250
218
90
274
58
21
111
248
175
69
275
125
60
278
291
241
308
207
202
186
113
190
309
118
210
98
174
136
320
56
61
232
305
72
76
231
237
272
289
276
298
299
296
38
224
314
204
84
87
323
163
205
293
265
137
256
253
20
121
146
62
325
155
160
107
301
115
184
211
285
263
9
151
302
179
171
67
37
28
165
286
134
148
269
164
201
156
167
245
133
108
1
191
140
159
161
180
117
43
262
168
129
281
124
55
135
120
80
106
264
157
39
158
96
220
88
196
150
195
18
126
261
282
19
22
153
104
14
178
8
176
228
12
187
198
10
83
189
6
46
5
127
266
181
95
183
208
236
279
33
50
200
142
214
177
166
242
141
86
182
75
103
284
226
172
122
47
29
194
73
255
32
147
247
170
102
63
173
310
99
303
304
244
203
288
216
217
192
280
257
295
89
322
213
243
105
131
162
206
209
267
185
290
294
16
144
229
292
35
27
259
249
2
139
23
311
315
25
251
254
227
93
270
321
199
258
307
260
306
317
246
300
277
324
230
312
219
271
13
101
215
130
68
319
238
235
268
15
145
59
82
100
49
81
52
54
225
48
91
36
51
40
188
110
85
221
92
152
149
11
65
44
42
97
223
53
154
234
112
66
222
109
31
34
4
17
94
24
71
70
7
74
123
114
41
79
3
30
