0.0
0.0
0.1185770024977141
0.0
0.12323788339527171
0.1332079030860085
0.7221671598629874
0.43829674090243037
0.0
0.0
0.7236133576789212
0.0
0.4975302104442988
0.0
0.0
0.07399871834129909
0.0
0.0
0.922414449068839
0.0
0.0
0.16585166997913667
0.0
0.12722393127181253
0.0
0.0
0.05432768338123009
0.4821001214948456
0.0
0.0
0.0
0.6854145518618705
0.0
0.0
0.0
0.0
0.4382463400685935
0.5861444718023414
0.36702123336595643
0.0
0.0
0.5071826849844154
0.41299162094444625
0.6023597732150234
0.0
0.8232581302508302
0.946851923129069
0.0
0.8770222261745647
0.0
0.0
0.8871905150289184
0.7236378589226671
0.06828245945135174
0.0
0.0
0.6103463702106138
0.0
0.0
0.0
0.0
0.037481185152231256
0.0
0.7498326142258906
0.0
0.0
0.0626008706564807
0.0
0.0
0.0
0.6763266772314126
0.0
0.0
0.30611650055405903
0.0
0.5480593704490084
0.40539083292749334
0.0
0.0
0.3397374751610849
0.0
0.38942889586483453
0.0
0.664851668703458
0.4445473628771736
0.0
0.20677135366171476
0.0
0.0
0.0
0.0
0.1527740743356226
0.0
0.27408678758155486
0.0
0.0
0.9451853542253466
0.0
0.037948731905203766
0.7832741616064344
0.7886519341183372
0.7509740396775734
0.15347693370867369
0.5590374539917153
0.5949901819091739
0.008022701186929423
0.0
0.6494770372522033
0.943708179759167
0.2503871297432883
0.7030627561248372
0.0
0.0
0.09033994175370817
0.440064516730893
0.5420766825007658
0.16040504769050362
0.9131223982849395
0.0
0.1893394814873142
0.761004874704385
0.37502777781276525
0.807728435698906
0.27337967479690395
0.1526196470369492
0.0
0.0
0.19057380005731667
0.45792702710435207
0.0
0.0
0.8267162369003564
0.0
0.0
0.4799778635255213
0.7830818283274202
0.0
0.0
0.011470316378438518
0.0
0.8987329215119394
0.3166262718363506
0.9045691883612835
0.5076960682089352
0.0
0.0
0.11674371758199094
0.0
0.0
0.0
0.0
0.0
0.2679220011151041
0.9784244614217847
0.0
0.6895070228903006
0.18769500480740586
0.6314987967646458
0.0
0.0
0.5441541750051626
0.3268738196770586
0.0
0.0
0.0
0.8491776131986581
0.8084167426635399
0.0
0.0
0.0
0.32622336764333576
0.733006209126214
0.3181949610305564
0.0
0.0
0.43646661556606603
0.0
0.36408428789610514
0.4814586167259062
0.0
0.8977572115517573
0.0
0.0
0.0
0.0
0.0
0.0
0.5586849542343479
0.0
0.0
0.6865417016827028
0.0
0.09058721436663669
0.9898012534811977
0.40744786169216174
0.0
0.1839672872983169
0.3295204524940465
0.9988608651770379
0.0
0.0
0.0
0.9576699182563949
0.0
0.0
0.0
0.3983284486005425
0.0
0.6673553805021529
0.0
0.0
0.0
0.0
0.0
0.14068342302273673
0.0
0.0
0.71760325802287
0.6207021240848374
0.6352807453852973
0.0
0.0
0.0
0.0
0.0
0.0
0.3305764871077633
0.0
0.0
0.0
0.8426531329835085
0.0
0.017203114857268838
0.8165849945467888
0.6541070892540085
0.0
0.0
0.7236041164229308
0.24095876404656616
0.0
0.0
0.0
0.0
0.5438324416832552
0.0
0.0
0.026852382566449187
0.33946706133391036
0.49535037716755875
0.0
0.70061233631132
0.0
0.0
0.19185592510229874
0.7830610190441754
0.0
0.0
0.0
0.0
0.0
0.0
0.0
0.0
0.42766353912550287
0.14097385842516652
0.7695930243073155
0.0
0.0
0.015136541438638032
0.0
0.0
0.4848599246176447
0.042821677355292985
0.8300939433555179
0.0
0.0
0.22859637276371642
0.0
0.9894727592206358
0.0
0.0
0.0
0.9235729713206249
0.0
0.040988762314782975
0.0
0.0
0.7051755535521111
0.0
0.40435930394527553
0.5480739380274458
0.0
0.9778077432218548
0.0
0.0
0.2998923007110579
0.13442610695390297
0.6101686193551393
0.0
0.0
0.7974235133480756
0.38010041159893854
0.0
0.0
0.044616600219520144
0.0
0.0
0.38685156819614186
0.0
0.6351885795655393
0.4237940576304947
0.6594067144135525
0.7826693313664185
0.0
0.0
0.0
0.9788971994149925
0.2917041524833015
0.0
0.27071499402525134
0.8163767879119123
0.2147703220879399
0.0
0.026319827817881895
0.6904713049801552
0.0
0.0
0.0
0.0
0.49569940466070006
0.0
0.0
0.27736883464297957
0.688610646553454
0.7009840237901871
0.0
0.706258900246309
0.5077939261328093
0.0
0.0
0.0
0.0
0.06287734198328251
0.0
0.0
0.578461697177512
0.6140247624402607
0.8548627712088515
0.0
0.0
0.01314708477901547
0.0
0.0
0.4068429087800737
0.23319445673930106
0.17625564018999262
0.0
0.0
0.0
0.0
0.0
0.0
0.0
0.5491043347746611
0.0
0.7998868064784806
0.0
0.5360873138998941
0.0
0.0
0.0
0.0
0.0
0.0
0.29869059825604577
0.0
0.0
0.07423615698851763
0.0
0.0
0.6160604127515592
0.3709096748987757
0.7070764585580765
0.0
0.06306902022075538
0.0
9.455885884605437E-4
0.23802476375122064
0.0
0.875375240577071
0.0
0.0
0.0
0.6634447401942445
0.0
0.0
0.5181180768555895
0.2594902081303286
0.05952296924072874
0.6974772589803139
0.0
0.0
0.0
0.0
0.5080585002027853
0.1421608154891058
0.0
0.0
0.3064504210604144
0.5383641533312078
0.0
0.30802736770981815
0.0
0.0
0.0
0.8589581983822768
0.0
0.8667981015442029
0.241092422031769
0.8877833258709832
0.8925543222293675
0.8910715665269531
0.6925383875180426
0.0
0.0
0.26641512267855816
0.0
0.21406116632681477
0.0
0.0
0.33683839060467957
0.4394683945184977
0.7312251277094105
0.0
0.44115285702278484
0.12796966963816872
0.9296519706659658
0.6182889460571381
0.0
0.10599209893408977
0.0
0.0
0.4693535865779943
0.0
0.0
0.0
0.5069293425225017
0.0
0.1008426005805691
0.0
0.0
0.2875075000596086
0.0
0.0
0.0
0.0
0.0
0.7405321181318903
0.4991638804254119
0.9182498609794483
0.0
0.006807742189235266
0.14121105640520917
0.0
0.0
0.06209940240956389
0.6850028507414
0.0
0.0
0.48756734496467946
0.7053837600552404
0.4818837444872956
0.0
0.0
0.42843469622681596
0.25652733838889935
0.09244880339975571
0.0
0.021007975225725062
0.0
0.3907974027872218
0.0
0.7614558676677705
0.5759576237228101
0.0
0.1960401581806118
0.0
0.0
0.0
0.009958581026112825
0.0
0.21688879257581314
0.8548590730459034
0.8438105058396629
0.3947962447365217
0.647553412821055
0.0
0.0
0.0
0.0
0.0
0.0
0.0
0.0
0.8806723896107647
0.0
0.3521804640629155
0.035567803198107484
0.0
0.0
0.0
0.0
0.3018708399942982
0.0
0.8115107310573073
0.0
0.4111796173450715
0.0
0.8449730153756292
0.0
0.0
0.2345560423246713
0.2617438858441787
0.9666341476460524
0.0
0.776182594819822
0.0
0.0
0.0
0.0
0.0
0.08308624507248513
0.1297096027784308
0.0
0.0
0.0
0.9179716230297489
0.7401517840035482
0.0
0.0
0.0
0.022210683272780744
0.0
0.0
0.2019151939311341
0.037646795313714995
0.44379056507499137
0.0
0.794496003520362
0.0
0.0
0.6799819586105327
0.3246988645019337
0.0
0.316815226019648
0.0
0.5018262021467909
0.0
0.73647148055813
0.02144655075430874
0.0
0.5919477825587905
0.0
0.723485521918405
0.0
0.0
0.0
0.8481775582209679
0.45067596953582983
0.16520993911390275
0.0
0.5642296981854714
0.0
0.2649008205802794
0.4062558248965205
0.10626436770859095
0.0
0.0
0.0
0.0
0.0
0.0
0.8320644741649521
0.0
0.18074024246311066
0.0
0.30267829202479335
0.0
0.5173868732775881
0.16949279751077576
0.0
0.0
0.0
0.0
0.8109911891858252
0.0
0.0
0.5719121447755714
0.0
0.0
0.0
0.0
0.0
0.18304919457920132
0.0
0.415120037362569
0.0
0.1722588862264173
0.0
0.21843274657978795
0.0
0.0
0.2922108681479433
0.04499861942164564
0.0
0.0
0.0
0.7881690078513625
0.9854024665564685
0.0
0.6055443712882257
0.0
0.0
0.0
0.12666314521435512
0.2993046960989849
0.7037507168358357
0.0
0.0
0.0
0.0
0.0
0.9196053561404592
0.010154485837131815
0.0
0.0
0.450584213680046
0.0
0.35465267475130174
0.0
0.0
0.0
0.4211294358210172
0.63870747949837
0.7738091259668716
0.07018924165669851
0.5324840523774726
0.007082751662801512
0.0
0.4064751598332083
0.8174431540615573
0.0
0.35527736837569024
0.0
0.0
0.8655646813372663
0.7689806951481444
0.557463872873818
0.0
0.4658966210583477
0.0
0.0
0.0
0.3773785670614023
0.0
0.5473688646343042
0.0
0.0
0.0
0.0
0.0
0.0
0.34106673387610487
0.805104964383198
0.04920614122586701
0.0
0.0
0.0
0.0
0.0
0.0
0.0
0.0
0.0
0.0
0.28886828847526513
0.3717521031005198
0.8371827201550065
0.0
0.36105972668743685
0.0
0.3866036094573728
0.4286038304341857
0.0
0.0
0.7078215108925063
0.0
0.8657474709873644
0.0
0.0
0.3445155055750239
0.0
0.0
0.0
0.0
0.42833193759153204
0.5393963579214165
0.02011447670599173
0.45465428244997724
0.0
0.38519408112246173
0.05849282375300177
0.004921915507432917
0.20694094673490193
0.5966099713463178
0.0
0.0
0.0
0.0
0.8190313991378377
0.5141758134909356
0.0
0.0
0.0
0.39914412233948243
0.8308613742001688
0.7987375117926058
0.0
0.0
0.0
0.4998564332504597
0.26748717326061555
0.6979440857121209
0.0
0.5501173269327405
0.0
0.0
0.8623976180950582
0.9738480799250496
0.0
0.0
0.25483498041591834
0.0
0.7258129226860631
0.0
0.0
0.9446579518101426
0.7345115355633389
0.0
0.0
0.0
0.4124328095187869
0.0
0.4779319756571737
0.0
0.0
0.0
0.0
0.5833364974575439
0.2598564714518883
0.0
0.0
0.0
0.0
0.4875644778345017
0.7763430780723992
0.9421727035154525
0.0
0.0
0.9414715150438905
0.0
0.42304529438385824
0.0
0.0
0.0
0.6314553147192504
0.0
0.3619134300340104
0.0
0.8229322950868909
0.0
0.0
0.0
0.6560364022000068
0.456306305697929
0.6613702566512472
0.8111862040661331
0.0
0.0
0.0
0.14779606989390057
0.0
0.0
0.0
0.0
0.0689267263820809
0.30405851978508414
0.0933328654084341
0.0
0.0
0.07640620030183612
0.230124272811408
0.7403629246943602
0.2833080861242575
0.6464065548462906
0.5802971148119404
0.18783342871594538
0.0
0.32653607451831085
0.0
0.0
0.0
0.5206866509712513
0.38499088129290476
0.7860087780918188
0.0
0.4027646700156427
0.062296520105791155
0.0
0.0
0.0
0.3888570947361927
0.0
0.0
0.8088574037157047
0.0
0.0
0.0
0.4927910864800169
0.0
0.28120798790536283
0.0
0.3407958014400876
0.7801894182002344
0.0
0.5856278010435473
0.0
0.2843732714646227
0.0
0.0
0.0
0.6918489560817567
0.39995569364907724
0.3398343735099025
0.0
0.6823157475174989
0.4283579226408234
0.0
0.0
0.8993664854582907
0.0
0.0
0.0
0.23264963307298828
0.1566317381913019
0.3765013067634076
0.3236960223285346
0.6585355867466384
0.0
0.0
0.3592857626928116
0.0
0.0
0.2756901413546542
0.23422736611093128
0.04820307778583184
0.0
0.0
0.16120450152662502
0.0
0.009798603211325757
0.9173959278667004
0.35181719063256356
0.6461684454878062
0.2760669448105185
0.2562746194950308
0.0
0.0
0.0
0.0
0.0
0.47085554073697294
0.46684955482179347
0.0
0.0
0.2766508134426725
0.8388140446919796
0.0
0.3115640301324692
0.0
0.0
0.5756949715715843
0.2319509724776534
0.0
0.9456491271357215
0.8058022286490664
0.44146864578572287
0.14953035213528898
0.5521059835789537
0.0
0.0
0.5847924946664845
0.6242469764270893
0.0
0.10759446244243301
0.0
0.00742563312726849
0.0
0.0
0.9281729143777914
0.7427126445424762
0.2557591756018518
0.15560203907676054
0.0
0.0975977141904069
0.0
0.011643852345053617
0.0
0.0
0.0
0.0
0.30021519552815523
0.1699592633670791
0.3478809763296372
0.5548392790941519
0.0
0.2662653850279053
0.0
0.896494882954728
0.07845852685173385
0.7484716554386435
0.8041983875160426
0.6081424353048686
0.0
0.966325677648607
0.0
0.8270968982960981
0.0
0.0
0.7496199012626502
0.1142309661454483
0.0
0.23425763593035362
0.0
0.9372335987246201
0.07983782223078656
0.6083326616148342
0.1112807679384423
0.0
0.571309048138578
0.0
0.8849346531865789
0.0
0.0
0.0
0.0
0.7942546680547388
0.0
0.6571576685187956
0.0
0.0
0.0
0.0
0.0
0.0
0.0
0.0
0.0
0.0
0.0
0.0
0.0
0.0
0.0
0.0
0.0
0.6935068513845355
0.504299225959253
0.0
0.6395548635699737
0.0
0.9204501885200855
0.0
0.7153487617877092
0.6229071209832359
0.5248202744880763
0.0
0.0
0.0
0.8896221014352187
0.8442337184832213
0.7153025241179137
0.0
0.5362181038435083
0.7972678668204838
0.8567166384535094
0.0
0.28873848066447033
0.0
0.0
0.0
0.5800594532473361
0.8686752841000038
0.5525399339673295
0.0
0.0
0.0
0.8995198553041389
0.0
0.9148284595292194
0.0
0.0
0.0
0.28728479070848634
0.4550865280017597
0.0
0.36836672854486835
0.6398070202677312
0.34263785852663414
0.0
0.0
0.0
0.0
0.8060709968867633
0.0
0.9903988262390052
0.0
0.0
0.0
0.0
0.0
0.39058569817546906
0.0
0.0
0.8747079059000108
0.0
0.0
0.001571317170712639
0.0
0.0
0.0
0.35663407685998116
0.7788047531391571
0.905791402218074
0.0
0.0
0.0
0.0
0.0
0.0
0.0
0.0
0.4637479392364921
0.7349572351997716
0.25181342501672493
0.5490578880145356
0.0
0.0
0.315120533303102
0.0
0.0
0.0
0.755196354976455
0.3151404549582113
0.0
0.6667944458329007
0.0
0.3886678563964136
0.0
0.0
0.0
0.0
0.0
0.7423375933891038
0.8912793455665785
0.0
0.7550373977760169
0.0
0.0
0.0
0.36184653082484075
0.3169221028000065
0.37994528692135293
0.6515999531578931
0.8018640199252823
0.37701724272033804
0.5301620180950958
0.0
0.39243114667316337
0.0
0.0
0.8542632144561562
0.10350417096989732
0.0
0.7646727931744024
0.0
0.0
0.0
0.0
0.0
0.0
0.36815241595465514
0.0
0.0
0.8800995675372896
0.0
0.0
0.1238756229073769
0.0011318038175542697
0.0
0.330071344343011
0.08243384959050515
0.0
0.32461592641561704
0.77451708680317
0.0
0.0
0.0
0.0
0.0
0.5914128219766064
0.0
0.0
0.0
0.0
0.0
0.41549265785830797
0.0
0.09226312828257169
0.0
0.39230162185010264
0.0
0.0
0.0
0.0
0.2676757245094406
0.6616731730807798
0.0
0.0
0.34400025810400325
0.4544685409074424
0.0
0.5331601627619706
0.0
0.0
0.5880114361577757
0.0
0.7328521829912782
0.0
0.008779350045933861
0.0
0.9880005089102138
0.0
0.0
0.49097458556420276
0.8638198321269582
0.9625084301096316
0.0
0.11772334228803132
0.6534750450273719
0.21641935788531894
0.12330636240153142
0.0
0.5567315570131952
0.7163857485294529
0.0
0.046624013738631294
0.0
0.0
0.0
0.0
0.0
0.0
0.0
0.0
0.0
0.0
0.0
0.1640069555377757
0.3526431620546044
0.8522717195874562
0.2755325329820928
0.5746419400249887
0.17258169271296264
0.3650363330938425
0.19144309998416426
0.0
0.5743159972088264
0.6453373259756233
0.0
0.8596949284650872
0.0
0.0
0.0
0.2798494912574517
0.0
0.0
0.0
0.0
0.0
0.0
0.0
0.6136480677031702
0.48453344510566754
0.0
0.0
0.0
0.07889208850269304
0.0
0.36241495695520615
0.22711074118486838
0.0
0.35668555107420813
0.03291975369899296
0.0
0.0
0.00587824816765387
0.3207855268207805
0.0
0.8692744394969474
0.0
0.8252052968703278
0.03722447788032999
0.0
0.0
0.0
0.9775799737403459
0.6648027120531682
0.8274951762012905
0.6341799902873894
0.0
0.29311459261880285
0.0
0.7728602226359216
0.6049611846769305
0.9619982503599801
0.0
0.7026469366321865
0.0
0.0
0.0
0.13344806006008186
0.0
0.0
0.0
0.9641210666611502
0.0
0.711655264227463
0.0
0.4116420177030085
0.0
0.0
0.6850104363581028
0.4235585635445616
0.0
0.0
0.6470911401478695
0.45960752104746666
0.42288746123234194
0.3046890154667542
0.5967973376608867
0.4098229075985936
0.4483275084878986
0.9554682022563901
0.0
0.022556373319070705
0.6523441115895654
0.0
0.0
0.5193215835466521
0.42310312272800804
0.0
0.0
0.0
0.13041783998531833
0.23458030133486263
9.704776020117487E-4
0.0
0.6506450370763793
0.0
0.0
0.0
0.0
0.0
0.884763668045984
0.8797058815605816
0.5210953677266233
0.38486834934366615
0.0
0.0
0.0
0.6073966740595166
0.0
0.026139917229924262
0.0
0.03951566216517415
0.21791770607834257
0.0
0.0
0.41109192991689664
0.7229247087107654
0.0
0.0
0.05854722262394503
0.0
0.0
0.33962897926447805
0.0
0.0
0.555789721524555
0.0
0.78505788318542
0.0
0.0
0.0
0.1526195900859312
0.0
0.0
0.21761944356902702
0.0
0.7663133501752993
0.2034642064250541
0.35640382191677444
0.13881953460997834
0.5448820452352642
0.0
0.26971052084069197
0.8662135638145014
0.43991955936650784
0.0
0.0
0.7249916663049146
0.6407002432440932
0.0
0.0
0.0
0.026593621721872813
0.49955319235727197
0.7515266779751991
0.0
0.744208197540463
0.6464402279387798
0.0
0.0
0.0
0.0
0.0
0.06387813264977195
0.2835705989229647
0.6349745069024461
0.0
0.8239003170119069
0.0
0.0
0.0
0.0
0.6367034845257199
0.0
0.0
0.3359197667081081
0.8797390204260291
0.0
0.0
0.0
0.6400556555759377
0.7133139941018091
0.34646504232547237
0.0
0.9261283162497596
0.0
0.9261185614943693
0.0
0.3775055918781335
0.0
0.15120425608151694
0.023924956122095168
0.8521443847626555
0.8804965940241014
0.0
0.0
0.0
0.2745671834644206
0.8564892067079974
0.25036853071728
0.4636355810308373
0.0
0.0
0.0
0.46400935848233305
0.0
0.0
0.23836970474653246
0.0
0.878443753379912
0.0
0.5113307675505743
0.0
0.4661788760285022
0.27472984977468434
0.0
0.9948852132545377
0.0
0.0
0.0
0.0
0.0
0.0
0.8101382138421601
0.0
0.0
0.32965050597287343
0.0
0.0
0.7280831554357334
0.6761831908961274
0.8095989488253518
0.22005409318036598
0.876354583877989
0.42914959684189746
0.0
0.0
0.0
0.0
0.0
0.6828045407560729
0.0
0.6506474917045256
0.32627715731937296
0.34131332883372917
0.780866439828283
0.0
0.0
0.5202615470935807
0.0
0.20813449259882244
0.8927687793265826
0.046847969756513445
0.6843078761244837
0.04951214651830329
0.1317181543978676
0.0
0.0
0.0
0.0
0.7213504874312553
0.0
0.0
0.10855118621931532
0.37193378099754915
0.20667075410643523
0.5929827089380149
0.0
0.0
0.0
0.0
0.26065110606890557
0.5838973660421043
0.0
0.37426187717450127
0.7853260892965555
0.15513656759826852
0.0
0.7733179976003028
0.447402263896572
0.0
0.0
0.25164877445750516
0.4893239168860948
0.0
0.0
0.0
0.0
0.0
0.19427256793316175
0.7050145368427179
0.09859333958932656
0.0
0.7764791082092029
0.0
0.0
0.0
0.0
0.3678732101071102
0.1263814643070368
0.0
0.0
0.0
0.0
0.0
0.0
0.19042123024611257
0.6018320055015531
0.0
0.0
0.9950201958061712
0.0
0.3407819112549542
0.0
0.8195244699740549
0.0
0.0
0.5429540436907594
0.8705707520819265
0.7998407173057812
0.5697018548778138
0.0
0.13979559030615454
0.41835255965195384
0.0
0.0
0.0
0.0
0.5199882273020663
0.9745461919349008
0.0
0.538122910853776
0.0
0.0
0.648300264153205
0.6611913417644951
0.2971858708920431
0.0
0.0
0.0
0.0
0.4460733966549844
0.9267855653803866
0.0
0.0
0.0
0.016863356291457243
0.9306298752307312
0.0
0.03444996908744386
0.0
0.0
0.0
0.380026301331414
0.0
0.9857764301195102
0.0
0.0
0.5149976406553938
0.8111536440148559
0.0
0.0
0.7469528264794915
0.43303357239890866
0.0
0.0
0.0
0.0
0.0
0.008287812965714732
0.474361066143222
0.0
0.0
0.8348549691709133
0.0
0.0
0.0
0.0
0.0
0.0
0.3325719929019764
0.3256566636788426
0.6576508711029113
0.6267158890780019
0.0
0.24922470401631813
0.0
0.0
0.0
0.4572987241010287
0.6018622972235049
0.309024111417984
0.5909131819912444
0.0
0.0
0.0
0.74512407931934
0.9306679694279184
0.0
0.0
0.08063031492357677
0.6817639440314296
0.0
0.7327872574856904
0.5221582826049721
0.0
0.0
0.0
0.044900612906141175
0.21729584934672305
0.7353842719374459
0.0
0.0
0.5074666475954156
0.0
0.0
0.0
0.04702280616859835
0.0
0.22504352152095256
0.19796745140217836
0.44290365424076605
0.0
0.0
0.030802692262905412
0.0
0.8516457689779341
0.0
0.8703465479473448
0.433177973030768
0.0
0.0
0.0
0.6057893656637742
0.0
0.6061336295075372
0.49158015294208063
0.0
0.6470972186711572
0.5357112654174869
0.38834403057601724
0.49855127533836774
0.5219328752593065
0.0
0.031393480755529474
0.4289106250422437
0.6933138960414302
0.0
0.8916930660079173
0.28223464105270707
0.8840407117298315
0.0
0.4026780288323121
0.0
0.756203549490676
0.9116045716811273
0.6541693960475378
0.0
0.0
0.23277541508652766
0.0
0.0
0.7833573457305533
0.6543611821170139
0.4380608771431322
0.03502662999997525
0.0
0.0
0.0
0.44485731839868936
0.0
0.34031394519934116
0.0
0.17627031753519734
0.0
0.4387158870861478
0.0
0.0
0.0
0.7941378600761747
0.761731829384581
0.0
0.0
0.0
0.0
0.0
0.0
0.0
0.0
0.0
0.0
0.13098233557706923
0.0
0.14132930283607797
0.0
0.0
0.0
0.0
0.2856922849774179
0.0
0.0
0.0
0.0
0.44702978650262337
0.04113852981000792
0.0
0.04834632724839065
0.33090973764696474
0.0
0.0
0.24343943766866147
0.0
0.0
0.2684307699427056
0.08481559099515773
0.20672773954753057
0.0
0.0
0.13966604120873408
0.0
0.7296475197222297
0.37321834527416387
0.0
0.11390809283526433
0.0
0.7766192217837063
0.0
0.9084346593202176
0.0
0.0
0.1137579614167002
0.0
0.5013938756788536
0.4137504585301193
0.0
0.0
0.28814255903696556
0.32629383765532943
0.0
0.0
0.3994122201008294
0.0
0.0
0.9297072982186481
0.6687968548933572
0.0
0.0
0.46134233391530055
0.4691459121592874
0.0
0.814543078332875
0.0
0.8975992684551201
0.6127942812433347
0.0
0.0
0.7360883267518115
0.6598236011557725
0.0
0.5579006954566307
0.0
0.7825708886329837
0.0
0.0
0.0
0.0
0.0
0.0
0.0
0.7051428931030956
0.0
0.0
0.39183192573372544
0.55140545613745
0.0
0.0
0.0
0.4687208805244359
0.37595281297846994
0.0
0.07073458485710926
0.020265726893506843
0.0
0.0
0.8710149938458035
0.18532581371695153
0.0
0.8764479776623536
0.08453640949038353
0.9181580985441463
0.0
0.0
0.0
0.0
0.5486377863717566
0.0
0.0
0.0
0.0
0.9490533955738596
0.3700183099307785
0.8128872380978718
0.0
0.5690963907664417
0.41939804977221395
0.5251161288775172
0.0
0.0
0.0
0.03918102267807894
0.16996561096921123
0.0
0.3613340796976995
0.5217005076016197
0.05065904478237575
0.07120609977837543
0.0
0.7926041268051937
0.47034616157086556
0.0
0.0
0.4308024177875002
0.0
0.2008277193633455
0.4620225924587192
0.13695236659358834
0.0
0.13226114649608184
0.9862676890632333
0.4276814839236085
0.0
0.1614685138316323
0.35892562733648564
0.0
0.0
0.0
0.0
0.009113032940834142
0.5539716973473584
0.0
0.700178540195704
0.0
0.9525110088051614
0.0
0.0
0.0
0.5663567890668133
0.0
0.8685189859706435
0.27630658539794783
0.0
0.0
0.21894395658166346
0.0
0.0
0.0
0.30324988810453096
0.0
0.0
0.0
0.0
0.0
0.762640499930071
0.14501153116136875
0.0
0.20212890970957023
0.0
0.050351204368914694
0.0
0.0
0.0
0.9993290257306283
0.983227383912935
0.0
0.0
0.2225826777206953
0.22518330243852722
0.6005587064167263
0.0
0.9237258263020298
0.11036499540855456
0.0
0.20392803849515193
0.0
0.0
0.0
0.0
0.9924346870226058
0.49713992778143706
0.0
0.0
0.5520331093044543
0.0
0.005065386733681978
0.0
0.0
0.7326685045755665
0.0
0.7976517666224624
0.0
0.0
0.3504777910565323
0.0
0.0
0.8155032704895371
0.0
0.6141176001329007
0.3154826887927807
0.9985701467143673
0.0
0.3655895693398565
0.0
0.0
0.0
0.0
0.31748101637745263
0.23069005146042929
0.0
0.0
0.8326397557008526
0.0
0.0
0.2120629181819429
0.5769255109366602
0.38462487209270013
0.20880102851140514
0.716438102717706
0.8682982740270462
0.0
0.0
0.0
0.0
0.12096421568649918
0.0
0.310742444499971
0.6513029709366794
0.0
0.6588775131236354
0.0
0.46049007589238256
0.036361716296264626
0.8133224110245489
0.621986173321221
0.0
0.4666045916746156
0.4461178686260035
0.0
0.0
0.0496785868119064
0.0
0.0
0.0
0.0
0.0
0.0
0.0
0.0
0.3204610625663537
0.6821570664016013
0.0
0.0
0.0
0.0
0.0
0.0
0.0
0.9234528280888127
0.0
0.5798104120080793
0.0
0.0
0.638092871341063
0.11165362517882345
0.0
0.13476380903945592
0.12604098519256554
0.7319911434117874
0.22717970503024332
0.48680618086973165
0.30570007532010085
0.0
0.0
0.9575687926025025
0.0
0.0
0.0
0.26375994206108505
0.48912564134414405
0.0
0.0
0.0
0.0
0.0
0.0
0.6880534890376949
0.0
0.5975964735990602
0.08120074439674492
0.0
0.0
0.06217485647515228
0.0
0.0
0.2427052074614447
0.4026547082907691
0.0
0.8541420209153137
0.7379517763711132
0.15843628593937037
0.5413679310842815
0.9981422880322598
0.036103081188053915
0.0
0.0
0.9347570991119084
0.7885984904186154
0.0
0.4889853161399182
0.0
0.0
0.43218393570718106
0.036925417874649855
0.0
0.0
0.0
0.0
0.10723979070645674
0.6077550422084578
0.24894669536732458
0.5252837675348286
0.2861976016301237
0.0
0.9826584685241598
0.15314788801000392
0.0
0.3349755547574324
0.0
0.7973534546058181
0.8622083300280556
0.0
0.0
0.0
0.6218421264620599
0.0
0.8455639340137461
0.7673754562178983
0.7769436556723478
0.0
0.8667272939285793
0.13019583110842506
0.26995006873450395
0.1882673754725896
0.4014891237466123
0.0
0.0
0.5775380617247569
0.48909989097174966
0.0
0.0
0.0
0.1712973520962232
0.35262926155854557
0.0
0.0
0.0
0.8440408629594698
0.0
0.0
0.8494008133476664
0.6889144186849482
0.0
0.0
0.0
0.8940958594011463
0.0
0.0
0.0
0.24304661735783983
0.0
0.8146757944770011
0.9660619256870314
0.0
0.0
0.4796467981517199
0.0
0.0
0.0
0.5067252306169946
0.2116470458964583
0.0
0.0
0.47888141161085773
0.9797604135724602
0.0
0.0
0.0
0.641505208735798
0.0
0.7301675652357278
0.0
0.0
0.5811028602527945
0.0
0.5677462038728727
0.0
0.7036965732061744
0.9647362430456811
0.8523669023395958
0.0
0.5739786891876488
0.0
0.24612655023492824
0.0
0.0
0.0
0.0
0.7641042605478173
0.0
0.0
0.0
0.0
0.5757143480100001
0.0
0.0
0.0
0.0286465641941527
0.0
0.0
0.34121242347781583
0.0
0.9936913088511367
0.23562656073041718
0.7228169829103778
0.0
0.0
0.5253494486396321
0.9660260959830347
0.0
0.0
0.6772126072309972
0.0
0.37990801015433173
0.0
0.5111277895895837
0.7299506685355422
0.0
0.9217105269524138
0.0
0.3824105993104188
0.0
0.9951880640242813
0.4086319229810005
0.9944115765821655
0.8985662511599154
0.31396619115747304
0.0
0.4701770236611949
0.0
0.0
0.289807176451233
0.0
0.0
0.0
0.0
0.0
0.5294089979655312
0.297069403231047
0.0
0.10292563262587857
0.0
0.0
0.5172226519978961
0.8946367828675202
0.281783125095523
0.0
0.5954383497705183
0.0
0.6034637813679867
0.0
0.0
0.9927437840279901
0.3228561492956126
0.0
0.0
0.10709084181174752
0.0
0.3202894129480736
0.0
0.0
0.9104542425096789
0.0
0.4551495830052263
0.5634927800702919
0.0
0.044353569139330334
0.0964250053226888
0.0
0.775078518672482
0.0
0.34530677169261
0.0
0.0
0.1460989600363673
0.0
0.6561242257213173
0.21813674082646486
0.6585728665184027
0.3854926724610355
0.0
0.10578168425110554
0.0
0.0
0.0
0.31165755769018694
0.8553641902929229
0.0
0.0
0.0
0.45511258156953177
0.5160833254860231
0.0
0.6525608927732274
0.0
0.0
0.0
0.0
0.7569775771725664
0.40749520678827245
0.0
0.0
0.0
0.6163998795621697
0.0
0.0
0.0
0.4179700911054807
0.1574039640568718
0.0
0.0
0.9767747220559121
0.0
0.301990028903358
0.0
0.0
0.0
0.0
0.41812624413345717
0.6285206107376273
0.3298573647654282
0.19464731318593298
0.6536944938416113
0.0
0.0
0.7109704603599906
0.0
0.44984268934342647
0.022621887646358745
0.0
0.0
0.0
0.24303530975436724
0.0
0.0
0.0
0.0
0.0
0.0
0.3537557565217694
0.06544718094498823
0.5437418006746948
0.14918372429433632
0.0
0.21111152401253247
0.2065906737663583
0.0
0.0
0.0
0.0
0.0
0.0
0.1465372944722823
0.0
0.8512837599804611
0.771154156224413
0.4933624994143503
0.0
0.2529206514265806
0.9734687879185255
0.3028807003401744
0.8956228285514529
0.0
0.0
0.5259387788387284
0.0
0.6498666923159317
0.32765395135781816
0.0
0.13433658783880476
0.0
0.0
0.8081508113333121
0.0
0.0
0.0
0.0
0.26938726197957
0.41431736794534724
0.0
0.5890451470080253
0.7734524002347576
0.0
0.44184065288161684
0.40110834200547607
0.0
0.10117133436436129
0.9093004097178854
0.3714369197843155
0.795252492853397
0.0
0.9372276151590736
0.0
0.0
0.7620817932041437
0.0
0.0
0.0
0.7602031730258333
0.0
0.6794189877266076
0.0
0.0
0.0
0.0
0.0
0.49602460561436046
0.0
0.41700273104587415
0.0
0.7787288490013674
0.0
0.8100561340107447
0.54662103403628
0.9509413982302487
0.0
0.4478918149225412
0.6178642427849714
0.0
0.938840144409505
0.0
0.59118299091845
0.8827070115469262
0.5556423726197657
0.21369527661477722
0.9897028101931085
0.0
0.17930204481733641
0.0
0.0
0.0
0.18331258881538157
0.020324569777495798
0.0
0.8666652417822908
0.5868200738721934
0.22966450830315013
0.0
0.0
0.7689248375872386
0.958787646989392
0.0
0.0
0.42875637606602607
0.0
0.0
0.0
0.0
0.7846324991324465
0.9950382987030184
0.8753917743513842
0.6259555034052894
0.0
0.4793578271896998
0.0
0.0
0.4203838688708527
0.0
0.0
0.0
0.0909463933910315
0.0
0.07705839647283169
0.25037272597005955
0.0
0.4920723995991747
0.8373900650263092
0.0
0.0
0.0
0.0
0.683327911141186
0.0
0.03871601512674012
0.0
0.0
0.9366356862002737
0.8364616099853758
0.6713652482475888
0.9938018416696726
0.3433173199567091
0.5342812122145709
0.0
0.7671301588914464
0.0
0.19505694218766859
0.0
0.1975866393414504
0.0
0.0
0.0
0.0061691165979333145
0.7686934651007744
0.0
0.6566364318701075
0.0
0.0
0.30856779859951955
0.49957820244214973
0.0
0.6273393802329731
0.0
0.0
0.0
0.722282632957192
0.0
0.0
0.8140674809782754
0.0
0.0
0.7312818938536346
0.0
0.0
0.09875020121361307
0.0
0.0
0.36412172921281766
0.19999057711606033
0.32404995133694353
0.8961809076269021
0.0
0.0
0.535518162458213
0.9899934976185883
0.0
0.9096820341744102
0.0
0.0
0.0
0.51191360736386
0.7587853811131461
0.8203780970654672
0.0
0.0
0.0
0.0
0.0
0.0
0.0
0.0
0.0
0.5561866448185001
0.43928620756678843
0.973916635051702
0.0
0.0
0.0
0.5767318907988472
0.0
0.0
0.0
0.5598623448846692
0.23623567204010937
0.5671964056572777
0.27866761553224995
0.8426499451585064
0.0
0.0
0.6647024511688037
0.0
0.0
0.9828692944757313
0.9195556978495981
0.4180184710227013
0.0
0.0
0.5426214102101184
0.17794290050855704
0.5072492663424141
0.623931369822054
0.0
0.0
0.1210125311135538
0.8374404734689391
0.0
0.24946414783357082
0.0
0.0
0.0
0.17034999517105262
0.0
0.8902793479668261
0.0
0.056336717522751
0.0
0.48626558020617494
0.8702828290613506
0.9742130245094649
0.9060596359993729
0.0
0.0
0.0
0.0
0.941675843422103
0.0
0.26555353394063713
0.0
0.4554273442963032
0.0
0.0
0.0
0.0
0.0
0.8093457642955945
0.9688537821061046
0.0
0.0
0.0
0.9478605368051277
0.8607800661073056
0.1876529826189404
0.8641050179470346
0.7729445798256982
0.0
0.24467282783059746
0.5088637738398899
0.6048283120314046
0.009465741681220247
0.0
0.7909063576069709
0.0
0.0
0.6726615602765992
0.0
0.396323012488837
0.6059361957512233
0.0
0.36486176686461214
0.9770924066915005
0.0
0.4469048512929708
0.0
0.13131104298902568
0.642948809123868
0.11264341620536318
0.24992069189040336
0.0
0.0
0.0
0.0
0.9634059988383369
0.0
0.0
0.4872261362952371
0.9388166170772604
0.0
0.6665198307483801
0.0
0.0
0.0
0.0
0.0
0.0
0.0
0.9691863271170637
0.1680452209318386
0.0
0.0
0.3941099824842192
0.12196723758893531
0.0
0.0
0.0
0.5219566443222431
0.0
0.27483718295029685
0.6210687027496677
0.0
0.5208677639472796
0.0
0.4966012757871349
0.6278100471579261
0.4689075069086523
0.0
0.0
0.0
0.35765224230456466
0.4129025637514713
0.41247257882152305
0.0
0.890814372340367
0.0
0.0
0.0
0.0
0.0
0.0
0.0
0.0
0.9669338719573882
0.8334519163667555
0.0
0.45786891401520774
0.9903051766105178
0.057083442355238274
0.0
0.0
0.7716115194057042
0.0
0.6713566287928928
0.9620358375124727
0.0
0.0
0.0
0.0
0.7575656958444876
0.0
0.0
0.9582031306188307
0.40667186997661475
0.0
0.8032176080407744
0.0
0.41703031769187054
0.895416787267156
0.5139760181280062
0.0
0.5152226921713822
0.0
0.0
0.8809576352389488
0.0
0.7154031941741817
0.7640312125805946
0.7997665269517694
0.4652365585221961
0.10500827828864054
0.667736810054416
0.9517175584855924
0.0
0.0
0.1370781185167507
0.0
0.0
0.0
0.4454388709164839
0.5132705281370012
0.0
0.0
0.0
0.0
0.5550292238554827
0.0
0.0
0.10765823936876956
0.1510300921272239
0.0
0.0
0.0
0.08320799877272808
0.49119129773684544
0.4582651063908838
0.0
0.5967612039351985
0.8069478433005174
0.502833958783403
0.0
0.8704014141643281
0.11216007050206685
0.0
0.747055554595891
0.0
0.05444861597738939
0.0
0.071351271848509
0.20854466356173468
0.0
0.0
0.0
0.4264529353963328
0.09076085230601516
0.6573405455263464
0.7733040375338306
0.0
0.0
0.6263714913048669
0.8754490015620545
0.0
0.5178461208411052
0.0
0.0
0.9677986029707104
0.6209000652677621
0.6712233394483842
0.0
0.9473809598948767
0.696177355835274
0.09090010113270104
0.0
0.0
0.6809381398810762
0.0
0.07312141716375993
0.0
0.9860934203422856
0.6047198356674268
0.0
0.48687017199170385
0.0
0.34700899795497325
0.8708467743088458
0.0
0.0
0.0
0.02573474564327064
0.6687019498944913
0.0
0.0
0.4102099692585081
0.0
0.16482525586466595
0.0
0.04031084907025015
0.7492628821950472
0.0
0.0
0.7943708388204618
0.2612020744781609
0.44386372994640877
0.14629959644774246
0.1753228268253941
0.11678126454925787
0.09332945375521887
0.0
0.46232616741482596
0.0
0.9064748999246709
0.0
0.0
0.0
0.0
0.9726411760894809
0.0
0.0
0.0
0.0
0.0
0.0
0.0
0.06039660049852865
0.6183403736210311
0.0
0.0
0.0
0.0
0.0
0.2355164904018157
0.9834408517937262
0.0
0.0
0.0
0.24070097035614013
0.622953232677733
0.0
0.0
0.0
0.40985236811564685
0.6212542858832216
0.0
0.676185570129895
0.0
0.0
0.757945430868112
0.5193986690564927
0.0
0.7359793465743999
0.0
0.0
0.0
0.8999835460669906
0.0
0.0
0.9238214905065043
0.0
0.4601636768654681
0.0
0.4722202977635217
0.22554131599344676
0.0
0.0
0.0
0.0
0.0
0.0
0.5104606268295188
0.0
0.4995463961011897
0.0
0.0
0.0
0.6496692384970716
0.0
0.7435349476575894
0.0
0.0
0.0
0.20812433001255365
0.13454008890572897
0.9681459013362665
0.0
0.0
0.0
0.445380709131894
0.8110707129770173
0.9056518614874889
0.891216521604063
0.0
0.0
0.0
0.0
0.6204451048660732
0.700121497871601
0.0
0.08689767878666294
0.15556490553062755
0.5909132617159863
0.0
0.0
0.0
0.0
0.0
0.2772467678287481
0.6184877513215086
0.9379502395528306
0.712447858919477
0.9455865608384556
0.8965111326847155
0.9804310594936321
0.0
0.21781984695660936
0.0
0.6831055609373571
0.0
0.7671112345386539
0.2105553522626591
0.0
0.0
0.0
0.0
0.16396824309470687
0.9827716685955419
0.0
0.08760517045195573
1.731872856089777E-4
0.0
0.0
0.0
0.0
0.0
0.0
0.0
0.0
0.7366706111972013
0.4114153038294804
0.0
0.351570513579143
0.8237544949960188
0.0
0.7209666938323206
0.0
0.4927465358862478
0.9801786809468254
0.890090504261598
0.0
0.0
0.0
0.0
0.0
0.19297231963823178
0.9859164374616781
0.16062136563988016
0.9878903347443792
0.0
0.0
0.0
0.41520598617986343
0.0
0.0
0.0
0.0
0.9651077388776232
0.0
0.0
0.46824344327796635
0.0
0.0
0.0
0.0
0.9548444809085648
0.0
0.0
0.0
0.6451238015557522
0.3138262284900401
0.0
0.0
0.0
0.0
0.0
0.04770923172416503
0.6458885037314605
0.5575103908753061
0.9680693564696428
0.0
0.9443079379523747
0.0
0.0
0.7725998560919833
0.0
0.0718320221455584
0.0
0.40220801845356213
0.08787076114191987
0.0
0.0
0.0
0.0
0.6370795133119249
0.7365207282204477
0.0
0.0
0.0
0.0
0.09093280474073255
0.0
0.0
0.4992098704330139
0.0
0.8138422767134326
0.0
0.0
0.11587101405876113
0.0
0.9954876972446405
0.18386257168296938
0.5253241528094916
0.889601888071842
0.26304550910675323
0.0
0.0
0.0
0.05334175208417848
0.3878363808844631
0.08465907715299989
0.0
0.0
0.0
0.0
0.0
0.0
0.0
0.0
0.39775937708779513
0.0
0.7801917900882964
0.0
0.0
0.0
0.5999739808532594
0.0
0.9220726379204685
0.39293267885922967
0.0
0.0
0.0
0.18264256209321897
0.0
0.39614173339027825
0.2661097047207332
0.0
0.0
0.0
0.0
0.23377311593634464
0.0
0.0
0.19288495561382546
0.5749497776537917
0.23086265700483813
0.648613224810495
0.0
0.93440857515969
0.3753631101104719
0.72108599790609
0.09371029236886808
0.6053218573675314
0.29892696982444134
0.0
0.0019329279072748376
0.0
0.0
0.0
0.9075026488879541
0.0
0.0
0.0
0.0
0.258601815843684
0.0
0.0
0.0
0.512871077848259
0.0
0.6199252613294673
0.0
0.0
0.0
0.9518428684657818
0.3346426263460417
0.3240294089709183
0.5171978162811234
0.0
0.5657853408026228
0.3949971262210879
0.0
0.0
0.0
0.7999642841476776
0.4515923957571985
0.4548688249154118
0.996557966744466
0.16356314037588213
0.0
0.7409768578154562
0.0
0.0
0.0
0.28068520296076227
0.05672844923288065
0.17868713618537813
0.963032452499659
0.0
0.0
0.0
0.0
0.0
0.9462362369107808
0.0
0.6422567316107151
0.0
0.961756407990995
0.0
0.8509655275494227
0.0
0.27853829827822096
0.0
0.02088388101766865
0.0
0.03684508055137075
0.0
0.0
0.0
0.0
0.0
0.0
0.0
0.5903858852130993
0.19345854188896006
0.5964268892860422
0.6763606255576746
0.14494977302288822
0.0
0.0
0.0
0.0
0.0
0.5428991885228724
0.008943222622545538
0.0
0.0
0.0
0.0
0.0
0.22489974664644147
0.18963056038897155
0.929405996483867
0.21602744466084026
0.804474429569845
0.5904275482782287
0.7134006265917626
0.0
0.0
0.0
0.5745435732703991
0.6473279500054233
0.0
0.36207123648253786
0.19591471590826606
0.0
0.0
0.0
0.0
0.0
0.0357841155152257
0.0
0.0
0.9046738806204434
0.0
0.6573892763432129
0.8435482842950596
0.7024040532223634
0.0
0.0
0.0
0.0
0.30706668901144646
0.0
0.9106855496309442
0.7266962452643718
0.0
0.412260132929173
0.9817152417173852
0.7444801033096066
