0.7747685852164786
0.3404568294756536
0.73309063108602
0.10735615975581303
0.9905114198148841
0.8740581960771152
0.0
0.9777839210498135
0.6978108419490765
0.9066945805874598
0.5362952929610904
0.6328472656410951
0.24234005408307757
0.15686868225175465
0.7618462673625583
0.8267270004020872
0.5369926132907332
0.8934936304003732
0.0
0.4066098856312934
0.9556538532076516
0.32795086622521064
0.3856697196348946
0.7886454036265108
0.0
0.18152955223715794
0.8301838508297446
0.0
0.245796437894357
0.0
0.12325869024115776
0.13253290875889534
0.9082768043083412
0.35241890451864566
0.16560671131396343
0.21375920849981145
0.0
0.9991017558670544
0.9101607966768417
0.9090582974682934
0.5766018146789814
0.9234610914706316
0.3175953837265688
0.6728617864374146
0.8213852322613724
0.6743972614247329
0.8865676494244542
0.9720500871661143
0.993655436737588
0.812059595764869
0.9798510946314856
0.676121127380714
0.0
0.8651187437919863
0.1424783559608913
0.7967280739909013
0.9924255319020594
0.4597460306974215
0.20054053931171845
0.6029186589134687
0.8175706249600829
0.7550316582838856
0.6351999712804285
0.8047479476871408
0.04423319108588297
0.9655587885893457
0.9434015140027566
0.8015807824503882
0.9046531223700296
0.08662115880913379
0.8797583797472718
0.8389464764849222
0.3323681722349383
0.6496174375280419
0.0
0.0
0.0
0.0
0.0
0.0
0.0
0.0
0.0
0.0
0.0
0.0
0.12809641396898142
0.0
0.0
0.0
0.28664369288481606
0.0
0.7423892425126912
0.6073182779739235
0.0
0.0
0.0
0.40282998724433317
0.0
0.0
0.0
0.0
0.0
0.0
0.0
0.275301921921145
0.0
0.0
0.0
0.0
0.0
0.0
0.6204166957997321
0.0
0.2297420200270881
0.1450658284775661
0.0
0.3128053205144068
0.0
0.0
0.7046404031558177
0.0
0.0
0.9999999998100378
0.3804452649962474
0.4061948695286921
0.0
0.0
0.3710904468364886
0.17802438146634603
0.0
0.0
0.17615286169386213
0.6185533843488422
0.0
0.0
0.0
0.0
0.2653037744504425
0.7889765463315581
0.05847602044963063
0.38190148553671066
0.6058131229558493
0.3669120751265833
0.49359440091447315
0.0
0.2081384104996583
0.0
0.0
0.2985286514909702
0.4187758401963224
0.0
0.0
0.6913433935814914
0.0
0.8732388491145274
0.7644456166558226
0.7459048271506297
0.7447029683772403
0.20143126120135268
0.0
0.0
0.0
0.0
0.8350754371592926
0.0
0.5111879120250965
0.7189804513873923
0.0
0.0
0.47090120326629537
0.5348644720201603
0.6411881094890671
0.22429965990236356
0.3453670683203435
0.0
0.9608953104527158
0.9430449316339905
0.0
0.0
0.10408614505177671
0.8535288380782079
0.7247967436922433
0.8048662418032699
0.2733172811428427
0.022511427767243575
0.49365036099747095
0.4606186530098402
0.0
0.5061820852506935
0.17250934215009583
0.014559570682882716
0.911928596858971
0.0
0.5719163786281241
0.5132657361507186
0.9730920421466306
0.8480491030026579
0.0
0.9186868925685243
0.45097506937691456
0.30500114955894153
0.0
0.4501934856511789
0.9639920239027363
0.0
0.73524965545115
0.9456062525215202
0.5933023388046259
0.9477757861630012
0.9166047228937491
0.5794304963392379
0.40841272754394686
0.654287855943059
0.4983005783411468
0.5767509458258515
0.9314452118801092
0.8170235639046338
0.0
0.4081258769938354
0.0
0.5530829950305838
0.2767368256825129
0.0
0.0
0.17185262369382848
0.0
0.038750097369165126
0.0
0.0
0.19734540446101168
0.0
0.1696191496376186
0.0
0.0
0.0
0.9248145227074842
0.0
0.6009452339555352
0.0
0.0
0.0
0.0
0.0
0.0
0.24574294119437057
0.0
0.0
0.0
0.0
0.9353080484099405
0.23873149963657436
0.7009046309608437
0.0
0.0
0.0
0.2512292139470933
0.816515403116645
0.0
0.08017613228494402
0.0
0.0
0.2541194484797249
0.0
0.23483038927153188
0.04667324118179583
0.4475078686085353
0.0
0.15599013902359615
0.0
0.0
0.0
0.0
0.0
0.0
0.0
0.7626856745597828
0.0
0.25219356067322896
0.0
0.0
0.002427726315804679
0.21346840571889003
0.51691579602886
0.0
0.0
0.0
0.0
0.0
0.0
0.2979821521145224
0.571601183583399
0.0
0.47169400710142784
0.0
0.0
0.0
0.0
0.0
0.9004846929510342
0.6394817145226047
0.0
0.18794232971662572
0.8702813813609784
0.0
0.0
0.0
0.0
0.6658871505955037
0.0
0.0
0.0
0.0
0.0937477196589197
0.0
0.0
0.0
0.052581227794849306
0.0
0.0
0.0
0.21222277777771004
0.0
0.6173331691850659
0.0
0.0
0.0
0.0
0.0
0.8398608556772239
0.0
0.0
0.0
0.0
0.0
0.0
0.4169619155827473
0.01936350523437902
0.5148988280462657
0.0
0.0
0.23382706719054103
0.0
0.0
0.0
0.6633439736462237
0.0
0.0
0.7297116709653374
0.6019779885317051
0.0
0.0
0.0
0.0
0.0
0.21918133141802787
0.49041940255666994
0.0
0.0
0.05791862441602891
0.0
0.25211612938718186
0.0
0.0
0.0
0.20239708326884298
0.0
0.8095243021599224
0.2390104090362033
0.0
0.0
0.31380966138826416
0.3010953188321037
0.0
0.0
0.0
0.6775667667190937
0.0
0.0
0.6629241791766581
0.0
0.30512286092652263
0.0
0.11551927812483365
0.0
0.03191028780560767
0.0
0.0
0.0
0.0
0.0
0.0
0.0
0.0
0.6155423565727617
0.0
0.0
0.0
0.4111153147115456
0.0
0.322275596591174
0.0
0.0
0.5243943248378948
0.5589247216390986
0.0
0.0
0.0
0.0
0.0
0.0
0.0
0.0
0.0
0.0
0.0
0.0
0.0
0.0
0.9473759301342414
0.0
0.0
0.0
0.7456917915739099
0.0
0.46873473040428226
0.0
0.3572232982934288
0.480142239148031
0.8134634602244336
0.0
0.0
0.0
0.14855226785237208
0.0
0.3300198630505773
0.0
0.0
0.0
0.0
0.0
0.0
0.45289979283050497
0.0
0.11434709715743185
0.8688963227343316
0.0
0.0
0.03395223662042823
0.9939256438366563
0.0
0.12963509946799312
0.0
0.0
0.0
0.179356345256382
0.0
0.0
0.0
0.26817761445220567
0.0
0.019483749801638583
0.0
0.0
0.0
0.0
0.0
0.0
0.0
0.0
0.0
0.0
0.0
0.0
0.0
0.0
0.0
0.0
0.0
0.09013520638464378
0.0
0.0
0.0
0.0
0.0
0.2701858093159111
0.3410285965650969
0.12968432348292047
0.0
0.0
0.0
0.9237501627349793
0.029619753495509715
0.0
0.0
0.0
0.0
0.3157038861987008
0.10943202573304489
0.999998940681876
0.0
0.0
0.4130886444643489
0.9920384899753467
0.0
0.0
0.0
0.3260511977482985
0.6802238291702984
0.0
0.0
0.0
0.0
0.41612409262818173
0.0
0.0
0.7931909055738912
0.0
0.0
0.0
0.0
0.0
0.0
0.0
0.0
0.5224673412204508
0.6755871049190258
0.0
0.33021271380967043
0.0
0.0
0.0
0.0
0.0
0.0
0.8839655523748677
0.9999190196446015
0.0
0.0
0.0
0.0
0.0
0.0
0.0
0.7968447545052465
0.6252214315709792
0.0
0.9934857000289348
0.0
0.3402757785650796
0.21878995355982367
0.0
0.0
0.10338006670894129
0.0
0.22334925543379525
0.0
0.93487304198132
0.20828872315492597
0.0
0.29765124510798624
0.0
0.0
0.0
0.0
0.0
0.0
0.0
0.0
0.0
0.9930616108696865
0.0
0.0
0.0
0.13236744761044972
0.6900761636289029
0.0
0.0
0.0
0.0
0.0
0.0
0.44465428459023637
0.3824008393555496
0.0
0.0
0.0
0.2600986607282698
0.0
0.8774271425300382
0.6935206459936056
0.0
0.13240026988224596
0.0
0.2307603185167938
0.17184639658523637
0.4881620689347811
0.0
0.009720963209334466
0.0
0.6291718504599337
0.0
0.0
0.052525898370838986
0.0
0.0
0.0
0.0
0.0
0.0
0.0
0.0
0.3693414215897627
0.6577847298716046
0.7720319855554136
0.0
0.0
0.0
0.0
0.0
0.0
0.0
0.0
0.0
0.0
0.0
0.0
0.0
0.0
0.0
0.0
0.0
0.0
0.0
0.0
0.11890576158038324
0.0
0.0
0.0
0.0
0.0
0.0
0.36704477741726005
0.0
0.0
0.0
0.0
0.0
0.4007257665613383
0.0
0.0
0.8671133584759724
0.3585376075656723
0.0
0.0
0.009921350877332813
0.5357834877904644
0.0
0.0
0.0
0.7255014381507899
0.0
0.5244804853415939
0.0
0.0
0.0
0.0
0.0
0.5158713995947504
0.0
0.0
0.0
0.0
0.0
0.0
0.9450611769344318
0.0
0.6290962370894763
0.0
0.20141959166439383
0.0
0.2198583368838669
0.0
0.0
0.014594560525945321
0.0
0.0
0.0
0.0
0.0
0.0
0.9964913115310338
0.0
0.4572043159137411
0.0
0.0
0.6427955715941935
0.0
0.4083605092643098
0.0
0.659136993372762
0.0
0.0
0.0
0.0
0.0
0.17457216711575751
0.0
0.0
0.0
0.0
0.33805357059103036
0.4419367142607711
0.0
0.0
0.0
0.0
0.07375951699545891
0.0
0.14988175792855807
0.0
0.7385107092613592
0.0
0.6710053349245264
0.6366328368155363
0.8930071180294765
0.0
0.0
0.34343637460905563
0.0
0.0
0.11772565691075809
0.0
0.0
0.6803009664141246
0.0
0.4485353314593623
0.0
0.0
0.0
0.5929699527857502
0.0
0.2672018139821448
0.0
0.0
0.0
0.32311329018416535
0.0
0.1563192766153847
0.1272152455358848
0.1394229671407332
0.2735802697034527
0.0
0.03166482607419652
0.7275548734773158
0.9853037234000659
0.9641502558368311
0.0
0.0
0.0
0.11879491398260811
0.0
0.23718106805488548
0.0
0.0
0.9931708568788263
0.0
0.0
0.0
0.0
0.7182597637278445
0.8896301581091679
0.0
0.0
0.2181995734337815
0.0
0.7656873675928405
0.4275896509086867
0.3380436368299202
0.0
0.0
0.0
0.5495936753766462
0.3724093911685722
0.052613774201188734
0.0
0.0
0.0
0.4997020218205174
0.0
0.3629706713051051
0.9493685804439458
0.0
0.0
0.0
0.4403487993053081
0.0
0.46845080777032155
0.0
0.6243017151093438
0.9917762984362208
0.01741947604671823
0.37054634227429273
0.0
0.0
0.0
0.20825138814042532
0.0
0.0
0.0
0.10247711452316854
0.0
0.9779144152223409
0.9990971818297878
0.0
0.3865164874402005
0.6713287530723296
0.0
0.0
0.0
0.0
0.7107158500001756
0.0
0.0
0.09357206156542808
0.0
0.9570297052614158
0.580673615179716
0.0
0.0
0.4600814470182175
0.9088294341178337
0.787448949796759
0.17068936518981892
0.0
0.0
0.2630918742981321
0.0
0.6530834199368132
0.700905179947062
0.5339834457274975
0.0
0.1869443213794728
0.0
0.25707048163967694
0.650908965828592
0.0
0.05273551073030902
0.0
0.0
0.0
0.25264297138998004
0.017058731305418906
0.0
0.0
0.0
0.0
0.0
0.0
0.3591238193454125
0.0
0.0
0.0
0.0
0.6127785347852706
0.5242473582583216
0.13136038073957312
0.0
0.0
0.0
0.0
0.6231481324955179
0.9789641973433972
0.25927160986502673
0.07204670943839753
0.0
0.13365483235450282
0.0
0.7458908284633854
0.0
0.0
0.0
0.0
0.0
0.135077888018031
0.18362154588839696
0.0
0.0
0.9999957127004361
0.0
0.0
0.8691037569527801
0.0
0.9923934881693011
0.0
0.692012496942394
0.0
0.0
0.0
0.0
0.0
0.0
0.9998365359675635
0.33555084731215346
0.6026693243132948
0.0
0.0
0.0
0.2289264805663649
0.34392280813502385
0.5775903328211358
0.0
0.163205272659382
0.0
0.0
0.0
0.0
0.0
0.0
0.32482631856698685
0.05138343074015306
0.0668755016643019
0.0
0.0
0.0
0.0
0.0
0.0
0.0
0.0
0.0
0.0
0.0
0.1864191565324156
0.0
0.6281657458601442
0.6902080072582047
0.0
0.0
0.5190908567607688
0.44646847760768527
0.4867372598985481
0.9734493266259362
0.0
0.9912240079921524
0.5274940050307385
0.0
0.8890771201472988
0.9157741662026153
0.0
0.0
0.0
0.0
0.0
0.9622958883297537
0.21780079560914012
0.0
0.0
0.9839395083401901
0.0
0.43596473222629517
0.0
0.0
0.03263947880729734
0.0
0.31011565361511495
0.0
0.5043174959475263
0.0
0.3016982354644795
0.7345147368923608
0.0
0.0
0.9722689925089205
0.0
0.0
0.03830679458177222
0.8380299547863487
0.952906832163719
0.08247709169711426
0.0
0.0
0.9974511569833485
0.0
0.9329176484165929
0.9871363859062721
0.0
0.0
0.980789627228562
0.0
0.41815285254151635
0.9703279217041143
0.9878800870838083
0.9999647751631595
0.0
0.10002788823270437
0.0
0.24770391226699395
0.8269398717651429
0.0
0.05417229876518803
0.0
0.649173150302687
0.0
0.17384573177297769
0.0
0.6455010293468131
0.2058898217199091
0.030494951626382494
0.0
0.0
0.7738293056504202
0.0
0.6233501984552081
0.041367466525242036
0.9999038782636414
0.7795242101129299
0.7241887122855493
0.8813070293202111
0.0
0.0
0.3768841457725023
0.0
0.0
0.5931757859416754
0.9185981689690227
0.19565292535198886
0.0
0.0
0.9186238686944889
0.9185981689690227
0.8076176227396152
0.8347594596016734
0.0
0.9270341609288056
0.9268569223348487
0.8347594596016734
0.0
0.0
0.0
0.0
0.0
0.835613658885175
0.10808015201879606
0.0
0.9343158480290297
0.0
0.6517229160391035
0.4423513150745044
0.9502186286848255
0.9268569223348487
0.0
0.8293900860445015
0.3770979313521027
0.0
0.0
0.0
0.0
0.7471863256500907
0.0
0.0
0.3807644696030765
0.0
0.3864835036918617
0.0
0.30744283276871287
0.0
0.10247833471337109
0.9553950522822567
0.31263323669449716
0.15760020627548887
0.659621354935211
0.0
0.0
0.41668205797144764
0.5998437082139458
0.0
0.0
0.0
0.0
0.8216310430395702
0.0
0.0
0.0
0.23603047863504945
0.0
0.0
0.0
0.8423436372656994
0.0
0.0
0.0
0.0
0.0
0.0
0.0
0.035814354468568954
0.1752835397944289
0.43436975762662267
0.33873963285929043
0.4716915606699883
0.0
0.3071081892062476
0.0
0.0
0.0
0.0
0.0
0.0
0.05276814929203433
0.0
0.2357966471317947
0.08358967016853025
0.0
0.0
0.0
0.0
0.9175804151963036
0.7193951668486122
0.0
0.0
0.0
0.0
0.0
0.08147462999769672
0.4945445975413856
0.0
0.015822941147343728
0.9983186060578086
0.5437016399447581
0.189802040522829
0.0
0.0
0.9436680027900964
0.0
0.5320309777693373
0.0
0.0
0.0
0.0
0.052639995657978056
0.0
0.0
0.0
0.0
0.2573134096309757
0.10649619959474588
0.34786987125919167
0.0
0.999995623992933
0.0
0.0
0.6236140597060837
0.0
0.0
0.0
0.18288817964185056
0.0
0.9046345147562127
0.0
0.0
0.7959554728980425
0.0
0.0
0.9617035459165684
0.7535955516476092
0.3106633718934797
0.3777154009014121
0.11391167639991029
0.0
0.0
0.0
0.0
0.7537305669148022
0.012621330382244889
0.0
0.0
0.3471172387983701
0.0
0.0
0.0
0.20401420954748095
0.0
0.42617261153539365
0.05462633433090891
0.0
0.09931353566301526
0.0
0.0
0.0
0.5712294332930166
0.0
0.0
0.0
0.0
0.0
0.27097364237696087
0.0
0.0
0.4669745074916649
0.0
0.0
0.06525244297142052
0.0
0.0
0.0
0.0
0.09084628966126707
0.0
0.0
0.0
0.0
0.0
0.0
0.0
0.0
0.12351367401145485
0.0
0.7020629039293527
0.0
0.820724078169849
0.08227585774258717
0.0
0.0
0.0
0.2738363508565227
0.6155664694629903
0.0
0.8629484529446623
0.0
0.15678714249920467
0.0
0.42706378900824293
0.0
0.0
0.0
0.4558461736880217
0.611538033911492
0.0
0.0
0.9997544678386654
0.6310348506584613
0.5765574470654835
0.0
0.9972758490948136
0.0
0.0
0.0
0.6512443227995417
0.0
0.0
0.0
0.010252807693924781
0.0
0.05445074737517963
0.0
0.0
0.0
0.0
0.021602018591272865
0.9999051257657025
0.8639017177488459
0.0
0.0
0.0
0.0
0.0
0.8716566159986227
0.7572853514788316
0.0
0.0
0.0
0.0
0.0
0.0
0.13458351077308484
0.0
0.1529279064253497
0.2843722960246151
0.972399601063972
0.9980629601485439
0.0
0.3740379951336351
0.9976705351218311
0.4156234093260316
0.0
0.0
0.24265295489659766
0.0
0.0
0.9665366742552798
0.0
0.0
0.7298826164187056
0.0
0.32402164476286877
0.9251039022969914
0.48730154767160805
0.0
0.4726407925948811
0.720453227772172
0.0
0.7574920338990419
0.0
0.6313208288583162
0.0
0.0
0.0
0.0
0.9901565462041682
0.0
0.0
0.6004980546452772
0.0
0.0
0.0
0.0
0.431203287821444
0.0
0.3596608650703472
0.0
0.0
0.052653275956668355
0.9340677168480577
0.0
0.0
0.9797706383726921
0.0
0.0
0.0
0.22384224315921564
0.9273405772024617
0.0
0.6713273808972728
0.0
0.0
0.0
0.8769724506574174
0.0
0.0
0.0
0.0
0.11506077531277037
0.035280601576007875
0.7939868527792645
0.0
0.4574805200911327
0.0
0.8449940612029659
0.3849105751793319
0.0
0.0
0.4824260233435216
0.9627936512073053
0.0
0.0
0.0
0.0
0.3137194996854531
0.0
0.0
0.998914736332024
0.8631095076591925
0.0
0.0
0.0
0.0
0.0
0.9887899803360682
0.0
0.0
0.372298772746686
0.0
0.0
0.8828848179233354
0.0
0.0
0.0
0.643630610584105
0.0
0.5483802278280191
0.0
0.0
0.0
0.0
0.0
0.027732477892774887
0.0
0.21270160663030457
0.0
0.0
0.0
0.0
0.0
0.0
0.0
0.0
0.0
0.0
0.0
0.0
0.0
0.0
0.32299612680910383
0.6217328444272989
0.0
0.9132189918102762
0.0
0.0
0.0
0.0
0.3054604768388429
0.25514580239785123
0.0
0.0
0.2581345800764391
0.9225228255321332
0.2442957292847454
0.9013613989916125
0.0
0.008894528157882942
0.34727786165263363
0.0
0.0
0.9289024180476366
0.7659247949885934
0.6860427135803402
0.9125285075018212
0.0
0.0
0.0
0.08912521786000105
0.0
0.0
0.22288621675861708
0.02717506558069438
0.0
0.0
0.9985934870823541
0.0
0.0
0.0
0.8237525213332645
0.0
0.0
0.0
0.6481549972414292
0.0
0.0
0.47067790446403734
0.0
0.0
0.0
0.0
0.0
0.151300355914471
0.0
0.0
0.2768701718471027
0.0
0.0
0.0
0.0
0.09410998844161667
0.0
0.0
0.0756284176576234
0.20928768850450885
0.0
0.21468542638142907
0.0
0.9999920402730026
0.31452054585681566
0.4415995723799422
0.10940025021762023
0.0
0.04369996957776834
0.0
0.2723370831775209
0.3906371195348495
0.0
0.04770708133828394
0.0
0.37378284819282026
0.0
0.0
0.0
0.0
0.0
0.0
0.0
0.6869365043288701
0.0
0.0
0.41059870866194026
0.08400123136670279
0.0
0.8866792650294512
0.0
0.0
0.0
0.0
0.7660012387374632
0.7264424379361035
0.2032366920471017
0.0
0.0
0.0
0.0
0.0
0.0
0.4895862958807484
0.0
0.0
0.6592180795570097
0.0
0.5380154685436791
0.27983755487165873
0.0
0.0
0.0
0.8184740563047462
0.0
0.0
0.0
0.0
0.0
0.0
0.511743580118347
0.0
0.434548822724916
0.7263869370146436
0.5605232028796454
0.0
0.0
0.26959320091867833
0.0
0.0
0.0
0.0
0.0
0.010535958279627389
0.7586820830410496
0.9628104604613027
0.9198774640460081
0.0
0.0
0.0
0.0
0.0
0.0
0.0
0.7050744345614146
0.0
0.840456964811879
0.8445373616745504
0.0
0.0
0.18639768919814537
0.0
0.8089858353093783
0.6408415434194998
0.977242974374958
0.0
0.0
0.0
0.0
0.0
0.0
0.0
0.0
0.1937057868858183
0.0
0.022980641382189804
0.0
0.0
0.16577648903278575
0.0
0.8581482865195595
0.0
0.0
0.0
0.0
0.0
0.12163358467621488
0.0
0.0
0.0
0.0
0.0
0.0
0.8956257749950107
0.0
0.0
0.7610722438932415
0.0
0.0
0.0
0.2887687928764806
0.0
0.009081275435274705
0.0
0.4804580168113888
0.0
0.0
0.0
0.0
0.8655856327432949
0.0
0.0
0.1040903273585212
0.4321691578266901
0.0
0.0
0.9651873123092868
0.10309235835197073
0.0
0.0
0.9568104157133229
0.24615315505383006
0.0
0.0
0.22157592381101088
0.0
0.0
0.841538802420996
0.16284300889143966
0.0
0.0
0.0
0.4146815255063201
0.0
0.0
0.06824857481191282
0.0
0.6152991670919148
0.0
0.0
0.0
0.5034047141862141
0.0
0.5096881633404008
0.9645058051365312
0.0
0.62813393718874
0.0
0.0
0.0
0.16927668497623527
0.0
0.0
0.0
0.0
0.0
0.0
0.0
0.0
0.0
0.16824567499140863
0.2880697243552901
0.5152519520702052
0.07495755644478863
0.05727720855282936
0.0
0.0
0.00442023741230213
0.0
0.0
0.0
0.0
0.0
0.0
0.26269368296691065
0.0
0.09329590714463121
0.0
0.0
0.23609979200341813
0.0
0.0
0.0
0.0
0.0
0.0
0.0
0.0
0.0
0.0
0.0
0.0
0.0
0.8658574563539723
0.0
0.0
0.2469512952280517
0.0
0.0
0.0
0.0
0.5562588464489676
0.6634915408338482
0.0
0.0
0.0
0.0
0.0
0.0
0.0
0.0
0.0
0.0
0.0
0.6004936875262215
0.9564384855423747
0.7353815195893691
0.512712381839602
0.0
0.0
0.0
0.0995811582421714
0.0
0.0
0.0
0.0
0.0
0.18914785593119854
0.35691232667277295
0.9274197059463113
0.0
0.0
0.17883859539876867
0.0
0.0
0.0
0.0
0.999688334010176
0.0
0.008565896294658537
0.0
0.0
0.0
0.0
0.0
0.0
0.0
0.0
0.0
0.0
0.0
0.8339436414403225
0.0
0.5159232499896984
0.2917211693811076
0.0
0.0
0.0489311769095363
0.0
0.0
0.0
0.0
0.3646196008818987
0.0
0.0
0.06851128602808887
0.0
0.0
0.487068981944211
0.0
0.0
0.05405807591584477
0.0
0.0
0.0
0.0
0.0
0.14246651756259077
0.0
0.0
0.0
0.0
0.0
0.8997151130047871
0.0
0.0
0.9999968395509338
0.07634820984456803
0.0
0.9907169498193577
0.0
0.11603043150495462
0.010721578941670806
0.0
0.9135919122357576
0.0
0.5825146377257961
0.0
0.8162837753003069
0.0
0.7493726926891539
0.8287943664043458
0.0
0.0
0.0
0.0
0.5635390237471843
0.0
0.05741958213198772
0.0
0.0
0.0
0.0
0.0
0.0
0.0
0.5724927633760233
0.0
0.0
0.0
0.0
0.4898302851823886
0.09697715747712721
0.0
0.0
0.7473929347050765
0.0
0.11181164527693355
0.0
0.0
0.0
0.0
0.0
0.0
0.6586979983781853
0.0
0.0
0.0
0.0
0.0
0.0
0.0
0.0
0.14141466716156537
0.0
0.49968788464263314
0.0
0.0
0.0
0.6981041045921603
0.0
0.0
0.0
0.0
0.0
0.0
0.0
0.0
0.0
0.0
0.0
0.0
0.0
0.0
0.0
0.0
0.0
0.0
0.13246251887999494
0.0
0.0
0.07809894476567758
0.0
0.0
0.9879568936260756
0.0
0.0
0.0
0.10500475718009394
0.0
0.0
0.0
0.0
0.0
0.0
0.0
0.0
0.23049035071899326
0.0
0.0
0.0
0.6693921863925647
0.0
0.0
0.0
0.0
0.0
0.13893007355812137
0.4903318488137771
0.6137703604500389
0.0
0.0
0.4198320331203953
0.0
0.0
0.0
0.9580632364548327
0.0
0.7764209248155727
0.39266229419230747
0.0
0.0
0.0
0.0
0.9246395557679469
0.0
0.0
0.0
0.0
0.0
0.0
0.0
0.0
0.0
0.0
0.17025896173956823
0.0
0.0
0.0
0.0
0.0
0.5182543000426201
0.0
0.0
0.0
0.4045764803945754
0.26683779503078275
0.0
0.0
0.0
0.0
0.0
0.0
0.0
0.10370705101686273
0.0
0.0
0.0
0.0
0.45724658068174473
0.8801729014565504
0.0
0.154927822914402
0.0
0.0
0.0
0.0
0.6480106761286544
0.0
0.0
0.0
0.9542371259753968
0.0
0.09701604178788725
0.0
0.0
0.0
0.7515692239758125
0.0
0.0
0.0
0.0
0.05268592229905622
0.5681097259874839
0.0
0.0
0.0
0.0
0.5589132328184869
0.0
0.0
0.0
0.0
0.0
0.0
0.0
0.0
0.04742640065270365
0.23907399211475044
0.0
0.0
0.0
0.0
0.0
0.0
0.8001199405813891
0.0
0.0
0.027811944839692626
0.0
0.0
0.6928550477757125
0.9580761799881539
0.23622550255345331
0.001070517047393249
0.0
0.17698516526853292
0.0
0.0
0.0
0.0
0.09017826013080643
0.0
0.0
0.6424205815671279
0.0
0.0
0.9999957572592608
0.4159417912199008
0.0
0.28477210693358035
0.0
0.0
0.05721320877932179
0.0
0.10565364158895707
0.0
0.0
0.12345946367514182
0.8824053402094904
0.0
0.0
0.0
0.0
0.0
0.0
0.0
0.0
0.0
0.23867144410998375
0.2558075639095395
0.0
0.0
0.0
0.32292189602181476
0.23229846798689668
0.0
0.0
0.8293403480327632
0.0
0.0
0.0
0.44190745750005256
0.0
0.5178099544925321
0.0
0.0
0.0
0.6292318152335863
0.33824606600810236
0.02186870659930862
0.0
0.7146539963477381
0.0
0.0
0.08400946614472948
0.14732517678868595
0.05276907449030277
0.0
0.0
0.0
0.41711692595299665
0.0
0.28891445177694886
0.0
0.0
0.0
0.0
0.0
0.0
0.9005925990822878
0.0
0.0
0.2950086077490679
0.0
0.0
0.0
0.0
0.0
0.0
0.07274131754762081
0.6019031735641747
0.0
0.0
0.0
0.15937104892640286
0.0
0.0
0.0
0.2728417286419955
0.0235996161408617
0.0
0.0
0.0
0.0
0.0
0.0
0.0
0.0
0.24969946031000712
0.4511125229325619
0.0
0.0
0.0
0.0
0.0
0.4217297544897063
0.0
0.0
0.0
0.07603867949401544
0.0
0.0
0.0
0.0
0.0
0.0
0.6723128224558992
0.0
0.0
0.8122304213623189
0.0
0.7662920712129059
0.0
0.0
0.0
0.0
0.0
0.0
0.0
0.3489949570421378
0.0
0.34270782684461976
0.0
0.0
0.0
0.982352105089502
0.0
0.0
0.9364389408805853
0.0
0.0
0.18567230202269192
0.0
0.0
0.0736377825611656
0.0
0.0
0.0
0.0
0.0
0.0
0.0
0.0
0.0
0.0
0.0
0.0
0.0
0.0
0.15763508470295073
0.08569774826566645
0.0
0.0
0.0
0.0
0.4709746093798417
0.0
0.15473231161789935
0.8801015955681972
0.13502565536371414
0.0
0.0
0.0
0.0
0.0
0.0
0.0
0.8166705241856048
0.10445530734582165
0.4084663712372487
0.0
0.0
0.0
0.0
0.0
0.9905240821038898
0.0
0.0
0.057654067763683425
0.26761460174145835
0.0
0.0
0.0
0.8323906469546641
0.6197681535016147
0.36322138739523013
0.0
0.40281321879750176
0.0
0.0
0.9502479592851102
0.5393959848387111
0.403228262450384
0.0
0.5196032737944308
0.0
0.7133830213723455
0.0
0.8925880811695563
0.0
0.5043207230014852
0.0
0.0
0.0
0.0
0.0
0.0
0.0
0.0
0.7021518216510849
0.0
0.4100946735853558
0.0
0.0
0.0
0.0
0.5621129540049257
0.0
0.3816803885737867
0.0
0.0
0.2653170112138118
0.0
0.0
0.0
0.6806878565333647
0.0
0.6345324731153803
0.0
0.0
0.9607138331960057
0.0
0.30853423329428
0.999386901357264
0.0
0.0
0.0
0.17717072195306083
0.10816542418354058
0.0
0.0
0.8308403494607854
0.9207131514594488
0.0
0.13445986771440044
0.23924164343487453
0.0
0.0
0.10077071937526916
0.0
0.687896918680704
0.0
0.05184441771478865
0.0
0.0
0.0
0.18990589031380745
0.0
0.0
0.07574266871723012
0.0
0.0
0.7827496618372176
0.0
0.33916289857312953
0.0
0.0
0.9436177811138302
0.0
0.8465938996271718
0.14746590126019488
0.9073151401880549
0.20864916018605928
0.0
0.0
0.0
0.829016030502133
0.7716950150925659
0.2578163073939128
0.0
0.0
0.9995052151485739
0.33420901573752615
0.0
0.9997766357428636
0.0
0.0
0.25621524564481746
0.0
0.6857938655213904
0.0
0.0
0.9999999931078016
0.0
0.9999999999931732
0.0
0.8712681380921563
0.0
0.029928163973292676
0.0
0.24414009978645135
0.0
0.8765121311902418
0.6473920127256552
0.0
0.0
0.037584961254024996
0.0
0.0
0.0
0.0
0.414120772927413
0.0
0.0
0.0
0.9414645710714098
0.0
0.18007043358141472
0.0
0.0
0.28078685530900716
0.0
0.0
0.0
0.0
0.3116225397879264
0.0
0.0
0.0
0.037734559059092176
0.0
0.0
0.9847525357992071
0.0
0.8384425922391215
0.0
0.07249018574898802
0.0
0.483872506367353
0.23803782524639894
0.36469501283919525
0.09342918196479277
0.40775831624778314
0.0
0.0
0.2787613184534836
0.0
0.0
0.0
0.0
0.0
0.0
0.0
0.0
0.0
0.42114925380006274
0.0
0.0
0.0
0.0
0.0
0.0
0.0
0.0
0.6972227200591172
0.2745493835815227
0.0
0.0
0.0
0.8620976651888128
0.0
0.0
0.0
0.0
0.45467188440682094
0.43056569049885396
0.0
0.09610671382204905
0.9326249208916506
0.909089535010697
0.0
0.019329642214454323
0.0
0.0
0.0
0.0
0.04534987117090383
0.0
0.0
0.0
0.0
0.0
0.8320005767405063
0.14929696741093523
0.0
0.0
0.05600432492062979
0.0
0.0
0.0
0.9137089462530733
0.0
0.02568430723924009
0.0
0.0
0.0
0.0
0.0
0.20901323480790623
0.3142022000199083
0.6149870674274902
0.0
0.0
0.276229591093777
0.0
0.8034960728018908
0.0
0.0
0.0
0.0
0.0
0.0
0.1924697798215782
0.0
0.0
0.6644665351970594
0.0
0.2026370083463892
0.0
0.9557027629821813
0.0
0.0
0.0
0.0
0.0
0.6263650586475028
0.0
0.2723788397064506
0.166861184705134
0.0
0.0
0.0
0.0
0.0
0.0
0.0
0.0
0.0
0.0
0.0
0.0
0.2609705500460058
0.0
0.2884421653203324
0.0
0.12535668329196925
0.0
0.0
0.0
0.0
0.0
0.0
0.0
0.0
0.0
0.23165679054113686
0.0
0.0
0.26708202262006164
0.0
0.0
0.0
0.0
0.0
0.0
0.0
0.0
0.2097390130856972
0.0
0.0
0.0
0.0
0.29114155872397574
0.0
0.0
0.54865306097438
0.0
0.6159508446769026
0.48250067040363065
0.150792931767322
0.5176946381984244
0.0
0.15168069758222513
0.0
0.0
0.0
0.0
0.18109066721548062
0.0
0.8392237936107465
0.1281952526609147
0.0
0.0
0.0
0.0
0.0
0.5811346361201444
0.0
0.5581673676309784
0.8749637733122676
0.0
0.0
0.0
0.0
0.0
0.13611052766217713
0.5418922892154462
0.8238952138115467
0.5736946548026602
0.0
0.0
0.0
0.0
0.76958002559182
0.08775871604535135
0.0
0.36807544275413395
0.0
0.0
0.9747325538863305
0.0
0.0
0.04693399002295984
0.11631679589170973
0.37767902602430403
0.300731164384888
0.0
0.16250228817151413
0.0
0.6527589086948025
0.0
0.0
0.0
0.0
0.26510999402471525
0.0
0.33941973447300233
0.0
0.0
0.0
0.0
0.11698503662765658
0.0
0.0
0.0
0.0
0.0
0.07189404630210317
0.0
0.0
0.0
0.12654707467150816
0.46702851711947424
0.0
0.20159416248694872
0.0
0.04916771644311868
0.5996984550264336
0.0
0.0
0.3116394084254085
0.4814137857328368
0.9462047221790699
0.38218421231267596
0.014227902220371402
0.46479779354079154
0.7877930126365831
0.4963865293850308
0.5964344914664372
0.20443486308297298
0.34934413537722797
0.0
0.0693345249770525
0.0
0.9601544011418881
0.0
0.0
0.20242882402466766
0.0
0.0
0.0
0.0
0.8861837431729875
0.02164223941519694
0.6425210547756085
0.5746883649420651
0.0
0.4311342258131089
0.1685316206846187
0.778525287498283
0.9935085179141975
0.0
0.0
0.0
0.24762260354339727
0.528658995657572
0.0
0.9839447343914477
0.0
0.5620713678310295
0.0
0.030821374658618117
0.0
0.0
0.0
0.0
0.2015330178959901
0.0
0.0
0.0
0.016874598671205887
0.1379288888558151
0.8839531098502171
0.0
0.5213513465361208
0.0
0.0
0.0
0.0
0.0
0.995502378373618
0.21964959858180833
0.10575071617765863
0.0
0.3042221183116143
0.0
0.0
0.0
0.8341771777019246
0.0
0.0
0.4624101023245286
0.0
0.0
0.0
0.058499714900353106
0.4948697131187936
0.0
0.7862523952639391
0.0029558962668526645
0.0
0.0
0.0
0.0
0.0
0.0
0.0
0.0
0.0
0.0
0.0
0.0
0.0
0.024310129494942267
0.0
0.0
0.10601382763993517
0.15992266761801277
0.0
0.03957288253823521
0.5532697237425844
0.0
0.0
0.0
0.0
0.0
0.5939056249803254
0.0
0.0
0.0
0.0
0.4106587673308064
0.0
0.5478652173318934
0.0
0.0
0.0
0.0
0.28502205597483976
0.4317030860710478
0.0
0.0
0.0
0.07704570884320994
0.0
0.0
0.0
0.12570439687248258
0.0
0.0
0.0
0.22999568290014105
0.0
0.0
0.0
0.0
0.4282285808966533
0.0
0.0
0.0
0.0
0.0
0.0
0.0
0.0
0.769038428280851
0.0
0.0
0.0
0.0
0.0
0.4565741727403536
0.0
0.0
0.0
0.0
0.0
0.0
0.0
0.0
0.3674963812606863
0.0
0.4088563895734565
0.0
0.0
0.42090438056629387
0.2369319419677054
0.6601013900419577
0.09181194590127106
0.0
0.0
0.8770171561261317
0.9724201588048778
0.4725212030216146
0.928911411799882
0.0
0.0
0.9971841931560711
0.47851678037633893
0.0
0.0
0.6553886485226567
0.9758826289383133
0.8336346903809105
0.0
0.0
0.0
0.0
0.5634775957893987
0.6116455763263393
0.35297935984563267
0.0
0.27420781532438776
0.0
0.06637135202802136
0.0
0.0
0.0
0.7227132542982597
0.0
0.0
0.5894695486468695
0.0
0.0
0.0
0.4894746884050437
0.0
0.9957631404454793
0.0
0.0
0.0
0.0
0.13419797688775925
0.0
0.0
0.0
0.0
0.029152871410676906
0.6531650985735303
0.0
0.1416406483352749
0.0
0.0
0.0
0.21544838365235308
0.0
0.0
0.0066998130372039055
0.0
0.6969366936276256
0.0
0.0
0.0
0.44623242622251313
0.0
0.0
0.14085015334484563
0.0
0.6523955473982016
0.0
0.0
0.2570232607557701
0.6192839662706704
0.49579247320589404
0.21166798076890947
0.0
0.9873399680299421
0.0
0.0
0.0
0.0
0.7314693311700944
0.0
0.0
0.1438271782416598
0.0
0.0
0.0
0.03750429344383521
0.0
0.14455061246076617
0.0
0.04789843469487454
0.0
0.0
0.0
0.0
0.3905206493706178
0.6348265825393795
0.0
0.0
0.0
0.0
0.0
0.0
0.0
0.0
0.3451628117266716
0.0
0.0
0.0
0.0
0.0
0.0
0.0
0.0
0.0
0.0
0.7553013202368848
0.0
0.0
0.0
0.0
0.0
0.0
0.0
0.0
0.0
0.0
0.0
0.0
0.0
0.0
0.0
0.0
0.0
0.0
0.0
0.0
0.0
0.178576140260702
0.0
0.0
0.0
0.3096280518291561
0.0
0.0
0.0
0.0
0.0
0.0
0.0
0.0
0.7281169209366363
0.0
0.09402618179660194
0.0
0.0
0.0
0.0
0.0
0.0
0.5166669619962566
0.0
0.0
0.0
0.8143832935026926
0.0
0.0
0.12708460633447882
0.0
0.0
0.0
0.0
0.0
0.014672539871087076
0.0
0.0
0.0
0.0
0.5434393390566611
0.0
0.0
0.0
0.0
0.5623575409493342
0.01768892044593595
0.7068163649001672
0.0
0.9633038365344808
0.0
0.0
1.0
0.0
0.0
0.0
0.0
0.0
0.0
0.37433897955751927
0.1809289986814181
0.0
0.0
0.0
0.0
0.0
0.0
0.0
0.0
0.0
0.0
0.0
0.6054851692278616
0.0
0.8080783533551064
0.45316072375909555
0.0
0.0
0.6652395410947454
0.0
0.0
0.0
0.5574383801823666
0.7497713214396062
0.0
0.0
0.9898581554876006
0.0
0.0
0.0
0.0
0.8505111933133394
0.0
0.483528486602544
0.0
0.25695128059333716
0.0
0.5327225701234025
0.0
0.0
0.0
0.775751898055602
0.0
0.0
0.26294691655738034
0.0
0.9822891453783941
0.0
0.0
0.7889392764994927
0.8484940345159946
0.0
0.5086284518485762
0.0
0.20136164676819845
0.0
0.0
0.0
0.0
0.09966183674525231
0.6265981771572942
0.0
0.0
0.0
0.0
0.0
0.0
0.38149104676474077
0.0
0.0
0.5861763191776808
0.0
0.0
0.0
0.0
0.0
0.0
0.6571697370843699
0.24307161919136555
0.21741979973595993
0.0
0.5226246188593446
0.4821621085620712
0.0
0.0
0.0
0.0
0.3215538588445793
0.9402988074810851
0.0
0.0
0.214973269550098
0.0
0.0
0.06434670400867193
0.0
0.4029038471148346
0.0
0.7969156879792322
0.0
0.4222333721508498
0.0
0.8044596675716825
0.0
0.0
0.0
0.08811148356443688
0.00918963485169666
0.8552235028271422
0.24044305171132985
0.39291560165312955
0.0
0.0
0.0
0.0
0.0
0.0
0.0
0.0
0.0
0.0
0.0
0.0
0.0
0.0
0.8555703352458355
0.0
0.0
0.0
0.0
0.6797185597603181
0.18775060024385448
0.0
0.4525601883045167
0.0
0.0
0.8880060137888964
0.0
0.2630713093871009
0.08502741539824632
0.22140365997554667
0.977975749668657
0.0
0.03498444436529213
0.0
0.0
0.0
0.10653950138571
0.032742572822420324
0.0
0.32768568062243464
0.0
0.0
0.0
0.0
0.0
0.5583437155206561
0.0
0.0
0.0
0.0
0.02127858943097538
0.19074856100874127
0.0
0.0
0.0
0.0
0.0
0.0
0.0
0.9831533699049633
0.0
0.25707118783094085
0.0
0.0
0.0
0.0
0.0
0.0
0.7592383596581556
0.0
0.0
0.18326258567459208
0.6821481706577257
0.0
0.0
0.20671104049895495
0.0
0.7985137783733276
0.0
0.0
0.0
0.0
0.0
0.7401906407406619
0.0
0.0
0.01830483430576324
0.4256612457816764
0.0
0.7242892967860812
0.0
0.735222904379006
0.0
0.0
0.0
0.0
0.0
0.0
0.0
0.0
0.0
0.0
0.0
0.0
0.0
0.0
0.0
0.0
0.0
0.0
0.25185868280975265
0.0
0.44260257528032754
0.010911983499374278
0.2550351583308248
0.11661006980395494
0.31482392617091814
0.0
0.3558329270695142
0.304201884496616
0.0
0.0
0.0
0.0
0.0
0.0
0.0
0.0
0.9859217839841595
0.743673601096067
0.0
0.2209711969035162
0.0
0.0
0.0
0.0
0.0
0.4036015509694917
0.0
0.3341362072114378
0.0
0.0
0.5927002142406923
0.0
0.46029192826327725
0.0
0.0
0.13643842818633645
0.46859639981976375
0.9962621527248692
0.0
0.787869662635202
0.0
0.0
0.0
0.3915246929710652
0.0
0.0
0.7999344957860999
0.0
0.0
0.0
0.0
0.0
0.0
0.0
0.0
0.10138848063915762
0.0
0.0
0.0
0.0
0.0
0.0
0.7000662734025611
0.0
0.0
0.6691705939405588
0.7551604248910504
0.0
0.0
0.0
0.0
0.0
0.0
0.8769507005256355
0.0
0.7694230590674019
0.0
0.5402611772938121
0.0
0.8205708421135167
0.0
0.0
0.5313162320815513
0.0
0.0
0.0
0.0
0.23002359788013527
0.0
0.0
0.0
0.0
0.0
0.0
0.9545462209233507
0.9954040639652775
0.0
0.9602285079503544
0.913975058866894
0.0
0.0
0.9865099590830098
0.0
0.10856183416137355
0.964682923135902
0.0
0.0
0.5425608139483428
0.0
0.0
0.46363659763105725
0.0
0.0
0.0
0.0
0.999201501123746
0.0
0.0
0.0
0.21448707732459904
0.7486136954718902
0.34092818960412785
0.41125863431711573
0.17240976977474687
0.0
0.0
0.8454622782273233
0.7579370792565538
0.0
0.0
0.0
0.0
0.0
0.0
0.0
0.0
0.0
0.0
0.0
0.366978264286667
0.0
0.0
0.0
0.0
0.0
0.0
0.0
0.0
0.0
0.0
0.18124929646055232
0.5041700424078441
0.0
0.0
0.0
0.0
0.0
0.0
0.8822922727720006
0.0
0.860111762342912
0.0
0.0
0.0
0.0
0.0
0.0
0.0
0.39971933062457876
0.0
0.8472033407454785
0.0
0.0
0.0
0.23266723344432316
0.0
0.4603626429451173
0.0
0.0
0.9965492491553654
0.0
0.7874784417986586
0.0
0.0
0.0
0.0
0.18932113055697153
0.0
0.0
0.0
0.0
0.0
0.0
0.5399258260756428
0.0
0.0
0.0
0.0
0.3929898190657751
0.0
0.0
0.0
0.0
0.0
0.0
0.14785705053094245
0.43227407401478835
0.0
0.0
0.0
0.0
0.0
0.0
0.0
0.0
0.0
0.0
0.9215670878365501
0.0
0.0
0.0
0.0
0.0
0.0
0.5517391808221808
0.0
0.0
0.0
0.0
0.0
0.0
0.0
0.0
0.631087519778274
0.0
0.0
0.0
0.464135179993862
0.0
0.0
0.8571334594765807
0.4399886449923116
0.0
0.0
0.06057043824503949
0.0
0.0
0.9550611943863572
0.3392756854798906
0.0873497273662629
0.9652345792449162
0.0
0.0
0.8669997610783252
0.8185133069224828
0.9999045285551564
0.48056871341729446
0.36260829317822263
0.0
0.0
0.21329523986894106
0.16670887488873054
0.9996709661966904
0.1292974469999314
0.4575525551099744
0.07884619685457495
0.622616708201292
0.1174071307083242
0.042858397495801226
0.0
0.826826557488703
0.410418880442726
0.0
0.9364107996356809
0.0
0.2286297539201494
0.0
0.0
0.8825626908973174
0.0
0.7941362848822597
0.0
0.261179273739913
0.0
0.0
0.0
0.0
0.0
0.0
0.0
0.0
0.0
0.06831568979849711
0.0
0.0
0.0
0.0
0.19378588956741583
0.0
0.0
0.0
0.0
0.0
0.0
0.0
0.0
0.0
0.4346961100961144
0.0
0.0
0.0
0.0
0.1781688481099084
0.4603104058705554
0.8488202179491211
0.0
0.0
0.44636088312944966
0.0
0.0
0.0
0.0
0.0
0.39069077926462215
0.0
0.0
0.934719620687582
0.0
0.0
0.0
0.0
0.0
0.0
0.0
0.0
0.0
0.0
0.0
0.0
0.0
0.0
0.0
0.0
0.0
0.42538972351860926
0.038344691729882974
0.0
0.0
0.0
0.0
0.0
0.0
0.0
0.0
0.7703914829594695
0.0
0.6959249050077079
0.0
0.0
0.0
0.9660616124364472
0.0
0.3439224347532679
0.0
0.0
0.0
0.0
0.15497689216613697
0.27213092300227215
0.0
0.0
0.9927949370628416
0.0
0.3535165962990723
0.3000928526243103
0.0
0.5549130102832911
0.6352352251474096
0.0
0.0
0.0
0.0
0.0027333499173192166
0.0
0.26471525104165217
0.0
0.9352385901641213
0.09155505594014302
0.0
0.0
0.0
0.8976842254136325
0.0
0.0
0.0
0.3003159586179798
0.16756095973827168
0.0
0.07775671284209917
0.1178082894439676
0.15927633477010095
0.0
0.012399065519844377
0.0
0.8834483354664271
0.0
0.9950992721102215
0.0
0.0
0.0
0.0
0.0
0.0
0.0
0.0
0.0
0.0
0.0
0.0
0.23894938851852432
0.0
0.0
0.8670139548400441
0.21216452700506028
0.0
0.9042327715573834
0.0
0.6733752611307173
0.0
0.718339012000059
0.0
0.0
0.0
0.5498845192637385
0.9333099401262257
0.3423840135720073
0.9566580695961125
0.0
0.45169208941617645
0.4040605676100979
0.49354176479328815
0.6341071573537477
0.2966659260795902
0.9445463138872777
0.0
0.49567147460363337
0.0
0.0
0.0
0.9988107905106379
0.0
0.0
0.3540587048022896
0.0
0.0
0.541775232376724
0.21576896397525647
0.9257772482036976
0.6730594925062172
0.6301022010568645
0.0
0.0
0.0
0.0
0.0
0.0
0.0
0.0
0.0
0.0
0.805296981104973
0.0028510980532481245
0.0
0.0
0.43376043397396336
0.3004333795207983
0.19905997270220221
0.35660575043536746
0.9780737090306483
0.5874029048199347
0.0
0.14478917411903525
0.6001898383559429
0.0
0.0
0.4669515208148003
0.0
0.0
0.0
0.0
0.0
0.10571506277386522
0.0
0.0
0.0
0.0
0.0
0.0
0.1895286626319428
0.9046453826749385
0.6453454341243072
0.0
0.0
0.0
0.0
0.5082796925203872
0.0
0.37540710882238726
0.9448031130785419
0.9109376732666024
0.0
0.0
0.39230163154348197
0.9941833363131986
0.6045919252495419
0.13733449479959603
0.0
0.9872735106751621
0.6478197756627295
0.0
0.0
0.0
0.0
0.0
0.0
0.04121782419532061
0.0
0.0
0.18935575688831952
0.42286540131192996
0.0
0.0
0.0
0.0
0.0
0.0
0.3550206536128797
0.0
0.0
0.0
0.0
0.0
0.0
0.0
0.0
0.0
0.0
0.0
0.8316089681717158
0.6087064633632264
0.0
0.0
0.0
0.0
0.0
0.0
0.0
0.0
0.0
0.0
0.0
0.0
0.3440686955875596
0.0
0.0
0.0
0.0
0.0
0.8483173216722786
0.7528936712692874
0.0
0.0
0.0
0.0
0.37706166877805036
0.0
0.0
0.0
0.0
0.29368946499772497
0.16627752399853057
0.0
0.027433850838875506
0.060275481716486334
0.28792836287556467
0.39944279451993847
0.3359850002253495
0.37854871470665485
0.0
0.6324282391128263
0.3493571263208324
0.0
0.0
0.0
0.0
0.0
0.34642554853951224
0.42279277017622197
0.04355919436841882
0.4872048298465056
0.0
0.0
0.28281355247558615
0.0
0.9719750401710301
0.0
0.0
0.15795588151030904
0.0
0.2099500525837229
0.8611214293295085
0.0
0.0
0.31727573698133893
0.0
0.0
0.7979729662718595
0.4692599768197987
0.0
0.0
0.0
0.68028458561897
0.6927919842821955
0.8515537893555915
0.8374988054500123
0.996673659648193
0.6275266694950157
0.0
0.0
0.0
0.486453553808496
0.0
0.07260658770161832
0.0
0.9872570950425243
0.0
0.0
0.993602609744411
0.0
0.0
0.0
0.08058993535409753
0.0
0.0
0.0
0.0
0.0
0.0
0.0
0.0
0.0
0.0
0.0
0.0
0.0
0.0
0.3625685444521386
0.0
0.0
0.0
0.0
0.3376590824175566
0.6610711791195181
0.9381554285784126
0.0
0.91067691313575
0.8246219519493633
0.950579823152857
0.26918956336701183
0.9571327349411747
0.9285415399306488
0.9586227417752672
0.8993671461024013
0.9285415399306488
0.9846652231878049
0.0
0.0
0.0
0.0
0.0
0.7906728355650599
0.0
0.0
0.34259547588910955
0.0
0.9784247575980973
0.9620653317935213
0.7125013736690932
0.0
0.0
0.0
0.0
0.0
0.0
0.0
0.0
0.0
0.0
0.2731872539671386
0.0
0.1548769440651131
0.0
0.0
0.0
0.0
0.0
0.0
0.0
0.9998084226257761
0.0
0.4552961501412237
0.0
0.0
0.0
0.0
0.0
0.18694929879416144
0.0
0.0
0.0
0.0
0.0
0.08344295081506736
0.0
0.0
0.0
0.0
0.0
0.0
0.0
0.0
0.08178699285413649
0.4448778600052159
0.4105562911248416
0.9016038489795818
0.0
0.0
0.8355008230409299
0.5309745596275152
0.0
0.6035729852475658
0.0
0.0024010093878562566
0.49035274756667735
0.0
0.0
0.0
0.11885954227294682
0.0
0.0
0.05922414298159406
0.03896499950409282
0.0
0.0
0.0
0.0
0.05013287563419633
0.0
0.03169014159961647
0.0
0.0
0.0
0.9999916782366826
0.539675592970569
0.07957817459003702
0.0
0.007923754060736865
0.6714870294678038
0.8509293584168955
0.8629371079422985
0.8323464485986856
0.24460635240209505
0.0
0.0
0.0
0.0
0.4764856206177024
0.9018723298163762
0.0
0.3392887377513265
0.0
0.945401109540623
0.9896305134087816
0.0
0.0
0.8409871370733972
0.22034910981716915
0.9439849888958186
0.5571685524267007
0.0
0.47723614983417295
0.0
0.8312914424039066
0.9787054481548045
0.6175015516160548
0.5021900829311687
0.0
0.0
0.44780717816816007
0.0
0.9999872646640479
0.0
0.0
0.0
0.8107763142187181
0.0
0.1907767453769963
0.0
0.0
0.0
0.0
0.554675408999981
0.0
0.0
9.69741750697084E-5
0.0
0.0
0.0
0.0
0.0
0.0
0.0
0.0
0.3723626894335781
0.0
0.0
0.0
0.0
0.0
0.0
0.0
0.0
0.0
0.2707485121646367
0.0
0.4877580229369236
0.9278570929510245
0.4872235884657725
0.7877019873155495
0.9712749810703736
0.7468061587894059
0.5546219130538682
0.0023648847231032555
0.6898089845028739
0.9986203854854827
0.0
0.8449686104260117
0.028806126192276738
0.0
0.9280461141621755
0.44835552397152
0.7668113471176928
0.54317044830432
0.08773819341825873
0.8123115074948033
0.06263124912107465
0.7923704809933052
0.0
0.6707226492825777
0.0
0.4246278025129965
0.0
0.0
0.4425765047609771
0.5113391787333187
0.0
0.0
0.9382642543725233
0.0
0.0
0.9276752814087965
0.3605127549500735
0.8997867597338217
0.0
0.0
0.6730961319286553
0.0
0.977200868858473
0.0
0.03779259326798301
0.4448881038130752
0.0
0.0
0.9346905393099922
0.0
0.45083016672684106
0.20446417826258956
0.46342305856261357
0.06456708330079886
0.8772596302618791
0.0
0.0
0.9337862045451265
0.2079912430296913
0.9329321531036396
0.0
0.9922684476347331
0.0
0.6604509689489587
0.11356582888376465
0.0
0.0
0.0
0.0
0.6931719777663432
0.0
0.0
0.0
0.0
0.4502918609076789
0.0
0.0
0.0
0.0
0.0
0.27198826244564334
0.0
0.3325291481448748
0.0
0.0
0.6314756702104458
0.0
0.2841188271948485
0.9358899753792684
0.4334425304954157
0.6254259399441057
0.9163743038299078
0.6922429073045764
0.8890152652086387
0.6314244886006659
0.0
0.7902066028649921
0.0
0.7399886128075821
0.3767385608233388
0.5230644152433662
0.7973259329946519
0.0
0.0
0.0
0.0
0.0
0.0
0.0
0.4638402757693174
0.9999990306080793
0.0
0.9625127977787923
0.9047714636595138
0.008794089179972042
0.0
0.999357041236333
0.0
0.9995956591584682
0.0
0.0
0.7840081462607528
0.0
0.9999989528790341
0.0
0.9621130411013982
0.6185554834316334
0.8599216916051474
0.8079716389075497
0.0
0.953863242379245
0.1988402325470886
0.995937545486179
0.7047854483086451
0.0
0.04619650515445051
0.9999937818569379
0.9558021108115966
0.0
0.9921938393779393
0.20595530303431664
0.9988429679298534
0.0
0.0
0.0
0.7216732738876912
0.0
0.0
0.5438898581540685
0.9999976480345802
0.0
0.0
0.9999981158431063
0.9996445709246823
0.37990055412106205
0.3194894583113673
0.9586227417752672
0.9563519908622045
0.9781043881282576
0.9784247575980973
0.990483930848219
0.9787909490251058
0.0
0.46219998245676186
0.495083892539387
0.0
0.0
0.0
0.0
0.0
0.0
0.0
0.0
0.7888810302682725
0.0
0.0
0.0
0.0
0.0
0.014593049043899575
0.09720011505726844
0.0
0.0
0.09691675100331298
0.0
0.0
0.15552489904729672
0.5320718535958888
0.0
0.8920238482021373
0.0
0.19578322658538183
0.0
0.557670145603499
0.0
0.0
0.3264058339508953
0.0
0.0
0.0
0.0
0.0
0.0
0.0
0.6386910517969473
0.0
0.0
0.0
0.0
0.0
0.9858043745674367
0.0
0.0
0.0
0.0
0.0
0.0
0.0
0.0
0.0
0.3536556000319131
0.0
0.0
0.0
0.0
0.0
0.04994070939275619
0.0
0.45502594493312476
0.887351498475537
0.0
0.0
0.7108409701752347
0.9827627335841324
0.0
0.6741797197759299
0.0
0.0
0.0
0.1685789197138674
0.0
0.2209625419479755
0.0
0.0
0.23167371986433705
0.2910304514138453
0.9503566726440986
0.0
0.0
0.0
0.0
0.0
0.0
0.0
0.0
0.23502761843357178
0.0
0.0
0.0
0.01743615123996145
0.06990335781783485
0.0
0.0
0.0
0.25384674087808456
0.49808440873850957
0.0
0.8059678444652556
0.0
0.0
0.7240206030422387
0.2578084116723802
0.9792087760725242
0.0
0.0
0.0
0.0
0.999843831315157
0.0
0.3790250461257667
0.805124558525508
0.5497225919301152
0.0
0.02340577481398276
0.0
0.0
0.4255852404204321
0.0
0.0
0.0
0.12546744618943806
0.0
0.0
0.0
0.0
0.0
0.8542702669759475
0.0
0.8541691429337693
0.40509631193417095
0.4398358017479854
0.5601542540398856
0.0
0.0
0.0
0.2586391073839849
0.0
0.8158460998521216
0.8038463339763543
0.0
0.08441102955890667
0.0
0.5955501775655918
0.0
0.02516601681487496
0.6121989913728757
0.05391431464749685
0.16915482071191557
0.806824873581985
0.0
0.6370293693334408
0.707872247395763
0.0
0.19050391903745778
0.5104798199995995
0.3128845055534424
0.503376948393817
0.04050258601490353
0.0
0.0
0.4753629954703761
0.7885697495834882
0.23728596557673387
0.0
0.0
0.7899927072683521
0.0
0.0
0.12786956732910704
0.6680968966814043
0.881620481704248
0.15650625616794311
0.0
0.0
0.21823084826216077
0.9322449526570281
0.9169530760174257
0.8758773621900124
0.0
0.0
0.050339593052648235
0.48841514516673157
0.0
0.0
0.026414241818946915
0.584893691002349
0.6511929822385107
0.2083548089795917
0.07692263208023786
0.9972434718795574
0.0
0.0
0.0
0.0
0.0
0.0
0.7986044531688954
0.0
0.7811898511335833
0.6240258800054557
0.4779305961619168
0.0
0.0
0.49682984748580206
0.0
0.9562565438968307
0.0
0.0
0.0
0.0
0.9334284107655867
0.0
0.42085481697020755
0.0
0.5146825781011736
0.08301838260973438
0.540265250765763
0.0
0.0
0.8698085829702101
0.0
0.8170158734191612
0.6777675466301233
0.8961175433993115
0.3562414625004362
0.9348834071465195
0.5745718690211706
0.049989259119179286
0.0
0.0
0.00953363009428454
0.0
0.007102357797555303
0.4484507049064478
0.16679863578555743
0.0
0.28593465665126305
0.129320108344939
0.0
0.0
0.0
0.0
0.6934146100797859
0.0
0.574779881713748
0.870009058121483
0.0
0.3789348690061355
0.24761821378936089
0.8436666776314963
0.28722376455861576
0.0
0.7721654441807717
0.7978682264939552
0.918790423359384
0.0
0.8398232585473628
0.6242515727029241
0.5377886864192327
0.0
0.0
0.8063218828506911
0.0
0.0
0.0
0.0750706994303455
0.8556215315386502
0.0
0.319894408951484
0.7381616281933687
0.32751800180983204
0.2248739736373062
0.0
0.9016086590548607
0.9866917782486416
0.8149882323145766
0.9716011649044283
0.0
0.6411449072063358
0.4581418793089709
0.0
0.1177572559827329
0.8424975598859938
0.5845944308006918
0.24357333087304578
0.0
0.0
0.8066740694228733
0.9067251076049934
0.67148057060783
0.0
0.6613021837258111
0.0
0.625939155095804
0.0
0.0
0.0
0.7030706313950149
0.05671330078657688
0.7511157707871874
0.9990204893812757
0.9551071557082177
0.0
0.9785433489767787
0.7351241007715292
0.0
0.588714968966481
0.43675264973288597
0.0
0.0
0.0
0.0
0.545107781367584
0.8508257135135142
0.5339699181156421
0.8530474013016134
0.0
0.0
0.0
0.0
0.2426051388076952
0.935082579112083
0.0
0.0
0.8098562775400218
0.2344097323303722
0.7575802105114203
0.9641234112799696
0.17886508622628172
0.14846495265155857
0.0
0.0
0.3761198213765722
0.37677311224351984
0.8170524522199772
0.9014864476154978
0.6491912217580549
0.0
0.9643445636855389
0.07012463518720935
0.9244323814296569
0.42029124323874445
0.08951428390670946
0.0
0.0
0.0
0.9202903517419831
0.7228105507638498
0.0
0.8157562095935925
0.8008189578069788
0.8359407238150247
0.0
0.9163666768700569
0.3106400875817754
0.9789912987242841
0.9217411370251459
0.6744283728863749
0.17766624628714267
0.7274502172613369
0.6326389204690582
0.2973726478764618
0.0
0.746372853314857
0.0
0.32399604057502485
0.0
0.930664749815632
0.0
0.6846528942098702
0.9462706505612151
0.9901437987374504
0.0
0.652284959919863
0.15710280211783156
0.9994442748442285
0.0
0.0
0.0
0.0
0.0
0.5708800553475267
0.8761667725022022
0.0
0.0
0.9887074717346497
0.5621492876468672
0.19010766883997998
0.7402910566484666
0.8811684054919006
0.07365245955430977
0.03639611920282371
0.0
0.0
0.5994791018545941
0.0
0.0
0.0
0.9999226479074175
0.0
0.25402987875977523
0.4925897337063754
0.0
0.7257486254297447
0.6538353770306413
0.7706462903695531
0.45512621982306944
0.6535301817416823
0.9666238365429302
0.4109536534189314
0.0
0.3839545135340152
0.3435672557301226
0.7281743534273148
0.0
0.9120430890694274
0.0
0.0
0.6846892956222209
0.6445843114064196
0.0
0.9775332011459813
0.0
0.3331114575747408
0.9786202504691291
0.8172053758420359
0.9498514099910648
0.0
0.7702122138940222
0.8506004899269115
0.372275965018251
0.0
0.8693307058349421
0.7082074884799043
0.6475256919979749
0.0
0.0
0.0
0.0
0.0016519797443870221
0.9896018526524434
0.8633078625097819
0.0
0.0
0.0
0.0
0.0
0.7165812642341245
0.8624063856251745
0.8827171821944366
0.454867444070187
0.8384716443118534
0.0
0.8727958939219201
0.7437869675699227
0.6043759868866043
0.9297038376323574
0.8405086017867454
0.43612369585593536
0.0
0.0
0.4727057288112586
0.2013286459394109
0.31936357616808175
0.9420824176607923
0.0
0.0
0.0
0.8315964983683728
0.8677238933877252
0.6448297108939918
0.8317216076353622
0.6017197038116193
0.0836444655279559
0.0038925634887658767
0.9403470029284806
0.0
0.0
0.0
0.0
0.9639565435439036
0.0
0.0
0.6697851879519958
0.9025834023030155
0.0
0.0
0.0
0.0
0.0
0.3327258784192113
0.0
0.48327475980975665
0.9834564118473169
0.5136757276995254
0.9916469916265116
0.7609849637848879
0.0
0.0
0.20672238293767775
0.8098129181193947
0.08785415334433277
0.8381408572731164
0.8721672726971479
0.0
0.28557989442894827
0.0
0.0
0.0
0.9749437770825807
0.0
0.34922883706030117
0.7691386732640051
0.8269105563340082
0.0
0.6163740725065593
0.44456046820472994
0.9540487040834602
0.3821326899234708
0.008578338285660014
0.8841734277820082
0.9607554923964918
0.9479613823126407
0.08919198697230313
0.45900415941817063
0.9245803333871886
0.0
0.0
0.8483300954618467
0.0
0.9518931737641572
0.0
0.8825291693875098
0.0
0.0
0.42350726429634133
0.3787876038148852
0.0
0.0
0.0
0.9534970329714418
0.0
0.8398675440295709
0.0
0.0
0.3634222500524935
0.0
0.0
0.0
0.0
0.0
0.0
0.7611223480188015
0.0
0.0
0.7365334459950713
0.0
0.5771719141353099
0.0
0.6922086497609795
0.1846524458708374
0.9012411910890893
0.9999999999999997
0.0
0.14491047047556704
0.0
0.0
0.0
0.1553942916541573
0.0
0.0
0.0
0.6872433997844698
0.7844202992474032
0.37644395380698525
0.0788470368549512
0.0
0.19244430905165377
0.03782880869410832
0.0
0.1484741317985201
0.0
0.9543430287586442
0.9999111471598753
0.0
0.9728787155776052
0.0
0.8811838733318915
0.0
0.0
0.2071973133323981
0.09217739792890656
0.6315012092607191
0.6648671896676033
0.04333247262089002
0.7229059424906827
0.73525590403643
0.11377082816860551
0.0
0.25290591153668185
0.5253414391078253
0.0
0.0
0.0
0.7908639291763355
0.03985752902546491
0.5073134775209664
0.26367866840215404
0.0
0.8627535941930164
0.0
1.0
0.16198968922923762
0.34392280813502385
0.21445740807910751
0.024788902040560612
0.08022331362384971
0.0
0.0
0.0
0.0
0.0
0.0
0.14291850397778294
0.4223259261753819
0.0
0.7754617071655165
0.6456287801951253
0.0
0.0
0.6201619775981118
0.2702318757002815
