2.56006667241877e-07
2.08490764689815e-07
4.09295099298838e-07
1.84737004421691e-07
2.62845529112895e-07
4.0798892712497e-07
2.32587415565311e-07
2.76846704386249e-07
1.81931795839981e-07
2.52854602872377e-07
4.20684485221647e-07
3.14948953863094e-07
2.40668997020255e-07
2.3438052230401e-07
3.17845289107856e-07
2.04581867163352e-07
3.10880962493419e-07
2.31168545301643e-07
2.67793152353928e-07
1.60983672518178e-07
1.42803708137149e-07
1.42200823688951e-07
1.58020008566419e-07
1.56810898226052e-07
3.03055246143626e-07
3.88696335615077e-07
4.03634074184386e-07
2.17409282039933e-07
4.3131227587127e-07
3.24648764614368e-07
2.51161740584822e-07
3.80769840218512e-07
6.64585252576031e-07
5.65503295198951e-07
3.03340418339571e-07
3.97389878466153e-07
1.98830260967674e-07
1.81072503901116e-07
1.73141149057742e-07
2.94334188457756e-07
1.5305687537325e-07
1.63952290514113e-07
2.97648821782251e-07
3.64505228348515e-08
7.18254717269956e-08
5.73340858105715e-08
2.22139120392139e-07
5.4302919846235e-07
6.59711292527587e-07
5.29312899287744e-07
4.31776474049982e-07
2.68880088280446e-07
1.26284323320119e-07
2.20866886257388e-07
1.65708168328316e-07
3.06560713651639e-07
2.92670304578877e-07
1.3532016973669e-07
1.6892156284124e-07
2.56738889332586e-07
3.22962774092935e-07
2.49625812500856e-07
2.61201415825423e-07
1.23098311380322e-07
2.41527486153059e-07
5.94705536156155e-07
1.77984912623317e-07
2.07916793324307e-07
2.14935023521082e-07
3.07402486616446e-07
3.53746983315236e-07
1.25447966823101e-07
3.37644535991494e-07
3.1600480126866e-07
4.73434113464448e-07
3.50359944056037e-07
3.90619794547791e-07
3.31416574178643e-07
2.94263990465774e-07
2.37566000034421e-07
3.21321422151393e-07
2.75878056533798e-07
2.95857813066308e-07
1.45032241958237e-07
2.85640334409536e-07
3.55805379673006e-07
2.19179369032659e-05
1.39841789619208e-07
3.22417463188546e-07
2.65314112813277e-07
3.81436998370256e-07
1.02081953564773e-07
1.87270607559169e-07
2.284025841879e-07
3.23407347404935e-07
2.7484537518488e-07
1.8836302948943e-07
2.53005402097269e-07
1.63411186670367e-05
1.93345875409688e-07
1.72667956726445e-07
3.2118668125136e-07
2.51769364183841e-07
9.34413609096901e-08
7.32552432897222e-07
1.28157231362268e-07
2.53235921052341e-07
9.41505906429994e-08
4.08216307113912e-07
4.51087699707661e-07
3.43605755139128e-07
2.60933266499148e-07
1.74607212238773e-07
2.31355136623168e-07
1.84195778909356e-07
1.64568484083053e-07
2.22794496413653e-07
2.48190692928089e-07
8.67907886629605e-07
3.04351580435985e-07
1.22618147271823e-07
1.93012675129986e-07
3.09474819744559e-07
2.53496743007651e-07
1.85862313269449e-07
4.70670173518307e-07
2.03127394297429e-07
1.45654546495663e-07
2.23657893833789e-07
2.55091558403194e-07
2.23885581117111e-07
2.53668918494811e-07
7.9148635783456e-08
3.0069986226603e-07
4.94285339271527e-06
6.06831374060863e-07
2.64247440418594e-07
4.77662248822875e-07
4.09299386448304e-06
2.39303979915316e-07
3.85073691670051e-07
2.462781862951e-07
2.00505421626055e-07
2.71813002611773e-07
4.21602466911699e-07
3.49648988132965e-07
2.67159985914301e-07
7.7345987537697e-08
