1.45859740765275
1.31473937585532
1.15270277491509
0.300088221999284
1.54101054785479
0.805725058534247
1.3651527381197
1.47759628363343
0.241308458463607
1.38228274436146
1.32828101080767
0.707409492506026
1.59790723555981
1.13701576416721
1.300774630451
1.56403694055049
1.07390585525086
1.1879959387264
1.46735327531361
1.26036290825076
1.23241792272401
1.13960127065903
1.47251271831853
0.975942185286319
0.751410773807657
1.0992629399034
1.15896088995266
1.31158153784505
0.829608101459958
1.09095462844172
0.866609178755128
1.09217590436725
1.05300716433747
0.95596907694681
0.956422492626257
1.13266510619162
0.402871973591929
1.33704783376181
1.30305417045458
0.671086102324751
1.07137539362361
1.74442808992088
0.844065203667035
1.51952359206162
1.40489220767081
1.25779202213357
1.20942523463598
1.26805990023601
1.04398671177234
1.04991618295672
1.07680564243005
0.884070237212636
0.902235379345615
1.38035616221268
1.18265589803685
1.04912146080939
1.32247581246225
1.14896430064337
1.26751709790358
1.27614882845398
1.35054738566785
1.22486100810244
1.14611317283252
1.10481628780905
1.24342766484665
0.781555634518818
0.384294940568299
1.39572200398284
1.52950859827075
1.19591961485874
1.40877693826363
1.40362620388531
1.59941211878919
1.10926800346938
1.13490131525813
1.20651328767034
0.781103904964831
0.54613328896549
1.26393688673546
1.56410401537682
0.283366575942049
0.430308147318776
0.678269186166886
1.60635380137643
0.487955978215858
1.30651149492472
0.849913395400108
1.40762898506829
1.11806286012038
1.17131779828493
1.12250150465627
1.15743980302559
1.21208226031798
1.43354026347897
0.684474916785692
0.945168628409906
1.52720261380621
1.19741436727735
0.849913395400108
0.889578714005878
1.18506495577148
1.20831459871007
1.12768788131766
0.616290930575058
0.786725532671107
1.3482705562346
0.906484171644149
1.18649441605601
1.18642792748302
0.822754428751774
0.586945804379933
0.691928446432065
0.237892493586534
0.976279943766434
1.33453702129775
1.43971170343035
1.58025529848047
0.716164236092199
1.05211692824167
1.22906978218802
1.33991139727716
1.01122381553418
0.7080135296328
1.26233387241841
1.23752961726889
0.211204612818897
0.976453668629695
1.11865791872034
1.04217672257147
1.39041966079542
1.27739634480378
0.485303753235744
1.35154157050983
1.07898888390698
1.05189081681852
1.22017232542984
0.992797618016177
0.827663592568247
1.05189081681852
1.38251362611115
1.19116086219168
1.23778134926311
1.34413708850592
0.598465096097916
1.41564110776995
1.32260922961478
1.21880007250985
1.29101265251556
