1.20552865548953
1.45022813020889
1.15398441385968
1.30843852169971
0.920325389022672
1.3026342140252
1.36577553105584
1.29841392844445
0.880503649938625
1.8086689772498
1.26651880822279
1.09961217387362
1.2787460382037
1.24145458522429
1.25439446927402
1.18148422161485
1.31338730110565
1.19398870027256
1.10630207996429
0.942332162511202
1.02986018673189
0.940805185017878
1.25042217320059
1.1020895025369
1.21243900682439
1.30712132807083
1.14145525521849
1.09589443580933
1.6083385830628
0.946379694211437
1.21977689706684
0.929596806595418
2.18878370430847
0.938505237759779
1.11493958141304
1.09442512459537
0.922072314985561
0.980238215739406
1.12891635354245
1.06559611320615
1.33902691077537
1.16390499817722
1.40353368654946
1.15545264798096
0.973990655317394
1.63175706323318
1.3493400292093
0.949416599936172
1.1352063529752
1.23577018713118
1.10559411910823
1.06645573201172
1.14597097875206
1.20889576074491
1.19667547457199
1.07069329567143
1.17967312669378
1.6067872362254
1.73415867726489
1.26902159635654
1.01250923896785
1.22385869695164
0.972573717864737
1.01707611456078
1.09168636840872
0.939186020408574
1.43958096201858
1.02343044991704
1.31620946157371
1.20363045689277
1.08716362219912
1.1130711104104
1.1170457535199
1.38161827660114
1.30443782147374
1.14571069971579
1.10309552815159
1.5021726973239
0.98441778029686
1.56116811723878
1.14056323872725
1.08751748061127
0.96156037054993
1.76746274327946
0.877001659162017
1.07467102300778
1.11838619696906
1.08635883154371
1.06678280863949
1.78337245734942
1.00621156048496
1.24510711817026
1.14513892112677
1.23446073031989
0.9046903865264
1.03238745969502
1.5065664826104
1.05823170321659
1.30563815215986
1.03874965979962
1.20525818561899
0.99987983671687
1.11172170626968
1.60808495119596
2.04177858533999
0.938165500334543
1.01573693290011
0.935566388009536
0.913814895253895
1.38862042590889
1.18490198556574
0.928358847471676
1.04452744929643
1.12445517083294
1.24053757182885
0.922432341869289
1.09855914056634
1.0778810157033
1.2663629070175
1.10383303225076
0.973808346234845
1.28853139468807
1.29541717169035
1.07542068204111
1.02612144949956
1.36296081734818
1.12686018468863
0.992352973525616
1.12101400003258
1.08587537342612
1.294202139768
1.13169706972093
1.16104313157329
1.1420456510042
1.28173313242785
1.16108310781671
0.993948364451354
0.924059546099583
1.23220666579341
1.02304351426688
0.988273199094548
1.05887753538829
0.871160160068522
1.2569860962745
1.17935511796296
1.17797766515121
1.08619476846772
1.31681383627785
1.61035729403069
0.902157377026204
0.981761741891575
1.1971638861545
1.07172091156826
1.7188313850075
0.988667842447254
1.63033712553012
1.04498868968155
0.930376014048725
1.11919105607083
1.13148765199962
1.30868628452416
1.27017939727663
0.941911392687978
0.916960304042398
0.981171272825249
1.24924427124242
1.33329158438285
1.1444610033305
1.22872649878811
1.07308564531067
0.985380695876185
0.945190258375462
1.02033541553977
1.06895762692567
1.0095364934002
1.4246300900658
1.90282411088986
1.09901929301731
1.16921308280491
1.00028963896695
1.02820335083584
0.961172192601654
1.34266350803102
0.998934547449105
1.15814089862588
1.23755538532544
0.90670654940712
1.32389986201855
1.45618427634369
1.00289906885508
1.06673607774421
1.38774163588381
0.996055442333195
0.984326533263083
0.970232605873222
1.01997999553282
1.04708921041267
0.996781776022864
1.01894926771536
1.21950916183152
1.19519714638186
1.39835679093318
1.0892664044129
1.16897720122879
1.15527885251672
1.18797947589055
0.969259435102153
1.24467942266132
1.12020517111698
1.03050051041721
0.986973646957875
0.947324085326813
1.21021445476139
0.983486784480431
0.960372438351879
1.12272831399843
1.08608395390028
1.2533877282036
1.06291218262714
1.17680697819083
1.22746255247249
1.28815014657969
1.27509554386674
0.976810458118224
1.02117032807046
1.00686159637964
1.07105562015359
1.08046279554924
1.42619426805207
1.08558654960742
1.4482301747954
0.988048728270049
1.18585073673508
1.11786607243652
0.969829251237692
1.4131998858824
1.06922080709809
1.1454890807702
1.36588416850657
1.10388526149267
1.12797377564656
1.00494832899925
0.921294714729284
1.22715512939878
1.21496897398258
1.18193032776602
1.24591887334433
1.48715021065839
1.1629463581135
1.0670971647469
0.895591239565999
1.12229864564
1.12169819369458
0.943964029077506
1.16004997034633
1.15689307258086
1.00848810517839
1.32592006957
0.921471287844167
1.09957395865142
1.1511113855641
0.993788911779361
1.04789282562341
1.00867467886685
0.956823869633386
1.27792525033454
1.10029705719645
1.16297113344947
1.06175372816941
1.21392306560347
1.01140852685821
1.73189207754997
1.14951646770441
1.15571025763035
1.05449022487377
0.863053821874002
1.08674053528064
1.02035121665834
0.971907858116514
1.26487477372876
1.6687722689
0.901518071433316
0.906414581398981
1.45357266058898
1.16171262965935
1.02102111613179
1.0542804707551
1.034423362651
1.06172673856606
0.914831099382805
1.10297461659508
1.07917621976175
1.56405809207968
1.10947501557357
1.02510359168932
1.06934250433414
1.00600487528227
0.949044407482077
1.02061007318147
1.07088748318539
1.16220968591232
1.09074784946884
1.11342645449866
1.10187454919379
1.35968755995533
1.09525378354018
1.11479236312691
0.973724527028183
1.23526919340973
1.73275351129887
1.02561942971781
1.1017066576289
1.21028954843732
0.974878686932267
0.950704544096502
1.49887588610861
1.07799929787856
1.35926828658172
1.37591369013002
1.22546749136741
1.40041391149298
1.27267637867487
1.27999528497133
0.878556725455279
1.16229222124182
0.969587329262529
1.55920069612586
1.08395657329911
1.96663634926152
0.96685473876165
1.02710026025206
1.08607085474911
0.824377391883357
1.05089257372735
1.20040115802278
1.13102926218726
1.19851698107288
1.05904280411064
1.31501467381715
1.04988753576627
0.975107560635631
1.1979475778191
1.68788323934852
1.47382186880891
1.0360187193851
1.29761201115635
1.03259778139508
1.2913665797411
1.35211411323981
0.865460840133885
0.890233956994211
1.01269394406804
1.13503727499978
1.16697274507637
1.19311628537151
1.37291080685425
1.1401220417433
0.943832731976309
0.868392408066275
1.22308519130329
1.16206020241753
1.1027783344022
1.09858044643128
1.04794411681775
1.50608288776679
1.26397759404764
1.73359923999984
