0.0176880615711895
0.723301175701058
0.753774370795236
0.640946886511044
0.644005219981183
0.798404953691621
0.620430611315724
0.444447856023545
0.707557628231514
0.783333092030924
0.730175961982315
0.0321064579184343
0.0543852243257155
0.782941606183027
0.660526732441245
0.752218302465428
0.731813619044461
0.690039062598604
0.807964673191834
0.780709612904435
0.180636095022406
0.816822821373408
0.358265608252201
0.729529334735893
0.720245731048111
0.0247662808281024
0.582810547467078
0.794160332999402
0.726879585100766
0.79125570334957
0.0344453413777238
0.789016139052234
0.192791982185546
0.53097377943864
0.776480715173429
0.0463564394028717
0.0208222110409436
0.794411149792046
0.823153277862622
0.625986798066734
0.237579917680992
0.673014424691596
0.773605986584777
0.745904797607312
0.0765932163272068
0.366089429179802
0.730689674568719
0.719346024576924
0.734247829497328
0.815548078674646
0.773573617433988
0.682678185483572
0.732080490764406
0.876004209576188
0.774729430241209
0.488613793529633
0.742388834432552
0.787146839025783
0.769853640317157
0.790927193842414
0.683016877532129
0.777547971434514
0.76418782708995
0.800818656234102
0.700812895363102
0.708619883353502
0.812874371718921
0.731870598155382
0.787237796566072
0.773424596295196
