0.891058256434242
0.888129299754225
0.910920175767557
0.904778540511651
0.902859956642726
0.927686952892253
0.896157589116669
0.902384186457541
0.888235607775972
0.909670081853645
0.967727829054415
0.890830142505851
0.890689974464135
0.886494870561637
0.901468348711908
0.913966786990979
0.893786742418504
0.903891871143588
0.899689632863948
0.892852106117532
0.895668219858833
0.909402072379031
0.903070421213799
0.961228404942094
0.899670691116729
0.890558147163977
0.905224080699319
0.894149579514811
0.896684283366964
0.9356490206063
0.890193046146442
0.902140867822946
0.894679913442967
0.902305602381437
0.900641156521841
0.890814278087578
0.890897653913711
0.939779537997507
0.9027761076742
0.913218579062109
0.902284916428371
0.903091400265936
0.889815570302876
0.918532076966738
0.889141420045704
0.898775630026428
0.906839402533534
0.931139946737586
0.925977235474758
0.984098647716275
0.942341783186955
0.942284869532499
0.925659724093291
1.04067781170468
0.898282872588514
0.911512577208298
0.971469756420023
0.940968677217236
0.987855393890649
0.925239557331915
0.894715049499546
0.90644773835559
1.01558061129871
0.94035266706587
0.904580614909265
0.931330395313999
0.94261990227326
0.960185874682386
0.923186491087771
0.925262746772846
