0.0
0.0
0.0
0.0
0.8091117687366183
0.931878534642607
0.0
0.9030208534695264
0.3875920182020479
0.0
0.6487908191054844
0.0
0.0
0.2146079784635611
0.1307891712547517
0.09221439876493588
0.3418522726998577
0.0
0.0
0.23950412513576233
0.0
0.0
0.17698908393138213
0.3003492738300887
0.1901573334844398
0.0
0.0
0.0
0.0
0.0
0.0
0.0
0.8447925575508181
0.8555105881709515
0.0
0.0
0.42992521874766415
0.0
0.0
0.7699557272786366
0.0
0.9869904489547777
0.0
0.089955598986712
0.0
0.0
0.0
0.0
0.0
0.8228022953565587
0.4114015536066077
0.0
0.0
0.2219016807992312
0.0
0.0
0.0
0.24218635639629113
0.23643494110624233
0.0
0.8662971675947189
0.0
0.0
0.9174911513440246
0.0
0.5256835255156462
0.0
0.0
0.0
0.0
0.0
0.0
0.4774807706243035
0.0
0.18958375675915998
0.0
0.0
0.0
0.5953969091921014
0.17609206138354278
0.0
0.0
0.0
0.32526041783756027
0.0
0.13653660464481296
0.6040041374638381
0.3689966876508146
0.17965645538859112
0.6751908743157152
0.9377325315158785
0.0
0.0
0.0
0.0
0.9809247689285078
0.0805271717704295
0.09207978467802774
0.0
0.07580084094828658
0.0
0.0
0.7912108587952674
0.0
0.6708469427910898
0.0
0.2794028466106459
0.0
0.22571370550254902
0.3574561423966184
0.09602374751499697
0.6835666478693906
0.12054237769356967
0.7188089038879143
0.2717498138819417
0.0
0.922728628915648
0.0
0.0
0.008566818493851764
0.0
0.31367876760286223
0.7942258533447463
0.9236312888386796
0.0
0.6642332809435472
0.42595691441035716
0.0
0.2570317476570899
0.0
0.07865365282318985
0.589211645526044
0.0
0.3533885437708358
0.8941933792324275
0.0
0.7061148511699881
0.45371572062295346
0.0
0.33541977639578563
0.6605919697800551
0.2478633013381903
0.029672459405245554
0.004605570708817637
0.0
0.0
0.8205520488084838
0.0
0.0
0.0
0.0
0.0
0.10232116503295817
0.0
0.0
0.7898382862797364
0.0
0.0
0.0
0.14987957243070707
0.14077106104014486
0.708015681789896
0.0
0.0
0.0
0.638558607223206
0.7890409676722977
0.7319697922499266
0.7443945431514786
0.7879868701530667
0.0
0.0
0.47530338809674205
0.03581074201166108
0.0
0.21619378517772073
0.0
0.0018419528277994776
0.05024746399050264
0.27722023627986153
0.532657235315797
0.0
0.13150540067971841
0.8438963759413557
0.0
0.0
0.0
0.0
0.0
0.9902272875849081
0.0
0.0
0.0
0.0
0.0
0.0
0.0
0.0
0.2355317759911589
0.0
0.0
0.0
0.0
0.0
0.0
0.0
0.5869678205802216
0.9186111944840498
0.0
0.07903062561765285
0.0
0.0
0.5495329397845475
0.020030215127632346
0.0
0.1310684095397993
0.0
0.0
0.048606912221692396
0.0
0.9709730948488244
0.0
0.7187069600246969
0.5688870106697743
0.0
0.38193458193833485
0.0
0.0
0.0
0.15223288733658194
0.882641541292897
0.0
0.7403452447463739
0.0
0.0
0.0
0.5748057961117731
0.0
0.8957787179859231
0.21877896342071315
0.7215740978136793
0.0
0.2549148304496147
0.8499348437126066
0.0
0.574442620732996
0.015283389837303927
0.0
0.2994612616229442
0.2942124142333596
0.07631961405664339
0.0
0.0
0.01019829999411771
0.0
0.0
0.3994051718419787
0.0
0.0
0.0
0.08470996246116583
0.0
0.0
0.5994742494871731
0.00555643734449673
0.0
0.7331823739258353
0.0
0.0
0.5871124115718622
0.0
0.5091881555383614
0.0
0.0
0.8344727096345254
0.25144017746146924
0.0
0.6090851301747339
0.0
0.0
0.3493164035696269
0.6431467912198376
0.04875500534812588
0.0
0.09121554742848349
0.0
0.0
0.6822274754612981
0.0
0.0
0.0
0.46759918794534633
0.32850453051110556
0.0
0.0
0.04894866291171237
0.0
0.0
0.9243685878207242
0.0
0.0
0.0
0.24835899145788584
0.0
0.0
0.0
0.9177918072587271
0.6071675602154318
0.8714376303558939
0.9089758097685006
0.7772336987012144
0.0
0.0
0.9468357703882692
0.0
0.0
0.579362767742035
0.3876678082903389
0.0
0.0
0.7439420508611093
0.003380706267113511
0.0
0.26040736383100194
0.0
0.0
0.5413930165873034
0.797830401667616
0.3604538190261511
0.6259846462610607
0.0
0.0
0.5861894973217122
0.0
0.5004354595746947
0.9734411525475004
0.0
0.13979541920394306
0.9833430699663094
0.0
0.03363114493430151
0.0
0.0
0.0
0.0
0.7277725749914734
0.0
0.0
0.1902781479066783
0.12003933217252144
0.9414556501207869
0.0
0.0
0.6829654748787859
0.0
0.09928521555596866
0.0
0.0
0.5757946522863296
0.0
0.2525063732896942
0.4271824770192536
0.27502177923723153
0.0
0.0
0.0
0.3927609330956889
0.0
0.0
0.0
0.0
0.0
0.20396996428873485
0.0
0.7919958946392435
0.0635345493022199
0.1167450044579264
0.8929658529141179
0.0
0.0
0.0
0.04086435341992544
0.0
0.0
0.6878757925241609
0.0
0.3631373483946166
0.0
0.4324103884683876
0.41593950827851034
0.0
0.0
0.195453118963609
0.3475488447205547
0.6389902042863088
0.0
0.0
0.0
0.05453579871192508
0.0
0.0
0.0
0.032080968343660296
0.36546117407991763
0.0
0.2461103122368076
0.0
0.0
0.0
0.0
0.0
0.0
0.47778388936617067
0.499206967729384
0.0
0.0
0.6937111932701732
0.0
0.004239483989431486
0.0
0.0
0.5831826295315465
0.0
0.0
0.0
0.0
0.21164466520980052
0.0
0.0
0.6884965347181203
0.5134468311860175
0.0
0.5944362986798856
0.47120762241708
0.9430673882609574
0.009477071093933663
0.05319023767578335
0.0
0.0
0.45027362786411196
0.0
0.0
0.06289177930346362
0.8876416162130906
0.23261095875466106
0.0
0.0
0.0
0.0
0.05618950164455318
0.0
0.30018230943483526
0.0
0.0
0.0
0.08524611794892074
0.7304007359353661
0.1677401595794662
0.0
0.0
0.6798583590897852
0.5735603127595968
0.0
0.0
0.0
0.0
0.0
0.0
0.0
0.0
0.03322818295588481
0.4573196986738345
0.6987424905760893
0.057115073711552916
0.17867368667219377
0.0
0.3862561041384346
0.5715746818057135
0.9560125338680447
0.8879471193923987
0.0
0.0
0.0
0.0
0.0
0.0
0.0
0.0
0.0
0.0
0.0
0.0
0.4991568240840455
0.5009038327902959
0.8254403762676156
0.0
0.0
0.5089836520264035
0.7746641444807871
0.686176844729405
0.725732856887849
0.11878527876622745
0.8099465560037493
0.0
0.0
0.25079923436298907
0.5380405432749489
0.0
0.8345006804660278
0.6752046846095711
0.0
0.0
0.0
0.0
0.002634982742877553
0.0
0.7957965454717497
0.0
0.0
0.0
0.07182117259016145
0.37309454926190766
0.0
0.0
0.05374484035430272
0.6538712528002754
0.8515185262262199
0.0
0.0
0.0
0.0
0.5502681928353899
0.0
0.0
0.0
0.0
0.04265925851417763
0.30269973673805484
0.3740809966654279
0.9626258952289857
0.0
0.5493658951458028
0.9464025481297692
0.011284701215811084
0.0
0.0
0.0
0.0
0.0
0.0
0.0
0.0
0.6816168827652169
0.0
0.9671600907780185
0.0
0.0
0.0
0.3720597406384133
0.0
0.0
0.0
0.0
0.0
0.0
0.28503951371659414
0.0
0.0
0.0
0.0
0.0
0.0
0.0
0.0
0.0
0.0
0.5427972890534467
0.32861727346515734
0.4204970610264179
0.2168382326423454
0.0
0.401086749741927
0.6492584140952528
0.0
0.9674196748062295
0.0
0.0
0.7781744853817042
0.6287648155585467
0.7807147378116189
0.0
0.9959184836052891
0.2108769200681798
0.8580268396567385
0.5749405272370429
0.0
0.0
0.6515492438176046
0.0
0.18559827050653663
0.0
0.017498625291624735
0.0
0.793265919415888
0.554622236056399
0.687095175029959
0.9721597727711249
0.0
0.3418413043087731
0.0
0.8561139920684676
0.8585558936583433
0.0
0.3533066797119472
0.0876395259805272
0.0
0.0
0.0
0.952716797440142
0.6607736845528145
0.0
0.0
0.0
0.0
0.0
0.3203797920643925
0.0
0.16499845446817496
0.0
0.5972507448542279
0.0
0.0
0.0
0.7282854079059895
0.07219490075053302
0.0
0.0
0.0
0.5602395831644976
0.043546602034808805
0.8991983017673685
0.40977242534828046
0.0
0.0
0.0
0.0
0.33096599627340156
0.0
0.037034749936973185
0.0
0.0
0.3842048383407007
0.5813605795113974
0.0
0.0
0.0
0.0
0.45196145565943663
0.0
0.8248693037003478
0.0
0.0
0.0
0.0
0.3184782414538894
0.0
0.0
0.0
0.0
0.0
0.0
0.0
0.4162513253801802
0.0
0.873095420882264
0.11299381300431154
0.0
0.0
0.0
0.3687310123627802
0.0
0.0
0.02369208327260077
0.660680488297757
0.41679780780819115
0.9856133031052862
0.0
0.19689621713228647
0.8090941997447476
0.8454411418253642
0.3552304397555257
0.6973287488255315
0.3278199569780286
0.6743041226124004
0.3887899340181612
0.15222614600495862
0.0
0.47251251028748564
0.06828100683315615
0.0
0.0
0.6013170705897988
0.012755543704827564
0.5189687759228908
0.4999003491204822
0.0
0.0
0.0
0.0
0.0
0.17354596840200306
0.48407602223373225
0.0
0.0
0.47360780149595605
0.08959304203165593
0.8895697108322187
0.0
0.0
0.39291886908666307
0.6540695107628635
0.0
0.0
0.0427274099042891
0.7964715260479951
0.0
0.0
0.626771332442181
0.0
0.0
0.0
0.0
0.23005823328145944
0.0
0.0
0.8543438161370414
0.09445150684206065
0.6538090726407491
0.017352271477012193
0.05008879322354863
0.0
0.0
0.20824976052274846
0.6260154792986228
0.0
0.0
0.6432541980099551
0.0
0.0
0.39927085414854946
0.8305789377132499
0.7507718545549609
0.0
0.0
0.0
0.5930611926458284
0.0
0.5538531098901318
0.0
0.0
0.0
0.0
0.0
0.13195700085810785
0.0
0.0
0.0
0.9377898942925598
0.0
0.0
0.0013468828568657136
0.8395958345558978
0.8997009099167337
0.1881442819116594
0.5653739827028826
0.0
0.0
0.0
0.0
0.0
0.0
0.9478820018898941
0.0
0.39893277453677656
0.0
0.0
0.13065204934381236
0.853209779242248
0.0
0.7018530685427026
0.0
0.0
0.17515242586640073
0.940946377181168
0.18606964913896668
0.016617351910532423
0.0
0.0
0.6865258382741171
0.7485530544262834
0.0
0.0
0.0
0.0
0.0
0.0
0.4142416817612643
0.0
0.0
0.8634545629848288
0.0
0.0
0.0667629140023963
0.0
0.17564852220903057
0.0
0.0
0.0
0.8401161861143469
0.0
0.06097835852317654
0.1508101282505095
0.8482562433849475
0.0
0.9553155714715111
0.0
0.7634340584066375
0.9474639538375678
0.05164148488893321
0.48028054831428774
0.023985206602223613
0.6069110042683639
0.0
0.013578444958769538
0.0
0.6451295127966621
0.0
0.0
0.2275995743374205
0.0
0.49193090178233273
0.0
0.0
0.0
0.0
0.911997050624227
0.0
0.6905924147090339
0.7053070342524028
0.0
0.0
0.47900383076832037
0.9324898497284593
0.34765700865112587
0.47186031674478374
0.0
0.33986624494650525
0.22327605277555754
0.9088425511445984
0.0
0.13910853954992466
0.8060732214052433
0.0
0.0
0.0
0.3823220648973717
0.7180628433773154
0.0
0.6232205339521005
0.8439091406197023
0.028369096385060338
0.0
0.0
0.7001614506946865
0.07394638464803029
0.48591622709583815
0.0
0.0
0.22903979381452258
0.0
0.0
0.238361817136107
0.02902343387229656
0.0
0.6154061920059274
0.0
0.0
0.8818924145938863
0.0
0.0
0.49689847926023883
0.5432825888761488
0.3271241286695239
0.0
0.0
0.0580957617609342
0.42046061548791713
0.47067653054072195
0.0
0.061471656915360065
0.0
0.0
0.569116271085675
0.0
0.0
0.2694432833120521
0.0
0.7569366145131946
0.8549107133916285
0.0
0.0
0.5611649743969669
0.0
0.659373728621901
0.0
0.4329607622255318
0.7215947721171198
0.32890713791236215
0.8214022258851694
0.34751687167043427
0.0
0.9812410606222449
0.5761058226801101
0.0
0.740138007157574
0.4455476210101883
0.0
0.0
0.0
0.0
0.0
0.0
0.1606961866885213
0.6066792277548416
0.0
0.7456250283242899
0.0
0.0
0.5084093226339226
0.0
0.32346009385094354
0.0
0.0
0.7979716459285198
0.45853494279614837
0.8739759049499313
0.0
0.40487620246968764
0.13412598776138865
0.06616540784741473
0.0
0.008104867559864075
0.21997017868180135
0.9388942994366271
0.0
0.0
0.0
0.0
0.0
0.11051162251217932
0.0
0.48680813062384937
0.37633188320082367
0.0
0.0
0.0
0.0
0.034573350322352696
0.0
0.8096642622527245
0.0
0.3972076311504742
0.0
0.3097054040765101
0.6103162175738917
0.36448263563192157
0.9544052407115784
0.5101523743427897
0.17771887690801288
0.0
0.0
0.0
0.0
0.5271575676364829
0.0
0.0
0.0
0.44659979152078005
0.038804921271581354
0.8499169751871752
0.8862027681267216
0.758257001813859
0.8351407340239461
0.5514493509707198
0.0
0.0
0.0
0.0
0.8607201875549787
0.6199145060063284
0.11270175165116747
0.0
0.0
0.44049130616893123
0.0
0.8460492619151165
0.27670065279276335
0.0
0.6532332067124283
0.17726004217809152
0.5847803109130562
0.5392130443225404
0.0
0.0
0.0
0.0
0.0
0.18324999686955018
0.0
0.6138460670023573
0.8497466870797746
0.0
0.0
0.19990818648298303
0.0
0.08987433240574054
0.5012152403320621
0.0
0.6135343932950879
0.713967979776764
0.982460535117475
0.0
0.6191560797659879
0.0
0.0
0.0
0.5004247088195406
0.0
0.0
0.8975785128247202
0.0
0.6048100027748317
0.0
0.0
0.893080791450622
0.20409967833031273
0.6352275041408137
0.0
0.0
0.0
0.1161678869691439
0.0
0.06803062619184551
0.2558985029635724
0.43575723188072324
0.3544540323859914
0.0
0.6758904112388376
0.46492713911379885
0.3030574139459239
0.0
0.061122956996402814
0.9134593988776066
0.3858638516515164
0.8519085539153075
0.08135854610907499
0.5626011516531053
0.0
0.8236858838152573
0.0
0.8346874446899931
0.798701107469417
0.0
0.6550865090758957
0.3791409250308985
0.038128010067173874
0.0
0.9625865556475085
0.0
0.9901595963016968
0.0
0.4602994104117414
0.0
0.39308355285401847
0.0
0.5892892657492769
0.9147251992750097
0.4373480139296708
0.0
0.0
0.0
0.0
0.4005428606777809
0.0
0.277671295321771
0.0
0.9761178112357225
0.0
0.10944947341632959
0.0
0.3545875776162576
0.0
0.0
0.6422440528846065
0.5221412762061839
0.0
0.8358338339698791
0.0
0.0
0.0
0.0
0.744529510374259
0.0
0.5275025425333099
0.21701823677911983
0.5530892371304511
0.0
0.0
0.0
0.6055566685201708
0.0
0.0
0.0
0.0
0.0
0.2888464715557197
0.0
0.0
0.38442097053653085
0.0
0.0
0.0
0.0
0.0
0.767068645658495
0.0
0.0
0.4478308672887778
0.7282929589488256
0.0
0.26656587116123215
0.0
0.0
0.0
0.0
0.10140773217887052
0.8000155076728963
0.0
0.0
0.44906409808144754
0.5715056787210765
0.23532472239273045
0.03010311617998401
0.0
0.4388732479273457
0.016476352828592042
0.13846855842997743
0.0
0.32461883311924333
0.0
0.8330794868655531
0.0
0.0
0.0
0.48305520300296284
0.0
0.6833819422170898
0.0
0.0
0.0
0.0
0.3209036834908445
0.0
0.011330593706481597
0.9873532322766797
0.0
0.20347661913984402
0.617346686296894
0.0
0.0
0.0
0.0
0.4010407226422441
0.0
0.05662153592941872
0.0
0.4515578106301663
0.859391178865303
0.03162212981829559
0.0
0.4978223530243603
0.0
0.021406555501932458
0.5545889061562476
0.16797172701699628
0.0
0.3939201170979741
0.0
0.0
0.6642717537057568
0.5103653622454389
0.0
0.0
0.0
0.3155358520495827
0.0
0.8157052965157873
0.8454398231642367
0.5555923079720215
0.12044528905946757
0.8338623510719116
0.1772351411962792
0.7668027285760058
0.12921087937652848
0.0
0.0
0.6183618907172095
0.749529152162524
0.008076222531465156
0.0
0.891432571165136
0.5248644660754026
0.0
0.0
0.0
0.1731190556082556
0.9868147274719626
0.0
0.24097372223434985
0.6783390677895688
0.1759283947705157
0.3962272958501226
0.0
0.0
0.3231632465228952
0.0
0.0
0.06839101779529892
0.7055891168707813
0.0
0.803987393266877
0.0
0.7318053867924917
0.9511044959392997
0.0
0.25484663927820345
0.2347866037976813
0.0
0.03259429532239846
0.3870273511938693
0.07267540282608699
0.491535940156469
0.30427335396068816
0.9099476414811467
0.34100434802277896
0.0
0.33275983720853625
0.0
0.937179662209595
0.7031885355708011
0.0
0.026534999914862432
0.0
0.9712412139174607
0.0
0.0
0.0
0.0
0.7382294738287534
0.9607900084032016
0.0
0.0
0.7942949463847846
0.011925420996557674
0.0
0.9292754251284311
0.5392095169063386
0.07852584995323517
0.0
0.0
0.682428138987508
0.0
0.45805123316232316
0.42941659982632285
0.0
0.0
0.8962889790358072
0.0
0.6311396500540063
0.0
0.18831696241596108
0.30602875076823416
0.0
0.0
0.7508051467048042
0.0
0.0
0.0
0.0
0.0
0.7055104811120828
0.194569953959671
0.0
0.022456297837816667
0.9201567582029836
0.8548317977043046
0.6454844295182237
0.0
0.0
0.01900401021403576
0.0
0.0
0.0
0.0
0.0
0.0
0.0
0.0
0.24747620923143931
0.7008665548018501
0.0
0.0
0.6356841531681351
0.5864642284477258
0.0
0.48881327833643773
0.4782983181005641
0.623205775639399
0.18277115814223388
0.0
0.0
0.8208939992202902
0.25320363976743243
0.8864341724514715
0.0
0.0
0.8940869820810875
0.0
0.0
0.28634563740530533
0.66926530152563
0.0
0.7945540572100172
0.0
0.5202636211570779
0.0
0.8481907153409801
0.08721341251119503
0.0
0.0
0.4378549860346516
0.0
0.0
0.0
0.0
0.0
0.29600281366600684
0.0
0.8425301745498287
0.0
0.16443755534641927
0.040736978433830534
0.3680243488138467
0.1063040990339074
0.5931826556887276
0.0
0.0
0.9012640799084936
0.1420894849766684
0.7302413107781622
0.6255943693412255
0.917482172710724
0.0
0.19314894430621785
0.0
0.0
0.0
0.41488185965270025
0.0
0.06402394463622313
0.0
0.6155378613985782
0.0
0.3769226133575215
0.6740331765282543
0.0
0.8770383917258435
0.0
0.4835870902820248
0.0
0.03925434183080397
0.0
0.6201758109556377
0.6936832197962088
0.0
0.4597240579558919
0.4668232124280111
0.0
0.9369211638458871
0.4621704660901092
0.0
0.0
0.22230199907459325
0.3301736912120972
0.3754091837904982
0.758037185732515
0.9387279449159004
0.0
0.2368683743404021
0.0
0.9581252947006886
0.12258215350264455
0.08719652332822739
0.12995109359264914
0.7977915869080225
0.0
0.6939617245003633
0.0
0.0
0.08211517440712118
0.0
0.0
0.0
0.0
0.1585442017046035
0.0
0.9089286227062994
0.0
0.3240566342065495
0.0
0.5591474481669713
0.0
0.0
0.5044393440970504
0.7751085175953357
0.0
0.6447966899964054
0.4119068608529569
0.9221371181873769
0.0
0.8166799496788302
0.0163913088227406
0.0
0.6008761833258973
0.12272013490598455
0.42468630045757766
0.3875875289699792
0.0
0.0
0.0
0.0
0.0
0.932121698861729
0.0
0.3143081558728533
0.0
0.443855436226338
0.0
0.0
0.10841560666080845
0.800499444224926
0.0
0.30577172312128054
0.0
0.0
0.0
0.0
0.25982575938715874
0.0
0.34900829913104436
0.0
0.0
0.0
0.5027078231561257
0.7795707228864626
0.0
0.0
0.2363347278729877
0.06674293840493162
0.0
0.151763189466217
0.0
0.0
0.0
0.33983973786893723
0.0
0.0
0.7861825487857015
0.0
0.910395845883507
0.5411844993360403
0.6093132914936814
0.7180245340647372
0.0
0.3044725404523606
0.0
0.7451733774530975
0.0
0.7364273244695111
0.4010947804848373
0.0
0.2654687173172509
0.0
0.48826055933627527
0.0
0.0
0.17153722050024095
0.0
0.0
0.9291024536934646
0.0
0.0451421693254972
0.8530797176024986
0.0
0.0
0.0
0.8009066288844173
0.0
0.0017879416292519736
0.0
0.03554785434294708
0.0
0.4184435575083329
0.0
0.7488751921355978
0.1404620043826022
0.3406013373393702
0.0
0.0
0.0
0.9120347020838762
0.6903297698008659
0.34356887560916405
0.0
0.7251324615790068
0.295873707427305
0.1660710263751183
0.0
0.0
0.5406891156549275
0.0
0.0
0.0
0.0
0.20378451468066977
0.698455704215496
0.0
0.9946779173322484
0.0
0.17190564568315864
0.0
0.0
0.6694969789204522
0.9075380348052148
0.4453031091985966
0.0
0.0
0.0
0.0
0.1255398558077553
0.0
0.0
0.4294679634008678
0.38196789068012293
0.0
0.0
0.6256726967121311
0.03162328446305652
0.8811146993302847
0.7128471595854468
0.0
0.0
0.17428398430990527
0.3622321105084312
0.6205720410165491
0.25925285378192436
0.0
0.5276454245811207
0.0
0.6286121966638785
0.0
0.0
0.0
0.0
0.0
0.0
0.0
0.0
0.1270403998359916
0.12653621880990046
0.11704457133789152
0.0
0.20148644704069438
0.4835708145866914
0.0
0.7054950841888727
0.0
0.9198278933095018
0.0
0.5208460900859471
0.09419844106163228
0.44267150181392645
0.49287477695502757
0.0
0.8827527841690166
0.8540333372084897
0.0
0.0
0.43233602306805125
0.0
0.0
0.0
0.0522068787295658
0.0
0.0
0.7101525925444155
0.6792139890688519
0.0
0.859945824824125
0.0
0.0
0.0
0.71747661277707
0.43342752408162716
0.0
0.0
0.15205017680824928
0.0
0.0
0.11789833830268441
0.07986770218226737
0.17959044362064688
0.0
0.5955617283663179
0.8291745569735534
0.0795663846898437
0.07538090577761106
0.0
0.0
0.5430160890971371
0.6898839198313499
0.566621269406317
0.0
0.0
0.5252779692521644
0.5536256640801948
0.44445138153155356
0.9680307285784016
0.2459727758932239
0.0
0.30915668799166235
0.0
0.0
0.0
0.0
0.7827163540028358
0.0
0.0
0.0
0.0
0.0
0.13258282289699358
0.0
0.23654031656234698
0.0
0.0
0.0
0.0
0.89390969732516
0.0
0.3595886155535587
0.25672450637183486
0.45606607617749023
0.0
0.5050899225374298
0.0
0.0
0.2492147216201167
0.0
0.2358838522213271
0.6852621224917163
0.0
0.0
0.5403678013242997
0.8679998754637273
0.0
0.0
0.16601335023903613
0.6819582973148022
0.0
0.5740214060192187
0.0
0.0
0.0
0.896285029947263
0.7722632002492478
0.0
0.0
0.9150545995344652
0.36064989442672324
0.2602299329249515
0.3352090506045455
0.0
0.0
0.0
0.7360064041027596
0.0
0.0
0.40215338689257296
0.0
0.8046372456320904
0.15930395515073
0.0
0.14428512546028352
0.7400963753866268
0.868330531498732
0.35154196784617536
0.0
0.0
0.07923975378249935
0.0
0.0
0.7447668865582138
0.0
0.0
0.5532249442920008
0.8640805913867118
0.0
0.0
0.4997632974150549
0.5907326518577873
0.16224627066190625
0.5166968755579328
0.23482458042331103
0.5050318816218738
0.0
0.6327322525875916
0.0
0.20508371257365704
0.0
0.058583616246907874
0.018975927907777915
0.0
0.798710645806305
0.0
0.0
0.0
0.24859444382408813
0.8521048983327839
0.2692625120610588
0.49277922685779135
0.5484733664126479
0.0
0.8617633924409389
0.0
0.11150932777718371
0.0075945254409594525
0.3227311083806638
0.0
0.0
0.0
0.0
0.0
0.5800297696824802
0.0
0.0
0.5964719948271537
0.0
0.0
0.19381140399874675
0.0
0.20900452564926145
0.6431701224390651
0.0
0.0
0.0
0.7453270795150312
0.8579731320114535
0.27933013095579834
0.0
0.0
0.0
0.0
0.0
0.8441002687234431
0.0
0.3318691334768752
0.056343490829142494
0.0
0.0
0.0
0.4843155097568873
0.0
0.6406105436986688
0.24789812465122602
0.0
0.9133715232823222
0.9064298172359634
0.6604927524105413
0.0
0.9448398001572254
0.0
0.0
0.0
0.10357053449385827
0.37154524067639644
0.8872715990365859
0.0
0.0
0.5594199728680911
0.0
0.9489886391803586
0.0
0.0
0.0
0.0
0.0
0.0
0.0
0.0
0.9640129831270372
0.0
0.0
0.0
0.0
0.8504310789806272
0.14075589731200705
0.424484373132252
0.0
0.13680897024788577
0.0
0.723849248226401
0.0
0.3520960054357901
0.4499153764137104
0.0
0.0
0.0
0.0
0.4655590450543306
0.0
0.9358673535435672
0.0
0.0
0.6084130104652878
0.6966492260638517
0.0
0.8991272996030844
0.8278903961980479
0.8867380527158337
0.0
0.0
0.0
0.0
0.30101143387738316
0.20202823950734913
0.29973323934982904
0.0
0.0
0.297058489579543
0.47310786236617713
0.0
0.0
0.0
0.7904784540731327
0.0
0.0
0.5986264929411359
0.3780746534120135
0.8560158046475551
0.0
0.0
0.0
0.5316174852720372
0.0
0.9916405543934591
0.0
0.2408144675518225
0.9048180428336395
0.9272588428589863
0.0
0.0
0.0
0.0
0.8111303455122105
0.3992657681371387
0.0047506528830237316
0.7025973980570115
0.0
0.0
0.0
0.0
0.0
0.0
0.0
0.3006613139289439
0.0
0.0
0.0
0.09416059920627301
0.0
0.0
0.9905922475702487
0.5324205299555239
0.0
0.0
0.08511677956814033
0.0
0.0
0.04072824051318764
0.0015550781661862647
0.4741191936761986
0.0
0.8751110029294435
0.9402948059519498
0.0
0.0
0.0
0.7614853960957222
0.0
0.0
0.0
0.6282492348109899
0.9209977392752785
0.6619444669086666
0.0
0.0
0.0
0.5160334386535191
0.0
0.292310503714361
0.43982037713088035
0.2769934897997501
0.44117050665098806
0.9903436903427267
0.0
0.021469060844467605
0.0
0.0
0.0
0.0
0.0
0.0
0.0
0.902747281129944
0.07145625923748121
0.946600464041883
0.0
0.0
0.0
0.0
0.0
0.0
0.9508256291887839
0.0
0.0
0.9151654995063123
0.0
0.0
0.0
0.6964517617999998
0.0
0.8103258646648581
0.0
0.9409945689313657
0.8385100092565756
0.0
0.0
0.6772565496436559
0.5823625886742337
0.9308371670854605
0.009862086974349055
0.4960019968824924
0.0
0.7553156031085436
0.0
0.7393595872828385
0.0
0.9831721673487162
0.0
0.9643381392834457
0.0
0.0
0.16575096504461073
0.3385019937735966
0.06573792693205975
0.0
0.0
0.2810130332501347
0.0
0.0555642688201774
0.0
0.0
0.5279388556814016
0.0
0.0
0.20036172434174832
0.3296018612403079
0.8010579898795269
0.0
0.4676934939322267
0.0
0.0
0.0
0.0
0.5232544914698217
0.0
0.0
0.0
0.0
0.0
0.9841087689198668
0.0
0.0
0.0
0.0
0.0
0.0
0.0
0.0
0.7012093604865218
0.0
0.0
0.4036285308075373
0.0
0.0
0.0
0.0
0.0
0.0
0.0
0.5619000749512596
0.3560880784704993
0.0
0.0
0.7984744769703547
0.8007678064507523
0.24234103952698544
0.304786041845332
0.9556204194647331
0.0
0.0
0.0
0.0
0.0
0.0
0.0
0.09318773197735787
0.2983562749892962
0.0
0.6233872353344863
0.0
0.0
0.2414253795430006
0.23688223514605855
3.4725125802896633E-4
0.0
0.0
0.0
0.329028043160621
0.5904816808001051
0.0
0.4073771643791343
0.0
0.6332380870794503
0.7768956781690859
0.0
0.010245268788924518
0.0
0.0
0.0
0.0
0.0
0.0587646213823526
0.5595714228512111
0.0
0.0
0.7240801647570041
0.1520051811138988
0.7343227185747366
0.5004965419145477
0.0
0.0
0.0
0.0
0.0
0.1005456551649329
0.0
0.45409103065253764
0.0
0.0
0.0
0.0
0.0
0.9531375405340154
0.0
0.0
0.0
0.0
0.0
0.9212437922606517
0.0
0.7551417259053533
0.7145216696061641
0.0
0.6435749207021514
0.35483266781585987
0.0
0.6175710482609837
0.0
0.0
0.0
0.0
0.19986043595443492
0.7484413566251358
0.029905074507515884
0.2706298544675663
0.0
0.0
0.0
0.0
0.0
0.2931778547381113
0.0
0.0
0.9940742795603041
0.0942267275557065
0.0
0.8298258561759205
0.21068887279947165
0.0
0.0
0.2930575725326499
0.3812698104770379
0.0
0.0
0.7906175539377129
0.0
0.0
0.032432099226110636
0.0
0.0
0.0
0.3341467339355422
0.2488297633815541
0.0
0.0
0.0
0.8068740415415547
0.0
0.5174051926191258
0.0
0.0
0.0
0.0
0.0
0.628078135414463
0.0
0.9668726985519771
0.0
0.0
0.07799282708098791
0.8186859314676715
0.7064788669327318
0.0
0.0
0.0
0.0
0.0
0.0
0.0
0.719241181672013
0.1318146428022404
0.0
0.0
0.0
0.0
0.16633493848834485
0.6893084308892706
0.791674293330235
0.0
0.8423926537677737
0.26368743507762216
0.08994641636161796
0.0
0.37206657136385746
0.0
0.0
0.81290817309311
0.0
0.0
0.5268495323349289
0.0
0.37992143387042165
0.0
0.0
0.5620595922644196
0.9325559242829198
0.0
0.0
0.0
0.453189917002655
0.0
0.2300086441679028
0.4736210686032188
0.2417529119039225
0.0
0.0
0.34310195780781266
0.0
0.0
0.4383615855837232
0.9130238914048217
0.5972685378706865
0.3789538027690725
0.881506635066364
0.0
0.0
0.07412390359948227
0.0
0.0
0.0
0.0
0.7535477807007962
0.0
0.0
0.0
0.01955314748977782
0.6242862373990243
0.2327146812101947
0.5191749846450026
0.18527799915142767
0.9160384808385991
0.8220684894407789
0.0
0.0
0.5428694951851414
0.6012031923121138
0.0
0.0
0.0
0.15209440490021964
0.0
0.22410821360341393
0.0
0.0
0.4961858253344778
0.8900402632770475
0.6308916567626026
0.0
0.0
0.3130987986922511
0.0
0.0
0.0
0.7583567591570657
0.0
0.5120390072602429
0.0
0.9676279083073507
0.0
0.0
0.0
0.0
0.0
0.0
0.0
0.0
0.23493928267661285
0.0
0.9382826979894716
0.6692880234454783
0.0
0.17866968385176274
0.4298368164637984
0.0
0.0
0.0
0.0
0.003237810910862386
0.5587288624712878
0.4659876964337029
0.0
0.0
0.11422115813822856
0.3613766864996199
0.278743972272506
0.0
0.355394266089151
0.0
0.3275246204141086
0.8980369010764173
0.832370318752502
0.1341956632313027
0.0
0.5199076500868088
0.0
0.06796885286891304
0.0
0.0
0.0
0.8084768173324555
0.0
0.0
0.5140457562657808
0.0
0.5094872335899118
0.0
0.0
0.8983031751660135
0.0
0.0
0.3210565601092887
0.0
0.0
0.0
0.0
0.0
0.0
0.0
0.0
0.4995597437715183
0.38284915073485365
0.5000506430412707
0.0
0.0
0.019591447010634828
0.41549662516449476
0.0
0.6227046045089039
0.9111084591482469
0.0
0.7756886243222229
0.0
0.0
0.0
0.8808146520157161
0.0
0.0
0.0
0.02250415647037867
0.0
0.0
0.5993999140031219
0.0
0.24310980390872763
0.0
0.2852042334559155
0.33027733487001404
0.0
0.0
0.8060524723170176
0.0
0.0
0.16539685680024382
0.0
0.0
0.0
0.0
0.0
0.4166360616139228
0.0
0.0
0.5959518887109936
0.7356383475176427
0.06903076979439422
0.0
0.0
0.2969211803879322
0.0
0.0
0.0
0.576494580866372
0.0
0.8467051584455713
0.0
0.0
0.0
0.0
0.10293583233190207
0.0
0.0
0.0
0.19114761920416984
0.8790164165943846
0.0
0.3923420168132968
0.0
0.0
0.8932223189462314
0.0
0.2715231344857241
0.13439439989293595
0.0
0.0
0.515302098502496
0.0
0.0
0.0
0.057839565024313394
0.0
0.0
0.28666379747280324
0.0
0.08291465235851386
0.0
0.0
0.12880402917894337
0.0
0.0
0.2840487531962335
0.0
0.0
0.0
0.0
0.0
0.0
0.0
0.0
0.984325698768307
0.009851043413222078
0.155070583095198
0.8604495838180156
0.0
0.0
0.0
0.0
0.47334697302415923
0.49910443736459964
0.0
0.0
0.33649046868320676
0.27361312249723363
0.9979228916392217
0.0
0.47701880335666186
0.3146436885671269
0.0
0.4162744471448938
0.7838785620682729
0.9843771467028496
0.0
0.0
0.718858820095919
0.6530006739763615
0.0
0.10350209570473996
0.0
0.28213998477022184
0.0
0.5037116039868348
0.8030995897792766
0.0
0.0
0.7571108632064815
0.0
0.0
0.7331271217550785
0.0
0.0
0.0
0.0
0.0
0.30950693266708573
0.0
0.7169560482336863
0.13108120478794547
0.14750411974647307
0.4826879224618082
0.0
0.0
0.0
0.0
0.0
0.5432689358572452
0.007412350087827157
0.0
0.0
0.0
0.0
0.6253908380455401
0.0
0.0
0.881885096489393
0.0
0.8564354435286136
0.0
0.0
0.0
0.0
0.8957458170854402
0.7483671677957944
0.0
0.953344331683505
0.6402063203600729
0.9523111819834384
0.5033785087357637
0.7868475496556557
0.9395219706556982
0.06166607769168594
0.0
0.4165054744339052
0.9941191499536226
0.0
0.6840263150361374
0.46733038339360616
0.13114106865702455
0.0
0.0
0.6517210989080978
0.4642783275798939
0.6643514660666217
0.0
0.2792256145560082
0.0
0.0
0.6261096940903823
0.0
0.962296203499955
0.6530753638406854
0.0
0.0
0.0
0.7256981377023803
0.661125955942975
0.022550505855932407
0.8754205007573684
0.12670873788730627
0.0
0.0
0.0
0.8869062715062972
0.22465868347439835
0.0
0.0
0.0
0.4688149462531337
0.0
0.0
0.0
0.0
0.0905809699899967
0.0
0.2691483886394526
0.0
0.022407930939163014
0.0
0.0
0.0
0.9492275918352882
0.6981926533780948
0.4887440601444933
0.0
0.0
0.834518757421973
0.5833304864778076
0.0
0.0
0.503299491028476
0.7978023234532107
0.0
0.0
0.08175716290022157
0.052191982833496055
0.0
0.0
0.6347049792421772
0.0
0.0
0.329600737705047
0.0
0.0
0.9139230611065685
0.4817617643318849
0.15403873245152688
0.10522170105854341
0.0
0.5650191749177456
0.9529320728144192
0.0
0.5665399875329177
0.0
0.23932325833978269
0.3693176113646801
0.0
0.6038343648093355
0.3928420225514095
0.0
0.0
0.5311104369456475
0.8393050525253622
0.0
0.0
0.0
0.0
0.0
0.7020940406527899
0.24940820882864267
0.1381820021177964
0.0
0.4110349938966457
0.9506939176215717
0.0
0.2854760667640126
0.28405512771081176
0.5458353205167893
0.11636063287242256
0.0
0.4827649125199072
0.3068642342813768
0.0
0.0
0.0
0.44965690882737375
0.0
0.0
0.0
0.6191697898073111
0.0
0.4230705725846651
0.39900644477456493
0.9710822855309897
0.0
0.9388527224813205
0.0
0.7773758781475901
0.32933501679543137
0.0
0.1431944557615875
0.0
0.3682282901595575
0.0
0.7011966094929168
0.9001167104541336
0.0
0.0
0.0
0.0
