470
880
5734
4849
525
5445
4408
881
882
883
884
526
4992
885
4993
339
886
887
4727
682
888
4334
889
683
890
6868
4971
891
892
5735
893
4695
894
4994
895
4995
4996
259
896
897
898
6796
5493
6755
4997
899
900
901
902
402
903
904
905
6834
906
907
684
40
908
909
248
910
911
5676
4640
912
913
914
5554
5736
915
916
4525
5737
917
918
919
5738
920
4720
921
922
5633
4705
6891
277
4409
4998
4999
4684
4973
4965
4591
4335
923
6928
5739
924
925
4553
926
5740
927
928
4410
929
930
931
932
933
6752
5535
5000
5001
4593
934
935
936
5591
4580
4568
6914
6673
937
938
4461
4701
939
5741
940
941
5002
942
424
5003
5610
5742
4594
943
5004
944
6749
5743
5744
5745
945
6906
946
947
4829
5746
948
5747
23
5748
4586
949
4336
950
6804
201
4411
951
5749
5750
60
4857
5751
952
6689
953
5005
954
955
685
5006
956
957
5708
958
411
6815
959
6934
302
960
961
962
963
964
965
5007
966
471
967
686
6553
5752
5495
4569
968
5753
969
970
971
972
973
974
975
5366
5754
5368
5582
4664
4963
368
976
5673
392
977
5580
978
979
6565
980
981
5755
982
983
984
5008
5009
353
5557
5756
5647
985
527
986
987
988
5757
989
4897
990
6758
991
4337
169
4462
6942
992
245
5758
5660
5727
993
5759
994
5415
5760
5010
5761
6843
995
5762
5657
5585
996
997
998
74
999
1000
1001
5414
1002
5763
5011
1003
1004
5424
1005
1006
4985
1007
6851
1008
4412
4510
1009
5764
6578
87
528
1010
1011
1012
4413
5765
1013
1014
33
1015
5766
687
6605
1016
5391
4667
1017
1018
4637
5372
299
5767
1019
5768
4526
5012
1020
1021
4848
1022
1023
4602
529
1024
1025
1026
1027
1028
1029
688
1030
5769
5013
1031
5614
1032
1033
1034
4511
1035
1036
1037
1038
4512
1039
4338
689
225
1040
5770
1041
4629
1042
5628
4692
1043
6766
1044
5771
1045
1046
1047
5014
1048
1049
5015
1050
4833
5564
1051
5772
1052
4723
5773
393
5774
13
1053
1054
1055
1056
1057
5775
1058
1059
5776
1060
1061
1062
1063
1064
1065
1066
5516
1067
1068
1069
1070
1071
1072
1073
5777
5778
1074
1075
5779
1076
5780
1077
5016
5781
1078
1079
1080
5624
690
1081
1082
1083
1084
1085
5782
1086
5783
4717
1087
691
1088
1089
1090
5784
408
1091
5364
1092
1093
5785
5786
5017
1094
1095
5787
1096
5362
692
1097
1098
4812
179
5018
1099
5408
5788
1100
138
1101
1102
5789
5664
1103
1104
5790
1105
530
1106
4671
305
1107
1108
1109
5653
4513
316
5791
693
6612
1110
67
1111
1112
1113
1114
1115
5792
5019
5793
1116
1117
4944
1118
1119
5794
4919
4613
1120
1121
1122
5795
1123
5796
1124
95
1125
6940
385
1126
6852
1127
1128
1129
212
694
1130
1131
1132
159
1133
1134
5685
5399
1135
5797
5020
1136
1137
4986
5798
4879
695
4656
5572
531
1138
1139
1140
4681
5489
1141
1142
4782
5799
5800
1143
1144
532
1145
1146
1147
1148
1149
436
1150
5801
223
1151
696
533
1152
1153
5802
5803
5021
1154
1155
4621
5804
1156
1157
1158
5022
1159
1160
14
1161
5023
69
5805
6798
5709
6860
1162
4582
5024
4905
4463
4540
306
4577
534
5025
1163
1164
1165
264
5806
1166
6550
1167
1168
1169
1170
5400
1171
1172
1173
5807
1174
1175
6707
1176
5808
5809
5810
697
1177
1178
6797
6715
382
5811
1179
5711
1180
4623
6847
1181
4414
1182
1183
4802
1184
5596
4607
220
1185
4704
1186
1187
1188
1189
1190
1191
5577
1192
1193
1194
1195
1196
1197
698
1198
6767
5026
1199
1200
1201
5812
5813
1202
5814
5565
1203
5815
1204
1205
1206
1207
1208
1209
1210
1211
1212
419
1213
5816
5817
5027
1214
5818
1215
282
117
5819
1216
5441
1217
535
1218
1219
5028
5820
130
1220
271
5029
5670
536
537
4817
4951
5821
6731
1221
1222
5030
5031
1223
1224
699
5822
6803
5823
1225
1226
6751
538
539
4991
5710
125
5824
1227
5825
5826
472
5827
5828
4339
4546
211
1228
1229
4711
4917
1230
700
1231
1232
1233
5032
5829
1234
6729
94
1235
32
4415
1236
6585
5830
1237
1238
1239
1240
1241
5033
1242
4676
1243
1244
1245
5525
1246
4844
1247
4660
1248
1249
5034
6561
1250
4562
1251
1252
5519
4340
1253
1254
1255
5831
1256
540
1257
1258
1259
4975
1260
5035
5036
5832
1261
5833
5037
6560
1262
314
541
1263
437
1264
4416
701
4571
1265
1266
702
1267
1268
1269
5038
1270
542
1271
1272
703
5672
4547
6927
84
1273
704
110
4464
1274
1275
1276
6662
4341
6
5039
5834
1277
1278
1279
5835
1280
6885
5406
1281
5836
5837
1282
1283
4891
1284
5040
5838
1285
1286
5041
5042
5839
1287
705
5840
1288
4677
6659
706
707
1289
1290
1291
1292
1293
6907
1294
473
1295
5043
4644
543
5665
1296
1297
708
709
1298
1299
5044
4465
6935
1300
1301
460
710
1302
1303
1304
4753
1305
6836
1306
1307
1308
5841
1309
1310
1311
5842
1312
5045
1313
1314
4581
1315
1316
4598
5650
4641
4599
1317
4729
4527
1318
1319
5843
5512
6920
1320
5844
1321
1322
5845
5046
6668
4342
1323
5846
1324
1325
5536
544
5047
1326
5048
4797
1327
4969
1328
4609
1329
1330
5847
1331
4927
5848
1332
1333
1334
1335
6670
4343
450
1336
1337
4466
1338
5849
1339
1340
5576
5850
1341
1342
1343
5471
1344
5049
4417
1345
545
1346
1347
4578
5851
1348
188
4889
5517
1349
6613
1350
474
1351
1352
329
711
1353
4344
4345
5050
5852
546
1354
5853
1355
712
5854
15
5855
1356
1357
1358
328
4838
5856
1359
1360
1361
361
1362
5857
1363
1364
1365
1366
1367
713
1368
451
4619
5051
1369
1370
5858
6716
1371
1372
1373
5859
5052
6604
4731
714
1374
547
6908
1375
1376
475
6878
4493
5860
5861
4346
5862
5863
715
1377
5864
320
716
6802
5865
1378
1379
1380
1381
5053
5587
6636
5442
1382
5866
5682
1383
4587
1384
476
1385
548
5702
1386
1387
5054
5510
5680
121
5630
4680
1388
1389
1390
1391
1392
1393
1394
1395
1396
5867
5055
5541
1397
294
5868
1398
1399
717
1400
5869
103
1401
1402
1403
1404
1405
4747
4625
5056
1406
1407
5870
400
1408
1409
5378
1410
4795
5871
5357
1411
549
550
1412
4347
5513
1413
6586
5872
1414
330
1415
1416
172
1417
1418
1419
1420
228
377
718
4494
1421
1422
1423
1424
1425
1426
1427
5367
1428
1429
551
5527
4348
1430
1431
5873
5435
1432
1433
1434
1435
1436
1437
6555
719
1438
4821
1439
720
1440
4954
1441
721
722
5874
1442
5875
552
723
4874
1443
5876
1444
6629
6902
5057
5877
6644
1445
461
1446
5878
1447
1448
724
4495
4861
5879
5880
1449
35
1450
5417
725
5881
1451
1452
398
1453
5882
405
5504
1454
231
726
1455
1456
1457
1458
1459
1460
727
1461
5883
5443
1462
728
1463
1464
4710
553
6819
1465
1466
5447
4418
1467
4554
227
5613
5608
5503
5884
154
1468
5729
5058
9
1469
106
5059
5885
5886
4938
1470
1471
4984
1472
1473
5887
1474
6563
360
1475
1476
104
1477
6666
5605
5888
1478
729
1479
6697
1480
16
5602
5889
1481
1482
96
4712
5511
1483
70
730
4688
374
63
4834
1484
1485
1486
5890
4349
1487
1488
5891
1489
1490
4948
367
1491
81
1492
1493
280
4816
731
1494
4588
1495
5060
5413
5892
462
1496
1497
1498
5061
6622
1499
1500
1501
4350
5448
6627
1502
4572
309
5893
1503
5592
4835
1504
1505
1506
4982
1507
5894
1508
5895
732
4756
4851
5896
5589
4419
5897
6706
5430
4725
5655
733
4730
1509
1510
734
5898
5899
5900
5476
1511
5901
1512
1513
4514
5902
5903
1514
5904
4496
6650
735
1515
1516
155
1517
4351
4467
1518
273
404
1519
128
4755
5631
5905
5906
5907
463
5675
6899
5908
5659
5909
1520
1521
5910
1522
5911
1523
1524
1525
1526
1527
5912
4618
1528
5913
337
5
1529
1530
5914
1531
1532
1533
1534
1535
85
1536
4830
736
1537
1538
5497
554
1539
1540
1541
5422
1542
4741
266
4583
1543
5692
4735
5915
6735
1544
1545
1546
1547
1548
4841
1549
1550
1551
1552
1553
1554
5429
1555
6787
1556
1557
6826
1558
1559
1560
1561
1562
1563
1564
5916
4420
1565
6638
1566
199
5917
1567
5427
1568
1569
1570
1571
5918
1572
1573
6546
1574
1575
6663
4685
5919
1576
1577
4541
1578
1579
5920
6671
1580
1581
5062
1582
1583
1584
5921
737
1585
1586
1587
1588
5922
4679
1589
29
1590
1591
1592
1593
1594
1595
1596
5923
1597
1598
1599
1600
1601
555
1602
5924
1603
1604
4988
1605
1606
1607
556
202
1608
4700
5538
1609
4589
5063
1610
192
5559
4567
6762
1611
1612
1613
1614
5407
1615
4754
1616
1617
6580
1618
1619
1620
1621
1622
4421
1623
5925
5064
5065
6838
5926
1624
4528
1625
1626
738
5927
1627
739
1628
1629
5463
1630
6808
5928
5667
4892
1631
1632
1633
1634
1635
1636
6744
4886
1637
1638
1639
1640
5066
1641
557
5929
364
1642
1643
1644
1645
1646
740
261
558
1647
1648
5930
1649
1650
1651
4626
1652
335
5931
741
1653
5932
559
414
1654
6822
1655
5486
1656
1657
1658
1659
1660
1661
6930
1662
1663
4952
5067
1664
1665
1666
1667
4422
5606
5933
1668
5468
6932
1669
4645
5934
1670
5935
5936
742
1671
1672
20
5937
1673
224
146
5509
5938
1674
6788
6750
1675
1676
1677
4529
1678
1679
1680
1681
5939
247
1682
1683
1684
743
5369
5940
6545
1685
1686
218
1687
4497
5941
5550
1688
1689
1690
1691
1692
5726
1693
1694
1695
6871
5942
1696
477
1697
1698
1699
1700
478
1701
1702
1703
1704
5662
5394
4611
1705
479
5943
5068
1706
1707
6829
5944
4576
1708
744
5069
1709
1710
1711
1712
5945
745
112
5946
5387
5070
4352
6916
1713
1714
1715
4873
1716
4649
5947
5444
5617
5948
5949
1717
1718
193
1719
1720
1721
1722
5950
5951
480
4658
746
326
5462
1723
1724
5418
6888
1725
1726
1727
1728
1729
5071
6912
4955
1730
1731
1732
387
1733
1734
1735
560
297
1736
1737
1738
5952
1739
1740
1741
4683
6827
481
4650
5953
4719
1742
394
4575
49
1743
1744
5450
1745
1746
5954
1747
5072
4871
5073
5955
1748
747
5074
1749
1750
5384
318
5956
5957
6583
1751
1752
1753
1754
1755
1756
47
1757
6924
376
1758
5075
1759
1760
4423
6667
1761
1762
5601
1763
1764
4828
1765
11
1766
6925
1767
1
6554
1768
4933
4842
1769
1770
1771
4424
1772
1773
1774
5474
5958
1775
1776
1777
4818
561
5959
1778
5693
1779
1780
1781
6918
1782
1783
482
5409
1784
1785
748
1786
1787
6702
17
5960
6724
1788
1789
6631
76
5611
749
1790
5076
1791
5077
6910
4787
1792
5078
5961
1793
124
1794
1795
1796
45
4468
1797
562
1798
1799
5079
4922
1800
1801
750
1802
39
5962
5963
1803
1804
1805
1806
6723
5964
214
1807
4469
1808
483
1809
6690
5080
4764
4592
5965
1810
751
5081
6694
1811
5082
5966
4548
5967
1812
1813
5556
464
1814
563
1815
752
1816
4353
5968
1817
1818
1819
1820
1821
1822
1823
4970
753
1824
1825
1826
5083
5969
5454
1827
1828
4915
1829
4792
5434
1830
5970
6889
1831
4855
5084
1832
5971
5972
331
5973
1833
1834
1835
1836
1837
1838
5393
1839
1840
1841
5085
37
1842
6656
1843
1844
1845
5974
1846
5975
6833
1847
1848
5451
5086
4425
754
4426
4920
1849
1850
5976
564
5977
5520
1851
425
1852
6630
5724
6792
1853
1854
1855
1856
1857
5978
6548
1858
1859
565
1860
5979
1861
5980
566
4470
1862
5087
1863
1864
1865
5088
5089
4895
1866
1867
1868
1869
1870
6936
1871
1872
5547
484
5618
1873
1874
5981
6892
5982
1875
4883
1876
5090
6594
1877
4775
485
1878
1879
5677
1880
1881
4686
1882
1883
1884
4863
4498
1885
5983
6831
44
5492
5984
1886
1887
755
5985
5986
4354
5987
4908
5988
5091
1888
5989
1889
1890
1891
1892
5990
1893
1894
756
132
1895
5991
1896
4978
6688
415
4859
1897
1898
1899
1900
567
4657
1901
5574
430
5992
1902
5993
1903
1904
1905
5994
1906
1907
4809
1908
5995
1909
1910
5092
363
5996
757
1911
1912
1913
5997
1914
366
4515
5998
1915
6830
1916
1917
1918
1919
5999
5093
6812
1920
1921
1922
1923
1924
219
1925
6000
6571
1926
1927
4783
6001
4499
1928
412
5094
5440
4743
6002
758
759
6003
1929
1930
5095
5096
5097
760
1931
1932
1933
1934
568
1935
5098
1936
1937
1938
1939
1940
1941
1942
275
6886
6828
4959
4722
1943
1944
1945
6783
1946
486
5426
406
1947
4760
1948
1949
1950
1951
6004
6919
1952
6005
6006
351
1953
6617
6007
1954
46
1955
4605
5099
1956
6008
1957
761
1958
1959
6009
1960
1961
1962
1963
6646
762
5100
569
1964
1965
371
6010
5101
1966
1967
5102
1968
4976
1969
356
6011
1970
1971
1972
1973
1974
1975
246
1976
6012
1977
1978
4974
487
4896
5103
1979
6013
1980
6014
6015
6869
1981
1982
1983
1984
332
1985
6016
6017
1986
1987
1988
1989
1990
5649
1991
1992
1993
1994
5721
1995
1996
4687
4814
5728
324
6913
1997
4500
1998
1999
2000
6018
763
6019
2001
2002
2003
4427
5104
6020
2004
465
2005
61
2006
2007
2008
2009
6021
5105
2010
5106
570
2011
5528
4428
5619
2012
5107
2013
2014
2015
2016
764
4429
2017
2018
2019
6022
2020
4878
6023
6024
6025
6026
409
5108
226
4355
323
2021
2022
2023
6754
2024
5539
6590
2025
2026
2027
2028
6027
2029
4600
2030
2031
6028
4356
6029
2032
6030
5558
5531
6031
2033
2034
5370
4357
6032
2035
2036
5109
2037
2038
765
2039
6033
2040
6034
2041
2042
6682
2043
4595
2044
2045
58
5110
4555
5713
2046
5111
2047
229
2048
6035
6036
5112
5113
5114
6037
2049
2050
2051
4516
6038
4501
5115
5467
2052
2053
5116
488
5117
2054
4876
4430
6039
6040
2055
4703
4358
5642
4631
6041
2056
6705
6640
5439
571
5118
2057
2058
2059
4530
2060
2061
5119
2062
2063
6850
4804
6042
2064
2065
2066
416
2067
2068
6043
2069
2070
2071
2072
6044
2073
4715
5691
2074
2075
5120
2076
6701
6642
5457
2077
2078
6045
2079
2080
5121
6046
6047
6048
2081
572
2082
573
5122
766
5123
4776
767
2083
6835
2084
6840
4359
6049
489
2085
2086
2087
2088
2089
2090
2091
574
2092
397
205
2093
2094
768
6687
5458
5124
2095
2096
5485
2097
2098
6050
340
5125
6051
4744
2099
2100
2101
6052
2102
2103
6053
575
4726
2104
6054
2105
2106
2107
2108
2109
4733
431
2110
5375
2111
5126
170
2112
4360
2113
2114
5127
2115
5128
2116
6741
2117
6055
2118
114
2119
2120
2121
4361
2122
2123
769
6864
6634
2124
2125
4561
5438
576
6805
120
5129
22
5663
4652
577
6056
2126
2127
2128
2129
2130
490
2131
2132
2133
2134
2135
5130
2136
6816
2137
4471
2138
4769
6057
6645
71
2139
5131
93
5459
6058
2140
4362
578
2141
4898
2142
307
5654
2143
2144
2145
5132
2146
6059
2147
2148
2149
2150
5133
2151
19
2152
2153
2154
209
2155
4622
2156
6856
5134
2157
2158
2159
2160
2161
2162
2163
6060
2164
6061
2165
6062
2166
2167
2168
2169
6063
2170
2171
5488
2172
4794
2173
4786
6064
2174
4363
4364
2175
6870
2176
4365
5135
6065
257
2177
6544
5609
2178
5699
6066
5136
2179
119
118
2180
5635
491
2181
2182
177
2183
6593
2184
2185
6067
5137
4761
4697
6740
4537
5460
2186
452
770
6068
4850
420
2187
2188
5600
2189
4573
5138
4796
6677
6069
4813
2190
2191
2192
771
6923
4811
2193
5374
5139
4472
4366
180
6070
6567
6881
2194
5718
2195
492
6071
772
4431
2196
2197
6759
2198
111
6581
4653
493
2199
6674
6785
4668
2200
109
2201
2202
453
2203
2204
6072
2205
4840
4780
6608
2206
2207
773
6073
2208
2209
2210
2211
6895
2212
4473
5140
2213
2214
2215
4367
216
2216
6558
2217
2218
6074
2219
2220
2221
113
2222
4837
2223
2224
2225
6669
2226
6075
4941
4939
4937
4751
494
2227
4563
2228
2229
774
2230
2231
5674
2232
359
5436
2233
5380
6076
2234
2235
2236
5141
2237
4940
4432
5142
2238
5603
2239
2240
2241
6873
6077
6628
2242
2243
2244
2245
2246
6732
421
5143
2247
6078
2248
6079
6080
2249
2250
2251
2252
2253
4799
2254
4549
2255
6081
4790
185
5144
6714
4642
5514
2256
2257
310
4713
2258
4531
2259
2260
2261
4655
4638
6931
426
2262
4556
2263
6720
91
2264
140
2265
2266
6725
2267
2268
2269
2270
2271
5403
48
6082
4773
2272
495
2273
4635
2274
2275
2276
6083
175
2277
2278
6084
2279
5145
2280
2281
2282
2283
2284
2285
2286
5146
579
5147
5148
21
580
2287
6085
2288
775
776
2289
5149
2290
5502
6086
581
43
5150
391
5151
496
4845
5152
6087
2291
777
2292
2293
2294
2295
2296
2297
2298
582
2299
2300
2301
4615
2302
5401
6088
2303
2304
2305
2306
4368
4474
2307
5153
2308
6089
2309
6609
2310
2311
2312
2313
115
2314
2315
2316
2317
2318
2319
4672
6090
5612
2320
432
4699
2321
2322
5629
5683
6091
2323
2324
2325
4369
2326
6737
2327
4517
778
2328
2329
389
2330
5526
249
2331
5154
2332
6774
2333
4698
2334
2335
2336
779
64
2337
6929
5632
2338
2339
6092
583
2340
4880
4370
2341
2342
2343
2344
2345
2346
4433
191
2347
454
2348
780
6093
2349
497
2350
253
2351
2352
5464
584
6094
2353
5155
2354
2355
2356
5472
6095
5156
4771
5636
6096
2357
2358
781
308
6097
2359
4936
2360
782
2361
2362
2363
418
2364
2365
2366
2367
6098
2368
2369
2370
4893
4371
2371
2372
2373
2374
6099
5157
6100
585
5571
403
6101
2375
296
57
5597
386
6102
5158
6103
2376
6649
5398
4708
6104
2377
5388
4372
4601
2378
151
2379
2380
2381
4777
2382
6105
2383
6588
2384
4962
2385
2386
413
5159
6106
2387
2388
6564
2389
2390
2391
2392
2393
6107
4604
279
2394
2395
783
2396
2397
5160
6108
5161
6109
2398
2399
2400
2401
2402
6110
2403
5162
6111
5523
2404
2405
5163
2406
2407
6112
2408
2409
5465
5164
2410
6113
6114
2411
2412
5165
2413
6115
2414
2415
586
4966
784
2416
4885
587
2417
2418
785
2419
2420
2421
2422
2423
5166
2424
2425
2426
2427
2428
2429
6116
2430
2431
6117
5656
6118
2432
4475
2433
786
5167
4373
588
2434
2435
4903
2436
2437
2438
2439
5168
5169
2440
407
2441
6619
2442
5419
2443
787
4778
2444
6768
5373
2445
173
2446
6119
6576
2447
2448
6120
2449
2450
2451
2452
2453
2454
2455
6863
2456
2457
2458
2459
2460
788
2461
5170
6121
5171
4946
5431
6872
2462
6937
2463
2464
4691
2465
5719
2466
2467
2468
6728
6574
2469
5172
2470
5173
2471
2472
4603
2473
2474
2475
2476
589
6122
5174
6123
2477
6124
4930
6125
2478
2479
2480
2481
5433
590
455
591
5651
2482
2483
466
498
2484
4434
6126
2485
6713
2486
2487
6742
5480
2488
2489
141
25
2490
6127
789
2491
2492
6698
2493
2494
6862
790
2495
388
6128
2496
791
499
6704
4872
6129
5671
2497
2498
5175
2499
4678
6130
6131
5389
6132
2500
2501
2502
6570
2503
5176
2504
792
2505
2506
2507
2508
2509
2510
2511
6133
6134
250
6710
2512
6566
6135
2513
2514
2515
2516
6672
6686
2517
2518
2519
6136
6848
2520
2521
2522
4374
2523
171
2524
4585
2525
24
2526
6917
6743
2527
242
2528
2529
4862
4502
254
2530
793
4375
2531
6137
592
2532
6138
2533
5499
6139
2534
6592
2535
2536
6140
2537
8
4590
4957
2538
6141
2539
2540
2541
2542
2543
4503
5177
2544
107
794
2545
5390
6142
2546
6572
2547
6143
2548
2549
2550
6144
2551
2552
4674
6145
263
286
2553
2554
2555
2556
2557
2558
2559
5423
795
6775
4518
2560
5361
5469
2561
2562
2563
2564
2565
2566
174
2567
4376
500
6146
2568
2569
2570
2571
796
2572
6901
241
2573
2574
6700
2575
2576
2577
501
2578
6897
797
2579
2580
4732
5561
5684
2581
2582
593
2583
6147
2584
4943
2585
2586
4377
6148
4990
2587
2588
4634
2589
2590
6149
6150
6151
2591
6152
4435
6800
5599
2592
2593
6153
2594
5641
2595
2596
2597
2598
4918
594
6154
2599
6771
2600
2601
2602
5178
798
131
5697
2603
2604
243
2605
2606
6789
2607
4532
502
2608
344
6155
2609
4750
2610
2611
4378
6915
4745
6156
2612
183
2613
2614
2615
2616
2617
5179
6730
2618
799
234
6157
4436
92
2619
6158
108
2620
2621
2622
2623
2624
2625
238
2626
2627
595
2628
2629
2630
2631
5180
2632
2633
2634
6159
2635
4714
2636
2637
189
2638
2639
5703
4839
596
2640
6727
2641
327
2642
6160
6718
2643
2644
2645
6577
2646
2647
122
6161
4682
2648
2649
597
6582
6162
4910
2650
6779
2651
2652
5623
2653
2654
503
6163
2655
2656
2657
2658
2659
4961
6602
4805
2660
5730
2661
2662
6164
5181
2663
2664
5586
4942
800
2665
6165
6166
6167
504
2666
2667
2668
467
4584
6780
598
6844
4574
2669
801
2670
2671
2672
2673
6861
2674
2675
5182
2676
2677
2678
5723
2679
6168
2680
2681
6169
6170
2682
599
2683
5183
4379
2684
4877
2685
2686
600
2687
6171
6624
2688
2689
2690
6890
4570
2691
2692
6172
4617
2693
2694
5669
372
2695
2696
6746
6173
2697
6174
2698
54
4742
5184
2699
2700
2701
2702
6175
6176
2703
2704
6177
505
4748
2705
2706
2707
2708
2709
2710
2711
2712
5185
2713
2714
2715
5622
2716
2717
2718
601
2719
2720
6598
2721
4504
2722
2723
4557
4980
6894
2724
4736
802
2725
2726
2727
2728
2729
2730
2731
83
6178
6786
2732
5186
2733
5187
2734
2735
6633
2736
6179
321
2737
2738
2739
4620
6180
6181
2740
352
4519
102
5188
2741
378
2742
6182
2743
6183
2744
4707
2745
2746
2747
6184
2748
2749
5189
4437
2750
6699
2751
2752
2753
6693
2754
59
2755
380
50
2756
260
6733
602
244
2757
2758
5190
2759
6845
5681
4542
4533
4380
5191
2760
2761
2762
2763
6185
803
2764
2765
2766
6186
2767
2768
6187
2769
2770
6188
804
2771
2772
6189
2773
6190
6191
2774
379
2775
2776
5192
5470
7
2777
2778
2779
2780
2781
6192
2782
6193
6194
2783
2784
4597
2785
6195
2786
166
6196
4960
4846
5532
2787
6197
2788
2789
603
2790
4953
2791
2792
2793
2794
4476
5381
6198
5193
2795
6199
2796
2797
239
2798
2799
333
18
5661
5194
805
4972
6200
2800
2801
2802
5410
604
5195
5396
2803
208
4381
5196
605
6941
2804
2805
5551
5518
606
2806
2807
2808
6201
6202
6203
4552
806
607
2809
2810
5695
2811
349
2812
6823
4627
2813
2814
2815
6204
6595
6641
2816
608
2817
401
5552
6205
2818
2819
2820
4505
2821
2822
66
6206
2823
807
6207
4758
4646
4882
2824
2825
2826
5197
6809
2827
160
2828
506
6849
2829
4789
5540
2
2830
507
2831
609
2832
2833
5590
808
5573
2834
2835
2836
2837
2838
73
6208
5198
2839
4774
610
2840
2841
6896
2842
2843
2844
2845
5199
200
2846
2847
2848
2849
6589
6681
6209
2850
2851
5200
149
6210
5201
2852
2853
2854
809
6211
2855
2856
301
2857
6212
2858
2859
2860
6213
4843
65
5420
2861
468
810
2862
6817
6214
293
6215
152
2863
127
2864
2865
2866
456
2867
6216
4749
5487
2868
2869
6217
2870
4382
2871
2872
4438
26
2873
5202
2874
2875
2876
6218
6654
5203
2877
2878
2879
611
2880
6219
811
6220
6221
612
4439
2881
2882
2883
5679
213
2884
2885
2886
4383
2887
4931
4384
2888
6222
2889
2890
4647
288
6569
6223
2891
6224
6653
2892
2893
508
613
4847
2894
2895
5204
2896
5479
6893
2897
6664
2898
6225
5205
2899
2900
2901
5206
2902
2903
6226
2904
5207
614
2905
615
375
2906
5208
616
6745
55
6227
5209
2907
2908
5210
2909
2910
2911
6228
6229
2912
617
2913
2914
2915
2916
2917
2918
2919
2920
2921
6230
2922
116
2923
6231
6232
2924
365
4958
2925
6233
4869
2926
5562
2927
6234
2928
2929
287
2930
2931
52
2932
2933
4888
2934
5211
5212
2935
6235
2936
5652
2937
2938
6236
2939
4947
4648
2940
2941
2942
6237
5213
4385
123
5645
2943
2944
6238
6857
812
2945
427
4900
2946
5452
6239
5615
2947
2948
2949
2950
5376
2951
6820
2952
2953
2954
2955
5689
97
6240
86
2956
4979
4534
2957
5214
311
2958
4440
2959
2960
6765
5694
2961
2962
4784
6241
2963
2964
5584
6242
2965
6794
2966
2967
2968
2969
2970
2971
2972
6243
2973
2974
2975
2976
240
2977
2978
5215
6244
2979
6245
383
438
2980
6639
509
5477
2981
2982
2983
2984
2985
6246
2986
2987
161
2988
2989
2990
4916
2991
4441
2992
2993
2994
2995
4718
5668
4442
813
233
2996
5405
6818
6247
814
399
6552
2997
2998
4443
6248
4386
181
6249
98
2999
350
3000
3001
618
3002
6726
3003
4628
6250
5216
6251
3004
457
3005
3006
5484
5217
3007
6842
439
5218
284
4739
3008
619
3009
256
620
510
6252
4899
3010
3011
3012
3013
4444
3014
3015
3016
3017
815
3018
3019
6753
3020
6253
5437
6254
6772
3021
3022
3023
3024
5219
82
6568
4875
3025
3026
3027
3028
3029
440
3030
3031
3032
3033
816
3034
4387
4445
6722
4866
4388
6255
5360
5579
3035
3036
381
3037
77
3038
3039
3040
3041
5220
6256
5371
6898
3042
5221
3043
3044
3045
3046
3047
3048
6257
3049
3050
5222
3051
5223
3052
3053
817
3054
5224
3055
3056
3057
6877
6258
3058
3059
3060
251
4477
621
3061
3062
3063
5515
3064
6259
6606
4446
622
3065
3066
5363
5637
3067
3068
818
6260
3069
4921
6261
6875
6262
3070
3071
3072
5225
3073
6793
5473
3074
3075
3076
5521
3077
3078
370
80
5560
5627
3079
3080
3081
3082
3083
6575
4890
6806
3084
3085
6263
6264
3086
3087
5568
3088
341
3089
3090
819
3091
3092
3093
206
6265
3094
3095
3096
3097
3098
5578
3099
3100
3101
3102
3103
6266
3104
6867
3105
3106
3107
3108
4632
3109
3110
511
6557
3111
3112
6267
3113
3114
4
3115
4702
3116
5411
3117
3118
3119
6268
5625
3120
3121
3122
3123
3124
3125
3126
4820
3127
3128
3129
3130
6846
278
6269
6270
6271
3131
236
28
3132
3133
3134
3135
6272
4564
3136
3137
5226
3138
3139
4478
3140
3141
3142
3143
207
3144
3145
3146
820
3147
6273
3148
4630
6274
3149
3150
6275
5227
3151
3152
163
6626
3153
6276
3154
3155
4447
6277
3156
3157
6278
6279
3158
4675
3159
6280
3160
3161
3162
5228
3163
4535
4865
3164
623
3165
3166
12
3167
3168
3169
3170
3171
3172
4389
187
3173
3174
6281
6282
6625
348
6283
5522
3175
3176
3177
3178
5229
4390
4902
4558
6284
3179
3180
3181
4935
4643
3182
6734
3183
5461
3
5696
6285
6286
624
4559
3184
36
5566
3185
5545
3186
3187
3188
3189
3190
6287
3191
3192
3193
6926
3194
625
3195
6288
3196
3197
821
3198
3199
3200
3201
6289
3202
144
6290
5543
5230
822
3203
3204
6291
6791
3205
3206
6292
6884
6293
3207
4956
3208
5546
3209
3210
6611
5231
6294
3211
3212
3213
3214
3215
3216
3217
3218
3219
5232
3220
3221
6295
6296
3222
3223
3224
5233
3225
5234
51
3226
3227
3228
3229
823
5581
3230
6685
6709
3231
3232
38
3233
5235
3234
317
3235
3236
6297
3237
3238
433
3239
4772
4673
3240
3241
626
3242
4914
3243
3244
4912
3245
3246
3247
6618
3248
3249
3250
3251
3252
6665
3253
3254
4923
3255
3256
6811
3257
6298
3258
6543
3259
824
3260
3261
3262
269
3263
4506
3264
3265
3266
6661
5524
3267
3268
3269
3270
3271
3272
3273
30
5236
3274
3275
6643
5501
3276
3277
3278
3279
3280
6299
3281
222
3282
3283
3284
6603
3285
5237
5732
3286
5575
3287
3288
6623
3289
3290
3291
4520
4822
3292
3293
5238
6300
6813
3294
4663
6301
3295
3296
3297
4606
3298
196
3299
441
3300
5385
3301
4759
6302
3302
825
6607
3303
3304
3305
4448
5239
3306
4968
3307
3308
6303
3309
627
3310
3311
3312
3313
3314
6304
6305
34
3315
3316
3317
230
3318
3319
5537
3320
3321
3322
3323
3324
4689
3325
3326
3327
3328
3329
6657
6306
4825
4669
3330
3331
3332
512
3333
4651
203
3334
3335
6307
3336
3337
3338
4654
4836
134
5240
27
826
827
4977
4479
5241
3339
3340
3341
3342
6308
6309
355
3343
5242
828
829
3344
3345
272
3346
6683
4391
265
3347
3348
5243
6310
3349
255
3350
3351
6615
3352
628
198
3353
6311
3354
3355
6312
3356
5244
3357
3358
3359
3360
3361
3362
4392
3363
3364
3365
830
3366
6313
5621
3367
3368
3369
5245
5246
3370
3371
3372
3373
6314
3374
3375
4904
3376
6632
3377
3378
4826
6315
3379
5247
6316
4734
4868
3380
3381
3382
3383
3384
3385
6317
3386
6676
3387
100
3388
3389
3390
3391
3392
6318
3393
3394
4480
3395
3396
3397
3398
5712
3399
3400
3401
3402
442
3403
6600
3404
6319
3405
6854
3406
6320
3407
3408
3409
5598
303
3410
3411
6922
3412
4852
5248
3413
3414
513
3415
298
3416
514
3417
3418
6321
6655
4854
3419
4665
3420
5533
3421
3422
3423
3424
5249
3425
4831
135
6322
3426
3427
3428
3429
4538
4449
4808
4616
4766
4909
3430
3431
5250
3432
3433
3434
5251
3435
3436
629
6323
3437
3438
3439
5716
3440
3441
3442
3443
3444
3445
3446
3447
3448
6324
4709
4521
3449
5252
5717
6325
6597
4536
5548
515
4624
3450
630
831
6326
3451
3452
3453
832
833
3454
4543
6327
3455
5595
6841
3456
6328
258
3457
5253
5254
3458
6691
4781
6329
6330
3459
516
6549
6331
3460
6616
5255
6332
3461
6333
6334
3462
5494
4860
312
3463
3464
4867
6335
3465
5256
6336
3466
3467
3468
517
88
3469
834
3470
3471
3472
176
3473
3474
410
6337
3475
6338
90
518
835
5257
3476
3477
3478
631
3479
632
3480
31
4393
5678
3481
3482
5648
6339
6340
6341
3483
6814
3484
4690
836
139
6652
168
3485
3486
5258
5555
3487
3488
3489
633
6342
4762
6343
3490
6344
6769
3491
6345
4550
3492
3493
3494
634
5453
99
3495
5567
3496
4853
3497
5482
274
3498
3499
6346
3500
3501
3502
3503
6770
3504
3505
267
3506
3507
5259
3508
6784
3509
270
3510
4788
6905
3511
4450
5260
3512
3513
5658
5529
195
3514
6610
4932
6347
289
837
6348
3515
3516
3517
3518
347
6349
6350
3519
3520
3521
4798
6351
838
5395
635
6903
3522
5261
3523
3524
3525
126
3526
3527
4983
3528
6352
3529
3530
3531
3532
443
4451
6703
6601
3533
384
3534
3535
6353
3536
3537
6354
6882
3538
3539
636
3540
3541
3542
3543
3544
3545
458
6355
3546
4394
3547
6356
3548
3549
4636
3550
3551
3552
5731
56
6587
3553
3554
232
3555
3556
3557
6837
6591
3558
6357
3559
3560
3561
3562
5446
3563
4544
3564
4661
6760
3565
3566
6358
3567
4481
3568
5583
3569
3570
3571
3572
3573
3574
3575
3576
3577
3578
3579
6621
3580
3581
3582
839
5626
3583
3584
840
4738
3585
3586
6359
3587
3588
637
3589
3590
3591
841
638
3592
6747
5421
3593
6360
3594
3595
3596
6361
3597
6579
5262
3598
3599
6362
322
6866
6363
3600
4740
6364
3601
6365
519
3602
237
3603
3604
3605
3606
6821
6366
3607
4579
6367
6368
204
6651
319
3608
3609
3610
6369
6370
62
3611
6371
3612
3613
89
434
3614
3615
3616
4482
6372
5553
3617
5705
4926
3618
3619
5263
5264
444
3620
3621
3622
3623
3624
252
3625
3626
6373
165
5265
3627
3628
3629
3630
6374
6375
5266
5563
3631
3632
3633
417
3634
3635
3636
5267
5268
6795
3637
6858
3638
842
3639
3640
5690
3641
5269
3642
304
3643
3644
5704
5722
6376
3645
3646
5270
3647
3648
3649
5271
3650
3651
3652
4827
4987
5272
6377
5273
6378
3653
4721
3654
6825
3655
6379
5274
3656
3657
3658
6380
3659
6381
3660
3661
3662
147
6382
3663
3664
3665
5639
3666
3667
639
395
3668
4757
6383
3669
4824
3670
6384
5397
3671
3672
640
143
6938
843
6385
641
3673
4806
6386
3674
4565
4716
3675
5593
6711
4819
6387
5455
3676
3677
6388
5275
346
6389
6390
3678
3679
396
6391
3680
5616
445
6392
5276
178
3681
3682
3683
6393
6695
6832
3684
3685
642
5365
3686
3687
3688
3689
844
5277
3690
3691
4803
6394
300
6395
6865
643
5507
3692
5278
3693
6396
3694
3695
520
5279
5280
4989
6756
4639
845
3696
3697
846
369
3698
3699
3700
3701
3702
644
3703
5281
3704
3705
4483
6551
3706
645
3707
3708
3709
5282
3710
6397
5283
3711
182
3712
3713
3714
5284
4452
6398
184
5285
3715
3716
3717
3718
847
3719
3720
3721
3722
3723
3724
3725
3726
6399
6400
6401
3727
3728
5286
848
3729
3730
5287
3731
156
3732
6402
3733
5701
3734
3735
3736
295
3737
6403
3738
3739
3740
3741
3742
6708
4901
5288
6404
3743
3744
3745
53
3746
6405
6876
3747
6855
3748
469
3749
3750
3751
6406
3752
3753
3754
6778
3755
3756
3757
6407
3758
3759
4395
6408
3760
6773
6409
5289
6900
3761
3762
6410
6411
5491
422
3763
5290
325
3764
4507
3765
3766
3767
3768
3769
6412
3770
3771
4522
5688
3772
390
4508
521
4484
5291
3773
6413
3774
5620
3775
6414
3776
6939
5292
3777
3778
3779
3780
6684
3781
3782
3783
6679
358
3784
3785
3786
343
4453
3787
3788
3789
5293
3790
6415
4485
4906
5720
5569
646
3791
5478
647
3792
3793
3794
6559
3795
6776
3796
3797
3798
6416
3799
648
4856
3800
3801
3802
649
3803
6417
849
3804
3805
3806
3807
6418
5466
3808
650
3809
4785
6717
3810
850
6911
3811
5640
3812
5544
5294
3813
4964
268
6419
4396
3814
3815
5295
6420
3816
4858
3817
4560
3818
3819
3820
3821
651
4523
3822
6421
5296
6422
6423
5297
6424
6425
3823
3824
4524
6660
6426
4800
101
3825
5570
4894
3826
851
435
3827
5358
3828
190
5298
3829
3830
3831
6427
6790
5299
6428
3832
6736
3833
3834
5300
3835
3836
852
853
5301
3837
3838
3839
3840
6429
522
6430
3841
3842
4815
6431
6432
4397
3843
6433
4767
4810
3844
6637
3845
6434
6435
652
4539
854
5302
5303
162
3846
4763
3847
3848
5379
3849
3850
5304
3851
3852
6436
855
3853
3854
5377
3855
6437
3856
4924
6438
4398
4399
3857
428
6439
5634
3858
4928
3859
4779
3860
78
6440
6441
3861
653
5594
4832
5305
197
3862
3863
3864
4801
3865
3866
4400
3867
6692
459
3868
3869
3870
446
5306
4793
3871
3872
6562
3873
3874
5382
3875
3876
3877
3878
429
6442
3879
3880
3881
5646
3882
5402
3883
5686
6443
3884
3885
3886
3887
5307
6887
3888
6810
4791
856
6444
3889
6782
3890
857
3891
858
3892
654
215
3893
6757
4737
5308
3894
3895
3896
3897
336
5404
4694
6445
3898
6446
4768
3899
4949
6447
5309
3900
3901
3902
3903
6719
3904
655
3905
4706
3906
3907
41
5310
4545
3908
373
3909
137
3910
3911
5311
3912
5500
292
3913
3914
5312
447
3915
3916
3917
235
4807
6448
5432
4929
656
3918
5506
6738
6449
3919
6450
657
3920
5483
3921
6648
5392
6451
6824
3922
3923
4509
3924
6452
6453
3925
145
133
3926
6454
6455
6456
3927
859
6739
3928
3929
860
3930
6457
6458
861
3931
3932
72
4454
3933
3934
6459
3935
658
3936
3937
3938
3939
3940
862
4696
659
6584
3941
3942
3943
4887
660
3944
3945
863
3946
10
6460
3947
5644
3948
4486
6461
3949
3950
5313
6596
3951
3952
3953
3954
523
6462
6463
5449
3955
3956
6556
4596
6464
3957
221
6763
3958
4913
3959
3960
3961
3962
3963
3964
129
6777
6465
6466
3965
3966
6909
3967
3968
3969
661
6853
3970
3971
313
6467
3972
6468
3973
3974
158
3975
3976
3977
3978
3979
6469
3980
3981
6470
5666
6807
3982
5314
5315
3983
3984
5316
6599
3985
3986
6781
3987
662
5505
3988
6471
3989
79
291
6472
6473
3990
3991
3992
6474
6475
3993
142
3994
3995
4566
4925
3996
3997
3998
6476
6477
342
3999
42
4000
4001
4002
4003
6614
4401
6933
5706
5456
153
663
6658
4004
5317
864
217
262
4005
6839
4881
4006
4007
4455
4008
4009
4010
4011
6478
6479
4012
6859
4013
5318
5475
4014
4015
664
4016
665
6480
4017
6696
865
6481
4608
6675
4728
4018
4019
4020
866
4021
4022
4023
6678
4024
4025
5607
4670
4026
6482
4027
4028
4029
4864
4030
4031
4032
4033
6483
4034
5319
283
4402
4035
4036
6484
6485
4037
4038
4039
5320
4040
4041
4042
4043
4044
6486
5733
5321
4045
6487
6488
867
4046
5481
150
4047
448
4048
4456
4049
4050
4051
164
4633
6489
4403
4052
5549
6490
315
4746
5508
868
6491
4457
4053
4054
666
4055
5715
5322
6492
4884
6493
4056
4057
4058
4059
5359
4060
4061
4062
667
5323
5324
6494
4063
4945
4064
6495
4065
4066
6496
4067
4068
4069
4070
362
4071
4072
4073
869
4458
6497
4074
4614
6498
870
5325
4075
5588
4076
4077
4078
4079
6499
5496
4080
4823
4081
6712
4082
5542
871
4083
5530
4459
4084
872
4085
4086
4087
210
4088
4089
4090
6500
6880
357
668
338
6501
6764
4091
157
4092
5326
6502
4093
6503
4094
6879
186
4095
4096
4404
4724
6504
6505
6506
6761
194
4097
4098
4911
5725
285
5327
6507
6508
6509
4099
4100
4101
6510
4102
669
4103
4104
4105
6511
6512
6513
6635
5604
276
4106
4107
5534
4108
4109
6514
4981
4870
4110
5700
873
6515
4111
167
5328
4112
874
4113
4114
6748
6883
5329
4115
4116
4117
4118
4119
6516
334
4610
4120
4121
4122
4123
5330
4124
4125
4126
4127
4128
4129
4130
4131
4132
4133
4134
4135
4136
4487
4137
6874
4138
4139
4140
4141
670
4142
4662
4612
4143
4144
4145
6517
4146
6518
5383
4147
4148
6519
6647
4149
4150
4151
4152
345
4153
4154
4155
4156
281
4157
4158
4159
4160
4161
4162
4163
6520
5331
4164
4165
4166
4167
4168
4169
6904
4170
4488
6521
148
4171
4172
354
4173
5386
4460
4174
4175
4176
4177
4178
4666
4179
4180
4181
4182
4183
6522
4184
4185
4186
4187
4188
4189
4190
4191
4192
6523
4193
875
4194
4195
4196
876
4197
4198
5643
4199
4551
5332
4200
290
4201
6524
671
672
4752
4202
5416
4203
4204
6525
4205
4206
4207
5333
673
5334
4208
136
5335
4209
4210
6526
674
4211
4212
4213
4907
4214
5336
4215
675
676
4216
4217
68
5687
4218
4219
4220
4221
6527
4222
4223
5337
6721
4224
4225
4967
5425
4226
4227
5338
4228
4659
4693
5339
4229
4230
6528
4231
5340
4232
4233
4234
4235
5498
5341
423
6799
6680
4236
4489
4237
6573
4238
4239
4240
4241
449
5342
4242
4243
4244
105
4245
4246
877
5343
4247
4248
4249
5698
878
5344
4250
5345
4251
4252
677
4253
6620
4254
4255
4256
4257
678
5346
4258
4259
5347
6529
4260
4261
4262
4263
4264
4265
4266
6530
6531
6921
5348
5707
5349
5350
6532
4490
6801
5351
5352
4267
4268
4491
5353
4269
5354
4270
4271
4272
5412
4273
679
4274
4275
6533
6534
4276
4277
4278
4279
4280
4281
4282
879
4283
4284
4285
4286
4405
4287
4288
6535
4289
6536
5355
5714
4950
4290
4291
5638
6537
6538
4934
4292
4293
4294
4295
4296
4297
4298
4299
680
4300
4301
4492
4302
6539
4303
4304
4305
4306
75
4307
6540
5490
4308
4309
4310
4311
4312
5356
4313
4314
6541
4315
4316
5428
4317
4318
4319
4320
4765
4321
4322
524
4770
4323
4406
6542
681
4324
4325
4326
4327
6547
4328
4329
4330
4331
4332
4333
4407
