0.0
0.0
0.0
0.0
0.0
0.0
0.0
0.0
0.19835859187639482
0.0
0.0
0.0
0.0
8.116687240422582E-4
0.0
0.0
0.0
0.04634890669771363
0.34839420088518613
0.08192451344567608
0.0
0.0
0.0
0.155412094439206
0.3662578272726762
0.0
0.0
0.17674919023786728
0.0
0.25988973644734326
0.16060442516315632
0.08638698371789222
0.0
0.254132271254067
0.09184847189132017
0.0
0.0
0.0
0.0
0.0
0.0
0.06916088462018588
0.0
0.043358947131549086
0.0
0.0
0.0
0.1076524714062238
0.0
0.0
0.0
0.0
0.0
0.08080937377381203
0.0
0.0
0.1649568865298302
0.0
0.0
0.0
0.0
0.0
0.0
0.0
0.0
0.0
0.0
0.0
0.0
0.013462709096654368
0.0
0.0
0.0
0.0
0.08970176838798505
0.0
0.05091285124862266
0.0
0.0
0.0
0.0
0.10994452668392529
0.22340686651658004
0.1751350147277927
0.04803013914609322
0.0
0.0
0.0
0.0
0.0
0.24333381350589
0.10943790089380567
0.6624384395185574
0.5825279109928158
0.0
0.08453415374660356
0.0
0.7676350435316444
0.2675976979620345
0.36681122668723753
0.3314983130603655
0.0
0.0
0.09272148905219191
0.012886299032861204
0.29745618907504423
0.22643521524358268
0.01524437237434928
0.0
0.0
0.0
0.0
0.0
0.0
0.08135833176136165
0.04991994965536495
0.0
0.0
0.05800299302175882
0.0
0.7231179927121094
0.11339974016273557
0.0
0.998003241531878
0.04844713784087096
0.3573994361183035
0.15328591970053274
0.023435462114778538
0.0
0.12315176843664932
0.0
0.0
0.46328764835391234
0.12800755571703126
0.0
0.0
0.24491947173643602
0.0
0.2784195432479648
0.5371106559142755
0.23078412190167186
0.0
0.0
0.2728509509108783
0.07031965135046192
0.0
0.5667162635759692
0.0
0.0
0.0
0.5786583849821305
0.0
0.040665123696260075
0.7011038514249339
0.0
0.6762440266649969
0.0
0.5777563219609086
0.6808501533946795
0.3259430510422998
0.0
0.14752654871201776
0.0
0.0
0.3677050971148065
0.0
0.12407887627809311
0.0
0.0
0.0
0.12403144957268897
0.4422149211421009
0.32217260176516904
0.015132040208175823
0.0
0.0
0.0
0.0
0.0
0.16691314701007964
0.0
0.15616511943956168
0.0
0.06567429643043621
0.0
0.0
0.02342146815595114
0.0
0.0
0.0
0.0
0.0
0.24822705525334743
0.0
0.0
0.0
0.48536494339016145
0.2737302149115117
0.0
0.3652079879050588
0.0
0.0
0.0
0.12196986173985847
0.09566471384568376
0.0
0.14332070641604244
0.0
0.0
0.37349679665282753
0.16416628817933254
0.03526421917575162
0.0
0.14788603545324674
0.4976672413329958
0.02627365518624425
0.034896072437388126
0.0
0.0
0.019802311985306353
0.0
0.10257761986081737
0.02976541693812562
0.12708169641866618
0.24215778376979702
0.00923222278405067
0.25258242563928635
0.11333000198383603
0.388561685829375
0.31876270965450293
0.09307884514385567
0.06928368402984175
0.0
0.0919225551270908
0.003204793264150685
0.0
0.0
0.0
0.06945741576841746
0.0
0.0650671529169472
0.0
0.0
9.920239303229383E-5
0.0
0.23795811003679768
0.0
0.0
0.0
0.0
0.13560095941446715
0.0
0.4127092013765339
0.0
0.0
0.0
0.21158795697339694
0.68308891085853
0.0
0.17241467122149123
0.11665539108211387
0.0852477879032425
0.12150207463410723
0.0
0.059964867170559044
0.5309930907781327
0.009719074972158182
0.0
0.0
0.16247209809386398
0.4089034427917546
0.0
0.014858569504785812
0.16465648625162754
0.36317992975308544
0.0
0.18620036101104498
0.14540259875063377
0.35651756959237113
0.0
0.0
0.0
0.0
0.5620628182736652
0.0
0.0
0.0
0.13139197558513027
0.019902609842293528
0.0
0.25298646939708935
0.6767773739655898
0.0
0.07972502363593947
0.0
0.0
0.014424767911246361
0.17649912585548222
0.0
0.7815003717131883
0.3871864862558625
0.0
0.0
0.4036839548737824
0.0
0.0768577957664015
0.010586089812424815
0.0
0.6900069856133992
0.14180941322333984
0.05712167743640151
0.21400548853980772
0.0
0.0
0.0
0.0
0.019438580384599335
0.0
0.4291670869337152
0.0
0.0
0.3418118770990525
0.11971037001006002
0.3760128865110912
0.056157783726017985
0.0
0.0
0.3383977674382237
0.07415242164480274
0.5167670062214496
0.0
0.0
0.08080836401519376
0.0
0.0
0.0
0.267290051227438
0.10928967696982672
0.05712042632484493
0.0
0.0
0.0
0.0
0.0
0.0
0.34832156422964544
0.0
0.020396240142736
0.7533103755104152
0.8143860076223199
0.0
0.15219521779932754
0.0
0.0
0.0
0.0
0.3567202663997491
0.15017947663316622
0.16686625091701046
0.0659873779662059
0.0
0.018599499947308695
0.0
0.0
0.0
0.8906708254514286
0.0
0.7660370476929769
0.4991640232756922
0.0
0.0
0.48628257739382985
0.2905590142834028
0.17453571841485083
0.0
0.0
0.055953528617762927
0.0
0.0
0.10117242220286748
0.0658444984089177
0.5335392508823171
0.0
0.0
0.0
0.282138770775876
0.23890199426673564
0.006052815335508499
0.1597283174036006
0.047424997735169616
0.0
0.0
0.10227451228957807
0.04529506565446528
0.6200098315653478
0.6504997332377762
0.0
0.1028280235893676
0.0
0.4597931736416747
0.0
0.19757885812642995
0.04740938952051388
0.09783755551676943
0.4129764229980394
0.045389171187204536
0.18546439880916832
0.0
0.0
0.0
0.002476762155601442
0.296531832090804
0.11401438497370198
0.0
0.020766661795979857
0.0
0.8713885690227631
0.0
0.06639893626236948
0.8581421724682224
0.26186574677818686
0.0
0.03152069133033508
0.5568185638448815
0.0031867702208764337
0.5045616683860168
0.0
0.30758168466882885
0.3133397729719456
0.41795721287521337
0.23729531396243764
0.0
0.21788912878678246
0.1246768476089305
0.0
0.08444386196403042
0.0
0.0
0.0
0.0
0.0
0.02146424373174205
0.3583158817902805
0.0
0.7000625532365301
0.4842731913864444
0.0
0.8660681801412736
0.0
0.9936554676897549
0.04259084184560058
0.09106750876538283
0.0
0.0
0.0
0.0
0.21025930175999175
0.15314681305094968
0.0
0.0
0.2419710133547277
0.21637514495061794
0.0
0.0
0.016060731772515657
0.24465287987360262
0.0
0.0
0.17899387798163557
0.0
0.016430768250213834
0.0
0.0
0.0
0.0
0.0
0.0
0.0
0.1393694227985478
0.41252794563721706
0.0
0.0
0.0
0.0
0.0
0.0
0.0
0.08938415200021343
0.0
0.0
0.0
0.891173788616402
0.0
0.0
0.0
0.03242727658783229
0.0
0.014056218141901722
0.0
0.9954554120636578
0.0908242203343288
0.035661323319514215
0.21918557187438692
0.9396997491895532
0.14925632870694971
0.0
0.0
0.3196967502109914
0.5174665259489979
0.2148844916652506
0.0
0.03294804989088118
0.0
0.46576414378537145
0.0
0.14998497619541662
0.7752235465358199
0.0
0.33492909211155464
0.048395217352447895
0.0
0.8237168123687899
0.6670331338950638
0.0
0.0
0.3086833686192578
0.5382867224762075
0.0
0.4029163332793133
0.0
0.06382406299548438
0.0
0.0
0.0
0.0
0.0
0.9948053869816686
0.0
0.22988315489419298
0.0
0.0
0.3055416811099263
0.7215013494210242
0.0
0.049881909751777975
0.32243197286451974
0.320524822233916
0.9285136629829545
0.0
0.3795620105479355
0.2190421410335025
0.0
0.6046411820738338
0.00763710769397663
0.0
0.07716273364705162
0.0
0.6023096030810823
0.22676381276851554
0.0
0.16587565677502203
0.0
0.0
0.0
0.0
0.2306706078501417
0.0
0.0
0.013705871222490562
0.27499634046110566
0.9220040847263876
0.0
0.0815751560184621
0.0
0.0
0.0
0.15102337347841688
0.0
0.11639918588129583
0.340016450177989
0.6254404304985526
0.31820211924406827
0.456242173463264
0.0
0.0
0.0
0.0
0.0
0.0
0.0867393964637907
0.5456791248977514
0.0
0.40779027205786333
0.0
0.539286712274521
0.34612283734966254
0.0
0.0
0.5659289829293108
0.20279295521827523
0.4297749881609607
0.0
0.11941057039856595
0.0
0.11655566730731459
0.24600859983659784
0.0
0.28555023063784235
0.02194526441724054
0.10967571012505128
0.08498563517709279
0.12235708488100361
0.8898669653960579
0.5273059151781145
0.22774437341325748
0.036312766342795344
0.15291409264599065
0.08947282993619554
0.0
0.0
0.0
0.0
0.0
0.0
0.0
0.25284159923289806
0.0700454386824374
0.19933384290148404
0.023928598138215795
0.7284539216827715
0.5886896909726167
0.06533983599524484
0.0
0.0
0.0
0.8216598645797402
0.7115641446729344
0.07222022761682734
0.0
0.0
0.46355862639026424
0.0
0.6857477993542549
0.335585265285987
0.3536774481202083
0.1078478251139029
0.0
0.05406428109795014
0.3422564982374545
0.0
0.09410357387562152
0.8664392223752451
0.3831306028789899
0.1869334654200464
0.0
0.49497303472120247
0.7839912218439717
0.07756205035805674
0.0
0.0
0.5755924801796353
0.0
0.3278971353020851
0.0
0.06841238094087887
0.0
0.2759301009676115
0.0
0.13549569296396202
0.0
0.0
0.11407737424448339
0.029474798059359264
0.0
0.0
0.8043027038939707
0.1547469832845142
0.09526261147218051
0.0
0.014172308810895151
0.0
0.4596190219516161
0.0
0.03947906940931578
0.0
0.14758663649497517
0.0
0.0804635061231096
0.0
0.0
0.0
0.8945130336960148
0.0
0.16083328494609472
0.1602454261276447
0.0
0.2010408435009533
0.0
0.23343901255338007
0.0
0.0
0.0
0.0
0.0
0.0
0.0
0.0
0.0
0.0
0.0
0.0
0.0
0.3950921216600043
0.0
0.0
0.0
0.0
0.0
0.0
0.2362263496040774
0.12459354763887731
0.7463955988049091
0.0
0.1609608654198207
0.5915570475157026
0.7201734186019322
0.0
0.0
0.0
0.0
0.06218333258205877
0.0
0.0
0.0
0.024756159763222207
0.0
0.0
0.0
0.0
0.0
0.39913765903826093
0.0
0.17215296158826943
0.0
0.061306961900327694
0.06794197980833117
0.0
0.0
0.0
0.06708762537491908
0.0
0.0
0.13946715359306572
0.42068928512278614
0.45837342116706425
0.39251293158688194
0.05616567785206705
0.0
0.01562441630283884
0.0
0.0
0.19278214889866752
0.0
0.0
0.0
0.8453706781394935
0.38857062900886574
0.0
0.0
0.0
0.0
0.46209829230634303
0.0
0.0
0.0
0.0
0.3244604396952966
0.0
0.0
0.0
0.0
0.0
0.0
0.0
0.27815539227964825
0.0
0.0
0.0
0.6190040486859835
0.19578085494523867
0.3127058953847528
0.0
0.0
0.0
0.2905249918462949
0.0634369090029897
0.016907660179699358
0.3793385891351243
0.14576678838081547
0.1709607774305938
0.9343930672701029
0.0
0.6027482592410649
0.06472277383558289
0.17760825516086587
0.07692737318890608
0.0
0.0
0.0
0.0
0.0
0.06324255134151757
0.43205340019034266
0.9999936469255893
0.0
0.18616597119197809
0.0
0.38225130486797865
0.5532931696673405
0.6469915604900955
0.43680830366261714
0.9973634907685826
0.5828752042955819
0.4082623250727946
0.10438496037836953
0.33939249404267846
0.9999999999329388
0.8363116228414965
0.43274597142335547
0.8523798673370455
0.0
0.3830660733154584
0.9918847282018871
0.5214113545250466
0.2983479619364109
0.19765094801755456
0.7972830990550337
0.2110322316004576
0.9969775346109447
0.9990949934619281
0.9596773493643064
0.0
0.8661933834602339
0.36245400267219796
0.9721220982607908
0.0
0.4894934022895634
0.6204526231753067
0.2839437414597137
0.0
0.0
0.9286367701487884
0.7366184555219754
0.5121520816519598
0.9674172120404535
0.21592008464197954
0.7396053849761757
0.3624689417073137
0.49163602665546935
0.9637508024533215
0.4801469244603169
0.7063463767300246
0.4883707029380988
0.2517610455190098
0.9928631573189507
0.26708094190921194
0.4643989643412847
0.9975429955583133
0.31371541687409743
0.20124637191486494
0.543412834739301
0.999040716494788
0.021838987253039566
0.0
0.0
0.0
0.12497970643212186
0.5844754064497838
0.03566536470932502
0.8917021003560178
0.880307867995427
0.7742719563470758
0.9463756682304348
0.0391311259452215
0.23914238504137597
0.5617936540153536
0.0
0.0
0.9949110799757239
0.24282195556589037
0.7066893316799785
0.22078318298706245
0.0
0.14068952285480907
0.1380988971704742
0.0
0.06091594812715884
0.7901707311907374
0.7621535105276963
0.12940365414877208
0.6128981613576158
0.977502441435425
0.8434183296867739
0.04538631985145214
0.11953150792714362
0.5615367407880983
0.39150630443853607
0.8912230216574117
0.8421193735541681
0.13036817018112312
0.2079128815004574
0.24014738585189266
0.9901665056492456
0.6684614326793973
0.446987794086839
0.7798545807354511
0.3244738493269863
0.5951930086078969
0.5528657723951631
0.9491312529861962
0.6147173980836007
0.0
0.0
0.0
0.0
0.0
0.0
0.0
0.0
0.0
0.0
0.0
0.0
0.14840573430738446
0.0
0.02853000079124146
0.0
0.0
0.11880842859091167
0.114408909381849
0.19161266679645939
0.4117916147274039
0.06172659671563907
0.0
0.9402687914647595
0.17482702568077757
0.21219747172643122
0.8365428424788768
0.5604148142303502
0.07060023999335874
0.0
0.0
0.0
0.0
0.9732087968290817
0.0
0.0
0.0
0.4629750246484854
0.9432276460809278
0.0
0.04193139288333392
0.49800536785917704
0.4511603688118644
0.3518267761783541
0.5399931306533048
0.6569352075102213
0.7454940732025198
0.0
0.6862091694216679
0.9872006274498039
0.4617459108420492
0.4632452436461991
0.999932941191026
0.25120528786247076
0.6159482102473601
0.2587398515730228
0.9999899791859601
0.9985621008930599
0.46858080305597216
0.858211605336025
0.8306992348668307
1.0
0.6266832914688534
0.1595721156779799
0.7791332801146644
0.8329012864913853
0.6986700177382311
0.6189816980571504
0.7854933009883889
0.47656238440269716
0.3727558447126912
0.4339185120936213
1.0
0.5393760393703663
0.3947977009457191
0.0
0.15072239304764312
0.8969682074112044
0.0
0.7175049441568554
0.9429468755114462
0.48404528308783745
0.6100685612832979
0.9008112162845324
0.9700510250171411
0.0
0.9644359056555222
0.0
0.19367201256916045
0.38668383031049947
0.4033036661768695
0.9179927334507001
0.873216150079327
0.47360136920492835
1.0
0.9994015077110133
0.7228645340627187
0.9999994385054507
0.31010789188324095
0.25456234731862737
0.1889480621937255
0.0
0.6258514309875693
0.7274650836621195
1.0
0.9716894122039617
0.5910612385463241
0.8292983448916845
0.9999999999999999
1.0
0.9999999999998075
0.9999985132020938
0.7531917207886102
0.9999999999999983
0.999999999996427
0.9999989985630097
0.6116285565122941
0.0
0.310655755983013
0.960884245806722
0.9108834296823647
0.9990930408514871
0.9996187861164523
0.0
0.999999854222495
0.9969703561573363
0.9219373530543182
0.9838065386942735
0.9999999995840186
0.9999999999999253
0.6863648804250977
0.9956056978927406
0.9975435302524756
0.3599363267364124
0.5099917897626247
0.3062031531354583
0.8202480470278168
0.4116535035824235
0.0
0.07045687556281299
0.9308364072100603
0.7751917788267296
0.6144376982100553
0.5648588007919624
0.8528585001781191
0.23275906099562538
0.06541704703499773
0.3045799746226332
0.46449339596290407
0.42630412782426164
0.3616730392444927
0.10235298646206215
0.9770650181716709
0.0
0.3085483046573888
0.0
0.0
0.0
0.0
0.6774048626791056
0.0
0.0
0.0
0.0
0.09439797024914975
0.0
0.0
0.05287385914852083
0.2087347817615166
0.0
0.0
0.0
0.0
0.0
0.07494973451737463
0.025191788323044362
0.0
0.1189833049674035
0.21972976246611742
0.0
0.0
0.0
0.0
0.0
0.0
0.0
0.0
0.0
0.0
0.0
0.0
0.0
0.0
0.03276723335938214
0.0
0.0
0.78030251654606
0.0
0.0
0.0
0.0
0.1677391463470349
0.1443602337803127
0.3827172837665682
0.0
0.0
0.0
0.8692395164447084
0.2478788739503851
0.0
0.0
0.0
0.7432241057490552
0.0
0.0
0.0
0.0
0.0
0.0
0.0
0.0
0.0
0.0
0.0
0.05073649145841874
0.1507267151647903
0.0
0.0
0.9971041476440272
0.0
0.0
0.4832325962317445
0.0
0.38186289777801496
0.0
0.0
0.3796824932680247
0.09442417209286824
0.008185169589123298
0.0
0.0
0.061726370651492335
0.07605317890530616
0.44886562429488386
0.7352943354048647
0.0
0.0
0.21694496371781347
0.0
0.0
0.0
0.0641603489863588
0.0
0.15065357463686335
0.0
0.047867964889507064
0.0
0.3679207077148008
0.0
0.0
0.022511626335295798
0.0
0.13943086535211735
0.38697200122656605
0.0
0.03848737033505567
0.007047079303298842
0.0
0.0
0.4120523652790946
0.0
0.34964942329190307
0.0
0.0
0.01171613842116892
0.0
0.0
0.05506838804241487
0.516223139711089
0.06498901798317891
0.3113874540149506
0.007709825389517588
0.0
0.009326787138087878
0.0
0.0
0.29364980682378183
0.0
0.2815377348467387
0.0
0.39860146618971326
0.439873006908996
0.0
0.0
0.0
0.0
0.0
0.0
0.0
0.15167069619733176
0.3204391387130674
0.19278847886002992
0.0
0.0
0.6386375495839405
0.2024687536757619
0.0
0.6740199468775141
0.04258464149563401
0.0
0.0
0.0
0.00335476516197597
0.0
0.0
0.20768748974365414
0.05162384781420437
0.0
0.01577403838967173
0.9914517063726666
0.4196711972263605
0.08344785013656364
0.0
0.7380986955369336
0.0
0.0
0.0
0.0
0.0
0.09782398904223066
0.0
0.0
0.009968709633268569
0.0
0.2919581221030578
0.0
0.0
0.0
0.0
0.9878296191851383
0.1999904396489416
0.0
0.0
0.0
0.01146824968707938
0.0
0.35128216930235145
0.6962140001064696
0.0
0.0
0.07520997544349994
0.0
0.0
0.05300265754437572
0.2283361462945539
0.0
0.0
0.05174184559155204
0.3739947731935258
0.616420147340222
0.0
0.2647623820237295
0.6967012476364756
0.0
0.05695379401226863
0.0
0.02758593493973105
0.0
0.03261819092451812
0.6707877830762896
0.0
0.21760613416291485
0.03971119713371385
0.0
0.0
0.828662756314142
0.3639236937052115
0.0
0.22055024431866999
0.08024752718415085
0.0
0.1211913964053003
0.0
0.02194334270514753
0.047075021380159066
0.0
0.0
0.0
0.442608100477454
0.13714477276036752
0.304928673043254
0.14644462760645727
0.0
0.24577503475332318
0.02586565345130576
3.0996058472687604E-4
0.2852793173321899
0.0
0.263238627928311
0.07123677101943537
0.0
0.0
0.5866397070033904
0.0
0.0
0.6742836268526275
0.0
0.0
0.0
0.1036979230995545
0.7400814766823827
0.0
0.3744761158747849
0.0
0.0
0.0
0.07650105643714722
0.0
0.0
0.0
0.34610153752835937
0.0
0.0
0.12602808296156276
0.015549818459787645
0.48634845412623706
0.18908895355810096
0.4569548651730111
0.4939443252709974
0.0
0.0
0.00870231563974
0.5050011114952797
0.0
0.0
0.0
0.0
0.0
0.0
0.0
0.8997351774011667
0.31222858885827254
0.0
0.10860315014922128
0.0
0.010317334009612988
0.0
0.9270123281851385
0.0
0.0
0.09766756358137374
0.0
0.0
0.13809521318857532
0.0
0.0
0.0
0.5753153046314967
0.0
0.10336030324977219
0.01167250660782937
0.0
0.0
0.009914083760471093
0.0
0.05393443446479329
0.04438409463213444
0.3966627220751411
0.0
0.0
0.0
0.0
0.0
0.0
0.0
0.0
0.0
0.0
0.0
0.0
0.0
0.037816076156217404
0.28520005921548097
0.8308720746784062
0.0
0.5020047719901847
0.0
0.0
0.0
0.0
0.0
0.42673028592202367
0.0
0.0
0.0
0.7739762862804566
0.0
0.44739468942630833
0.0
0.0
0.0
0.0
0.0
0.6746376780299226
0.5279514404438083
0.36047885279883163
0.8413426537129955
0.0
0.13237419504431291
0.0
0.0
0.0
0.0
0.14111343913152452
0.2799200794914356
0.0
0.0
0.838752359594141
0.0
0.14048116204719885
0.0
0.07345707963952863
0.0
0.0
0.0
0.2466266356028326
0.0
0.06532037680513136
0.0
0.0
0.0
0.0
0.0
0.3763328050419308
0.13756688493422742
0.0
0.0
0.0
0.036659013561046394
0.2591545697459702
0.27446292532651095
0.0
0.0
0.0
0.0
0.0
0.2636897445332429
0.0
0.4051258272166256
0.0
0.9631479005670327
0.650889575222028
0.24564568428813738
0.0
0.0
0.12684775137550153
0.0
0.5237777439400421
0.14171190518028154
0.0
0.15954890251684462
0.0
0.014280670803202278
0.0
0.07595140096849629
0.0
0.2796304043069865
0.43219159082310155
0.0
0.0
0.8326073725084798
0.13930496130787773
0.01956287283437863
0.5068343366648786
0.10441757809569996
0.0
0.7072783223503164
0.0027966661207019516
0.0
0.10799472055574288
0.19469665545465098
0.2865038024881976
0.3714248182428588
0.37668342585849524
0.2940370907973815
0.0
0.0
0.08150619914272428
0.15971459795022436
0.0
0.2043887600562132
0.5787826725405794
0.3391810699410116
0.113547335303531
0.5067063145346813
0.7909856615375722
0.0034336605976240664
0.012994377921341171
0.011453715001466303
0.42480044201049494
0.9077216942011269
0.4164747966047617
0.0
0.0
0.0
0.16841090532012792
0.09112247954693409
0.06473830565560612
7.374972375755462E-4
0.0
0.0
0.518736621281199
0.0
0.4942205381334843
0.6173194082206022
0.019691460557987983
0.31202403512168453
0.0
0.0
0.0
0.05200650576066568
0.0
0.6129227700983144
0.4961505818041031
0.0
0.0
0.0
0.0
0.0
0.0
0.011015137516558915
0.0
0.4293668372436783
0.1026338813586316
0.0
0.04075453166829357
0.0
0.0
0.8105313820163971
0.18323495589479122
0.19329958311459805
0.0
0.0
0.0
0.0
0.0
0.0
0.0
0.0
0.0
0.12542474636454226
0.0
0.0
0.5201642575767323
0.0
0.3332065804578568
0.08674042080045419
0.2057719610971871
0.46412475356021665
0.27060010501034304
0.37951651145637433
0.0
0.0
0.014940039817017192
0.17969659530600524
0.0
0.0
0.05088517736845488
0.0
0.0
0.8856706321985588
0.0
0.0
0.0
0.07491443150354637
0.6726251155417855
0.0
0.2681372668022435
0.17792049438164825
0.0
0.048641528998535244
0.60069392672381
0.03666288613890656
0.0
0.0
0.0
0.6723451369739558
0.0
0.0
0.5054038688393061
0.0
0.6898519980000646
0.09990890754842718
0.44831032600271903
0.0
0.0
0.025939752705991248
0.7106839122811968
0.5578066241451273
0.0
0.0
0.8625384608961459
0.8050803316378274
0.36377771185727137
0.39581687612156813
0.6393223469229601
0.0
0.08241276390739016
0.0
0.0
0.6240112279869805
0.0
0.5673828792858571
0.0
0.4834977936377256
0.0
0.3409996990902757
0.5721147315477918
0.17189164058807815
0.0
0.07425640943374145
0.9716931505762
0.0
0.20622590185191025
0.0
0.4630826602762559
0.0
0.010348795574436687
0.020589098689196672
0.0
0.01811413854518651
0.0
0.34809630616722087
0.0
0.0
0.5339350073913331
0.0
0.1948029394887193
0.0837007313333159
0.179589328629974
0.0
0.0
0.0
0.0
0.349735924749363
0.5668560904363106
0.47775284535074314
0.0
0.0
0.0
0.0
0.0
0.0
0.09797609587776335
0.09163893457985539
0.07488117562391883
0.11863109933174476
0.01582776095567684
0.4524423653245039
0.3121677402578986
0.4548805455997418
0.0
0.0
0.0
0.2021398472727941
0.07767622072166669
0.0804945651225748
0.0
0.0
0.0
0.8164690841484337
0.0
0.0
0.12525026390418614
0.0
0.0
0.0
0.0
0.7005230423943748
0.35543420481996457
0.0
0.0
0.0
0.11590011921610865
0.09531776759666033
0.0
0.08939607393649651
0.0
0.3212384663866297
0.0
0.15084747682023325
0.005461752354325
0.8233827600359787
0.7224713836954397
0.3089123780591079
0.0
0.003678954020790104
0.0
0.5516346357025527
0.0
0.0
0.11274468631162893
0.0
0.0
0.142925012691825
0.35343887775926097
0.5046612376712337
0.0
0.0
0.16303602472055745
0.0
0.0
0.07498244313539404
0.0
0.9676173454906212
0.0
0.0
0.0
0.014921322278634075
0.0
0.10676895310639978
0.019972112525850516
0.055798834410930365
0.0
0.13528828177699237
0.0
0.0
0.09520332182896163
0.5453508295038296
0.1692437024872171
0.20895953170358916
0.14853175649369388
0.0
0.0
0.3642094582605889
0.23791312220052374
0.07351996473517142
0.0
0.0
0.13371308918746083
0.0
0.0
0.0017198063133906372
0.10675290999201437
0.0
0.4952733747028918
0.020403118437427037
0.0
0.11853951399302787
0.0
0.024609522929633698
0.0
0.0
0.1883731476177627
0.11981938685987514
0.0
0.34038776016583705
0.0
0.0
0.07128865896762371
0.8901980107670103
0.0
0.0
0.9753255595031155
0.27148549118993204
0.0800694569368755
0.7353148562345442
0.0
0.27535665580440416
0.0
0.0
0.3042239490122812
0.16381949516200212
0.0
0.0
0.15260639423631295
0.0
0.0
0.4710012281926004
0.023278858838714056
0.0
0.12273676836373892
0.0
0.22778783696769345
0.0
0.0
0.08811551283398056
0.0
0.05060136250593639
0.0
0.0
0.0
0.0
0.38046121178752723
0.0
0.12062451900390803
0.0
0.0
0.22325589187994133
0.0
0.0
0.10329221674441058
0.5383379667056105
0.0
0.017500471444550803
0.0
0.0
0.0
0.10210529656269662
0.0
0.0
0.33577040158995564
0.0
0.005662267194530335
0.23213200730974903
0.09475620437318988
0.04860570728159641
0.0
0.0
0.0
0.0
0.0
0.15226568686302577
0.0
0.0
0.0
0.05940543185295588
0.01645428587766662
0.1365312173872586
0.0
0.16821675535196834
0.2756293331504758
0.01979497003497699
0.0
0.043964689761249454
0.0
0.0
0.0
0.0
0.0
0.0
0.0
0.0
0.0
0.0
0.0
0.0
0.0
0.3325161446354755
0.0
0.0
0.5878270462255968
0.0
0.1934884015643462
0.0
0.1061268084029452
0.0
0.0
0.0
0.0
0.5036482823747469
0.0
0.0
0.0
0.4557710147898604
0.07066785944756593
0.19462060080774124
0.0
0.11657901335387211
0.002041986211370972
0.3262875925417783
0.12667378411316932
0.0
0.0
0.694686014883859
0.0
0.689262497671771
0.1480434597547311
0.0
0.14473020381914592
0.09045902069991119
0.0
0.0
0.7734138525154045
0.0
0.19456825827939195
0.23023713996293604
0.0
0.11076125305573892
0.0
0.0
0.6833208332284433
0.0
0.04951172778487478
0.006112768628346754
0.0
0.0
0.0
0.12133345547716368
0.0
0.19739371161080066
0.0
0.25007950123061307
0.152529575226801
0.0
0.0
0.010812889884574628
0.0
0.5123743278123081
0.016202443559426905
0.0
0.04163431314750665
0.02713695464832888
0.022850862795547155
0.13980535987596754
0.1813541903096605
0.23682840952494777
0.0
0.0
0.0
0.0
0.0
0.0
0.0
0.0
0.020652030372626196
0.09283368704050587
0.23945143861987128
0.0
0.11124269020046518
0.0
0.0
0.0
0.0
0.13843909595354786
0.0
0.0
0.0
0.746877305593747
0.0
0.0
0.0
0.03684692854563232
0.0
0.13651234671158763
0.0
0.0
0.0
0.0
0.0
0.10820029310374646
0.2745368584064989
0.0
0.0
0.0
0.40436281476832614
0.0
0.0
0.0
0.0
0.0
0.0
0.029510444704182848
0.0
0.0
0.012764846172452993
0.0
0.0
0.0
0.0
0.0
0.0
0.11302518963356556
0.0
0.0
0.16299942565456094
0.0
0.0
0.0
0.1762202981068336
0.1853641989993542
0.0
0.04756399818546786
0.0
0.0
0.0
0.0
0.0
0.3728930207318083
0.0
0.06475854245300561
0.44559450880323537
0.0
0.0
0.9880422337356956
0.4338335012072889
0.0
0.0
0.0
0.20297999584331627
0.21505566016781186
0.0
0.13271440917244337
0.0
0.0
0.0
0.3717824774308425
0.0
0.0
0.0
0.14593398793418533
0.0
0.06231769674093934
0.0
0.0
0.0
0.1073813455326893
0.21381683980122468
0.0
0.0
0.0
0.0
0.0
0.0
0.0
0.5028430407904869
0.0
0.044967485521952955
0.0
0.0
0.2810081266026766
0.0
0.0
0.0
0.1175283463005462
0.48723064760664125
0.1643857941029696
0.0
0.06720672225070157
0.6718512529554715
0.0
0.0
0.0
0.0804662988335324
0.0
0.0
0.023438246254928408
0.0
0.3815722741934253
0.0
0.4902484128904929
0.0
0.0
0.0
0.018013158230292814
0.10841759222376357
0.0
0.2852117052745038
0.21886789274588603
0.15829821597631832
0.8210161772047713
0.10472117985871798
0.08882321305735408
0.0
0.028079934286682207
0.0
0.0
0.0
0.004408912660726294
0.0
0.0
0.020938865577955657
0.0
0.0
0.0
0.0
0.39827407289357997
0.5551286435721112
0.0
0.02286444914745822
0.0032886310691062626
0.0
0.0
0.0
0.09140032538574527
0.0
0.0
0.3789225455719498
0.0
0.0
0.0
0.0
0.0
0.27089861947370864
0.0
0.5573456381719379
0.022494487699219134
0.24695699606185184
0.0
0.18078290148995735
0.2270412752518658
0.1160616195281522
0.021353111646280953
0.0
0.02273658451105731
0.32464088594171314
0.0
0.18578153414920817
0.0
0.4486244700212827
0.0
0.0
0.6904679198688033
0.0
0.0116704801924159
0.26988325880284625
0.0
0.002988032163937393
0.10399568671064752
0.0
0.0
0.0
0.0029024036866017733
0.9706233880227564
0.11031591185264644
0.3641909997292414
0.22686030144033753
0.0
0.0
0.4370485946593966
0.0
0.0
0.6544343936550856
0.003786982194183719
0.0
0.0
0.0
0.0
0.0
0.0
0.0
0.0
0.0
0.6327411587763871
0.0
0.28395518995303326
0.0
0.2968700544921181
0.0
0.0
0.0
0.17637134218282768
0.0
0.5690107060636619
0.6529311036288528
0.7595948890208426
0.7558950226407162
0.0
0.0
0.0
0.08249670185069369
0.03348256422583662
0.10806896697438839
0.0
0.0
0.3871848616709531
0.20160730486356626
0.14045724222104816
0.010103372865130189
0.0
0.058675778804584744
0.0
0.21957846422898286
0.9965674075637756
0.0
0.04622099402935842
0.3375034733214175
0.2857017791222687
0.03150032476451459
0.017070436816380097
0.3456060675870676
0.527622888438389
0.06470487439928396
0.008691772177243484
0.017575515041720835
0.07149013645826474
0.0
0.2152019817972226
0.9678002760957802
0.18413715349239135
0.0
0.0
0.3959308610866298
0.0
0.4390724442960834
0.1672103464405822
0.0
0.0
0.6954741188658861
0.0
0.0
0.1406328265536303
0.0
0.0
0.05020899839530546
0.0
0.0
0.17709342444701892
0.0
0.0
0.0
0.0
0.0
0.010337423951458424
0.34793310997441274
0.0
0.0
0.0
0.16341286502770613
0.11205858214381759
0.28195749028302586
0.0021547975533435793
0.10204685349213427
0.17079256663177234
0.0
0.7487466491594701
0.0
0.3553507619223524
0.07406930002879752
0.11838105915805042
0.03461949977406942
0.8049112425655855
0.0
0.09389605019756297
0.0
0.0
0.0980780287850248
0.0
0.0
0.650209060809436
0.024522612179554648
0.0
0.0
0.16880492410535486
0.0
0.08869809182187527
0.035656797888877656
0.0
0.42057855476758577
0.0
0.22091587606913077
0.0
0.0
0.0
0.15968424701164752
0.0
0.060478722880525804
0.08486776447304867
0.0
0.6213114205402964
0.15676206602806164
0.0
0.0
0.0
0.0
0.972165683784511
0.43884961307369175
0.29246152318683594
0.0
0.0
0.0
0.0
0.0
0.0
0.032893822600496336
0.464780297738169
0.054035856970477414
0.0
0.0
0.8515981279261206
0.3772567463963683
0.0
0.7969155853018602
0.0
0.16443665333832447
0.16359577508137824
0.0
0.0
0.017071871936938043
0.0
0.9999935914819924
0.0
1.0
0.0
0.8162410719691339
0.0
0.5457283793435721
0.0
0.19434898604387207
0.0
0.522058945729249
0.24201545547742598
0.0
0.0
0.34882951369811976
0.0
0.0
0.0
0.0
0.19551664235355748
0.0
0.0
0.0
0.8293197402661211
0.0
0.0
0.0
0.06300627783433532
0.0
0.0334337855766772
0.0
0.22652606910658912
0.05314276357858039
2.0566766741170195E-4
0.0
0.0
0.0
0.05182374043537241
0.0
0.0
0.9584776686494428
0.004197124464494606
0.428424290824027
0.0
0.2634280647614222
0.0
0.10721546282708971
0.1392439728888566
0.0
0.23118444030203045
0.13167518361416986
0.0692072630956938
0.0
0.2924685182649005
0.0
0.0
0.0
0.030262926140996016
0.0
0.0
0.0
0.0
0.0
0.22044130928596228
0.0
0.0
0.0
0.0
0.0
0.0
0.0
0.1297241970859716
0.2331259869612865
0.0
0.0
0.0
0.0
0.5795370177832522
0.0
0.012972350332995819
0.0
0.0
0.0
0.007625438935054074
0.0
0.1943440323989093
0.8041318717535064
0.6980499610140825
0.0
0.0
0.0
0.0
0.0
0.03777254839383559
0.11222149966547956
0.0
0.0
0.0
0.0
0.0
0.27992334899542926
0.0
0.0
0.0
0.0
0.0
0.0
0.0
0.4359055313313883
0.0
0.0
0.0
0.0
0.0
0.0
0.0
0.022929857042236157
0.15893489499874225
0.622035908428952
0.14711460783762786
0.0
0.020483100241308838
0.0
0.0
0.0
0.0
0.0
0.0
0.0
0.0
0.06542850383220922
0.0
0.0
0.2828345365767517
0.05051570569825714
0.6156362380149727
0.12136619367112222
0.5886951443108064
0.0
0.0
0.027647853015872803
0.0
0.0
0.0
0.0
0.08269816252896833
0.0
0.0
0.0
0.07186177025593865
0.0
0.0
0.0
0.010739694667578736
0.0
0.0
0.4181411702813441
0.0
0.0
0.0
0.15754084572895566
0.12405110561192534
0.0
0.0
0.0
0.0
0.0
0.0
0.0
0.41392047301508805
0.0
0.044297561696778565
0.0
0.9297586951825969
0.0
0.0
0.0
0.0
0.0
0.71036595474477
0.0
0.3180513693000546
0.0
0.0
0.0023848749991756124
0.17847063350398173
0.0
0.0
0.0
0.0
0.0
0.0
0.0
0.10037731945539896
0.0
0.2523510059096039
0.20243072190062195
0.8289670381841514
0.3938353672943383
0.0
0.18318178974686938
0.3227288915871651
0.6303218327820964
0.0
0.2540549276907049
0.1780994712046685
0.4027405105119276
0.6962107731478495
0.438868224013673
0.0
0.0
0.4109934321960287
0.14115855267564903
0.0
0.0
0.0
0.0
0.0
0.6969846025026498
0.10649309369493609
0.48418538066209327
0.1430119243727448
0.0
0.4519729952371292
0.23275861744793847
0.38314528377750445
0.0
0.09372782167400162
0.8291866034366254
0.0
0.2032903761036675
0.0
0.06727760330473287
0.31781248361895076
0.3249554546757616
0.0
0.0
0.6673490238902817
0.0
0.0
0.0
0.002216210699428789
0.10020239515156171
0.23057266402027154
0.05194005401743629
0.04535210432242576
0.0
0.0043994534471309965
0.0
0.0
0.10360505148185983
0.0
0.12695390659638883
0.0
0.15073886091924338
0.0
0.12824750909486515
0.6011903364945714
0.45889415694861935
0.5104011490073167
0.4192169743491495
0.5540942737821322
0.1556884380317738
0.0
0.0
0.0
0.06271799310740445
0.10818349999730814
0.0
0.20874649074091378
0.0885141826788749
0.14262729345378222
0.25018263035204535
0.0
0.23572792388829378
0.0
0.07062762512746812
0.2695793830338463
0.07915673316557759
0.0
0.08006509733408951
0.0
0.292040551014348
0.0
0.04632942733344325
0.0
0.14629556428581747
0.5322309378888179
0.0
0.0
0.20415932839082562
0.546513199473671
0.9587278348613834
0.030323237431650663
0.05132854981613
0.4275903495210249
0.03474587029323162
0.0
0.0305129166657776
0.8214735995621489
0.2863859167703433
0.15220184166152273
0.8026319244844242
0.37967320487078826
0.24031397470592175
0.0
0.0
0.3715374904616596
0.23464601639453253
0.0
0.0
0.1018305603853763
0.2288877947331046
0.3633851212811743
0.06663136011800697
0.6364734641417222
0.09326633627387104
0.15772249318592135
0.04712269449612638
0.0
0.5032775737690489
0.0
0.11102658592980774
0.34335319848173396
0.10066286274383307
0.09773920471535724
0.0
0.15342516072906998
0.0
0.09096103978730752
0.3792413320787784
0.0
0.5643651248452458
0.3249346782520477
0.11482285173827589
0.15550237768025088
0.0
0.0
0.8279533734550032
0.635787676889441
0.5595724615248862
0.0
0.6559273754636914
0.12605951854766706
0.0598363258541712
0.6413245713107796
0.27388025503722124
0.0
0.034709964844629515
0.651536196748995
0.1236727442777964
0.6243425496748265
0.0
0.5266066508059588
0.04566774259940143
0.0
0.19979989533967313
0.008471703932867225
0.6651138193366977
0.3045040495946185
0.0
0.0
0.037512871970067585
0.0
0.09702145809759233
0.0
0.20782447332167742
0.0
8.639390006714986E-4
0.0
0.1791347187938801
0.07567136264250252
0.1425670275842036
0.0
0.009141685500721697
0.2544104372447593
0.0
0.21781777052993556
0.8499479952978322
0.4384626560160416
0.0
0.05202666432813252
0.0
0.0
0.0
0.8275277151296707
0.38919121955431213
0.0015786899851241154
0.0
0.11708388050853136
0.07783490319483433
0.28065378104895067
0.0
0.025791403234078802
0.2357880909688388
0.0
0.4202455773873549
0.3447674198997046
0.2890320797103956
0.0
0.058734401015989035
0.1228057317506106
0.0
0.0
0.0020702881793817074
0.10531857511156684
0.002404458636767859
0.16743450451173703
0.0
0.21869102551368358
0.0
0.0
0.0
0.0
0.38132961648030617
0.0
0.26567501086942247
0.0
0.024764332243963905
0.1569540092845505
0.04589650381956156
0.0
0.0
0.11176754362323793
0.046354139687916796
0.0
0.008660851611593579
0.0
0.0
0.0
0.0
0.0
0.0
0.0
0.0
0.0
0.02972197629565354
0.0
0.27630421404537253
0.0
0.0713025290808692
0.0
0.0
0.0
0.17207400473656453
0.4862017835178699
0.0
0.0
0.0
0.15216659239506314
0.26324576859349236
0.12923509921374832
0.0
0.3477326121417138
0.0
0.04586713797478359
0.10842657495337538
0.0
0.11829471755179644
0.35948381569917276
0.13502776513914272
0.3004170874869838
0.03394985590339494
0.41171478859127586
0.29268440388968564
0.13259720435650824
0.4632972030062288
0.3655537106988418
0.0
0.0
0.36251032613364986
0.05530910413113288
0.025439216177378432
0.5599223637749146
0.0
0.18667497201061267
0.20245458044833908
0.2177616992607836
0.45079061741888293
0.2481838473584621
0.0
0.0
0.3564720193998163
0.0
0.0
0.22651723744428487
0.0
0.0
0.306683846889259
0.34333985203451167
0.0463455751637184
0.0
0.0
0.0
0.2261047631242351
0.3307155655388032
0.07042450007133993
0.0
0.0
0.11523117471809308
0.0
0.0
0.11489440451416089
0.0
0.0
0.07450160008713724
0.0
0.04533788111210957
0.3442601950847075
0.0
0.5165122665822639
0.0877005202612069
0.0
0.0
0.350508539834149
0.03631297141708334
0.0195148717286171
0.0
0.0
0.07229528056539491
0.0
0.0
0.2725049190152018
0.0
0.7608820363138044
0.0
0.025587410420471635
0.07942917230326396
0.0
0.007196330637758264
0.0
0.0
0.0
0.0
0.07588920792998588
0.0
0.10373163284854525
0.0
0.35943688574830435
0.0
0.0
0.0
0.0
0.0
0.03085102034767706
0.1402942020805822
0.6287083154295767
0.0
0.0
0.0
0.1694712302659087
0.0
0.06107748787361844
0.1312805280414696
0.0
0.0
0.0
0.0
0.0
0.0
0.0
0.0
0.19719428063781563
0.0
0.21131371093227025
0.0
0.30660757461122645
0.0
0.0
0.0013755839896206767
0.0
0.0
0.0
0.0
0.20908439157812964
0.0
0.0
0.16150772805418168
0.0
0.11720288760621045
0.0
0.0
0.0
0.0
0.0
0.0
0.0
0.0
0.0
0.0
0.0
0.0
0.1314111817194572
0.014304536069635332
0.0
0.0
0.19494373356066097
0.0
0.0
0.35065776841959395
0.0
0.39496362330279267
0.0
0.09487298454071946
0.0
0.0
0.0
0.0
0.29057939837285285
0.0
0.20666958696686377
0.15858800442919563
0.0
0.0
0.9196306242145845
0.04192455126463468
0.0
0.060390094128673466
0.0
0.03445790371188284
0.0
0.0
0.0
0.12047520520295296
0.0
0.0
0.0
0.0
0.0
0.0
0.0
0.12011997184901202
0.0
0.42985657641732233
0.0
0.5351456999883468
0.0
0.9972012915120999
0.011520236802358474
0.003385400773293412
1.0
0.0
0.0
0.23970133405115135
0.0
0.0
0.02854915257176538
0.0
0.232116349931332
0.0
0.0
0.0
0.0
0.0
0.0
0.0
0.0
0.0
0.0
0.0
0.1225843957302366
0.3653724071803681
0.44264345252354576
0.18171918123182684
0.0
0.0
0.0
0.0
0.06815143107267274
0.0
0.06692868455349932
0.6530441311323583
0.0
0.0
0.5880536506006375
0.0
0.0
0.2949790855291513
0.0
0.14534801831453736
0.0
0.17596663768635
0.0
0.0
0.0
0.21273470070472367
0.0
0.0
0.10246948528046862
0.5948451961240206
0.0
0.0
0.0
0.0
0.5010574206276646
0.0
0.0
0.14856525016180333
0.10606418873006773
0.31153482541647526
0.0
0.10922566346948215
0.0
0.0
0.0
0.0
0.024731742148339286
0.1565920531646503
0.2929628646858262
0.11991572001815687
0.0
0.4409350547171459
0.07325815824335224
0.0
0.0
0.0
0.5027006826664105
0.11626950121711244
0.40383260950853206
0.0
0.0
0.0
0.0
0.0
0.0
0.0456412029030302
0.5256289187233233
0.7260265789766854
0.0
0.29029057636018296
0.6332730886035732
0.0
0.0
0.054875510931965965
0.0
0.4582580195935083
0.418768231631123
0.0
0.1674706597492842
0.29814088384695303
0.0
0.033733094407342956
0.1530177753937425
0.14325975445894756
0.018408097294628778
0.0
0.13555732427197897
0.02205417754060357
0.19139559681405305
0.0
0.6440082496707003
0.0
0.0
0.0
0.5495184596569964
0.0
0.7336241307022995
0.5061628586168498
0.06647280933665534
0.058427824125488526
0.0
0.683197641074965
0.0
0.0
0.0
0.0
0.18454227359428577
0.0
0.01106768994355467
0.0
0.008994319725582178
0.0
0.14635536598119048
0.6636492964787929
0.12124596523127229
0.4398670082817395
0.22987901850026493
0.3491570664561572
0.22700668137256874
0.0
0.805923383709267
0.0
0.7470821372143372
0.0
0.5475692647896899
0.47707697456405085
0.0
0.044953747515259934
0.7457077098255291
0.4220021820317943
0.08801023718436896
0.7574863261622903
0.0
0.07106268523516601
0.07247959207358579
0.6659214147992804
0.1129169333272062
0.0
0.5355213092645005
0.15284496121765145
0.23918796016463317
0.11649735407210915
0.0
0.31771731941054293
0.19569561416071113
0.0
0.21021279148049932
0.0
0.0
0.0
0.3386660485919737
0.0
0.0
0.0
0.0
0.27662582040636097
0.0
0.0
0.8842348582977744
0.06907340543223495
0.029313826830741574
0.0
0.0
0.0
0.03279119897325056
0.0
0.41674306673788997
0.014761874938390429
0.0
0.0
0.5992272361217001
0.1394946332436977
0.0
0.0
0.22915400482261616
0.38851857471207496
0.20106394422137575
0.0
0.0
0.4014247183151376
0.19581392568245037
0.0
0.032454613046967395
0.0
0.37251900954012873
0.13813703136796196
0.4478702425442366
0.5052191650605882
0.6009903966097847
0.12632759516310288
0.265185172795402
0.0
0.0
0.0
0.0
0.0
0.0
0.0
0.01592231157359225
0.0
0.028552553076924614
0.0
0.0
0.0
0.0
0.0
0.0
0.0
0.0
6.848343649393795E-4
0.0
0.3859261991775341
0.0
0.1325981497036669
0.23472620387262144
0.06553926194852444
9.199253561071874E-4
0.049245917763093616
0.05950001191283927
0.056765481576696586
0.4928023276369422
0.5668891594654379
0.0
0.22783218049154252
0.0
0.0022066259995130455
0.0
0.7981782986157242
0.5113087251369829
0.0
0.23454355089914802
0.0
0.0
0.0
0.26641062340042054
0.0
0.18852481789078113
0.0
0.0
0.0
0.0
0.6040537810995914
0.0
0.23043157919424762
0.014006995830645796
0.0
0.15213672852470217
0.011907222348159663
0.8498262568383076
0.33955531800962835
0.5708096555858164
0.0
0.06837667080206278
0.0
0.6637911796983437
0.0
0.0
0.9487527838641288
0.0
0.20828991381871176
0.13316661380759298
0.0
0.0
0.19810355242387123
0.0
0.0
0.4272146476311267
0.1314185800538158
0.052223297185606476
0.0
0.0
0.0
0.0
0.6589467945691808
0.0
0.0
0.028102174611436492
0.6593064155394233
0.0
0.08384740452401163
0.0
0.0
0.009055259022268558
0.0
0.5773919813647633
0.0
0.01815616080866056
0.0
0.5873033475264404
0.0
0.6239946712207811
0.0
0.0
0.3986942809989251
0.0
0.0
0.0
0.0
0.11450803269518983
0.19402338581598744
0.0
0.0
0.0
0.0
0.0
0.5642518680929521
0.8711053479634668
0.0
0.8388605403900731
0.6179113117785047
0.0
0.0
0.838089693842953
0.08476367960073072
0.20137067863292812
0.6874111504134073
0.0
0.0
0.1895359434078604
0.0
0.17372346841645137
0.03122479334250783
0.31566778029911813
0.01664383034835304
0.0
0.0
0.9057426090325523
0.0
0.0
0.0
0.31981770694308853
0.4434001161352287
0.0917460965611906
0.32683920436346536
0.7033838080319011
0.011315919333987012
0.0
0.2840004165640031
0.17670563606751588
0.22075513226472432
0.0
0.0
0.1506663572816529
0.0
0.0
0.0
0.0
0.2700260642618304
0.0
0.0
0.14163840474707012
0.0
0.0
0.0
0.0
0.0
0.0
0.0
0.0
0.014793015630890971
0.0
0.20640972960918647
0.08693494046677563
0.0
0.056484417311248314
0.0
0.0
0.0
0.0
0.5661280218363371
0.0
0.2056968407220684
0.0
0.234792483045829
0.0
0.025647255094422228
0.0
0.32406961572617576
0.0
0.08829448487571545
0.0
0.4431979458447307
0.0
0.0
0.0
0.0
0.0
0.38001364761468803
0.0
0.0
0.7271554453159863
0.0
0.3370376770686241
0.0
0.0
0.0
0.0
0.0
0.0
0.0
0.0
0.08347316510293457
0.0
0.0
0.6417199506228903
0.06307086890513158
0.03556178437218671
0.0
0.0
0.16389220429296192
0.0
0.033491002370294565
0.10006897703099249
0.07184016274233351
0.0
0.0
0.18957281693943695
0.42968524691434706
0.0
0.0
0.09674617729961055
0.0
0.0
0.0
0.0
0.0
0.0
0.0
0.6202750606545286
0.0
0.16332463785517248
0.17315977862268483
0.38736040644453484
0.14640641309440316
0.14442443122921733
0.1243580601849239
0.035186578040805605
0.19251847635341468
0.0
0.0
0.0
0.03675563620349509
0.0
0.03848747952484999
0.15596807302517168
0.0
0.0
0.414298918799778
0.12199331659724677
0.611780623294344
0.33444873773388695
0.23998020884159477
0.08795509902228504
0.0
0.33231354205638786
0.04803137730532436
0.21796827363651528
0.3199289676403436
0.34363781749018707
0.29106529920935287
0.4723365771769379
0.0017249635615006476
0.34371273013114956
0.17443489417680436
0.05618050839336175
0.0
0.9217183423565664
0.021633326482111026
0.0
0.0
0.1408873606937162
0.7185053518174482
0.2945358293321967
0.7557123564134268
0.0
0.26695764449589454
0.11430201688979602
0.7442220388481042
0.044959525019031554
0.0
0.0
0.6185095347382312
0.37212041686137254
0.1889264877380985
0.2094665390059851
0.02260882136053055
0.31840025326362875
0.41357449278997915
0.16481210017937786
0.426504381424315
0.0
0.7018112768641143
0.44970976221524483
0.18415127362125938
0.05607329884113332
0.0
0.6200837167962988
0.016996770743493705
0.0
0.0
0.08534239305996205
0.12527925591120204
0.1228655755864776
0.29495578367903996
0.021221923642415375
0.0
0.0
0.0
0.26992191678825794
0.0
0.0
0.0
0.0
0.04852542629732792
0.08668852540943262
0.0
0.0
0.378216673651643
0.12040830559552307
0.015403904315242634
0.0
0.06526507086049038
0.5881904766164628
0.16203042179493066
0.2730345342451074
0.6102340158800612
0.0
0.0
0.0
0.0
0.0
0.0
0.0
0.0
0.3326747375900102
0.0
0.0
0.36609955764595503
0.0
0.0
0.0830919471113517
0.0
0.0
0.0
0.0
0.0
0.0
0.0
0.0
0.0
0.08561877092218462
0.0
0.0
0.0
0.0
0.3886492791731142
0.0
0.0
0.0
0.0
0.0
0.0
0.0
0.0
0.0
0.294525385158351
0.0
0.25923256139124773
0.0
0.36238076416657017
0.17461950442040508
0.649218238633611
0.0
0.0
0.0
0.0
0.0
0.0
0.010529415653393492
0.0
0.0
0.0
0.8152330443003437
0.0
0.0
2.3390622925512083E-4
0.0
0.0
0.0
0.14412070227820628
0.02006032735544483
0.0
0.0
0.0
0.0
0.0
0.0
0.613851485492146
0.0
0.0
0.0
0.05476557201205112
0.38466782175016423
0.0
0.0
0.0
0.0
0.0
0.0
0.1271828135503844
0.0
0.0
0.0
0.049475092466355064
0.0
0.3895780947666212
0.0
0.3588819238221983
0.0
0.0
0.0
0.0
0.0
0.0
0.0
0.042908000424149995
0.16091328874274768
0.05202559021063935
0.0
0.0
0.0
0.0
0.2829367081754375
0.6476416207021649
0.5611944754393898
0.4058153485493905
0.20527508051566312
0.0
0.5120988631282961
0.008175507586586361
0.2528644952397858
0.0
0.3554925029427334
0.0
0.24288240314173692
0.8547725280409647
0.19499416433124228
0.0
0.302839783987103
0.2861364881073799
0.2583785324165089
0.20206686632742232
0.37997611392879005
0.40386912606652714
0.053770140443339054
0.0
0.4960400344808745
0.0
0.0
0.0
0.5356697064062705
0.0
0.0
0.03135381872942122
0.056787203588490764
0.0
0.0
0.09494939943977487
0.4813583308129614
0.0
0.19409745106631182
0.0
0.0012014692271401506
0.0
0.0
0.0
0.0
0.0
0.0
0.0
0.0
0.4597741581346043
0.21117294039810142
0.6983149678469722
0.5061959412455503
0.9856506074700201
0.49409720425512704
0.8512273942614599
0.12512997666963477
0.9990196533334434
0.4370408460870824
0.0
0.002540268617908459
0.4592475107417976
0.0
0.40830872353853986
0.0
0.0
0.0
0.0
0.0
0.0
0.0
0.06933145192288959
0.16559663048064477
0.0
0.0
0.0
0.0
0.0
0.4195510830424294
0.0
0.0
0.019902609842293528
0.0
0.1469338259850166
0.22556002577959244
0.3012275972602527
0.6565243103042946
0.22606928384248837
0.03310207126153086
0.2210119230623746
0.0
0.2698041806945024
0.6174012935394906
0.3609293591538474
0.3553709969675469
0.12669874316637642
0.7881540984171466
0.0
0.0
0.0
0.11561428470298019
0.3670130580149742
0.0
0.0
0.07278425859262505
0.0
0.0
0.0
0.5436536784394902
0.0
0.0
0.0
0.0
0.0
0.32829453691884347
0.24191033611728274
0.0
0.04637059373389163
0.0
0.0
0.057841188628524276
0.0
0.0
0.08452130423285731
0.0
0.0
0.0
0.30101135465842344
0.1672515605798217
0.05898981523387936
0.0
0.0
0.0
0.0
0.0
0.0
0.0
0.0
0.0
0.0
0.0
0.0
0.0
0.0
0.0
0.0
0.0
0.30375689636297476
0.30408186356141054
0.0
0.0
0.0
0.0
0.0
0.0
0.0
0.31247338363607446
0.0
0.3363923617815041
0.0
0.0
0.04034462109811088
0.0
0.0
0.0
0.0
0.10210072590603969
0.0
0.0
0.0
0.0
0.0
0.34222783951399505
0.0
0.0
0.1816396332632858
0.0
0.003565647286452922
0.0013207169469263702
0.0
0.0
0.0030804363636355303
0.0
0.7612359476226122
0.3724878943234432
0.0
0.09171570561156894
0.1136465626789559
0.11148001859081702
0.0
0.0
0.0
0.0
0.0
0.0
0.08967888889354259
0.3779804457863709
0.0
0.6905848194976646
0.4576619227940234
0.7041497925176051
0.46922583735381584
0.7256003407146893
0.9768514074029981
0.2730098219772592
0.982787543246504
0.0
0.0
0.05520401638040717
0.0
0.07060076318260877
0.10629708003648008
0.3918143586050269
0.8963261240789524
0.0
0.28953282581135986
0.9349397462323359
0.0
0.0
0.0
0.0
0.0
0.0
0.0
0.0
0.0
0.0
0.0
0.0
0.0
0.0
0.0
0.027730859572821398
0.034099763061151145
0.0
0.30898301449773236
0.0
0.0
0.0
0.0
0.254840911368565
0.0
0.4056830553104551
0.0
0.9960697947860389
0.5040208013153287
0.7466651400401022
0.8673377393700492
0.9981787144594787
0.9999957485584261
0.9999999999448622
0.7179586844872654
0.999997864960485
0.02725376860355455
0.28821318719703903
0.0
0.0
0.0
0.12459476378850531
0.6850145772844186
0.0
0.0
0.0
0.0
0.9999999999999999
0.9999999999999529
0.41369083997919076
0.08113589981794367
0.0
0.0
0.0
0.0
0.0
0.16175457170473717
0.0
0.0
0.16872468282820208
0.30991773416993884
0.04079358355773399
0.34857328736027626
0.0
0.0
0.0
0.20402807130885225
0.0
0.0
0.0
0.8857860461859538
0.2041003625614456
0.2523068244184621
0.0033128446449623983
0.0
0.0
0.0
0.0
0.0
0.03801656257570085
0.0
0.027374981136156773
0.04895501859176943
0.0
0.0
0.051409694918264304
0.0
0.0
0.0
0.0
0.0
0.0
0.06094230302975456
0.0
0.0
0.0
0.6508857104832837
0.0
0.007050582048977461
0.0
0.45579856252986106
0.0
0.347605437862772
0.0
0.16285553210163117
0.015938505872951314
0.0
0.0
0.021470205204771498
0.0
0.0
8.824258726888301E-4
0.18861766740365893
0.0
0.0
0.0
0.04359651464592651
0.0
0.02851335017162049
0.0
0.0
0.0
0.0
0.0
0.9981456328461918
0.48169825524158383
0.6009233623830044
0.46176130673833193
0.6873329730323203
0.9101388178742007
0.9529524992031453
0.9934281182286742
0.9999999999999991
0.8572089964058065
0.09606731785632716
0.5556382499643293
0.5671319337009715
0.8661439033127343
0.9904287544128617
0.999997547020971
0.7287678282690229
0.9988254655033663
0.0
0.0
0.5567768869023422
0.042524482329095115
0.9877679826822396
0.8740020756228593
0.0
0.9873442651392529
0.9986923245707463
0.8715812020776645
0.8484295394449469
0.22433664871659786
0.9675923976028288
0.7491004259386476
0.08436678202703052
0.07070830173900433
0.0
0.5144817270833387
0.15537512086437388
0.0
0.9624530104054373
0.0
0.14652135409592104
0.4251322015324691
0.49255842523996696
0.0
0.0
0.0
0.08879277420329468
0.0
0.0
0.0
0.0
0.0
0.0
0.04919887031555048
0.20852316593771447
0.08867801539715736
0.05035501175713375
0.0
0.0
0.204424347719245
0.0
0.44294240302211474
0.0
0.0
0.08024838198486384
0.0
0.0
0.0
0.0
0.0
0.0
0.38408457554830155
0.15596472740963474
0.05958222852979589
0.28389294938121423
0.29448520386573274
0.7582118116563401
0.21346073870071192
0.41368089196130864
0.1115286038221035
0.7559432970624684
0.5274545384493579
0.8391690199012968
0.8627421635856902
0.9933218232922832
0.8923048569227742
0.4040812221622547
0.9733281633240577
0.9104099364409742
0.9728058389109054
0.020440160475022506
0.9999900991630493
0.9602337598067953
0.9309158384885915
0.19125255652721673
0.9948604161508423
0.9603259863320207
0.9832787686587088
0.9999547674615868
0.9616164651518531
0.9995142779503793
0.999999999990644
0.9920482711973663
0.9998709443526355
0.44623164393533743
0.0
0.9999935681982399
0.9995699766565496
0.8939108633709815
0.05874525178736656
0.08218010897490502
0.0
0.9997864071336078
0.9902116842096452
0.9999999986924596
0.5933424718882385
0.9999999194576923
0.9999999999898472
0.1604366937936097
0.7932197826206664
0.9999999999998396
0.9999423321186249
0.18938642202522615
0.0
0.9999999999999999
0.9926131627746305
0.9999999999998976
0.9999999999998954
0.0826003267017783
0.9999999891927686
0.999999991681785
0.8960917749432413
0.014583571825778963
0.0
0.06178128232618907
0.9998201526219521
0.9886960645735945
0.0
0.8341462024266876
0.2648604065440301
0.2950193088428481
0.1764865687696462
0.7234932742822793
0.0
0.14695200800309138
0.570546480074376
0.0
0.08212959247547968
0.07549940035310787
0.0
0.11797454119390882
0.0
0.0
0.7620831522541547
0.5943868332699611
0.48093543724350607
0.4810687062583663
0.1600597317712522
0.18254043007338305
0.6744756403942829
0.9986869426655388
0.38104296664434023
0.8700401383594673
0.3861109248929806
0.9999999987625909
0.9999950337709744
0.7566725901097084
0.07297487027601612
0.2726742386364047
0.3570711297789795
0.0
0.6422783880031329
0.3299815760630346
0.20657049548157447
0.611984037330585
0.0
0.0
0.0700061019246947
0.0
0.13247633741252218
0.17864688824763808
0.0
0.03192587698346416
0.5042712576189605
0.4354837262497053
0.9829744679294814
0.945556900056323
0.9875616292303369
0.9975730828116293
0.6007084555628723
0.9999562253979268
0.6665594746580215
0.9991645307594382
0.9840625165318027
0.8348629118786921
0.9999431635112631
0.8533977471320868
0.9725226812249009
0.8973319957065835
0.9010321604556356
0.8089050072869878
0.26902626198237134
0.2750487291112791
0.8757148019358489
0.0085379036886295
0.6680139579555703
0.8850205697476847
0.9854734996054921
0.9792861482537519
0.2704106987338999
0.9999903058391455
0.9996391737846176
0.9844018761401422
0.397064287354285
0.8335501322753555
0.0
0.9976734418141504
0.9999631653755988
0.9970203231759995
0.999989073677705
0.0
0.0
0.4926831540273263
0.0
0.9999999987191182
0.4181447205357256
0.9966482351223259
0.0
0.8452746409812153
0.9999999999974154
0.9999999999998019
0.9999999999985433
0.9999999999999999
1.0
0.9999996576880305
0.0
0.0
0.19151822450827993
0.0
0.020010984716535174
0.2526360056300623
0.0
0.15146158757057437
0.0
0.01310865795332905
0.0
0.3457579452489783
0.2065818610334016
0.002770909377817765
0.13532656162230272
0.0
0.0
0.20334675224903154
0.30439531166694533
0.0
0.0
0.2874984216493319
0.0
0.0
0.14697075871805942
0.20697546095628727
0.0
0.44587785010259595
0.0
0.04499143866706534
0.0
0.028673381308683688
0.0
0.0
0.36197191593930333
0.0
0.1305795342244389
0.027443032051246985
0.0
0.0
0.014801203334208535
0.09070451502538623
0.2967165926513001
0.0
0.0
0.0
0.0
0.0
0.9397425466985475
0.0
0.3946386172521017
0.22353862594469098
0.27071164294692684
0.0
0.0
0.0
0.0
0.0
0.4476851327248834
0.15045300433374875
0.0
0.12024219855279594
0.18685819191859843
0.0
0.10228728731230641
0.0
0.08652851647942783
0.586194554656758
0.41554592916345756
0.0273610486094078
0.4336611149331411
0.6288824675790088
0.0
0.6616941927345903
0.0
0.0
0.0
0.13196065246830557
0.0
0.07821512539791187
0.1851384262990533
0.0
0.0
0.37823828286186045
0.7224653160282539
0.08853172603229131
0.0
0.0
0.0
0.0
0.0
0.0
0.0
0.019296846607119056
0.0
0.0
0.0
0.0
0.0
0.19130191030696508
0.11462711547675575
0.0
0.0
0.3039401796218577
0.0
0.5096954632610774
0.022265833457764783
0.0
0.3682827852029804
0.0
0.6989089006095847
0.0
0.0
0.0
0.0
0.6837589164065483
0.0910998677458521
0.0
0.2978660053152644
0.3059497328345844
0.8728437434503572
0.8346965167311715
0.7873263453869693
0.0
0.207057182498959
0.0
0.5391090568912699
0.0
0.16129538126390996
0.37486653990685936
0.0
0.0
0.06725569142135102
0.0
0.34926336606115815
0.6598636988148208
0.99635713080949
0.9707728561789333
0.5821858806442279
0.9976889115998524
0.0
0.07428493876589803
0.0
0.9550072099756794
0.0
0.9933413383135609
0.5450394712924771
0.0
0.0
0.0
0.0
0.0
0.0
0.0
0.10324473404717438
0.0
0.0
0.0
0.11381602414297343
0.13715219480384788
0.0
0.0
0.0
0.044184377323834734
0.0
0.0
0.0
0.0
0.0
0.07437139489951017
0.0
0.0
0.19164539129704905
0.5761674480966519
0.0
0.019407734312415936
0.26178233670316153
0.23245973288959898
0.0
0.0
0.0415751242038761
0.0
0.6307509299053593
0.0
0.0
0.0
0.4933522259299362
0.0
0.0
0.05833854042983122
0.0
0.0
0.007284266744829404
0.08168185512113857
0.05931593754323816
0.0
0.0
0.0
0.009114890783336826
0.0
0.0
0.0
0.0
0.0
0.27143636423069384
0.0
0.0
0.25615699113307744
0.0
0.0
0.45059551671655196
0.0
0.0
0.601002640047978
0.057121041473554124
0.4392250667094112
0.0
0.0
0.04114698841848774
0.0
0.5695859492045909
0.019693095296218877
0.07184016274233351
0.0056716860460387375
0.0
0.0
0.13310565413947206
0.0
0.31946114538239145
0.0
0.03000706928261465
0.0
0.0444994553827035
0.0
0.0
0.06096368672292485
0.0
0.0
0.08191299224576065
0.0
0.0
0.024946303670280945
0.0
0.0
0.0
0.0
0.0
0.2761028721666454
0.0
0.26412774442239384
0.0
0.0
0.0
0.0
0.05749413792028912
0.15924133175831123
0.0
0.0
0.0
0.0
0.0
0.0
0.0
0.0
0.0
0.0
0.0
0.3302279712754489
0.0
0.07113729994190454
0.0
0.0
0.0
0.0
0.6230371815786364
0.04736806973792451
0.20081476141253207
0.0
0.0
0.0
0.0
0.0
0.10593085621196396
0.0639628151087629
0.0
0.0
0.0
0.18093005097683357
0.0
0.0092996496602884
0.10303389543276997
0.1700265388283968
0.0
0.0
0.0
0.0
0.0
0.09178138512829637
0.0
0.015583831757845834
0.44411992457522065
0.02618455721878421
0.0
0.04234157364294244
0.07239546299121347
0.0
0.0
0.0
0.0
0.0
0.08178855934293872
0.3811120170142823
0.0
0.0
0.0
0.07492805491208854
0.32748306125381066
0.1510313487438687
0.0
0.08755911282062878
0.0893730356094462
0.0
0.0
0.055424733656548764
0.0
0.0
0.0
0.15371999621955978
0.38384860993550896
0.04790265927174575
0.28736030148781744
0.1670785346252477
0.030564098203711088
0.0
0.0
0.23361736319652304
0.0
0.06900690089134454
0.0
0.0
0.0
0.0
0.0
0.0
0.06898499454546103
0.0
0.0
0.0
0.0
0.0
0.0
0.0
0.0
0.0
0.0
0.09459893760471294
0.0
0.9070566857243548
0.0
0.0
0.0
0.2466935033442036
0.018099434620237664
0.2980088341557451
0.005496205122979103
0.0847037248079332
0.0
0.0
0.0
0.0
0.0
0.0
0.0
0.10719349686617174
0.0
0.2713587089718179
0.14343029197840462
0.0
0.011170488769841391
0.6514452463290568
0.515354007552143
0.0
0.036201520425507616
0.32290020933530006
0.0
0.10445234142367532
0.0
0.0
0.0
0.02396303625808527
0.0
0.0
0.0
0.09758382178914204
0.0
0.2998681775891794
0.0
0.0
0.1910761072613658
0.1439409581037323
0.0
0.18030000863316875
0.37771593939528225
0.0
0.0
0.11815799396654147
0.8442006149305947
0.0
0.12757524295750855
0.0
0.0
0.0
0.0
0.0
0.06043560662401937
0.0
0.0
0.0
0.04232714194777376
0.0
0.0
0.0
0.0
0.3712598990956433
0.0
0.0
0.0
0.22262203322004515
0.0
0.17303464599207685
0.0
0.5787151326329445
0.09156309376548388
0.0
0.0
0.0
0.0
0.35057966147546116
0.0
0.0
0.0
0.7508336342267207
0.06623305924292366
0.0
0.02207651573943159
0.0
0.3292663928126933
0.08956867640965938
0.08754653082209507
0.044213235159826
0.019762932895111662
0.0
0.0
0.0
0.0
0.0
0.0
5.938118476878085E-4
0.0
0.0
0.23074776773203898
0.0
0.0
0.0
0.0
0.0
0.0
0.053235568720477966
0.0
0.0
0.06913241919820023
0.0
0.0
0.02014535178278709
0.0
0.0
0.0
0.02118583532551943
0.49699602441032864
0.7398667150475826
0.0
0.0
0.0
0.017577925223938196
0.0
0.0
0.0
0.2624789304863502
0.0
0.0
0.0
0.0
0.0
0.12285104350685871
0.10223950581935914
0.0
0.15541378708724385
0.0
0.0
0.0
0.0
0.09007630959101753
0.0
0.13931018055764322
0.0
0.07714231505016367
0.0
0.2852415782539095
0.3662474901003203
0.23548919394408707
0.06603159995405139
0.9332182186821508
0.0
0.0
0.0
0.0
0.0
0.9276436175030781
0.38553670999260614
0.33938702481060223
0.21523983071636843
0.0
0.0026024863939599907
0.2413361811104765
0.0
0.04695073617082046
0.018494018411441937
0.00412878594920274
0.0
0.16385714369985527
0.0
0.0
0.0
0.594702990538662
0.06385029108560514
0.0
0.2915531687212055
0.09822621564521494
0.8551875811001939
0.0
0.18836862336207227
0.0
0.4629371284335906
0.0
0.26546228470434596
0.0
0.24523878900999985
0.0
0.0
0.0
0.516085831939995
0.0
0.0
0.20445953382347448
0.0
0.2715518950534084
0.0
0.05505177164648567
0.0
0.0
0.0
0.041232132725752435
0.0
0.8348993624579422
0.05020899839530546
0.0
0.17000589951343725
0.0
0.06996321139245998
0.4826319190398939
0.4845500615206286
0.011558918690252384
0.0
0.0
0.0354379835482187
0.03406982818666149
0.1862793806381653
0.0
0.0
0.08108735010727686
0.012540576222714428
0.9738656086122933
0.0
0.055935318683715485
0.04075453166829357
0.925457792350387
0.1861676546375809
0.10991390195003092
0.0
0.0
0.0
0.2948568711816806
0.0
0.13786572572985845
0.025253127735384795
0.002230105127755788
0.0
0.0
0.36313931855552983
0.23959582637036514
0.9467410773124778
0.24900929386364
0.02296501284538155
0.08102270432639325
0.0
0.0
0.0
0.011094616506992172
0.01672529142252177
0.529979597325961
0.5882455369868336
0.0
0.0
0.5818293697065285
0.12971661631881337
0.32603872631827246
0.02779594261990581
0.0
0.19205091607206692
1.0
0.0
0.0880671411188757
0.892964177847721
0.1812922326933859
0.07951056880295604
0.0
0.0
0.0
0.5394197606586502
0.006103217991921928
0.0
0.34103690073975956
0.17965400460735426
0.0
0.08847459538459157
0.0
0.24006175705906907
0.0597784929489833
0.5171755410008713
0.15334964274495744
