0.0
0.7319108490099222
0.0
0.2952591843057236
0.9876847592313102
0.4623517812558211
0.5993506643796633
0.1397278598542715
0.0
0.0
0.0
0.9386968752494315
0.5308919630281888
0.5651871474921333
0.0
0.0
0.0
0.0
0.0
0.3610199348836983
0.3610199348836983
0.1397278598542715
0.0
0.0
0.0
0.0
0.6667562549249944
0.0
0.0
0.0
0.0
0.0
0.9989804598427436
0.0
0.0
0.0
0.0
0.4282983498941524
0.0
0.39449815085420936
0.0
0.0
0.0
0.0
0.3610199348836983
0.0
0.9997732043136233
0.0
0.0
0.0
0.0
0.0
0.0
0.0
0.0
0.0
0.5308919630281888
0.0
0.0
0.0
0.0
0.0
0.0
0.6996990232028235
0.5993506643796633
0.0
0.0
0.5651871474921333
0.9549839786613579
0.39449815085420936
0.0
0.0
0.0
0.0
0.3610199348836983
0.0
0.0
0.0
0.0
0.0
0.0
0.0
0.6332544639689196
0.0
0.2952591843057236
0.16970211273587288
0.822227489519716
0.0
0.0
0.0
0.0
0.0
0.26307135091201306
0.0
0.08160434374132741
0.20026501354552906
0.0
0.0
0.0
0.0
0.0
0.0
0.7933815452369841
0.0
0.0
0.9999998234873663
0.05347531283925422
0.0
0.0
0.0
0.9386968752494315
0.0
0.0
0.0
0.0
0.0
0.0
0.9794614772801763
0.02597624525494202
0.822227489519716
0.0
0.0
0.39449815085420936
0.822227489519716
0.0
0.0
0.9794614772801763
0.02597624525494202
0.5993506643796633
0.0
0.0
0.1397278598542715
0.0
0.0
0.0
0.0
0.0
0.0
0.4623517812558211
0.0
0.0
0.0
0.0
0.0
0.0
0.0
0.5993506643796633
0.0
0.9198297235770839
0.0
0.9934404590701552
0.6996990232028235
0.26307135091201306
0.0
0.0
0.0
0.02597624525494202
0.0
0.875035213240497
0.0
0.8495210729746137
0.3610199348836983
0.0
0.9999998234873663
0.875035213240497
0.6996990232028235
0.0
0.0
0.0
0.0
0.0
0.20026501354552906
0.6996990232028235
0.23139644134966442
0.0
0.0
0.5651871474921333
0.0
0.822227489519716
0.0
0.0
0.0
0.0
0.0
0.0
0.0
0.0
0.0
0.0
0.0
0.0
0.0
0.0
0.0
0.0
0.0
0.0
0.0
0.822227489519716
0.0
0.0
0.0
0.0
0.0
0.0
0.0
0.11035799005500446
0.0
0.0
0.0
0.9549839786613579
0.0
0.4282983498941524
0.0
