0.5092341041584908
0.0
0.0
0.0
0.41754901212395945
0.0
0.0
0.6288014491202523
0.0
0.0
0.0
0.7618130207262273
0.8553551372738267
0.0
0.0
0.9890107153127853
0.2658135432257751
0.33048897740933303
0.0
0.0
0.0
0.0
0.9557237925074903
0.0
0.0
0.0
0.2536247865261003
0.4702475401987763
0.0
0.0
0.0
0.7672220082208087
0.0
0.0
0.0
0.0
0.9742444017197182
0.0
0.0
0.0
0.0
0.0
0.18591548266420851
0.0
0.0
0.9109841338857086
0.0
0.046776079154555464
0.0
0.0
0.9630603675971868
0.4131438527307716
0.9797373642921551
0.9531778554948328
0.0
0.8368949099537322
0.0
0.0
0.257513029419274
0.0
0.6607413498487948
0.0
0.0
0.48985030135756946
0.6667636750388694
0.0
0.0
0.0
0.32343903431896415
0.0
0.4682795491852834
0.0
0.0
0.0
0.0
0.19254660894787404
0.0
0.7084863335101229
0.7465209182817272
0.14614718579281982
0.7096971714267701
0.3188017019543436
0.2693870066243128
0.7459318045407035
0.8394083898456512
0.0
0.6846063014356502
0.9983664109066099
0.40516869942442924
0.0
0.0
0.707054194758416
0.39752414744424874
0.0
0.2287498143789954
0.0
0.958452103637643
0.0
0.06666168578585735
0.0
0.0
0.0
0.3640494653872599
0.0947592059782553
0.0
0.0
0.0
0.0
0.7433043732923865
0.5885263706257696
0.0
0.7179138797516255
0.18834856317658766
0.8356360186972469
0.0
0.0
0.1795918590828912
0.0
0.275061705676631
0.7903833387385812
0.9137610594776532
0.9717452651165999
0.15137201050338459
0.0
0.6239414615499542
0.0
0.0
0.0
0.0
0.0
0.0
0.0
0.0
0.7920543137299914
0.241537147562852
0.0
0.7717290416853864
0.0
0.17344083020457202
0.0
0.0
0.0
0.0
0.6022075346494163
0.0
0.0
0.0
0.0
0.41093669393837784
0.0
0.9645154906213139
0.7549431382985995
0.4498260060460718
0.3833692658473002
0.10633251956641296
0.0
0.6622971010507751
0.0
0.0
0.0
0.0
0.5126611497676611
0.0
0.7910849114944365
0.0
0.0
0.38946925953108824
0.0
0.0
0.0
0.5727814910874113
0.0
0.7260481209757065
0.26439567580936557
0.0
0.0
0.9979316733439934
0.2574147531751336
0.0
0.0
0.0
0.33788532468389326
0.9214940221874867
0.1925634312790329
0.0
0.4136981735587319
0.0
0.0
0.0
0.14470565152309978
0.5636339811323425
0.2442529448550782
0.0
0.2610417600623362
0.0
0.8050985023095141
0.0
0.6116243039277085
0.364943337458133
0.3106712745999775
0.0
0.8496307761750308
0.16219109315350566
0.7900312509737574
0.0
0.9361934660796041
0.0
0.0
0.8589203308868076
0.0
0.0
0.5218346159812906
0.6585680909021624
0.0
0.0
0.8076149281603374
0.43020142313344056
0.0
0.0
0.0
0.017430770956561634
0.0
0.4451072032697738
0.9503655110714104
0.0
0.0
0.8760579367587993
0.0
0.47574160231185314
0.0
0.0
0.0
0.0
0.16669043781772833
0.15209911733556458
0.0
0.027598885032224775
0.0
0.1378769126579736
0.5447497937637338
0.0
0.0
0.0
0.6084602843317142
0.0
0.0
0.0
0.45688311611246163
0.0
0.4141028827720198
0.0
0.6769939785128976
0.0
0.0
0.6693524684644361
0.3042849756986914
0.3765258433342966
0.0
0.0
0.0
0.397216434118352
0.43495527698924374
0.0
0.017912870966114814
0.707988075282489
0.733141294636269
0.41413134161736587
0.0
0.760752793694143
0.0
0.0
0.7049809186721251
0.0
0.44509754947077923
0.4361038383682108
0.601142104451287
0.39781668314345603
0.9450775331959577
0.0
0.09887893894102574
0.9155489830836514
0.19134516563139545
0.5079115958797492
0.0
0.44690151848597914
0.752982817612864
0.0
0.3775458456154046
0.9786090724881755
0.6789614075357662
0.0
0.0
0.44158178036719703
0.854977256963417
0.18502650375626847
0.0
0.0
0.6353137918087981
0.0
0.0
0.0
0.7166102016558561
0.0
0.0
0.9253073376973266
0.9945052811624872
0.39814471869321333
0.0
0.0
0.0
0.007642993589289427
0.0
0.26060442919225857
0.8533143054904576
0.0
0.8230954883356959
0.0
0.0
0.11504299984270376
0.6955203953269473
0.0
0.0
0.37075732369586606
0.0
0.0
0.0
0.896076681439327
0.12622552625348132
0.6593260177236377
0.5582899563316521
0.0
0.0
0.460836496889181
0.0
0.0
0.4552777811681816
0.0
0.04190283657353524
0.0
0.0
0.0
0.9578071889177796
0.0
0.06400833061191087
0.0
0.0
0.0
0.7766225610192338
0.7324425256314699
0.0
0.0
0.951066641902386
0.0
0.0
0.0
0.0
0.0
0.0
0.3875375025154888
0.21599104208915904
0.0
0.8383991184429396
0.07155160853696184
0.3523592347610199
0.0
0.0
0.0
0.9436983740170436
0.0
0.0
0.0
0.0
0.5151475643784992
0.0
0.10291003502657756
0.0
0.0
0.470885762053934
0.7800914327122345
0.0
0.0
0.08137834631136269
0.0
0.3590007504384158
0.08732405394413773
0.1797011960368171
0.0
0.05249596581327661
0.7948364225310955
0.6847736660804219
0.20639504398254988
0.0
0.0
0.6024787322953686
0.2157277339623077
0.0
0.7692065076995703
0.0
0.0
0.0
0.27941876932768867
0.0
0.0
0.0
0.14307161591585038
0.0
0.9570608469929186
0.10918423551042772
0.9392459297594633
0.07385401558519857
0.0
0.6583743097843656
0.7405511822344443
0.0
0.0
0.0
0.0
0.0
0.0
0.0
0.0
0.3836898842571623
0.0
0.0
0.0
0.0
0.0
0.0
0.5761034944421938
0.0
0.14969498297471354
0.0
0.8728303482022928
0.0
0.0
0.819365034536115
0.0
0.007452299049499759
0.0
0.9316726830693707
0.7324313066832285
0.0
0.25978459153721944
0.5371700803568467
0.0
0.0
0.9099931819191976
0.9199010883506243
0.0
0.0
0.34124418862082156
0.5375243459879114
0.0
0.6435597229614567
0.0
0.0
0.0
0.0
0.6440537639587371
0.0
0.49181953212962487
0.2671357692856726
0.0
0.33419266375011797
0.28841571783560105
0.0
0.40660856853842475
0.05130569468704959
0.7048378173242718
0.3736691406165952
0.11864116410883495
0.8581964144612827
0.8949679428831323
0.15322307973225088
0.0
0.12579949819965464
0.0
0.0
0.9326643764343711
0.0
0.0
0.0
0.0
0.0
0.8125496470604388
0.0
0.37698420032214763
0.8263521215925689
0.27484591303557565
0.0
0.6416653413227711
0.0
0.43879219322123797
0.0
0.0
0.32441642773050094
0.26388852412162456
0.6784880061360449
0.0
0.0
0.0
0.05005020312077025
0.08406811318179719
0.3764176113123824
0.0
0.0
0.0
0.0
0.9342551846813877
0.0
0.009411991176381845
0.0
0.0
0.9326247386380222
0.0
0.1339911212091942
0.3352138153328992
0.19453069393665146
0.0
0.7387515976324882
0.0
0.8618486738481208
0.3363191827584163
0.0
0.0
0.0
0.8396267540938017
0.5752796349413092
0.0
0.0
0.0
0.0
0.0
0.0
0.1726613799119363
0.6993639253335537
0.0
0.0
0.0
0.4645978985246604
0.0
0.0
0.0
0.9551677470605232
0.6880749187446622
0.0
0.8362692652773153
0.8727179168858504
0.2953603481104362
0.0
0.1668694121581114
0.8948396114808332
0.47507827483476756
0.0
0.0
0.6140279375475706
0.8495042444315051
0.0
0.0
0.0
0.6258357464218375
0.0
0.9293400334750678
0.16069423544004005
0.9790826880339536
0.0
0.7966171000994856
0.0
0.0
0.2677538926392306
0.0
0.0
0.9241768019027614
0.0
0.6286223711111132
0.0
0.4253192619662764
0.0
0.0
0.9849579390165815
0.0
0.874030926951176
0.0
0.0
0.0
0.0
0.5368435324765678
0.0
0.0
0.09814945758054029
0.8038813017845994
0.38327222532379257
0.13747547847638553
0.0
0.0
0.0
0.33781547680788043
0.0
0.0
0.0
0.4006526713537557
0.0
0.9315147744332647
0.0
0.0
0.6927972080135181
0.0
0.0
1.889950802071006E-4
0.0
0.005450463256735781
0.4767565983695271
0.6383103680063346
0.9531115322673491
0.0
0.0
0.466472727280074
0.0
0.0
0.3529147781278139
0.0
0.8255300553999216
0.0
0.830668954517093
0.0
0.0
0.0
0.29762854650095216
0.041859794204268566
0.0
0.28975153286335453
0.0
0.0
0.6690292257740903
0.6779479090394239
0.7731998041131374
0.013984386075761364
0.0
0.9101163393609307
0.0
0.11183094577490992
0.0
0.0
0.22152184409991957
0.0
0.0
0.0
0.8614247607265978
0.0
0.0
0.0
0.4141549739807439
0.0
0.2597810699332902
0.0
0.0
0.7603992177503561
0.0
0.7196053065657362
0.7014341253158775
0.40866390192658236
0.41599337045616497
0.0
0.0
0.19218725714827878
0.40031181195907267
0.0
0.9873648218365475
0.8987914785277807
0.012112858721304015
0.0
0.0
0.0
0.5809261205810031
0.0
0.5651026602482822
0.700340104889189
0.6013780941516252
0.14879159795827562
0.03188688090385937
0.0
0.6263260087411177
0.004539683550630915
0.003029371788310618
0.739144381598522
0.908003339220487
0.0
0.0
0.0
0.1427719537537342
0.18211027063062937
0.1727945806919526
0.0
0.0
0.04064118404937261
0.0
0.5241718996493488
0.0
0.0
0.0
0.0
0.0
0.0
0.0
0.0
0.7563005841717447
0.3936787272244679
0.03752429156437474
0.0
0.0260909774446237
0.0
0.0
0.6334283869869725
0.4310162482062003
0.0
0.6158805506741069
0.2988973794584453
0.0
0.0
0.0
0.0
0.0
0.3603116011679417
0.07884545318774662
0.0
0.0
0.7540648675329306
0.0
0.0
0.0
0.0
0.0
0.0
0.5718747659248467
0.4810420066891585
0.7934536204586705
0.0
0.8193504897182158
0.0
0.15605838260418078
0.0
0.38664334879314505
0.0
0.7181453267952084
0.37186301164865654
0.0
0.0
0.7900688193481602
0.1998240890367051
0.7779737358174705
0.0
0.0
0.2636128325657228
0.002666649308160862
0.0
0.0
0.0
0.0
0.0
0.0
0.012850179479631834
0.5862383402879269
0.8246839766774237
0.0
0.0
0.0
0.36259736503401935
0.41280597003976427
0.0
0.931624024380769
0.35721685284257554
0.0
0.1048494570252883
0.0
0.0
0.0
0.34895925578793163
0.0
0.0
0.6232459346103935
0.0
0.0
0.07918863859887039
0.6015124814219976
0.0
0.0
0.6048962545816329
0.40895386340293743
0.0
0.0
0.031279378655231595
0.2788640626361292
0.0
0.10207803759204347
0.0
0.2560178100837043
0.457250126012869
0.0
0.08489909028396671
0.18379370023581884
0.0
0.14946406257717215
0.15704825677636508
0.0
0.3631524273798082
0.3031419097744243
0.7021510338978891
0.3010171287404209
0.0
0.42628561045920194
0.5411353618494832
0.6152053274665601
0.5128348536411647
0.743786528068886
0.8751529190031712
0.14915244911466904
0.0
0.9963263469826212
0.015544965531917195
0.0
0.0
0.0
0.0
0.0
0.911215826935342
0.0
0.0
0.6617532001213352
0.0
0.0
0.9320773677811426
0.3537459126033175
0.0
0.16538283388829422
0.0
0.0
0.0
0.0
0.0
0.46273148449726387
0.0
0.04910372813549881
0.0
0.3542536564017445
0.0
0.1858487411457075
0.4709506914857814
0.0
0.8049769641096136
0.0
0.0
0.0
0.0
0.08131789565981525
0.721720032453822
0.0
0.0
0.0
0.0
0.24891077536920672
0.0
0.5353454643650348
0.0
0.0
0.8948326021238311
0.0
0.43226197484150714
0.8570338964389277
0.0
0.5814247928352309
0.0
0.0
0.0
0.0
0.0
0.48496309657082787
0.0
0.0
0.0
0.0
0.0
0.0
0.0
0.43643408609414996
0.9940794581007981
0.9762278946404199
0.11293538721217737
0.0
0.8766073855835658
0.0
0.9285110813561962
0.0
0.011457146691781387
0.0
0.0
0.0
0.0
0.8001200811490269
0.0
0.6482584193522398
0.0
0.22702804939022375
0.9186337097846821
0.0
0.6123027241436513
0.0
0.0
0.0
0.0
0.0
0.4072177880858714
0.0
0.0
0.8904951238655099
0.5852733166244606
0.2197748893922016
0.7708597170291496
0.6175731040810513
0.0
0.5054641738138917
0.5488321307741397
0.34811592922608503
0.0
0.4363285437486407
0.7650719735006543
0.0
0.20051470760994666
0.0
0.039492787367167444
0.04620086451881561
0.18558241819642518
0.0
0.21756891908458012
0.0
0.6972797717198129
0.0
0.0
0.9144678474061453
0.0
0.0
0.0
0.9332152784349976
0.06574165852136188
0.0
0.39792760194500776
0.017592935495878058
0.9706178392184429
0.043328299762966885
0.0
0.0
0.40856187009021483
0.1949867400198591
0.8072056169218013
0.5166974895078656
0.46468394314826394
0.38678737335845315
0.13075627214193958
0.0
0.0
0.5590948104304607
0.0
0.0
0.5386113359978776
0.35946964835996126
0.0
0.5294843947922655
0.008690013448437953
0.0
0.0
0.46152168131270227
0.4527658398260199
0.0
0.0
0.5506715589080139
0.0
0.8483090160690941
0.0
0.09710981987933927
0.0
0.044692367601234476
0.8464463825750511
0.3315807697445759
0.15673096402779602
0.0
0.3232164663359379
0.0
0.0
0.7568662959843379
0.08851598833602574
0.0
0.8115638401221336
0.0
0.0
0.13361342629791476
0.0
0.0
0.16969640132543484
0.0
0.702279919210443
0.0
0.0
0.0
0.0
0.8512659871546354
0.0
0.316585993530676
0.0
0.21573666610794834
0.0
0.0
0.0
0.0
0.39823400868457703
0.18963435837521486
0.0
0.7953431874506919
0.3448357246883598
0.8304196123109003
0.17994316274893465
0.0
0.8692619126595368
0.0
0.9284999284596136
0.0
0.8314256085647843
0.0
0.6738438785929555
0.0
0.0
0.03178215395618931
0.0
0.0
0.520047397650969
0.0
0.018448989666943062
0.21149082996481874
0.0
0.009140525937127058
0.0
0.364822499618135
0.3707388760789966
0.4943753128117914
0.0
0.7404467168911855
0.24929266191363905
0.0
0.2103626983842719
0.0
0.0
0.3944712948728156
0.0
0.6128115533608228
0.0
0.7332578854437392
0.0
0.0
0.0
0.7830046386736622
0.5020786269509157
0.0
0.8785530422353147
0.5968141121923727
0.7260403003827224
0.4021555675339149
0.0
0.6674518439111269
0.09280453456714882
0.5032414205119532
0.0
0.0
0.0
0.0
0.0
0.0
0.5507864767771984
0.0
0.0
0.0
0.23829510927755876
0.0
0.0
0.0
0.838649546466332
0.0
0.9939706465741261
0.0
0.839183202980388
0.0
0.0
0.43346662082145304
0.26975038270481566
0.2293888521610052
0.0
0.0
0.0
0.060005394565163135
0.6833401752115894
0.0
0.0
0.8994098527856691
0.0
0.8452523744205758
0.54002380332849
0.4486927982613871
0.0
0.5638362337708979
0.5654161563799123
0.0
0.0
0.4282158832413557
0.0
0.1387263926256493
0.0
0.0
0.0
0.0
0.0
0.0
0.6133728905558669
0.9177645296354678
0.0
0.0
0.0
0.0
0.0
0.0
0.2163054433593762
0.6795405898112338
0.8289230401975863
0.0
0.8637899480866835
0.0
0.06995496581011199
0.0
0.11671731851875485
0.782531789221568
0.8487381906764687
0.26800567116934104
0.0
0.0
0.0
0.0
0.0
0.745042972585519
0.881944226808705
0.9701651736133351
0.11882857701387635
0.0
0.0
0.0
0.3480018904456056
0.27554398157392757
0.7122197483981813
0.0
0.0
0.0
0.0
0.2627631849527883
0.4145634273787397
0.0
0.0
0.5184669596852857
0.0
0.0
0.0
0.5976740658656271
0.0
0.0
0.7126035780545066
0.7696535254841022
0.49702319518307697
0.0
0.49524752246473996
0.9473941172791438
0.0
0.0
0.0
0.7735844564435369
0.0
0.18614433056884175
0.0
0.720576988593014
0.0
0.3275920741042079
0.7807208291366672
0.10461663856171821
0.0
0.0
0.6785288536444791
0.336008386184157
0.3001978068379307
0.0
0.0
0.4629776364330325
0.012535010527467395
0.22375538449165874
0.9056554302978472
0.22528546227171747
0.3382918198547997
0.0
0.0
0.0
0.0
0.8133276221108572
0.0
0.17541249121372368
0.0
0.0
0.5753720572419625
0.0
0.0
0.0
0.6645109939756345
0.0
0.9460591378061386
0.6188209251008859
0.21310785690300588
0.0
0.08173505157481939
0.25936935775572617
0.4517800440974749
0.0
0.535222063730215
0.0
0.9533210722382641
0.0
0.0
0.8220316191602985
0.0
0.0
0.6214753819789994
0.0
0.2538159782791314
0.8775993218739789
0.7603927877628659
0.07791103201321128
0.0
0.0
0.0
0.4832139672211918
0.0761178902029987
0.0
0.7252811609980132
0.0
0.0
0.0
0.3056820357268089
0.0
0.21809296372415843
0.6510448081223754
0.591068397844306
0.0
0.0
0.24973073430519838
0.0
0.0
0.9744069209564291
0.0
0.1319685477159177
0.7803513488181433
0.0
0.0
0.0
0.0
0.21713274590953827
0.0
0.9644887212784179
0.0
0.43384914000018177
0.0
0.0
0.902676476558088
0.18764400866654946
0.0
0.0
0.6509670513119614
0.29771820769902924
0.8763124706915293
0.0
0.08618364016768047
0.46794239783845154
0.0
0.7780190235814222
0.0
0.0
0.1658426460640617
0.0
0.0
0.0
0.64311580757395
0.0
0.37511959686676877
0.0
0.8467652753857801
0.0
0.0
0.48084112006052143
0.7648322116565599
0.0
0.6781456452830176
0.7220276072321923
0.0
0.059408987254132455
0.0
0.0
0.0
0.0
0.8780975623793629
0.3966879456753218
0.7699453121693247
0.602193575347652
0.8541439811187291
0.0
0.0
0.057145570436910716
0.0
0.0
0.0
0.04098105413220498
0.0
0.0
0.0
0.0
0.28220980890684183
0.6183944429695968
0.49493289148277386
0.0
0.0
0.28626808158398526
0.029916681827842326
0.0
0.8289163557744343
0.0
0.6804716455005413
0.9110666645124147
0.0
0.0
0.0
0.0
0.21590041502326493
0.8690930342870653
0.6001380481876776
0.12252720840334183
0.6033546331504858
0.0255835175888084
0.0
0.0
0.6325991259811105
0.7363483572125415
0.3258245944081034
0.289850985725254
0.481854062052285
0.809008371487078
0.0
0.03129440410369501
0.044548588535788865
0.8282532776513476
0.6964262230303923
0.5595984256372888
0.43326443278690313
0.0
0.0
0.0
0.8912721087269635
3.687108274287152E-4
0.0
0.0
0.8896445471358573
0.6542658546756585
0.0
0.9782711300050724
0.0
0.4203071221277341
0.49844632330072036
0.7232207117667423
0.12828323446170156
0.0
0.10449539008863694
0.848144899089681
0.0
0.0
0.0
0.5057131350360767
0.0
0.7316332733305206
0.0
0.6730824133481063
0.0
0.0
0.6705385640062262
0.08870615225769851
0.0
0.0
0.2666537292050106
0.0
0.0
0.0
0.0
0.7642755081568566
0.7260944011271221
0.53107638240481
0.0
0.04389320014497918
0.0
0.012257598913628518
0.0
0.0
0.0
0.3978839469070866
0.0
0.9887669861345298
0.0
0.0
0.6433120886727108
0.04378746831313655
0.0
0.0
0.0
0.0
0.0
0.0
0.17822477662498715
0.0
0.0
0.3217806841056607
0.0
0.0
0.0
0.0
0.0
0.0
0.5849221506220571
0.0
0.8493668889926631
0.0
0.0
0.0
0.7523476707231483
0.7888899633529457
0.0
0.38275062624528744
0.0
0.0
0.0
0.0
0.0
0.0298180638714189
0.0
0.0
0.48075833946572405
0.7481266418103688
0.0
0.7666467841450172
0.0
0.5949370131623524
0.0
0.3099681201532805
0.8928571323298409
0.0
0.09149269948849846
0.0
0.22752120709868578
0.31620348052093916
0.0
0.0
0.43118951928925536
0.3283993453556323
0.39713200059160486
0.9727403941123185
0.0
0.0
0.41138491577376174
0.0
0.4957846548907991
0.0
0.0
0.9213200250290998
0.3823376174552993
0.0
0.0
0.0
0.0
0.38279858431459973
0.5247745554167198
0.8062480966643171
0.4230378312906954
0.0
0.0
0.24566449427787637
0.19860589793903113
0.0
0.0
0.4565153715985482
0.6037236645749252
0.0
0.0
0.7056110499015461
0.0
0.8054034506093292
0.3211904537669312
0.0
0.851063809251428
0.0
0.07926061935812306
0.0
0.7559028994222936
0.5205449068856506
0.30959076012755293
0.09801025459085023
0.0
0.0
0.4054980879842763
0.04446460861027564
0.19958127190074038
0.14857080829720767
0.0
0.0
0.8997278086815658
0.23245146864112012
0.0
0.7343234735420647
0.0
0.0
0.7209819371622798
0.0
0.0
0.0
0.0
0.16781212502298526
0.6227126498947873
0.0785989214971185
0.22831951559631833
0.0
0.9659497550313688
0.0
0.6509448904229662
0.41350721205377017
0.0
0.0
0.41555176861030574
0.7058628931099356
0.05620150377727487
0.42287297591744605
0.0
0.0
0.0
0.7790021346248209
0.0
0.0
0.0
0.33829463332146165
0.0
0.1978607596250912
0.0
0.0
0.7162450121714876
0.2308413690666425
0.0
0.12331825107819579
0.8143629553985305
0.1733307522321222
0.0
0.0
0.0
0.4927538948415896
0.005947023846904667
0.0
0.13259491667209963
0.0
0.0
0.0
0.0
0.0
0.8704350836274014
0.0
0.0
0.2022335164395589
0.9635762621342404
0.7358264570820816
0.46387435047225184
0.9276548989678183
0.40354316637698906
0.0
0.0
0.0
0.11618791594907182
0.0
0.8350181624371973
0.0
0.7896972353941845
0.22445616099318222
0.0
0.0
0.0
0.0
0.8009873722002241
0.5679424151286626
0.0
0.0
0.0
0.7051873132807154
0.0
0.0
0.3466956259353131
0.6161876969099738
0.0
0.0
0.9329672094958131
0.0
0.0
0.0
0.0
0.39883496422263953
0.41723387616068397
0.0
0.0
0.0
0.06860322340550237
0.5800010992045016
0.7853024450268857
0.0
0.0
0.9002207425756538
0.0
0.22766765896674881
0.0
0.9098707830010826
0.5385555318470145
0.0
0.7173965524060418
0.0
0.10402011400076205
0.0
0.9465113254314929
0.0
0.0
0.0
0.4962763628534453
0.0
0.0
0.4097760047395911
0.0
0.7089982517029783
0.0
0.4871773967013654
0.0
0.018420387114392107
0.11641940888973937
0.9164104136588636
0.0
0.7477607989486404
0.4460235216324329
0.29206655549618854
0.6929374813127817
0.0
0.29760604787383027
0.0
0.0
0.0
0.9034212797583963
0.0
0.0
0.48403530029216346
0.0
0.0
0.6728900378183021
0.0
0.0
0.022109252769001126
0.7915773365402188
0.20598038269857283
0.0
0.47584478387921286
0.0
0.0
0.0
0.0
0.0
0.0
0.0
0.0
0.8453963079295631
0.0
0.0175329579866388
0.0
0.21493886723440855
0.0
0.0
0.0
0.0
0.0
0.9364887124533156
0.2899397934564315
0.0
0.0
0.0
0.0
0.0
0.0
0.0
0.2713773736459924
0.024899449555793898
0.0
0.0
0.802550295359656
0.0
0.7079145315292492
0.8139065790712022
0.6277731948890103
0.0
0.0
0.0
0.0
0.0
0.0
0.0
0.5698547072981376
0.0
0.0
0.0
0.0
0.0
0.9844248445279596
0.0
0.0
0.0
0.9589622171038309
0.0
0.0
0.0
0.0
0.0
0.0
0.0
0.0
0.0
0.0
0.05833383591011824
0.0
0.0
0.7813422889594173
0.9713456135345114
0.0
0.6134669162369543
0.0
0.09913375570106327
0.0
0.0
0.22480361371453614
0.9006205304332632
0.5427449115441041
0.707020770511478
0.7996941822355762
0.0
0.0
0.26234547889685234
0.20003952090195523
0.2661282537871898
0.0
0.025106273773299898
0.482815468234583
0.6676619423607013
0.0214701691466825
0.0
0.21558204836479533
0.4796284301410483
0.024933576209360264
0.5285456912551691
0.0
0.10346859708673545
0.0
0.10999741643509937
0.41059985453786446
0.5117721039407981
0.8891105411279792
0.0
0.0
0.0
0.0
0.0
0.5820714213260653
0.1484427904392648
0.4265700425114915
0.37380824977897065
0.0
0.0
0.5641848922251269
0.1846394585991409
0.16957124266646462
0.0
0.0
0.0
0.0
0.9780580445704492
0.0
0.8773720488127439
0.0
0.698052223076935
0.4427978840772189
0.0
0.6211300100384464
0.2785785575938952
0.0
0.0
0.9152340005757874
0.3021958248316155
0.36118625820897976
0.0
0.22923144519565045
0.0
0.0
0.0
0.0
0.6489766679113244
0.0675255218768684
0.0
0.0
0.0
0.0
0.0
0.556903503018887
0.7686920933587386
0.0
0.2137660622865748
0.0
0.34043279831228995
0.0
0.0
0.0
0.0
0.0
0.0
0.0
0.0
0.0
0.007660407487468048
0.1736163802244617
0.08564333514986507
0.5485889331882036
0.3335671624363994
0.3775690178543354
0.0
0.0
0.0
0.0
0.0
0.0
0.8736528746782418
0.0
0.0
0.0
0.0
0.0
0.0
0.0
0.0
0.93465487838561
0.9152987650135511
0.9258926087695142
0.0
0.0
0.0
0.0
0.025494644196017817
0.0
0.0
0.0
0.34744648408412243
0.25959618071605733
0.0
0.5977880692255262
0.0
0.0
0.0
0.0
0.9017292230142351
0.0
0.8163320580421991
0.2834839890245129
0.0
0.0
0.5726983032926428
0.0
0.15101090034632608
0.9268242143023631
0.0
0.3578469299818181
0.528048722082063
0.0
0.0
0.5036605663477239
0.9592245030984926
0.0
0.8433187433818538
0.18558362300456305
0.0
0.0
0.0
0.5481045938583944
0.6509608787808466
0.0
0.0
0.6954964069056833
0.0
0.0
0.0
0.5693872952846173
0.0
0.0
0.4344142825874765
0.34867251850047903
0.003143727576764806
0.08546750146511256
0.0
0.0
0.372577193422764
0.33058843816781636
0.0
0.0
0.4734981831441742
0.19941164150841248
0.0
0.333673959670856
0.0
0.0
0.0
0.0
0.839236578369095
0.0
0.013314190088267107
0.6494763937867519
0.0
0.29854713980187525
0.0
0.31018851403766684
0.0
0.0
0.5220567667324575
0.0
0.9234871645299821
0.6448183086643047
0.0
0.6103030899966232
0.0
0.24445020696480496
0.0
0.02518243214451734
0.0
0.0
0.27154190252405325
0.4505711642641432
0.0
0.0
0.011648239612690235
0.844539780895111
0.5682638158997902
0.7271168502622227
0.0
0.21446966816247323
0.19238258649618067
0.0
0.0
0.0
0.3692839129529536
0.3943958913318256
0.0
0.1302046804753567
0.0
0.0
0.0
0.8661898182115213
0.17898493980495211
0.0
0.27256629503844665
0.0
0.6926796214055321
0.11124587467132074
0.0
0.0
0.036802400928506014
0.0
0.0
0.0
0.0
0.809323486108734
0.7088097367454219
0.5982240552054298
0.0
0.0
0.6384874000206388
0.0
0.0
0.8789057060076727
0.0
0.6741901289899885
0.541933988319114
0.9334254702824277
0.0
0.2321810962927978
0.8430313422491479
0.914576644652884
0.0
0.0
0.0
0.18718019369308178
0.0
0.0
0.0
0.6233813193187033
0.0
0.0
0.0
0.0
0.0
0.0
0.3143963529698166
0.19238210759044
0.0
0.0
0.6312923067568489
0.21712598595272062
0.0
0.606394422143414
0.4168667004089219
0.715553601322678
0.0
0.0
0.0
0.8107801997086931
0.8165301371117463
0.0
0.5903756839453121
0.0
0.5268774647207044
0.0
0.0
0.429236110190965
0.9616258489387141
0.015327273474568987
0.0
0.15103949730856212
0.0
0.7901975186327154
0.8702900206860119
0.14926779381372243
0.0
0.5132635240064908
0.5977841206021642
0.0
0.7707751586805414
0.31111226198485714
0.0
0.0
0.6203242856585253
0.7397461400697185
0.5659168230117835
0.0
0.7144635488823194
0.0
0.8034519086570602
0.8567349546841098
0.0
0.8336238273868928
0.0
0.8705676737963827
0.0
0.0
0.0
0.0
0.0
0.7137585917077879
0.5631436089746881
0.003254096769243179
0.2607833407393892
0.4713371929735586
0.0
0.5626805269764601
0.7931425609811721
0.0
0.08700611881971838
0.0
0.0
0.9132170708001983
0.7033818747092782
0.705763032062002
0.0
0.0
0.0
0.0
0.0
0.7648530914551381
0.0
0.04909956879965531
0.0
0.5855346304126664
0.0
0.0
0.8165305827460779
0.9528778595269476
0.824891051089663
0.0
0.0
0.26088283737659645
0.0
0.0
0.6683964048088497
0.0
0.0
0.0
0.0
0.0
0.0
0.3319980073375915
0.3397357828226102
0.0
0.0
0.0
0.03747015333004787
0.0
0.35892784458909277
0.0
0.0
0.0
0.6746044676975302
0.6082612944923529
0.4798487024186686
0.44997884191643417
0.8721297190255299
0.0
0.13946870527805827
0.0
0.6944564498126947
0.0
0.5321290832521368
0.18743970338351187
0.18450091092700135
0.45597458296483484
0.9064507140775526
0.0
0.0
0.506228659101662
0.8712261795629412
0.6678593106510258
0.0
0.0
0.0
0.39453477183465446
0.0
0.151589350065603
0.0
0.0
0.0
0.0
0.0
0.0
0.0
0.7627584891646022
0.0
0.4449958605532973
0.56118016275894
0.8983908376618728
0.0
0.0
0.0
0.0
0.3739888807787306
0.5280719684835288
0.0
0.0
0.32354762186516234
0.0
0.5014353510368077
0.0
0.0
0.0
0.2734406822717691
0.6164963689310875
0.0
0.0
0.10257634414599066
0.0
0.0
0.0
0.5255747054849627
0.11672828781349422
0.0
0.0
0.0
0.0
0.0
0.5280514390971106
0.11570943594557852
0.0
0.4466257260210677
0.8546795325810752
0.2634032804626573
0.0
0.0
0.0
0.6317786558850549
0.0
0.0
0.8865390731422207
0.4319669403030279
0.4702439836198784
0.9699838608966465
0.0940121339559049
0.0
0.0
0.5673824057415536
0.6775385128068379
0.0
0.7627436412183564
0.3945648094679618
0.4372049317845534
0.0
0.0
0.6734747717689941
0.8600456709971984
0.0
0.0
0.0
0.0
0.0
0.36016440134839783
0.0
0.0
0.0
0.0
0.7167926951574121
0.0
0.0
0.0
0.7718512260989343
0.0
0.0
0.0
0.5441362094532224
0.0
0.0
0.9207038466739684
0.5852823509026691
0.0
0.0
0.560865662397546
0.0
0.6754353410314858
0.0
0.03828048506172957
0.0
0.8979331976397522
0.0
0.0
0.0
0.0
0.28875115045296745
0.45263193983856215
0.32013203944658764
0.8191719969323454
0.0
0.0
0.35436914397401076
0.33080723616952085
0.41042493571700545
0.307877058655978
0.0
0.30606163540303916
0.0
0.009344732500265424
0.0
0.0
0.0
0.7924180762242188
0.0
0.6924497723012113
0.5199441101113635
0.35832214490610054
0.0
0.2943325598387248
0.023518374154385364
0.0
0.25572489000634624
0.0
0.0
0.0
0.6400293423058292
0.0
0.01532995281070086
0.2907995125905842
0.9060598966943487
0.0
0.5986341787507962
0.0
0.0
0.6468762353275551
0.05683617005543911
0.373147238170457
0.0
0.0
0.0
0.3806112513602595
0.14060402363601368
0.0
0.0
0.3439127738439063
0.0
0.0
0.4752749320843208
0.25409601261266135
0.7628674263378291
0.6677288620786228
0.4415935855456013
0.0
0.0
0.368892432921796
0.9916323076717679
0.0
0.0
0.0
0.0
0.0
0.181616746831712
0.91434963404572
0.6582643930782821
0.32763235471735347
0.0
0.6622806191859236
0.9465671604287319
0.0
0.01086992814840655
0.07659180555461115
0.0
0.0
0.912610851447058
0.0
0.0
0.0
0.9149825987347489
0.38057278820534896
0.0
0.0
0.4444169324859778
0.1076637100262484
0.0
0.0
0.7615939649939577
0.0
0.0
0.2952981961028308
0.31126237739280554
0.8730833353668382
0.9983780583823788
0.11255763224395192
0.6724427890209603
0.7948755689056053
0.0
0.0
0.0
0.941168612877881
0.6603971709228408
0.0
0.0
0.0
0.0
0.8399817808126433
0.48780514831218547
0.9604633148229049
0.0
0.0
0.7732949461208878
0.0
0.43075097980717414
0.0
0.2770952973836687
0.20116856731148544
0.5767380823907156
0.0
0.0
0.7460122514605471
0.39730308031157696
0.2890161769248714
0.13952164366090508
0.0
0.0
0.0
0.0
0.0
0.6598876064465742
0.0
0.0
0.08645402842062813
0.0
0.0
0.0
0.0
0.0
0.3482459436693219
0.4863074212018847
0.0
0.0
0.0
0.0
0.0
0.0
0.8941305878135485
0.08338247555039754
0.7207779825331546
0.0
0.3802893018655634
0.3011993038535013
0.0
0.6206194775424382
0.6783413540053648
0.7661017581814691
0.0
0.0
0.5649093502895935
0.36890095306562953
0.0
0.0
0.0
0.4404479885029628
0.0
0.0
0.0
0.0
0.0
0.0
0.0
0.0
0.43402755106317364
0.3981758125407414
0.0
0.0
0.0
0.8456459987555004
0.6358104027651422
0.0
0.48354564791348187
0.22033616345127163
0.0
0.0
0.01999657022223953
0.0
0.0
0.0
0.6888296519921278
0.0
0.23159291363541443
0.9334120548286471
0.2435975611790306
0.60043349051448
0.6975891966204747
0.0
0.0
0.0
0.0
0.8178342517186092
0.5391624351100109
0.0
0.0
0.0
0.0
0.0
0.0
0.3453650309936056
0.0
0.3629548063079491
0.0
0.0
0.0
0.0
0.5374425633493678
0.9787496696693927
0.43337961295094307
0.6628176535440593
0.26216347395083106
0.4655133719016535
0.0
0.0
0.9207391914680267
0.7324175399047858
0.0
0.7310163595158369
0.4688310751521798
0.14926200984742852
0.0
0.0
0.0
0.0
0.03956719696317858
0.0
0.0
0.0
0.6070939989736732
0.0
0.0
0.21933172707484214
0.0
0.927814727054652
0.21101075453054774
0.9673277343273522
0.0
0.5027198353773609
0.0
0.0
0.18085444735789882
0.0
0.0
0.0
0.0
0.9968888955334421
0.974135711597125
0.43306711514470886
0.0
0.0
0.41958902213546334
0.0
0.0
0.0
0.0
0.0
0.3144813045362619
0.0
0.0
0.05861565187357462
0.23942906166653935
0.0
0.9699264007068203
0.0
0.0
0.0
0.6192718856548913
0.4192544636011328
0.1889646044763717
0.7994700206311894
0.541416484836261
0.3869516755333627
0.05273716696498059
0.0
0.1777845166324958
0.0
0.7372569874218983
0.3394974469897236
0.0
0.43007097225965846
0.0
0.0
0.32223695190531876
0.0
0.11008441898060133
0.0
0.9862317213001811
0.0
0.0
0.0
0.0
0.97267902601036
0.0
0.0
0.31538089781329276
0.0
0.0
0.739375362059704
0.0
0.0
0.4096992552440375
0.0
0.0
0.0
0.47216448114663956
0.0
0.6565539163300643
0.5586924008951935
0.503236565223738
0.0
0.0
0.9453310759669026
0.0
0.0
0.0
0.7824310960444877
0.4357074560373853
0.6033028256614891
0.77375593504735
0.08162132651256782
0.4226628116682048
0.10354773028033275
0.0
0.6574336566691288
0.42175007228578776
0.0
0.028561738484807996
0.4338591356800928
0.0
0.0
0.0
0.058877422620879916
0.0
0.46990047616124303
0.9955424915332991
0.6071103679470703
0.0
0.09336131179770978
0.9583214729924903
0.0
0.0
0.14962082785318156
0.8146532305539673
0.2398023204398141
0.0
0.0
0.0
0.31268391617077
0.0
0.0
0.0
0.3095219166093166
0.4511787011394247
0.24426360671490324
0.5184240838887518
0.7225542101480674
0.0
0.9648601838864049
0.08967086917537068
0.0
0.0
0.2763685665621165
0.0
0.0
0.0
0.3869929964818405
0.7200694117469685
0.0
0.6510987101273514
0.0
0.0
0.8338442515352383
0.16043040702832465
0.0
0.0
0.0
0.0
0.0
0.930629660745985
0.0
0.8710213403335472
0.0
0.8781810542754701
0.2978376774417502
0.0
0.0
0.3740126839454169
0.0
0.10857066899534361
0.007366589650918728
0.0
0.0
0.0
0.0
0.0
0.1498985983329553
0.0
0.0
0.0
0.0
0.0
0.0
0.7297300605624941
0.4892789247147462
0.6509496020544299
0.0
0.20311894257713978
0.0
0.3168220128969597
0.0
0.027238642576449514
0.16860783808350088
0.3996539804405463
0.0
0.17476662997810466
0.028111703569546037
0.0
0.129610248154452
0.0
0.21179201304222148
0.0
0.7164737239988783
0.14310879924501393
0.5567875531408403
0.0
0.0
0.0
0.0
0.8024644256100434
0.5543674722508093
0.21887396422435007
0.5516371702197191
0.7541732283334137
0.25877446512026103
0.8438671613350159
0.0
0.0
0.0
0.0
0.0
0.704048444250585
0.0
0.9225482001241389
0.0
0.0
0.0
0.26990879804718154
0.0
0.0
0.8970198992504324
0.0
0.9928232369188231
0.0
0.8101614880459774
0.8079106431376677
0.7319371001716376
0.008453168047703748
0.0
0.8762054008729435
0.008810292669276958
0.8138278276973928
0.0
0.4933718175849905
0.1590585409104224
0.0
0.0
0.0
0.5427456495465254
0.7955705223582559
0.5077914398729504
0.9142758575894446
0.0
0.0
0.0
0.9433434166238013
0.878133569479568
0.28869179889168667
0.0
0.0
0.0
0.16914305000854443
0.0
0.014787233151653081
0.2548621903252643
0.5404895120262104
0.0
0.0
0.5344299647218533
0.012566283700746068
0.0
0.6209911726886815
0.0
0.6482366624069498
0.0
0.3652100815443663
0.0
0.0
0.6700904673133375
0.7747416982104478
0.0
0.4287443628278214
0.4804257041852532
0.22357052747788758
0.932347551718243
0.0
0.0
0.0
0.0
0.0
0.0
0.5009000028438721
0.12940772854120874
0.8726620277635697
0.0
0.7343211219146225
0.0
0.46750157369995954
0.0
0.0
0.0
0.5814479366659374
0.0
0.0
0.0
0.9064244135689123
0.0
0.0
0.0
0.4561917430914256
0.0
0.7775060637167409
0.0
0.27756210812191634
0.0
0.705001523740178
0.0
0.0
0.4864143431122867
0.0
0.0
0.0
0.09543237458591321
0.13754903934516485
0.5201206535570958
0.203590589274275
0.40543122722473995
0.0
0.9927217546524466
0.0
0.13225683683347367
0.0
0.7197287965102465
0.7050458792308215
0.0
0.0
0.2561514361174501
0.0
0.0
0.8334138006028027
0.0
0.3149604823115187
0.9964884882797419
0.4916712428741141
0.0
0.3090872622049419
0.9358680298051296
0.22900706431897472
0.5834343158940354
0.0
0.3495413553987517
0.8315121109945065
0.3457015815327697
0.9229775563716727
0.0
0.41297364626919997
0.0
0.0
0.0
0.0
0.0
0.0
0.0
0.7753851714008686
0.0
0.0
0.0
0.0
0.0
0.050139801065186715
0.0
0.0
0.0
0.14391786233413048
0.0
0.9871067806214718
0.0
0.0
0.6444425592589603
0.0
0.25704985292484295
0.1092006897809862
0.0
0.0
0.61957228548662
0.9113621136490637
0.8662152157511602
0.9756918218669863
0.2841831086036733
0.2503391560015045
0.4844586107068543
0.3113648718225458
0.0
0.6744284175162468
0.731618958604194
0.2933068940270968
0.1881027692970809
0.5093769829279841
0.4260874814173608
0.0
0.43981974821536196
0.07689441932057431
0.9681112556570917
0.0
0.15901664554783387
0.0
0.019897211584420725
0.9281506978394178
0.0
0.0
0.0
0.8927573883184087
0.9087260660891622
0.0
0.37933876213634593
0.6647158717600276
0.0
0.0
0.0
0.0
0.0
0.8194812782654015
0.0
0.021066292947083554
0.0
0.39059609882835716
0.8462828401266659
0.7926059269082165
0.0
0.5370520193206636
0.29693351798533424
0.44384255906132464
0.4870587731786196
0.6632439006125408
0.0
0.0
0.0
0.0
0.0
0.36101385774604405
0.3379185101929029
0.08308433389116246
0.0
0.8083859420541776
0.0
0.0
0.0
0.0
0.0
0.0
0.6494326591229592
0.0
0.0
0.47645715946591516
0.20793219324695472
0.36621917885549005
0.0
0.0
0.0
0.0
0.1542438575209424
0.6689507372872159
0.0
0.5020532420331771
0.6636450569670916
0.9878723075720179
0.0
0.7458259556815121
0.7063962473330905
0.15691467924800714
0.8763874152328629
0.0
0.1380537260575414
0.10350525686778078
0.559927054388078
0.0
0.027994878056439913
0.0
0.0
0.0
0.0
0.0
0.8069745145930576
0.0
0.0
0.6414854032998415
0.747323933443512
0.0
0.9710281755663469
0.0
0.07983876368840366
0.0
0.0
0.0
0.0
0.6133483405540087
0.3710812391933453
0.4137428973287918
0.40185079277935093
0.0
0.3625087653135867
0.0
0.0
0.0
0.8780468282430808
0.0
0.0
0.43784526929075
0.0
0.6867603825451576
0.0
0.3029144670342738
0.0
0.0
0.19699698814925595
0.44341122149151796
0.0
0.0
0.0
0.3029977577388948
0.0
0.057164935691204725
0.0
0.0
0.4231558872641049
0.0704910013580104
0.0
0.0
0.32459748487257284
0.7445101359448106
0.029264684391796646
0.0
0.0
0.0
0.0
0.0
0.0
0.0
0.0
0.6782408902196972
0.0
0.9598748166148053
0.32451528721309847
0.9977030537198454
0.45462956573983004
0.21585063592370674
0.0
0.0
0.0
0.0
0.4763180988550887
0.0
0.7738841358343739
0.27538846974744835
0.4762224554092728
0.0
0.533201352708478
0.4269673854210593
0.9730106106403066
0.08827025419452282
0.0
0.7994212710657743
0.0
0.47190974384066525
0.08708063928408775
0.682511984206382
0.0
0.13776982389588155
0.0
0.8138738502215901
0.0784752391130271
0.8169424095939541
0.0
0.0
0.5384655726846069
0.0
2.4162204485552694E-4
0.0
0.6303296490806407
0.0
0.0
0.08130312107709561
0.35009979602680086
0.0
0.0
0.0
0.0
0.0
0.0
0.0
0.0
0.9302343164328006
0.6040409686727051
0.7450440109868864
0.0
0.4391634587450758
0.0
0.0
0.0
0.0
0.0
0.0
0.5599478946058609
0.0
0.0
0.9159121628750183
0.19827777633598095
0.4446664424479865
0.4326176299206615
0.0
0.0
0.0
0.0
0.41919930814869916
0.40049884652994194
0.06474453724280753
0.0
0.04191919206843049
0.7155962050032821
0.5922674653792356
0.3584696356152306
0.36451899979315083
0.0
0.42549007021314006
0.9198196675370728
0.4905232070030019
0.0
0.6998189638370547
0.3832536732550191
0.2139959630672217
0.9008205751019338
0.8675668224952918
0.3924228830284024
0.13699207367327418
0.0
0.0
0.1869127938977403
0.0
0.40417678576880184
0.0
0.12793794746208959
0.0
0.4632872720963968
0.0
0.0
0.0
0.0
0.02376130218776988
0.0
0.34569327886304646
0.7060224109029073
0.08982424886979315
0.0
0.0
0.0
0.655014075561784
0.11281406069024857
0.0
0.26896919727205865
0.0
0.0
0.0
0.0
0.0
0.0
0.0562802244944287
0.7163812082485564
0.23910151134985566
0.49368283900160903
0.0
0.0
0.6676872739353904
0.0
0.0
0.0
0.0
0.0
0.0
0.0
0.0
0.0
0.0
0.0
0.0
0.3548114810422612
0.0
0.5055911250023699
0.0
0.38912709244686394
0.04740865206484029
0.0
0.0
0.5398668308992917
0.5557802982454734
0.0
0.0
0.0
0.0
0.6651401071621751
0.0
0.0
0.0
0.7584513391900995
0.7075486087400197
0.0
0.0
0.5057562659255977
0.0
0.23316607353666335
0.0
0.0
0.47937156904300343
0.0
0.3819714814247526
0.9603644735702911
0.5102765805642411
0.1521149735028059
0.0
0.0
0.0
0.34519582976604046
0.0
0.0
0.0
0.0
0.0
0.2625180460805628
0.0
0.749999920618084
0.0
0.0
0.5335160251235471
0.0
0.0
0.9263439273430347
0.25436322034439046
0.0
0.0
0.0
0.10441336340892338
0.0
0.29213636713877567
0.0
0.0
0.0
0.5728387862727845
0.4291029325727881
0.0
0.0
0.3645803743486575
0.0
0.14958258170578534
0.5909097188648695
0.7259608813009806
0.0
0.0
0.12600643728324834
0.0
0.5182603685374453
0.0
0.0
0.0
0.0
0.0
0.0
0.0
0.5700210149693362
0.0
0.35624744947978104
0.7259820325624382
0.0
0.3343171114197543
0.0
0.0
0.4818263273909435
0.2475982053775951
0.8391809578876929
0.3180240290951577
0.9454748458970114
0.0
0.0
0.0
0.20125238100592086
0.3245515880515477
0.294598327367711
0.08581229003606239
0.8377525437030674
0.0
0.0
0.37288848092304216
0.9135654534212807
0.0
0.0
0.010389501797660234
0.09189973393318804
0.8333140643446418
0.606274650311581
0.5672104794853874
0.831236791452659
0.0
0.0
0.6152468730179791
0.0
0.0
0.0
0.4394609467018955
0.0
0.0
0.0
0.0
0.2901697548296292
0.0
0.0
0.5475418840639554
0.0
0.0
0.5100481811628759
0.25184037511971713
0.0
0.1374972542290704
0.1685676073017321
0.0
0.0
0.0
0.0
0.7895981909050259
0.0
0.7955346157007828
0.8889773134380028
0.04830443347194689
0.3436833247123597
0.7378995118566971
0.6369118038341752
0.0
0.0
0.0
0.0
0.0
0.0
0.0
0.0
0.0
0.6091868965267977
0.8578114722418536
0.33020570092645984
0.8459375246543455
0.0
0.0
0.9907728781540138
0.7014606817511142
0.0
0.0
0.0
0.0
0.1551779807873994
0.18610158691747775
0.24271112397308317
0.0
0.5435887543768246
0.5781894475568777
0.7197915748350853
0.0
0.0
0.0
0.0
0.0
0.0
0.0
0.0
0.7500044922471362
0.8046420913490142
0.0
0.1876813501933855
0.3126213218990683
0.0
0.0
0.7578884810077722
0.0
0.5566332002899622
0.41582948065500314
0.9562623904267995
0.667305480224503
0.16164936854982584
0.23907671707945483
0.0
0.0
0.6222691539440586
0.852013312633519
0.0
0.0
0.7622857578435605
0.5016658693900456
0.0
0.0
0.0
0.9429772712901623
0.8555547519180587
0.0
0.0
0.4848051071400591
0.0
0.0
0.7702726545403956
0.0
0.46931155586841733
0.9617970676765406
0.0
0.0
0.0
0.07373632997294327
0.0
0.0
0.1010786202927593
0.5682687082089066
0.0
0.0
0.0
0.0
0.0
0.0
0.0
0.0
0.0
0.6826234779307506
0.9035450845265167
0.0
0.4893143760517621
0.2634127892755195
0.7940272076326522
0.0
0.482354619381364
0.0
0.45773387582724295
0.0
0.7257947518904987
0.0
0.7699557554786334
0.5650821915249041
0.7087347241046448
0.0
0.0
0.0
0.663026570140684
0.0
0.0
0.709157833671392
0.0
0.0
0.5422597895707976
0.0
0.03497078518107502
0.0
0.0
0.0
0.0
0.9756042449345277
0.2908957716711208
0.5930007926341434
0.10856850473673442
0.055789843402156244
0.0
0.522174417917474
0.2215953718150448
0.4295910022656803
0.0
0.0
0.0
0.0
0.864233112198439
0.20350423356024133
0.29475841909242817
0.5242427348391137
0.0
0.0
0.6929799133060606
0.0
0.0
0.0
0.4809041117020928
0.43254278311832256
0.413372716696753
0.4463664043376593
0.0
0.0
0.9839336219193352
0.0
0.6690677517108432
0.1904250891050105
0.0
0.9143941654533385
0.6131193050430919
0.0
0.11418445768066111
0.0391807976946923
0.0
0.5441447739268207
0.32569233556307303
0.0
0.0
0.031156075308695852
0.0
0.0
0.0
0.0
0.09981234713933962
0.0
0.0
0.43072663614649825
0.0
0.2081221113073611
0.6803419251851501
0.0
0.0
0.0
0.0
0.0
0.3240818865501378
0.0
0.0
0.37690740283035556
0.02710764466008308
0.0
0.0
0.0
0.0
0.5466991447381728
0.08354176366670577
0.8847540333619088
0.1505110165841355
0.16774554096935246
0.47936896869708157
0.39050786029565826
0.5874385854319479
0.0
0.3070451035973569
0.0
0.0
0.5117059317221152
0.24290454807822548
0.8474622871741349
0.0
0.0
0.0
0.3870177178824764
0.6133341142619868
0.0
0.07095955284472047
0.023171544898666806
0.0
0.5830932687359858
0.0
0.0
0.0
0.0
0.0
0.0
0.0
0.12230353708203531
0.7638508544355559
0.0
0.490253560506626
0.0
0.0
0.0
0.0
0.0
0.0
0.0
0.18068604621670034
0.0
0.3596317134034242
0.0
0.0
0.0439661482264292
0.0
0.3266793401282524
0.9048498066563188
0.0
0.0
0.0
0.0
0.0
0.0
0.0
0.6592287166850525
0.0
0.5096961260069619
0.7804604727403947
0.875022440591134
0.0
0.0
0.0
0.9698700325398778
0.5600385054627592
0.012812156182383481
0.91272188922362
0.0
0.0
0.0
0.0
0.0
0.17966446875312858
0.8385178882526917
0.0
0.0
0.9709773087964835
0.0
0.7477828592606294
0.9668520772912585
0.1157528266487877
0.23058743129743348
0.307734254508276
0.2899109070484551
0.0
0.0
0.0
0.0
0.9597723219125706
0.0
0.36846297245928156
0.0
0.0
0.0
0.0
0.0
0.0
0.0
0.7758492429705166
0.28355767626024153
0.37571679325425866
0.0
0.0
0.0
0.056242334889292124
0.7823875479916734
0.3164885303580882
0.9651028157786782
0.8587552922075012
0.0
0.5825341212144393
0.0
0.06272607165003038
0.5575662873494877
0.0
0.7623590986506201
0.25363929375222505
0.0
0.0
0.0
0.20651934583937684
0.0
0.6071832527971377
0.8803722455421722
0.4219163359481276
0.0
0.0
0.0
0.0
0.2069318768167089
0.0
0.0
0.0
0.11452367641920168
0.9392502974367988
0.0
0.4820199017384586
0.0
0.05531865536085357
0.0
0.0
0.0
0.0
0.4930316667476816
0.0
0.0
0.9425925885775742
0.0
0.0
0.15969829722847728
0.6579497968705272
0.10577101212003716
0.0
0.0
0.0
0.11802681418613868
0.26168889499017717
0.0
0.4674008037552387
0.1666280587135095
0.0
0.43042203150395325
0.0
0.0
0.7849093098201578
0.3430893185181986
0.0
0.5360598281288257
0.0
0.0
0.0
0.15958640661250673
0.0
0.0
0.0
0.5820395629177401
0.0
0.307148468516171
0.0
0.0
0.0
0.6730789518385367
0.0
0.9869144296390155
0.1443857944951679
0.9342087588772066
0.08181088820485413
0.5536692948289048
0.0
0.6516280995247763
0.0
0.0
0.9003377994809505
0.0
0.0
0.12870792062627467
0.0
0.4087501237108431
0.0
0.0
0.0
0.0
0.0
0.0
0.0
0.0
0.9765447243633386
0.0
0.808037491038407
0.0
0.0
0.0
0.12392934798780549
0.0
0.09031036894355149
0.0
0.930117431070789
0.0
0.0
0.666496591386796
0.6612120811964151
0.24901862965860247
0.0
0.0
0.0
0.0
0.8837601123936303
0.46660132116233105
0.0
0.6822632990976951
0.0
0.6507111317017844
0.26477347336616536
0.061092250687827185
0.0
0.7670471362055813
0.5639815994038532
0.917493426601668
0.5947911055718426
0.0
0.0
0.8274580009558995
0.0
0.0
0.0
0.0
0.0
0.0
0.0
0.0
0.0
0.0
0.20336653109649158
0.0
0.2852913721783651
0.0
0.1706475950208082
0.47241741438477675
0.0
0.5418164852231621
0.3786229006669352
0.9048397519582135
0.7088216680822796
0.4306566364857131
0.7454292351792587
0.0
0.0
0.1264030213305679
0.0
0.7453676468794204
0.6662308709088912
0.5058266999639942
0.13004309267165579
0.0
0.0
0.0
0.7288415898470454
0.0
0.0
0.2665211606494551
0.0
0.3527774937284078
0.0
0.0
0.5404319391634705
0.0
0.5990601632373195
0.0
0.0
0.0
0.9537721742374963
0.8290575643750654
0.0
0.0
0.6624850658335735
0.24100302498081236
0.3090283243813152
0.22633770372226097
0.11888006599273962
0.0
0.0
0.0
0.0
0.0
0.0
0.0
0.0
0.0
0.04029914828393042
0.585582775665237
0.0
0.0
0.885488301452975
0.7154631080964095
0.0
0.6581886253257228
0.0
0.0
0.22551856209401872
0.0
0.0
0.0
0.0
0.020234167759109363
0.34490911033493615
0.0
0.31314296069307795
0.0
0.006576065638755614
0.7344730864650405
0.964822862605955
0.4990765528236782
0.6647253296584849
0.0
0.0
0.09437340423149473
0.0
0.4663361188621885
0.0
0.0
0.0
0.8473945576169909
0.5318766310829813
0.5835162786192233
0.33989166898286827
0.0
0.43689400467687695
0.0
0.0
0.7876774364389967
0.0
0.5510482331097434
0.0
0.17245641967063988
0.0
0.0
0.0
0.07802717779408466
0.692354527498705
0.0
0.0
0.0
0.9314532129208114
0.2959317057153433
0.7893147083400985
0.8537822980769608
0.0
0.3743652547514969
0.0
0.7906980041016132
0.0
0.17415921079818852
0.6113046711253419
0.8453308392000695
0.47690392167903034
0.0
0.6566993806666201
0.0
0.9888485693112179
0.5354686481420308
0.4330217245737615
0.0
0.0
0.12549933396569546
0.904007269163208
0.0
0.36845659690601607
0.0
0.5210949652836872
0.0
0.8929302541017752
0.0
4.374183832732976E-5
0.8683582461495194
0.9923546741407331
0.19242219477427527
0.6135304412295853
0.7995384723275741
0.0
0.33172098038451564
0.0
0.0
0.0
0.0
0.0
0.1761536530032886
0.0
0.0
0.0
0.0
0.0
0.3872518212180529
0.0
0.0
0.0
0.674522285429635
0.0
0.0
0.19876600994516141
0.0
0.5258484673483781
0.0
0.0
0.0
0.218354545909634
0.7574565460852881
0.34814076099807323
0.0
0.0
0.0
0.0
0.0
0.0
0.0
0.0
0.3205606614438208
0.7107576577392004
0.0
0.0
0.0
0.0
0.79448735040972
0.07855329643301306
0.856553043634237
0.09896640140080783
0.47628526331544546
0.0
0.0
0.8660853726676521
0.7697509978048027
0.48909678017275016
0.0
0.0
0.8657806788394367
0.3580575177558134
0.3149584787707414
0.46836167563073555
0.41212473876057903
0.14038718899973643
0.5791014060246735
0.0
0.3124334825112832
0.08516598296869984
0.0
0.7295686266229177
0.0
0.015505326176383956
0.0
0.0
0.0
0.5056778913859364
0.23348435486773764
0.19820828100930843
0.5140751179189432
0.9351493102360711
0.0
0.0
0.0
0.0
0.0
0.0
0.0
0.0
0.305053668138873
0.3506502992436332
0.9606948792492588
0.8977463337090139
0.0
0.0
0.03159111154750654
0.0
0.10897849929335736
0.0
0.9309167700789817
0.0
0.7665807702513661
0.0
0.0
0.6922301628387817
0.39948599086555886
0.0
0.0
0.0
0.29243199976538803
0.019566371059831642
0.5503974033662242
0.0
0.0
0.0
0.0
0.8688766009067923
0.9921084824110714
0.0
0.22126272227312493
0.26914388723648736
0.0
0.9295607939062548
0.0
0.8092750929848975
0.0
0.0
0.0
0.0
0.0
0.47634695388840465
0.34660300256185966
0.04904017278165674
0.0
0.0
0.0
0.0
0.0
0.0
0.08663381964654267
0.0
0.08980755647214318
0.0
0.0
0.0
0.5513784528307498
0.0
0.0
0.9388547980129858
0.0
0.0
0.1434920218995963
0.0
0.0
0.0
0.0
0.0
0.44887612017547174
0.9353663918904994
0.0
0.0
0.0
0.19907234914395147
0.0
0.0
0.0
0.0
0.2637840186830186
0.0
0.4011072311262703
0.20047641344362405
0.42774511056963493
0.5209227143177221
0.0
0.09190946464598522
0.0
0.5407198818579733
0.6612479294839352
0.39583824013827007
0.0
0.12230902127071018
0.11061761317491908
0.0
0.0
0.14195566728111045
0.0
0.0
0.39872633082661224
0.0
0.0
0.09750904823791398
0.0
0.40379516721475756
0.0
0.8778313171838876
0.9259386810161899
0.0
0.49176308213142633
0.0
0.0
0.6107377520696412
0.12430759176942807
0.036003048873138516
0.7704438784495962
0.0
0.0
0.0
0.0
0.4499949668004352
0.6138437380742542
0.0
0.0
0.7709832243796194
0.6384318236517257
0.11876043784436348
0.0
0.0
0.0
0.8525584808108575
0.3931933693549443
0.7990185164623557
0.8044451578571004
0.0
0.0
0.0
0.0
0.0
0.9135318503701697
0.5991179794815537
0.38067432040370663
0.0
0.8318644546268956
0.6312796058181898
0.013739530700493503
0.0
0.160589933313874
0.0
0.0
0.0
0.9032925603581534
0.0
0.0
0.0
0.0
0.04194900738714637
0.0
0.0
0.0
0.0
0.6146083506772666
0.07013839858747167
0.0
0.05793063666098366
0.0
0.0
0.47804677952468383
0.7746532400741931
0.0
0.2598933074768339
0.0
0.0
0.0
0.0
0.0
0.0
0.0
0.0
0.40764307334143995
0.5618630284440853
0.0
0.5479648310781601
0.0
0.0
0.7743966648989519
0.07976048731580354
0.3989300716797343
0.0
0.21623033934399277
0.7388441625764667
0.0
0.046044538950626795
0.46181070965251947
0.0
0.4427547218006314
0.0
0.0
0.0
0.8758855343084865
0.0
0.0
0.0
0.021425820374570807
0.0
0.0
0.28412606865276396
0.0
0.0
0.8039842333170868
0.0
0.0
0.09923545734870894
0.8825415144209496
0.3242478887176194
0.7918474505104314
0.7979315797123782
0.0
0.0
0.9368751037849632
0.14883704593731217
0.47693814337377954
0.19426591597454235
0.0
0.3983067168003974
0.0
0.564376363158164
0.0
0.0
0.0
0.0
0.0
0.09750138731931499
0.8960172010715312
0.45004412310010206
0.0
0.0
0.0
0.6642244304122498
0.9348522115754794
0.5160936765957315
0.0
0.9806120138235394
0.5340452010698663
0.690335962169788
0.05560653060934436
0.0
0.5769301740594014
0.0
0.7314129883350498
0.6686633553578565
0.0
0.0
0.07718452410144637
0.0
0.9717861923236604
0.3493068313367695
0.6046963784369822
0.21038852152633492
0.0
0.3029885468592384
0.9696974327741887
0.2039795141681855
0.0
0.9547488851229915
0.0
0.0
0.9902289488914656
0.0
0.8917956167213775
0.6410098300699743
0.0
0.0
0.0
0.0
0.052856453913225146
0.7253300409503202
0.0
0.6035803565245982
0.3549079330453606
0.0
0.9067331316767563
0.0
0.6381719544915145
0.0
0.14956852883015823
0.0
0.0
0.0
0.2354888799890358
0.55222910367862
0.8627379663656852
0.0
0.10204130469852761
0.2514309668597568
0.4480849115808486
0.0
0.8567943598466402
0.0
0.0
0.0
0.9040608205774023
0.07829630865611191
0.8759331276980682
0.9778245142360761
0.0
0.19227474111109996
0.0
0.4060717348529455
0.0
0.0
0.0
0.0
0.0
0.0
0.07902127788867824
0.3112917576376969
0.0
0.10264761003086832
0.46529634014374016
0.7893755436079092
0.585761325823719
0.30293847091593584
0.1276341590580163
0.0
0.3411501355690382
0.0
0.0
0.0
0.0
0.8647332074454814
0.49189020260696814
0.0
0.7417315479322466
0.0
0.6448294532326732
0.0
0.0
0.0
0.0
0.0
0.0
0.4266757798887909
0.0
0.6993672449299326
0.0
0.46322546415612265
0.8240614250204709
0.18141412054197517
0.0
0.0
0.0
0.0
0.0
0.9456354480663636
0.0
0.0
0.0
0.0
0.022640277798984827
0.7266153396701369
0.0
0.0
0.0
0.5681846525684644
0.0
0.626637568480107
0.0
0.2043951948604253
0.78661803471909
0.0
0.5024580105237422
0.2810628256478683
0.2220215679510472
0.0
0.7734817214937584
0.4327808224305629
0.0
0.0
0.41379521064556096
0.0
0.0
0.0
0.0
0.0
0.0
0.8491867670236638
0.0
0.0
0.5072048477375452
0.7147794613768198
0.8450591982438782
0.0
0.0
0.0
0.8198000025266248
0.0
0.8552049370477365
0.32314981632014944
0.0222166058309871
0.4493998897935616
0.414080563785407
0.5235593601643029
0.29879747266392115
0.12447035620427428
0.0
0.0
0.006698984237781004
0.10649123079786552
0.018952238235790786
0.5529712749078897
0.0
0.0
0.9335586683595831
0.2605266813914805
0.0
0.46256714197875065
0.5651764422226526
0.4424455696014252
0.18476069195404665
0.0
0.0
0.0
0.8686703664622187
0.7255634193095349
0.027054250119888917
0.0
0.018946740280872447
0.0
0.12966919578702282
0.0
0.7197451143907224
0.6532057773621192
0.2006969230665137
0.0
0.0
0.884317013949589
0.2215975960517748
0.0
0.8664597101532205
0.763585443527768
0.49165217454678584
0.988724451754617
0.0
0.5228051490729996
0.0
0.0
0.0
0.0
0.2755286935076522
0.8375410748205346
0.0
0.04455507089663435
0.32266269236178047
0.15810735387429878
0.20381441990659782
0.0
0.0
0.0
0.0
0.0
0.0
0.10126293845523196
0.3372363168100776
0.6181214347291701
0.0
0.0
0.0
0.0
0.5625742248677972
0.11724135810510197
0.0
0.0
0.7149501062040255
0.9313731159447843
0.8278514201414537
0.9485001207395297
0.38404872631126996
0.0
0.846087501551707
0.5927592587242196
0.6277999074339063
0.22277764109722784
0.0
0.0
0.5673283699936685
0.0
0.0
0.0
0.7350383842164043
0.0
0.0
0.647343109132951
0.8732003861048722
0.0
0.865052676423029
0.8804029783405289
0.5070493344305234
0.19593782669266951
0.05171534811257937
0.22247039180394657
0.0
0.0
0.03555849803732458
0.6674263449681704
0.5276613978020587
0.0
0.6019457162310877
0.0
0.0
0.4120603983045107
0.28089959416795857
0.001284929302673262
0.5018276641786237
0.19340392889651442
0.0
0.663133959650886
0.0
0.7509510443078931
0.0
0.5292112455266627
0.0
0.7333835825571648
0.0
0.0
0.05501600525319987
0.0
0.0
0.0
0.0
0.0
0.3170817617342936
0.807563070887406
0.0
0.13165699394669755
0.6450227478571783
0.5683764915873326
0.15330982062345552
0.0
0.0
0.9569019855505265
0.0
0.0
0.15020695083896307
0.4796425653464349
0.7082563052957945
0.0
0.46993139982174
0.528805474855817
0.42107617645651507
0.6225989637254346
0.0
0.0
0.46240503680217326
0.13034410319120304
0.38597288475503927
0.0
0.6942402540533024
0.0
0.6678540105799552
0.0
0.030077304464737664
0.9827522505384927
0.0
0.19398803213468346
0.7444765695123822
0.0
0.6081860466383635
0.0
0.0
0.0
0.07121988304105814
0.0
0.0
0.0
0.9152939089407839
0.0
0.7197396684107558
0.0
0.5556056371260754
0.988232619283628
0.2182646315079709
0.467834210753791
0.0
0.0
0.7625886050992192
0.9053530461980605
0.0
0.9440947783492821
0.0
0.419382326946077
0.483909322023741
0.5395012931962357
0.3971521862590062
0.0
0.6605963014447309
0.15467489571489013
0.7827533619931069
0.0
0.17792388498163858
0.6969390376424972
0.1892879010713247
0.0
0.23014141709933206
0.0
0.0
0.0
0.0
0.785073670884072
0.7235343959632554
0.0
0.0
0.36794533653949063
0.0
0.0
0.0
0.0
0.0
0.3508663762956613
0.0
0.365232802482662
0.0
0.7429864296132483
0.0
0.0
0.4773897232384929
0.06362278770781502
0.0
0.0
0.10376053195729566
0.5392026070157331
0.0
0.0
0.879327980814899
0.0
0.6734109996873507
0.8408067359140345
0.0
0.0
0.0
0.05479226603061801
0.0
0.0
0.48702327152135244
0.0
0.5996758643608782
0.5735047866071343
0.5951169284243272
0.147927339895311
0.0
0.09811169547353449
0.0
0.0
0.0
0.0
0.0
0.5849810977357127
0.991615240339714
0.0
3.4042959849160335E-5
0.0
0.29927806876028157
0.8423428455026074
0.0
0.24876742679962124
0.7511684551220251
0.0
0.0
0.9436036765952621
0.3441564612797659
0.381062370677485
0.0
0.0
0.3533283798585208
0.0
0.0
0.6449222232582281
0.19260160856149353
0.0
0.0
0.0
0.6111355381874017
0.0
0.0
0.0
0.0
0.8607723061456309
0.0
0.4806282868062915
0.0
0.0
0.08263844835686869
0.32379955781980985
0.0
0.3711740172313723
0.5800684196224816
0.0
0.0
0.0
0.0
0.37325931514227223
0.11247432420903705
0.9748764745715132
0.0
0.0
0.0
0.5789697672670527
0.0
0.0
0.0
0.0
0.0
0.0
0.228147026439033
0.23400756106514223
0.638098667886055
0.4912553774740158
0.8092978127761128
0.42815615139217983
0.0
0.4964007972018016
0.9603080188619603
0.0
0.21741499990977425
0.0
0.20689538705031008
0.6740898657741557
0.0
0.7437046863005171
0.0
0.0
0.0
0.0
0.4072189633386331
0.8934941118782816
0.2545384396145496
0.0
0.0
0.5872342542750236
0.45091397877048384
0.3087946331886688
0.0
0.0
0.23552553032994708
0.7932232762722442
0.0
0.44010633475074334
0.0
0.01842213792959696
0.31366772738431953
0.0
0.0
0.1464117945033746
0.0
0.0
0.5539026889825251
0.0
0.0
0.7615209564865665
0.0
0.5733385396804658
0.0
0.942449549474197
0.5136296945628723
0.0
0.0
0.46711425508657506
0.9443350120996511
0.21259056761442402
0.054918440997601264
0.0
0.0
0.2563327238664499
0.0
0.6242017806619081
0.0
0.5132315108532369
0.0
0.6494765807030064
0.6973786305479339
0.8217315378567296
0.0
0.1468908582859811
0.40241913369828164
0.5059092558510856
0.37892652714844255
0.0
0.0
0.0
0.0
0.0
0.0
0.0
0.20540199007388826
0.0
0.5779434329899524
0.27643667870932337
0.0
0.0
0.14608231172442093
0.0
0.0
0.0
0.5372736407039098
0.12455449015252584
0.23229408330109708
0.0
0.3218007098027966
0.15449203916816198
0.0
0.44181273662176745
0.0
0.481104471474486
0.0
0.0
0.18286649915429715
0.0
0.7484697562011017
0.0
0.4860041047735078
0.0
0.0
0.727336912077528
0.43139920494285716
0.0
0.0
0.0
0.0
0.19647136172698745
0.49842436920307426
0.688589518264879
0.23178394042541833
0.0
0.8238938786691276
0.0
0.0
0.0
0.0
0.0
0.964207649214873
0.0
0.0
0.0
0.0
0.5749241859805634
0.9895622962682696
0.0
0.0
0.7335687745290891
0.0
0.8613438572443405
0.24450723110793046
0.33069152325052203
0.0
0.8767081412186969
0.0
0.0
0.0
0.0
0.0
0.0
0.19930079690418648
0.1086635515274604
0.5894935667740299
0.0
0.914631561114153
0.3619427750384679
0.9918277885861319
0.990737144430618
0.0
0.0
0.9486700077601793
0.0
0.0
0.0
0.0
0.0
0.21609630545439124
0.18833241357877506
0.40118256567794663
0.561849882738125
0.6082175258309587
0.9381744691219127
0.0
0.0
0.0
0.0
0.9183615806254203
0.0
0.6516670068868281
0.0
0.0
0.0
0.8472173154830541
0.0
0.5568682527319482
0.0
0.0
0.0
0.13085704403367032
0.0
0.0
0.0
0.14442420530191158
0.7094532251349219
0.21680185880472308
0.0
0.5625622616868643
0.6907114900139089
0.0
0.9005176614157426
0.0
0.13330634606991715
0.0
0.0
0.0
0.0
0.9779579759809267
0.7619151057792276
0.34356490765992587
0.15071325096499333
0.0
0.0
0.9406405611671634
0.5459176936515794
0.21141421271335326
0.0
0.04749740045374281
0.0
0.0
0.0
0.9362402593664179
0.7583259616141876
0.0
0.0
0.49969841075147514
0.9431558179683155
0.7906984956322606
0.6486232605207866
0.0
0.0
0.0
0.0
0.2754630835767436
0.0
0.1219040212080711
0.5962207164540899
0.0
0.9768461278829497
0.5945756788420642
0.0
0.7621124115735448
0.8939122675718071
0.0
0.0
0.7198523615708019
0.5954662865337502
0.3690277076283775
0.7879078267154804
0.0
0.0
0.0
0.0
0.0
0.0
0.0
0.0
0.8301003124130395
0.0
0.0
0.0
0.7168414346810454
0.0
0.34452840855231703
0.0
0.6290749778627798
0.6948406011957684
0.0
0.0
0.0
0.0
0.7929138698200401
0.0
0.0
0.3434159378844627
0.18210940954944163
0.0
0.1484210540515516
0.0
0.2259223313259033
0.0
0.0
0.8705275564850542
0.6805541130196361
0.0
0.0
0.784254272391453
0.6627816600813433
0.0
0.03562883197881858
0.0
0.08137383910486323
0.37503482676369204
0.0
0.0
0.0
0.6203079318980554
0.6909136333506195
0.5344842817644319
0.0
0.7482087352641859
0.0
0.2565736938070077
0.0
0.45483563257879217
0.0
0.5125801002525988
0.8450487708745156
0.0
0.29845815765087136
0.21031758026049258
0.0
0.0
0.0
0.0
0.6667143984257764
0.0
0.0
0.0
0.5956788491287086
0.0
0.0
0.13545050288441754
0.0
0.0
0.0
0.0
0.327046653795086
0.8227982527878382
0.0
0.0
0.0
0.1439926437649707
0.0
0.31467516356973074
0.0
0.0
0.5073901700380193
0.0
0.0
0.45204974144247195
0.8887086029845496
0.29760140460793155
0.0
0.0
0.0
0.5988647032413632
0.0
0.0
0.0
0.8812011859702762
0.0
0.9222602211012844
0.932863144026006
0.0
0.0
0.8986071436553121
0.47278070774003494
0.5014735610587715
0.0
0.0673465144281262
0.0
0.0
0.0
0.8364578353518434
0.14820243589933424
0.8776987154725052
0.0
0.0
0.5929152588986809
0.0
0.0
0.39805165340395066
0.015664987899900985
0.0
0.08454041513526236
0.42536299971836383
0.0
0.9310007728991153
0.0
0.0
0.0
0.0
0.0
0.7386830508121991
0.8361107765172441
0.1787559554668812
0.6030829327276176
0.10183666530762063
0.0
0.15075252917932178
0.0
0.0
0.0
0.30062082766336323
0.0
0.0
0.0
0.0
0.0
0.042168726379866794
0.0
0.0
0.41682677153865666
0.5999637167184403
0.0
0.46304112092668726
0.0
0.0
0.3118169363463846
0.03854180546314251
0.0
0.0
0.4493660731054341
0.0
0.0
0.0
0.28857629760446435
0.0
0.2790060763263001
0.5217149941033756
0.1426046738154958
0.41888484740692744
0.0
0.0
0.0
0.0
0.0
0.0
0.29265118697198705
0.0
0.0
0.5764469616497958
0.0
0.613662140385015
0.0
0.0
0.0
0.0
0.45887062550992624
0.0
0.0
0.6065903625644009
0.0
0.7804661376806837
0.0
0.0
0.0
0.0
0.4893041948631883
0.0
0.4448488506015123
0.6057544764912751
0.43448615164127335
0.0
0.1599668158548787
0.3802566652367922
0.0
0.2752274268141023
0.2590490510394583
0.0
0.5508060371951542
0.34976921534803784
0.0
0.0
0.0
0.0
0.7356724511387314
0.0
0.0
0.33232526487281006
0.0
0.0
0.02248123631819158
0.39443774972869416
0.0
0.0
0.0
0.0
0.2355329084377862
0.0
0.6065769666270087
0.198326759451013
0.6576447958773096
0.0
0.17863142782067407
0.7861105457495503
0.09542561932767395
0.9341413737236148
0.0
0.0
0.0
0.0
0.0
0.0
0.0
0.0
0.0
0.0
0.4672816979829348
0.21022394161479702
0.0
0.0
0.4372034172002886
0.0
0.0
0.0
0.9410840486740314
0.0
0.0
0.0
0.0
0.0
0.0
0.0
0.0
0.0
0.0
0.0
0.0
0.0
0.0
0.0
0.0
0.0
0.0
0.0
0.6675867658277218
0.0
0.7112333696779916
0.5604268892015114
0.0
0.7254352024111317
0.7043220030811498
0.0
0.0
0.0
0.04436013678343527
0.0
0.0
0.7683311238188251
0.8721290096783754
0.0
0.0
0.030756173145536435
0.5940146810003903
0.0
0.9693667550069339
0.0
0.0
0.0
0.790675099434828
0.0
0.0
0.0
0.0
0.0
0.0
0.0
0.6914812596013261
0.4451976275981133
0.3394628949757541
0.0
0.979963080364813
0.95832834871808
0.9586242068320502
0.7127103410077826
0.0
0.8427578380773929
0.0
0.13010028224940076
0.8664072047185529
0.16612001924304276
0.6634397990865433
0.0
0.1253988249735342
0.2352704771391941
0.7130814478329671
0.014084501844971899
0.0
0.0
0.42599576202944966
0.1391051406961692
0.8643771601819523
0.0
0.0
0.4989943412106087
0.0
0.0
0.796926920263236
0.027828245667615045
0.0
0.35209763703721114
0.0
0.0
0.41985278356554884
0.0
0.10162958807532484
0.9091058738100247
0.0
0.0
0.19435148867102373
0.6925073787253959
0.24857435142299858
0.0
0.0
0.3735823342200043
0.0
0.6631587935691287
0.9092674194320125
0.0
0.0
0.0
0.0
0.0
0.4847339355066542
0.0
0.0
0.0
0.033152266827217926
0.4659298024078563
0.0
0.8135684195176266
0.0
0.6900456673833179
0.5967951582250728
0.8292959785096653
0.7924073942838119
0.454798742105302
0.0
0.8448608777853588
0.0
0.9271350531745538
0.6534356824266495
0.32689072413304654
0.0
0.5171121797086127
0.0
0.0
0.0
0.0
0.0
0.0
0.0
0.0
0.0
0.4158576309020048
0.12909134490202412
0.0
0.26174670336700034
0.0
0.7873162560537279
0.0
0.0
0.0
0.0
0.0
0.0
0.4780418071228387
0.0
0.7193688659750923
0.0
0.3711070970615292
0.23920112060182422
0.43620474020216504
0.034844627599971
0.0
0.956660631811661
0.0
0.0
0.0
0.0
0.061428336485978494
0.0
0.361100672770687
0.0
0.0
0.0
0.6750649157851635
0.06123325976518838
0.0
0.8772386452956633
0.0
0.0
0.7364443723034956
0.0
0.0
0.7934017661427863
0.9797193612166
0.05848518419658003
0.9729884607020736
0.28235798865841233
0.0
0.0
0.1719731260433119
0.9036321155850323
0.0
0.8434705317049646
0.0
0.01913293915522011
0.8612264321415246
0.18901150939294156
0.0
0.0
0.9302336810337813
0.2458510879553373
0.0
0.0
0.9373436970477623
0.0
0.0
0.11298232013385648
0.306925081607733
0.0
0.8003475298715365
0.0
0.8417676290583863
0.29609528117736567
0.0
0.0
0.0
0.0
0.0
0.0
0.20113442034456486
0.17593855676508185
0.7853893192509009
0.9234890062920571
0.918739164097894
0.0
0.0
0.0
0.2934207801030297
0.7839783839823545
0.0
0.2322846555088617
0.0
0.0
0.36193703220628776
0.3071537793058355
0.0
0.0
0.0
0.0
0.26603677200049275
0.0
0.27217497864188145
0.0
0.11114470553050489
0.0
0.1538671262491886
0.48912009236725207
0.0
0.0
0.0
0.0
0.0
0.8795962963983381
0.4393511248096843
0.31603831693231765
0.49774281764624967
0.0
0.0
0.0
0.7454209347862363
0.0
0.0
0.0
0.8629181805776657
0.0
0.646504549387137
0.8917073686141813
0.7754897216666425
0.7861776325437072
0.0
0.0
0.0
0.6223947416962881
0.30317804843202756
0.0
0.9246461995905707
0.2737365915442026
0.0
0.0
0.2577079514077901
0.6287709267551196
0.796353797753733
0.8913386790852307
0.0
0.0
0.0
0.6419564953638889
0.05178587431009115
0.0
0.0
0.0
0.0
0.7394824447810903
0.0
0.0
0.9575090996356403
0.0
0.1833952882641286
0.4939669158802788
0.43052657598437777
0.0
0.3397083783256668
0.2863884471461545
0.0
0.9363461590844642
0.23029720899763825
0.0
0.0
0.0
0.04398828037337158
0.0
0.0
0.0
0.0
0.44827469947653303
0.0
0.0
0.2621404438262375
0.7278109803353062
0.0
0.8022634274415255
0.0
0.0
0.0
0.0
0.7971042835596859
0.9805620658182495
0.0
0.0
0.10159525653084588
0.5440675769707345
0.11750180663238914
0.6202707423055656
0.0
0.0
0.0
0.0876367057978939
0.0
0.0
0.20402995032893903
0.0
0.755415714608379
0.0
0.0
0.0
0.0
0.0
0.0
0.0
0.0
0.0
0.0
0.0
0.0
0.0
0.0
0.0
0.4339137957424158
0.0
0.25882185609021763
0.06398847843920777
0.8175742949181887
0.0
0.0
0.48376595876174855
0.0
0.0
0.3979172168512517
0.0
0.19142228780062662
0.02806672636296371
0.0
0.0
0.03335128231275885
0.0765899907226173
0.0
0.6399364040849935
0.0
0.0
0.20605205055603817
0.0
0.0
0.7844404135368225
0.9563049976138241
0.15643197287671431
0.4857824078241718
0.1526751405875825
0.6200940556402339
0.5515441892194626
0.0
0.0
0.0
0.0
0.4135452210104272
0.9863631435915436
0.0
0.0
0.0
0.0
0.0
0.7037373445949711
0.09755729591669023
0.37735617684822664
0.0
0.0
0.0
0.5001265152634295
0.6145503949782364
0.0
0.0
0.733996822334294
0.2522201023573106
0.6961776982101388
0.5023614340470313
0.851326616483683
0.0
0.0
0.9358740698524972
0.0
0.0
0.0
0.4942977096267725
0.3250945730171836
0.5835681809625238
0.7476536999507156
0.8890344055075449
0.0
0.0
0.0
0.04875268429321867
0.0
0.0
0.8532391608083669
0.0
0.0
0.16470956770041328
0.9470710797550819
0.0
0.0
0.48701039722176603
0.0
0.8093179182510188
0.0
0.0
0.6757887467378993
0.0
0.0
0.0
0.4893533193014787
0.5868656909701302
0.1286890865430412
0.0
0.0
0.0
0.013851796984308625
0.18614912502006153
0.0
0.0
0.0
0.6280889447517872
0.3445293155268955
0.0
0.0198345117187337
0.6349405921429419
0.0
0.7714022357351067
0.0
0.5379902376483906
0.0
0.5156189394515672
0.09826684517890713
0.9762632473701532
0.0
0.0
0.0
0.30201890677501675
0.8643584364966499
0.48242452167624333
0.0
0.0
0.8351946044443218
0.03711751826997746
0.43743021746149574
0.2191034355918816
0.0
0.5162177684494308
0.0
0.0
0.0
0.47774393579986046
0.0
0.0
0.513243408483534
0.6997910585309933
0.43024755290912703
0.0
0.0
0.7683570745455479
0.17269713869265152
0.5662436915617314
0.0
0.9783077929206169
0.0
0.9433077250296488
0.302843194043011
0.9388854531033305
0.0
0.0
0.0
0.0
0.0
0.44418837690441415
0.0
0.1052900536038625
0.49163823210565827
0.0
0.08522773595969048
0.0
0.39394455520824173
0.0
0.0
0.0
0.0
0.0
0.0
0.0
0.0
0.0
0.0
0.6593549458812062
0.0
0.3975095227477655
0.0
0.0
0.6085524397554624
0.0
0.0
0.0
0.25053543916425314
0.0
0.7175359238755477
0.3165250446745836
0.3445873978440863
0.8609519253487704
0.0
0.0
0.0
0.0
0.6915873536080942
0.0
0.3538048304217545
0.0
0.0
0.7829122727625234
0.0
0.9520308580913546
0.0
0.0
0.0
0.0
0.0
0.7387831865475076
0.7788707183040808
0.0
0.0
0.07746242127179685
0.0
0.5830822787980532
0.0
0.0
0.0
0.0
0.8745211945712976
0.24844943724727064
0.39673068920298604
0.0
0.0
0.0
0.0
0.0
0.28304525664993435
0.0
0.0
0.0
0.0
0.33448346989686195
0.0
0.8222892205770516
0.588995317935434
0.7013873524762704
0.0
0.0
0.8095836461883676
0.0
0.0
0.0
0.0
0.14651900686158087
0.0
0.0
0.0
0.7497107953490818
0.979371445570952
0.0
0.7326056407888473
0.0
0.41916556286892726
0.0
0.281270298867549
0.28702326223325647
0.0
0.10757273365501811
0.2832203492914852
0.13095924336735043
0.0
0.9939524539874373
0.8105028028042368
0.0
0.0
0.0
0.21370805398441264
0.08961145386636951
0.619994299963735
0.0
0.005422261824821382
0.2017935011491123
0.0
0.0
0.0
0.0
0.0
0.0
0.21422262610144788
0.0
0.4414120220307834
0.0
0.0
0.0
0.0
0.6812066824213614
0.0
0.0
0.0
0.18041112969385353
0.0
0.49013156409275044
0.0
0.0
0.2531359231345993
0.0
0.7341052610248078
0.7177915103660522
0.0
0.0
0.8239335644280531
0.6402417052979845
0.0
0.5247267412234156
0.0
0.0
0.9977679663880701
0.0
0.0
0.4368418475396694
0.20625619478082036
0.0
0.1853837361087308
0.31303402115941414
0.029118277760988704
0.0
0.0
0.4459010125958679
0.5764340713116298
0.8626376159762165
0.0
0.0
0.0
0.43074367487389487
0.3909913512947808
0.2796895308284407
0.0
0.8029667967229077
0.0
0.0
0.7696968554244595
0.0
0.0
0.6368807333509099
0.6270348082967989
0.0
0.9850535493455399
0.0
0.0
0.9394312773057976
0.0
0.0
0.032750881933513616
0.0
0.0
0.0
0.6758354645594544
0.3457274981112838
0.0
0.6638932867400246
0.4042673200765795
0.0
0.0
0.0
0.0
0.0
0.4813020036628726
0.8809837789735261
0.597665360530475
0.5488747822738409
0.9530505379428721
0.670371669732693
0.8945644926760341
0.0
0.0
0.0
0.11440188631208857
0.0
0.9048183884194685
0.0
0.0
0.0
0.0
0.09814868099651379
0.7568490077470901
0.0
0.22390023663473677
0.8120554209700315
0.04746586973812643
0.04065861309550317
0.0
0.0
0.601774283333342
0.24928328284890797
0.4846396992217407
0.48522671679737206
0.0
0.0
0.0
0.0
0.20857646137822572
0.1638037718586351
0.9713967858362066
0.9074419798925467
0.0
0.762478043500154
0.0
0.0
0.7749367705283949
0.0
0.0
0.6138423084986515
0.019002371513177872
0.0
0.0
0.41738195502465264
0.0
0.0
0.0
0.0
0.5438928118858019
0.0
0.03588025591255873
0.3517653526024067
0.0
0.0
0.7810014678054957
0.0
0.0
0.17935296569520257
0.0
0.0
0.0
0.37124565275846066
0.0
0.0
0.8451832446573626
0.9995883901803426
0.5504871622017499
0.3963284841402631
0.7009106632075935
0.5634687610318195
0.9004070255829888
0.6258198253607505
0.0
0.3602977835537161
0.0
0.0
0.10270464651198798
0.0
0.0
0.9045724288569728
0.0
0.5549509170525364
0.0
0.0
0.0
0.4270871918190402
0.0
0.6803828243051314
0.0
0.0
0.02589812016304878
0.9455411860607071
0.0
0.0
0.13869819851581078
0.0
0.25660566864370726
0.0
0.23114178958173928
0.3805942157657964
0.0
0.0
0.0
0.0
0.0
0.9921925672281525
0.0
0.0
0.0
0.5087614979386736
0.8905446016281362
0.0
0.7008105967346232
0.0
0.0
0.0
0.0
0.0
0.0
0.05826377302188872
0.10281071369675973
0.0
0.0
0.0
0.40523024285661885
0.6141856700958642
0.0
0.7717490698495998
0.0
0.0
0.0
0.7599242299583021
0.0
0.7575277841687601
0.0
0.0
0.0
0.0
0.750231202412647
0.01586712559181292
0.0
0.228860737580963
0.29971962358073306
0.0
0.0
0.0
0.0
0.0
0.0
0.0
0.27330769734962096
0.0
0.0
0.0
0.0
0.0
0.7125882821544783
0.9787434990700097
0.0
0.33920757470692925
0.8991376337783643
0.0
0.23787412729545893
0.0
0.0
0.5448833878760428
0.0
0.0
0.5218388668528315
0.0
0.0
0.0
0.0
0.0
0.0
0.0
0.0
0.0
0.18925210073420595
0.15470147848544688
0.4177927718565061
0.0
0.39606503887461364
0.0
0.0
0.7665312138121275
0.9422960477343973
0.0
0.46547145443390303
0.0
0.7516539019869665
0.0
0.4729894881081593
0.011145651759378638
0.0
0.0
0.8343768046981558
0.1322698746297261
0.0
0.0
0.6038220588806857
0.9498949122266873
0.0
0.0
0.350916391617722
0.0
0.2726621439964147
0.0
0.0
0.0
0.8296603221263426
0.0
0.5089974160368819
0.0
0.0
0.36685322412025356
0.48582236721101035
0.0
0.0
0.07705887295748705
0.0
0.6580658255003916
0.0
0.0
0.34728106875727877
0.0
0.7155423194864483
0.2286282021516916
0.0
0.0
0.0
0.0
0.6332259441792787
0.0
0.0
0.0
0.1595545922983591
0.0
0.9342790594970514
0.9967945863695702
0.0
0.4014911371184066
0.0
0.0
0.0
0.035346376344467016
0.0
0.0
0.12852675146647177
0.8955766072419673
0.6606373916943628
0.0
0.0
0.0
0.0
0.6248970905527313
0.7017533513808787
0.4971271983560554
0.8001404036731042
0.0
0.0
0.0
0.5653066532983406
0.5227123959370705
0.0
0.0
0.0
0.2499429459929964
0.12972137182085205
0.8509369850073022
0.03011644647899996
0.7728544887514665
0.0
0.9907029552214677
0.2905626810518491
0.0
0.0
0.21907124323833851
0.0
0.0
0.699604305607838
0.6623267265667753
0.38894469336541443
0.0
0.0
0.8299342943657658
0.0
0.0
0.0
0.18648197863662444
0.2227806871420214
0.0
0.8133967466626354
0.48186708650277044
0.0
0.37942101159620856
0.0
0.0
0.611607157835359
0.5323543490209092
0.0
0.0
0.9003801740279005
0.24866264969448876
0.5967681962659447
0.0
0.0
0.27226456614146566
0.8933420754270163
0.4071075584199196
0.828993755598483
0.3963922334372948
0.0
0.0
0.0
0.0
0.12754262829105975
0.0
0.5290216244502068
0.0
0.0
0.0
0.0
0.0
0.0
0.0
0.0
0.0
0.0
0.0
0.0
0.0
0.0
0.0
0.7809200001191698
0.9605997921331906
0.04234984383572942
0.756059171285926
0.0
0.0
0.6376847922528732
0.16433675116208146
0.5881929495215604
0.26286369561074296
0.003910205121769555
0.0
0.2943633004080393
0.0
0.31008955280642775
0.903678381478561
0.0
0.19844258051525782
0.0
0.0
0.48293141208029494
0.0
0.0
0.3658922581800127
0.0
0.0
0.7291538763910069
0.0
0.06614436450352201
0.5247645228176212
0.4709618800013091
0.0
0.0
0.0
0.11646392595007081
0.8661761118742157
0.0
0.0
0.0012041374641432773
0.0
0.7202337070222551
0.08211523402827048
0.0
0.0
0.0
0.0
0.0036675476969561275
0.0
0.3171922284184258
0.58674601778548
0.42979183411732086
0.24290168401106949
0.0
0.0
0.0
0.020044747132459677
0.43341578763412714
0.8739361692522937
0.0
0.0
0.0
0.30246640870592084
0.0
0.0
0.0
0.5993708370864509
0.986987603937544
0.565629048257977
0.0
0.0
0.0
0.706751312310558
0.0
0.0
0.0
0.0
0.7262627912581926
0.7120279448272969
0.0
0.4269473052568297
0.0
0.6309193018563547
0.0
0.0
0.0
0.0
0.6369163288699587
0.0
0.5408795130233868
0.3563693589071898
0.0
0.0
0.494850886164371
0.7151212691465418
0.0
0.0
0.331166859520301
0.6608169882903703
0.2929881218319877
0.0
0.0
0.05624979270252728
0.0890410450389341
0.0
0.0
0.09152312733256783
0.0
0.0
0.0
0.38111669877887316
0.7075607545207625
0.803060337155027
0.0
0.0
0.0
0.3175907013357271
0.12350602955201741
0.0
0.0
0.0
0.0
0.2650493894450219
0.13950362513220158
0.0
0.0
0.398690251276512
0.09729786168669009
0.032352901520347484
0.0
0.0
0.0
0.6388784280033369
0.6492354283532552
0.0
0.0
0.0
0.0018335979282471887
0.0
0.2681473705651412
0.7532697768138301
0.7559352707055933
0.0
0.0
0.0
0.4629621190591925
0.9959257330538341
0.8120920693894691
0.0
0.8886884056932703
0.0
0.8891244392341343
0.0
0.0
0.0
0.0
0.38610147475522894
0.29210068469993294
0.0
0.0
0.0
0.0
0.0
0.9629574839170864
0.06179785360788807
0.0
0.0
0.11802347687354342
0.0
0.0
0.9924437463856611
0.0
0.0
0.49456593761109174
0.33942964953650007
0.0
0.0
0.2737639401185066
0.0
0.0
0.5462905583010685
0.8069576638958351
0.25150728373118536
0.0
0.0
0.0
0.0459565375200475
0.0
0.0
0.0
0.004624674380746435
0.0
0.0
0.0
0.0
0.0
0.12070579214179317
0.29686589514509115
0.0
0.8682188178786822
0.0
0.18324973321550664
0.5554781650543741
0.0
0.0
0.0
0.11040819926452598
0.6673593598294985
0.14706922511510975
0.0
0.17787521892202185
0.9468276254313064
0.007993791438957233
0.7255369482738735
0.6810653435659233
0.0
0.0
0.5186591436273242
0.4477697442038874
0.0
0.7735039749219079
0.0
0.0
0.9977628755117794
0.028609789440071712
0.9879416017209904
0.0
0.2659646818004055
0.0
0.5157307263062623
0.11431287957677767
0.0
0.0
0.0
0.0
0.0
0.11372480867146159
0.0
0.6351483234517074
0.7682076470085855
0.0
0.4194064610852322
0.0
0.0
0.6078531536949716
0.0
0.0
0.2682962396025072
0.9912625276381486
0.8863022656979926
0.0
0.0
0.4058368717092472
0.7775203673413884
0.0
0.44616048461243285
0.23835507057985506
0.12116901467360132
0.0
0.0
0.0
0.8987117423951845
0.4237912977329827
0.0
0.0
0.0
0.0
0.5318826554591068
0.9505978819074202
0.0
0.0
0.060991695491067865
0.0
0.8672293197762859
0.9756619718462182
0.016592632592630416
0.6241739655182987
0.0
0.0
0.0
0.4484838822733713
0.0
0.0
0.0
0.7861021706550382
0.9162675845963058
0.56917466253133
0.6519644184429115
0.0
0.1420547000594319
0.8913449204230374
0.0324837675547525
0.4920235763236399
0.8071007885300046
0.7098362606917836
0.26983806837601354
0.0
0.44354360779110896
0.0
0.0
0.0
0.8715850316728001
0.0
0.0
0.0
0.09617951373777908
0.0
0.8436512265998946
0.7691895877865119
0.0
0.11454665472576113
0.0
0.9994406392748756
0.0
0.0
0.523680604451331
0.0
0.0
0.0
0.0
0.5546443758093196
0.950592006104673
0.5070666364758436
0.0
0.865902850725599
0.0
0.7164223435541317
0.0
0.0
0.6615939309120493
0.6330707784124041
0.0
0.0
0.7653992975197716
0.010182438519015976
0.0
0.45922514692053307
0.0
0.0
0.0
0.778146939160866
0.7451624788346511
0.0
0.0
0.46265933675847737
0.39066692476808945
0.0
0.0
0.3681318335121686
0.6949553025114884
0.0
0.7084459003173798
0.0
0.0
0.2692949731258024
0.0
0.19825518770081382
0.0
0.0
0.0
0.0
0.05019066897747549
0.0
0.09826475209514567
0.0
0.27322114282612087
0.0
0.0
0.41406121171195975
0.32562840261688764
0.0
0.0
0.46325452238747206
0.5076181216302006
0.0
0.17729161238668936
0.0
0.0
0.0
0.47817181425723126
0.3791472812292407
0.9054978176256792
0.9874393659204929
0.09594797568472457
0.4211937287020698
0.8032691150927392
0.8451312302090096
0.0
0.34476423288985075
0.47536541955537287
0.006691454643236695
0.2714396562777344
0.0
0.8768896756868323
0.3641170927883942
0.0
0.6766043142044603
0.2769853850350119
0.03981687452210076
0.5101485753356689
0.0
0.5660363362677886
0.5968097263904875
0.0
0.0
0.9799306730756575
0.0
0.0
0.28305153622762885
0.5564404770462484
0.0
0.0
0.0
0.0
0.1334955348343397
0.45982074347365026
0.7880022005625569
0.0
0.37103935331768767
0.3309551673089445
0.0
0.9465120529209408
0.8291810908727717
0.9560819614887164
0.9775851436493154
0.8183829559747507
0.9697329632063942
0.7111252553736062
0.0
0.7254206567318547
0.2901430756593187
0.3349776709914573
0.5563459207747227
0.5893600150788322
0.27290233248801504
0.0
0.34344090745723704
0.2840228369702095
0.0
0.0
0.0
0.0
0.3886936883372357
0.0
0.0
0.7592873979315587
0.8128482364957824
0.48672807187647094
0.12531401638505918
0.0
0.5336206504511255
0.41391131814563936
0.0
0.9867128063051956
0.6137236084929774
0.2639003640230145
0.0
0.8173585147441612
0.0
0.0
0.0
0.0
0.006317195582161876
0.0
0.0
0.0
0.45510092175248407
0.0298303523399671
0.0224328032606116
0.0
0.0
0.21051816283738492
0.3647968037163168
0.0
0.8720170085456012
0.8227259009532322
0.14834944010816578
0.0
0.0
0.26796232458234415
0.0
0.9948345008493972
0.0
0.0
0.0
0.40655094038846484
0.0
0.0
0.6988483478560348
0.0
0.5799701970695034
0.0
0.4462277231251689
0.16358448106079226
0.9316516283667791
0.0
0.0
0.0
0.0
0.7877002612315309
0.0
0.5424652974390587
0.9627148900468906
0.12605579907604908
0.42986259706611013
0.0
0.0
0.0
0.0
0.0
0.681893729692251
0.7772265699436555
0.0
0.8794510730322024
0.1673346027632947
0.0
0.42218982707487385
0.9611898486202461
0.0
0.9836948278155485
0.9347884070417789
0.9908012176676537
0.6168850192914529
0.0
0.0
0.0
0.0
0.0
0.42534078341020065
0.0
0.35440278858420055
0.28572870994650357
0.3330116881780359
0.16126262272922337
0.7305893073881403
0.0
0.0
0.7771603978343484
0.0
0.0
0.9428320321783203
0.0
0.0
0.0
0.0019564726371957956
0.0
0.0
0.6276517070297698
0.7274958615504562
0.0
0.42944119629766
0.14971096739990217
0.0
0.3667884323705834
0.6585643409870456
0.5145576416219486
0.28758163379421237
0.8659961343159112
0.0
0.7400489376343129
0.0
0.643404715755293
0.0
0.0818303609694653
0.8160829242328186
0.33124275739405334
0.9982233206953905
0.26835012923251006
0.0
0.28709446757137436
0.0
0.29485205524220953
0.655672661407442
0.103608753695373
0.3590624490476722
0.9772556545736008
0.0
0.0
0.0
0.0
0.4655389873641535
0.0
0.3322293268073889
0.4594595472454168
0.8101264626331393
0.8379293536004561
0.0
0.45510837583964603
0.0
0.559253362907637
0.3801600519884946
0.0
0.06144009032603923
0.0
0.0
0.3311400011990337
0.9635144477817819
0.3085015872490104
0.0
0.5442445237296858
0.6805177419094801
0.0
0.0
0.9573581114511409
0.0
0.0
0.461810194348125
0.0
0.769169619860926
0.4099592235217515
0.9296145202601022
0.0
0.0
0.0
0.0
0.003380681954816948
0.49175948328920516
0.8147304390300384
0.364314062150233
0.0
0.0
0.7838425909440992
0.0
0.0
0.0
0.20317033520162922
0.0
0.9784168247733248
0.7619739797630823
0.0
0.7968047395119996
0.4875882947438354
0.0
0.0
0.0
0.9415081899791106
0.07200342503713003
0.12918513892687067
0.8753894792703862
0.6812486261001607
0.0
0.0
0.0
0.0
0.0
0.327520790367622
0.9288991424386766
0.0
0.0
0.8609904987574221
0.739580710828628
0.0
0.328389060521569
0.0
0.0
0.2585780004629005
0.021327371919592573
0.9823281325660241
0.7308310169017451
0.9538866517075613
0.9908051799176327
0.0
0.4436653395571854
0.27738292365575223
0.0
0.0
0.0
0.9960419824895366
0.8668785882888583
0.0
0.0
0.0
0.34965550101750115
0.9576608099131612
0.8851034186092519
0.0
0.1396929741808503
0.3787904833957113
0.11735863745285514
0.0
0.434046867496285
0.942860734963443
0.0
0.38597054231765254
0.8873749964769984
0.0
0.0
0.8028823425919382
0.0
0.0
0.0
0.30276821324256487
0.7741280633863611
0.3688199610056334
0.0027305031892849285
0.0
0.07122365324527588
0.0
0.0
0.0
0.6965277368246516
0.0
0.0
0.0
0.22753397853431792
0.0
0.9247653665288387
0.34306366056618876
0.0
0.003336670320137318
0.5588197824671348
0.6834999919943839
0.5940645453071388
0.68787026105398
0.0
0.0
0.48008865504279874
0.0
0.0
0.0
0.0
0.0
0.6484717366280939
0.7432196062144437
0.0
0.0
0.5341437835230177
0.4939548506306126
0.0
0.0
0.0
0.0
0.8212693412484323
0.0
0.3621460807527863
0.0
0.0
0.0
0.0
0.0
0.0742558754449627
0.0
0.0
0.0
0.19635364646716813
0.5307292406376093
0.0
0.5700692183456759
0.6428085446830883
0.0
0.0
