0.5092341041584789
0.0
0.0
0.0
0.4175490121239453
0.0
0.0
0.6288014491202433
0.0
0.0
0.0
0.7618130207262215
0.8553551372738232
0.0
0.0
0.0
0.2658135432257573
0.3304889774093168
0.0
0.0
0.0
0.0
0.9557237925074892
0.0
0.0
0.0
0.2536247865260822
0.47024754019876347
0.0
0.0
0.0
0.767222008220803
0.0
0.0
0.0
0.0
0.7271168502622162
0.0
0.0
0.0
0.0
0.0
0.18591548266418875
0.0
0.0
0.9109841338857065
0.0
0.046776079154532337
0.0
0.0
0.9630603675971859
0.4131438527307573
0.6579497968705189
0.9531778554948316
0.0
0.8368949099537282
0.0
0.0
0.25751302941925597
0.0
0.6607413498487865
0.0
0.0
0.4898503013575571
0.6667636750388612
0.0
0.0
0.0
0.32343903431894777
0.0
0.4682795491852705
0.0
0.0
0.0
0.0
0.19254660894785444
0.0
0.7084863335101159
0.746520918281721
0.14614718579279912
0.709697171426763
0.31880170195432705
0.2693870066242951
0.7459318045406973
0.8394083898456474
0.0
0.6846063014356425
0.9983664109066099
0.4051686994244148
0.0
0.0
0.7070541947584089
0.39752414744423414
0.0
0.22874981437897668
0.0
0.958452103637642
0.0
0.0666616857858347
0.0
0.0
0.0
0.3640494653872445
0.09475920597823333
0.0
0.0
0.0
0.0
0.7433043732923803
0.5885263706257597
0.0
0.7179138797516186
0.18834856317656795
0.835636018697243
0.0
0.0
0.17959185908287129
0.0
0.2750617056766134
0.7903833387385761
0.9137610594776511
0.5379902376483794
0.151372010503364
0.0
0.6239414615499451
0.0
0.0
0.0
0.0
0.0
0.0
0.0
0.0
0.7920543137299862
0.2415371475628336
0.0
0.7717290416853808
0.0
0.17344083020455195
0.0
0.0
0.0
0.0
0.6022075346494067
0.0
0.0
0.0
0.0
0.4109366939383635
0.0
0.5835162786192132
0.7549431382985936
0.4498260060460585
0.3833692658472852
0.10633251956639128
0.0
0.6622971010507669
0.0
0.0
0.0
0.0
0.5126611497676492
0.0
0.7910849114944314
0.0
0.0
0.3894692595310734
0.0
0.0
0.0
0.5727814910874008
0.0
0.7260481209756998
0.2643956758093477
0.0
0.0
0.0
0.25741475317511564
0.0
0.0
0.0
0.3378853246838772
0.9214940221874848
0.1925634312790133
0.0
0.4136981735587177
0.0
0.0
0.0
0.14470565152307904
0.563633981132332
0.24425294485505986
0.0
0.2610417600623183
0.0
0.8050985023095093
0.0
0.6116243039276991
0.3649433374581176
0.3106712745999608
0.0
0.8496307761750272
0.16219109315348532
0.7900312509737523
0.0
0.9361934660796026
0.0
0.0
0.8589203308868043
0.0
0.0
0.5218346159812789
0.6585680909021542
0.0
0.0
0.8076149281603328
0.43020142313342674
0.0
0.0
0.0
0.01743077095653779
0.0
0.4451072032697604
0.1302046804753356
0.0
0.0
0.8760579367587963
0.0
0.47574160231184043
0.0
0.0
0.0
0.0
0.16669043781770812
0.15209911733554402
0.0
0.02759888503220118
0.0
0.13787691265795268
0.5447497937637227
0.0
0.0
0.0
0.6084602843317046
0.0
0.0
0.0
0.4568831161124485
0.0
0.4141028827720056
0.0
0.6769939785128898
0.0
0.0
0.669352468464428
0.3042849756986745
0.37652584333428146
0.0
0.0
0.0
0.3972164341183374
0.43495527698923003
0.0
0.017912870966090982
0.7079880752824819
0.7331412946362625
0.41413134161735166
0.0
0.7607527936941372
0.0
0.0
0.7049809186721179
0.0
0.44509754947076574
0.43610383836819716
0.6011421044512774
0.39781668314344143
0.9450775331959563
0.0
0.09887893894100389
0.9155489830836494
0.19134516563137582
0.5079115958797372
0.0
0.4469015184859657
0.752982817612858
0.0
0.3775458456153895
0.0
0.6789614075357584
0.0
0.0
0.4415817803671835
0.8549772569634135
0.1850265037562487
0.0
0.0
0.6353137918087892
0.0
0.0
0.0
0.7166102016558493
0.0
0.0
0.9253073376973248
0.7583259616141818
0.39814471869319873
0.0
0.0
0.0
0.007642993589265346
0.0
0.26060442919224064
0.8533143054904541
0.0
0.8230954883356916
0.0
0.0
0.11504299984268228
0.69552039532694
0.0
0.0
0.3707573236958508
0.0
0.0
0.0
0.8960766814393244
0.12622552625346012
0.6593260177236294
0.5582899563316415
0.0
0.0
0.4608364968891679
0.0
0.0
0.4552777811681683
0.0
0.041902836573511994
0.0
0.0
0.0
0.4054312272247255
0.0
0.06400833061188815
0.0
0.0
0.0
0.7766225610192283
0.7324425256314634
0.0
0.0
0.0
0.0
0.0
0.0
0.0
0.0
0.0
0.3875375025154739
0.21599104208914
0.0
0.8383991184429356
0.07155160853693932
0.35235923476100417
0.0
0.0
0.0
0.9436983740170423
0.0
0.0
0.0
0.0
0.5151475643784874
0.0
0.10291003502655578
0.0
0.0
0.47088576205392113
0.7800914327122291
0.0
0.0
0.0813783463113404
0.0
0.35900075043840024
0.08732405394411558
0.1797011960367972
0.0
0.052495965813253616
0.7948364225310905
0.6847736660804142
0.2063950439825306
0.0
0.0
0.602478732295359
0.21572773396228867
0.0
0.7692065076995648
0.0
0.0
0.0
0.2794187693276712
0.0
0.0
0.0
0.1430716159158296
0.0
0.4193823269460629
0.1091842355104061
0.9392459297594618
0.0738540155851761
0.0
0.6583743097843574
0.7405511822344379
0.0
0.0
0.0
0.0
0.0
0.0
0.0
0.0
0.3836898842571473
0.0
0.0
0.0
0.0
0.0
0.0
0.5761034944421835
0.0
0.14969498297469291
0.0
0.8728303482022897
0.0
0.0
0.8193650345361105
0.0
0.007452299049475674
0.0
0.931672683069369
0.732431306683222
0.0
0.2597845915372015
0.5371700803568354
0.0
0.0
0.9099931819191954
0.9199010883506223
0.0
0.0
0.3412441886208056
0.5375243459879002
0.0
0.643559722961448
0.0
0.0
0.0
0.0
0.6440537639587285
0.0
0.49181953212961255
0.2671357692856548
0.0
0.3341926637501018
0.2884157178355838
0.0
0.4066085685384104
0.05130569468702657
0.7048378173242645
0.37366914061657996
0.11864116410881355
0.8581964144612793
0.8949679428831298
0.15322307973223032
0.0
0.12579949819963343
0.0
0.0
0.9326643764343694
0.0
0.0
0.0
0.0
0.0
0.8125496470604342
0.0
0.37698420032213253
0.8263521215925647
0.27484591303555805
0.0
0.6416653413227624
0.0
0.43879219322122437
0.0
0.0
0.32441642773048457
0.2638885241216067
0.6784880061360371
0.0
0.0
0.0
0.0500502031207472
0.08406811318177497
0.3764176113123673
0.0
0.0
0.0
0.0
0.9342551846813861
0.0
0.009411991176357807
0.0
0.0
0.9326247386380205
0.0
0.1339911212091732
0.335213815332883
0.1945306939366319
0.0
0.7387515976324818
0.0
0.8618486738481175
0.3363191827584002
0.0
0.0
0.0
0.8396267540937978
0.5752796349412989
0.0
0.0
0.0
0.0
0.0
0.0
0.17266137991191624
0.6993639253335465
0.0
0.0
0.0
0.4645978985246474
0.0
0.0
0.0
0.17966446875310868
0.6880749187446547
0.0
0.8362692652773113
0.8727179168858473
0.2953603481104191
0.0
0.1668694121580912
0.8948396114808307
0.4750782748347548
0.0
0.0
0.6140279375475612
0.8495042444315014
0.0
0.0
0.0
0.6258357464218284
0.0
0.9293400334750661
0.16069423544001968
0.0
0.0
0.7966171000994806
0.0
0.0
0.26775389263921284
0.0
0.0
0.9241768019027596
0.0
0.6286223711111042
0.0
0.4253192619662624
0.0
0.0
0.6141856700958549
0.0
0.874030926951173
0.0
0.0
0.0
0.0
0.5368435324765566
0.0
0.0
0.0981494575805184
0.8038813017845947
0.3832722253237776
0.1374754784763646
0.0
0.0
0.0
0.33781547680786433
0.0
0.0
0.0
0.40065267135374116
0.0
0.931514774433263
0.0
0.0
0.6927972080135106
0.0
0.0
1.8899508018283928E-4
0.0
0.005450463256711648
0.47675659836951445
0.6383103680063258
0.0
0.0
0.0
0.46647272728006106
0.0
0.0
0.3529147781277982
0.0
0.8255300553999174
0.0
0.8306689545170889
0.0
0.0
0.0
0.2976285465009351
0.04185979420424532
0.0
0.28975153286333727
0.0
0.0
0.6690292257740822
0.6779479090394162
0.7731998041131319
0.013984386075737437
0.0
0.9101163393609285
0.0
0.11183094577488836
0.0
0.0
0.22152184409990067
0.0
0.0
0.0
0.8614247607265945
0.0
0.0
0.0
0.4141549739807297
0.0
0.2597810699332722
0.0
0.0
0.7603992177503502
0.0
0.7196053065657294
0.7014341253158702
0.408663901926568
0.41599337045615076
0.0
0.0
0.19218725714825916
0.40031181195905813
0.0
0.9873648218365472
0.8987914785277782
0.012112858721280043
0.0
0.0
0.0
0.5809261205809929
0.0
0.5651026602482716
0.7003401048891817
0.6013780941516156
0.14879159795825497
0.03188688090383588
0.0
0.6263260087411087
0.004539683550606759
0.0030293717882864256
0.7391443815985157
0.9080033392204848
0.0
0.0
0.0
0.1427719537537134
0.18211027063060953
0.17279458069193254
0.0
0.0
0.04064118404934933
0.0
0.5241718996493373
0.0
0.0
0.0
0.0
0.0
0.0
0.0
0.0
0.7563005841717387
0.3936787272244532
0.037524291564351386
0.0
0.026090977444600066
0.0
0.0
0.6334283869869636
0.4310162482061865
0.0
0.6158805506740975
0.2988973794584283
0.0
0.0
0.0
0.0
0.0
0.36031160116792615
0.07884545318772428
0.0
0.0
0.7540648675329246
0.0
0.0
0.0
0.0
0.0
0.0
0.5718747659248363
0.4810420066891459
0.7934536204586655
0.0
0.8193504897182113
0.0
0.1560583826041603
0.0
0.38664334879313017
0.0
0.7181453267952016
0.3718630116486413
0.0
0.0
0.7900688193481551
0.1998240890366857
0.7779737358174652
0.0
0.0
0.26361283256570495
0.0026666493081366604
0.0
0.0
0.0
0.0
0.0
0.0
0.01285017947960788
0.5862383402879169
0.8246839766774194
0.0
0.0
0.0
0.36259736503400386
0.41280597003975
0.0
0.9316240243807673
0.35721685284255994
0.0
0.10484945702526659
0.0
0.0
0.0
0.34895925578791587
0.0
0.0
0.6232459346103842
0.0
0.0
0.07918863859884805
0.601512481421988
0.0
0.0
0.6048962545816233
0.40895386340292306
0.0
0.0
0.031279378655208086
0.2788640626361117
0.0
0.10207803759202168
0.0
0.25601781008368624
0.45725012601285586
0.0
0.0848990902839445
0.18379370023579905
0.0
0.1494640625771515
0.15704825677634462
0.0
0.3631524273797927
0.30314190977440736
0.7021510338978819
0.301017128740404
0.0
0.426285610459188
0.5411353618494721
0.6152053274665508
0.5128348536411529
0.7437865280688798
0.8751529190031682
0.1491524491146484
0.0
0.0
0.015544965531893306
0.0
0.0
0.0
0.0
0.0
0.9112158269353399
0.0
0.0
0.661753200121327
0.0
0.0
0.932077367781141
0.3537459126033018
0.0
0.165382833888274
0.0
0.0
0.0
0.0
0.0
0.4627314844972509
0.0
0.049103728135475734
0.0
0.3542536564017288
0.0
0.18584874114568775
0.47095069148576857
0.0
0.804976964109609
0.0
0.0
0.0
0.0
0.08131789565979296
0.7217200324538152
0.0
0.0
0.0
0.0
0.2489107753691885
0.0
0.5353454643650235
0.0
0.0
0.8948326021238285
0.0
0.43226197484149337
0.8570338964389242
0.0
0.5814247928352206
0.0
0.0
0.0
0.0
0.0
0.4849630965708154
0.0
0.0
0.0
0.0
0.0
0.0
0.0
0.4364340860941363
0.0
0.9762278946404193
0.11293538721215585
0.0
0.8766073855835628
0.0
0.9285110813561944
0.0
0.0114571466917574
0.0
0.0
0.0
0.0
0.8001200811490221
0.0
0.6482584193522313
0.0
0.227028049390205
0.9186337097846801
0.0
0.6123027241436418
0.0
0.0
0.0
0.0
0.0
0.407217788085857
0.0
0.0
0.8904951238655072
0.5852733166244505
0.21977488939218268
0.770859717029144
0.617573104081042
0.0
0.5054641738138798
0.5488321307741287
0.34811592922606927
0.0
0.436328543748627
0.7650719735006485
0.0
0.20051470760992726
0.0
0.039492787367144136
0.04620086451879247
0.18558241819640542
0.0
0.21756891908456114
0.0
0.6972797717198056
0.0
0.0
0.9144678474061432
0.0
0.0
0.0
0.9332152784349961
0.0657416585213392
0.0
0.39792760194499316
0.01759293549585422
0.5681846525684539
0.043328299762943674
0.0
0.0
0.4085618700902005
0.1949867400198396
0.8072056169217966
0.5166974895078539
0.46468394314825096
0.3867873733584382
0.13075627214191848
0.0
0.0
0.5590948104304501
0.0
0.0
0.5386113359978664
0.3594696483599457
0.0
0.5294843947922542
0.008690013448413898
0.0
0.0
0.46152168131268917
0.4527658398260066
0.0
0.0
0.5506715589080029
0.0
0.8483090160690905
0.0
0.09710981987931736
0.0
0.0446923676012113
0.8464463825750475
0.3315807697445597
0.15673096402777553
0.0
0.32321646633592155
0.0
0.0
0.756866295984332
0.08851598833600362
0.0
0.811563840122129
0.0
0.0
0.13361342629789374
0.0
0.0
0.1696964013254147
0.0
0.7022799192104358
0.0
0.0
0.0
0.0
0.8512659871546318
0.0
0.3165859935306594
0.0
0.2157366661079293
0.0
0.0
0.0
0.0
0.3982340086845624
0.1896343583751952
0.0
0.7953431874506869
0.34483572468834395
0.8304196123108962
0.17994316274891475
0.0
0.8692619126595336
0.0
0.9284999284596118
0.0
0.8314256085647802
0.0
0.6738438785929476
0.0
0.0
0.031782153956165814
0.0
0.0
0.5200473976509574
0.0
0.018448989666919244
0.2114908299647996
0.0
0.009140525937103013
0.0
0.3648224996181196
0.3707388760789813
0.49437531281177916
0.0
0.7404467168911792
0.24929266191362082
0.0
0.21036269838425276
0.0
0.0
0.39447129487280097
0.0
0.6128115533608134
0.0
0.7332578854437327
0.0
0.0
0.0
0.783004638673657
0.5020786269509036
0.0
0.8785530422353118
0.5968141121923629
0.7260403003827157
0.4021555675339004
0.0
0.6674518439111189
0.09280453456712681
0.5032414205119411
0.0
0.0
0.0
0.0
0.0
0.0
0.5507864767771875
0.0
0.0
0.0
0.23829510927754027
0.0
0.0
0.0
0.8386495464663282
0.0
0.07976048731578121
0.0
0.8391832029803841
0.0
0.0
0.43346662082143933
0.26975038270479795
0.2293888521609865
0.0
0.0
0.0
0.06000539456514032
0.6833401752115817
0.0
0.0
0.8994098527856667
0.0
0.8452523744205721
0.5400238033284788
0.4486927982613737
0.0
0.5638362337708873
0.5654161563799017
0.0
0.0
0.4282158832413418
0.0
0.1387263926256284
0.0
0.0
0.0
0.0
0.0
0.0
0.6133728905558574
0.9177645296354658
0.0
0.0
0.0
0.0
0.0
0.0
0.2163054433593572
0.679540589811226
0.8289230401975821
0.0
0.8637899480866802
0.0
0.06995496581008942
0.0
0.1167173185187334
0.7825317892215626
0.848738190676465
0.2680056711693233
0.0
0.0
0.0
0.0
0.0
0.7450429725855129
0.8819442268087021
0.0
0.11882857701385496
0.0
0.0
0.0
0.34800189044558977
0.27554398157390997
0.7122197483981743
0.0
0.0
0.0
0.0
0.2627631849527704
0.4145634273787255
0.0
0.0
0.5184669596852739
0.0
0.0
0.0
0.5976740658656173
0.0
0.0
0.7126035780544996
0.7696535254840966
0.49702319518306476
0.0
0.49524752246472775
0.0
0.0
0.0
0.0
0.7735844564435315
0.0
0.18614433056882201
0.0
0.7205769885930072
0.0
0.32759207410419156
0.7807208291366619
0.10461663856169649
0.0
0.0
0.6785288536444714
0.33600838618414086
0.3001978068379137
0.0
0.0
0.4629776364330195
0.012535010527443434
0.22375538449163992
0.905655430297845
0.22528546227169866
0.3382918198547837
0.0
0.0
0.0
0.0
0.8133276221108526
0.0
0.17541249121370367
0.0
0.0
0.5753720572419522
0.0
0.0
0.0
0.6645109939756264
0.0
0.9460591378061373
0.6188209251008767
0.21310785690298678
0.0
0.08173505157479712
0.25936935775570824
0.4517800440974616
0.0
0.5352220637302036
0.0
0.953321072238263
0.0
0.0
0.8220316191602942
0.0
0.0
0.6214753819789902
0.0
0.25381597827911323
0.877599321873976
0.7603927877628601
0.07791103201318891
0.0
0.0
0.0
0.48321396722117926
0.07611789020297627
0.0
0.7252811609980065
0.0
0.0
0.0
0.30568203572679203
0.0
0.21809296372413947
0.651044808122367
0.5910683978442961
0.0
0.0
0.24973073430518017
0.0
0.0
0.0
0.0
0.13196854771589664
0.780351348818138
0.0
0.0
0.0
0.0
0.21713274590951928
0.0
0.0
0.0
0.43384914000016805
0.0
0.0
0.9026764765580857
0.18764400866652975
0.0
0.0
0.6509670513119529
0.2977182076990122
0.8763124706915263
0.0
0.0861836401676583
0.46794239783843866
0.0
0.7780190235814167
0.0
0.0
0.16584264606404148
0.0
0.0
0.0
0.6431158075739414
0.0
0.3751195968667536
0.0
0.8467652753857764
0.0
0.0
0.48084112006050883
0.7648322116565541
0.0
0.6781456452830097
0.7220276072321855
0.0
0.059408987254109626
0.0
0.0
0.0
0.0
0.8780975623793599
0.3966879456753072
0.7699453121693192
0.6021935753476424
0.8541439811187256
0.0
0.0
0.05714557043688784
0.0
0.0
0.0
0.040981054132181706
0.0
0.0
0.0
0.0
0.2822098089068244
0.6183944429695875
0.4949328914827616
0.0
0.0
0.28626808158396794
0.029916681827818786
0.0
0.8289163557744302
0.0
0.6804716455005335
0.9110666645124125
0.0
0.0
0.0
0.0
0.21590041502324592
0.8690930342870622
0.6001380481876679
0.12252720840332054
0.6033546331504762
0.025583517588784757
0.0
0.0
0.6325991259811015
0.7363483572125352
0.32582459440808703
0.28985098572523676
0.48185406205227244
0.8090083714870734
0.0
0.03129440410367151
0.044548588535765675
0.8282532776513434
0.6964262230303848
0.5595984256372781
0.43326443278688936
0.0
0.0
0.0
0.8912721087269608
3.687108274044582E-4
0.0
0.0
0.8896445471358546
0.6542658546756501
0.0
0.44662572602105427
0.0
0.42030712212772003
0.49844632330070815
0.7232207117667355
0.1282832344616804
0.0
0.1044953900886152
0.8481448990896773
0.0
0.0
0.0
0.5057131350360647
0.0
0.7316332733305141
0.0
0.6730824133480983
0.0
0.0
0.6705385640062183
0.08870615225767639
0.0
0.0
0.2666537292049928
0.0
0.0
0.0
0.0
0.7642755081568509
0.7260944011271154
0.5310763824047986
0.0
0.043893200144955985
0.0
0.01225759891360455
0.0
0.0
0.0
0.397883946907072
0.0
0.0
0.0
0.0
0.6433120886727022
0.043787468313113344
0.0
0.0
0.0
0.0
0.0
0.0
0.17822477662496722
0.0
0.0
0.32178068410564425
0.0
0.0
0.0
0.0
0.0
0.0
0.584922150622047
0.0
0.8493668889926594
0.0
0.0
0.0
0.7523476707231423
0.7888899633529406
0.0
0.38275062624527245
0.0
0.0
0.0
0.0
0.0
0.02981806387139536
0.0
0.0
0.48075833946571145
0.7481266418103627
0.0
0.7666467841450115
0.0
0.5949370131623426
0.0
0.30996812015326375
0.8928571323298383
0.0
0.09149269948847641
0.0
0.22752120709866705
0.31620348052092256
0.0
0.0
0.43118951928924154
0.32839934535561605
0.39713200059159026
0.0
0.0
0.0
0.4113849157737475
0.0
0.4957846548907869
0.0
0.0
0.9213200250290979
0.38233761745528433
0.0
0.0
0.0
0.0
0.38279858431458474
0.5247745554167083
0.8062480966643124
0.4230378312906814
0.0
0.0
0.24566449427785808
0.19860589793901168
0.0
0.0
0.456515371598535
0.6037236645749156
0.0
0.0
0.7056110499015389
0.0
0.8054034506093244
0.32119045376691474
0.0
0.8510638092514243
0.0
0.07926061935810072
0.0
0.7559028994222877
0.520544906885639
0.30959076012753617
0.09801025459082835
0.0
0.0
0.40549808798426185
0.04446460861025245
0.19958127190072095
0.14857080829718702
0.0
0.0
0.8997278086815634
0.2324514686411015
0.0
0.7343234735420583
0.0
0.0
0.720981937162273
0.0
0.0
0.0
0.0
0.16781212502296505
0.622712649894778
0.07859892149709614
0.2283195155962996
0.0
0.0
0.0
0.6509448904229578
0.41350721205375596
0.0
0.0
0.4155517686102916
0.7058628931099284
0.056201503777251964
0.42287297591743206
0.0
0.0
0.0
0.7790021346248155
0.0
0.0
0.0
0.3382946333214456
0.0
0.19786075962507174
0.0
0.0
0.7162450121714807
0.23084136906662384
0.0
0.12331825107817451
0.814362955398526
0.17333075223210212
0.0
0.0
0.0
0.4927538948415773
0.005947023846880545
0.0
0.1325949166720786
0.0
0.0
0.0
0.0
0.0
0.8704350836273983
0.0
0.0
0.20223351643953955
0.9635762621342395
0.7358264570820752
0.4638743504722388
0.9276548989678166
0.40354316637697457
0.0
0.0
0.0
0.11618791594905037
0.0
0.8350181624371933
0.0
0.7896972353941794
0.2244561609931634
0.0
0.0
0.0
0.0
0.8009873722002192
0.5679424151286522
0.0
0.0
0.0
0.7051873132807083
0.0
0.0
0.34669562593529724
0.6161876969099644
0.0
0.0
0.9329672094958115
0.0
0.0
0.0
0.0
0.39883496422262493
0.41723387616066987
0.0
0.0
0.0
0.06860322340547977
0.5800010992044915
0.7853024450268805
0.0
0.0
0.9002207425756513
0.0
0.22766765896673008
0.0
0.9098707830010805
0.5385555318470033
0.0
0.717396552406035
0.0
0.10402011400074031
0.0
0.0
0.0
0.0
0.0
0.4962763628534331
0.0
0.0
0.40977600473957676
0.0
0.7089982517029713
0.0
0.48717739670135296
0.0
0.01842038711436829
0.11641940888971793
0.9164104136588616
0.0
0.7477607989486343
0.4460235216324195
0.2920665554961714
0.6929374813127742
0.0
0.9616258489387132
0.0
0.0
0.0
0.9034212797583939
0.0
0.0
0.48403530029215097
0.0
0.0
0.9895622962682693
0.0
0.0
0.022109252768977395
0.7915773365402137
0.20598038269855357
0.0
0.47584478387920015
0.0
0.0
0.0
0.0
0.0
0.0
0.0
0.0
0.8453963079295593
0.0
0.017532957986614958
0.0
0.9902289488914654
0.0
0.0
0.0
0.0
0.0
0.936488712453314
0.2899397934564143
0.0
0.0
0.0
0.0
0.0
0.0
0.0
0.2713773736459747
0.024899449555770236
0.0
0.0
0.8025502953596513
0.0
0.7079145315292421
0.8139065790711977
0.6277731948890013
0.0
0.0
0.0
0.0
0.0
0.0
0.0
0.5698547072981271
0.0
0.0
0.0
0.0
0.0
0.0
0.0
0.0
0.0
0.18718019369306205
0.0
0.0
0.0
0.0
0.0
0.0
0.0
0.0
0.0
0.0
0.05833383591009539
0.0
0.0
0.7813422889594119
0.4699313998217271
0.9651028157786773
0.6134669162369449
0.0
0.09913375570104141
0.0
0.0
0.22480361371451732
0.9006205304332607
0.542744911544093
0.7070207705114708
0.7996941822355714
0.0
0.0
0.26234547889683446
0.2000395209019358
0.266128253787172
0.0
0.025106273773276244
0.4828154682345704
0.6676619423606932
0.021470169146658755
0.0
0.2155820483647763
0.4796284301410356
0.024933576209336603
0.5285456912551577
0.0
0.10346859708671369
0.0
0.10999741643507778
0.4105998545378502
0.5117721039407862
0.8891105411279765
0.0
0.0
0.0
0.0
0.0
0.5820714213260552
0.14844279043924413
0.42657004251147757
0.37380824977895544
0.0
0.0
0.5641848922251164
0.18463945859912112
0.16957124266644447
0.0
0.0
0.0
0.0
0.0
0.0
0.877372048812741
0.0
0.6980522230769277
0.44279788407720533
0.0
0.6211300100384372
0.2785785575938777
0.0
0.0
0.9713967858362059
0.30219582483159857
0.3611862582089643
0.0
0.22923144519563174
0.0
0.0
0.0
0.0
0.6489766679113159
0.06752552187684578
0.0
0.0
0.0
0.0
0.0
0.5569035030188764
0.768692093358733
0.0
0.2137660622865557
0.0
0.34043279831227397
0.0
0.964488721278417
0.0
0.0
0.0
0.0
0.0
0.0
0.0
0.007660407487443967
0.17361638022444165
0.08564333514984288
0.5485889331881926
0.33356716243638324
0.3775690178543203
0.9874393659204925
0.0
0.0
0.0
0.0
0.0
0.8736528746782388
0.0
0.0
0.0
0.0
0.0
0.0
0.0
0.0
0.9346548783856085
0.915298765013549
0.9258926087695124
0.0
0.0
0.0
0.0
0.02549464419599417
0.0
0.0
0.0
0.3474464840841066
0.25959618071603935
0.9563049976138231
0.5977880692255164
0.0
0.0
0.0
0.0
0.9017292230142326
0.0
0.8163320580421947
0.2834839890244955
0.0
0.0
0.5726983032926324
0.0
0.1510109003463055
0.9268242143023613
0.0
0.3578469299818025
0.5280487220820514
0.0
0.0
0.503660566347712
0.9334254702824261
0.0
0.8433187433818499
0.18558362300454329
0.0
0.0
0.0
0.5481045938583834
0.6509608787808382
0.0
0.0
0.6954964069056759
0.0
0.0
0.0
0.5693872952846069
0.0
0.0
0.4344142825874628
0.34867251850046327
0.0031437275767406164
0.08546750146509037
0.0
0.0
0.37257719342274875
0.3305884381678001
0.0
0.0
0.4734981831441614
0.19941164150839305
0.0
0.33367395967083985
0.0
0.0
0.0
0.0
0.8392365783690912
0.0
0.013314190088243165
0.6494763937867435
0.0
0.29854713980185826
0.0
0.3101885140376501
0.0
0.0
0.5220567667324459
0.0
0.9234871645299804
0.644818308664296
0.0
0.6103030899966136
0.0
0.24445020696478664
0.0
0.025182432144493685
0.0
0.0
0.2715419025240356
0.45057116426412985
0.0
0.0
0.011648239612666252
0.8445397808951072
0.5682638158997798
0.9742444017197176
0.0
0.21446966816245416
0.19238258649616108
0.0
0.0
0.0
0.3692839129529383
0.39439589133181097
0.0
0.9503655110714092
0.0
0.0
0.0
0.8661898182115181
0.17898493980493219
0.0
0.272566295038429
0.0
0.6926796214055246
0.11124587467129918
0.0
0.0
0.036802400928482644
0.0
0.0
0.0
0.0
0.8093234861087293
0.7088097367454148
0.59822405520542
0.0
0.0
0.63848740002063
0.0
0.0
0.8789057060076698
0.0
0.6741901289899805
0.5419339883191029
0.9592245030984916
0.0
0.23218109629277917
0.843031342249144
0.914576644652882
0.0
0.0
0.0
0.9589622171038299
0.0
0.0
0.0
0.6233813193186941
0.0
0.0
0.0
0.0
0.9741357115971243
0.0
0.31439635296979995
0.1923821075904204
0.0
0.0
0.63129230675684
0.9756918218669857
0.0
0.6063944221434044
0.4168667004089077
0.7155536013226711
0.0
0.0
0.9701651736133344
0.8107801997086885
0.8165301371117418
0.0
0.5903756839453022
0.0
0.526877464720693
0.0
0.0
0.42923611019095115
0.29760604787381323
0.015327273474545093
0.0
0.15103949730854152
0.0
0.7901975186327104
0.8702900206860088
0.14926779381370178
0.0
0.513263524006479
0.5977841206021545
0.0
0.7707751586805358
0.31111226198484043
0.0
0.0
0.620324285658516
0.7397461400697122
0.5659168230117729
0.0
0.7144635488823126
0.0
0.8034519086570554
0.8567349546841062
0.0
0.8336238273868887
0.0
0.8705676737963796
0.0
0.0
0.0
0.0
0.0
0.7137585917077809
0.5631436089746774
0.003254096769218992
0.26078334073937126
0.47133719297354576
0.0
0.5626805269764495
0.7931425609811671
0.0
0.08700611881969622
0.0
0.0
0.9132170708001962
0.703381874709271
0.7057630320619948
0.0
0.0
0.0
0.0
0.0
0.7648530914551325
0.9921925672281523
0.04909956879963224
0.0
0.5855346304126564
0.0
0.0
0.8165305827460735
0.15075252917930118
0.8248910510896588
0.0
0.0
0.2608828373765785
0.0
0.0
0.6683964048088417
0.0
0.0
0.0
0.0
0.0
0.0
0.3319980073375753
0.33973578282259415
0.0
0.0
0.0
0.037470153330024514
0.0
0.3589278445890772
0.0
0.0
0.0
0.6746044676975224
0.6082612944923433
0.479848702418656
0.44997884191642085
0.8721297190255268
0.0
0.13946870527803737
0.0
0.6944564498126873
0.0
0.5321290832521255
0.18743970338349217
0.18450091092698157
0.4559745829648217
0.9064507140775504
0.0
0.0
0.50622865910165
0.8712261795629381
0.6678593106510178
0.0
0.0
0.0
0.39453477183463975
0.0
0.9566606318116601
0.0
0.0
0.0
0.0
0.0
0.0
0.0
0.7627584891645964
0.0
0.44499586055328383
0.5611801627589293
0.9537721742374952
0.0
0.0
0.0
0.0
0.3739888807787154
0.5280719684835173
0.0
0.0
0.3235476218651459
0.0
0.5014353510367956
0.0
0.0
0.0
0.27344068227175145
0.6164963689310783
0.0
0.0
0.10257634414596889
0.0
0.0
0.0
0.5255747054849511
0.11672828781347279
0.0
0.0
0.0
0.0
0.0
0.5280514390970992
0.11570943594555706
0.0
0.9782711300050718
0.8546795325810717
0.26340328046263944
0.0
0.0
0.0
0.6317786558850459
0.0
0.0
0.8865390731422179
0.9907371444306178
0.4702439836198655
0.23942906166652092
0.09401213395588291
0.0
0.9871067806214715
0.5673824057415431
0.6775385128068301
0.0
0.7627436412183507
0.3945648094679471
0.4372049317845397
0.0
0.0
0.9768461278829491
0.860045670997195
0.0
0.0
0.0
0.0
0.0
0.3601644013483823
0.0
0.0
0.0
0.0
0.7167926951574053
0.0
0.0
0.0
0.7718512260989289
0.0
0.0
0.0
0.5441362094532113
0.0
0.0
0.9207038466739664
0.585282350902659
0.0
0.0
0.5608656623975353
0.0
0.675435341031478
0.0
0.03828048506170623
0.0
0.8979331976397498
0.0
0.0
0.0
0.0
0.2887511504529502
0.4526319398385488
0.3201320394465711
0.8191719969323411
0.0
0.0
0.3543691439739951
0.3308072361695046
0.4104249357169912
0.30787705865596116
0.0
0.30606163540302234
0.0
0.009344732500241386
0.0
0.0
0.0
0.7924180762242138
0.0
0.6924497723012039
0.5199441101113519
0.35832214490608494
0.0
0.2943325598387077
0.023518374154361667
0.0
0.2557248900063282
0.0
0.0
0.0
0.6400293423058204
0.0
0.015329952810676966
0.29079951259056697
0.9060598966943465
0.0
0.5986341787507865
0.0
0.0
0.6468762353275466
0.056836170055416226
0.37314723817044176
0.0
0.0
0.0
0.38061125136024443
0.1406040236359928
0.0
0.0
0.34391277384389035
0.0
0.0
0.4752749320843081
0.25409601261264325
0.7628674263378233
0.6677288620786147
0.44159358554558775
0.0
0.0
0.3688924329217807
0.0
0.0
0.0
0.0
0.0
0.0
0.18161674683169216
0.9143496340457179
0.6582643930782739
0.32763235471733715
0.0
0.9576608099131602
0.10757273365499646
0.0
0.010869928148382548
0.07659180555458873
0.0
0.0
0.9126108514470559
0.0
0.0
0.0
0.9149825987347467
0.3805727882053339
0.0
0.0
0.4444169324859643
0.10766371002622675
0.0
0.0
0.7615939649939519
0.0
0.0
0.2952981961028137
0.31126237739278884
0.8730833353668351
0.14651900686156016
0.11255763224393038
0.6724427890209523
0.7948755689056003
0.0
0.0
0.0
0.9411686128778796
0.6603971709228326
0.0
0.0
0.0
0.0
0.8399817808126394
0.48780514831217303
0.0
0.0
0.0
0.7732949461208822
0.0
0.4307509798071603
0.9916323076717677
0.2770952973836512
0.20116856731146607
0.5767380823907052
0.0
0.0
0.7460122514605408
0.3973030803115623
0.28901617692485415
0.1395216436608842
0.0
0.0
0.0
0.0
0.0
0.659887606446566
0.0
0.9779579759809262
0.08645402842060597
0.0
0.0
0.0
0.0
0.0
0.34824594366930606
0.4863074212018722
0.0
0.0
0.0
0.0
0.0
0.0
0.8941305878135459
0.0833824755503753
0.7207779825331478
0.0
0.3802893018655484
0.30119930385348437
0.0
0.620619477542429
0.678341354005357
0.7661017581814634
0.0
0.0
0.5649093502895829
0.3689009530656142
0.0
0.0
0.0
0.4404479885029492
0.0
0.0
0.0
0.0
0.0
0.0
0.0
0.0
0.4340275510631599
0.3981758125407268
0.0
0.0
0.0
0.8456459987554966
0.6358104027651333
0.0
0.4835456479134693
0.2203361634512527
0.0
0.0
0.01999657022221575
0.0
0.0
0.0
0.6888296519921202
0.0
0.23159291363539578
0.9334120548286454
0.24359756117901224
0.6004334905144704
0.6975891966204674
0.0
0.0
0.0
0.0
0.8178342517186048
0.5391624351099997
0.0
0.0
0.0
0.0
0.0
0.0
0.34536503099358973
0.0
0.3629548063079336
0.0
0.0
0.0
0.0
0.5374425633493566
0.0
0.4333796129509293
0.6628176535440511
0.26216347395081313
0.4655133719016405
0.0
0.0
0.9207391914680249
0.7324175399047792
0.0
0.7310163595158303
0.46883107515216693
0.14926200984740787
0.0
0.0
0.0
0.0
0.03956719696315528
0.0
0.0
0.0
0.6070939989736637
0.9918277885861316
0.0
0.21933172707482318
0.0
0.9278147270546502
0.21101075453052862
0.0
0.0
0.5027198353773488
0.0
0.0
0.18085444735787895
0.0
0.9797193612165994
0.0
0.0
0.0
0.0
0.4330671151446951
0.0
0.0
0.41958902213544924
0.0
0.0
0.0
0.0
0.0
0.31448130453624523
0.0
0.0
0.05861565187355178
0.9699838608966457
0.0
0.0
0.0
0.0
0.0
0.6192718856548821
0.4192544636011187
0.18896460447635202
0.7994700206311846
0.5414164848362498
0.3869516755333478
0.05273716696495761
0.0
0.17778451663247585
0.0
0.7372569874218918
0.33949744698970763
0.0
0.4300709722596446
0.0
0.0
0.3222369519053023
0.0
0.11008441898057973
0.0
0.0
0.0
0.0
0.0
0.0
0.9726790260103594
0.0
0.0
0.3153808978132761
0.0
0.0
0.7393753620596977
0.0
0.9887669861345296
0.4096992552440232
0.0
0.0
0.0
0.47216448114662674
0.0
0.656553916330056
0.5586924008951827
0.503236565223726
0.0
0.0
0.9453310759669012
0.0
0.0
0.0
0.7824310960444825
0.43570745603737165
0.6033028256614794
0.7737559350473444
0.08162132651254553
0.4226628116681908
0.103547730280311
0.0
0.6574336566691205
0.4217500722857737
0.0
0.028561738484784424
0.43385913568007906
0.0
0.0
0.0
0.05887742262085708
0.0
0.46990047616123015
0.995542491533299
0.6071103679470607
0.0
0.09336131179768778
0.9583214729924892
0.0
0.0
0.14962082785316091
0.8146532305539629
0.23980232043979563
0.0
0.0
0.9510666419023848
0.3126839161707533
0.0
0.0
0.0
0.30952191660929984
0.4511787011394114
0.24426360671488492
0.5184240838887402
0.7225542101480606
0.0
0.9648601838864042
0.08967086917534858
0.0
0.0
0.27636856656209896
0.0
0.0
0.0
0.3869929964818256
0.7200694117469617
0.0
0.6510987101273429
0.0
0.0
0.8338442515352342
0.16043040702830427
0.0
0.0
0.0
0.0
0.0
0.9306296607459833
0.0
0.871021340333544
0.0
0.8781810542754671
0.2978376774417332
0.0
0.0
0.37401268394540177
0.0
0.10857066899532199
0.007366589650894642
0.0
0.0
0.0
0.0
0.0
0.14989859833293465
0.0
0.0
0.0
0.0
0.0
0.0
0.7297300605624876
0.4892789247147338
0.6509496020544214
0.0
0.20311894257712043
0.0
0.3168220128969431
0.9569019855505254
0.027238642576425907
0.1686078380834807
0.3996539804405317
0.0
0.17476662997808462
0.028111703569522455
0.0
0.12961024815443087
0.0
0.21179201304220235
0.0
0.7164737239988714
0.14310879924499315
0.5567875531408295
0.0
0.0
0.0
0.0
0.8024644256100385
0.5543674722507985
0.2188739642243311
0.5516371702197083
0.7541732283334077
0.25877446512024305
0.8438671613350122
0.0
0.0
0.0
0.0
0.0
0.7040484442505779
0.0
0.922548200124137
0.0
0.0
0.0
0.2699087980471638
0.0
0.0
0.8970198992504298
0.0
0.0
0.0
0.8101614880459729
0.807910643137663
0.731937100171631
0.008453168047679687
0.0
0.8762054008729405
0.008810292669252906
0.8138278276973884
0.0
0.49337181758497817
0.15905854091040197
0.0
0.0
0.0
0.5427456495465143
0.795570522358251
0.5077914398729384
0.9142758575894425
0.0
0.0
0.0
0.9433434166238
0.8781335694795651
0.2886917988916694
0.0
0.0
0.0
0.16914305000852425
0.0
0.014787233151629173
0.25486219032524626
0.5404895120261993
0.0
0.0
0.534429964721842
0.012566283700722108
0.0
0.6209911726886724
0.0
0.6482366624069412
0.0
0.36521008154435086
0.0
0.0
0.6700904673133296
0.7747416982104424
0.0
0.42874436282780753
0.4804257041852406
0.22357052747786874
0.9323475517182415
0.0
0.0
0.0
0.0
0.0
0.0
0.50090000284386
0.12940772854118762
0.8726620277635666
0.0
0.7343211219146161
0.0
0.4675015736999466
0.0
0.0
0.0
0.5814479366659273
0.0
0.0
0.0
0.9064244135689101
0.0
0.0
0.0
0.45619174309141247
0.0
0.7775060637167355
0.0
0.2775621081218988
0.0
0.7050015237401708
0.0
0.0
0.4864143431122742
0.0
0.0
0.0
0.09543237458589127
0.13754903934514393
0.5201206535570841
0.20359058927425566
0.9578071889177786
0.0
0.0
0.0
0.1322568368334526
0.0
0.7197287965102397
0.7050458792308143
0.0
0.0
0.256151436117432
0.0
0.0
0.8334138006027987
0.0
0.31496048231150203
0.15051101658411487
0.4916712428741018
0.0
0.30908726220492516
0.9358680298051281
0.22900706431895598
0.5834343158940253
0.0
0.3495413553987359
0.8315121109945024
0.3457015815327538
0.9229775563716708
0.0
0.41297364626918576
0.0
0.0
0.0
0.0
0.0
0.0
0.0
0.7753851714008632
0.0
0.0
0.0
0.0
0.0
0.05013980106516367
0.0
0.0
0.0
0.1439178623341097
0.0
0.0
0.0
0.0
0.6444425592589517
0.0
0.2570498529248249
0.10920068978096459
0.992823236918823
0.0
0.6195722854866108
0.9113621136490616
0.866215215751157
0.2171259859527016
0.284183108603656
0.2503391560014863
0.48445861070684176
0.3113648718225291
0.0
0.6744284175162388
0.7316189586041876
0.29330689402707966
0.18810276929706118
0.5093769829279722
0.42608748141734687
0.0
0.43981974821534836
0.07689441932055191
0.9681112556570909
0.0
0.15901664554781347
0.0
0.019897211584396942
0.9281506978394162
0.0
0.0
0.0
0.8927573883184061
0.90872606608916
0.0
0.3793387621363309
0.6647158717600194
0.0
0.973010610640306
0.0
0.0
0.0
0.8194812782653971
0.9836948278155482
0.021066292947059802
0.0
0.39059609882834234
0.8462828401266621
0.7926059269082115
0.0
0.5370520193206523
0.29693351798531714
0.44384255906131115
0.4870587731786072
0.6632439006125327
0.0
0.0
0.0
0.0
0.0
0.36101385774602857
0.3379185101928868
0.08308433389114021
0.0
0.808385942054173
0.9862317213001808
0.0
0.0
0.0
0.0
0.0
0.6494326591229507
0.0
0.0
0.4764571594659025
0.20793219324693551
0.36621917885547467
0.0
0.0
0.0
0.0
0.15424385752092187
0.6689507372872079
0.0
0.502053242033165
0.6636450569670835
0.0
0.0
0.7458259556815059
0.7063962473330834
0.1569146792479867
0.8763874152328599
0.0
0.1380537260575205
0.10350525686775904
0.5599270543880672
0.0
0.027994878056416324
0.0
0.0
0.0
0.0
0.0
0.8069745145930529
0.0
0.0
0.6414854032998328
0.7473239334435059
0.0
0.9259386810161881
0.0
0.07983876368838133
0.0
0.0
0.0
0.0
0.6133483405539993
0.37108123919333
0.4137428973287776
0.40185079277933644
0.0
0.36250876531357124
0.9787496696693923
0.0
0.0
0.8780468282430778
0.0
0.0
0.43784526929073636
0.0
0.68676038254515
0.0
0.3029144670342569
0.0
0.0
0.19699698814923647
0.4434112214915044
0.0
0.0
0.0
0.30299775773887794
0.9673277343273514
0.05716493569118185
0.0
0.0
0.4231558872640909
0.07049100135798785
0.0
0.0
0.32459748487255646
0.7445101359448044
0.029264684391773092
0.0
0.0
0.0
0.0
0.0
0.0
0.0
0.0
0.6782408902196895
0.0
0.9598748166148043
0.3245152872130821
0.0
0.45462956573981683
0.2158506359236877
0.0
0.0
0.0
0.0
0.47631809885507603
0.0
0.7738841358343684
0.2753884697474308
0.4762224554092601
0.0
0.5332013527084667
0.4269673854210454
0.0
0.0882702541945007
0.0
0.7994212710657695
0.9799630803648126
0.4719097438406525
0.0870806392840656
0.6825119842063744
0.0
0.13776982389586062
0.0
0.8138738502215855
0.07847523911300473
0.9696974327741881
0.0
0.0
0.5384655726845957
0.0
2.4162204483126688E-4
0.0
0.6303296490806317
0.0
0.0
0.08130312107707333
0.3500997960267851
0.0
0.0
0.0
0.0
0.0
0.0
0.9485001207395284
0.0
0.930234316432799
0.6040409686726955
0.7450440109868803
0.0
0.4391634587450622
0.0
0.0
0.0
0.0
0.0
0.0
0.5599478946058503
0.0
0.0
0.9159121628750163
0.1982777763359615
0.444666442447973
0.43261762992064773
0.0
0.0
0.0
0.0
0.41919930814868506
0.4004988465299274
0.06474453724278484
0.0
0.041919192068407246
0.7155962050032753
0.5922674653792257
0.358469635615215
0.3645189997931354
0.0
0.42549007021312607
0.9198196675370709
0.4905232070029895
0.0
0.6998189638370473
0.38325367325500415
0.9505920061046718
0.9008205751019314
0.8675668224952886
0.3924228830283877
0.13699207367325322
0.0
0.0
0.18691279389772056
0.0
0.40417678576878735
0.0
0.12793794746206844
0.0
0.46328727209638376
0.0
0.0
0.0
0.0
0.02376130218774619
0.0
0.3456932788630306
0.7060224109029002
0.08982424886977107
0.0
0.0
0.0
0.6550140755617757
0.11281406069022705
0.0
0.26896919727204094
0.9603080188619594
0.0
0.0
0.0
0.0
0.0
0.056280224494405805
0.7163812082485496
0.2391015113498372
0.49368283900159676
0.0
0.0
0.6676872739353823
0.0
0.0
0.0
0.0
0.0
0.0
0.0
0.0
0.0
0.0
0.0
0.0
0.3548114810422455
0.0
0.5055911250023579
0.0
0.3891270924468491
0.04740865206481717
0.0
0.0
0.5398668308992806
0.5557802982454626
0.0
0.0
0.0
0.0
0.6651401071621669
0.0
0.0
0.0
0.7584513391900937
0.7075486087400126
0.0
0.0
0.5057562659255858
0.0
0.23316607353664476
0.0
0.0
0.47937156904299083
0.0
0.3819714814247376
0.7253300409503135
0.5102765805642292
0.1521149735027853
0.0
0.0
0.0
0.3451958297660246
0.0
0.0
0.0
0.0
0.9606948792492578
0.2625180460805449
0.0
0.749999920618078
0.0
0.0
0.5335160251235358
0.0
0.0
0.926343927343033
0.25436322034437236
0.0
0.0
0.0
0.10441336340890164
0.0
0.29213636713875846
0.0
0.0
0.0
0.5728387862727741
0.4291029325727742
0.0
0.0
0.36458037434864204
0.0
0.1495825817057647
0.5909097188648597
0.7259608813009739
0.0
0.0
0.12600643728322714
0.0
0.5182603685374335
0.0
0.0
0.0
0.0
0.0
0.0
0.0
0.5700210149693258
0.0
0.3562474494797654
0.9869876039375437
0.0
0.33431711141973813
0.0
0.0
0.48182632739093095
0.24759820537757685
0.839180957887689
0.31802402909514116
0.9454748458970101
0.0
0.0
0.0
0.20125238100590148
0.3245515880515313
0.2945983273676939
0.0858122900360402
0.8377525437030635
0.0
0.0
0.3728884809230269
0.9135654534212786
0.0
0.0
0.01038950179763622
0.091899733933166
0.8333140643446377
0.6062746503115715
0.567210479485377
0.8312367914526549
0.0
0.0
0.6152468730179698
0.0
0.0
0.0
0.4394609467018819
0.0
0.0
0.0
0.0
0.29016975482961194
0.0
0.0
0.5475418840639444
0.0
0.0
0.510048181162864
0.2518403751196989
0.0
0.13749725422904946
0.1685676073017119
0.0
0.0
0.9717861923236597
0.0
0.7895981909050208
0.0
0.7955346157007778
0.8889773134380001
0.04830443347192379
0.34368332471234375
0.7378995118566908
0.6369118038341663
0.0
0.0
0.0
0.0
0.0
0.0
0.0
0.0
0.0
0.6091868965267883
0.8578114722418502
0.3302057009264436
0.8459375246543417
0.0
0.0
0.0
0.701460681751107
0.0
0.0
0.0
0.9927217546524464
0.1551779807873789
0.18610158691745798
0.2427111239730648
0.0
0.5435887543768135
0.5781894475568675
0.7197915748350785
0.0
0.0
0.0
0.0
0.0
0.0
0.0
0.0
0.7500044922471301
0.8046420913490094
0.0
0.1876813501933658
0.3126213218990516
0.0
0.0
0.7578884810077663
0.0
0.5566332002899514
0.415829480654989
0.1333063460698961
0.6673054802244949
0.1616493685498055
0.23907671707943634
0.0
0.0
0.6222691539440495
0.8520133126335154
0.0
0.0
0.7622857578435547
0.5016658693900335
0.0
0.0
0.9977628755117794
0.9429772712901608
0.8555547519180553
0.9547488851229904
0.0
0.4848051071400466
0.0
0.0
0.7702726545403901
0.0
0.46931155586840445
0.7804604727403893
0.0
0.0
0.0
0.07373632997292079
0.0
0.9531115322673479
0.10107862029273748
0.5682687082088961
0.0
0.0
0.0
0.0
0.0
0.0
0.0
0.0
0.0
0.682623477930743
0.9035450845265143
0.0
0.4893143760517497
0.2634127892755016
0.7940272076326472
0.0
0.48235461938135143
0.0
0.4577338758272298
0.0
0.725794751890492
0.0
0.7699557554786278
0.5650821915248936
0.7087347241046377
0.0
0.0
0.0
0.6630265701406758
0.0
0.0
0.709157833671385
0.0
0.0
0.5422597895707865
0.0
0.0349707851810516
0.0
0.0
0.0
0.0
0.0
0.2908957716711036
0.5930007926341336
0.10856850473671278
0.05578984340213333
0.0
0.5221744179174623
0.2215953718150259
0.4295910022656665
0.0
0.0
0.0
0.0
0.8642331121984357
0.20350423356022201
0.2947584190924111
0.5242427348391021
0.0
0.0
0.6929799133060531
0.0
0.0
0.0
0.4809041117020802
0.4325427831183088
0.41337271669673875
0.44636640433764585
0.0
0.0
0.11440188631206709
0.0
0.6690677517108352
0.19042508910499084
0.0
0.9143941654533364
0.6131193050430824
0.0
0.11418445768063962
0.039180797694668985
0.0
0.5441447739268096
0.32569233556305666
0.0
0.0
0.031156075308672343
0.0
0.0
0.0
0.0
0.09981234713931778
0.0
0.0
0.43072663614648443
0.0
0.20812211130734187
0.6803419251851424
0.0
0.0
0.993952453987437
0.0
0.0
0.32408188655012143
0.0
0.0
0.37690740283034047
0.02710764466005947
0.0
0.0
0.0
0.0
0.5466991447381618
0.08354176366668352
0.8847540333619061
0.9964884882797419
0.16774554096933225
0.4793689686970689
0.39050786029564344
0.5874385854319379
0.0
0.3070451035973401
0.0
0.0
0.5117059317221033
0.2429045480782071
0.8474622871741311
0.0
0.0
0.0
0.38701771788246153
0.6133341142619774
0.0
0.07095955284469793
0.023171544898643103
0.0
0.5830932687359757
0.9963263469826211
0.0
0.0
0.9977030537198452
0.0
0.0
0.0
0.12230353708201402
0.7638508544355502
0.0
0.4902535605066136
0.0
0.0
0.0
0.0
0.0
0.0
0.0
0.18068604621668044
0.0
0.35963171340340866
0.0
0.0
0.043966148226406
0.0
0.326679340128236
0.9048498066563165
0.0
0.0
0.0
0.0
0.0
0.0
0.0
0.6592287166850442
0.0
0.50969612600695
0.9617970676765396
0.8750224405911309
0.0
0.0
0.0
0.969870032539877
0.5600385054627485
0.012812156182359527
0.9127218892236179
0.0
0.0
0.0
0.0
0.0
0.9551677470605221
0.8385178882526877
0.0
0.0
0.46529634014372717
0.0
0.7477828592606233
0.9310007728991136
0.11575282664876624
0.2305874312974148
0.30773425450825925
0.2899109070484379
0.0
0.0
0.0
0.0
0.0
0.0
0.36846297245926624
0.0
0.0
0.0
0.0
0.0
0.0
0.0
0.7758492429705112
0.28355767626022416
0.3757167932542435
0.0
0.0
0.0
0.056242334889269226
0.7823875479916681
0.3164885303580716
0.0
0.8587552922074978
0.0
0.5825341212144292
0.0
0.06272607165000764
0.5575662873494769
0.0
0.7623590986506144
0.25363929375220695
0.0
0.0
0.0
0.20651934583935758
0.0
0.6071832527971281
0.8803722455421693
0.4219163359481136
0.0
0.0
0.0
0.0
0.20693187681668965
0.0
0.0
0.0
0.1145236764191802
0.9392502974367972
0.0
0.482019901738446
0.0
0.055318655360830644
0.0
0.0
0.0
0.0
0.4930316667476693
0.0
0.0
0.9425925885775729
0.0
0.0
0.15969829722845688
0.9797373642921545
0.10577101212001547
0.0
0.0
0.0
0.11802681418611728
0.26168889499015924
0.9786090724881751
0.46740080375522575
0.16662805871348926
0.0
0.43042203150393943
0.0
0.9979316733439934
0.7849093098201526
0.3430893185181827
0.0
0.5360598281288145
0.0
0.0
0.0
0.15958640661248633
0.0
0.0
0.0
0.5820395629177298
0.0
0.3071484685161542
0.0
0.0
0.0
0.6730789518385287
0.0
0.6915873536080868
0.14438579449514713
0.934208758877205
0.08181088820483186
0.553669294828894
0.0
0.6516280995247679
0.0
0.0
0.900337799480948
0.0
0.0
0.12870792062625352
0.0
0.40875012371082875
0.0
0.0
0.0
0.0
0.0
0.0
0.0
0.0
0.3372363168100615
0.0
0.8080374910384024
0.0
0.0
0.0
0.9697329632063936
0.0
0.09031036894352941
0.0
0.9301174310707874
0.0
0.0
0.6664965913867879
0.6612120811964068
0.24901862965858423
0.0
0.0
0.0
0.0
0.8837601123936274
0.46660132116231806
0.0
0.6822632990976875
0.0
0.6507111317017759
0.2647734733661475
0.0610922506878044
0.0
0.7670471362055756
0.5639815994038426
0.917493426601666
0.5947911055718328
0.0
0.0
0.8274580009558953
0.0
0.0
0.0
0.0
0.0
0.0
0.0
0.0
0.0
0.0
0.20336653109647224
0.0
0.2852913721783477
0.0
0.17064759502078808
0.472417414384764
0.0
0.541816485223151
0.37862290066692017
0.9048397519582112
0.7088216680822726
0.4306566364856993
0.7454292351792526
0.0
0.0
0.12640302133054673
0.0
0.7453676468794143
0.6662308709088831
0.5058266999639822
0.13004309267163466
0.0
0.0
0.0
0.7288415898470387
0.0
0.0
0.26652116064943726
0.0
0.3527774937283921
0.0
0.0
0.5404319391634593
0.0
0.5990601632373097
0.0
0.0
0.0
0.8983908376618703
0.8290575643750613
0.0
0.0
0.6624850658335653
0.24100302498079393
0.30902832438129846
0.2263377037222422
0.11888006599271825
0.0
0.0
0.0
0.0
0.0
0.0
0.0
0.0
0.0
0.040299148283907134
0.585582775665227
0.0
0.0
0.8854883014529722
0.7154631080964025
0.0
0.6581886253257144
0.0
0.0
0.22551856209399992
0.0
0.0
0.0
0.0
0.020234167759085587
0.3449091103349203
0.0
0.31314296069306125
0.0
0.006576065638731508
0.7344730864650341
0.4971271983560432
0.49907655282366603
0.6647253296584767
0.0
0.0
0.09437340423147275
0.0
0.4663361188621755
0.0
0.0
0.0
0.9995883901803426
0.53187663108297
0.964515490621313
0.3398916689828522
0.0
0.4368940046768633
0.0
0.0
0.7876774364389916
0.0
0.5510482331097325
0.0
0.1724564196706198
0.0
0.0
0.0
0.07802717779406229
0.6923545274986975
0.0
0.0
0.0
0.9314532129208097
0.2959317057153262
0.7893147083400934
0.8537822980769573
0.0
0.3743652547514817
0.0
0.7906980041016081
0.0
0.17415921079816848
0.6113046711253325
0.8453308392000657
0.4769039216790177
0.0
0.6566993806666118
0.0
0.0
0.5354686481420196
0.4330217245737477
0.0
0.0
0.12549933396567425
0.9040072691632056
0.0
0.36845659690600074
0.0
0.5210949652836755
0.0
0.8929302541017726
0.0
4.374183830306491E-5
0.8683582461495162
0.4727807077400221
0.19242219477425568
0.6135304412295759
0.7995384723275692
0.0
0.33172098038449943
0.0
0.0
0.0
0.0
0.0
0.17615365300326863
0.0
0.0
0.0
0.0
0.0
0.38725182121803803
0.0
0.0
0.0
0.6745222854296271
0.0
0.0
0.19876600994514199
0.0
0.5258484673483665
0.0
0.0
0.9756042449345271
0.21835454590961503
0.7574565460852822
0.3481407609980574
0.0
0.0
0.0
0.0
0.0
0.0
0.0
0.0
0.3205606614438043
0.7107576577391934
0.0
0.0
0.0
0.0
0.794487350409715
0.07855329643299071
0.8565530436342336
0.09896640140078597
0.47628526331543275
0.0
0.0
0.8660853726676488
0.7697509978047972
0.4890967801727378
0.0
0.0
0.8657806788394333
0.3580575177557978
0.31495847877072475
0.4683616756307227
0.41212473876056477
0.14038718899971556
0.5791014060246633
0.0
0.3124334825112665
0.08516598296867764
0.0
0.7295686266229111
0.0
0.015505326176360065
0.0
0.0
0.0
0.5056778913859244
0.23348435486771904
0.19820828100928897
0.5140751179189315
0.9351493102360694
0.0
0.0
0.0
0.0
0.0
0.0
0.0
0.0
0.3050536681388562
0.35065029924361746
0.0
0.8977463337090115
0.960463314822904
0.0
0.031591111547483036
0.0
0.10897849929333574
0.0
0.93091677007898
0.0
0.7665807702513604
0.0
0.0
0.6922301628387743
0.3994859908655443
0.0
0.0
0.0
0.9778245142360755
0.019566371059807852
0.5503974033662133
0.0
0.0
0.0
0.0
0.8688766009067891
0.9921084824110712
0.0
0.22126272227310603
0.2691438872364696
0.0
0.9295607939062531
0.0
0.8092750929848929
0.0
0.0
0.0
0.0
0.0
0.47634695388839193
0.3466030025618438
0.04904017278163366
0.0
0.0
0.0
0.0
0.0
0.0
0.0866338196465205
0.0
0.0898075564721211
0.0
0.0
0.0
0.5513784528307389
0.0
0.0
0.9388547980129843
0.0
0.0
0.14349202189957552
0.0
0.0
0.0
0.0
0.0
0.44887612017545836
0.9353663918904979
0.0
0.0
0.0
0.19907234914393204
0.0
0.0
0.0
0.0
0.2637840186830007
0.0
0.40110723112625574
0.20047641344360465
0.42774511056962106
0.5209227143177104
0.0
0.09190946464596318
0.0
0.5407198818579622
0.661247929483927
0.39583824013825536
0.0
0.12230902127068888
0.1106176131748975
0.0
0.0
0.14195566728108963
0.0
0.0
0.39872633082659764
0.0
0.0
0.09750904823789207
0.0
0.4037951672147431
0.0
0.8778313171838846
0.9710281755663461
0.0
0.491763082131414
0.0
0.0
0.6107377520696318
0.12430759176940682
0.036003048873115125
0.7704438784495906
0.0
0.0
0.0
0.0
0.4499949668004219
0.6138437380742449
0.0
0.0
0.7709832243796139
0.6384318236517169
0.11876043784434209
0.0
0.0
0.0
0.852558480810854
0.3931933693549296
0.7990185164623508
0.8044451578570956
0.0
0.0
0.0
0.0
0.0
0.9135318503701676
0.5991179794815439
0.3806743204036916
0.0
0.8318644546268915
0.6312796058181808
0.01373953070046957
0.0
0.16058993331385363
0.0
0.0
0.0
0.9032925603581511
0.0
0.0
0.0
0.0
0.041949007387123115
0.0
0.0
0.0
0.0
0.6146083506772573
0.07013839858744911
0.0
0.057930636660960794
0.0
0.0
0.4780467795246712
0.7746532400741877
0.0
0.259893307476816
0.0
0.0
0.0
0.0
0.0
0.0
0.0
0.0
0.4076430733414256
0.5618630284440748
0.0
0.5479648310781491
0.0
0.0
0.7743966648989463
0.993970646574126
0.3989300716797198
0.0
0.21623033934397376
0.7388441625764604
0.0
0.04604453895060365
0.4618107096525064
0.0
0.44275472180061787
0.965949755031368
0.0
0.0
0.8758855343084834
0.0
0.0
0.0
0.021425820374547058
0.0
0.0
0.2841260686527466
0.0
0.0
0.803984233317082
0.0
0.0
0.09923545734868708
0.8825415144209467
0.32424788871760296
0.7918474505104264
0.7979315797123733
0.0
0.0
0.9368751037849616
0.14883704593729152
0.47693814337376683
0.1942659159745228
0.0
0.3983067168003828
0.9699264007068196
0.5643763631581534
0.0
0.0
0.0
0.0
0.0
0.09750138731929309
0.8960172010715287
0.45004412310008873
0.0
0.0
0.0
0.6642244304122416
0.9348522115754778
0.5160936765957197
0.0
0.9806120138235388
0.534045201069855
0.6903359621697804
0.05560653060932144
0.0
0.5769301740593911
0.0
0.7314129883350433
0.6686633553578485
0.0
0.0
0.07718452410142397
0.0
0.0
0.34930683133675366
0.6046963784369727
0.21038852152631574
0.0
0.30298854685922144
0.8169424095939497
0.20397951416816618
0.0
0.0
0.0
0.0
0.2149388672343895
0.0
0.8917956167213749
0.6410098300699656
0.0
0.0
0.0
0.0
0.05285645391320216
0.9603644735702902
0.0
0.6035803565245886
0.35490793304534496
0.0
0.906733131676754
0.0
0.6381719544915058
0.0
0.14956852883013758
0.0
0.0
0.0
0.23548887998901727
0.5522291036786091
0.8627379663656819
0.0
0.10204130469850582
0.2514309668597386
0.44808491158083524
0.0
0.8567943598466368
0.0
0.0
0.0
0.9040608205774
0.07829630865608955
0.8759331276980652
0.2924319997653708
0.0
0.19227474111108037
0.0
0.40607173485293113
0.0
0.0
0.0
0.0
0.0
0.0
0.0790212778886559
0.3112917576376802
0.0
0.10264761003084655
0.9709773087964828
0.7893755436079041
0.585761325823709
0.3029384709159189
0.12763415905799513
0.0
0.34115013556902224
0.0
0.0
0.0
0.0
0.8647332074454781
0.4918902026069558
0.0
0.7417315479322404
0.0
0.6448294532326645
0.0
0.0
0.0
0.0
0.0
0.0
0.426675779888777
0.0
0.6993672449299253
0.0
0.4632254641561096
0.8240614250204665
0.1814141205419553
0.0
0.0
0.0
0.0
0.0
0.9456354480663622
0.0
0.0
0.0
0.0
0.02264027779896111
0.7266153396701303
0.0
0.0
0.0
0.9706178392184422
0.0
0.626637568480098
0.0
0.204395194860406
0.7866180347190848
0.0
0.5024580105237301
0.28106282564785084
0.2220215679510283
0.0
0.7734817214937529
0.4327808224305491
0.0
0.0
0.4137952106455467
0.0
0.0
0.0
0.0
0.0
0.0
0.8491867670236601
0.0
0.0
0.5072048477375332
0.7147794613768128
0.8450591982438744
0.0
0.0
0.0
0.8198000025266204
0.0
0.855204937047733
0.323149816320133
0.02221660583096337
0.4493998897935482
0.41408056378539276
0.5235593601642914
0.2987974726639041
0.12447035620425304
0.0
0.0
0.006698984237756901
0.10649123079784384
0.018952238235766982
0.5529712749078789
0.0
0.0
0.9335586683595816
0.26052668139146257
0.0
0.4625671419787376
0.5651764422226421
0.4424455696014117
0.1847606919540269
0.0
0.0
0.0
0.8686703664622156
0.7255634193095283
0.027054250119865307
0.0
0.018946740280848643
0.0
0.1296691957870017
0.0
0.7197451143907155
0.6532057773621108
0.2006969230664943
0.0
0.0
0.8843170139495862
0.2215975960517559
0.0
0.8664597101532173
0.7635854435277624
0.49165217454677346
0.5764469616497856
0.0
0.522805149072988
0.0
0.0
0.0
0.0
0.27552869350763465
0.8375410748205308
0.0
0.04455507089661117
0.32266269236176404
0.15810735387427835
0.2038144199065785
0.0
0.0
0.0
0.0
0.0
0.0
0.10126293845521014
0.9765447243633381
0.6181214347291609
0.0
0.0
0.0
0.0
0.5625742248677865
0.11724135810508056
0.0
0.0
0.7149501062040186
0.9313731159447827
0.8278514201414495
0.0
0.38404872631125503
0.0
0.8460875015517032
0.5927592587242098
0.6277999074338974
0.22277764109720896
0.0
0.0
0.567328369993658
0.0
0.0
0.0
0.7350383842163979
0.0
0.0
0.6473431091329425
0.873200386104869
0.0
0.8650526764230257
0.880402978340526
0.5070493344305115
0.19593782669265
0.05171534811255636
0.2224703918039277
0.0
0.0
0.03555849803730118
0.6674263449681623
0.5276613978020472
0.9844248445279592
0.6019457162310781
0.0
0.9473941172791425
0.4120603983044964
0.28089959416794114
0.0012849293026490273
0.5018276641786116
0.19340392889649485
0.0
0.6631339596508777
0.0
0.750951044307887
0.0
0.5292112455266512
0.0
0.7333835825571583
0.0
0.0
0.05501600525317694
0.0
0.0
0.0
0.0
0.0
0.317081761734277
0.8075630708874013
0.0
0.1316569939466765
0.6450227478571696
0.5683764915873222
0.15330982062343498
0.0
0.0
0.0
0.0
0.0
0.15020695083894245
0.47964256534642224
0.7082563052957874
0.0
0.9713456135345108
0.5288054748558055
0.42107617645650103
0.6225989637254254
0.0
0.0
0.4624050368021602
0.13034410319118195
0.3859728847550244
0.0
0.6942402540532949
0.0
0.6678540105799472
0.0
0.030077304464714127
0.9827522505384924
0.0
0.19398803213466392
0.744476569512376
0.9907728781540136
0.608186046638354
0.0
0.0
0.0
0.0712198830410356
0.0
0.0
0.0
0.9152939089407819
0.0
0.719739668410749
0.0
0.5556056371260646
0.9882326192836277
0.21826463150795192
0.46783421075377807
0.0
0.0
0.7625886050992134
0.9053530461980582
0.0
0.9440947783492807
0.0
0.9570608469929176
0.48390932202372844
0.5395012931962245
0.3971521862589916
0.0
0.6605963014447227
0.15467489571486961
0.7827533619931016
0.0
0.17792388498161862
0.6969390376424899
0.18928790107130503
0.0
0.23014141709931338
0.0
0.0
0.0
0.0
0.7850736708840668
0.7235343959632486
0.0
0.0
0.3679453365394753
0.0
0.0
0.0
0.0
0.0
0.35086637629564554
0.0
0.36523280248264656
0.0
0.7429864296132421
0.0
0.0
0.4773897232384802
0.06362278770779228
0.0
0.0
0.10376053195727392
0.539202607015722
0.0
0.0
0.8793279808148962
0.0
0.6734109996873427
0.8408067359140307
0.0
0.0
0.0
0.05479226603059507
0.0
0.0
0.48702327152134
0.0
0.5996758643608685
0.573504786607124
0.5951169284243174
0.14792733989529033
0.0
0.0981116954735126
0.0
0.0
0.0
0.0
0.0
0.5849810977357026
0.0
0.0
3.404295982489525E-5
0.0
0.2992780687602645
0.8423428455026036
0.0
0.248767426799603
0.7511684551220191
0.0
0.0
0.9436036765952608
0.34415646127974997
0.38106237067746995
0.0
0.0
0.35332837985850507
0.0
0.0
0.6449222232582196
0.19260160856147393
0.0
0.0
0.0
0.6111355381873923
0.0
0.0
0.0
0.0
0.8607723061456276
0.0
0.4806282868062789
0.0
0.0
0.08263844835684643
0.3237995578197934
0.0
0.371174017231357
0.5800684196224715
0.0
0.0
0.0
0.0
0.373259315142257
0.11247432420901551
0.9748764745715126
0.0
0.0
0.0
0.5789697672670425
0.0
0.0
0.0
0.0
0.0
0.0
0.22814702643901427
0.23400756106512363
0.6380986678860461
0.4912553774740035
0.9629574839170855
0.42815615139216595
0.0
0.49640079720178937
0.0
0.0
0.21741499990975527
0.0
0.2068953870502908
0.6740898657741479
0.0
0.7437046863005109
0.0
0.0
0.0
0.0
0.40721896333861873
0.893494111878279
0.2545384396145315
0.0
0.0
0.5872342542750136
0.4509139787704705
0.30879463318865197
0.0
0.0
0.23552553032992854
0.7932232762722392
0.0
0.44010633475072974
0.0
0.018422137929573142
0.3136677273843029
0.0
0.0
0.1464117945033539
0.0
0.0
0.5539026889825143
0.0
0.0
0.7615209564865607
0.0
0.5733385396804555
0.0
0.9424495494741957
0.5136296945628606
0.0
0.0
0.4671142550865621
0.9443350120996498
0.2125905676144049
0.05491844099757833
0.0
0.0
0.25633272386643186
0.0
0.624201780661899
0.0
0.513231510853225
0.0
0.6494765807029979
0.6973786305479266
0.8217315378567253
0.0
0.1468908582859604
0.40241913369826715
0.5059092558510736
0.37892652714842745
0.0
0.0
0.0
0.0
0.0
0.0
0.0
0.20540199007386897
0.0
0.5779434329899422
0.27643667870930577
0.0
0.0
0.1460823117244002
0.0
0.0
0.0
0.5372736407038986
0.1245544901525046
0.23229408330107845
0.0
0.3218007098027802
0.15449203916814147
0.0
0.4418127366217539
0.0
0.4811044714744734
0.0
0.0
0.18286649915427733
0.0
0.7484697562010956
0.0
0.4860041047734953
0.0
0.0
0.7273369120775214
0.4313992049428434
0.0
0.0
0.0
0.0
0.19647136172696794
0.4984243692030621
0.6885895182648714
0.2317839404253997
0.0
0.8238938786691233
0.0
0.0
0.0
0.0
0.0
0.9642076492148721
0.0
0.0
0.0
0.0
0.5749241859805531
0.6728900378182943
0.0
0.0
0.7335687745290826
0.0
0.8613438572443372
0.24450723110791212
0.3306915232505058
0.0
0.876708141218694
0.0
0.0
0.0
0.0
0.0
0.0
0.19930079690416705
0.10866355152743877
0.5894935667740199
0.0
0.914631561114151
0.3619427750384524
0.0
0.43196694030301414
0.0
0.0
0.9486700077601781
0.0
0.0
0.0
0.0
0.0
0.21609630545437222
0.18833241357875538
0.4011825656779321
0.5618498827381143
0.6082175258309491
0.9381744691219113
0.0
0.0
0.0
0.0
0.9183615806254183
0.0
0.6516670068868197
0.0
0.0
0.0
0.8472173154830505
0.0
0.5568682527319374
0.0
0.0
0.0
0.13085704403364923
0.0
0.0
0.0
0.14442420530189082
0.7094532251349148
0.21680185880470407
0.0
0.5625622616868536
0.6907114900139013
0.0
0.9005176614157403
0.0
0.9562623904267985
0.0
0.0
0.0
0.0
0.0
0.7619151057792218
0.34356490765990993
0.1507132509649727
0.0
0.0
0.940640561167162
0.5459176936515684
0.21141421271333413
0.0
0.995925733053834
0.0
0.0
0.0
0.9362402593664163
0.994505281162487
0.0
0.0
0.499698410751463
0.9431558179683142
0.7906984956322555
0.648623260520778
0.0
0.0
0.9780580445704488
0.0
0.27546308357672605
0.0
0.1219040212080498
0.5962207164540801
0.0
0.6734747717689862
0.5945756788420543
0.0
0.762112411573539
0.8939122675718045
0.0
0.0
0.7198523615707951
0.5954662865337405
0.3690277076283622
0.7879078267154753
0.0
0.0
0.0
0.0
0.0
0.0
0.0
0.0
0.8301003124130353
0.0
0.0
0.0
0.7168414346810386
0.0
0.3445284085523011
0.0
0.6290749778627708
0.694840601195761
0.0
0.0
0.0
0.0
0.7929138698200351
0.0
0.0
0.34341593788444674
0.18210940954942176
0.0
0.14842105405153094
0.0
0.22592233132588452
0.0
0.0
0.8705275564850511
0.6805541130196283
0.0
0.0
0.7842542723914477
0.6627816600813352
0.0
0.03562883197879518
0.0
0.08137383910484094
0.3750348267636769
0.0
0.0
0.0
0.6203079318980462
0.6909136333506121
0.5344842817644205
0.0
0.7482087352641797
0.0
0.25657369380698963
0.0
0.4548356325787789
0.0
0.512580100252587
0.8450487708745118
0.0
0.2984581576508543
0.2103175802604734
0.0
0.0
0.0
0.0
0.6667143984257683
0.0
0.0
0.9744069209564286
0.5956788491286988
0.0
0.0
0.13545050288439656
0.0
0.0
0.0
0.0
0.3270466537950697
0.822798252787834
0.0
0.0
0.0
0.1439926437649499
0.0
0.31467516356971414
0.0
0.0
0.5073901700380075
0.0
0.0
0.45204974144245863
0.8887086029845469
0.2976014046079145
0.0
0.0
0.0
0.5988647032413535
0.0
0.0
0.0
0.8812011859702733
0.0
0.9222602211012825
0.9328631440260045
0.0
0.0
0.8986071436553097
0.992354674140733
0.5014735610587594
0.0
0.06734651442810358
0.0
0.0
0.0
0.8364578353518394
0.14820243589931356
0.8776987154725022
0.0
0.0
0.592915258898671
0.0
0.0
0.39805165340393606
0.0156649878998771
0.0
0.08454041513524016
0.4253629997183499
0.0
0.9668520772912578
0.0
0.0
0.0
0.0
0.0
0.7386830508121928
0.8361107765172402
0.17875595546686127
0.603082932727608
0.10183666530759883
0.0
0.9528778595269465
0.0
0.0
0.0
0.30062082766334625
0.0
0.0
0.0
0.0
0.0
0.04216872637984355
0.0
0.0
0.4168267715386425
0.5999637167184305
0.0
0.46304112092667427
0.0
0.0
0.31181693634636787
0.03854180546311918
0.0
0.0
0.44936607310542076
0.0
0.0
0.0
0.2885762976044471
0.0
0.27900607632628255
0.521714994103364
0.142604673815475
0.41888484740691334
0.0
0.0
0.0
0.0
0.0
0.0
0.2926511869719699
0.0
0.0
0.9887244517546168
0.0
0.6136621403850057
0.0
0.0
0.0
0.0
0.4588706255099131
0.0
0.0
0.6065903625643914
0.0
0.7804661376806784
0.0
0.0
0.0
0.0
0.4893041948631759
0.0
0.4448488506014988
0.6057544764912656
0.43448615164125964
0.0
0.1599668158548583
0.38025666523677715
0.0
0.27522742681408474
0.25904905103944037
0.0
0.5508060371951433
0.349769215348022
0.0
0.0
0.0
0.0
0.7356724511387249
0.0
0.0
0.3323252648727939
0.0
0.0
0.02248123631816786
0.39443774972867945
0.0
0.0
0.0
0.0
0.23553290843776764
0.0
0.6065769666269991
0.19832675945099354
0.6576447958773013
0.0
0.17863142782065414
0.7861105457495452
0.09542561932765199
0.9341413737236132
0.0
0.0
0.0
0.0
0.0
0.0
0.0
0.0
0.0
0.0
0.4672816979829219
0.21022394161477784
0.0
0.0
0.43720341720027495
0.0
0.0
0.0
0.94108404867403
0.0
0.0
0.0
0.0
0.0
0.0
0.0
0.0
0.0
0.0
0.0
0.0
0.0
0.0
0.0
0.0
0.0
0.0
0.0
0.6675867658277137
0.0
0.7112333696779846
0.5604268892015007
0.0
0.725435202411125
0.7043220030811427
0.0
0.0
0.0
0.04436013678341208
0.0
0.0
0.7683311238188194
0.8721290096783723
0.0
0.0
0.030756173145512915
0.5940146810003805
0.0
0.9693667550069331
0.0
0.0
0.0
0.7906750994348231
0.0
0.0
0.0
0.0
0.0
0.0
0.0
0.6914812596013186
0.44519762759809983
0.33946289497573806
0.0
0.0
0.958328348718079
0.9586242068320492
0.7127103410077756
0.0
0.842757838077389
0.0
0.13010028224937964
0.8664072047185497
0.16612001924302253
0.6634397990865352
0.0
0.12539882497351296
0.23527047713917554
0.7130814478329601
0.014084501844947975
0.0
0.0
0.42599576202943573
0.1391051406961483
0.864377160181949
0.0
0.0
0.49899434121059655
0.0
0.0
0.7969269202632311
0.027828245667591452
0.0
0.3520976370371954
0.0
0.0
0.41985278356553474
0.0
0.10162958807530303
0.9091058738100225
0.0
0.0
0.19435148867100416
0.9498949122266861
0.24857435142298034
0.0
0.996888895533442
0.3735823342199891
0.0
0.6631587935691204
0.9092674194320103
0.0
0.0
0.0
0.0
0.9520308580913535
0.48473393550664173
0.0
0.0
0.0
0.033152266827194465
0.4659298024078434
0.0
0.813568419517622
0.0
0.6900456673833103
0.596795158225063
0.8292959785096611
0.7924073942838069
0.45479874210528876
0.0
0.844860877785355
0.0
0.927135053174552
0.6534356824266411
0.3268907241330302
0.0
0.517112179708601
0.0
0.0
0.0
0.0
0.0
0.0
0.0
0.0
0.0
0.4158576309019906
0.129091344902003
0.0
0.2617467033669824
0.9890107153127851
0.7873162560537228
0.0
0.0
0.0
0.0
0.0
0.0
0.47804180712282607
0.0
0.7193688659750855
0.0
0.37110709706151396
0.23920112060180576
0.43620474020215133
0.03484462759994758
0.0
0.1515893500655824
0.0
0.0
0.0
0.0
0.06142833648595572
0.0
0.3611006727706715
0.0
0.0
0.0
0.6750649157851556
0.0612332597651656
0.0
0.8772386452956603
0.0
0.0
0.7364443723034892
0.0
0.0
0.7934017661427812
0.0
0.05848518419655718
0.2142226261014288
0.2823579886583949
0.0
0.0
0.17197312604329182
0.90363211558503
0.0
0.8434705317049607
0.0
0.019132939155196305
0.8612264321415213
0.18901150939292188
0.0
0.0
0.9302336810337796
0.245851087955319
0.0
0.0
0.9373436970477608
0.0
0.0
0.11298232013383495
0.3069250816077162
0.0
0.8003475298715317
0.0
0.8417676290583825
0.29609528117734857
0.0
0.0
0.0
0.0
0.0
0.0
0.20113442034454546
0.17593855676506184
0.7853893192508957
0.9234890062920552
0.918739164097892
0.0
0.0
0.0
0.29342078010301254
0.7839783839823492
0.0
0.23228465550884309
0.0
0.0
0.36193703220627227
0.30715377930581866
0.0
0.0
0.0
0.0
0.26603677200047493
0.0
0.2721749786418638
0.0
0.11114470553048332
0.0
0.15386712624916807
0.48912009236723963
0.0
0.0
0.0
0.0
0.0
0.8795962963983353
0.4393511248096707
0.31603831693230106
0.4977428176462375
0.0
0.9907029552214675
0.0
0.7454209347862301
0.0
0.0
0.0
0.8629181805776623
0.0
0.6465045493871284
0.8917073686141787
0.775489721666637
0.7861776325437021
0.9597723219125696
0.0
0.0
0.6223947416962788
0.3031780484320106
0.0
0.9246461995905688
0.27373659154418495
0.0
0.0
0.25770795140777214
0.6287709267551106
0.796353797753728
0.891338679085228
0.0
0.0
0.0
0.6419564953638802
0.05178587431006814
0.0
0.9916152403397138
0.0
0.0
0.7394824447810839
0.0
0.0
0.9575090996356393
0.0
0.18339528826410878
0.49396691588026653
0.43052657598436395
0.0
0.33970837832565076
0.28638844714613726
0.0
0.9363461590844627
0.23029720899761957
0.0
0.0
0.0
0.043988280373348385
0.0
0.0
0.0
0.0
0.44827469947651966
0.0
0.0
0.2621404438262196
0.7278109803352996
0.0
0.9863631435915433
0.0
0.0
0.0
0.0
0.797104283559681
0.9805620658182489
0.0
0.0
0.10159525653082407
0.5440675769707235
0.11750180663236773
0.6202707423055563
0.0
0.0
0.0
0.08763670579787175
0.0
0.0
0.2040299503289197
0.0
0.755415714608373
0.0
0.0
0.0
0.0
0.0
0.0
0.0
0.0
0.0
0.0
0.0
0.0
0.0
0.0
0.0
0.433913795742402
0.0
0.25882185609019964
0.06398847843918505
0.8175742949181842
0.0
0.0
0.48376595876173606
0.0
0.0
0.39791721685123704
0.0
0.191422287800607
0.028066726362940126
0.0
0.0
0.03335128231273539
0.07658999072259488
0.0
0.6399364040849848
0.0
0.0
0.20605205055601888
0.0
0.0
0.7844404135368173
0.0
0.15643197287669386
0.4857824078241593
0.15267514058756196
0.6200940556402247
0.5515441892194517
0.0
0.0
0.0
0.0
0.41354522101041297
0.8022634274415207
0.0
0.0
0.0
0.0
0.0
0.7037373445949638
0.09755729591666834
0.37735617684821154
0.0
0.0
0.0
0.5001265152634173
0.614550394978227
0.0
0.0
0.7339968223342875
0.2522201023572925
0.6961776982101313
0.5023614340470192
0.8513266164836794
0.0
0.0
0.9358740698524957
0.0
0.0
0.0
0.49429770962676023
0.3250945730171672
0.5835681809625137
0.7476536999507095
0.8890344055075421
0.0
0.0
0.0
0.04875268429319558
0.0
0.0
0.8532391608083634
0.0
0.0
0.164709567700393
0.34458739784407044
0.0
0.0
0.4870103972217536
0.0
0.8093179182510142
0.0
0.0
0.6757887467378915
0.0
0.0
0.0
0.4893533193014663
0.5868656909701202
0.12868908654302005
0.0
0.0
0.0
0.013851796984284695
0.18614912502004177
0.0
0.0
0.0
0.6280889447517782
0.3445293155268796
0.0
0.019834511718709914
0.6349405921429331
0.0
0.7714022357351011
0.0
0.9717452651165992
0.0
0.5156189394515556
0.09826684517888525
0.0
0.0
0.0
0.0
0.3020189067749998
0.8643584364966466
0.4824245216762308
0.0
0.0
0.8351946044443178
0.03711751826995409
0.4374302174614821
0.21910343559186266
0.0
0.516217768449419
0.0
0.0
0.0
0.4777439357998478
0.0
0.0
0.5132434084835222
0.6997910585309861
0.4302475529091132
0.0
0.0
0.7683570745455424
0.17269713869263145
0.5662436915617208
0.0
0.8343768046981518
0.0
0.9433077250296474
0.3028431940429941
0.938885453103329
0.0
0.0
0.9605997921331897
0.0
0.0
0.44418837690440066
0.0
0.10529005360384078
0.49163823210564594
0.0
0.08522773595966829
0.0
0.393944555208227
0.0
0.0
0.0
0.0
0.0
0.0
0.0
0.0
0.0
0.0
0.659354945881198
0.0
0.39750952274775087
0.0
0.0
0.6085524397554528
0.0
0.0
0.0
0.25053543916423493
0.0
0.7175359238755408
0.316525044674567
0.9470710797550806
0.8609519253487671
0.0
0.0
0.0
0.0
0.9869144296390153
0.0
0.3538048304217388
0.0
0.0
0.7829122727625182
0.0
0.0
0.0
0.0
0.0
0.0
0.0
0.7387831865475013
0.7788707183040754
0.0
0.0
0.07746242127177447
0.0
0.5830822787980431
0.0
0.0
0.0
0.0
0.8745211945712945
0.2484494372472524
0.3967306892029714
0.0
0.0
0.0
0.0
0.0
0.2830452566499169
0.0
0.0
0.0
0.0
0.33448346989684585
0.0
0.8222892205770472
0.5889953179354241
0.7013873524762632
0.0
0.0
0.809583646188363
0.0
0.0
0.0
0.0
0.9983780583823788
0.0
0.0
0.0
0.7497107953490758
0.9793714455709516
0.0
0.7326056407888408
0.0
0.41916556286891316
0.0
0.2812702988675316
0.28702326223323915
0.0
0.9465671604287306
0.28322034929146783
0.13095924336732934
0.0
0.0
0.8105028028042323
0.0
0.0
0.0
0.21370805398439355
0.08961145386634742
0.6199942999637258
0.0
0.005422261824797247
0.20179350114909292
0.0
0.0
0.0
0.0
0.0
0.0
0.972988460702073
0.0
0.44141202203076985
0.0
0.0
0.0
0.0
0.6812066824213536
0.0
0.0
0.0
0.18041112969383363
0.0
0.49013156409273806
0.0
0.0
0.2531359231345812
0.0
0.7341052610248013
0.7177915103660453
0.0
0.0
0.8239335644280488
0.6402417052979757
0.0
0.524726741223404
0.0
0.0
0.9977679663880701
0.0
0.0
0.43684184753965577
0.2062561947808011
0.0
0.18538373610871103
0.3130340211593975
0.029118277760965143
0.9888485693112177
0.0
0.44590101259585446
0.5764340713116195
0.8626376159762131
0.0
0.0
0.0
0.43074367487388104
0.39099135129476603
0.27968953082842324
0.0
0.8029667967229029
0.994079458100798
0.0
0.769696855424454
0.0
0.0
0.6368807333509011
0.6270348082967899
0.0
0.15470147848542637
0.0
0.0
0.9394312773057961
0.0
0.0
0.03275088193349014
0.0
0.0
0.0
0.6758354645594465
0.3457274981112679
0.0
0.6638932867400164
0.4042673200765651
0.0
0.0
0.0
0.0
0.0
0.48130200366286
0.8809837789735232
0.5976653605304653
0.5488747822738299
0.9530505379428709
0.670371669732685
0.8945644926760316
0.0
0.0
0.0
0.9839336219193349
0.0
0.9048183884194662
0.0
0.0
0.0
0.0
0.0981486809964919
0.7568490077470842
0.0
0.22390023663471795
0.8120554209700269
0.047465869738103315
0.04065861309547989
0.0
0.0
0.6017742833333324
0.24928328284888973
0.4846396992217282
0.48522671679735957
0.0
0.0
0.0
0.0
0.2085764613782065
0.16380377185861478
0.9152340005757853
0.9074419798925445
0.0
0.7624780435001483
0.0
0.0
0.7749367705283895
0.0
0.0
0.6138423084986422
0.01900237151315407
0.0
0.0
0.4173819550246385
0.0
0.0
0.0
0.0
0.5438928118857909
0.0
0.03588025591253534
0.35176535260239095
0.0
0.0
0.7810014678054904
0.0
0.0
0.17935296569518266
0.0
0.0
0.0
0.3712456527584454
0.0
0.0
0.8451832446573588
0.8473945576169871
0.550487162201739
0.39632848414024846
0.7009106632075862
0.563468761031809
0.9004070255829864
0.6258198253607414
0.0
0.3602977835537006
0.0
0.0
0.1027046465119662
0.0
0.0
0.9045724288569704
0.0
0.5549509170525256
0.0
0.0
0.0
0.4270871918190263
0.0
0.6803828243051236
0.0
0.0
0.025898120163025142
0.9455411860607058
0.0
0.0
0.13869819851578988
0.0
0.2566056686436892
0.0
0.2311417895817206
0.38059421576578134
0.0
0.0
0.0
0.0
0.0
0.0
0.0
0.0
0.0
0.5087614979386618
0.8905446016281335
0.0
0.700810596734616
0.0
0.0
0.0
0.0
0.0
0.0
0.05826377302186587
0.10281071369673796
0.0
0.0
0.0
0.9967945863695701
0.9849579390165811
0.0
0.7717490698495942
0.0
0.0
0.0
0.7599242299582962
0.0
0.7575277841687542
0.0
0.0
0.0
0.0
0.7502312024126409
0.01586712559178904
0.0
0.2288607375809443
0.2997196235807161
0.0
0.0
0.0
0.0
0.0
0.0
0.0
0.2733076973496033
0.0
0.0
0.0
0.0
0.0
0.7125882821544713
0.9787434990700091
0.0
0.3392075747069132
0.8991376337783619
0.0
0.23787412729544044
0.0
0.0
0.5448833878760317
0.0
0.0
0.52183886685282
0.0
0.0
0.0
0.0
0.0
0.0
0.0
0.0
0.0
0.18925210073418627
0.9850535493455396
0.41779277185649194
0.0
0.396065038874599
0.0
0.0
0.7665312138121219
0.942296047734396
0.0
0.4654714544338901
0.0
0.7516539019869605
0.0
0.4729894881081465
0.011145651759354641
0.0
0.0
0.9783077929206163
0.13226987462970505
0.0
0.0
0.6038220588806761
0.6925073787253885
0.0
0.0
0.3509163916177062
0.0
0.27266214399639704
0.0
0.0
0.0
0.8296603221263384
0.0
0.50899741603687
0.0
0.0
0.3668532241202382
0.48582236721099786
0.9790826880339532
0.0
0.07705887295746466
0.0
0.6580658255003833
0.0
0.0
0.3472810687572629
0.0
0.7155423194864414
0.22862820215167287
0.0
0.0
0.0
0.0
0.6332259441792698
0.0
0.0
0.0
0.1595545922983387
0.0
0.9342790594970498
0.4052302428566044
0.0
0.4014911371183921
0.0
0.0
0.0
0.03534637634444361
0.0
0.0
0.12852675146645065
0.8955766072419649
0.6606373916943545
0.0
0.0
0.0
0.0
0.6248970905527222
0.7017533513808715
0.9648228626059541
0.8001404036730994
0.0
0.0
0.0
0.5653066532983301
0.522712395937059
0.0
0.0
0.0
0.2499429459929782
0.12972137182083093
0.8509369850072985
0.030116446478976423
0.7728544887514609
0.0
0.0
0.2905626810518319
0.0
0.0
0.21907124323831959
0.0
0.0
0.6996043056078307
0.662326726566767
0.3889446933653996
0.0
0.0
0.8299342943657617
0.0
0.0
0.0
0.1864819786366047
0.22278068714200253
0.9465113254314915
0.8133967466626308
0.4818670865027579
0.0
0.37942101159619346
0.0
0.0
0.6116071578353496
0.5323543490208978
0.0
0.0
0.900380174027898
0.24866264969447052
0.5967681962659349
0.9762632473701527
0.0
0.27226456614144795
0.8933420754270136
0.4071075584199052
0.8289937555984789
0.3963922334372802
0.0
0.0
0.0
0.0
0.12754262829103857
0.0
0.5290216244501954
0.0
0.0
0.0
0.0
0.0
0.0
0.0
0.0
0.0
0.0
0.0
0.0
0.0
0.0
0.0
0.7809200001191645
0.0
0.04234984383570618
0.7560591712859202
0.0
0.0
0.6376847922528645
0.1643367511620612
0.5881929495215504
0.26286369561072503
0.0039102051217453845
0.0
0.2943633004080222
0.0
0.31008955280641104
0.9036783814785587
0.0
0.1984425805152384
0.0
0.0
0.4829314120802824
0.0
0.0
0.3658922581799973
0.0
0.0
0.7291538763910004
0.0
0.06614436450349935
0.5247645228176097
0.4709618800012963
0.0
0.0
0.0
0.11646392595004937
0.8661761118742124
0.0
0.0
0.0012041374641190406
0.0
0.7202337070222483
0.0821152340282482
0.0
0.9727403941123178
0.0
0.0
0.0036675476969319507
0.0
0.3171922284184092
0.58674601778547
0.42979183411730704
0.2429016840110511
0.0
0.0
0.0
0.020044747132435897
0.43341578763411337
0.8739361692522906
0.0
0.0
0.0
0.3024664087059039
0.0
0.0
0.0
0.5993708370864411
0.7259820325624315
0.5656290482579664
0.0
0.0
0.0
0.7067513123105509
0.0
0.0
0.0
0.9878723075720177
0.7262627912581859
0.7120279448272899
0.0
0.42694730525681585
0.0
0.6309193018563458
0.0
0.0
0.0
0.0
0.63691632886995
0.0
0.5408795130233757
0.3563693589071742
0.0
0.0
0.49485088616435874
0.7151212691465348
0.0
0.0
0.3311668595202848
0.6608169882903621
0.29298812183197054
0.0
0.0
0.05624979270250438
0.089041045038912
0.0
0.0
0.09152312733254578
0.0
0.0
0.0
0.3811166987788581
0.7075607545207554
0.8030603371550222
0.0
0.0
0.0
0.3175907013357105
0.12350602955199615
0.0
0.0
0.0
0.0
0.26504938944500406
0.1395036251321807
0.0
0.0
0.3986902512764974
0.09729786168666818
0.032352901520324
0.0
0.0
0.0
0.6388784280033282
0.6492354283532467
0.0
0.0
0.0
0.0018335979282229674
0.0
0.26814737056512344
0.7532697768138241
0.7559352707055873
0.0
0.0
0.0
0.46296211905917944
0.047497400453719696
0.8120920693894645
0.0
0.8886884056932676
0.0
0.8891244392341316
0.0
0.0
0.0
0.0
0.386101474755214
0.2921006846999158
0.0
0.0
0.0
0.0
0.0
0.8092978127761082
0.061797853607865307
0.0
0.0
0.118023476873522
0.0
0.0
0.9924437463856609
0.0
0.0
0.4945659376110795
0.3394296495364841
0.0
0.0
0.2737639401184889
0.0
0.0
0.5462905583010575
0.8069576638958305
0.2515072837311672
0.0
0.0
0.0
0.04595653752002435
0.0
0.0
0.0
0.0046246743807222815
0.0
0.0
0.0
0.0
0.0
0.12070579214177182
0.29686589514507405
0.0
0.8682188178786789
0.0
0.18324973321548682
0.5554781650543633
0.0
0.0
0.0
0.11040819926450439
0.6673593598294904
0.14706922511508905
0.0
0.1778752189220019
0.9468276254313052
0.00799379143893316
0.7255369482738668
0.6810653435659156
0.0
0.0
0.5186591436273126
0.447769744203874
0.0
0.7735039749219024
0.0
0.0
0.0
0.02860978944004814
0.9879416017209901
0.0
0.26596468180038774
0.0
0.5157307263062505
0.11431287957675618
0.0
0.0
0.0
0.0
0.0
0.11372480867144008
0.0
0.6351483234516985
0.7682076470085798
0.0
0.4194064610852181
0.0
0.0
0.6078531536949621
0.0
0.0
0.26829623960248944
0.9912625276381484
0.8863022656979899
0.0
0.0
0.4058368717092328
0.7775203673413831
0.0
0.4461604846124194
0.23835507057983657
0.12116901467357999
0.0
0.0
0.0
0.898711742395182
0.4237912977329687
0.0
0.0
0.0
0.0
0.5318826554590954
0.950597881907419
0.0
0.0
0.06099169549104508
0.0
0.8672293197762827
0.9756619718462176
0.016592632592606554
0.6241739655182895
0.0
0.0
0.0
0.44848388227335795
0.0
0.0
0.0
0.786102170655033
0.9162675845963038
0.5691746625313195
0.6519644184429031
0.0
0.1420547000594111
0.8913449204230347
0.03248376755472902
0.4920235763236276
0.8071007885299999
0.7098362606917766
0.2698380683759958
0.0
0.4435436077910954
0.0
0.0
0.0
0.871585031672797
0.0
0.0
0.0
0.09617951373775714
0.0
0.8436512265998908
0.7691895877865064
0.0
0.11454665472573965
0.0
0.9994406392748756
0.0
0.0
0.5236806044513195
0.0
0.0
0.0
0.0
0.5546443758093088
0.21399596306720264
0.5070666364758317
0.0
0.8659028507255957
0.0
0.7164223435541248
0.0
0.0
0.6615939309120411
0.6330707784123952
0.0
0.0
0.765399297519766
0.010182438518991957
0.0
0.45922514692051997
0.0
0.0
0.0
0.7781469391608605
0.7451624788346449
0.0
0.0
0.4626593367584643
0.3906669247680747
0.0
0.0
0.36813183351215323
0.6949553025114811
0.0
0.7084459003173726
0.0
0.0
0.2692949731257847
0.0
0.19825518770079437
0.0
0.0
0.0
0.0
0.05019066897745244
0.0
0.0982647520951238
0.0
0.2732211428261032
0.0
0.0
0.41406121171194554
0.3256284026168713
0.0
0.0
0.463254522387459
0.5076181216301886
0.0
0.1772916123866694
0.0
0.0
0.0
0.4781718142572186
0.3791472812292256
0.9054978176256768
0.0
0.09594797568470265
0.42119372870205574
0.8032691150927345
0.8451312302090058
0.0
0.3447642328898349
0.47536541955536016
0.006691454643212591
0.27143965627771677
0.0
0.8768896756868293
0.3641170927883788
0.0
0.6766043142044524
0.27698538503499437
0.03981687452207746
0.510148575335657
0.0
0.566036336267778
0.5968097263904777
0.0
0.0
0.9799306730756571
0.0
0.0
0.2830515362276114
0.5564404770462377
0.0
0.0
0.0
0.0
0.13349553483431867
0.45982074347363716
0.7880022005625518
0.0
0.3710393533176724
0.3309551673089282
0.0
0.9465120529209394
0.8291810908727676
0.9560819614887153
0.9775851436493148
0.8183829559747463
0.12392934798778422
0.7111252553735992
0.0
0.7254206567318481
0.2901430756593014
0.33497767099144116
0.5563459207747119
0.5893600150788222
0.2729023324879974
0.0
0.3434409074572211
0.28402283697019215
0.0
0.0
0.0
0.0
0.38869368833722084
0.0
0.0
0.7592873979315529
0.8128482364957779
0.4867280718764585
0.12531401638503795
0.0
0.5336206504511142
0.41391131814562515
0.0
0.9867128063051953
0.613723608492968
0.2639003640229966
0.0
0.8173585147441568
0.0
0.0
0.0
0.0
0.006317195582137764
0.0
0.0
0.0
0.45510092175247085
0.029830352339943557
0.02243280326058788
0.0
0.0
0.21051816283736577
0.36479680371630135
0.0
0.872017008545598
0.8227259009532278
0.1483494401081451
0.0
0.0
0.2679623245823264
0.0
0.9948345008493971
0.0
0.0
0.0
0.40655094038845047
0.0
0.0
0.6988483478560275
0.0
0.5799701970694932
0.0
0.44622772312515546
0.16358448106077195
0.9316516283667774
0.0
0.0
0.0
0.0
0.7877002612315257
0.0
0.5424652974390476
0.9627148900468897
0.12605579907602787
0.4298625970660963
0.0
0.0
0.0
0.0
0.0
0.6818937296922433
0.7772265699436501
0.0
0.8794510730321995
0.1673346027632745
0.0
0.4221898270748598
0.9611898486202451
0.0
0.0
0.9347884070417772
0.9908012176676535
0.6168850192914436
0.0
0.0
0.0
0.0
0.0
0.4253407834101867
0.0
0.3544027885841849
0.28572870994648625
0.3330116881780197
0.16126262272920303
0.7305893073881338
0.0
0.0
0.777160397834343
0.0
0.0
0.9428320321783189
0.0
0.0
0.0
0.001956472637171577
0.0
0.0
0.6276517070297607
0.7274958615504495
0.0
0.4294411962976461
0.14971096739988152
0.0
0.366788432370568
0.6585643409870373
0.5145576416219368
0.28758163379419505
0.8659961343159078
0.0
0.7400489376343066
0.0
0.6434047157552844
0.0
0.08183036096944303
0.8160829242328141
0.3312427573940371
0.9982233206953904
0.2683501292324923
0.0
0.2870944675713571
0.0
0.29485205524219243
0.6556726614074336
0.10360875369535123
0.35906244904765666
0.9772556545736002
0.0
0.0
0.0
0.0
0.4655389873641405
0.0
0.3322293268073727
0.4594595472454037
0.8101264626331347
0.8379293536004521
0.0
0.4551083758396328
0.0
0.5592533629076264
0.3801600519884796
0.0
0.06144009032601645
0.0
0.0
0.3311400011990175
0.963514447781781
0.30850158724899357
0.0
0.5442445237296747
0.6805177419094723
0.0
0.0
0.9573581114511399
0.0
0.0
0.46181019434811194
0.0
0.7691696198609205
0.4099592235217372
0.9296145202601005
0.0
0.0
0.0
0.0
0.0033806819547927643
0.49175948328919283
0.8147304390300338
0.36431406215021755
0.0
0.0
0.783842590944094
0.0
0.0
0.0
0.20317033520160988
0.0
0.9784168247733243
0.7619739797630766
0.0
0.7968047395119947
0.487588294743823
0.0
0.0
0.0
0.9415081899791091
0.07200342503710752
0.12918513892684955
0.8753894792703832
0.6812486261001529
0.0
0.0
0.0
0.0
0.0
0.3275207903676057
0.9288991424386749
0.0
0.0
0.8609904987574186
0.7395807108286216
0.0
0.3283890605215527
0.0
0.0
0.25857800046288254
0.021327371919568825
0.9823281325660237
0.7308310169017386
0.9538866517075602
0.9908051799176325
0.0
0.4436653395571719
0.2773829236557347
0.0
0.0
0.0
0.9960419824895365
0.8668785882888551
0.0
0.0
0.0
0.3496555010174853
0.6622806191859154
0.8851034186092491
0.0
0.13969297418082943
0.3787904833956962
0.11735863745283373
0.0
0.4340468674962713
0.9428607349634417
0.0
0.3859705423176376
0.8873749964769956
0.0
0.0
0.8028823425919335
0.0
0.0
0.0
0.302768213242548
0.7741280633863555
0.3688199610056181
0.0027305031892607286
0.0
0.07122365324525334
0.0
0.0
0.0
0.6965277368246442
0.0
0.0
0.0
0.22753397853429916
0.0
0.9247653665288368
0.34306366056617277
0.0
0.0033366703201131334
0.5588197824671242
0.6834999919943763
0.5940645453071289
0.6878702610539723
0.0
0.0
0.48008865504278614
0.0
0.0
0.0
0.0
0.0
0.6484717366280853
0.7432196062144374
0.0
0.0
0.5341437835230065
0.49395485063060035
0.0
0.0
0.0
0.0
0.821269341248428
0.0
0.3621460807527709
0.0
0.0
0.0
0.0
0.0
0.07425587544494024
0.0
0.0
0.0
0.19635364646714865
0.5307292406375979
0.0
0.5700692183456655
0.6428085446830797
0.0
0.0
