197
73
91
70
14
332
195
36
253
147
252
204
244
19
68
17
161
127
37
60
225
151
166
108
196
182
135
126
226
172
203
138
255
123
27
173
220
42
216
113
308
122
186
129
258
112
234
128
237
107
69
25
16
133
209
150
137
162
89
160
228
57
290
20
58
95
3
171
74
183
217
83
304
31
267
98
263
2
1
79
191
90
331
44
178
77
163
102
280
100
215
130
24
6
194
4
314
302
124
224
93
199
211
184
50
169
97
193
85
192
86
328
47
309
136
233
110
205
132
26
28
109
82
214
66
187
189
268
32
334
72
219
145
200
46
287
114
208
288
48
146
339
154
337
218
300
117
279
198
295
121
273
349
343
347
278
350
39
306
221
351
222
142
256
51
223
164
174
254
176
140
29
88
30
41
13
49
116
326
264
59
180
118
131
125
271
10
8
152
229
54
52
111
134
170
35
144
33
115
7
81
260
64
106
101
11
149
9
141
104
87
249
156
34
207
272
159
285
40
283
206
213
158
333
12
307
94
338
201
120
168
340
181
245
177
148
175
305
316
277
103
238
62
262
38
261
76
320
212
65
18
329
105
232
84
265
312
22
251
298
269
297
293
321
250
323
190
119
55
241
296
75
80
318
243
248
303
266
299
313
327
315
235
286
310
45
188
259
61
92
78
67
185
167
63
281
236
143
155
291
242
324
230
319
21
15
96
5
239
322
270
284
139
23
317
342
289
43
276
246
311
294
282
179
344
341
247
56
165
325
99
210
274
335
346
292
348
227
157
257
153
330
240
275
301
53
71
336
345
202
231
