0.03207744851292841
0.0
0.0
0.0
0.16065224652101728
0.4993153568992041
0.0
0.0
0.4903720346618611
0.0
0.0
0.3839514404525414
0.23049556817953465
0.0
0.0
0.6804896055325225
0.49235133943207104
0.0
0.0
0.0
0.0
0.0
0.0
0.0
0.17148488741227513
0.0
0.0
0.0
0.0
0.0
0.0
0.3109725721481225
0.0
0.014772338294414903
0.14813411930470496
0.0
0.0
0.18646500639216662
0.0
0.0
0.08221390553629952
0.0
0.0
0.1881763145545875
0.0
0.0
0.0
0.7017238461913043
0.0
0.0
0.0
0.0
0.11343201820288693
0.0
0.0
0.0
0.0
0.0
0.07320952686576788
0.0
0.4617459132955788
0.0011979464560292828
0.023624254993122186
0.34662998319415234
0.0
0.0
0.08984379613696401
0.06458182470954633
0.0
0.2983757851699297
0.0
0.0
0.14241666196447494
0.03453063470923327
0.18487002697783186
0.0
0.15062562500584867
0.0
0.0
0.0
0.0
0.0
0.0
0.2024288088230967
0.0
0.37673531033995594
0.03638355858952099
0.0
0.22209304746096603
0.0
0.03815898191791983
0.0
0.0
0.0
0.0
0.0
0.0
0.0
0.04291878093239373
0.08168823374269066
0.0
0.0
0.6216099448362571
0.0
0.0
0.4418210344223993
0.0
0.2625109643592609
0.0
0.0
0.0
0.0
0.29349324892508466
0.0
0.0
0.0
0.19823037496989765
0.0
0.0
0.12342920958950372
0.0
0.0
0.19960078483661517
0.0
0.0
0.0
0.0
0.0
0.15015278170959775
0.0
0.12214884456474306
0.0
0.03192654016249553
0.0
0.09223938657588295
0.0
0.0
0.0
0.0
0.06875697143439115
0.07576028626538633
0.06463356793817801
0.0
0.11241826067701387
0.20635660987085785
0.0
0.0
0.0
0.0
0.0
0.0
0.06235322454181878
0.1232414890713044
0.0
0.0
0.0
0.0
0.0
0.26612635438153215
0.0
0.0
0.029849488480667468
0.0
0.0
0.0
0.0
0.04702298562980465
0.164736969186192
0.0
0.025784680581614938
0.0
0.0
0.0
0.021155407619874587
0.0
0.0
0.0
0.0
0.0
0.0
0.0
0.02401868999219757
0.0
0.07048489213047393
0.06291304323476465
0.0
0.0
0.0
0.0
0.0
0.03729039080436263
0.3211267894894179
0.0
0.06977865383344116
0.0
0.0
0.0
0.43647496065505487
0.0
0.9999755452673196
0.0
0.07561001796896744
0.0
0.9999999999640454
0.13148251115776907
0.0
0.0
0.0
0.0
0.0
0.0
0.0
0.013316528291470188
0.40264964974489115
0.2070061836069982
0.5884848981577452
0.21031112286507436
0.006273868411353287
0.0
0.0
0.0
0.0
0.16732317889470114
0.0
0.0
0.3473993799206979
0.0
0.0
0.0
0.0
0.0
0.06901189876710352
0.0
0.0
0.0
0.9287816416813282
0.0
0.2036913196026514
0.17168818548192352
0.19167260578464762
0.0
0.0
0.0
0.0
0.0
0.0
0.8969989776048387
0.0
0.30825191802954693
0.0
0.0
0.20101303977803323
0.0
0.0
0.0
0.0
0.0
0.2112374646058011
0.0
0.0
0.0
0.0
0.1496732019079204
0.0
0.05679200903136435
0.27152047062081713
0.0
0.0
0.06326285156003571
0.0
0.0
0.0
0.0
0.0
0.0
0.0
0.0
0.0
0.0
0.0
0.0
0.25513410127889663
0.3720769911097392
0.0
0.0
0.0
0.0
0.2636050467794731
0.0
0.0
0.0
0.11004156319289064
0.0
0.0
0.0
0.0
0.0
0.0
0.0
0.0
0.06540874535259354
0.0
0.0
0.0
0.0
0.17912377936452872
0.0
0.051822650646048525
0.0255233129346013
0.0
0.30997539825811204
0.0
0.18421018546910492
0.0
0.0
0.0
0.0
0.5861405317235416
0.0
0.0
0.27098425467577764
0.0
0.0
0.0
0.0
0.0
0.0
0.0
0.03760075316185964
0.0
0.0
0.11480590401427022
0.0
0.0
0.0
0.0
0.0
0.012338722252749904
0.0
0.0
0.0
0.40937119296697794
0.0
0.0
0.11059031038748923
0.0
0.0
0.0
0.0
0.0
0.0
0.0
0.29782531002139123
0.02890686056220247
0.0
0.0
0.23402898186590013
0.011168159027388162
0.0
0.0
0.07499282752986755
0.0
0.0
0.0
0.0
0.0
0.21003490362804866
0.0
0.0
0.0
0.0
0.0
0.0536727804402232
0.0
0.05500570536807109
0.25048565368561654
0.0
0.05450872569377246
0.09326360077674505
0.07154408868120736
0.0
0.8764392740001834
0.1663219185175005
0.0
0.0
0.0
0.051011063831838566
0.0
0.0
0.7246775566881076
0.11001178511409423
0.26365055477029725
0.0
0.13813838968585992
0.0
0.039651016949695396
0.0
0.13347415697854903
0.0
0.0
0.0
0.0
0.0
0.17419266678847906
0.0
0.0
0.0
0.0
0.0
0.0
0.8848998339602991
0.0
0.0
0.0
0.27248607654574136
0.0
0.0
0.0
0.04994810050701028
0.0
0.031165261882690077
0.17133700233196797
0.03835009771999674
0.0
0.0
0.0
0.0
0.00912375064538109
0.0
0.0
0.23482551654076353
0.0816206476067272
0.0
0.040800318880626414
0.0
0.11844369074651447
0.20517639728287437
0.0
0.0
0.0
0.09972100012323831
0.20496893380087036
0.04505421601033394
0.0
0.4644518272450179
0.16090442776681102
0.0
0.04331008629736825
0.33133575125072684
0.0
0.4329109927960796
0.0
0.0
0.0
0.3524737244678595
0.03528474796159477
0.043754453236533715
0.13658005747037752
0.0
0.0
0.14390537745649176
0.0
0.0
0.044115542478815196
0.09418187387273788
0.0723481673936898
0.0
0.21511345125118816
0.0
0.08665879086048954
0.0
0.0
0.0
0.0
0.0
0.0
0.0
0.22270740605207184
0.13550075150391425
0.0
0.0
0.8070706372652675
0.0
0.0
0.0
0.0
0.10757494049761523
0.09197983074544876
0.0
0.0
0.0
0.0
0.0
0.0
0.0
0.0
0.0
0.0
0.0
0.0
0.0
0.0
0.01314754864242323
0.0
0.0
0.0
0.7584476088124582
0.1017694722579235
0.0
0.0
0.007184546698190849
0.0
0.0
0.0
0.2006672478246169
0.0
0.0
0.0
0.25457888891281033
0.0
0.0
0.0
0.0
0.0
0.0
0.05145841896459315
0.0
0.0
0.02593213910730825
0.0
0.09002952170541731
0.0
0.0
0.3153267582934249
0.008575528092571135
0.0
0.0
0.037625266601022965
0.0
0.06464282367446933
0.0
0.05474974040845805
0.0
0.0
0.0
0.0
0.0
0.20609423593468007
0.0
0.0
0.020470148814508093
0.0
0.06731642515396814
0.0
0.0
0.15569513142203112
0.0
0.0
0.0
0.1639879388389893
0.019943818141429998
0.0
0.13401777753135832
0.0
0.0
0.0
0.0
0.0
0.0
0.05868234394371774
0.0
0.0
0.0
0.0
0.0
0.14002325136015908
0.4199983907355774
0.0
0.0
0.0
0.0
0.12489824790367786
0.0
0.0
0.0
0.09520947975560981
0.0
0.0
0.0
0.0
0.0
0.0
0.0
0.1346772799781877
0.0
0.0
0.0
0.0
0.0
0.023688776837898568
0.5350177005733276
0.6280880228286491
0.0
0.0
0.510010758244057
0.0
0.0
0.0055857210151237496
0.0
0.0
0.2730724204860414
0.0
0.0
0.0
0.0
0.0
0.13317141564557325
0.029662947468490793
0.0
0.0
0.0
0.0
0.0
0.006970169274329403
0.1578774844003589
0.04777031600417724
0.20129239575588942
0.13381646094713953
0.06876467600432969
0.21234583148752748
1.0
0.0
0.0
0.0
0.0
0.0
0.0
0.0
0.0
0.14744082741141923
9.011082645531147E-4
0.024377734885425096
0.0
0.0
0.10533492638536336
0.0
0.0
0.0
0.0
0.1341333458977605
0.07464738528630167
0.0
0.0
0.0
0.07310586031264811
0.0
0.0
0.23773237534444938
0.0
0.2583221558938803
0.10825784644095356
0.0
0.0
0.0
0.4703346928495331
0.0
0.05442075203932879
0.0
0.0
0.0
0.0
0.0
0.0
0.0
0.26333934347564825
0.0
0.28112880418877256
0.0
0.0
0.0
0.0
0.0
0.0
0.0
0.0
0.013611551194968754
0.007770696715399003
8.905297091163306E-4
0.0
0.01432403096120239
0.8993894101229192
0.0
0.0
0.3017139529409154
0.0
0.011612735094264196
0.0
0.2201765443606404
0.0
0.05074661034772947
0.0
0.0
0.0
0.0
0.0
0.0
0.13091970463709912
0.0
0.0
0.0
0.0
0.0
0.0
0.34784551094289545
0.0
0.0
0.0
0.0752054369452297
0.0
0.0
0.0
0.0
0.0
0.0
0.0
0.0
0.017101283882871257
0.6354186205145965
0.1681896844665953
0.0
0.058182499113397325
0.40755567134165016
0.23518684131148435
0.0
0.0
0.2363162823106554
0.0
0.03366613889985552
0.0
0.0
0.0
0.0
0.07158311135895891
0.0
0.0
0.0
0.0
0.0
0.0
0.0
0.0
0.0
0.0
0.0
0.0487441403825884
0.0
0.0
0.0
0.0
0.0
0.011513792305133858
0.0
0.0
0.0
0.020949055180680708
0.0
0.31830948885192867
0.0
0.1629737736202269
0.10138069767009526
0.0
0.0
0.2302781104130917
0.0
0.3802380662624122
0.0
0.0
0.0
0.0
0.0
0.3809873527422718
0.0
0.0
0.0
0.0
0.08638559079359948
0.0
0.0
0.0
0.22352679583320534
0.0
0.10623147968502622
0.0
0.0
0.0
0.0
0.0
0.0
0.0
0.06239013240292765
0.4391138558170615
0.23754865596372673
0.0
0.1298537827256785
0.5414944814705466
0.0
0.0
0.0
0.45906949020620036
0.04187157303874994
0.0
0.0
0.0
0.1252363041698152
0.0
0.2280196554105039
0.0
0.0
0.0
0.0
0.0
0.0
0.0
0.0
0.11153429393476579
0.0
0.972103938179153
0.0
0.0030974847727209586
0.2594575880460831
0.0
0.17804099082146188
0.0
0.1432164658679375
0.034515170698594964
0.0
0.039844305879557645
0.13108775249391433
0.0
0.0
0.0
0.0
0.0
0.6228824040864562
0.18055996558370746
0.0
0.0
0.7628294633811022
0.0
0.6827314807002249
0.0
0.24447610315612253
0.0
0.0
0.0
0.8647431762136827
0.0
0.0
0.0
0.054129376237717707
0.2303506180122338
0.0
0.0
0.255793923847707
0.07331343872146928
0.0
0.0
0.0
0.08599463825298
0.0
0.018015489979517497
0.0
0.0
0.14012926270257642
0.03435294591173653
0.0
0.0
0.0
0.0
0.0
0.0
0.19314175780133674
0.0
0.36456150240960805
0.056627379938082985
0.0
0.3811691309581644
0.0
0.0
0.0822819484048118
0.0
0.0
0.0
0.0
0.3089648598843662
0.0
0.0
0.025303220228225957
0.0
0.16853391487134622
0.28098559339825224
0.0
0.6000075579695829
0.0
0.0
0.09002357071531457
0.0
0.0
0.0
0.0
0.0
0.0
0.0
0.7093403135733598
0.0
0.0
0.04173985548575755
0.0
0.0
0.0
0.0
0.059587268798454655
0.0
0.11669199688367957
0.09872075720018852
0.0
0.13693744497429572
0.0
0.15113945553970615
0.0
0.0
0.0
0.0
0.0
0.0
0.0
0.0
0.0
0.0
0.0
0.004398403334957491
0.5188984413720698
0.5205564028409798
0.0
0.32057086478046387
0.0
0.0
0.0
0.037094177162189816
0.16807408497084095
0.0
0.0
0.19177673429142067
0.0
0.0
0.020391108526299002
0.0
0.0
0.0
0.0
0.0
0.05223845378651791
0.0
0.14528871122974296
0.0
0.0
0.045992341975709686
0.08135864115318495
0.053223157792897845
0.0
0.0
0.0
0.0
0.0
0.0
0.0
0.0
0.1900276107400027
0.0
0.0
0.02912736046227643
0.0
0.15825421486722827
0.0
0.020715392458554437
0.0
0.0
0.0
0.09322069112180645
0.20168390108822362
0.0
0.2267314385286234
0.0
0.0
0.2774567445444043
0.0
0.0
0.0
0.3060556175423815
0.11016605030323068
0.055545940823013853
0.0
0.0044652971403863805
0.0
0.0
0.0010702027151956472
0.0
0.0
0.0
0.0
0.0
0.0
0.0
