0.01840198345708084
0.0
0.0
0.9336276143068751
0.0
0.23119453676149923
0.0
0.0
0.0
0.0
0.0
0.0
0.12130761692758443
0.0
0.0
0.0
0.0
0.7904946819593619
0.0
0.0
0.0
0.9995318727922393
0.0
0.16202372164924247
0.0
0.45485346836135304
0.0
0.0
0.0
0.5669188649006244
0.29451006140243524
0.0
0.5637209995150295
0.0
0.0
0.0
0.0
0.47166738772289873
0.0
0.8533222109829982
0.0
0.0
0.0
0.3808303448499584
0.8924575459155345
0.0
0.13204106407147922
0.0
0.0
0.6290477055383558
0.7960099563545251
0.0
0.0
0.11422144704271847
0.2329101804061656
0.010588099647713527
0.4964123199016789
0.0
0.5126006159674814
0.3880651509168519
0.0
0.0
0.0
0.10455841255300524
0.0
0.0
0.0
0.0
0.2409245178449535
0.30787567999371407
0.0
0.0
0.0
0.4133081546013616
0.0
0.0
0.0
0.3243644171798865
0.0
0.13055261380323152
0.554798692826937
0.9498610754569486
0.9632803352663872
0.31238953522058693
0.0
0.4602868794828759
0.0
0.45984098682194624
0.0
0.7182860149612271
0.7236416851798809
0.0
0.0
0.43941538986733225
0.851053956063211
0.0
0.4084061218326818
0.32955213574507375
0.0
0.0
0.8313565163377065
0.1398229458829744
0.39024645586671647
0.18943590506350394
0.0
0.0
0.5902019359215451
0.0
0.0
0.0
0.0
0.5146633623870638
0.0
0.0
0.0
0.1572754774529155
0.0
0.8753454508780109
0.7071674043140449
0.2944359534820028
0.0
0.0
0.0
0.0
0.0
0.0
0.9086239151865876
0.0
0.0
0.0
0.4578518332500671
0.0
0.0
0.09586128842516455
0.9507475047286503
0.0
0.6687767924142207
0.0
0.7143083857061217
0.0
0.0
0.0
0.9552958682305581
0.39685336524505394
0.1706001301067478
0.30791422399146007
0.37416044079684824
0.0
0.9404923115215768
0.5849258754416022
0.0
0.0
0.0
0.0
0.4749366954274809
0.4132137781676379
0.01547160423163778
0.0
0.0
0.5909668340465317
0.6253982942942579
0.5796494020585508
0.4172721327288906
0.8788070694023452
0.5464675649101085
0.43420614134056756
0.3458341704738658
0.7022786778297848
0.0
0.5170134828855873
0.0
0.0
0.5837672540047862
0.6730025020699035
0.5004293945346416
0.0
0.0
0.5756266416856564
0.0
0.0
0.0
0.0
0.0
0.9442803479348342
0.42280073610419494
0.0
0.0
0.725699171248283
0.8240872421318332
0.0
0.2510813195587425
0.5087351214963968
0.7667792439623833
0.8170426501907538
0.0
0.7810114929792643
0.0
0.0
0.0
0.0
0.0
0.0
0.8387555355639941
0.5767305534727327
0.0
0.0
0.0
0.0
0.5324553237739483
0.65282907712074
0.6371279482833435
0.0
0.0
0.9452982666014808
0.7200006812984359
0.0
0.0
0.0
0.0
0.0
0.0
0.0
0.0
0.0
0.9899863619334848
0.9296094195823775
0.11579314753723335
0.2498122860081748
0.0
0.13997497154008282
0.28486790601538725
0.5126452467526167
0.0
0.0
0.2654976457898547
0.0
0.0
0.5597234948672327
0.0
0.12725608655249368
0.0
0.0
0.0
0.48205673758045114
0.0
0.19150866615097153
0.0
0.3154510371229209
0.0
0.0
0.0
0.0
0.0
0.0
0.0
0.28644651369601487
0.23515232091851385
0.0
0.0
0.1568738854277119
0.6526872560591358
0.0
0.0
0.42229454712603015
0.0
0.0
0.0
0.0
0.6418992515572499
0.0
0.7442456548978564
0.0
0.44898759252871584
0.0
0.0
0.0
0.8975841796305961
0.0
0.0
0.0
0.0
0.6223366487735599
0.0
0.21332050792735352
0.0
0.982118090095256
0.0
0.0
0.7307492374467385
0.23707548768551887
0.6127767310064307
0.0
0.8005134063673122
0.0
0.0
0.0
0.9414821696976025
0.0
0.3285932613064145
0.6991495900829573
0.8662681772226416
0.502692445217843
0.0
0.0
0.22997322353685984
0.0
0.29287209632333777
0.0
0.8081388638961464
0.5584379944356224
0.0
0.24698615243832672
0.0
0.0
0.0
0.0
0.922418452054481
0.0
0.0
0.0
0.7629432554416447
0.0
0.3612276284661798
0.6723614566612639
0.0
0.0
0.0
0.0
0.0
0.0
0.0
0.0
0.9539186234582099
0.0
0.40242960644449577
0.0
0.7716644188047289
0.0
0.0
0.08420795573627506
0.0
0.0
0.0
0.7262130575299016
0.0
0.8650618237222535
0.6026474020713142
0.0
0.0
0.0066046860799423915
0.0
0.0
0.72112523451264
0.0
0.0
0.0
0.09446079100455652
0.7389356415312519
0.0
0.5581914422272529
0.0
0.0
0.8794355445340105
0.8911447578172156
0.11440344025771379
0.0
0.006092137794004553
0.031621536455244154
0.24993198830350055
0.0
0.0
0.0
0.42162812518445586
0.0
0.0
0.217555812678262
0.19864539314980373
0.0
0.0
0.0
0.6449795990171089
0.0
0.0
0.3600918435551087
0.0
0.0
0.3165216132949014
0.1923400156608836
0.0
0.7881451852397032
0.0
0.8201749025982666
0.7654608146205762
0.0
0.12863301878859465
0.0
0.5822387543673934
0.0
0.8750751972008931
0.3466448409023849
0.7551919569589096
0.1308042890480448
0.546876111103808
0.0
0.426808347287492
0.5985579794329979
0.5137558428430972
0.9605880160417739
0.644490766976039
0.0
0.3681443531587649
0.0
0.7667092120141884
0.9899250005935435
0.0
0.1821242838910073
0.0
0.08798032955918124
0.738247041464128
0.9930573711293602
0.0
0.0
0.0
0.9210216370622603
0.004693445530640484
0.0
0.9955513651104884
0.0
0.41867839596612316
0.5640940593711476
0.2734695641870465
0.5286551823257788
0.5543332726499834
0.22721175600944687
0.0
0.0
0.8700469903685872
0.8708995125307412
0.5500445340147011
0.0
0.09406614679538418
0.5216633398800158
0.3010274576347747
0.7043171367528216
0.0
0.0
0.7358704581337628
0.0
0.0
0.0
0.0
0.0
0.0
0.4006339674787919
0.0
0.2560754469666877
0.0
0.0
0.0
0.0
0.0
0.2887739569743315
0.0
0.0
0.8632313689457444
0.0
0.554151346504091
0.9602554363916223
0.531143465557754
0.0
0.38058571691443116
0.0
0.0
0.0
0.0
0.14597811546368902
0.4935736444627518
0.0
0.0
0.0
0.7280441781365011
0.0
0.7860939184221784
0.0
0.3787210210657738
0.0
0.0
0.19603889215937542
0.3963802555392892
0.47450182831754484
0.0
0.9709963123055305
0.0
0.1440723530853933
0.6231970895772189
0.03872133771923912
0.6917334570551901
0.9266992369594605
0.0
0.12698387530804395
0.0
0.0
0.0
0.0
0.029534014437917
0.19010432333092783
0.0
0.8131684962036136
0.3579264451280876
0.2780635271676325
0.0
0.0
0.0
0.1682523930305739
0.0
0.0
0.0
0.0
0.7369126039104955
0.0
0.19270103570353955
0.6843474349607692
0.0
0.3835599657331071
0.8845762203365453
0.09121316492502689
0.0
0.0
0.0
0.0
0.0
0.0
0.0
0.2303791126594995
0.0
0.5902718078464474
0.0
0.0
0.0
0.0
0.0
0.8782092508063446
0.0
0.0
0.0
0.0
0.19144754404449793
0.0
0.0
0.22870562455052562
0.2208964386710028
0.0
0.5701494584634221
0.2461638710859733
0.0
0.47756378047421427
0.9363960141397519
0.0
0.0
0.0
0.5772639387814489
0.0
0.3606643027037279
0.9481069578527956
0.0
0.9415496760797248
0.3234151226617196
0.6536309089833268
0.0
0.0
0.0
0.0
0.0
0.5953537011660641
0.6939091904651681
0.0
0.0
0.8489531542472089
0.9987905372866854
0.0
0.0
0.0
0.0
0.0
0.0
0.5147802224001435
0.0
0.3019266909608425
0.0
0.0
0.8182849193570731
0.0
0.0
0.9847575538299751
0.7005939841234733
0.0
0.0
0.0
0.0
0.7945658631662749
0.6930813605787195
0.0
0.0
0.7075513707389347
0.0
0.0
0.0
0.0
0.1164957169746035
0.0
0.8930516724363439
0.0
0.0
0.0
0.0
0.5721871527681287
0.0
0.2781921033482605
0.0
0.0
0.0
0.2312488160721995
0.0
0.20087811511186496
0.0
0.0
0.0
0.0
0.7851743047149086
0.0
0.0
0.7228356178716445
0.0
0.7734842263396206
0.0
0.0
0.0
0.7625619769771531
0.0
0.0
0.2622257285997044
0.9514031794713182
0.9884290454073951
0.0
0.0
0.0
0.0
0.5159383419188368
0.15578351515811045
0.0
0.9486355953650445
0.0
0.0
0.0
0.0
0.0
0.0
0.0
0.5722436639293564
0.2604831172326276
0.9303058349358027
0.0
0.5426401047721661
0.0
0.0
0.6185929850563201
0.0
0.22161801011820673
0.0
0.0
0.0
0.46801858640753563
0.8555166266436972
0.0
0.0
0.0
0.0
0.0
0.0
0.0
0.0
0.0
0.0
0.8708817376588072
0.15571259189160183
0.0
0.20700396477611188
0.0
0.26420507465339954
0.0
0.2927044738191708
0.0
0.33230785014925324
0.4172989522803759
0.0
0.0
0.0
0.0
0.9419392708700276
0.0
0.0
0.0
0.6151728014236388
0.2971639791292095
0.5392050893961696
0.0
0.0
0.07765099105559672
0.0
0.0
0.8895358836050881
0.4019007828245308
0.0
0.0
0.0
0.0
0.0
0.0
0.37239253621918955
0.0
0.0
0.15750284763047212
0.0
0.7764297612390972
0.0
0.0
0.0
0.8136669710237624
0.3389881304535388
0.3014467216704345
0.0
0.12765431697678908
0.0
0.5182406813790422
0.0
0.6464164816004663
0.0
0.0
0.8059360838090919
0.0
0.0
0.0
0.16206521373378113
0.0
0.9181194386235126
0.9111163465524948
0.6064186269557519
0.6840837109885548
0.8949979791759294
0.3796930840733559
0.15113194399000232
0.0
0.0
0.0
0.0
0.06390670123677494
0.0
0.1800767904577175
0.0
0.0
0.9236782537442177
0.0
0.0
0.1877225535671991
0.0
0.0
0.0
0.0
0.0
0.0
0.6397213297761156
0.0
0.22831697657530955
0.0
0.9174806781558321
0.7529190609235247
0.5946121293944834
0.0
0.0
0.0
0.5162690177962767
0.6777086622137284
0.0
0.0
0.0
0.0
0.09336851362655309
0.7442226212451488
0.0
0.0
0.2366129659207304
0.08961790664079267
0.5932193322226491
0.0
0.9008774164132692
0.7367927246391724
0.0
0.0
0.520070831553251
0.0
0.0
0.9100726698778419
0.0
0.0
0.6479655308166649
0.12993446933887642
0.9544689394682931
0.0
0.0
0.0
0.0
0.0
0.0
0.8968017072787122
0.0
0.0
0.0
0.0
0.09578394589246934
0.6926768977803527
0.0
0.43538612237916113
0.6898701321313314
0.0
0.20315286852241599
0.0
0.0
0.0
0.9863684417920449
0.0
0.0
0.0
0.0
0.0
0.2617219579387762
0.0
0.0
0.8268972477729636
0.0
0.5249576481546443
0.0
0.0
0.6639541076901437
0.6738831004593867
0.0
0.4170321585772848
0.0
0.0
0.459147917859879
0.0
0.5215085862063908
0.8945671017614257
0.0
0.0
0.7078253942414177
0.4089351936689789
0.9458879407343906
0.0
0.008664942540614591
0.0
0.0
0.32240436821328905
0.0
0.0
0.1363109114470332
0.0
0.0
0.9048350043695992
0.3677654412201281
0.6723414272254968
0.026767705331934843
0.0
0.0
0.0
0.0
0.0
0.24608314378995852
0.0
0.8535967508162963
0.7848552475841329
0.0
0.0
0.16505696102429057
0.0
0.0
0.06814325925314424
0.4290413389773437
0.6492460429410133
0.1164466111491263
0.3566278240922206
0.4529725629648018
0.0
0.4788636864745274
0.4962771964392837
0.0
0.19694589523919045
0.0
0.0
0.36902859425592893
0.936789611498832
0.0
0.0
0.48697771066074585
0.0
0.0
0.0
0.07959812764150186
0.518697698145101
0.07983872627787036
0.16102370447696768
0.5772194063437841
0.0
0.0
0.42873790098606035
0.0
0.6352623363054591
0.6938324669337403
0.06208213378708298
0.10333198340037933
0.6240081808922456
0.8022838266425674
0.06470974492455629
0.0
0.0
0.6222784379627926
0.0
0.0
0.0
1.0420246076292215E-5
0.0
0.6152488101200738
0.0
0.8287641089029048
7.850556207658175E-5
0.0
0.0
0.8264582556452463
0.0
0.40498574412491284
0.7256061596400475
0.6337672291919848
0.0
0.0
0.9269763817211716
0.7461202080507189
0.7164510536268791
0.5064387381818792
0.5489829023214253
0.0
0.0
0.0
0.041035744146671084
0.0
0.10441361204846629
0.0
0.0
0.750156962280726
0.0
0.3559436890196295
0.0
0.0
0.0
0.05116831308574066
0.9083234970563415
0.0
0.926349029004281
0.0
0.9324704910479834
0.0
0.15364444625385507
0.0
0.0
0.5930826638555476
0.0
0.06458122513599285
0.0
0.0
0.9151788186491528
0.0
0.9963255965502124
0.12135788460487337
0.0
0.0
0.5777311528646213
0.0
0.0
0.0
0.34209123518210827
0.7682503653004129
0.0
0.4933331910121636
0.30548893373099956
0.3669872640558929
0.15825048233989278
0.0
0.2844801399872179
0.0
0.9349298475196843
0.0
0.12123377648553746
0.0
0.6733167310200472
0.0
0.40418228074307433
0.0
0.6011671304523637
0.0
0.0
0.0
0.0
0.9848376717408842
0.0
0.0
0.0
0.0
0.0
0.0
0.5823452568964261
0.0
0.3318243466408046
0.0
0.0
0.46949094438027067
0.34617113508632225
0.0
0.0
0.0
0.48046895002962714
0.0
0.5388091668878557
0.0
0.0
0.0
0.0
0.0
0.7889070262868368
0.0
0.7194182727570206
0.06391234792545357
0.0
0.4618295801745971
0.6724504213563148
0.35966421898433454
0.7378064977918724
0.22673256068692124
0.0
0.0
0.0
0.376853458603326
0.8402361482977444
0.8115263498279168
0.0
0.0
0.0
0.772509169299089
0.7257205636614037
0.05705249707133722
0.0
0.9850330371729124
0.0
0.0
0.2174587441915427
0.0
0.0
0.27100096699692383
0.12050440321108628
0.2479728020011578
0.7511539779298257
0.0
0.0
0.9995215394787327
0.0
0.06444008798304264
0.0
0.0
0.8657960242629615
0.0
0.024749799278473095
0.0
0.615469998415179
0.0
0.0
0.4286693226991276
0.7479494797415025
0.0
0.025732568001146365
0.6085342532702336
0.0
0.0
0.5221364188741033
0.4820887064522106
0.0
0.0
0.0
0.0
0.0
0.0
0.7805548986606656
0.0
0.6398152339163611
0.0
0.739881898165516
0.0
0.2110215426790455
0.0
0.0
0.0
0.0
0.0
0.0
0.0
0.0
0.0
0.5128035211183631
0.0
0.9071900109372215
0.8753648596074972
0.0
0.2320575316674851
0.6280550886153811
0.0
0.0
0.0
0.01736901897213133
0.5858498352716132
0.0
0.0
0.30056050311625016
0.0
0.0
0.0
0.023193429511589102
0.7875187205322
0.9204626064623039
0.4240804590739388
0.0
0.0
0.5887120631699297
0.21837900046000694
0.0
0.0
0.9608218188874924
0.7465307475686022
0.8479283996480135
0.0
0.0
0.0
0.0
0.0
0.0
0.0
0.3187720679048201
0.5388660133766925
0.0
0.0
0.11501925853930119
0.0
0.11371778424608663
0.0
0.0
0.40790560374434726
0.0
0.5357177599524344
0.19773150535077308
0.0
0.0
0.9779133987885197
0.8125145104620487
0.0
0.0
0.0
0.8228897687863885
0.041175241533596856
0.9803162033964045
0.05749100196823491
0.49178192536395055
0.017500349545588892
0.0
0.0
0.0
0.3835983365340969
0.0
0.0
0.9796384548518308
0.0
0.828917039882462
0.9125602032144658
0.0
0.0
0.8813853653503441
0.0
0.0
0.20050248143096733
0.0
0.0
0.0
0.058309470274830695
0.0
0.0
0.3870540539838091
0.0
0.6191450308418085
0.0
0.0
0.7928999982222765
0.16731234775577572
0.5949934248700612
0.9021204721528876
0.0
0.0
0.7879419404867981
0.4548707470289005
0.0
0.9486463660020841
0.49552476773714477
0.0
0.8369384665864309
0.3489932832048136
0.34892499629747353
0.0
0.8758830491765898
0.0
0.0
0.3908683053915567
0.0
0.38948512670598323
0.09677052207009432
0.0
0.2574601395996148
0.547655497375534
0.0
0.0
0.9141555599780902
0.0
0.38612179070917757
0.0
0.0
0.0
0.0
0.7015166366730056
0.011781651228813205
0.09539045458313286
0.8921283082031581
0.0
0.15434427909689719
0.0
0.0
0.0
0.8547426030121057
0.042220814196138774
0.04555480856009619
0.0
0.1345481649710857
0.0
0.0
0.6229775325100446
0.0
0.7836031957705311
0.0
0.0
0.03476341393045042
0.0
0.0
0.8902461073336867
0.0
0.0
0.0
0.24383409504412376
0.0
0.0
0.46047195284564
0.8087085970653055
0.0
0.6040744529765594
0.0
0.5128280382473696
0.0
0.883311695246662
0.0
0.6510372281153142
0.0
0.0
0.0
0.0
0.7629074513636184
0.0
0.8401226131353703
0.0
0.8677338864262014
0.0
0.06315001097326056
0.05490168418778484
0.25963103414902855
0.25776319773200684
0.18380950983800595
0.45643073061343836
0.8351419345182306
0.0
0.41323403114116125
0.0
0.0
0.43433642825257146
0.023197856787941194
0.24357451858451226
0.858583579036468
0.7143779895371568
0.07005014227722386
0.0
0.8688413594101442
0.7939553407114873
0.0
0.09703459380262658
0.0
0.0
0.0
0.0
0.0
0.7403368249070849
0.6362768535720791
0.02692184761898673
0.0
0.0
0.0
0.0
0.3734558835164757
0.0
0.0
0.8873759588218995
0.0
0.0
0.7124952185169136
0.0
0.7757303376518864
0.0
0.0
0.0
0.0
0.17343112339667613
0.6211926753589968
0.8812647997634466
0.7454352955233117
0.0
0.0
0.0
0.0
0.0
0.0
0.17129399377072124
0.06954802107532267
0.0
0.0
0.6117698317446315
0.0
0.0
0.0
0.2639529009431621
0.7457277169385983
0.0
0.0
0.0
0.0
0.9932822498736478
0.0
0.0
0.5274024399771426
0.47912182360881633
0.0
0.0
0.0
0.9694049953573725
0.2988767621772099
0.9459354949283528
0.27187806707533885
0.0
0.0
0.0
0.5013172647355209
0.9849943897121799
0.0
0.47745614481964455
0.0
0.0
0.0
0.0
0.0
0.0
0.0
0.0
0.0
0.0
0.9456887086310938
0.0
0.0
0.9334266536144639
0.0
0.7110747315232469
0.8151092203367644
0.6915823500748365
0.0
0.4924527016670904
0.0
0.5343557723957034
0.5610209197283901
0.21779307264426823
0.2689779148303804
0.6199070205895851
0.27887899272383293
0.8881327097684264
0.0
0.0
0.0
0.0
0.0
0.2251614225812286
0.8262069764804382
0.9602897222824867
0.0
0.00872685328075588
0.13148245281393825
0.0
0.0
0.0
0.0
0.2712721430269034
0.0
0.0
0.0
0.0
0.5608889005121591
0.0
0.9523588916811009
0.0
0.0
0.0
0.0
0.8929335521797318
0.5853893911145641
0.0
0.5343745869658274
0.0
0.0
0.0
0.0
0.49615323679023793
0.056224302702282236
0.0
0.31683173697300576
0.0
0.0
0.0
0.0
0.0
0.0
0.0
0.0
0.0
0.0
0.8520892238773753
0.18650578176036162
0.46870177038807076
0.36213990572897675
0.8195786933912876
0.0
0.2988056722917079
0.0
0.03494837125633719
0.8948393323175674
0.0
0.3932057577669484
0.0
0.0
0.7023655462073358
0.0
0.0
0.24222588566862824
0.7931737787095943
0.0
0.5549658662936277
0.0
0.3175755606329318
0.5431728548554555
0.0
0.21805826617301824
0.8027712897205448
0.0
0.19235129398171444
0.0
0.0
0.0
0.0
0.0
0.0
0.46945915690564577
0.0
0.13884592018475367
0.05504827654189361
0.46644046337059764
0.644152200346756
0.3594936921621218
0.8429677170715216
0.0
0.14504206481947124
0.0
0.6153564643794908
0.0
0.0
0.6381665433782483
0.0
0.4704467504947915
0.0
0.3656117980408165
0.0
0.0
0.0
0.28116119285961716
0.6527790227283559
0.8991585806522883
0.7038063260411646
0.0
0.0
0.7282991479082295
0.571119129420618
0.2601808686903443
0.0
0.8241039945629614
0.3391768075028545
0.0
0.0
0.0
0.0
0.0
0.0
0.0
0.14338717149238006
0.0
0.0
0.10526960623994411
0.0
0.6346401423172419
0.0
0.3010665305429281
0.4343398244698097
0.0
0.0
0.0
0.32790414912044974
0.0
0.0
0.0
0.0
0.09625953189178557
0.0
0.0
0.0
0.6736214620876305
0.0
0.9721258540136799
0.7151392088510424
0.0
0.0
0.871546113398096
0.0
0.763492528467027
0.0
0.9053016047879846
0.0
0.24495427299775718
0.0
0.0
0.0
0.0
0.1383706421681848
0.0
0.0
0.0
0.6961294706289923
0.17339917585187342
0.0
0.0
0.26838442372911464
0.0
0.0
0.0
0.125403804357644
0.5006238632739284
0.23445405796608332
0.38729795215555424
0.9436970972707994
0.0
0.0
0.0
0.0
0.5336751064149982
0.7420329142715286
0.9642212826805192
0.7810587275877443
0.5646875303429951
0.5537583745188978
0.30737859502978676
0.6274887462933912
0.0
0.17540315136637907
0.0
0.4445800975552199
0.0
0.0
0.0
0.5726737170144803
0.0
0.3449987140266176
0.6362942546639995
0.7820403082802753
0.7112233126543392
0.01944708680423016
0.47849382539964663
0.0
0.18924262158402225
0.028322726458554076
0.6059622387579353
0.0
0.0
0.0
0.0
0.6657520651154551
0.0
0.0
0.0
0.0
0.0
0.0
0.0
0.0
0.2879942287906105
0.0
0.42934128511631525
0.681224434603977
0.8952073693941824
0.0
0.09844393625002708
0.0
0.6750748285238922
0.22828203195400454
0.7795975946593455
0.0
0.5148691850454516
0.26027777857443396
0.48427632972751994
0.0
0.5692694404740606
0.2010795155666575
0.0
0.0
0.0
0.0
0.4149585510393059
0.0
0.0
0.0
0.0
0.6288078147213881
0.0
0.0
0.0
0.0
0.0
0.8672696286653491
0.9457662524768575
0.0
0.0
0.0
0.0
0.30720022702304933
0.743789873517598
0.7746455772462557
0.0
0.0
0.0
0.0
0.0
0.0
0.27061523778119495
0.0
0.0
0.0
0.0
0.5009540413087187
0.0
0.0
0.0
0.0
0.5263110949363584
0.8141725631590118
0.6710048706735621
0.0
0.0
0.0
0.0
0.0
0.0
0.0
0.12133440100706759
0.05088908344912803
0.0
0.0
0.0
0.8811137334446529
0.15285023372020798
0.19581701158487413
0.0
0.9652108406895968
0.7223344499979372
0.986936618726745
0.0
0.8181010442439687
0.8647100731298446
0.0
0.7001471606522337
0.0
0.6539754930179181
0.0
0.0
0.0
0.4567926326386108
0.0
0.9093146073950794
0.0
0.7366008706527887
0.6891817761844471
0.0
0.0
0.420438992038903
0.0
0.0
0.5717387114178112
0.0
0.0
0.0
0.0
0.0
0.3706101661922868
0.24819056976188897
0.4909542110993494
0.0
0.7495479225963046
0.940354576711451
0.0
0.0
0.0
0.0
0.6087884326360128
0.7155760653985832
0.0
0.0
0.9805003966409945
0.0
0.0
0.0
0.0
0.0
0.0
0.0
0.0
0.541987247020069
0.0
0.0
0.8392700950688662
0.7292378347370637
0.7557800226990566
0.0
0.0
0.3468220524531285
0.5843349451558892
0.0
0.0
0.2736498971559216
0.0
0.0
0.6869587475460166
0.5865403637451201
0.4508421970617035
0.0
0.0
0.0
0.0
0.8074772583331246
0.0
0.0
0.3642773965749892
0.09068660792286176
0.0
0.5290266957592642
0.0
0.0
0.416478373060258
0.0
0.0
0.0
0.0
0.202296762494275
0.0
0.0
0.0
0.0
0.0
0.5881854350147877
0.9145740549117609
0.26567476074972585
0.19033957633304927
0.0
0.0
0.0
0.0
0.0
0.6443409632018908
0.28437651628593585
0.4274322912933614
0.0
0.1951636144090874
0.11008615888248478
0.0
0.2960876324915805
0.0
0.39024568820633115
0.0
0.0
0.0
0.0
0.2506552991554496
0.6304112057005837
0.46274649861275136
0.0
0.0
0.0
0.24597738540505443
0.0
0.0
0.4128260537067119
0.0
0.0
0.0
0.7566971474471882
0.0
0.0
0.0
0.0
0.3105032633191947
0.31375801885105586
0.7998469177801019
0.3451419604398917
0.0
0.0
0.46048597791886464
0.0
0.0
0.0
0.0
0.1351828084231203
0.0
0.2674889287069749
0.024433457338690633
0.0
0.0
0.0
0.0
0.0
0.6775653331452255
0.5677697754392548
0.0
0.6883783168795073
0.3620074069723445
0.0
0.3217987557175015
0.0
0.0
0.845695032435841
0.532511446293071
0.06011093130574564
0.5357160691991125
0.359931688550378
0.23147203362588728
0.35944031246804947
0.0
0.38463367899850937
0.40130613782182095
0.35041874002641094
0.0
0.6143797090390395
0.2131209565283999
0.28838894467600884
0.0
0.0
0.0
0.428146264817376
0.0
0.27515758357677955
0.0
0.0
0.0
0.0
0.0
0.0
0.9433442842427081
0.0
0.0
0.7490991065586408
0.0
0.5878304320726268
0.0
0.8696411826517149
0.9345533873047925
0.25320333750796137
0.0
0.0
0.0
0.47348435449954956
0.0
0.9162012359551587
0.7045505002486446
0.0
0.0
0.0
0.18118819281548493
0.0
0.23162005036045452
0.280082705616994
0.0
0.9838764279717408
0.0
0.0
0.0
0.0
0.0
0.0
0.47272681968240804
0.0
0.0
0.0
0.0
0.0
0.0
0.0
0.059724391422995286
0.6491834721733322
0.34548064865388967
0.6687911082135564
0.0
0.9587817507919791
0.0
0.0
0.08326840544509628
0.5375528693707969
0.0
0.0
0.0
0.0
0.0
0.0
0.6616410714823208
0.9295670669267518
0.0
0.0
0.0
0.3890129683150685
0.0
0.9165664630707832
0.6509685847392058
0.8180988289670791
0.012693579392415975
0.0
0.17348146526592134
0.0
0.6423353935573962
0.5004580650197447
0.4639400619796087
0.0
0.7995290450140312
0.09287172086647769
0.0
0.0
0.8649158994573548
0.0
0.2850822505881078
0.0
0.0
0.8097753404418423
0.0
0.0
0.0
0.6999282414808293
0.14979082731966487
0.0
0.4763100772602259
0.0
0.0
0.6988009560607614
0.0
0.07856773893830818
0.19338973828354727
0.0
0.0
0.0
0.9553781936342217
0.0
0.42088402564450583
0.0
0.0
0.636363985369366
0.8649012398742724
0.9269383490207931
0.0
0.0
0.0
0.0
0.0
0.6925476148844651
0.0
0.7455361146739446
0.0
0.0
0.0
0.8517556453744114
0.656213023898696
0.5677636836761157
0.0
0.0
0.0
0.0
0.6939695492395198
0.0
0.0
0.0
0.913972138565584
0.0
0.7051300853346548
0.4662035891417778
0.0
0.0
0.4683329565675408
0.00774276058743081
0.29969043926690164
0.0
0.0
0.9521663531367748
0.40951323279992935
0.13034459560977044
0.0
0.5988266206445929
0.0
0.0
0.0
0.5812650321423098
0.7342174851570556
0.5619289801027101
0.2810495341219534
0.0
0.1985726772666633
0.4600811423863408
0.0
0.3055195673152582
0.0
0.0
0.0
0.6228654209310478
0.4725162326367144
0.0
0.17520010337866554
0.3741604355318786
0.0
0.0
0.0
0.0
0.11939816806055698
0.0
0.0
0.948994887866965
0.051408486527842565
0.5457226679634934
0.0
0.0
0.8058346462753497
0.0
0.0
0.0
0.0
0.0
0.42288074942427395
0.8654116726629032
0.36874285935402024
0.899094473265749
0.7187495444337951
0.0
0.0
0.6019644373414217
0.0
0.0
0.5208137425328148
0.0
0.7918757890553497
0.6868184288545975
0.12032670228111379
0.0
0.0
0.0
0.0
0.0
0.7147491602543756
0.0
0.0
0.0
0.476268676169744
0.4246791240947496
0.0
0.9241788634708951
0.0
0.6333404100534381
0.0
0.0
0.46290654188880026
0.0
0.0
0.9948305877212673
0.0
0.0
0.0
0.0
0.0
0.0
0.6809277765405051
0.09482146796857213
0.6431923483112362
0.0
0.5506413662206895
0.7722642392821838
0.0
0.03813906524756995
0.0
0.8317611530169609
0.0
0.0
0.0
0.8788101042641078
0.31957170565290866
0.3305554176288437
0.0
0.0
0.0
0.0
0.0
0.0
0.0
0.0
0.0
0.3266725949512504
0.8441648794546496
0.0
0.6731179447650355
0.6546436612603763
0.0
0.0
0.0
0.0
0.8425672608663027
0.6730694222867407
0.0
0.0
0.8510673387271736
0.0
0.0
0.0
0.0
0.754807384297449
0.08098379959742796
0.0
0.0
0.78073450727877
0.0
0.8987381185030154
0.6045895751827182
0.28889908258926417
0.0
0.6359722571007383
0.0
0.0
0.775527532341439
0.0
0.7928409692687622
0.3415668548737538
0.09358317956662415
0.9159960630333569
0.0
0.0
0.0
0.0
0.9001070230214744
0.0
0.0
0.0
0.0
0.8255857157268094
0.0
0.0
0.0
0.2764500781838275
0.0
0.0
0.0
0.8782437405900004
0.18656621023286596
0.28266184218233026
0.0
0.916397107936793
0.0
0.027595711851137655
0.45878286870374596
0.0
0.0
0.0
0.0
0.5903821826699441
0.4362953625596336
0.4960331091981977
0.0
0.8218165995287947
0.0
0.6992502232182003
0.0
0.5398464294247873
0.0
0.0
0.0
0.4165630114520949
0.43302399599491176
0.0
0.5217546846097041
0.0
0.0
0.0
0.0
0.7368255015691396
0.0
0.0
0.0
0.2318922779475319
0.060459974854567035
0.0
0.0
0.0
0.7477402017276924
0.0
0.0
0.36924661504143824
0.16493894641692555
0.5746602079156993
0.9816817935523567
0.5846302611495403
0.4613449790715394
0.0
0.0
0.0
0.0
0.5944685457973417
0.0
0.0
0.0
0.9027538558260195
0.0
0.0
0.1564187635831564
0.9242969658375072
0.3179033406190609
0.0
0.11616287638717068
0.0
0.0
0.0
0.0
0.0
0.0
0.0
0.0
0.8483144863061574
0.9571025047185635
0.7906994794593567
0.4760454384696841
0.0
0.6177335462492477
0.0
0.0
0.3150663439969604
0.0
0.0
0.6247298430932329
0.0
0.0
0.0
0.2153343502057363
0.0
0.0
0.06005111581871483
0.30786506491205445
0.6300244797831845
0.4018444081435795
0.6260086129198003
0.0
0.4354636518082877
0.14302188088143522
0.0
0.0
0.19311564147879115
0.0
0.05126665581244678
0.0
0.6429474070533975
0.0
0.0
0.0
0.0
0.0
0.0
0.0
0.0
0.8413164222297993
0.0
0.4665278759186654
0.0
0.0
0.0
0.0
0.5292752510629225
0.3772561356091093
0.0
0.6633073758704237
0.0
0.0
0.0
0.0
0.11957668965078995
0.0
0.36203597683150157
0.22111519593953818
0.0
0.0
0.7563292939194881
0.17124391684997045
0.0
0.0
0.0
0.7578619469451322
0.5138878008657668
0.27111609157253846
0.5941493796184214
0.15486870390529658
0.0
0.0
0.0
0.0
0.09386023011137479
0.033104952122180654
0.0
0.5574342710523829
0.3437543547454923
0.3571267044479783
0.0
0.0
0.0
0.7116667161231699
0.10405515301623953
0.9017806825321804
0.0
0.0
0.0
0.8238964020878817
0.903115214448653
0.7718410015469446
0.0
0.0
0.13201246367441202
0.0
0.0
0.0
0.7134597331180575
0.0
0.0
0.5900558205083785
0.0
0.4239044905854862
0.0
0.17923989331210924
0.9017228644633477
0.0
0.3193565183583625
0.5837242593279267
0.0
0.9469602771269559
0.15536192540711818
0.0
0.1559416394196963
0.6006459597967355
0.2362484868340533
0.346415576956503
0.0
0.0
0.0
0.8780606828526808
0.0
0.3627249608985863
0.6589250815659254
0.0
0.0
0.0
0.0
0.0
0.0
0.8372671104820181
0.5602552440357079
0.03849611473853325
0.49286497023855713
0.0
0.7035850565994319
0.0
0.7619953871450406
0.0
0.8166091902754526
0.8734053799408252
0.0
0.9379873677386196
0.8904839207968012
0.0
0.0
0.0
0.0
0.2660477417266093
0.0
0.2089780271511732
0.0
0.0
0.27489217438009034
0.4244365662983188
0.0
0.0
0.0
0.5746240863747432
0.11914948309316309
0.040302672605932496
0.7276177500022049
0.1643101768202315
0.0
0.20276929788058914
0.8689299503623313
0.0
0.5715620498072984
0.1520053090253883
0.0
0.0
0.8863881222247117
0.0
0.0
0.0
0.4080537567390483
0.0
0.0
0.0
0.0
0.6481920629372329
0.0
0.0
0.3973149031182445
0.0
0.0
0.11608028569526005
0.0
0.0
0.1510829255763566
0.8724839203965148
0.7219359418781677
0.9521925268654402
0.08988712065368921
0.8865142853914691
0.0
0.0
0.0
0.0
0.5525086420337646
0.0
0.0
0.0
0.4889333337405655
0.0
0.6129585706646029
0.4497323145670415
0.0
0.0
0.0
0.0
0.5065866547148513
0.6043698383661579
0.0
0.0
0.0
0.00576757248235341
0.3226986363413969
0.24901156490316473
0.0
0.0
0.29251638978716876
0.9174911046529516
0.0
0.6852735595859093
0.35049488257773304
0.0
0.461884611088794
0.28223314690182955
0.0
0.0
0.857576763065387
0.0
0.0
0.0
0.3427357966274366
0.6731889451711198
0.21209832168453557
0.2880570758699148
0.0
0.0
0.5888413967294304
0.0
0.0
0.20075345229016278
0.6036266159744282
0.0
0.0
0.0
0.0
0.0
0.0
0.15037319547638117
0.7394545274393742
0.345574151654852
0.0
0.10164504688218261
0.6628471163625792
0.0
0.6713043065045055
0.0
0.0
0.12326163653380864
0.926664788968754
0.0
0.0
0.5249386758206751
0.0011698302807910366
0.0
0.13967736831617072
0.0
0.16548847959713517
0.0
0.0
0.8330327639967026
0.4818084261790627
0.3475777091523434
0.5326343789545223
0.0
0.0
0.0
0.11314858632694923
0.0
0.1462147265570709
0.373501209164987
0.16671724180325692
0.0
0.1688984817307602
0.8257557112489566
0.0
0.0
0.8968547780519146
0.6638170200392675
0.10479849164321789
0.0
0.49002710800220756
0.0
0.48976908019712484
0.0
0.0
0.0
0.28036079735698444
0.0
0.3534465628116637
0.0
0.0
0.0
0.0
0.0
0.9606071788313625
0.0
0.8695806557425181
0.3005435185651831
0.0
0.0
0.0
0.0
0.0
0.8989535278139226
0.0
0.0
0.0
0.6183619863607663
0.0
0.8324705477034764
0.0
0.2146238549395297
0.0
0.8870387116103091
0.9512371996757923
0.771470475892596
0.8259367489223406
0.0
0.9935253399399357
0.0
0.9367017999046127
0.0576359853048273
0.7163866943601057
0.0
0.0
0.3887730147248326
0.7019864547362079
0.07466763103669322
0.24328520296604614
0.4448636810849006
0.12344766724728529
0.13748766797869488
0.0
0.1807851383599637
0.0
0.0
0.8064128705803668
0.0
0.6515501526196009
0.0
0.0
0.6993823775687673
0.8465697342652105
0.2434486370899267
0.0
0.790720513036311
0.4708137311994777
0.0
0.49847597359112333
0.4599084520466278
0.0
0.0
0.0
0.0
0.0
0.7743507182649091
0.023356417595058677
0.0
0.0
0.42765198948694544
0.0
0.0
0.584899258074043
0.0
0.0
0.053157708031882016
0.6392820931845659
0.0
0.0
0.6549303287041365
0.0
0.3875222276774624
0.0
0.0
0.0
0.0
0.2668436661366203
0.0
0.0
0.48010389095110034
0.0
0.6005714985473617
0.8952580209164654
0.8797360700443629
0.8848631203769738
0.33090410992737734
0.8008304465794829
0.14449319735126162
0.0
0.0
0.4999661517425208
0.9414886215981859
0.7644157776459585
0.0
0.533978916154706
0.6118707639626043
0.3549788154940381
0.0
0.0
0.0
0.4258953986848322
0.0
0.7300075385782052
0.2746777528911331
0.0
0.0
0.0
0.0
0.0
0.64742524976767
0.0
0.0
0.0
0.0
0.7748801832890658
0.05370525832682735
0.9915142188130766
0.0
0.0
0.2059964141985387
0.3028770858921571
0.0
0.0
0.688291805058079
0.0
0.0
0.0
0.0
0.0
0.8744156694338125
0.0
0.0
0.4868317538078023
0.0
0.8842726123286931
0.742890845427321
0.0
0.778488440903031
0.0
0.0
0.0
0.12885732857891743
0.0
0.13931946633571818
0.0
0.0
0.0
0.9066518560683686
0.0
0.0
0.0
0.38404223948334776
0.0
0.6535819762383034
0.0
0.09608867700369997
0.0
0.0
0.0
0.0
0.0
0.10097106171729243
0.0
0.7563049275796678
0.6231976902430361
0.2545839799859129
0.4789906588426513
0.0
0.8499637781917855
0.7369464652454083
0.7339442575590569
0.12177837583669907
0.0
0.0
0.6356718853344531
0.6689597568179215
0.0
0.0
0.21919179132548383
0.0
0.6577765591909989
0.0819285817111039
0.9819789436803493
0.33028152073610206
0.0
0.0
0.5024214034291701
0.0
0.0
0.0
0.0
0.0
0.0
0.0
0.9046946343534038
0.0
0.6786709690197548
0.6914040102702534
0.0
0.0
0.05076222773063448
0.0
0.0
0.0
0.6095262723608874
0.0
0.6398954615779038
0.35655089726516853
0.8377226175505792
0.0
0.0
0.0
0.7328302253696684
0.0
0.42983063672528565
0.3427341909583382
0.734226498135359
0.9640867508847272
0.3194892950104551
0.0
0.4868165792412476
0.05357343182608028
0.7962581006816877
0.8423611927022996
0.4578299407791687
0.008411250327338315
0.0
0.33147988131135253
0.0
0.008632331284606467
0.17760966875962061
0.0
0.0
0.0
0.0
0.0
0.5133486657045497
0.9216576909315791
0.3275874247180872
0.0
0.0
0.0
0.6108808368196234
0.0
0.0
0.5340603160443766
0.0
0.0
0.5175225930670465
0.0
0.21018352048108657
0.0
0.0
0.0
0.0
0.7474739997117426
0.0
0.7090131009363959
0.9048665566326699
0.0
0.008148350839169859
0.0
0.9806401123347138
0.3499651049657917
0.0
0.7028153258454564
0.1930094722021022
0.15325585578986778
0.9855236093111827
0.0
0.0
0.0
0.0
0.38269698342315295
0.6310634417901431
0.0
0.14910229231497754
0.7371203143431142
0.0
0.0
0.8179111833823334
0.0
0.0
0.0
0.07339640914281576
0.0
0.0
0.0
0.9787263284525153
0.0
0.0
0.0
0.0
0.0
0.8135332839948406
0.0
0.9663983735485654
0.0
0.0
0.008623021534029923
0.0
0.7393888579780207
0.90408407268699
0.009862263566885998
0.0
0.0
0.03132964639919396
0.733045012972064
0.24958408455389042
0.8554082611448534
0.0
0.19860303195919318
0.9617140883200718
0.48220292501590156
0.7858915590867293
0.0
0.0
0.22940778847342425
0.0
0.0
0.0
0.0
0.0
0.046678935134471876
0.09003345144703156
0.0
0.9845091966530879
0.0
0.5523984759447474
0.18783158159789468
0.18434722705405834
0.0
0.0
0.0
0.0
0.33517742672100037
0.0
0.9773453828489621
0.9399870630612489
0.7717559045590612
0.0
0.0
0.0
0.0
0.0
0.0
0.0
0.6188490086064725
0.0
0.6957263640392655
0.6743475690577863
0.6496800011153043
0.0
0.0
0.3149562668691373
0.830390899017251
0.0
0.3249120742635214
0.0
0.0
0.9875806117073643
0.0
0.0
0.3253100236874329
0.6986693022565597
0.0
0.2238068281496001
0.0
0.0
0.7226963487165887
0.04532831935541355
0.0
0.47195574357823433
0.0
0.8586849514384113
0.0
0.797103071342407
0.2859664455355786
0.46416977027690937
0.0
0.12361321550834502
0.0
0.0
0.676164611782518
0.0
0.0
0.0
0.0
0.941954327243769
0.9589483786230172
0.0
0.0
0.9186619685229122
0.0
0.0
0.0
0.0
0.6979600072220611
0.0
0.9865935961221457
0.23189014481896258
0.15590961486532925
0.0
0.0
0.0
0.0
0.46311744112028796
0.0
0.7160634182371771
0.0
0.0
0.9264479416854924
0.12554247297150042
0.0
0.10840036548313427
0.0
0.22308370965614943
0.9256606445253472
0.259174413732609
0.08057393583497453
0.0
0.8695256847062538
0.47095476973173767
0.16922678551637954
0.911733037761253
0.7728357703043781
0.6221585711488257
0.0
0.0
0.0
0.8839507165102795
0.5781932012801327
0.0
0.04594736323027076
0.0
0.0
0.06560468980584691
0.0
0.0
0.0
0.07971683778396293
0.65447533452382
0.003840149667554978
0.0
0.0
0.0
0.0
0.0
0.041003481517605384
0.07618167756202072
0.9570093838760434
0.0
0.0
0.06462178494788243
0.0
0.0
0.0
0.35342348747912267
0.0
0.0
0.0
0.9380390108169976
0.0
0.0
0.0
0.0
0.0
0.3116203512376409
0.0
0.0
0.09607167101234308
0.745707282026289
0.9184292568795107
0.0
0.27163506362958484
0.0
0.8455464127416097
0.9460274623654285
0.0
0.8087313885435308
0.0
0.9601320505313864
0.1152441347808815
0.0
0.0
0.4493916057527852
0.9652380148705563
0.0
0.7042466413920846
0.8657994185896134
0.7384347656059028
0.0
0.5117692962676802
0.0
0.0
0.0
0.988602417528231
0.41772578679754463
0.0
0.4067626956169219
0.0
0.0
0.7559150777871716
0.0
0.0
0.0
0.0
0.0
0.04679022337524014
0.9125306011097272
0.0
0.0
0.20684688904026416
0.11329210992822175
0.0
0.0
0.0
0.0
0.6652568576935881
0.3073589618596477
0.0
0.0
0.0
0.0
0.0
0.0
0.0
0.6887551444269584
0.5682719234875009
0.0
0.0
0.7508257132271369
0.8214593130589043
0.5047128006613559
0.12703623428352315
0.0
0.0
0.0
0.0010175131350999363
0.0
0.0
0.0
0.9774003243286679
0.38900865284668396
0.0
0.0
0.0
0.9980930736618983
0.7659149825439497
0.0
0.0
0.4543244300488471
0.0
0.0
0.0
0.756350102703446
0.0
0.7830493817314379
0.0
0.0
0.2536617950807599
0.0
0.0
0.09413711314853779
0.7462256373354056
0.0
0.0
0.9941869447835561
0.14517051572100148
0.9593168366313838
0.7435539907035792
0.0
0.0
0.0
0.20164826210249323
0.32488784519396235
0.9709166830833971
0.0
0.0
0.0
0.7694857607739829
0.12431557168338024
0.8885931275571584
0.7281083735834906
0.24586760250268416
0.0
0.5656082349820314
0.6216347668273067
0.0
0.4342685198684959
0.8174618501253156
0.0
0.0
0.9840199992595398
0.17078879409766337
0.0
0.0
0.0
0.7425906625482503
0.0
0.0
0.11974352406072535
0.06873457154938191
0.0
0.0
0.9656480336577127
0.8251221978737509
0.9913924791582287
0.9907579981056517
0.7153327903672825
0.1279357578605108
0.0
0.30237212968036403
0.1590307921110859
0.22176692730006992
0.0
0.43166557266130656
0.4561146670932373
0.6588166648751732
0.49951584810113014
0.0
0.560848071702399
0.0
0.8590706284503632
0.1961757038430761
0.0
0.0
0.33863914112459986
0.0
0.9231136738268599
0.0
0.0
0.24840887499224
0.15287202447453815
0.7687332293552648
0.4748847305204441
0.5008633702344434
0.0
0.0
0.0
0.6488562627545208
0.5688234267050497
0.03275281759199896
0.6091395340804785
0.0
0.07404214189375237
0.0
0.0
0.39418756570004876
0.0
0.0398452698753561
0.0
0.0
0.579690587195116
0.2676135125101587
0.8107213817591125
0.0
0.13916640499927965
0.0
0.8923011610095603
0.22815279444948
0.0
0.0
0.0
0.0
0.0
0.0
0.1609343008466066
0.0
0.22758056345887506
0.48206136706557573
0.0
0.8893961454559527
0.0
0.8218157799757115
0.15490918346387225
0.7709776522953201
0.02955881582423958
0.0
0.9956941811836023
0.0
0.0
0.0
0.0
0.0
0.0
0.8941950448112498
0.2467261716008888
0.0
0.9424527798418151
0.0
0.5750178470013046
0.9281390705842103
0.8837427139350315
0.0
0.44744678319926057
0.24995934519682494
0.5403557325393632
0.35573062890932594
0.4515192257493382
0.8233052583417687
0.7812783671764503
0.09797874416643962
0.0
0.03896197553772332
0.0
0.0
0.0
0.0
0.0
0.0
0.0
0.942248280505832
0.27529752211833974
0.0
0.0
0.0
0.90130332489505
0.0
0.0
0.6467217317423001
0.0
0.0
0.25640641535237335
0.0
0.8392165610843698
0.9909915940542627
0.0
0.18209499816494443
0.0
0.6433983124724787
0.4627828097750631
0.0
0.7336926907126017
0.48178911737401825
0.010827820044898276
0.6980189546476565
0.0
0.8400462337573905
0.0
0.0
0.0
0.0
0.0
0.0
0.0
0.7166094363235118
0.0
0.27881222072193823
0.0
0.0
0.5823006965837447
0.8284191469250505
0.0
0.4763054384572578
0.0
0.6891264244481285
0.41860606056901545
0.21409265027674634
0.0
0.09284639989421545
0.9621062007918505
0.11647795924102401
0.0859313611424351
0.6951588365324021
0.0
0.0
0.0
0.7874207761296209
0.4871054502646011
0.5292076800263187
0.6261980107552487
0.8361176076849867
0.0
0.0
0.0
0.0
0.8826267119946859
0.6605011781056229
0.0
0.6954631303709728
0.0
0.05387168615222039
0.45374190162138034
0.0
0.0
0.6170660730079741
0.8205111581693212
0.0
0.0
0.6227062350968773
0.0
0.0
0.46019137816309025
0.0
0.0
0.8699595023829165
0.8371758646815474
0.03333269065821733
0.0
0.0
0.4386642505519176
0.0
0.0
0.618002160246271
0.4150085931157588
0.8802699760847541
0.15366037205169156
0.1409088758202568
0.0
0.0
0.0
0.0
0.28026939656595035
0.6479072934787069
0.0
0.9183716612926786
0.0
0.700307185314715
0.0
0.8730815644052935
0.0
0.031958025617199334
0.0
0.8983274781396858
0.0
0.0
0.6385707888624038
0.0
0.7194266859194759
0.0
0.0
0.0
0.0
0.4330072262700208
0.0
0.0
0.0
0.9004270215108159
0.0
0.0
0.0
0.0
0.0
0.6827131935053955
0.3046970477303932
0.0
0.8636003350318568
0.31453926727304304
0.8044876620710054
0.0
0.0
0.4128488238184932
0.0
0.0
