0.0
0.0
0.0
0.9672812108584953
0.0
0.0
0.0
0.0
0.0
0.46879441095479385
0.0
0.0
0.0
0.0
0.6309897999162675
0.0
0.0
0.0
0.0
0.6339994518657194
0.0
0.7830407071822565
0.0
0.0
0.0
0.0
0.0
0.7005911090974356
0.762746480161066
0.4651392598706876
0.8530436482329015
0.0
0.0
0.4535803034417341
0.3969421914466764
0.7665999949910464
0.777136534468469
0.0
0.0
0.0
0.9702148641643082
0.0
0.0
0.0
0.9673235952916418
0.21509407767042502
0.0
0.0
0.0
0.3518363738023662
0.7727908573679143
0.0
0.0
0.0
0.0
0.9067802569513914
0.5258463465404012
0.787729484075576
0.0
0.0
0.08173859919933625
0.0
0.5585083090864084
0.0
0.0
0.4528043838302176
0.0
0.7287449995504534
0.0
0.6488394144589106
0.0
0.0
0.2976785457581146
0.0
0.0
0.0
0.5568760599727627
0.0
0.0
0.449600028749835
0.044568459884641774
0.0
0.4811871936730222
0.808641029457804
0.7895869979928593
0.46839132699481756
0.0
0.0
0.0
0.39056059771610613
0.0
0.0
0.9707316439542757
0.06297028237884987
0.551223152997079
0.0
0.6834385524198819
0.0
0.0
0.0
0.7113372129660394
0.0
0.12827238445831826
0.0
0.6454350092301723
0.0
0.0
0.0
0.0
0.8787150915826396
0.0
0.0
0.8169100284558585
0.2598533721974125
0.0
0.0728940034092376
0.2822314784417013
0.5576375890123533
0.0
0.0
0.0
0.8324715974690039
0.09240142002917516
0.0
0.9374993034675319
0.2818406017848894
0.0
0.0
0.0
0.41085293861443883
0.0
0.0
0.0
0.0
0.0
0.7382503385455451
0.9757042605629647
0.0
0.637497708477774
0.8303505148791162
0.21527913028092038
0.0
0.0
0.0
0.0
0.626558930783098
0.03439025220897122
0.6915716215326784
0.0
0.0
0.0
0.0
0.0
0.4442338379798411
0.838970268071189
0.23837579965620076
0.6395098255980936
0.0
0.0
0.0
0.0
0.38517163291448475
0.0
0.0
0.0
0.31371609702879033
0.4812500815243086
0.0
0.7745116736647095
0.0
0.0
0.20028811017819714
0.29120777767405975
0.0
0.005102371044175995
0.35124244169169094
0.0
0.0
0.0
0.4451698160138087
0.9632707398743628
0.0
0.0
0.0
0.0
0.6744476661689763
0.0
0.0
0.0
0.0
0.0
0.0
0.0
0.0
0.0
0.0
0.2060657393511705
0.0
0.0
0.45623308484836717
0.0
0.6240786621581625
0.0
0.0
0.0
0.0
0.0
0.2198477587455386
0.5653870392779641
0.26900426600962873
0.398739769190561
0.26759678526512753
0.1898813678554505
0.9447141708965924
0.0
0.7261042293836465
0.5759995210325904
0.0
0.0
0.0
0.0
0.9502840484552667
0.04872108880150374
0.48897494542473074
0.0
0.9652362421524983
0.9508509866355052
0.0
0.0
0.0
0.0
0.9525542665393217
0.0
0.0
0.0
0.11767845721637013
0.0
0.0
0.8533631534668797
0.2358659806837081
0.0
0.5030758533028038
0.6854890909001399
0.0
0.0
0.7917634033021681
0.2543282262364573
0.0
0.0
0.0
0.0
0.0
0.7106064990503921
0.31879779296093497
0.0
0.0
0.0
0.6017299255877655
0.0
0.3747644895998495
0.0
0.49119672234679423
0.2728653304119794
0.0
0.9969054954731226
0.20976269512320816
0.060481636629505967
0.0
0.3297471214859901
0.0
0.0
0.0
0.07877716087751603
0.0
0.6295423569117473
0.13480320345023958
0.0
0.09981165720605757
0.7982943633187599
0.09443274010155932
0.44052323632480944
0.568499462815559
0.0
0.0
0.9851726462258382
0.0
0.0
0.0
0.6575829668206152
0.0
0.0
0.6022361425549563
0.5464248409324914
0.07294562132556258
0.8415692286868982
0.3278432836499979
0.0
0.0
0.0
0.687095626109237
0.26848700258660313
0.6557668840942115
0.32284167035355116
0.0
0.16249931006264223
0.0
0.977489881617125
0.0
0.0
0.46530073692089335
0.14856152831176667
0.6637526683479759
0.0
0.0
0.7649705328771438
0.0
0.2723443702732787
0.0
0.0
0.9747943428285775
0.559281412446388
0.8583727795054343
0.0
0.21594610081276752
0.0
0.0
0.1373561857970192
0.4458294102737528
0.0
0.0
0.0
0.0
0.0
0.0
0.47693951163866766
0.7837754681132418
0.0
0.0
0.0
0.0
0.0
0.2031584968092782
0.0
0.2634689809457264
0.3634997475049842
0.964263495337556
0.0
0.8215859866620742
0.0
0.29344505988822056
0.9367165212860183
0.0
0.2606770053904636
0.33111718319619443
0.0
0.23154897734922403
0.09052972551347775
0.7781262157340484
0.0
0.0
0.0
0.0
0.9445732198965132
0.0
0.0
0.0
0.24105331357899717
0.0
0.0
0.6844493117713272
0.0
0.5193644529803656
0.0
0.0
0.7161162449632879
0.0
0.0
0.9812378124688138
0.0
0.0
0.0
0.5427402547468314
0.0
0.0
0.5368695258938544
0.4761687557034861
0.04554277838949072
0.0
0.0
0.0
0.2602328294833953
0.20000957286901716
0.0
0.0
0.0
0.18647985806161368
0.16860243514946377
0.0
0.5902893413399514
0.0
0.0
0.5490872642041521
0.0
0.0
0.0
0.0
0.054388608443686225
0.10342089377191237
0.7140902918018333
0.19948323800498757
0.3759441467112701
0.0
0.0
0.0
0.27465362548566624
0.0
0.9113625255022256
0.0
0.9702198963364679
0.0
0.0
0.0
0.3416293229466285
0.0
0.0
0.45299253428041775
0.0
0.0
0.0
0.30805504342935586
0.0
0.781219925111226
0.8465751132976782
0.887381191026081
0.0
0.3082168709866393
0.7675992921476874
0.0
0.00281480278064665
0.0
0.8567344941923019
0.7254561306494194
0.0
0.33840553073148466
0.32709758078743323
0.7959095286516606
0.42903228348592776
0.0
0.4960470497526642
0.6193235544221187
0.9946935620549885
0.0
0.6815822279623188
0.28174394552657595
0.33890242559956385
0.6527952141854233
0.0
0.0
0.13322756178522874
0.0
0.6727105505173855
0.0
0.0
0.46482655806362017
0.0
0.0
0.0
0.0
0.0
0.7684873258117173
0.27181896431851715
0.04983415239038861
0.0
0.0
0.9568229508796312
0.0
0.0
0.0
0.0
0.712226618857965
0.39945311574308273
0.0
0.0
0.02421901288218219
0.6847834234406956
0.0
0.0
0.0
0.0
0.0
0.20703636944970322
0.9381942522317462
0.3477094769098395
0.6590548234694881
0.6916814844642658
0.0
0.0
0.0
0.5602832753342403
0.0
0.0
0.0
0.0
0.0
0.559043578798204
0.07402777012116221
0.4955330980874582
0.46166165122954694
0.5696443789763461
0.0
0.4754721346283824
0.0
0.0
0.0
0.0
0.5593552911452926
0.0
0.2879391338939479
0.0
0.0
0.0
0.0
0.3881739465454484
0.0
0.0
0.22946448386789406
0.6770917616026884
0.0
0.0
0.0
0.0
0.9525833184591675
0.23952766335486325
0.0
0.0
0.0
0.0
0.0
0.01977106585547092
0.1200797582536644
0.0
0.5222698116830252
0.0
0.0
0.0
0.5919292795323007
0.42264251092782396
0.0
0.3045243014930282
0.5684682733179935
0.45769322827837017
0.0
0.0
0.0
0.0
0.46297949966968716
0.0
0.8585655021645475
0.06316390581925473
0.22042252217833092
0.8019618304668954
0.0
0.0
0.0
0.8311527806766768
0.7688582122709282
0.0
0.7476586413223183
0.9357895533407576
0.0
0.0
0.0
0.736197549691389
0.2712569391993414
0.0
0.0
0.0
0.0
0.0
0.3689596001687489
0.0
0.8887756412595
0.0
0.6465935876857252
0.8922437444025105
0.0
0.0
0.0
0.962690438483772
0.3732927989523466
0.0
0.0
0.0
0.5999915336962398
0.6081716411277643
0.0
0.0
0.9405667598685946
0.0
0.7144125231672053
0.017409135466557837
0.0
0.0
0.5275267709206362
0.7344865756084886
0.0
0.0
0.0
0.837804725095584
0.0
0.0
0.2560780253025442
0.3774026582779987
0.6085409155462915
0.0
0.5321357756466909
0.0
0.0
0.6562493154023461
0.0
0.0
0.0
0.5346239299691172
0.5388371372400554
0.746763555873865
0.19655746596218607
0.40106713003180683
0.5118900850000071
0.5956296179705003
0.48261718105883994
0.8850179156091235
0.6660999690967779
0.12281731041642145
0.6201782891587221
0.0
0.0
0.0
0.5643584214457005
0.503869911876796
0.5096390929695782
0.0
0.15311775974672476
0.0
0.1963998477565213
0.1811460360882478
0.0
0.0
0.0
0.0
0.4890697399660143
0.0
0.0
0.1945496286439173
0.4446326419613597
0.0
0.0
0.0
0.14317065669108553
0.0
0.5090660877595133
0.0
0.0
0.7628883042562137
0.6515932906794883
0.0
0.38800953434273555
0.0
0.2300820832066186
0.4591577152714167
0.0
0.9654428056669311
0.19980654095417139
0.4747316708431635
0.0
0.0
0.0
0.0
0.676194664824627
0.7574030006811099
0.0
0.0
0.08509911624335749
0.0
0.0
0.6401320282274441
0.0
0.9829999917794818
0.30268559127166805
0.0
0.0
0.17785835387722096
0.0
0.0
0.0
0.0
0.0
0.42935793063471345
0.0
0.6158844242410265
0.0
0.0
0.11066724870289027
0.23610596710418685
0.8146491954654925
0.9172471906794414
0.0
0.35915436311442456
0.0
0.2946327655263984
0.6061087682971121
0.9892989394698295
0.0
0.1298815357709317
0.0
0.0
0.04617114510269818
0.19231975077344388
0.8038996944853755
0.0
0.0
0.0
0.29140815737586756
0.6799614481129715
0.0
0.5243747122133432
0.21943059173566137
0.0
0.5617826295275048
0.33495997341824874
0.45384796729370785
0.4113745760189693
0.8489475455853365
0.0
0.9378950738718234
0.0
0.42309148231380794
0.9399676715706565
0.0
0.9692341821754015
0.0
0.0
0.0
0.0
0.39818287809556707
0.0
0.11528403852851468
0.9877427049517192
0.38347850287060814
0.0
0.31441132706298747
0.0
0.549620031379688
0.4848924932346763
0.0
0.0
0.0
0.0
0.23375489389518728
0.0
0.0
0.0
0.28656062765400425
0.0
0.020411905118484005
0.057629650783439706
0.0
0.639086898843316
0.0
0.0
0.0
0.3593509037481367
0.45180747018309075
0.0
0.0
0.0
0.7540152128421814
0.0
0.8756897579226395
0.0
0.6322898150898483
0.0
0.0
0.0
0.0
0.2031835501123151
0.0
0.35379471539129825
0.7197545932565727
0.699698373219187
0.7359894894428656
0.9026747474369249
0.8989859865060167
0.0
0.0
0.0
0.0
0.9377371030276552
0.0
0.8032731229120512
0.11836150337507356
0.0
0.42194129985255374
0.0
0.0
0.876744367610555
0.17577579473803318
0.01298466276946251
0.21093562651396675
0.0
0.0
0.0
0.44350199847370425
0.7202533213822213
0.0
0.0
0.0
0.0
0.0
0.03215807073315159
0.0
0.0
0.7337824052456668
0.0
0.3243555344312409
0.7766336739431919
0.0
0.0
0.0
0.0
0.638028342404658
0.5823333486688057
0.0
0.0
0.0
0.0
0.0
0.9043864557418769
0.890548242736545
0.7356535948659658
0.9468236788125879
0.0
0.0
0.5884698417332019
0.6980775398663719
0.6728373267299667
0.28083679779008913
0.32868482069434196
0.1399332050604748
0.8436878958034492
0.0
0.0
0.0
0.5766933349121539
0.0
0.0
0.9866077746421309
0.6250537610410596
0.0696808684461832
0.0
0.042378712129223436
0.0
0.0
0.7489955469264773
0.7424362337847503
0.27482567567289373
0.0
0.040616230631975433
0.0
0.0
0.0
0.389807918914934
0.6936464655008592
0.0
0.0
0.0
0.0
0.0
0.19717003086159351
0.6628365956173323
0.007439440732641535
0.07426911356596923
0.4564654544734591
0.0
0.0
0.6560849501464767
0.0
0.0
0.1418275020882299
0.8765019040412866
0.3321786770411661
0.0
0.6889944056880403
0.0
0.541317264241489
0.7261017600185894
0.1649484714804855
0.015164988254920913
0.9852679590596048
0.0
0.0
0.28487392711210396
0.05318576919200685
0.0
0.0
0.7432890309194619
0.6432648296627422
0.0
0.4354392336335717
0.16933830917342194
0.6472421448923238
0.0
0.5419176807880591
0.5259373129834612
0.4070642230061848
0.11509426379591627
0.0
0.0
0.4530643019462699
0.0
0.0
0.0
0.5875175311250401
0.0
0.0
0.22179326287304607
0.0
0.0
0.15330340973963183
0.0
0.24817685704774303
0.0
0.06721057558487341
0.0
0.04192117661057546
0.4939688988863097
0.48391141727090486
0.1414595585510475
0.0
0.0
0.0
0.0
0.0
0.2742790645673122
0.08842516397029247
0.22523886106584562
0.0
0.0
0.14123836121846697
0.6294110074860535
0.0
0.2589872251022409
0.6287090707289807
0.5203811019206013
0.8768300954744062
0.4397970976177618
0.8443598783787357
0.0
0.05323136299383185
0.6143361929419883
0.7867019042730135
0.0
0.8245479994622192
0.36370929317667017
0.0
0.8936390135441058
0.4517395672008024
0.0
0.7763363659662101
0.9298549217768624
0.0
0.8219260770979098
0.0
0.5886309346309065
0.0
0.0
0.0
0.0
0.4422352390876584
0.6037419892213477
0.0
0.9661558680074552
0.18133064499236046
0.36727830413038304
0.0
0.7480990099311056
0.0
0.0
0.9285000789473559
0.5617101609402811
0.24795325868355575
0.0
0.6472120137966428
0.0
0.7171266462851859
0.0
0.0
0.0
0.8413055482269864
0.07236199090594155
0.0
0.0
0.9197462607961813
0.3431906277237517
0.4154962281532277
0.2531145889002937
0.48440690281984417
0.5334742600349205
0.31788241383260946
0.43690516329104245
0.9685795807725361
0.0
0.5415339175900012
0.3963052440109761
0.0
0.04918710584864404
0.6158970489920234
0.5565742938617849
0.7177069555704578
0.2841304864794981
0.0
0.0
0.1928111588284247
0.6399670177154501
0.0
0.001336376069042228
0.0
0.0
0.0
0.7282865031665788
0.0
0.0
0.0
0.21983516385401863
0.0
0.0
0.7030937588964299
0.759995267589452
0.15319578295655112
0.32390408434921075
0.0
0.24979112059936995
0.0
0.2984416356445651
0.0
0.25678182027266594
0.0
0.8326702832424112
0.0
0.0
0.0
0.41445357291786283
0.0
0.17464285741064772
0.6461612307592121
0.09437640164393393
0.0
0.8125164051084004
0.021646634680177787
0.36127550675127423
0.44648926699910174
0.4257693527838716
0.0
0.0
0.0
0.0
0.0
0.4431129613088043
0.0
0.5832478392780714
0.0
0.16225396836206735
0.0
0.35477548156451105
0.0
0.22094865521437465
0.0
0.7766357222093907
0.0
0.0
0.0
0.0
0.0
0.0
0.971961550222964
0.0
0.7335992124745315
0.0
0.0
0.7890720467738038
0.0
0.0
0.0
0.0
0.0
0.6008243198690303
0.0
0.7017444347819903
0.0
0.0
0.07928896245141441
0.43932293361608726
0.7705911182058047
0.0
0.0
0.48096116832058705
0.0
0.7067780797672152
0.0
0.0
0.0884015060920239
0.0
0.0
0.0
0.0
0.0
0.0
0.0
0.0
0.936146580811831
0.0
0.0
0.0
0.0
0.45769381774783796
0.4362994728343543
0.03810870339201113
0.0
0.0
0.6605312852692027
0.0
0.0
0.00419545479193909
0.0
0.7020093255566887
0.13544205711328894
0.0
0.0
0.5103326907664214
0.0
0.0
0.581638537114972
0.0
0.0
0.9510594919261858
0.0
0.0
0.2966379711840905
0.648228849061943
0.12406120662306704
0.0
0.0
0.3110426508502309
0.0
0.7112144561719642
0.5678936837054388
0.36378470759924514
0.7547298513477894
0.43831619416084233
0.11879028976098732
0.0
0.0
0.0
0.8457895142043181
0.0
0.2799788564068715
0.6588998554777404
0.0
0.0
0.3053541470023845
0.37927711708075507
0.0
0.978838883368258
0.0
0.23557920609489416
0.0
0.757762333848138
0.0
0.0
0.0
0.0
0.0
0.8989135539782477
0.0
0.0
0.0
0.9848713362116679
0.0
0.4843404001007814
0.0
0.016785048899008843
0.0
0.07943224305460742
0.6352859847377756
0.0
0.0
0.37989881520502417
0.5375199551948888
0.0
0.7869082063837372
0.0
0.1881347177773911
0.6981946933765105
0.0
0.5903394545385298
0.04248277634282018
0.0
0.21634338120890861
0.09769263632092759
0.0
0.4403333672998749
0.0
0.9308396438830019
0.5609347434064906
0.0
0.0
0.35072604420775333
0.8200776038557467
0.0
0.0
0.0
0.6839943011299716
0.2679109656541768
0.9163660143756219
0.0
0.8724378329347914
0.0
0.6320800842986123
0.8056223717076749
0.10969424241167265
0.45816015047323616
0.0
0.23098318674995127
0.5133937297190589
0.14824034147539372
0.0
0.4866783860427898
0.48793578289581796
0.0
0.3895160165145511
0.0
0.0
0.9089301214898939
0.8564446724096313
0.6548658701476842
0.0
0.0
0.0
0.7548810523618402
0.0
0.29292721140107864
0.0
0.6087602457181155
0.4538210130394937
0.0
0.03274365808368298
0.7196724480441845
0.0
0.4748360763802647
0.8357350151536473
0.4934683946388436
0.0
0.0
0.0
0.0
0.0
0.0
0.17569685529380952
0.9883165758032139
0.0
0.0
0.44590360557985387
0.5137403079040174
0.0
0.0
0.0
0.7487621714759252
0.431102671247651
0.5303528682050662
0.42603445657387384
0.07896320100588397
0.7619861802945775
0.0
0.09164818841613627
0.0
0.6207976836280261
0.0
0.0
0.0
0.0
0.0
0.0
0.5282353489079428
0.8048275914685303
0.0
0.0
0.0
0.275202663683462
0.0
0.011400552208362643
0.45826702210821
0.934686183149654
0.3402362716329969
0.0
0.0
0.45891341583378803
0.0
0.42677157596347953
0.29800690719199696
0.0
0.0
0.8091691896041866
0.6210795023750123
0.0
0.0
0.4636703257928937
0.0
0.4747667425004286
0.0
0.37106270213152837
0.23267496088590317
0.0
0.0
0.8931977506408969
0.0
0.0
0.9775879924704093
0.0
0.0
0.3440549148690633
0.0
0.0
0.6864701724471985
0.0
0.0
0.0
0.0
0.0
0.0
0.10553672417999355
0.955944601451438
0.10161998495334842
0.0
0.0
0.5472870430574264
0.14249295023820618
0.0
0.03721156669356153
0.08427611365363702
0.5729692897331209
0.513930438963303
0.0
0.8150077697349785
0.0
0.0
0.0
0.0
0.0
0.0
0.32259862554702734
0.0
0.0
0.0
0.625481134782633
0.46204614710564323
0.7420310271489715
0.0
0.595089384195946
0.5497109214643308
0.0
0.9957804740060281
0.3061230653182219
0.0
0.0
0.8842293648457306
0.0
0.0
0.47196683470259054
0.33422664308572025
0.0620433901077784
0.0
0.0
0.5132511419438066
0.0
0.9038396120493962
0.0
0.07962680036889636
0.0
0.2302665810370109
0.0
0.7796483757358805
0.9813827721659959
0.9923360645112579
0.0
0.0
0.0
0.0
0.037965584902939026
0.5245922252260873
0.7535353915996467
0.0
0.0
0.11998315945398828
0.0
0.0
0.1366728131672946
0.9636808231030989
0.0
0.7021223171419776
0.0
0.0
0.0
0.0
0.9080116887979818
0.4370312080231786
0.0
0.0
0.0
0.0
0.25993953921611096
0.5539534313754425
0.0
0.0
0.48565257617253554
0.0
0.0
0.0
0.0
0.7082873747605855
0.9152962763214709
0.0
0.06482473734338952
0.0
0.0
0.0
0.3248548949829952
0.6947493080942121
0.0
0.0
0.6597344591298208
0.0
0.9414067306762486
0.2901188958643136
0.0
0.7958165366380205
0.0
0.0
0.0
0.31227878695485495
0.748150656792118
0.0
0.0
0.14617201186100787
0.0
0.0
0.0
0.416179256274358
0.0
0.06420113764791012
0.0
0.43085690457839043
0.29235968459526257
0.5879363121031854
0.0
0.0
0.7921534177721408
0.0
0.0
0.12986918325512492
0.909423570816537
0.0
0.7406669076515959
0.01769258319773451
0.8004983541727752
0.8956475487984195
0.7883773939991563
0.33124710438242616
0.07174361856254322
0.0
0.0
0.0
0.0
0.1668553057850086
0.0
0.3295405652421285
0.9960500845792714
0.0
0.6074388150698657
0.0
0.9299016874152929
0.0
0.0
0.0
0.40776861331207354
0.475864511745383
0.0
0.0
0.8066786550189659
0.6164831139948758
0.0
0.0
0.0
0.0
0.6507354581767535
0.6510056996859146
0.0
0.0
0.7105514622459906
0.24314286611094374
0.0
0.6063138277670603
0.0
0.0
0.8840413038760951
0.0
0.0
0.5565584190704985
0.0
0.0
0.0
0.9718825274086486
0.0
0.0
0.0
0.0
0.0
0.7261852843281835
0.0
0.40866614724800215
0.11952592230922453
0.0
0.25200532944771303
0.0
0.6172442970042947
0.013614440660342621
0.11148163887105743
0.3251757650648905
0.0
0.0
0.0
0.0
0.0
0.0
0.0
0.0
0.16612465471321342
0.0
0.6688945311121522
0.0
0.0
0.4775837408799386
0.0
0.0
0.0
0.0
0.5756524424659821
0.0
0.0
0.8089323696879764
0.7375140882810253
0.0
0.0
0.0
0.0
0.0
0.0
0.18687736845586617
0.20411066416823345
0.3325045271251012
0.7045642781187574
0.0
0.0
0.5993760175587938
0.0
0.0
0.7315868769774346
0.0
0.0
0.0
0.0
0.5998721436699186
0.0
0.0
0.09480288885815813
0.12235346200092935
0.0
0.0
0.6796064698390644
0.07525694398427031
0.818338840025635
0.3113726038133442
0.0
0.0
0.5948090342249257
0.0
0.0
0.29557527095689373
0.07550251571920047
0.9673421625616679
0.0
0.0
0.9546377236096908
0.6900518559514177
0.49846937478238523
0.6687126051490085
0.501895686626326
0.10832739144429653
0.0
0.0
0.0
0.7919936235607293
0.5341325354349269
0.0
0.0
0.0
0.6206712783099855
0.0
0.0
0.0
0.0
0.0
0.0
0.0
0.0
0.12371600926343757
0.8217957205273722
0.5463439705085719
0.0
0.9813422028692175
0.0
0.0
0.4998464526792406
0.4919542681028985
0.0
0.0
0.0
0.6647552813601681
0.0
0.4097473622846998
0.7545272234622286
0.4548247778693734
0.3164533794170663
0.8743298990273998
0.2779563829772236
0.9320364857701005
0.0
0.0
0.78094758260073
0.0
0.10041247441870602
0.0
0.194712396499383
0.2081669446182301
0.9813849030592742
0.0
0.4465339214146657
0.0
0.0
0.0
0.0
0.0
0.5127416923774373
0.0
0.0
0.9133791296578997
0.2888696119014754
0.0552698009246822
0.8814926855168272
0.18194361814691798
0.12550513887056888
0.0
0.0
0.11208028526411642
0.0
0.7143646885758941
0.5874938521355377
0.060185424750685154
0.4343976538333141
0.1399358506223666
0.4192386421999711
0.9720242455957169
0.14592020322552976
0.0
0.0
0.8112010807964105
0.23280356919012823
0.9738814226845636
0.6516833244328519
0.09924680087095794
0.0
0.0
0.0
0.0
0.0
0.0
0.06125589895644991
0.0
0.7294852271240243
0.0
0.19974498949761924
0.5038329708024502
0.3100695253167363
0.0
0.5010331194968322
0.7790057318482844
0.0
0.0
0.0
0.070629006422147
0.020771310510769938
0.6899199816395296
0.0
0.0
0.0
0.0
0.0
0.7791866273361003
0.37819532250289356
0.3179274999097187
0.9831075629124754
0.6920420834126167
0.0
0.4108236192771331
0.0
0.0
0.0
0.47022261366571527
0.9359612935504478
0.0
0.8965725551664865
0.0
0.07647613218321676
0.923078482207453
0.9790519656597245
0.4017129171152344
0.0
0.0
0.0
0.0
0.0
0.0
0.0
0.086210521455556
0.21696661466101438
0.0884137273989991
0.9351894595849012
0.25046844901527604
0.0
0.8264707546735859
0.0
0.19694578276142305
0.0
0.0
0.023067766205716524
0.006647874046352559
0.0
0.16576308103542564
0.23011656262267577
0.0
0.40829181684622085
0.10629521246745247
0.6539806222433221
0.0
0.0
0.0
0.0
0.8956713808489164
0.9621781180312102
0.0
0.0
0.0
0.0
0.0
0.0
0.2295167764025281
0.0
0.0
0.0
0.9986549101631823
0.0
0.92579261049559
0.08458349366336161
0.0
0.0
0.2436971368497878
0.0
0.0
0.0
0.39530695673424676
0.21314835519383912
0.352140153235352
0.684058929421544
0.0
0.0
0.0902123253379478
0.0
0.0
0.0
0.49544889206012244
0.9575037678631473
0.7555231606152372
0.0
0.9300029417257898
0.0
0.0
0.9707175168794056
0.38496537449838236
0.0
0.0
0.0
0.0
0.9309138308201443
0.0
0.0
0.0
0.0
0.0
0.5715540288815204
0.8493349769876061
0.0
0.635554115740544
0.3346291942481746
0.9587640162727423
0.3039128017683683
0.6916319338817652
0.0
0.0
0.0
0.3038653380123706
0.8127861374991252
0.0
0.0
0.20838095948195243
0.0914575299411842
0.0
0.5644478908078614
0.0
0.9501257728650487
0.0
0.0
0.34787352820914647
0.3884708378936618
0.0
0.0
0.0
0.0
0.0
0.0
0.0
0.6809710728197736
0.0
0.0
0.6686433538526843
0.0
0.37898168520122494
0.0
0.0
0.31466341546030013
0.3046805155130441
0.8446570640601243
0.0
0.0
0.0
0.5575144790875096
0.0
0.0
0.0
0.7075893268772672
0.3943748757594244
0.8978507777101797
0.0
0.0
0.0
0.05846323495942281
0.0
0.0
0.0
0.0
0.5204314047058988
0.3964179647813727
0.6944136930801169
0.9423120089569514
0.0
0.0
0.0
0.0
0.0
0.0
0.0
0.8320336571361805
0.0
0.0
0.7599793992972962
0.2157159567541647
0.18920311687022187
0.5448563800386151
0.7585281193781734
0.0
0.07926087909116981
0.0
0.04765615243736659
0.0
0.08390942886923869
0.0
0.0
0.41933652861418474
0.3695805812185034
0.9262315599044747
0.5033109630790159
0.6091285625716552
0.0
0.7273518251863946
0.05236858608353456
0.6722675817756633
0.0
0.0
0.061159766419090524
0.0
0.0
0.0
0.0
0.0
0.0
0.0
0.0
0.0
0.0
0.0
0.07398730596126546
0.6429689745790609
0.5093415558749598
0.0
0.0
0.5227496242778282
0.095047731963626
0.6422603978758277
0.9353281918607774
0.38142093933457494
0.0
0.8650496562490662
0.0
0.0
0.0
0.0
0.9228741394573748
0.8392786445797372
0.0
0.0
0.29314758885279574
0.0
0.07559601003571736
0.5636168080128603
0.0
0.5464540196318882
0.0
0.5445827318091259
0.15081124208541216
0.0
0.5021176122623545
0.0
0.37919757825588846
0.7236938730099081
0.0
0.5300773982424989
0.7710226270743606
0.8752061172694163
0.0
0.0
0.0
0.0
0.9441723551833604
0.0
0.0
0.0
0.0
0.0
0.5031887012776353
0.0
0.0
0.0
0.047215563647376356
0.28897368079132246
0.2846554844456234
0.0
0.0
0.0
0.7642726875911264
0.4633611175728026
0.0
0.040423367848196036
0.0
0.8050896547367037
0.0
0.927109136312717
0.0
0.0
0.6878301891079309
0.0
0.0
0.0
0.0
0.4359531690753512
0.9809870613444523
0.7895013258263333
0.5879138521533048
0.0
0.723613688730461
0.0
0.0
0.0
0.44385490712448833
0.0
0.0
0.0
0.4853641346550619
0.5419295888886954
0.0
0.0
0.0
0.04849057840053691
0.0
0.0
0.07199220326986891
0.0
0.0
0.0
0.9876874965184048
0.07235505926460584
0.0986290883669094
0.0
0.0
0.0
0.2153961849031804
0.9838454412955472
0.38710173913599805
0.9211051027026089
0.0
0.0
0.0
0.0
0.9837757581551653
0.0
0.0
0.0
0.5854811256205904
0.6802832686098539
0.0
0.0
0.7940450852257294
0.06435021973621827
0.2602375751372422
0.0
0.07113302450297428
0.0
0.965497328284004
0.48164725496406124
0.0
0.6749456618750089
0.9761964583415036
0.0
0.0
0.0
0.0
0.0
0.0
0.0
0.0
0.0
0.0
0.9011395142633154
0.0
0.0
0.26364606618068187
0.0
0.46330729740892757
0.0
0.0
0.0
0.08822691185597366
0.19116984421130445
0.0
0.0
0.0
0.0
0.0
0.0
0.0
0.0
0.0
0.0
0.0
0.0
0.0
0.6723593869237199
0.0
0.0
0.0
0.604699300098204
0.0
0.0
0.06839637979442682
0.0
0.6845282693563688
0.0
0.781970206633042
0.7236498422687929
0.043254992687253954
0.0
0.0
0.0
0.0
0.5858185465824015
0.0
0.0
0.0
0.9940099611141114
0.38263434446556976
0.7556038950119147
0.0
0.5135364815966988
0.0
0.24464047078708637
0.0
0.09256463916014815
0.5384649223162787
0.872318626729214
0.7041003613644297
0.0
0.0
0.0
0.0
0.0
0.0
0.7953388097854669
0.7120919661561101
0.0
0.0
0.39463537700457385
0.7028845181921399
0.7923829198545789
0.2785577160845173
0.37602556897222167
0.5534831685442859
0.0
0.0
0.0
0.0
0.0
0.06188761567955835
0.7076377438130583
0.0
0.0
0.6604531689153237
0.3183140942313661
0.9018684929318621
0.025737949027032647
0.0
0.09107043015784522
0.0
0.0
0.0
0.7457456015206194
0.0
0.5972691556126558
0.0
0.3234387963114811
0.0
0.0
0.8883842008366125
0.8278504455487904
0.3247059350117902
0.6291016165657022
0.0
0.0
0.7215953201829575
0.0
0.0
0.6872890697722226
0.4260320648935422
0.260127948940755
0.0
0.1615316928470879
0.012743094204158787
0.0
0.0
0.15769200408789202
0.2095648952007062
0.6598633029510048
0.332446398385612
0.8007805882718523
0.0
0.0
0.0
0.8476965459407998
0.0
0.17053505425807414
0.0
0.0
0.6288082818171227
0.0
0.0
0.1254469887064398
0.0
0.0
0.21091784535316185
0.9525402542701452
0.21143297868826058
0.0
0.9782490588834436
0.77948535763661
0.0
0.19689383232179886
0.0
0.0
0.0
0.0
0.0
0.4086689695607617
0.0
0.0
0.0
0.0
0.0
0.33646671733409
0.41087908354464797
0.0
0.9601438603312971
0.0
0.18902575243456618
0.0
0.041529272792033584
0.9806136297435758
0.0
0.4176085986935698
0.0
0.3842514141004974
0.0
0.0
0.0
0.1313745161455987
0.0
0.0
0.0
0.0
0.0
0.0
0.0
0.5793898989711339
0.0
0.0
0.8934724877880694
0.0
0.5038996836229866
0.0
0.3062175197021982
0.0
0.9090650596713483
0.0
0.0
0.0
0.9236438885335879
0.9435750500159755
0.7368489480311361
0.0
0.5448389752742344
0.0
0.0
0.0
0.0
0.8470585350992457
0.0
0.0
0.0
0.0
0.0312217189087707
0.0
0.0
0.0
0.0
0.8595034166937231
0.5377792958834295
0.0
0.0
0.29339039912777864
0.4309264446534981
0.0
0.0
0.698073016509152
0.9592452039010579
0.4844255482301195
0.821694616505473
0.0
0.6275903306785714
0.0
0.6465355117368279
0.0
0.20051446959595834
0.31618553296861607
0.0
0.0
0.0
0.0
0.0
0.0
0.0
0.0771293872141831
0.6501276114512107
0.4536621210745678
0.0
0.7100256822459206
0.0
0.0
0.0
0.16870477863478678
0.0
0.0
0.0734342278615148
0.0
0.0
0.1860567596582269
0.0
0.7568483518598335
0.0
0.0
0.7810295537409806
0.8382457039190877
0.6010173324220136
0.45026167389367205
0.09478393862792604
0.0
0.26633000602025814
0.0
0.0
0.0
0.0
0.0
0.0
0.40601334689185203
0.8839244772172237
0.0
0.0
0.3261802080749465
0.0
0.8078645239749999
0.0
0.5448021289008775
0.0
0.16031415626086692
0.687379687407071
0.7489083903764903
0.5000425488094856
0.0
0.19340032009238112
0.0
0.9259965770365159
0.0
0.0
0.8928268353072737
0.4789154559886199
0.48281288537000433
0.0
0.5605772951441922
0.15543057789651707
0.0
0.639785248427942
0.0
0.0
0.9156101351807029
0.0
0.8263069609486936
0.0
0.0
0.0
0.0
0.0
0.9578616341901403
0.0
0.45983969389261065
0.592343999572418
0.2307477253583636
0.334223462140633
0.17251935552068856
0.0
0.0
0.8474918619120987
0.0
0.0
0.0
0.44777927173344745
0.8147347940001082
0.0
0.0
0.6529854029467483
0.0
0.0
0.4874972997645217
0.8865845377214399
0.3768558918118806
0.5948976297359361
0.6265884859947988
0.0
0.0
0.0
0.0
0.0
0.0
0.0
0.970606127358922
0.6752078445486308
0.8901154718499343
0.0
0.0
0.5647593307465596
0.9322804327649029
0.05875246155351118
0.2926498179922031
0.9486320644927472
0.0
0.42988598947902257
0.0
0.01246200977654864
0.5755896122801692
0.4311705030372651
0.5302623806834009
0.9362901017976004
0.0
0.0
0.3756368883061712
0.0
0.5352372317289639
0.0
0.0
0.0
0.0
0.9758583534593791
0.0
0.8263769757325443
0.06506350074248746
0.37409803950216486
0.0
0.0
0.0
0.0
0.9317235394191606
0.5030073176999943
0.7291687894450679
0.0
0.0
0.0
0.0
0.6764067600837481
0.0
0.705113513862073
0.0
0.4849456098083136
0.0
0.0
0.8607017693279736
0.0
0.0
0.3311445582469168
0.9080153863486462
0.1527975482919226
0.6906712636783989
0.0
0.0
0.0
0.0
0.0
0.44551563562106616
0.3784834308845776
0.3705006682629019
0.0
0.0
0.0
0.0
0.0
0.21496644188738467
0.0
0.0
0.7919118285735075
0.49120623422680887
0.31589939718814064
0.5002271842844435
0.0
0.6254030034559678
0.5075171807337487
0.0
0.04110045292906059
0.6644998341381184
0.5733927036535821
0.4251887032078417
0.4968916071000543
0.0
0.0
0.3105077296714561
0.29431511583029735
0.61769016962975
0.8877587217091107
0.0
0.6315860983294214
0.0
0.0
0.7125429900148956
0.9942733565810535
0.0
0.0
0.0
0.846828291465124
0.07067790816509129
0.5331151014595022
0.0
0.1965484540578154
0.04809399958894577
0.46737217230866346
0.27861478560306985
0.14071229370822422
0.0
0.5300552639140881
0.0
0.0
0.0
0.0
0.5990986360583841
0.0
0.0
0.41138401001137953
0.031101042854698932
0.1762379246818019
0.0
0.634967316485339
0.0
0.48717064692730216
0.0
0.74999240556148
0.011419411058020166
0.281858152587973
0.0
0.9853050823041464
0.4463569167047303
0.0
0.0
0.0
0.00435653666950147
0.24311413387659572
0.3084418185197179
0.0
0.9967435008984247
0.0
0.7527380096085219
0.0
0.0
0.25378867591284926
0.0
0.0
0.0
0.0
0.5150153101556535
0.0
0.0
0.0
0.0
0.28498872083212434
0.0
0.0
0.822330918568021
0.5591938997474986
0.0
0.9054595840540461
0.0
0.0941163998870143
0.8193240164991344
0.0
0.5632487188644735
0.0
0.0
0.0
0.23012916032581646
0.8684585835136656
0.0
0.0027730851809756934
0.6580614437489262
0.7478244292354863
0.892241131040428
0.0
0.9430751182401257
0.23683293844957046
0.8495336360517133
0.0
0.0
0.4576998255783067
0.03411759576807999
0.0
0.2186200488911474
0.0
0.37449406259961376
0.0
0.5988546393060941
0.0
0.0
0.30166393915220524
0.0
0.9189584752814276
0.0
0.0
0.5697681422424249
0.0
0.0
0.0
0.0
0.5188450940135731
0.0
0.0
0.25551670626798595
0.6820531515169405
0.6944808354563781
0.359192997558738
0.006144549687036811
0.37894416903397593
0.0
0.09758933250502244
0.0
0.33649069951288324
0.644749067595046
0.5922399848915495
0.5685784009346214
0.19129978068863152
0.0
0.0
0.5576265823907528
0.48055569243551
0.0
0.766546495680727
0.0
0.2727068544095916
0.0
0.0
0.0
0.0
0.4805584537035041
0.6491324484247023
0.0
0.13800936507534603
0.0
0.0
0.0
0.0
0.6467700407067534
0.1448331550483283
0.4475292161824454
0.0
0.8503186770834608
0.0
0.0
0.0
0.9006853406186582
0.0
0.11166963895629065
0.4019630758064179
0.9981097363058518
0.0
0.08890179079492935
0.0
0.4351927313903885
0.31160361882606885
0.2710207755783376
0.39828491785429665
0.0
0.0
0.5208284249782424
0.0
0.0
0.5279004467454144
0.5282164122354136
0.0
0.6098729210458141
0.20781743850761247
0.09040435180065043
0.34933211061252384
0.7726512092051762
0.0
0.4573714938960459
0.015518799947420035
0.3636658830588127
0.0
0.14692613456908427
0.0
0.0
0.0
0.0
0.0
0.8446055774551352
0.0
0.0
0.0
0.0
0.0
0.4622645528172167
0.8216324371514621
0.1418477353737632
0.13232671800405524
0.3088446626000722
0.6783583810824295
0.0
0.281161756261422
0.351520086706537
0.7594620917486175
0.518112892159027
0.0
0.0
0.0
0.0
0.0
0.07170106391011445
0.7995388378984484
0.0
0.15750973605259105
0.9218890063064359
0.0
0.25377434410732264
0.31582592076979527
0.0
0.5565147821227238
0.0
0.0
0.0
0.0
0.0
0.0
0.0
0.0
0.8197920257292249
0.349064304403843
0.0
0.0
0.0
0.8631922780357141
0.0
0.0
0.0
0.0
0.05911560111907119
0.0
0.0
0.0
0.0
0.0
0.0
0.06711608557151647
0.0
0.6300716921819756
0.8902634163488282
0.0
0.0
0.0
0.700302526629539
0.0
0.5212718171667328
0.6273636858552196
0.0
0.0
0.0
0.0
0.0
0.10303428496114965
0.0
0.0
0.0
0.4787082607036996
0.3224651061431375
0.5508696328779222
0.4693743727429751
0.0
0.6352800163045716
0.4886679726227451
0.2197151655463869
0.0
0.0
0.9521864004559185
0.0
0.11744933577724538
0.6978077908016757
0.13484635999637423
0.36519881718077546
0.0
0.03690366721944403
0.0
0.0
0.0
0.0
0.0
0.4681055745913449
0.0
0.20693913638864359
0.38212095215414466
0.0
0.0
0.0
0.3372810307347977
0.0
0.571151322922295
0.4602152327426258
0.0
0.0
0.0
0.0
0.0
0.31879667883964624
0.0
0.0
0.0
0.0
0.7264476161162903
0.5430959291798182
0.6900577641926391
0.7261795296925713
0.46485951668809455
0.9596689997536385
0.7821254942085426
0.8107989612156528
0.6293303824644779
0.06088581799060179
0.0
0.348395209107004
0.0
0.5631092928179118
0.987148064956609
0.0
0.0
0.9615663231812335
0.7126903828911103
0.7004493953192698
0.0
0.8961703134345547
0.0
0.0
0.0
0.0
0.0
0.0
0.0
0.0
0.21953327721120605
0.8200882452046635
0.0
0.1710373647599675
0.0
0.0
0.5262585388923867
0.0
0.7338954954071166
0.10359435134591166
0.8832050344079131
0.0
0.0
0.0
0.9041287083604127
0.0
0.5080836881900125
0.6972123848278914
0.9907325953926094
0.0
0.0
0.0
0.44615499553283694
0.0
0.0
0.072251292835536
0.0
0.0
0.0880832503525203
0.0
0.0
0.0
0.34204545240201434
0.7163204272815559
0.0
0.0
0.0
0.004722767394140666
0.058460690565230955
0.02100556251329346
0.0
0.0
0.0
0.0
0.2408573242221279
0.0
0.0
0.0
0.9133390976887721
0.0
0.1540470319660989
0.0
0.0
0.8576239428240532
0.6236191965708447
0.0
0.0
0.0
0.6915459988824875
0.37333229954356384
0.0
0.3478758435109243
0.0
0.0
0.17357822272341106
0.0
0.18368966809273943
0.06014393017184711
0.0
0.0
0.9260327085969448
0.3796060348926559
0.0
0.3808620405677751
0.0
0.3308177984823237
0.7463103922155214
0.28430587609594254
0.7192592169443962
0.6592973089137065
0.0
0.0
0.0
0.0
0.5688510085331285
0.5089654934137867
0.1900368580568296
0.036306790834451694
0.8071924127927271
0.9896888522550839
0.08091210043727735
0.0
0.0
0.0
0.04558832849947956
0.5794324640414891
0.10390348133989023
0.6269511888423844
0.19322202974925556
0.2357956588864883
0.0
0.0
0.0
0.0
0.0
0.0
0.0
0.0
0.0
0.0
0.0
0.06766384378301131
0.0
0.137719204811769
0.22498644856048147
0.0
0.0
0.8269227874388788
0.09932206476670025
0.0
0.0
0.9218946412918697
0.805340739079171
0.5494754827745388
0.0
0.8910859525382271
0.30039898824931527
0.0
0.0
0.0
0.0
0.0
0.8640439212273171
0.0
0.7637529764181092
0.0
0.7716882594412766
0.0
0.0
0.11024267353367187
0.808046917491025
0.0
0.0
0.029657174696525884
0.3422632204904537
0.0
0.3050906607864047
0.9716022959237931
0.0
0.0
0.0
0.0
0.8217198527741003
0.0
0.7100949098267246
0.21338573563740723
0.0
0.3372080611492084
0.0
0.652813318175485
0.46400218098691437
0.0
0.0
0.6072092154408346
0.0
0.6610615873658569
0.778158508993743
0.0
0.36428765288126874
0.0
0.7769654517140155
0.7323659668416849
0.0
0.7559479733272818
0.0
0.7403380020527
0.802947667830736
0.0
0.8019318316279441
0.0
0.0
0.0
0.16123202512623522
0.5262555923674803
0.0
0.475995040690272
0.8272432728038321
0.0
0.0
0.0
0.24058575478787078
0.32318054284735104
0.3855441362915327
0.6131626720120067
0.674235953261228
0.0
0.43332353433225923
0.8281831076645751
0.6208188202912492
0.02205000353966105
0.0
0.0
0.0
0.9726061149634944
0.0
0.29882891652476695
0.0
0.36023032754877515
0.37883477216745765
0.6723269101867861
0.8419831888579109
0.0
0.9159454457596772
0.0
0.6199357205180358
0.0
0.5274344564295619
0.0
0.0
0.05485009753877513
0.0
0.0
0.0
0.0
0.5972210358726315
0.0
0.0
0.7545180296449473
0.6994064262551178
0.0
0.0
0.0
0.0
0.0
0.4848095069773779
0.797458493257256
0.0
0.0
0.0
0.0
0.5777215418821691
0.0
0.4655708024167771
0.0
0.7608038790628011
0.34657789198587
0.0
0.0
0.41228136048584135
0.29778913158105563
0.0
0.6727765664185528
0.9481060659510139
0.6107653183181161
0.7958682755340627
0.0
0.0
0.7576500191025772
0.09885842739038501
0.9507878084844525
0.001322221625094699
0.0
0.0
0.10503028287151696
0.0
0.0
0.0
0.9807317196208667
0.0
0.784814053223283
0.0
0.15937337948443359
0.0
0.45167299512777637
0.1928988114073094
0.0
0.34560884678196363
0.0
0.5330516106768637
0.0
0.4105839576596044
0.2533511098826124
0.0
0.0
0.7718842870512345
0.6865077470436466
0.0
0.916238469944785
0.0
0.0
0.7818674455057075
0.0
0.0
0.0
0.2579096893008643
0.0
0.09978129185834202
0.0
0.0
0.5500911852702072
0.4974799089203719
0.0
0.624849676490473
0.0
0.8478050923561485
0.0
0.0
0.0
0.11569683995499955
0.0
0.0
0.0
0.9803290361486245
0.0
0.6045715733523206
0.0
0.47473826291287885
0.0
0.0
0.5334911247081525
0.8037065855656161
0.503208663162178
0.9793307529758729
0.0
0.5587007971922268
0.23732569281891605
0.0
0.0
0.35963290117899377
0.0
0.06124512474804328
0.0
0.0
0.8853808640034546
0.0
0.7679957585797944
0.0
0.0
0.0
0.27013389897210294
0.0
0.0
0.0
0.0
0.3903725638048721
0.0
0.4508796809494074
0.7107414177046638
0.4576859323242675
0.0
0.0
0.0
0.0
0.01964435954788072
0.0
0.8901407202469542
0.4080777289812932
0.6702982201958191
0.0
0.0
0.0
0.0
0.3018925272009546
0.0
0.8304802093503326
0.0
0.0
0.12705977583299397
0.0
0.2656448214484579
0.4348991202035814
0.5538130550668336
0.8858690210442143
0.20001134056174744
0.9803712724755749
0.0
0.7447485296510762
0.19404657930084998
0.0
0.21067796214330828
0.0
0.0
0.0
0.0
0.11360812381447677
0.012198700473576038
0.0
0.4382968512586024
0.05419811397239602
0.0
0.0
0.8485079525141024
0.054079742674946966
0.3567797455128729
0.801422804037176
0.0
0.0
0.0
0.0
0.0
0.0
0.0
0.08353926281677038
0.0
0.36459464029074107
0.0
0.6620502923848978
0.9952339480136302
0.7214003212959419
0.0
0.0
0.0
0.0
0.0
0.0
0.025208870581670963
0.0
0.0
0.5339821747797675
0.0
0.016340980804595825
0.0
0.0
0.9075330527186729
0.783879736749173
0.2030408404901
0.9910723693352598
0.0
0.982795058064631
0.0
0.0
0.579408062977876
0.0
0.633973096321068
0.0
0.7100387175533451
0.0
0.0
0.8881615887631851
0.0
0.0
0.25025854372783446
0.0
0.0
0.31491876343444863
0.0
0.4268027077863766
0.6742640616643288
0.0
0.20463211444828652
0.41070235696569274
0.0
0.0
0.38287955913110544
0.0
0.0
0.8795751037991173
0.6550947541790922
0.0
0.7426936257598182
0.8060364334480336
0.14765854646681473
0.8029255830357611
0.0
0.0
0.0
0.0
0.0
0.0
0.07316025072567231
0.18064866558291057
0.0
0.5679054933202141
0.5115543692131782
0.3712824254087187
0.15265887783612545
0.42259340679270174
0.6058525961642377
0.0
0.0
0.5733678261535453
0.6886479285787623
0.0
0.0
0.0
0.0
0.0
0.9070559677333985
0.14204349771490807
0.0
0.0
0.0
0.0
0.027931420512740474
0.566059668222961
0.005474431419108855
0.703965072423568
0.32653153651675665
0.10025945929745161
0.0
0.0
0.0
0.0
0.0
0.9697578556500263
0.7723953786196643
0.0
0.0
0.0
0.442033008984993
0.7988481856645809
0.0
0.0
0.0
0.6034424118594366
0.33494795465946653
0.0
0.8607058306610412
0.0
0.6930254432325222
0.7338147497099637
0.0
0.9442927605002449
0.0
0.0
0.9216915091281354
0.726588343238113
0.2985877360222438
0.17273147068345557
0.0
0.120987002707421
0.0
0.0
0.24875076882616293
0.0
0.0
0.0
0.0
0.0
0.0
0.0
0.11478791174406937
0.19697822768572174
0.14250244837683426
0.8755567627410675
0.0
0.0
0.0
0.48073114962966357
0.9245464409131269
0.5583992686835667
0.0
0.0
0.0
0.0
0.0
0.5596711807383611
0.0
0.0
0.0
0.6701500067374061
0.46305359314892663
0.0
0.0
0.0
0.5663493962707407
0.0
0.4297269055753486
0.05664140405909386
0.0
0.0
0.7775947923774168
0.7359698910840888
0.2845900041064287
0.05549153259562681
0.09758630396066989
0.5305993973312924
0.0
0.0
0.25471644466571386
0.5245551771737119
0.0
0.0
0.0
0.0
0.2702990197907838
0.0
0.49898296851934676
0.47425430413342057
0.0
0.2877323023699043
0.43137340081577996
0.1667538882057898
0.6274268180036352
0.0
0.6514548482423015
0.0
0.2854873619535788
0.9834640129245404
0.8093864196563024
0.0
0.0
0.0
0.0
0.0
0.0
0.6820207987962257
0.3117748818515024
0.0
0.0
0.0
0.7531292220247392
0.3427004203867647
0.6889929512209958
0.7387531912157947
0.0
0.10318687189836465
0.19558363486840827
0.0
0.0
0.8321288150273809
0.4836379817455234
0.46864575713085566
0.8203749114610026
0.5433108604192853
0.4588860881369921
0.11748622316637787
0.0
0.0
0.5985123465818101
0.0
0.0
0.8958450520511317
0.704377716102452
0.582306067085576
0.0
0.6515414745728061
0.22878863500066746
0.1739252942895169
0.0
0.0
0.0
0.0
0.0
0.0
0.5851582250214873
0.0
0.20466799244115622
0.17089465502594517
0.0
0.0
0.0
0.7402933289196245
0.0
0.0
0.0
0.0
0.0
0.0
0.0
0.22891748904294895
0.0
0.2675882099869442
0.8227171061738768
0.015035519196343326
0.0
0.0
0.0
0.2805834444168832
0.457354872308063
0.11521400445160468
0.624178097236409
0.0
0.9928264246976478
0.0
0.022455903625503103
0.0887646337078986
0.47383711503271264
0.0
0.44372290423249616
0.17962164215973503
0.0
0.0
0.0
0.0
0.0
0.0
0.0
0.22646899754365052
0.0
0.0
0.0
0.914447931484375
0.0
0.3878557953727777
0.1229373081566115
0.728489301811502
0.31738559150526524
0.0
0.0
0.0
0.0
0.0
0.0
0.6127423390607144
0.0
0.0
0.0
0.32388926809062096
0.1578954829391963
0.0
0.07055082752176492
0.0
0.0
0.0
0.0
0.18828647875456062
0.011715105659546228
0.8966773400925314
2.3540262327072516E-4
0.0
0.0
0.23994416979860397
0.046511313246425684
0.013078766093702558
0.0
0.0
0.27899686680252883
0.24738971295264792
0.9177556184865873
0.2774753778013954
0.751509726087228
0.0
0.0
0.0
0.0
0.052679183591650316
0.0
0.0
0.0
0.2618252177586118
0.6207466581668093
0.6147043809393222
0.0
0.42217846505378803
0.0
0.0
0.8191147425262784
0.0
0.0
0.20384186457332548
0.0
0.5242413708675847
0.37857628881288696
0.0
0.9286723760853421
0.0
0.9305733584165519
0.0
0.35600788404696554
0.0
0.3731354928449709
0.0
0.0
0.0
0.5050342806178398
0.1692009801577566
0.0
0.0
0.0
0.9056417362451167
0.0
0.5188605454532689
0.7096283694164358
0.0
0.6116075136906172
0.9707653370045868
0.0
0.0
0.0
0.0
0.0
0.7472013090457866
0.6682243226734446
0.0
0.0
0.23661866332907713
0.0
0.8039818835666165
0.0
0.054403729467503104
0.3336186372126036
0.0
0.0
0.0
0.0
0.0
0.0
0.7404782862420253
0.5653915300021679
0.7024480931742685
0.46208164253379247
0.0
0.3224372400542646
0.34513110917324424
0.5149208013701392
0.0
0.07225308093109828
0.13803985377659914
0.0
0.0
0.7940253582474516
0.0
0.0047717120508630065
0.0
0.29702227977871504
0.12009114994216014
0.0
0.0
0.0
0.6159250927630412
0.0
0.3824473891652564
0.0
0.9483498475833986
0.00622776277178897
0.0
0.22985847114020022
0.0
0.0
0.0
0.0
0.0
0.0
0.11529683576922493
0.21991927871220635
0.0
0.884511907566293
0.0
0.0
0.0
0.3689405681911386
0.0
0.0
0.0
0.6541351616240361
0.0
0.0
0.0
0.0
0.09244859239640921
0.0
0.4112803095418242
0.4727571487209082
0.5662630074394843
0.0
0.0
0.6054666530905448
0.0
0.40570102377004313
0.3573009727909911
0.0
0.5301017988535914
0.0
0.20250277553001228
0.0
0.025623787586532533
0.0
0.447754003860737
0.12055048548579345
0.0
0.0
0.49771032854233294
0.8224990070851784
0.0
0.4884532588719363
0.0
0.0
0.0
0.6583998588122087
0.5909635439657474
0.03708518714918448
0.5670383304365249
0.0
0.20132909723995818
0.0
0.0
0.0
0.0
0.2192412680593671
0.21996556148604096
0.8222599250155088
0.0
0.0
0.7764258840892057
0.0
0.0
0.0
0.0
0.0
0.0
0.6125755981910911
0.0
0.9659739959558905
0.7915221438659177
0.0
0.0
0.21197761710977392
0.0
0.8820705009873054
0.0
0.0
0.0
0.4582799281705853
0.2820417250564066
0.8576721377930397
0.6337703990460606
0.0
0.0
0.0
0.0
0.0033794138984128987
0.0
0.4570584903763156
0.0
0.0
0.0
0.0
0.0
0.8717905330666207
0.13060140957126132
0.0
0.2196857958001603
0.22709004737171495
0.1101480811949116
0.10020539212581513
0.0
0.07532886673883558
0.14679561098693497
0.0
0.0
0.45057130968616577
0.0
0.0
0.0
0.0
0.0
0.2617085768778748
0.0
0.7749363626123389
0.0
0.5942235234487714
0.0
0.5415475928568505
0.11115416697291597
0.0
0.0
0.0
0.8222081292527725
0.0
0.0
0.763640140406931
0.0
0.36698021759924876
0.04366555803054931
0.3849714197099998
0.0
0.06427059122316577
0.06053780154106197
0.36897484488130716
0.017371807304785422
0.8893059684401359
0.7645143312731973
0.7435656190066187
0.36225644147215663
0.8882288979767766
0.0
0.23270608495085782
0.0
0.3486394584842081
0.041353897184265596
0.0
0.0
0.0
0.5357384620941849
0.0
0.9143464889021488
0.8098372109686169
0.0
0.39321050979514505
0.0
0.0
0.4684492618401209
0.4404427956275746
0.0
0.0
0.0
0.4289565034613464
0.0
0.0
0.7110821347411083
0.0
0.0
0.0
0.45280648995339157
0.4185037131691553
0.9430366414556547
0.0
0.04539840024659788
0.0
0.0
0.0
0.7959809064875588
0.0
0.0
0.0
0.0
0.6734536149956227
0.0
0.9731079696565964
0.0
0.0
0.23707669162963146
0.7704355286207156
0.8857989860116227
0.0
0.0
0.0
0.0
0.3774211523265633
0.8833381686220861
0.0
0.4486486360241671
0.015486512510177177
0.37544179262983157
0.0
0.2650579138202371
0.0
0.0
0.0
0.0
0.6662363752164706
0.0
0.0
0.0
0.7656588423221576
0.0
0.9702222656306783
0.8949678643484503
0.0
0.16339339035561593
0.0
0.8813883381711772
0.0
0.0
0.0
0.5988344426598324
0.04204905884509323
0.23394264686986427
0.8140586747970118
0.3912858025103524
0.4005008602042945
0.0
0.0
0.0
0.0
0.0
0.0
0.5737871747971784
0.0
0.4495152259382774
0.0
0.0
0.0
0.0
0.5722932494157514
0.7421972350936273
0.0
0.0
0.0
0.2021228449331534
0.0
0.0
0.3682838433876911
0.0
0.0
0.40235529961567457
0.035030249537007126
0.35953708565756126
0.3100384933184404
0.22160092488484479
0.0
0.0
0.8113568624840646
0.4970798364716236
0.8161988381109708
0.7149412570927518
0.0
0.0
0.6170218427672137
0.0
0.5767948540391249
0.0
0.8520663964882765
0.8267531895578492
0.7622525608285091
0.7540305804830805
0.0
0.41824534874212205
0.7070782496037534
0.9052672757269762
0.17162030648908572
0.2262186159506677
0.0
0.0
0.0
0.3182044201175326
0.5575396597191755
0.0
0.7966613333137617
0.0
0.0
0.04532071682321535
0.0
0.0
0.16316651879123298
0.0
0.0
0.3365975341876152
0.7611462506964385
0.5443370544737638
0.0
0.0
0.0
0.03636730124383501
0.2052087954221347
0.362281027743697
0.0
0.0
0.24950342715152554
0.8370894703926312
0.0
0.0
0.8386633557983395
0.28566297758637094
0.0
0.8610544486162632
0.0
0.1368001355414438
0.8871767929232159
0.35422983904593813
0.432037700117104
0.0
0.12305925145554854
0.8025828805652927
0.27763833244368247
0.2861255688776394
0.0
0.3079367885289887
0.0
0.0
0.2467834630895073
0.0
0.13512057501288668
0.03283576979476613
0.024646095235485267
0.7943868734231434
0.0
0.6595506403524956
0.0
0.018176940545373887
0.6949562560116171
0.0
0.0
0.06457262282814102
0.5787633729010956
0.0
0.0
0.0
0.37985572090508546
0.0
0.0
0.0
0.0
0.7781979896242609
0.13178141224273193
0.23443008092411136
0.0
0.0
0.0
0.0
0.24922738386346469
0.0
0.760342063775316
0.0
0.9063096190650646
0.13122878044027922
0.0
0.7823424426219197
0.29739762689512944
0.0
0.0
0.5852476577001591
0.0
0.605611231521305
0.0
0.04435537025367924
0.0
0.0
0.0
0.5714993469279669
0.5340036891352389
0.5997793767182616
0.0
0.47417637642983246
0.4806893259155937
0.0
0.6406997463535006
0.0
0.24615446825236684
0.0
0.42087361718952676
0.0
0.0
0.4711644144124627
0.0
0.13828774084970327
0.0
0.0
0.4589012720546453
0.0
0.2288536091593896
0.0
0.5169915747321503
0.0
0.17256297791866007
0.8162662642803362
0.0
0.7753200415933303
0.6483803022807877
0.0
0.0
0.11567954333155923
0.0
0.5747279808907777
0.4558322378213095
0.26214415562464694
0.743060109047316
0.6784969517204756
0.9262784428943304
0.2258466235311158
0.0
0.0
0.8999963846684755
0.0
0.0
0.0
0.0
0.635468901349903
0.4277332372570851
0.0
0.0
0.4687171359140769
0.10680684550034367
0.13640385112448764
0.0
0.0
0.0
0.0
0.0
0.0
0.0
0.4998286422959027
0.0
0.3971691489995524
0.4934035954937311
0.0
0.0
0.0
0.6137813590168618
0.7225817434043412
0.4696455676180969
0.8443667927148568
0.015780166778776274
0.0
0.0
0.0
0.0
0.9911728880355234
0.0
0.9727019370530289
0.0
0.017948918352861987
0.0
0.0
0.07565322062537824
0.0
0.8583721618265362
0.8159180810084754
0.41128546621946904
0.21121801464923995
0.5154867518401042
0.3174276225236168
0.0
0.0
0.42639541213749393
0.0
0.6425005127623721
0.0
0.5944342146755369
0.0
0.0
0.22334174838774998
0.0
0.0
0.0
0.9017131334937136
0.5729233931716587
0.5399952501739768
0.9479840414615669
0.0
0.0
0.0
0.0
0.0
0.15249102558837055
0.0
0.280249474548542
0.784058804322172
0.0
0.5731131663288145
0.0
0.26145331851973314
0.2346311745235873
0.0
0.0
0.8133907512297376
0.871548067604489
0.8631759733946575
0.0
0.0
0.0
0.0
0.0
0.9567785867384886
0.6800481862130952
0.0
0.0
0.0
0.0
0.0
0.0031076845194275963
0.9682771058300808
0.0
0.0
0.0
0.0
0.0
0.0
0.0
0.0
0.0
0.02514127936117892
0.3542786980276934
0.0
0.5254360590104258
0.0
0.5564292280074072
0.0
0.0
0.0
0.0
0.0
0.16967603983616278
0.0
0.0
0.2215384596182253
0.0
0.32988235747555195
0.789707802425726
0.0
0.4292538862807604
0.0
0.19223325060508234
0.38086243884088833
0.06000126686770064
0.37245975773520384
0.0
0.0
0.8456353188918875
0.7132469830771048
0.0
0.5169586138507176
0.0
0.0
0.7561868990293027
0.11446887955906118
0.5773292193444496
0.0
0.0
0.0
0.0
0.0
0.0
0.0
0.0
0.37566428685736447
0.0
0.0
0.0
0.6874182127756373
0.0
0.0
0.0
0.4621797367631084
0.9987035774961304
0.0483643756384322
0.028519582288539257
0.0
0.0
0.0
0.6314554785208791
0.3239705461390156
0.0
0.0
0.3819078601956446
0.0037095981047444
0.6515022763995777
0.0
0.0
0.6791736124740746
0.0
0.0
0.0
0.0
0.0
0.0
0.5202291949243317
0.0
0.0
0.0
0.4928206862195209
0.36655644054735087
0.020767214310910376
0.0994103392196103
0.0
0.6044923419678959
0.0
0.9922612856365103
0.0
0.0
0.0
0.0
0.0
0.6303111765289507
0.9247404035479467
0.7968131383802093
0.0
0.0
0.5099586450647964
0.0
0.0
0.7064778104503356
0.0
0.0
0.3386243861989988
0.0
0.841274794911181
0.0
0.0
0.6615019949644985
0.6210691374809695
0.0
0.0
0.5990207467071095
0.671321060846681
0.4022048696774417
0.22176091639460283
0.46116148333707946
0.0
0.2119743525422106
0.0
0.3898030722303945
0.30511467785355145
0.4969617658422743
0.0
0.0
0.9457071943535011
0.422048839569568
0.0
0.0
0.0
0.0
0.0
0.3634244724130798
0.0
0.7557734550706902
0.0
0.31510957101019405
0.16330050622110853
0.0
0.8882338681338348
0.0
0.0
0.0
0.0
0.9278180146296914
0.34727124887917993
0.0
0.0
0.025894581855406874
0.0
0.0
0.0
0.09691394090965699
0.371938251928676
0.0
0.9950437023259698
0.09447370287730243
0.0
0.0
1.1180173780410362E-4
0.0
0.11104147212800772
0.0
0.0
0.0
0.0
0.18414516279671117
0.8525009058642748
0.9867492609618037
0.10116807268152124
0.0
0.0
0.0
0.7825250462884346
0.014397505746353609
0.5097950102325217
0.0
0.0
0.0
0.23612209663584582
0.5365938352473617
0.0
0.0
0.0
0.3309328025220245
0.0
0.31957237944485184
0.0
0.09267244985531292
0.0
0.0
0.0
0.0
0.0
0.0
0.969123617714288
0.8737743628431308
0.0
0.0
0.6456699250246964
0.0
0.5486433838051945
0.0
0.0
0.8757329163636683
0.0
0.0
0.5002858563399771
0.30823091847975437
0.49025504258651
0.0
0.0
0.0
0.0
0.3666897827771499
0.41082840279186605
0.048341562942016934
0.0
0.21175589700813757
0.0
0.7205841189865011
0.0
0.5624210927221497
0.0
0.0
0.0
0.903652303011807
0.0
0.0
0.23636835726519426
0.784610834432063
0.03930106862262558
0.0
0.8159576222397266
0.5273618482333341
0.2697587001225927
0.0035787041915182555
0.0
0.49592885053451297
0.0
0.4328755907638855
0.0
0.5182586338970868
0.0
0.0
0.10567472745003431
0.0
0.0
0.9419332504633406
0.3819710891715269
0.0
0.06478583154149213
0.29150662108330466
0.0
0.0
0.46217579961971217
0.0958056826096976
0.0
0.0
0.5141252252557549
0.049331684782706
0.0
0.20277307860566804
0.49227975845186106
0.27721415159837537
0.8791649142379643
0.6176401201980478
0.0
0.0
0.11397983835740162
0.6635191021941519
0.23357803159324425
0.7184810775420412
0.0
0.0
0.21566477155159472
0.5701548193770545
0.0
0.28034463536656545
0.0
0.0
0.5399778611561695
0.0
0.0
0.5071621072553707
0.0
0.0
0.4070114222656147
0.21664184152516575
0.39809045502156215
0.08798815472783988
0.0
0.0
0.0
0.0
0.33147376065802575
0.0
0.0
0.0059506633352903295
0.0
0.3795593757816672
0.30341626306437053
0.0
0.0
0.0
0.0
0.2770897553703034
0.0
0.0
0.0
0.0
0.2233234601376235
0.43897979895719635
0.0
0.4449654935755962
0.0
0.3654178693280136
0.03979881378207735
0.0
0.0
0.0
0.0
0.00771158932307025
0.0
0.0
0.0
0.0
0.0
0.32146570534725116
0.0
0.0
0.5515286362398103
0.0
0.1865370195639694
0.0
0.19643547652970664
0.0
0.0
0.0
0.0
0.0
0.0
0.0
0.9548215448697992
0.0
0.17290454638240538
0.0
0.0
0.5395811380189676
0.1485154515516928
0.0
0.9953742357923298
0.0
0.0
0.0
0.0
0.7936532581308012
0.0
0.9386917826494999
0.0
0.0
0.0
0.0
0.9592267591058915
0.31307995379403175
0.8999583551889786
0.7441290177160241
0.0
0.9297138012053908
0.0
0.0
0.8691685881269405
0.18316695266505423
0.0
0.916902334905478
0.0
0.2566490224612577
0.0
0.0
0.15926121020863418
0.34066067587709054
0.0
0.0
0.266254219342782
0.3852488989678312
0.0
0.08260233367806957
0.4158137533143522
0.0
0.0
0.0752387476667223
0.0
0.47632007727717596
0.0
0.5583783949985147
0.7511975256538603
0.0
0.0
0.1063384749405018
0.0
0.0
0.0
0.0
0.8511371934982502
0.0
0.06319904185497394
0.0
0.0
0.0
0.0
0.0
0.0
0.0
0.0
0.4725404336949693
0.0
0.4430969774032366
0.0
0.0
0.0
0.2640355084364877
0.0
0.6810367945064526
0.0
0.0
0.0
0.0
0.7611139066228519
0.0
0.446861490575953
0.0
0.7657554957783042
0.4477617685396598
0.32939859769222074
0.0
0.5106584380945234
0.0
0.0
0.6932037769974683
0.8214645235843363
0.7350593837898096
0.0
0.819189470113488
0.0
0.0
0.8927195941452868
0.0
0.0
0.0
0.6956636306936282
0.0
0.0
0.0
0.0
0.24207164846749765
0.0
0.7105093273590295
0.0
0.0
0.0
0.318321794517203
0.0
0.8917842842234405
0.0
0.0
0.0
0.0
0.634125297284444
0.9947096470134194
0.9401743624749952
0.0
0.0
0.8852828316261045
0.7306981307732509
0.0
0.24377396079446179
0.7529936777223993
0.0
0.0
0.0
0.313286932192626
0.16419259957515522
0.9627564087489062
0.03720822171142929
0.7642956311972333
0.0
0.0
0.8795434284520753
0.8162976609305744
0.0
0.08810177180087256
0.0
0.0
0.0
0.13863846101667202
0.9347831903675944
0.1993410166019852
0.7861388831831371
0.0
0.0
0.0
0.11024373573218015
0.0
0.0
0.5796651785287373
0.0948405349081521
0.06448162582200313
0.899169032342516
0.002593993725667118
0.6621837031042139
0.0
0.0
0.0
0.7251217539920788
0.0
0.0
0.5199935793569439
0.5019599855812792
0.0
0.36498041314673074
0.0
0.11629473594671318
0.19761367875890504
0.012222309109517384
0.0
0.0
0.3824162200416252
0.8810450954324922
0.0
0.0
0.0
0.0
0.0
0.0
0.0
0.0
0.6562499155292866
0.5025087787939643
0.6441157636005931
0.0
0.0
0.2227711498862371
0.0
0.0
0.05525217216855989
0.6079577163679749
0.3187674343103165
0.3683035250014705
0.5805866887481568
0.7649137913993251
0.44383916763342673
0.0
0.5479032398138047
0.0
0.0
0.30975767810787425
0.35875156119417406
0.0
0.6192450789072866
0.702521360403354
0.5417207293968627
0.0
0.5045304050263598
0.3707459717110175
0.3156038350944691
0.7439534500310983
0.028358627096688696
0.15099148746754346
0.7585140107895262
0.4422448460583604
0.0
0.6152515589399319
0.014106281539280867
0.0
0.0
0.8357196225928837
0.0
0.6210799994706153
0.708311527555763
0.0
0.9317570986315613
0.0
0.0
0.0
0.0
0.0
0.0
0.0
0.0
0.0
0.0
0.6918896639056464
0.22911374056655565
0.0
0.0
0.369834027582161
0.3205726934551863
0.0
0.0
0.11040230578482803
0.5513762642050358
0.0
0.7029024402997293
0.9247722981696542
0.3579927867041371
0.0
0.12234512174045158
0.38991595239366855
0.4027867975359736
0.0
0.9302445835594413
0.2063909890025456
0.0
0.6985420318725427
0.0
0.0
0.02793882033180575
0.8746703986484147
0.0
0.0
0.5922558508168208
0.0
0.029235163939578653
0.8365946558389962
0.5095351035977936
0.0
0.0
0.0
0.3960668758140004
0.024198047515958592
0.0
0.14621405885465208
0.0
0.38997030932634946
0.6232947813843126
0.0
0.2436925472376544
0.6026403844659257
0.0
0.0
0.0
0.0
0.0
0.41741138444532216
0.0
0.0
0.20488967826993368
0.0
0.8588897338147614
0.0
0.574366844353242
0.4029123116553783
0.0
0.0
0.0
0.0
0.0
0.0
0.0
0.0
0.0
0.0
0.2747808821403339
0.0
0.0
0.0
0.0
0.7825588040356768
0.0
0.0
0.0
0.0
0.42178229947947066
0.0
0.0
0.3556058553289428
0.30250295372249614
0.0
0.0
0.9720210415292607
0.0
0.22434863986007025
0.0
0.0
0.0
0.0
0.24591757433910025
0.0
0.5616949621764323
0.9589559777684219
0.0
0.17927024273513167
0.0
0.2887428561050039
0.0
0.15104081553978063
0.0
0.0
0.17812017506180852
0.5249777151568121
0.0
0.5978698251195813
0.0
0.0
0.5587600850804162
0.9675534531799751
0.6164672311579047
0.8956423579229699
0.0
0.8706393577391169
0.33535476099705713
0.0
0.005152556733471736
0.0
0.0
0.0
0.0
0.5780985376458397
0.0
0.0
0.13284599134519554
0.6869257890819047
0.0
0.0
0.28686229680022735
0.0
0.11662841007542708
0.4891505525059263
0.43753682538095984
0.0
0.0
0.0
0.0
0.0
0.0
0.9037956622347095
0.0
0.08300613840355005
0.4022312136985267
0.1082891676173102
0.0
0.0
0.0
0.0
0.6776422238523055
0.0
0.0
0.0
0.15826224180907
0.39942037686134246
0.0
0.668015792002089
0.0
0.0
0.32644790153798886
0.5113286235226584
0.0
0.0
0.0
0.03862190490567499
0.44654071786998
0.07350767818323507
0.020430619081081618
0.0
0.1544690390922056
0.0
0.2866640475742641
0.7329250857977043
0.31583392475689
0.12298921047552089
0.9316977057319648
0.0
0.8559522313186535
0.0
0.6836311552876263
0.0
0.5942319280170484
0.26234462962692884
0.7876611968960688
0.23148067723373517
0.07186886100284572
0.0
0.7727752109184596
0.5865621319814956
0.0
0.9875602501723029
0.0
0.0
0.29769333056973896
0.0
0.931865791433928
0.19383551108656838
0.9493299627723227
0.0
0.0
0.5593656992972043
0.8029185741164343
0.0
0.0
0.0
0.0
0.0
0.9714182666706663
0.3002971110047587
0.7833481193245366
0.8776499704648895
0.0
0.2330177037747575
0.0
0.7622761797726793
0.4626266890496174
0.0
0.9951548502634899
0.0404255366779021
0.0
0.2588587795939774
0.4463544438586068
0.7301354928507725
0.0
0.0
0.0
0.0
0.0
0.9934875093222572
0.0
0.3988311131484225
0.0
0.0
0.8031017328114858
0.759833663771683
0.0
0.11226639835857423
0.347667793255398
0.38967520534441347
0.3100266033976876
0.0
0.0
0.46321471138068965
0.1772727933957613
0.0
0.15294116039575206
0.9348931423937804
0.0
0.0
0.0
0.0
0.0
0.17510087928054388
2.634503865013444E-4
0.7762046071139438
0.24486916844001796
0.0
0.0
0.0
0.0
0.0
0.006802703414645197
0.0
0.0
0.0
0.38385877554341963
0.0
0.11477292005378661
0.8524820972733351
0.0
0.0
0.0
0.0
0.0
0.0
0.0
0.6789006507977345
0.267004864698432
0.37368879219037726
0.0
0.7110770229174012
0.9597698759022135
0.6251469628077756
0.4721333104338451
0.0
0.6173996942747823
0.0
0.514259693077426
0.0
0.22553800468619084
0.7879515754379819
0.6184999425981953
0.0
0.14098836074328497
0.0
0.0
0.946655544672668
0.0
0.3976940012522922
0.0
0.0
0.07183563409795299
0.24305125205355202
0.2401412160756294
0.29996602135177647
0.0
0.0
0.0
0.9403290934586807
0.5880320916437575
0.0
0.4962120554270589
0.0
0.0
0.6025258534197607
0.0
0.2944746531451694
0.0
0.0
0.0
0.9846102702599285
0.3017449476088193
0.7059351417022321
0.573193040732173
0.0
0.0
0.7714377353710249
0.0
0.8265826204757796
0.0
0.62407296737022
0.0
0.0
0.0
0.0
0.10850011886903853
0.0
0.154382031221684
0.0
0.4263412120689453
0.35495533547195723
0.4502395987859735
0.22761456093344556
0.0
0.0
0.6264571130330978
0.0
0.6486511130196904
0.05558231461038146
0.0
0.0
0.8195805425293288
0.0
0.8980373418831405
0.06458145539576217
0.8906468611607762
0.24038211379868316
0.0
0.0
0.5887643066832868
0.6507145044783088
0.0
0.6706589350143759
0.0
0.7111637822133157
0.0
0.0
0.0
0.0
0.0
0.0
0.2143207796742969
0.0
0.0
0.3687043749696994
0.3092486709182065
0.0
0.0
0.0
0.0
0.7347521308467644
0.0
0.0
0.0
0.0
0.46235077836713057
0.7909332001499433
0.0
0.0
0.5959507569718708
0.6544757623311503
0.0
0.0
0.3519905757745649
0.0
0.0
0.0
0.12740645555313382
0.5720648236970024
0.823679933248166
0.0
0.0
0.0
0.0
0.15488281454601166
0.0
0.9867536247996916
0.0
0.0
0.0
0.0
0.0
0.4363427044942778
0.0
0.1931912208956781
0.0
0.0
0.0
0.6750942069404396
0.0
0.9781161933460898
0.0
0.0
0.0
0.44321858093903455
0.8163675647790569
0.0
0.608978732286933
0.7540148127631964
0.0
0.5357052476297133
0.8451417212095982
0.04801807241327566
0.0
0.0
0.26110015115659
0.0
0.06320995290138183
0.3364885315886967
0.0
0.0
0.0
0.0
0.19385904755158134
0.0
0.4088071343492225
0.0
0.6152980134505192
0.0
0.0
0.26955192124370025
0.43073445656442916
0.0
0.7797434246150261
0.0
0.0
0.7406080667867847
0.11100854151414677
0.34625278269970666
0.0
0.0
0.0
0.16673093838242295
0.0
0.6532120236772629
0.0
0.21580329530277056
0.17481346403565753
0.0
0.0
0.09173743909105662
0.8660011939459659
0.0
0.18762130563167323
0.0
0.8973846042982462
0.0
0.6221135961164785
0.849530180314224
0.0
0.0
0.9360776521860691
0.9955154296466664
0.0
0.0
0.20366906483266348
0.10906239180402652
0.9409781268322571
0.522519830204365
0.0
0.46289798522559605
0.0
0.8377251867327603
0.0
0.0
0.6156671199756873
0.7332285063493077
0.0
0.35123160668982056
0.4017543757217591
0.0
0.5545118907619954
0.0
0.4368580857813069
0.0
0.0
0.0
0.35942890465037114
0.734505643432079
0.8333024022031463
0.49812983907751585
0.0
0.8954731096521686
0.08817035649133056
0.16764378181912687
0.9228889121617513
0.0
0.36530207860245884
0.0
0.0
0.03201644861293667
0.9681161296356593
0.0
0.3010405069086606
0.18307555322451696
0.6539748731632717
0.0
0.0
0.7716332835172095
0.03184994450602051
0.0
0.615315086830679
0.2335314897805767
0.0
0.0
0.0
0.0
0.7824943547383117
0.9695637433072936
0.3018850026548033
0.35587233154340187
0.0
0.3799662771878376
0.5609609589403205
0.7610177981183414
0.7520826701168033
0.6733360283910471
0.0
0.08978040721173432
0.4617459292891939
0.1115276307184599
0.0
0.8367264572905226
0.6292847256725789
0.6268218037755506
0.0
0.2089784661227543
0.0
0.0
0.0
0.6477663920270651
0.0
0.0
0.19791617353577973
0.0
0.9858362058618574
0.8620524435232028
0.39543121434369854
0.0438442063337759
0.1208070316615622
0.0
0.0
0.8089691256235116
0.11215803397183353
0.06379770453239501
0.0
0.7544249426241512
0.0
0.13257047959129425
0.0
0.14030599447365916
0.0
0.0
0.0
0.655162918447138
0.0
0.0
0.0
0.6459147106645442
0.6510350912124978
0.0
0.0
0.7593646610074558
0.6417126798283462
0.0
0.0
0.14511930779801094
0.4312061354330104
0.07133550028048906
0.6858132494835237
0.0
0.0
0.0
0.0
0.5024387360785609
0.0
0.5428572731853911
0.8746126383301307
0.0
0.0
0.0
0.5693933415287301
0.9190862228628935
0.0
0.0
0.0
0.30143768178185154
0.0
0.4925158730727176
0.23854728239889103
0.0
0.02219169404069589
0.0
0.0
0.5042265175748282
0.0
0.0
0.48105328011578846
0.0
0.6193308435105098
0.4086871046213314
0.0
0.8404649807501883
0.0
0.0
0.7566424150259756
0.3624479312164077
0.09067704350452668
0.46292252060231687
0.8666353221019962
0.0
0.009793441154135472
0.8005435015786356
0.7791104401901207
0.1537037891963523
0.0
0.6767701746353383
0.3749883226406928
0.9381046167036831
0.0
0.2831294601717296
0.4248664314643345
0.0
0.8414174176229394
0.0
0.3599505733931435
0.40289115942067494
0.5430858945556921
0.0
0.8537430417915038
0.10911126790336348
0.0
0.8726852085747249
0.0
0.0
0.0
0.0
0.6155761780308553
0.849653472406764
0.0
0.3483026074473761
0.0
0.0
0.3105016923509833
0.0
0.3995290327361604
0.41141233552671197
0.5969814232771176
0.0
0.0
0.0
0.0
0.0
0.0
0.3090473218709543
0.5851125383624418
0.03284229708324066
0.0
0.8101600515791341
0.0
0.0
0.0
0.0
0.4002038412840807
0.02483591880683085
0.0
0.5327301247144591
0.40903261762357285
0.0
0.004466889103034303
0.0
0.8630179971310141
0.0
0.9237482945234381
0.7466083948896297
0.0
0.41419142061591496
0.0
0.29134601794632403
0.0
0.0
0.0
0.0
0.0
0.0
0.5085724723953396
0.4401375805372305
0.44919340181301726
0.0
0.0
0.0
0.2529431925265324
0.0
0.8155873227931292
0.0
7.329964496578001E-4
0.0
0.05073335913638481
0.0
0.841262017237172
0.0
0.31986522715274723
0.0
0.18170258444371734
0.7040904824790537
0.703063489474504
0.0
0.7018231844651067
0.8558457023069271
0.298110049967182
0.6814156613361657
0.40756682250376836
0.0
0.0
0.0
0.0
0.6792137233710758
0.0
0.0
0.0
0.21244705486898183
0.0
0.2036716571865564
0.0
0.0
0.34320867024725565
0.0
0.0
0.9590977337495032
0.0
0.0
0.0
0.0
0.0
0.6916445362177025
0.0
0.3214137708455167
0.0
0.49685448257253595
0.6865538394256253
0.0
0.0
0.5790110746045254
0.0
0.4434508964983434
0.0
0.0
0.778018080392234
0.10904700263193877
0.0
0.0
0.0
0.0
0.0
0.10020099046579645
0.0
0.49142149077132524
0.1786800673380292
0.3662998810089501
0.0
0.0
0.0
0.5206787996915594
0.0
0.0
0.0
0.0
0.8590844099956474
0.0
0.07745907601825323
0.0
0.7433434783451285
0.5409899407585855
0.6256185847597024
0.34054121666219234
0.0
0.8286613437480461
0.0
0.15870884384452458
0.0
0.5526754331583091
0.4278643283564686
0.0
0.0
0.11118929215466151
0.0
0.11340708017387988
0.18486592024200477
0.7225467657271426
0.0
0.5404673976054182
0.13651276422908346
0.0
0.0
0.9794658776851255
0.5106860049973566
0.0
0.0
0.0
0.0
0.0
0.0
0.0
0.0
0.2862509916399761
0.0
0.0
0.9934608773436868
0.6798333682475556
0.9736259616503237
0.0
0.0
0.21925195724113306
0.5158619762156498
0.0
0.0
0.2920645939686738
0.0
0.7257857273918332
0.7891101748441687
0.0
0.0
0.0
0.0
0.6455923817180442
0.2591688349213701
0.0
0.0
0.0
0.9644114100069066
0.0
0.0
0.6275795335811859
0.4264733877711367
0.4811728238508459
0.0
0.11281715024902093
0.0
0.0
0.6951508282331059
0.059923468364233824
0.6138724235344143
0.4838288876569886
0.0
0.0
0.0
0.2496278108086507
0.10561838997603373
0.0
0.5002677659007657
0.0
0.0
0.0
0.20770243313754247
0.0
0.0
0.0
0.0
0.0
0.0
0.9808130030090294
0.0
0.0
0.0
0.8055095037818978
0.0
0.09811988819827308
0.6264252383003771
0.0
0.0
0.0
0.7498217705191494
0.0
0.674418087726206
0.0
0.0
0.0
0.8062494793186981
0.0
0.37656368438139565
0.0
0.0
0.0
0.7460919581156278
0.8302350149064842
0.0
0.0
0.39185359134902437
0.0
0.0
0.0
0.0
0.372061867312516
0.0
0.1418312287359425
0.3277582771385815
0.5010742524098131
0.6009464324143419
0.0
0.8534379045792186
0.0
0.0
0.0
0.3827162529571273
0.7100138289940143
0.0
0.0
0.0
0.0
0.0
0.0
0.3017418314525243
0.6087511560862988
0.5787630543166363
0.0
0.38375086943757547
0.03508240157354989
0.0
0.0
0.0
0.4749051096503361
0.6247960499198467
0.6250178439516879
0.24203444358275317
0.08929919409986814
0.053466164149335686
0.0
0.8168632870405661
0.0
0.0
0.06274422342810691
0.5204527459983506
0.0
0.4079088675986774
0.35497821958913767
0.9716703425425597
0.0
0.7222657011604681
0.0
0.04648306066071035
0.562249628034738
0.0
0.0
0.32720496945203964
0.7090477378521842
0.0
0.0
0.9179711869464037
0.0
0.0
0.0
0.0
0.6784460482789207
0.0
0.0
0.0
0.41617050997325017
0.7507843632183621
0.0
0.0
0.0
0.0
0.0
0.6015917200669041
0.0
0.13988124918915784
0.7266189164860735
0.0
0.0
0.0
0.5789102430523989
0.0
0.5461454594589036
0.39117555423810296
0.32688617565376415
0.0
0.6129057068364582
0.0
0.47057705544964884
0.687275355485581
0.9992493993552962
0.0
0.0
0.0
0.0
0.0
0.0
0.07816124328992097
0.0
0.0
0.0
0.0
0.0
0.0
0.0
0.0
0.20367678369484551
0.0
0.0
0.5089774189931833
0.0
0.0
0.0
0.824525322799295
