0.0
0.0
0.0
0.0
0.0
0.0
0.0
0.0
0.0
0.4687944109547908
0.0
0.0
0.0
0.0
0.6309897999162654
0.0
0.0
0.0
0.0
0.6339994518657173
0.0
0.7830407071822553
0.0
0.0
0.0
0.0
0.0
0.7005911090974338
0.7627464801610646
0.4651392598706845
0.8530436482329006
0.0
0.0
0.453580303441731
0.396942191446673
0.766599994991045
0.7771365344684676
0.0
0.0
0.0
0.0
0.0
0.0
0.0
0.5464540196318857
0.21509407767042052
0.0
0.0
0.0
0.3518363738023625
0.772790857367913
0.0
0.0
0.0
0.0
0.906780256951391
0.5258463465403985
0.7877294840755747
0.0
0.0
0.08173859919933098
0.0
0.5585083090864058
0.0
0.0
0.45280438383021443
0.0
0.7287449995504518
0.0
0.6488394144589086
0.0
0.0
0.29767854575811054
0.0
0.0
0.0
0.5568760599727601
0.0
0.0
0.44960002874983185
0.044568459884636286
0.0
0.4811871936730192
0.808641029457803
0.789586997992858
0.4683913269948145
0.0
0.0
0.0
0.39056059771610263
0.0
0.0
0.0
0.06297028237884449
0.5512231529970764
0.0
0.6834385524198802
0.0
0.0
0.0
0.7113372129660377
0.0
0.12827238445831327
0.0
0.6454350092301702
0.0
0.0
0.0
0.0
0.8787150915826389
0.0
0.0
0.9969054954731226
0.25985337219740823
0.0
0.07289400340923229
0.2822314784416972
0.5576375890123508
0.0
0.0
0.0
0.8324715974690029
0.09240142002916994
0.0
0.9374993034675315
0.2818406017848853
0.0
0.0
0.0
0.41085293861443545
0.0
0.0
0.0
0.0
0.0
0.7382503385455436
0.3789441690339723
0.0
0.637497708477772
0.8303505148791153
0.2152791302809159
0.0
0.0
0.0
0.0
0.6265589307830959
0.034390252208965674
0.6915716215326766
0.0
0.0
0.0
0.0
0.0
0.44423383797983795
0.8389702680711881
0.2383757996561964
0.6395098255980914
0.0
0.0
0.0
0.0
0.3851716329144812
0.0
0.0
0.0
0.3137160970287864
0.48125008152430565
0.0
0.7745116736647082
0.0
0.0
0.20028811017819256
0.2912077776740557
0.0
0.005102371044170279
0.3512424416916872
0.0
0.0
0.0
0.4451698160138055
0.0
0.0
0.0
0.0
0.0
0.6744476661689744
0.0
0.0
0.0
0.0
0.0
0.0
0.0
0.0
0.0
0.0
0.20606573935116593
0.0
0.0
0.45623308484836406
0.0
0.6240786621581603
0.0
0.0
0.0
0.0
0.0
0.2198477587455341
0.5653870392779615
0.26900426600962457
0.39873976919055754
0.26759678526512337
0.18988136785544585
0.944714170896592
0.0
0.7261042293836449
0.5759995210325881
0.0
0.0
0.0
0.0
0.0
0.04872108880149827
0.48897494542472786
0.9707316439542755
0.0
0.0
0.0
0.0
0.0
0.0
0.0
0.0
0.0
0.0
0.11767845721636505
0.0
0.0
0.8533631534668789
0.2358659806837037
0.0
0.503075853302801
0.6854890909001381
0.0
0.0
0.7917634033021669
0.254328226236453
0.0
0.0
0.0
0.0
0.0
0.7106064990503904
0.3187977929609311
0.0
0.0
0.0
0.6017299255877632
0.0
0.3747644895998459
0.0
0.4911967223467913
0.27286533041197525
0.0
0.8169100284558574
0.2097626951232036
0.060481636629500575
0.0
0.3297471214859863
0.0
0.0
0.0
0.07877716087751074
0.0
0.6295423569117451
0.13480320345023458
0.0
0.09981165720605241
0.7982943633187587
0.09443274010155411
0.4405232363248062
0.5684994628155564
0.0
0.0
0.9305733584165514
0.0
0.0
0.0
0.6575829668206132
0.0
0.0
0.6022361425549541
0.5464248409324889
0.07294562132555725
0.8415692286868973
0.327843283649994
0.0
0.0
0.0
0.6870956261092351
0.2684870025865989
0.6557668840942095
0.32284167035354727
0.0
0.16249931006263743
0.0
0.2300820832066142
0.0
0.0
0.4653007369208903
0.14856152831176175
0.663752668347974
0.0
0.0
0.7649705328771425
0.0
0.27234437027327446
0.0
0.0
0.8755567627410668
0.5592814124463855
0.8583727795054336
0.0
0.215946100812763
0.0
0.0
0.13735618579701425
0.44582941027374956
0.0
0.0
0.0
0.0
0.0
0.0
0.4769395116386646
0.7837754681132406
0.0
0.0
0.0
0.0
0.0
0.20315849680927361
0.0
0.2634689809457222
0.36349974750498054
0.8902634163488276
0.0
0.8215859866620732
0.0
0.2934450598882165
0.936716521286018
0.0
0.26067700539045935
0.3311171831961906
0.0
0.23154897734921961
0.09052972551347252
0.778126215734047
0.0
0.0
0.0
0.0
0.9445732198965129
0.0
0.0
0.0
0.24105331357899282
0.0
0.0
0.6844493117713254
0.0
0.5193644529803628
0.0
0.0
0.7161162449632863
0.0
0.0
0.0
0.0
0.0
0.0
0.5427402547468287
0.0
0.0
0.5368695258938517
0.4761687557034831
0.04554277838948524
0.0
0.0
0.0
0.2602328294833911
0.20000957286901255
0.0
0.0
0.0
0.18647985806160902
0.168602435149459
0.0
0.590289341339949
0.0
0.0
0.5490872642041495
0.0
0.0
0.0
0.0
0.05438860844368079
0.10342089377190722
0.7140902918018317
0.19948323800498297
0.3759441467112665
0.0
0.0
0.0
0.2746536254856621
0.0
0.9113625255022252
0.0
0.3556058553289391
0.0
0.0
0.0
0.34162932294662474
0.0
0.0
0.45299253428041464
0.0
0.0
0.0
0.30805504342935186
0.0
0.7812199251112247
0.8465751132976773
0.8873811910260805
0.0
0.3082168709866353
0.7675992921476861
0.0
0.002814802780640921
0.0
0.8567344941923011
0.7254561306494178
0.0
0.3384055307314809
0.3270975807874294
0.7959095286516594
0.4290322834859245
0.0
0.4960470497526613
0.6193235544221166
0.0
0.0
0.681582227962317
0.2817439455265718
0.33890242559956
0.6527952141854213
0.0
0.0
0.13322756178522374
0.0
0.6727105505173836
0.0
0.0
0.4648265580636171
0.0
0.0
0.0
0.0
0.0
0.768487325811716
0.271818964318513
0.04983415239038315
0.0
0.0
0.2697587001225885
0.0
0.0
0.0
0.0
0.7122266188579633
0.3994531157430793
0.0
0.0
0.024219012882176587
0.6847834234406939
0.0
0.0
0.0
0.0
0.0
0.20703636944969867
0.9381942522317458
0.3477094769098357
0.6590548234694862
0.691681484464264
0.0
0.0
0.0
0.5602832753342377
0.0
0.0
0.0
0.0
0.0
0.5590435787982014
0.0740277701211569
0.4955330980874553
0.46166165122954383
0.5696443789763436
0.0
0.4754721346283794
0.0
0.0
0.0
0.0
0.55935529114529
0.0
0.28793913389394377
0.0
0.0
0.0
0.0
0.3881739465454449
0.0
0.0
0.22946448386788965
0.6770917616026865
0.0
0.0
0.0
0.0
0.0
0.23952766335485887
0.0
0.0
0.0
0.0
0.0
0.01977106585546529
0.12007975825365935
0.0
0.5222698116830224
0.0
0.0
0.0
0.5919292795322983
0.4226425109278207
0.0
0.30452430149302423
0.5684682733179911
0.45769322827836706
0.0
0.0
0.0
0.0
0.46297949966968405
0.0
0.8585655021645466
0.9852679590596047
0.22042252217832645
0.8019618304668943
0.0
0.0
0.0
0.8311527806766758
0.7688582122709269
0.0
0.7476586413223169
0.9357895533407573
0.0
0.0
0.0
0.7361975496913874
0.27125693919933724
0.0
0.0
0.0
0.0
0.0
0.3689596001687453
0.0
0.8887756412594994
0.0
0.6465935876857232
0.8922437444025099
0.0
0.0
0.0
0.5071621072553678
0.373292798952343
0.0
0.0
0.0
0.5999915336962375
0.6081716411277621
0.0
0.0
0.9405667598685943
0.0
0.7144125231672036
0.017409135466552192
0.0
0.0
0.5275267709206335
0.7344865756084871
0.0
0.0
0.0
0.8378047250955831
0.0
0.0
0.2560780253025399
0.37740265827799513
0.6085409155462893
0.0
0.5321357756466882
0.0
0.0
0.6562493154023441
0.0
0.0
0.0
0.5346239299691146
0.5388371372400528
0.7467635558738636
0.19655746596218143
0.4010671300318034
0.5118900850000042
0.595629617970498
0.48261718105883694
0.8850179156091228
0.666099969096776
0.12281731041641641
0.62017828915872
0.0
0.0
0.0
0.564358421445698
0.5038699118767931
0.5096390929695753
0.9692341821754012
0.1531177597467199
0.0
0.19639984775651667
0.18114603608824312
0.0
0.0
0.0
0.0
0.4890697399660114
0.0
0.0
0.1945496286439127
0.4446326419613565
0.0
0.0
0.0
0.1431706566910806
0.0
0.5090660877595106
0.0
0.0
0.7628883042562122
0.6515932906794863
0.0
0.38800953434273205
0.0
0.9774898816171249
0.4591577152714136
0.0
0.0
0.19980654095416678
0.4747316708431604
0.0
0.0
0.0
0.0
0.6761946648246252
0.7574030006811084
0.0
0.0
0.08509911624335224
0.0
0.0
0.640132028227442
0.0
0.6789006507977328
0.30268559127166406
0.0
0.0
0.17785835387721624
0.0
0.0
0.0
0.0
0.0
0.42935793063471017
0.0
0.6158844242410243
0.0
0.0
0.11066724870288515
0.23610596710418244
0.8146491954654915
0.9172471906794409
0.0
0.35915436311442084
0.0
0.29463276552639434
0.6061087682971099
0.0
0.0
0.1298815357709267
0.0
0.0
0.046171145102692705
0.19231975077343924
0.8038996944853743
0.0
0.0
0.0
0.2914081573758635
0.6799614481129697
0.0
0.5243747122133404
0.2194305917356569
0.0
0.5617826295275022
0.3349599734182449
0.45384796729370475
0.41137457601896593
0.8489475455853356
0.0
0.937895073871823
0.0
0.4230914823138046
0.9399676715706562
0.0
0.0
0.0
0.0
0.9672812108584952
0.0
0.39818287809556363
0.0
0.11528403852850959
0.0
0.3834785028706046
0.0
0.3144113270629835
0.0
0.5496200313796854
0.48489249323467337
0.0
0.0
0.0
0.0
0.23375489389518286
0.0
0.0
0.0
0.28656062765400014
0.0
0.020411905118478377
0.05762965078343429
0.0
0.6390868988433139
0.0
0.0
0.0
0.35935090374813305
0.45180747018308764
0.0
0.0
0.0
0.75401521284218
0.0
0.8756897579226387
0.0
0.6322898150898462
0.0
0.0
0.0
0.0
0.2031835501123105
0.0
0.35379471539129453
0.7197545932565711
0.6996983732191853
0.735989489442864
0.9026747474369243
0.8989859865060161
0.0
0.0
0.0
0.0
0.9377371030276549
0.0
0.80327312291205
0.1183615033750685
0.0
0.4219412998525504
0.0
0.0
0.8767443676105543
0.17577579473802843
0.012984662769456841
0.21093562651396222
0.0
0.0
0.0
0.44350199847370103
0.7202533213822196
0.0
0.0
0.0
0.0
0.0
0.032158070733146034
0.0
0.0
0.7337824052456653
0.0
0.324355534431237
0.7766336739431906
0.0
0.0
0.0
0.0
0.6380283424046559
0.5823333486688033
0.0
0.0
0.0
0.0
0.0
0.9043864557418764
0.8905482427365444
0.7356535948659643
0.0
0.0
0.0
0.5884698417331996
0.6980775398663702
0.6728373267299648
0.28083679779008497
0.32868482069433813
0.13993320506046986
0.8436878958034482
0.0
0.0
0.0
0.5766933349121515
0.0
0.0
0.0
0.6250537610410575
0.06968086844617785
0.0
0.042378712129217934
0.0
0.0
0.7489955469264759
0.7424362337847489
0.27482567567288957
0.0
0.040616230631969924
0.0
0.0
0.0
0.3898079189149305
0.6936464655008574
0.0
0.0
0.0
0.0
0.0
0.1971700308615889
0.6628365956173304
0.0074394407326358325
0.07426911356596391
0.456465454473456
0.0
0.0
0.6560849501464748
0.0
0.0
0.14182750208822495
0.8765019040412859
0.3321786770411623
0.0
0.6889944056880385
0.0
0.5413172642414863
0.7261017600185877
0.16494847148048072
0.015164988254915256
0.06316390581924934
0.0
0.0
0.28487392711209986
0.05318576919200141
0.0
0.0
0.7432890309194604
0.6432648296627402
0.0
0.43543923363356846
0.16933830917341716
0.6472421448923218
0.0
0.5419176807880566
0.5259373129834585
0.4070642230061814
0.11509426379591119
0.0
0.0
0.4530643019462668
0.0
0.0
0.0
0.5875175311250378
0.0
0.0
0.2217932628730416
0.0
0.0
0.15330340973962697
0.0
0.24817685704773873
0.0
0.06721057558486805
0.0
0.04192117661056995
0.4939688988863068
0.4839114172709019
0.14145955855104256
0.0
0.0
0.0
0.0
0.0
0.27427906456730805
0.08842516397028724
0.22523886106584118
0.0
0.0
0.14123836121846206
0.6294110074860513
0.0
0.25898722510223665
0.6287090707289786
0.5203811019205985
0.8768300954744055
0.43979709761775865
0.8443598783787348
0.0
0.053231362993826414
0.614336192941986
0.7867019042730122
0.0
0.8245479994622182
0.36370929317666656
0.0
0.8936390135441051
0.4517395672007992
0.0
0.7763363659662089
0.929854921776862
0.0
0.8219260770979087
0.0
0.5886309346309042
0.0
0.0
0.0
0.0
0.44223523908765516
0.6037419892213454
0.0
0.2650579138202328
0.18133064499235574
0.36727830413037943
0.0
0.7480990099311041
0.0
0.0
0.9285000789473554
0.5617101609402786
0.24795325868355142
0.0
0.6472120137966408
0.0
0.7171266462851842
0.0
0.0
0.0
0.8413055482269856
0.07236199090593622
0.0
0.0
0.9197462607961808
0.3431906277237479
0.41549622815322435
0.25311458890028943
0.4844069028198412
0.5334742600349178
0.31788241383260557
0.43690516329103923
0.0
0.0
0.5415339175899986
0.39630524401097267
0.0
0.04918710584863858
0.6158970489920212
0.5565742938617824
0.7177069555704563
0.284130486479494
0.0
0.0
0.19281115882842007
0.639967017715448
0.0
0.0013363760690364905
0.0
0.0
0.0
0.7282865031665773
0.0
0.0
0.0
0.21983516385401417
0.0
0.0
0.7030937588964282
0.7599952675894507
0.15319578295654626
0.32390408434920687
0.0
0.24979112059936562
0.0
0.2984416356445611
0.0
0.25678182027266166
0.0
0.8326702832424102
0.0
0.0
0.0
0.4144535729178595
0.0
0.17464285741064298
0.6461612307592101
0.09437640164392873
0.0
0.8125164051083993
0.021646634680172167
0.36127550675127057
0.4464892669990985
0.42576935278386835
0.0
0.0
0.0
0.0
0.0
0.44311296130880107
0.0
0.583247839278069
0.0
0.16225396836206255
0.0
0.35477548156450733
0.0
0.22094865521437018
0.0
0.7766357222093894
0.0
0.0
0.0
0.0
0.0
0.0
0.8039818835666154
0.0
0.73359921247453
0.0
0.0
0.7890720467738026
0.0
0.0
0.0
0.0
0.0
0.6008243198690281
0.0
0.7017444347819887
0.0
0.0
0.07928896245140912
0.43932293361608404
0.7705911182058034
0.0
0.0
0.4809611683205841
0.0
0.7067780797672135
0.0
0.0
0.08840150609201865
0.0
0.0
0.0
0.0
0.0
0.0
0.0
0.0
0.9361465808118307
0.0
0.0
0.0
0.0
0.45769381774783485
0.436299472834351
0.03810870339200561
0.0
0.0
0.6605312852692007
0.0
0.0
0.004195454791933369
0.0
0.7020093255566869
0.13544205711328397
0.0
0.0
0.5103326907664186
0.0
0.0
0.5816385371149696
0.0
0.0
0.10553672417998841
0.0
0.0
0.29663797118408647
0.648228849061941
0.12406120662306201
0.0
0.0
0.311042650850227
0.0
0.7112144561719626
0.5678936837054364
0.3637847075992415
0.754729851347788
0.4383161941608391
0.11879028976098226
0.0
0.0
0.0
0.8457895142043172
0.0
0.27997885640686737
0.6588998554777385
0.0
0.0
0.30535414700238056
0.3792771170807515
0.0
0.0
0.0
0.23557920609488978
0.0
0.7577623338481365
0.0
0.0
0.0
0.0
0.0
0.9813827721659958
0.0
0.0
0.0
0.0
0.0
0.48434040010077845
0.0
0.016785048899003195
0.0
0.07943224305460211
0.6352859847377735
0.0
0.0
0.3798988152050206
0.5375199551948862
0.0
0.7869082063837359
0.0
0.18813471777738644
0.6981946933765087
0.0
0.5903394545385273
0.042482776342814686
0.0
0.21634338120890412
0.09769263632092241
0.0
0.44033336729987166
0.0
0.9308396438830016
0.5609347434064881
0.0
0.0
0.3507260442077496
0.8200776038557457
0.0
0.0
0.0
0.6839943011299698
0.2679109656541726
0.9163660143756215
0.0
0.8724378329347906
0.0
0.6320800842986101
0.8056223717076737
0.10969424241166754
0.45816015047323305
0.0
0.23098318674994686
0.5133937297190562
0.14824034147538884
0.0
0.48667838604278685
0.487935782895815
0.0
0.3895160165145476
0.0
0.0
0.9089301214898934
0.8564446724096304
0.6548658701476822
0.0
0.0
0.0
0.7548810523618388
0.0
0.2929272114010746
0.0
0.6087602457181133
0.4538210130394906
0.0
0.03274365808367742
0.719672448044183
0.0
0.4748360763802617
0.8357350151536463
0.4934683946388407
0.0
0.0
0.0
0.0
0.0
0.0
0.17569685529380477
0.31742762252361284
0.0
0.0
0.4459036055798507
0.5137403079040146
0.0
0.0
0.0
0.7487621714759237
0.43110267124764773
0.5303528682050634
0.4260344565738705
0.07896320100587868
0.7619861802945761
0.0
0.09164818841613105
0.0
0.6207976836280239
0.0
0.0
0.0
0.0
0.0
0.0
0.5282353489079401
0.8048275914685292
0.0
0.0
0.0
0.27520266368345786
0.0
0.011400552208356961
0.4582670221082069
0.9346861831496536
0.34023627163299314
0.0
0.0
0.4589134158337849
0.0
0.4267715759634762
0.2980069071919929
0.0
0.0
0.8091691896041855
0.6210795023750101
0.0
0.0
0.46367032579289064
0.0
0.47476674250042555
0.0
0.37106270213152476
0.23267496088589876
0.0
0.0
0.8931977506408962
0.0
0.0
0.0
0.0
0.0
0.34405491486905954
0.0
0.0
0.6864701724471968
0.0
0.0
0.0
0.0
0.0
0.0
0.9510594919261856
0.0
0.10161998495334326
0.0
0.0
0.5472870430574237
0.14249295023820124
0.0
0.037211566693556
0.08427611365363176
0.5729692897331184
0.5139304389633003
0.0
0.8150077697349773
0.0
0.0
0.0
0.0
0.0
0.0
0.32259862554702345
0.0
0.0
0.0
0.6254811347826309
0.4620461471056401
0.74203102714897
0.0
0.5950893841959437
0.5497109214643282
0.0
0.10025945929744645
0.3061230653182179
0.0
0.0
0.8842293648457299
0.0
0.0
0.4719668347025875
0.3342266430857164
0.06204339010777301
0.0
0.0
0.5132511419438038
0.0
0.9038396120493957
0.9685795807725359
0.07962680036889107
0.0
0.23026658103700648
0.0
0.7796483757358793
0.8989135539782471
0.09580568260969241
0.0
0.0
0.0
0.0
0.0379655849029335
0.5245922252260845
0.7535353915996453
0.0
0.0
0.11998315945398323
0.0
0.0
0.13667281316728963
0.0
0.0
0.7021223171419758
0.0
0.0
0.0
0.0
0.9080116887979812
0.43703120802317535
0.0
0.0
0.0
0.0
0.25993953921610674
0.55395343137544
0.0
0.0
0.48565257617253255
0.0
0.0
0.0
0.0
0.7082873747605838
0.9152962763214705
0.0
0.06482473734338413
0.0
0.0
0.0
0.3248548949829913
0.6947493080942103
0.0
0.0
0.6597344591298189
0.0
0.9414067306762482
0.29011889586430956
0.0
0.7958165366380193
0.0
0.0
0.0
0.312278786954851
0.7481506567921166
0.0
0.0
0.14617201186100298
0.0
0.0
0.0
0.41617925627435465
0.0
0.06420113764790474
0.0
0.43085690457838716
0.2923596845952585
0.587936312103183
0.0
0.0
0.7921534177721395
0.9502840484552664
0.0
0.12986918325511992
0.9094235708165365
0.0
0.7406669076515945
0.01769258319772887
0.8004983541727739
0.8956475487984188
0.7883773939991551
0.33124710438242233
0.07174361856253789
0.0
0.0
0.0
0.0
0.16685530578500382
0.0
0.32954056524212466
0.24678346308950297
0.0
0.6074388150698635
0.0
0.9299016874152924
0.0
0.0
0.0
0.40776861331207015
0.47586451174538
0.0
0.0
0.8066786550189647
0.6164831139948737
0.0
0.0
0.0
0.0
0.6507354581767515
0.6510056996859126
0.0
0.0
0.710551462245989
0.24314286611093938
0.0
0.606313827767058
0.0
0.0
0.8840413038760945
0.0
0.0
0.556558419070496
0.0
0.0
0.0
0.6206712783099833
0.0
0.0
0.0
0.0
0.0
0.7261852843281819
0.0
0.40866614724799877
0.11952592230921946
0.0
0.2520053294477087
0.0
0.6172442970042926
0.013614440660336954
0.11148163887105232
0.3251757650648866
0.0
0.0
0.0
0.0
0.0
0.0
0.0
0.0
0.16612465471320864
0.0
0.6688945311121504
0.0
0.0
0.4775837408799356
0.0
0.0
0.0
0.0
0.5756524424659797
0.0
0.0
0.8089323696879753
0.7375140882810237
0.0
0.0
0.0
0.0
0.0
0.0
0.1868773684558615
0.20411066416822887
0.33250452712509737
0.7045642781187558
0.0
0.0
0.5993760175587914
0.0
0.0
0.7315868769774331
0.0
0.0
0.0
0.0
0.5998721436699164
0.0
0.0
0.09480288885815293
0.1223534620009243
0.0
0.0
0.6796064698390625
0.075256943984265
0.8183388400256338
0.31137260381334025
0.0
0.0
0.5948090342249234
0.0
0.0
0.2955752709568897
0.07550251571919515
0.19974498949761466
0.0
0.0
0.21924126805936262
0.6900518559514159
0.49846937478238235
0.6687126051490067
0.5018956866263231
0.1083273914442914
0.0
0.0
0.0
0.7919936235607281
0.5341325354349242
0.0
0.0
0.0
0.9718825274086483
0.0
0.0
0.0
0.0
0.0
0.0
0.0
0.0
0.12371600926343253
0.821795720527371
0.5463439705085692
0.0
0.20488967826992913
0.0
0.0
0.4998464526792377
0.4919542681028956
0.0
0.0
0.0
0.6647552813601663
0.0
0.40974736228469644
0.7545272234622271
0.4548247778693703
0.31645337941706236
0.874329899027399
0.2779563829772195
0.9320364857701001
0.0
0.0
0.7809475826007287
0.0
0.10041247441870085
0.0
0.19471239649937835
0.20816694461822555
0.5972210358726292
0.0
0.4465339214146625
0.0
0.0
0.0
0.0
0.0
0.5127416923774345
0.0
0.0
0.9133791296578992
0.28886961190147137
0.055269800924676774
0.8814926855168266
0.1819436181469133
0.12550513887056386
0.0
0.0
0.11208028526411132
0.0
0.7143646885758925
0.5874938521355353
0.060185424750679756
0.43439765383331086
0.13993585062236166
0.41923864219996776
0.9720242455957167
0.14592020322552487
0.0
0.0
0.8112010807964094
0.23280356919012382
0.9738814226845635
0.6516833244328499
0.09924680087095276
0.0
0.0
0.0
0.0
0.0
0.0
0.06125589895644452
0.0
0.7294852271240228
0.0
0.9673421625616677
0.5038329708024473
0.3100695253167324
0.9652362421524981
0.5010331194968293
0.779005731848283
0.0
0.0
0.0
0.07062900642214168
0.02077131051076431
0.6899199816395278
0.0
0.0
0.0
0.0
0.0
0.779186627336099
0.37819532250289
0.31792749990971475
0.9831075629124753
0.692042083412615
0.0
0.41082361927712974
0.0
0.0
0.0
0.4702226136657122
0.9359612935504474
0.0
0.8965725551664858
0.0
0.07647613218321145
0.9230784822074526
0.9790519656597244
0.40171291711523094
0.0
0.0
0.0
0.0
0.0
0.0
0.0
0.08621052145555073
0.2169666146610099
0.08841372739899385
0.9351894595849009
0.2504684490152717
0.0
0.8264707546735849
0.0
0.19694578276141844
0.0
0.0
0.02306776620571091
0.0066478740463468515
0.0
0.16576308103542084
0.23011656262267133
0.0
0.40829181684621746
0.10629521246744733
0.6539806222433201
0.0
0.0
0.0
0.0
0.8956713808489157
0.96217811803121
0.0
0.0
0.0
0.0
0.0
0.0
0.22951677640252366
0.0
0.0
0.0
0.9986549101631823
0.0
0.9257926104955896
0.08458349366335635
0.0
0.0
0.24369713684978347
0.0
0.0
0.0
0.3953069567342433
0.2131483551938346
0.3521401532353483
0.6840589294215422
0.0
0.0
0.09021232533794257
0.0
0.0
0.0
0.49544889206011955
0.9575037678631471
0.7555231606152358
0.0
0.9300029417257895
0.0
0.0
0.9707175168794054
0.3849653744983788
0.0
0.0
0.0
0.0
0.9309138308201439
0.0
0.0
0.0
0.0
0.0
0.571554028881518
0.8493349769876052
0.0
0.6355541157405419
0.3346291942481708
0.9587640162727421
0.3039128017683643
0.6916319338817635
0.0
0.0
0.0
0.3038653380123666
0.8127861374991241
0.0
0.0
0.20838095948194787
0.09145752994117898
0.0
0.5644478908078588
0.0
0.9501257728650485
0.0
0.0
0.34787352820914275
0.3884708378936583
0.0
0.0
0.0
0.0
0.0
0.0
0.0
0.6809710728197719
0.0
0.0
0.6686433538526824
0.0
0.3789816852012214
0.0
0.0
0.3146634154602962
0.3046805155130401
0.8446570640601234
0.0
0.0
0.0
0.5575144790875071
0.0
0.0
0.0
0.7075893268772655
0.39437487575942093
0.8978507777101792
0.0
0.0
0.0
0.058463234959417396
0.0
0.0
0.0
0.0
0.520431404705896
0.3964179647813692
0.6944136930801151
0.9423120089569511
0.0
0.0
0.0
0.0
0.0
0.0
0.0
0.8320336571361795
0.0
0.0
0.7599793992972949
0.21571595675416017
0.1892031168702172
0.5448563800386125
0.7585281193781721
0.0
0.07926087909116453
0.0
0.04765615243736111
0.0
0.08390942886923343
0.0
0.0
0.41933652861418136
0.36958058121849974
0.9262315599044743
0.503310963079013
0.6091285625716529
0.0
0.7273518251863931
0.052368586083529116
0.6722675817756614
0.0
0.0
0.06115976641908513
0.0
0.0
0.0
0.0
0.0
0.0
0.0
0.0
0.0
0.0
0.0
0.07398730596126013
0.6429689745790588
0.5093415558749569
0.0
0.0
0.5227496242778256
0.09504773196362079
0.6422603978758257
0.9353281918607771
0.3814209393345714
0.0
0.8650496562490654
0.0
0.0
0.0
0.0
0.9228741394573744
0.8392786445797363
0.0
0.0
0.2931475888527917
0.0
0.07559601003571205
0.5636168080128577
0.0
0.9673235952916416
0.0
0.5445827318091232
0.15081124208540728
0.0
0.5021176122623516
0.0
0.37919757825588485
0.7236938730099064
0.0
0.5300773982424962
0.7710226270743593
0.8752061172694156
0.0
0.0
0.0
0.0
0.9441723551833601
0.0
0.0
0.0
0.0
0.0
0.5031887012776324
0.0
0.0
0.0
0.04721556364737088
0.28897368079131835
0.2846554844456193
0.0
0.0
0.0
0.7642726875911251
0.4633611175727995
0.0
0.040423367848190526
0.0
0.8050896547367026
0.0
0.9271091363127165
0.0
0.0
0.687830189107929
0.0
0.0
0.0
0.0
0.4359531690753479
0.9809870613444522
0.7895013258263321
0.5879138521533025
0.0
0.7236136887304594
0.0
0.0
0.0
0.44385490712448517
0.0
0.0
0.0
0.4853641346550589
0.5419295888886928
0.0
0.0
0.0
0.04849057840053144
0.0
0.0
0.07199220326986358
0.0
0.0
0.0
0.9876874965184048
0.07235505926460051
0.09862908836690422
0.0
0.0
0.0
0.21539618490317589
0.9838454412955471
0.38710173913599455
0.9211051027026085
0.0
0.0
0.0
0.0
0.9837757581551653
0.0
0.0
0.0
0.585481125620588
0.680283268609852
0.0
0.0
0.7940450852257281
0.0643502197362129
0.26023757513723794
0.0
0.07113302450296895
0.0
0.9654973282840038
0.4816472549640583
0.0
0.674945661875007
0.9761964583415035
0.0
0.0
0.0
0.0
0.0
0.0
0.0
0.0
0.0
0.0
0.9011395142633148
0.0
0.0
0.2636460661806776
0.0
0.46330729740892446
0.0
0.0
0.0
0.08822691185596843
0.1911698442112998
0.0
0.0
0.0
0.0
0.0
0.0
0.0
0.0
0.0
0.0
0.0
0.0
0.0
0.672359386923718
0.0
0.0
0.0
0.6046993000982017
0.0
0.0
0.06839637979442147
0.0
0.684528269356367
0.0
0.7819702066330407
0.7236498422687914
0.04325499268724846
0.0
0.0
0.0
0.0
0.5858185465823992
0.0
0.0
0.0
0.9940099611141113
0.38263434446556627
0.7556038950119134
0.0
0.5135364815966961
0.0
0.24464047078708204
0.0
0.09256463916014294
0.5384649223162761
0.8723186267292132
0.7041003613644279
0.0
0.0
0.0
0.0
0.0
0.0
0.7953388097854658
0.7120919661561085
0.0
0.0
0.3946353770045704
0.7028845181921383
0.7923829198545776
0.2785577160845132
0.37602556897221806
0.5534831685442834
0.0
0.0
0.0
0.0
0.0
0.061887615679552956
0.7076377438130567
0.0
0.0
0.6604531689153218
0.31831409423136214
0.9018684929318616
0.025737949027027047
0.0
0.09107043015783998
0.0
0.0
0.0
0.7457456015206179
0.0
0.5972691556126535
0.0
0.3234387963114772
0.0
0.0
0.888384200836612
0.8278504455487894
0.3247059350117863
0.6291016165657001
0.0
0.0
0.7215953201829558
0.0
0.0
0.6872890697722208
0.4260320648935389
0.2601279489407508
0.0
0.16153169284708307
0.012743094204153115
0.0
0.0
0.1576920040878872
0.20956489520070165
0.6598633029510028
0.3324463983856082
0.8007805882718512
0.0
0.0
0.0
0.8476965459407989
0.0
0.17053505425806936
0.0
0.0
0.6288082818171206
0.0
0.0
0.12544698870643478
0.0
0.0
0.2109178453531573
0.9525402542701449
0.21143297868825606
0.9788388833682579
0.9782490588834435
0.7794853576366086
0.0
0.19689383232179425
0.0
0.0
0.0
0.0
0.0
0.4086689695607583
0.0
0.0
0.0
0.0
0.0
0.33646671733408623
0.4108790835446446
0.0
0.9601438603312968
0.0
0.18902575243456152
0.0
0.041529272792028074
0.9806136297435757
0.0
0.4176085986935665
0.0
0.38425141410049385
0.0
0.0
0.0
0.13137451614559373
0.0
0.0
0.0
0.0
0.0
0.0
0.0
0.5793898989711315
0.0
0.0
0.8934724877880688
0.0
0.5038996836229839
0.0
0.3062175197021942
0.0
0.9090650596713479
0.0
0.0
0.0
0.9236438885335875
0.9435750500159752
0.7368489480311347
0.0
0.5448389752742319
0.0
0.0
0.0
0.0
0.8470585350992449
0.0
0.0
0.0
0.0
0.031221718908765135
0.0
0.0
0.0
0.0
0.8595034166937223
0.5377792958834269
0.0
0.0
0.29339039912777454
0.43092644465349483
0.0
0.0
0.6980730165091503
0.9592452039010577
0.4844255482301166
0.821694616505472
0.0
0.6275903306785693
0.0
0.6465355117368259
0.0
0.20051446959595373
0.3161855329686122
0.0
0.0
0.0
0.0
0.0
0.0
0.0
0.0771293872141778
0.6501276114512087
0.45366212107456466
0.0
0.7100256822459189
0.0
0.0
0.0
0.168704778634782
0.0
0.0
0.07343422786150948
0.0
0.0
0.18605675965822221
0.0
0.7568483518598321
0.0
0.0
0.7810295537409794
0.8382457039190867
0.6010173324220113
0.45026167389366895
0.09478393862792085
0.0
0.2663300060202539
0.0
0.0
0.0
0.0
0.9877427049517192
0.0
0.4060133468918486
0.883924477217223
0.0
0.0
0.3261802080749427
0.0
0.8078645239749987
0.0
0.5448021289008749
0.0
0.1603141562608621
0.6873796874070692
0.7489083903764888
0.5000425488094827
0.0
0.19340032009237648
0.0
0.9259965770365155
0.0
0.0
0.8928268353072731
0.4789154559886169
0.4828128853700014
0.0
0.5605772951441896
0.1554305778965122
0.0
0.63978524842794
0.0
0.0
0.9156101351807023
0.0
0.8263069609486926
0.0
0.0
0.0
0.0
0.0
0.9578616341901399
0.0
0.45983969389260754
0.5923439995724157
0.2307477253583592
0.33422346214062915
0.17251935552068381
0.0
0.0
0.8474918619120978
0.0
0.0
0.0
0.4477792717334443
0.8147347940001072
0.0
0.0
0.6529854029467463
0.0
0.0
0.4874972997645188
0.8865845377214392
0.376855891811877
0.5948976297359337
0.6265884859947967
0.0
0.0
0.0
0.0
0.0
0.0
0.0
0.9706061273589219
0.6752078445486289
0.8901154718499337
0.9812378124688137
0.0
0.564759330746557
0.9322804327649025
0.058752461553505775
0.292649817992199
0.9486320644927468
0.0
0.4298859894790193
0.0
0.012462009776542965
0.5755896122801668
0.43117050303726184
0.5302623806833983
0.9362901017976001
0.0
0.0
0.37563688830616765
0.0
0.5352372317289612
0.0
0.0
0.0
0.0
0.975858353459379
0.0
0.8263769757325433
0.06506350074248209
0.37409803950216125
0.0
0.0
0.0
0.0
0.9317235394191603
0.5030073176999914
0.7291687894450664
0.0
0.0
0.0
0.0
0.6764067600837462
0.0
0.7051135138620713
0.0
0.4849456098083106
0.0
0.0
0.8607017693279728
0.0
0.0
0.33114455824691297
0.9080153863486456
0.15279754829191775
0.6906712636783972
0.0
0.0
0.0
0.0
0.0
0.44551563562106294
0.37848343088457403
0.3705006682628983
0.0
0.0
0.0
0.0
0.0
0.21496644188738015
0.0
0.0
0.7919118285735063
0.491206234226806
0.3158993971881367
0.5002271842844406
0.0
0.6254030034559656
0.507517180733746
0.0
0.04110045292905508
0.6644998341381165
0.5733927036535796
0.4251887032078384
0.4968916071000514
0.0
0.0
0.3105077296714522
0.2943151158302933
0.6176901696297478
0.8877587217091101
0.0
0.6315860983294193
0.0
0.0
0.712542990014894
0.9942733565810535
0.0
0.0
0.0
0.8468282914651231
0.07067790816508596
0.5331151014594996
0.0
0.19654845405781077
0.048093999588940305
0.4673721723086604
0.27861478560306574
0.1407122937082193
0.0
0.5300552639140853
0.9654428056669309
0.0
0.0
0.0
0.5990986360583819
0.0
0.0
0.41138401001137614
0.031101042854693364
0.1762379246817972
0.0
0.6349673164853369
0.0
0.4871706469272992
0.0
0.7499924055614785
0.011419411058014486
0.28185815258796887
0.0
0.9853050823041463
0.4463569167047271
0.0
0.0
0.0
0.004356536669495751
0.24311413387659137
0.3084418185197139
0.0
0.9967435008984247
0.0
0.7527380096085204
0.0
0.0
0.25378867591284493
0.0
0.0
0.0
0.0
0.5150153101556507
0.0
0.0
0.0
0.0
0.28498872083212023
0.0
0.0
0.82233091856802
0.5591938997474961
0.0
0.9054595840540456
0.0
0.0941163998870091
0.8193240164991334
0.0
0.563248718864471
0.0
0.0
0.0
0.23012916032581204
0.8684585835136648
0.0
0.002773085180969964
0.6580614437489242
0.7478244292354849
0.8922411310404273
0.0
0.9430751182401254
0.23683293844956607
0.8495336360517124
0.0
0.0
0.4576998255783036
0.03411759576807444
0.0
0.2186200488911429
0.0
0.37449406259961016
0.0
0.5988546393060918
0.0
0.0
0.30166393915220124
0.0
0.9189584752814272
0.0
0.0
0.5697681422424224
0.0
0.0
0.0
0.0
0.5188450940135704
0.0
0.0
0.2555167062679817
0.6820531515169386
0.6944808354563764
0.35919299755873435
0.006144549687031101
0.9757042605629646
0.0
0.09758933250501725
0.0
0.33649069951287947
0.644749067595044
0.592239984891547
0.5685784009346189
0.19129978068862688
0.0
0.0
0.5576265823907502
0.48055569243550705
0.0
0.7665464956807256
0.0
0.2727068544095874
0.0
0.9525833184591672
0.0
0.0
0.4805584537035011
0.6491324484247003
0.0
0.1380093650753411
0.0
0.0
0.0
0.0
0.6467700407067513
0.1448331550483234
0.44752921618244224
0.0
0.8503186770834599
0.0
0.0
0.0
0.9006853406186577
0.0
0.11166963895628555
0.40196307580641444
0.9981097363058518
0.0
0.08890179079492412
0.0
0.4351927313903853
0.3116036188260649
0.27102077557833343
0.3982849178542932
0.0
0.0
0.5208284249782398
0.0
0.0
0.5279004467454117
0.5282164122354109
0.0
0.6098729210458118
0.20781743850760792
0.09040435180064521
0.3493321106125201
0.7726512092051748
0.0
0.4573714938960428
0.015518799947414378
0.36366588305880904
0.0
0.14692613456907938
0.0
0.0
0.0
0.0
0.0
0.8446055774551343
0.0
0.0
0.0
0.0
0.0
0.46226455281721357
0.821632437151461
0.14184773537375825
0.13232671800405024
0.3088446626000682
0.6783583810824276
0.0
0.2811617562614179
0.3515200867065333
0.759462091748616
0.5181128921590242
0.0
0.0
0.0
0.0
0.0
0.07170106391010911
0.7995388378984473
0.9632707398743626
0.1575097360525862
0.9218890063064354
0.0
0.25377434410731836
0.3158259207697913
0.0
0.5565147821227212
0.0
0.0
0.0
0.0
0.0
0.0
0.0
0.0
0.8197920257292239
0.3490643044038393
0.0
0.0
0.0
0.8631922780357133
0.0
0.0
0.0
0.0
0.05911560111906578
0.0
0.0
0.0
0.0
0.0
0.0
0.06711608557151111
0.0
0.6300716921819735
0.9642634953375557
0.0
0.0
0.0
0.7003025266295372
0.0
0.5212718171667301
0.6273636858552175
0.0
0.0
0.0
0.0
0.0
0.10303428496114449
0.0
0.0
0.0
0.4787082607036966
0.3224651061431336
0.5508696328779197
0.46937437274297206
0.0
0.6352800163045695
0.48866797262274214
0.21971516554638243
0.0
0.0
0.9521864004559183
0.0
0.1174493357772403
0.6978077908016739
0.13484635999636926
0.3651988171807718
0.0
0.03690366721943849
0.0
0.0
0.0
0.0
0.0
0.46810557459134183
0.0
0.20693913638863903
0.3821209521541411
0.0
0.0
0.0
0.33728103073479393
0.0
0.5711513229222925
0.4602152327426227
0.0
0.0
0.0
0.0
0.0
0.3187966788396423
0.0
0.0
0.0
0.0
0.7264476161162886
0.5430959291798155
0.6900577641926373
0.7261795296925697
0.46485951668809145
0.9596689997536383
0.7821254942085414
0.8107989612156516
0.6293303824644758
0.06088581799059639
0.0
0.3483952091070003
0.0
0.5631092928179092
0.987148064956609
0.0
0.0
0.9615663231812333
0.7126903828911086
0.700449395319268
0.0
0.8961703134345541
0.0
0.0
0.0
0.0
0.0
0.0
0.0
0.0
0.21953327721120158
0.8200882452046625
0.0
0.17103736475996273
0.0
0.0
0.526258538892384
0.0
0.7338954954071152
0.1035943513459065
0.8832050344079124
0.0
0.0
0.0
0.9041287083604121
0.0
0.5080836881900096
0.6972123848278896
0.9907325953926093
0.0
0.0
0.0
0.4461549955328337
0.0
0.0
0.07225129283553067
0.0
0.0
0.08808325035251506
0.0
0.0
0.0
0.34204545240201056
0.7163204272815542
0.0
0.0
0.0
0.004722767394134949
0.05846069056522555
0.021005562513287834
0.0
0.0
0.0
0.0
0.24085732422212355
0.0
0.0
0.0
0.9133390976887716
0.0
0.15404703196609404
0.0
0.0
0.8576239428240524
0.6236191965708425
0.0
0.0
0.0
0.6915459988824857
0.37333229954356023
0.0
0.3478758435109206
0.0
0.0
0.1735782227234063
0.0
0.18368966809273474
0.060143930171841706
0.0
0.0
0.9260327085969443
0.3796060348926523
0.0
0.38086204056777156
0.0
0.3308177984823198
0.74631039221552
0.28430587609593844
0.7192592169443945
0.6592973089137045
0.0
0.0
0.0
0.0
0.5688510085331261
0.5089654934137839
0.19003685805682494
0.036306790834446157
0.807192412792726
0.9896888522550837
0.08091210043727207
0.0
0.0
0.0
0.04558832849947408
0.5794324640414866
0.10390348133988508
0.6269511888423823
0.19322202974925093
0.2357956588864839
0.0
0.0
0.0
0.0
0.0
0.0
0.0
0.0
0.0
0.0
0.0
0.06766384378300595
0.0
0.13771920481176406
0.22498644856047703
0.0
0.0
0.8269227874388778
0.09932206476669507
0.0
0.0
0.9218946412918693
0.8053407390791699
0.5494754827745363
0.0
0.8910859525382264
0.30039898824931127
0.0
0.0
0.0
0.0
0.0
0.8640439212273163
0.0
0.7637529764181079
0.0
0.7716882594412753
0.0
0.0
0.11024267353366675
0.8080469174910239
0.9866077746421308
0.0
0.02965717469652031
0.34226322049044994
0.0
0.3050906607864007
0.971602295923793
0.0
0.0
0.0
0.0
0.8217198527740992
0.0
0.710094909826723
0.2133857356374027
0.0
0.33720806114920465
0.0
0.652813318175483
0.4640021809869113
0.0
0.0
0.6072092154408324
0.0
0.6610615873658549
0.7781585089937416
0.0
0.36428765288126513
0.0
0.7769654517140143
0.7323659668416833
0.0
0.7559479733272805
0.0
0.7403380020526985
0.8029476678307349
0.0
0.801931831627943
0.0
0.0
0.0
0.16123202512623042
0.5262555923674775
0.0
0.47599504069026893
0.8272432728038311
0.0
0.0
0.0
0.2405857547878664
0.32318054284734715
0.38554413629152917
0.6131626720120045
0.6742359532612261
0.0
0.433323534332256
0.8281831076645741
0.6208188202912471
0.022050003539655433
0.0
0.0
0.0
0.9726061149634943
0.0
0.2988289165247629
0.0
0.3602303275487715
0.3788347721674541
0.6723269101867843
0.84198318885791
0.0
0.9159454457596767
0.0
0.6199357205180337
0.0
0.5274344564295592
0.0
0.0
0.054850097538769696
0.0
0.0
0.0
0.0
0.9813849030592741
0.0
0.0
0.7545180296449459
0.6994064262551161
0.0
0.0
0.0
0.0
0.0
0.48480950697737496
0.7974584932572549
0.0
0.0
0.0
0.0
0.5777215418821666
0.0
0.46557080241677407
0.0
0.7608038790627997
0.34657789198586625
0.0
0.0
0.41228136048583797
0.2977891315810516
0.0
0.6727765664185509
0.9481060659510135
0.6107653183181139
0.7958682755340616
0.0
0.0
0.7576500191025759
0.09885842739037984
0.9507878084844523
0.0013222216250889617
0.0
0.0
0.10503028287151181
0.0
0.0
0.0
0.9807317196208666
0.0
0.7848140532232818
0.0
0.15937337948442876
0.0
0.4516729951277732
0.19289881140730478
0.0
0.34560884678195986
0.0
0.533051610676861
0.0
0.41058395765960104
0.25335110988260806
0.0
0.0
0.7718842870512332
0.6865077470436448
0.0
0.9162384699447844
0.0
0.0
0.7818674455057062
0.0
0.9525542665393215
0.0
0.25790968930086
0.0
0.09978129185833684
0.0
0.0
0.5500911852702046
0.49747990892036903
0.0
0.6248496764904709
0.0
0.8478050923561476
0.0
0.0
0.0
0.11569683995499447
0.0
0.0
0.0
0.9803290361486244
0.0
0.6045715733523183
0.0
0.47473826291287585
0.0
0.0
0.5334911247081499
0.803706585565615
0.5032086631621752
0.9793307529758728
0.0
0.5587007971922242
0.23732569281891167
0.0
0.0
0.3596329011789901
0.0
0.06124512474803788
0.0
0.0
0.885380864003454
0.0
0.7679957585797931
0.0
0.0
0.0
0.2701338989720987
0.0
0.0
0.0
0.0
0.3903725638048686
0.0
0.4508796809494042
0.7107414177046621
0.4576859323242644
0.0
0.0
0.0
0.0
0.019644359547875086
0.0
0.8901407202469536
0.4080777289812898
0.6702982201958172
0.0
0.0
0.0
0.0
0.3018925272009506
0.0
0.8304802093503317
0.0
0.0
0.12705977583298897
0.0
0.2656448214484537
0.4348991202035781
0.5538130550668311
0.8858690210442136
0.20001134056174286
0.9803712724755748
0.0
0.7447485296510747
0.19404657930084535
0.0
0.21067796214330375
0.0
0.0
0.0
0.0
0.11360812381447168
0.012198700473570363
0.0
0.4382968512585992
0.054198113972390584
0.0
0.0
0.8485079525141015
0.05407974267494153
0.35677974551286923
0.8014228040371749
0.0
0.0
0.0
0.0
0.0
0.0
0.0
0.0835392628167651
0.0
0.3645946402907374
0.0
0.6620502923848958
0.9952339480136301
0.7214003212959402
0.0
0.0
0.0
0.0
0.0
0.0
0.025208870581665363
0.0
0.0
0.5339821747797648
0.0
0.016340980804590177
0.0
0.0
0.9075330527186724
0.7838797367491718
0.2030408404900954
0.9910723693352598
0.0
0.9827950580646309
0.0
0.0
0.5794080629778735
0.0
0.6339730963210659
0.0
0.7100387175533435
0.0
0.0
0.8881615887631844
0.0
0.0
0.2502585437278302
0.0
0.0
0.3149187634344447
0.0
0.4268027077863733
0.674264061664327
0.0
0.20463211444828194
0.41070235696568935
0.0
0.0
0.3828795591311019
0.0
0.0
0.8795751037991165
0.6550947541790902
0.0
0.7426936257598168
0.8060364334480324
0.14765854646680984
0.80292558303576
0.0
0.0
0.0
0.0
0.0
0.0
0.073160250725667
0.18064866558290588
0.0
0.5679054933202117
0.5115543692131754
0.3712824254087151
0.15265887783612056
0.4225934067926984
0.6058525961642354
0.0
0.0
0.5733678261535429
0.6886479285787606
0.0
0.0
0.0
0.0
0.0
0.9070559677333979
0.14204349771490313
0.0
0.0
0.0
0.0
0.027931420512734888
0.5660596682229585
0.005474431419103142
0.7039650724235662
0.3265315365167528
0.995780474006028
0.0
0.0
0.0
0.0
0.0
0.969757855650026
0.772395378619663
0.0
0.0
0.0
0.44203300898498976
0.7988481856645798
0.0
0.0
0.0
0.6034424118594344
0.3349479546594627
0.0
0.8607058306610404
0.0
0.6930254432325205
0.7338147497099622
0.0
0.9442927605002446
0.0
0.0
0.9216915091281348
0.7265883432381115
0.29858773602223976
0.1727314706834508
0.0
0.12098700270741596
0.0
0.0
0.2487507688261586
0.0
0.0
0.0
0.0
0.0
0.0
0.0
0.11478791174406429
0.19697822768571713
0.14250244837682935
0.9747943428285774
0.0
0.0
0.0
0.48073114962966057
0.9245464409131264
0.5583992686835642
0.0
0.0
0.0
0.9702148641643081
0.0
0.5596711807383585
0.0
0.0
0.0
0.6701500067374041
0.4630535931489236
0.0
0.0
0.0
0.5663493962707382
0.0
0.4297269055753453
0.05664140405908844
0.0
0.0
0.7775947923774156
0.7359698910840873
0.2845900041064246
0.05549153259562138
0.09758630396066471
0.5305993973312897
0.0
0.0
0.2547164446657096
0.5245551771737091
0.0
0.0
0.0
0.0
0.27029901979077964
0.0
0.4989829685193439
0.4742543041334175
0.0
0.2877323023699002
0.4313734008157767
0.166753888205785
0.6274268180036331
0.0
0.6514548482422995
0.0
0.2854873619535747
0.9834640129245403
0.8093864196563013
0.9559446014514378
0.0
0.0
0.0
0.0
0.0
0.6820207987962239
0.31177488185149843
0.0
0.0
0.0
0.7531292220247378
0.3427004203867609
0.688992951220994
0.7387531912157932
0.0
0.1031868718983595
0.19558363486840363
0.0
0.0
0.8321288150273799
0.4836379817455205
0.4686457571308526
0.8203749114610016
0.5433108604192827
0.458886088136989
0.11748622316637279
0.0
0.0
0.5985123465818077
0.0
0.0
0.8958450520511311
0.7043777161024504
0.5823060670855735
0.0
0.6515414745728041
0.22878863500066304
0.17392529428951214
0.0
0.0
0.0
0.0
0.0
0.0
0.585158225021485
0.0
0.20466799244115166
0.1708946550259404
0.0
0.0
0.0
0.7402933289196231
0.0
0.0
0.0
0.0
0.0
0.0
0.0
0.2289174890429445
0.0
0.26758820998694
0.8227171061738758
0.015035519196337667
0.0
0.0
0.0
0.2805834444168791
0.4573548723080599
0.1152140044515996
0.6241780972364068
0.0
0.9928264246976477
0.0
0.022455903625497486
0.08876463370789336
0.47383711503270964
0.0
0.44372290423249294
0.17962164215973034
0.0
0.0
0.0
0.0
0.0
0.0
0.0
0.22646899754364608
0.0
0.0
0.0
0.9144479314843744
0.0
0.38785579537277415
0.12293730815660646
0.7284893018115004
0.3173855915052613
0.0
0.0
0.0
0.0
0.0
0.0
0.6127423390607122
0.0
0.0
0.0
0.3238892680906171
0.15789548293919148
0.0
0.07055082752175958
0.0
0.0
0.0
0.0
0.18828647875455595
0.01171510565954055
0.8966773400925308
2.354026232649814E-4
0.0
0.0
0.23994416979859962
0.04651131324642021
0.013078766093696887
0.0
0.0
0.27899686680252467
0.2473897129526436
0.9177556184865868
0.27747537780139125
0.7515097260872265
0.0
0.0
0.0
0.0
0.05267918359164487
0.0
0.0
0.0
0.26182521775860756
0.6207466581668071
0.61470438093932
0.0
0.4221784650537847
0.0
0.0
0.8191147425262774
0.0
0.0
0.2038418645733209
0.0
0.5242413708675819
0.3785762888128834
0.0
0.9286723760853417
0.0
0.9851726462258381
0.0
0.3560078840469618
0.0
0.3731354928449673
0.0
0.0
0.0
0.505034280617837
0.1692009801577518
0.0
0.0
0.0
0.9056417362451161
0.0
0.5188605454532661
0.7096283694164341
0.0
0.6116075136906148
0.9707653370045867
0.0
0.0
0.0
0.0
0.0
0.7472013090457852
0.6682243226734427
0.0
0.0
0.23661866332907275
0.0
0.9719615502229638
0.9468236788125876
0.05440372946749767
0.33361863721259977
0.0
0.0
0.0
0.0
0.0
0.0
0.7404782862420238
0.5653915300021654
0.7024480931742667
0.46208164253378936
0.0
0.3224372400542607
0.34513110917324047
0.5149208013701364
0.0
0.07225308093109295
0.13803985377659417
0.0
0.0
0.7940253582474504
0.0
0.004771712050857289
0.0
0.297022279778711
0.12009114994215507
0.0
0.0
0.0
0.615925092763039
0.0
0.38244738916525284
0.0
0.9483498475833982
0.00622776277178326
0.0
0.22985847114019578
0.0
0.0
0.0
0.0
0.0
0.0
0.11529683576921985
0.21991927871220185
0.0
0.8845119075662924
0.0
0.0
0.0
0.36894056819113497
0.0
0.0
0.0
0.6541351616240341
0.0
0.0
0.0
0.0
0.09244859239640399
0.0
0.4112803095418208
0.4727571487209052
0.5662630074394819
0.0
0.0
0.6054666530905426
0.0
0.40570102377003975
0.3573009727909874
0.0
0.5301017988535888
0.0
0.2025027755300077
0.0
0.025623787586526933
0.0
0.44775400386073383
0.1205504854857884
0.0
0.0
0.49771032854233005
0.8224990070851774
0.0
0.48845325887193336
0.0
0.9775879924704092
0.0
0.6583998588122068
0.590963543965745
0.037085187149178946
0.5670383304365224
0.0
0.2013290972399536
0.0
0.0
0.0
0.0
0.9546377236096906
0.21996556148603646
0.8222599250155078
0.0
0.0
0.7764258840892043
0.0
0.0
0.0
0.0
0.0
0.0
0.6125755981910889
0.0
0.9659739959558903
0.7915221438659165
0.0
0.0
0.2119776171097694
0.0
0.8820705009873048
0.0
0.0
0.0
0.4582799281705822
0.2820417250564025
0.857672137793039
0.6337703990460585
0.0
0.0
0.0
0.0
0.003379413898407173
0.0
0.45705849037631247
0.0
0.0
0.0
0.0
0.0
0.8717905330666199
0.13060140957125632
0.0
0.2196857958001558
0.2270900473717105
0.11014808119490647
0.10020539212580995
0.0
0.07532886673883027
0.1467956109869301
0.0
0.0
0.4505713096861626
0.0
0.0
0.0
0.0
0.0
0.2617085768778705
0.0
0.7749363626123376
0.0
0.594223523448769
0.0
0.541547592856848
0.11115416697291086
0.0
0.0
0.0
0.8222081292527714
0.0
0.0
0.7636401404069295
0.0
0.3669802175992451
0.04366555803054382
0.38497141970999627
0.0
0.06427059122316038
0.06053780154105657
0.3689748448813035
0.017371807304779777
0.8893059684401352
0.764514331273196
0.7435656190066172
0.36225644147215297
0.888228897976776
0.0
0.2327060849508534
0.0
0.3486394584842043
0.04135389718426009
0.0
0.0
0.0
0.5357384620941822
0.0
0.9143464889021483
0.8098372109686158
0.0
0.3932105097951416
0.0
0.0
0.46844926184011787
0.4404427956275714
0.0
0.0
0.0
0.4289565034613431
0.0
0.0
0.7110821347411066
0.0
0.0
0.0
0.4528064899533884
0.41850371316915197
0.9430366414556544
0.0
0.0453984002465924
0.0
0.0
0.0
0.7959809064875577
0.0
0.0
0.0
0.0
0.6734536149956208
0.0
0.9731079696565963
0.0
0.0
0.23707669162962708
0.7704355286207143
0.885798986011622
0.0
0.0
0.0
0.0
0.37742115232655976
0.8833381686220855
0.0
0.44864863602416394
0.01548651251017152
0.37544179262982796
0.0
0.966155868007455
0.0
0.0
0.0
0.0
0.6662363752164687
0.0
0.0
0.0
0.7656588423221563
0.0
0.9702222656306781
0.8949678643484497
0.0
0.16339339035561112
0.0
0.8813883381711766
0.0
0.0
0.0
0.5988344426598301
0.04204905884508773
0.23394264686985985
0.8140586747970107
0.3912858025103489
0.40050086020429104
0.0
0.9892989394698295
0.0
0.0
0.0
0.0
0.5737871747971759
0.0
0.44951522593827425
0.0
0.0
0.0
0.0
0.572293249415749
0.7421972350936259
0.0
0.0
0.0
0.20212284493314883
0.0
0.0
0.36828384338768744
0.0
0.0
0.4023552996156712
0.03503024953700158
0.3595370856575576
0.3100384933184364
0.22160092488484032
0.0
0.0
0.8113568624840635
0.49707983647162074
0.8161988381109698
0.7149412570927501
0.0
0.0
0.6170218427672115
0.0
0.5767948540391225
0.0
0.8520663964882756
0.8267531895578482
0.7622525608285077
0.754030580483079
0.0
0.41824534874211866
0.7070782496037517
0.9052672757269756
0.17162030648908097
0.22621861595066325
0.0
0.0
0.0
0.3182044201175287
0.557539659719173
0.0
0.7966613333137605
0.0
0.0
0.04532071682320986
0.0
0.0
0.16316651879122815
0.0
0.0
0.33659753418761135
0.761146250696437
0.5443370544737611
0.0
0.0
0.0
0.036367301243829475
0.20520879542213014
0.36228102774369336
0.0
0.0
0.24950342715152124
0.8370894703926302
0.0
0.0
0.8386633557983386
0.28566297758636683
0.0
0.8610544486162625
0.0
0.13680013554143883
0.8871767929232154
0.3542298390459344
0.43203770011710074
0.0
0.1230592514555435
0.8025828805652916
0.2776383324436783
0.2861255688776353
0.0
0.30793678852898476
0.0
0.0
0.9960500845792714
0.0
0.13512057501288172
0.03283576979476057
0.024646095235479663
0.7943868734231423
0.0
0.6595506403524937
0.0
0.018176940545368246
0.6949562560116154
0.0
0.0
0.06457262282813564
0.5787633729010931
0.0
0.0
0.0
0.3798557209050819
0.0
0.0
0.0
0.0
0.7781979896242597
0.13178141224272696
0.23443008092410697
0.0
0.0
0.0
0.0
0.24922738386346038
0.0
0.7603420637753145
0.0
0.906309619065064
0.13122878044027422
0.0
0.7823424426219184
0.2973976268951254
0.0
0.0
0.5852476577001566
0.0
0.6056112315213028
0.0
0.044355370253673754
0.0
0.0
0.0
0.5714993469279644
0.5340036891352361
0.5997793767182593
0.0
0.47417637642982946
0.4806893259155907
0.0
0.6406997463534985
0.0
0.2461544682523625
0.0
0.42087361718952343
0.0
0.0
0.4711644144124597
0.0
0.13828774084969833
0.0
0.0
0.4589012720546422
0.0
0.22885360915938519
0.0
0.5169915747321475
0.0
0.17256297791865532
0.8162662642803352
0.0
0.7753200415933291
0.6483803022807857
0.0
0.0
0.11567954333155415
0.0
0.5747279808907753
0.4558322378213064
0.2621441556246427
0.7430601090473146
0.6784969517204738
0.9262784428943299
0.22584662353111135
0.0
0.0
0.8999963846684749
0.0
0.0
0.0
0.0
0.6354689013499009
0.4277332372570818
0.0
0.0
0.4687171359140738
0.10680684550033853
0.13640385112448267
0.0
0.0
0.0
0.0
0.0
0.0
0.0
0.4998286422958998
0.0
0.3971691489995489
0.49340359549372814
0.0
0.0
0.0
0.6137813590168596
0.7225817434043397
0.46964556761809384
0.8443667927148559
0.01578016677877062
0.0
0.0
0.0
0.0
0.9911728880355234
0.0
0.9727019370530287
0.0
0.017948918352856346
0.0
0.0
0.07565322062537293
0.0
0.8583721618265354
0.8159180810084743
0.41128546621946566
0.21121801464923542
0.5154867518401014
0.9883165758032139
0.0
0.0
0.42639541213749066
0.0
0.64250051276237
0.0
0.5944342146755346
0.0
0.0
0.2233417483877455
0.0
0.0
0.0
0.9017131334937131
0.5729233931716563
0.5399952501739741
0.9479840414615667
0.0
0.0
0.0
0.0
0.0
0.1524910255883657
0.0
0.2802494745485379
0.7840588043221708
0.0
0.573113166328812
0.0
0.2614533185197289
0.23463117452358292
0.0
0.0
0.8133907512297366
0.8715480676044882
0.8631759733946567
0.0
0.0
0.0
0.0
0.0
0.9567785867384884
0.6800481862130933
0.0
0.0
0.0
0.0
0.0
0.003107684519421869
0.9682771058300806
0.0
0.0
0.0
0.0
0.0
0.0
0.0
0.0
0.0
0.02514127936117332
0.3542786980276897
0.0
0.525436059010423
0.0
0.5564292280074048
0.0
0.0
0.0
0.0
0.0
0.169676039836158
0.0
0.0
0.22153845961822083
0.0
0.3298823574755481
0.7897078024257248
0.0
0.4292538862807571
0.0
0.19223325060507768
0.3808624388408848
0.06000126686769523
0.37245975773520024
0.0
0.0
0.8456353188918866
0.7132469830771032
0.0
0.5169586138507148
0.0
0.0
0.7561868990293014
0.1144688795590561
0.5773292193444473
0.0
0.0
0.0
0.0
0.0
0.0
0.0
0.0
0.37566428685736086
0.0
0.0
0.0
0.6874182127756355
0.9848713362116678
0.0
0.0
0.4621797367631053
0.9987035774961304
0.048364375638426736
0.028519582288533674
0.0
0.0
0.0
0.631455478520877
0.3239705461390117
0.0
0.0
0.38190786019564105
0.003709598104738676
0.6515022763995757
0.0
0.0
0.6791736124740727
0.0
0.0
0.0
0.0
0.0
0.0
0.5202291949243291
0.0
0.0
0.0
0.49282068621951797
0.36655644054734726
0.02076721431090475
0.09941033921960513
0.0
0.6044923419678936
0.0
0.9922612856365103
0.0
0.0
0.0
0.0
0.0
0.6303111765289486
0.9247404035479464
0.7968131383802081
0.0
0.0
0.5099586450647935
0.0
0.0
0.706477810450334
0.0
0.0
0.33862438619899504
0.0
0.8412747949111801
0.0
0.0
0.6615019949644966
0.6210691374809674
0.0
0.0
0.5990207467071071
0.6713210608466791
0.40220486967743824
0.22176091639459836
0.46116148333707635
0.0
0.21197435254220606
0.0
0.389803072230391
0.30511467785354746
0.4969617658422714
0.0
0.0
0.9457071943535008
0.4220488395695647
0.0
0.0
0.0
0.0
0.0
0.3634244724130761
0.0
0.7557734550706887
0.0
0.3151095710101901
0.16330050622110373
0.0
0.8882338681338342
0.0
0.0
0.0
0.0
0.9278180146296909
0.3472712488791762
0.0
0.0
0.025894581855401277
0.0
0.0
0.0
0.0969139409096518
0.3719382519286724
0.0
0.9950437023259698
0.09447370287729723
0.0
0.0
1.1180173779835916E-4
0.0
0.11104147212800261
0.0
0.0
0.0
0.0
0.18414516279670648
0.852500905864274
0.9867492609618037
0.10116807268151608
0.0
0.0
0.0
0.7825250462884333
0.014397505746347947
0.5097950102325189
0.0
0.0
0.0
0.23612209663584144
0.536593835247359
0.0
0.0
0.0
0.3309328025220207
0.0
0.3195723794448479
0.0
0.0926724498553077
0.0
0.0
0.0
0.0
0.0
0.0
0.9691236177142878
0.87377436284313
0.0
0.0
0.6456699250246944
0.0
0.548643383805192
0.0
0.0
0.8757329163636676
0.0
0.0
0.5002858563399742
0.30823091847975037
0.4902550425865071
0.0
0.0
0.0
0.0
0.3666897827771463
0.41082840279186267
0.048341562942011466
0.0
0.21175589700813305
0.0
0.7205841189864994
0.0
0.5624210927221471
0.0
0.0
0.0
0.9036523030118064
0.0
0.0
0.23636835726518987
0.7846108344320618
0.039301068622620054
0.0
0.8159576222397256
0.5273618482333314
0.956822950879631
0.003578704191512531
0.0
0.4959288505345101
0.0
0.4328755907638822
0.0
0.518258633897084
0.0
0.0
0.10567472745002918
0.0
0.0
0.9419332504633403
0.38197108917152334
0.0
0.06478583154148676
0.2915066210833006
0.0
0.0
0.46217579961970906
0.9923360645112579
0.0
0.0
0.5141252252557521
0.04933168478270054
0.0
0.20277307860566346
0.4922797584518581
0.2772141515983712
0.8791649142379635
0.6176401201980456
0.0
0.0
0.11397983835739653
0.6635191021941499
0.23357803159323984
0.7184810775420396
0.0
0.0
0.2156647715515902
0.570154819377052
0.0
0.28034463536656135
0.0
0.0
0.5399778611561669
0.0
0.0
0.9626904384837718
0.0
0.0
0.4070114222656113
0.21664184152516125
0.3980904550215587
0.08798815472783464
0.0
0.0
0.0
0.0
0.3314737606580219
0.0
0.0
0.005950663335284618
0.0
0.37955937578166365
0.30341626306436653
0.0
0.9508509866355048
0.0
0.0
0.27708975537029923
0.0
0.0
0.0
0.0
0.22332346013761903
0.4389797989571931
0.0
0.44496549357559306
0.0
0.36541786932800996
0.03979881378207183
0.0
0.0
0.0
0.0
0.0077115893230645495
0.0
0.0
0.0
0.0
0.0
0.3214657053472473
0.0
0.0
0.5515286362398077
0.0
0.18653701956396473
0.0
0.19643547652970203
0.0
0.0
0.0
0.0
0.0
0.0
0.0
0.954821544869799
0.0
0.17290454638240063
0.0
0.0
0.5395811380189649
0.1485154515516879
0.0
0.9953742357923298
0.0
0.0
0.0
0.0
0.7936532581308001
0.0
0.9386917826494996
0.0
0.0
0.0
0.0
0.9592267591058913
0.3130799537940278
0.899958355188978
0.7441290177160227
0.0
0.9297138012053905
0.0
0.0
0.8691685881269398
0.18316695266504954
0.0
0.9169023349054776
0.0
0.25664902246125343
0.0
0.0
0.15926121020862935
0.3406606758770867
0.0
0.0
0.26625421934277776
0.3852488989678277
0.0
0.0826023336780643
0.41581375331434883
0.0
0.0
0.07523874766671698
0.0
0.47632007727717296
0.0
0.5583783949985122
0.7511975256538589
0.0
0.0
0.10633847494049667
0.0
0.0
0.0
0.0
0.8511371934982493
0.0
0.06319904185496857
0.0
0.0
0.0
0.0
0.0
0.0
0.0
0.0
0.47254043369496623
0.0
0.4430969774032334
0.0
0.0
0.0
0.2640355084364835
0.0
0.6810367945064507
0.0
0.0
0.0
0.0
0.7611139066228505
0.0
0.4468614905759498
0.0
0.7657554957783028
0.44776176853965666
0.3293985976922169
0.0
0.5106584380945206
0.0
0.0
0.6932037769974665
0.8214645235843353
0.7350593837898081
0.0
0.819189470113487
0.0
0.0
0.8927195941452861
0.0
0.0
0.0
0.6956636306936265
0.0
0.0
0.9946935620549885
0.0
0.2420716484674933
0.0
0.7105093273590278
0.0
0.0
0.0
0.3183217945171991
0.0
0.8917842842234398
0.0
0.0
0.0
0.0
0.6341252972844419
0.9947096470134192
0.9401743624749949
0.0
0.0
0.8852828316261039
0.7306981307732493
0.0
0.24377396079445746
0.7529936777223979
0.0
0.0
0.0
0.31328693219262205
0.16419259957515042
0.962756408748906
0.03720822171142376
0.764295631197232
0.0
0.0
0.8795434284520747
0.8162976609305734
0.0
0.08810177180086733
0.0
0.0
0.0
0.13863846101666707
0.934783190367594
0.1993410166019806
0.7861388831831359
0.0
0.0
0.0
0.11024373573217504
0.0
0.0
0.5796651785287349
0.09484053490814691
0.06448162582199776
0.8991690323425154
0.002593993725661388
0.6621837031042119
0.0
0.0
0.0
0.7251217539920772
0.0
0.0
0.5199935793569412
0.5019599855812763
0.0
0.3649804131467271
0.0
0.11629473594670811
0.19761367875890043
0.01222230910951171
0.0
0.0
0.3824162200416216
0.8810450954324915
0.0
0.0
0.0
0.0
0.0
0.0
0.0
0.0
0.6562499155292846
0.5025087787939614
0.6441157636005911
0.0
0.0
0.22277114988623264
0.0
0.0
0.055252172168554464
0.6079577163679727
0.31876743431031257
0.3683035250014669
0.5805866887481543
0.7649137913993238
0.4438391676334235
0.0
0.5479032398138022
0.0
0.0
0.3097576781078703
0.35875156119417034
0.0
0.6192450789072844
0.7025213604033523
0.5417207293968601
0.0
0.5045304050263569
0.37074597171101387
0.31560383509446516
0.7439534500310967
0.028358627096683114
0.1509914874675386
0.7585140107895247
0.4422448460583572
0.0
0.6152515589399297
0.014106281539275203
0.0
0.0
0.8357196225928827
0.0
0.6210799994706131
0.7083115275557613
0.0
0.9317570986315609
0.0
0.0
0.0
0.0
0.0
0.0
0.0
0.0
0.0
0.0
0.6918896639056447
0.22911374056655123
0.0
0.0
0.36983402758215733
0.3205726934551824
0.0
0.0
0.11040230578482292
0.5513762642050333
0.0
0.7029024402997276
0.9247722981696538
0.3579927867041334
0.0
0.12234512174044652
0.389915952393665
0.40278679753597013
0.0
0.9302445835594408
0.20639098900254102
0.0
0.6985420318725409
0.0
0.0
0.027938820331800163
0.874670398648414
0.0
0.0
0.5922558508168184
0.0
0.029235163939573074
0.8365946558389953
0.5095351035977909
0.0
0.0
0.0
0.39606687581399697
0.02419804751595299
0.0
0.14621405885464717
0.0
0.38997030932634597
0.6232947813843105
0.0
0.24369254723765008
0.6026403844659235
0.0
0.0
0.0
0.0
0.0
0.41741138444531883
0.0
0.0
0.9813422028692175
0.0
0.8588897338147606
0.0
0.5743668443532396
0.40291231165537483
0.0
0.0
0.0
0.0
0.0
0.0
0.0
0.0
0.0
0.0
0.27478088214032975
0.0
0.0
0.0
0.0
0.7825588040356756
0.0
0.0
0.0
0.0
0.4217822994794673
0.0
0.0
0.9702198963364677
0.30250295372249214
0.0
0.0
0.9720210415292606
0.0
0.2243486398600658
0.0
0.0
0.0
0.0
0.24591757433909592
0.0
0.5616949621764299
0.9589559777684217
0.0
0.17927024273512696
0.0
0.2887428561049998
0.0
0.15104081553977575
0.0
0.0
0.1781201750618038
0.5249777151568094
0.0
0.5978698251195791
0.0
0.0
0.5587600850804136
0.9675534531799749
0.6164672311579025
0.8956423579229693
0.0
0.8706393577391163
0.3353547609970533
0.0
0.0051525567334660205
0.0
0.0
0.0
0.0
0.5780985376458373
0.0
0.0
0.13284599134519054
0.6869257890819028
0.0
0.0
0.28686229680022324
0.0
0.11662841007542202
0.4891505525059234
0.4375368253809566
0.0
0.0
0.0
0.0
0.0
0.0
0.903795662234709
0.0
0.08300613840354477
0.40223121369852327
0.10828916761730507
0.0
0.0
0.0
0.0
0.6776422238523037
0.0
0.0
0.0
0.15826224180906517
0.399420376861339
0.0
0.6680157920020872
0.0
0.0
0.326447901537985
0.5113286235226556
0.0
0.0
0.0
0.03862190490566947
0.44654071786997684
0.07350767818322974
0.02043061908107599
0.0
0.15446903909220075
0.0
0.28666404757426
0.7329250857977029
0.31583392475688604
0.12298921047551585
0.9316977057319644
0.0
0.8559522313186527
0.0
0.6836311552876244
0.0
0.594231928017046
0.2623446296269246
0.7876611968960676
0.23148067723373075
0.07186886100284039
0.0
0.7727752109184584
0.5865621319814933
0.0
0.9875602501723028
0.0
0.0
0.2976933305697349
0.0
0.9318657914339276
0.19383551108656374
0.9493299627723224
0.0
0.0
0.5593656992972017
0.8029185741164332
0.0
0.0
0.0
0.0
0.0
0.9714182666706662
0.30029711100475465
0.7833481193245354
0.8776499704648887
0.0
0.2330177037747531
0.0
0.7622761797726779
0.4626266890496143
0.0
0.9951548502634899
0.040425536677896584
0.0
0.25885877959397313
0.44635444385860357
0.730135492850771
0.0
0.0
0.0
0.0
0.0
0.9934875093222572
0.0
0.398831113148419
0.0
0.0
0.8031017328114847
0.7598336637716817
0.0
0.11226639835856912
0.34766779325539426
0.3896752053444099
0.3100266033976837
0.0
0.0
0.4632147113806866
0.17727279339575655
0.0
0.1529411603957472
0.93489314239378
0.0
0.0
0.0
0.0
0.0
0.17510087928053913
2.6345038649560086E-4
0.7762046071139426
0.24486916844001363
0.0
0.0
0.0
0.0
0.0
0.0068027034146394905
0.0
0.0
0.0
0.38385877554341613
0.0
0.11477292005378152
0.8524820972733342
0.0
0.0
0.0
0.0
0.0
0.0
0.0
0.9829999917794817
0.26700486469842777
0.37368879219037365
0.0
0.7110770229173995
0.9597698759022132
0.6251469628077734
0.4721333104338421
0.0
0.61739969427478
0.0
0.5142596930774233
0.0
0.22553800468618637
0.7879515754379807
0.6184999425981932
0.0
0.14098836074328003
0.0
0.0
0.9466555446726678
0.0
0.3976940012522887
0.0
0.0
0.07183563409794766
0.2430512520535477
0.24014121607562505
0.29996602135177247
0.0
0.0
0.0
0.9403290934586802
0.5880320916437551
0.0
0.496212055427056
0.0
0.0
0.6025258534197584
0.0
0.29447465314516535
0.0
0.0
0.0
0.9846102702599284
0.3017449476088153
0.7059351417022304
0.5731930407321706
0.0
0.0
0.7714377353710236
0.0
0.8265826204757786
0.0
0.6240729673702178
0.0
0.0
0.0
0.0
0.10850011886903341
0.0
0.15438203122167915
0.0
0.42634121206894204
0.35495533547195357
0.4502395987859704
0.22761456093344115
0.0
0.0
0.6264571130330957
0.0
0.6486511130196883
0.055582314610376035
0.0
0.0
0.8195805425293277
0.0
0.89803734188314
0.06458145539575678
0.8906468611607755
0.2403821137986788
0.0
0.0
0.5887643066832845
0.6507145044783068
0.0
0.670658935014374
0.0
0.711163782213314
0.0
0.0
0.0
0.0
0.0
0.0
0.21432077967429242
0.0
0.0
0.36870437496969577
0.3092486709182025
0.0
0.0
0.0
0.0
0.7347521308467629
0.0
0.0
0.0
0.0
0.46235077836712746
0.7909332001499421
0.0
0.0
0.5959507569718685
0.6544757623311483
0.0
0.0
0.35199057577456117
0.0
0.0
0.0
0.12740645555312882
0.572064823697
0.823679933248165
0.0
0.0
0.0
0.0
0.1548828145460068
0.0
0.9867536247996915
0.0
0.0
0.0
0.0
0.0
0.4363427044942746
0.0
0.19319122089567348
0.0
0.0
0.0
0.6750942069404378
0.0
0.9781161933460897
0.0
0.0
0.0
0.4432185809390314
0.8163675647790558
0.9636808231030987
0.6089787322869308
0.754014812763195
0.0
0.5357052476297106
0.8451417212095973
0.048018072413270184
0.0
0.0
0.2611001511565858
0.0
0.06320995290137645
0.3364885315886929
0.0
0.0
0.0
0.0
0.1938590475515767
0.0
0.4088071343492191
0.0
0.6152980134505169
0.0
0.0
0.26955192124369604
0.4307344565644259
0.0
0.7797434246150248
0.0
0.0
0.7406080667867833
0.11100854151414166
0.3462527826997029
0.0
0.0
0.0
0.16673093838241815
0.0
0.653212023677261
0.0
0.21580329530276607
0.17481346403565282
0.0
0.0
0.0917374390910514
0.8660011939459651
0.0
0.18762130563166857
0.0
0.8973846042982456
0.0
0.6221135961164764
0.8495301803142231
0.0
0.0
0.9360776521860688
0.9955154296466664
0.0
0.0
0.2036690648326589
0.1090623918040214
0.9409781268322568
0.5225198302043622
0.0
0.46289798522559295
0.0
0.8377251867327593
0.0
0.0
0.6156671199756852
0.7332285063493063
0.0
0.35123160668981684
0.40175437572175565
0.0
0.5545118907619928
0.0
0.43685808578130364
0.0
0.0
0.0
0.3594289046503674
0.7345056434320776
0.8333024022031454
0.49812983907751296
0.0
0.895473109652168
0.08817035649132532
0.1676437818191221
0.9228889121617508
0.0
0.36530207860245517
0.0
0.0
0.03201644861293111
0.9681161296356592
0.0
0.3010405069086566
0.18307555322451227
0.6539748731632697
0.0
0.0
0.7716332835172083
0.03184994450601494
0.0
0.6153150868306768
0.23353148978057228
0.0
0.0
0.0
0.0
0.7824943547383105
0.9695637433072933
0.30188500265479923
0.3558723315433982
0.0
0.37996627718783405
0.5609609589403179
0.7610177981183399
0.7520826701168019
0.6733360283910452
0.0
0.08978040721172909
0.46174592928919084
0.1115276307184548
0.0
0.8367264572905218
0.6292847256725767
0.6268218037755485
0.0
0.20897846612274976
0.0
0.0
0.0
0.647766392027063
0.0
0.0
0.19791617353577512
0.0
0.9858362058618573
0.862052443523202
0.39543121434369505
0.043844206333770404
0.12080703166155715
0.0
0.0
0.8089691256235105
0.11215803397182844
0.06379770453238963
0.0
0.7544249426241497
0.0
0.1325704795912893
0.0
0.14030599447365422
0.0
0.0
0.0
0.655162918447136
0.0
0.0
0.0
0.6459147106645422
0.6510350912124958
0.0
0.0
0.7593646610074544
0.6417126798283441
0.0
0.0
0.14511930779800603
0.4312061354330071
0.07133550028048372
0.685813249483522
0.0
0.0
0.0
0.0
0.5024387360785582
0.0
0.5428572731853885
0.87461263833013
0.0
0.0
0.0
0.5693933415287277
0.9190862228628931
0.0
0.0
0.0
0.30143768178184754
0.0
0.49251587307271466
0.23854728239888665
0.0
0.022191694040690272
0.0
0.0
0.5042265175748253
0.0
0.0
0.48105328011578546
0.0
0.6193308435105077
0.408687104621328
0.0
0.8404649807501874
0.0
0.0
0.7566424150259742
0.36244793121640406
0.09067704350452145
0.46292252060231376
0.8666353221019955
0.0
0.009793441154129782
0.8005435015786345
0.7791104401901194
0.15370378919634745
0.0
0.6767701746353364
0.37498832264068926
0.9381046167036827
0.0
0.2831294601717254
0.42486643146433123
0.0
0.8414174176229385
0.0
0.3599505733931398
0.4028911594206715
0.5430858945556895
0.0
0.8537430417915031
0.10911126790335836
0.0
0.8726852085747242
0.0
0.0
0.0
0.0
0.6155761780308531
0.8496534724067631
0.0
0.34830260744737235
0.0
0.0
0.31050169235097935
0.0
0.399529032736157
0.4114123355267086
0.5969814232771152
0.0
0.0
0.0
0.0
0.0
0.0
0.30904732187095035
0.5851125383624394
0.0328422970832351
0.0
0.810160051579133
0.0
0.0
0.0
0.0
0.40020384128407727
0.024835918806825247
0.0
0.5327301247144565
0.40903261762356946
0.0
0.004466889103028584
0.0
0.8630179971310133
0.0
0.9237482945234377
0.7466083948896283
0.0
0.41419142061591163
0.0
0.2913460179463199
0.0
0.0
0.0
0.0
0.0
0.0
0.5085724723953369
0.4401375805372273
0.4491934018130141
0.0
0.0
0.0
0.25294319252652814
0.0
0.8155873227931281
0.0
7.329964496520592E-4
0.0
0.05073335913637936
0.0
0.8412620172371711
0.0
0.31986522715274335
0.0
0.18170258444371265
0.704090482479052
0.7030634894745024
0.0
0.7018231844651049
0.8558457023069264
0.298110049967178
0.6814156613361639
0.40756682250376497
0.0
0.0
0.0
0.0
0.679213723371074
0.0
0.0
0.0
0.2124470548689773
0.0
0.2036716571865518
0.0
0.0
0.3432086702472519
0.0
0.0
0.959097733749503
0.0
0.0
0.0
0.0
0.0
0.6916445362177007
0.0
0.3214137708455128
0.0
0.49685448257253306
0.6865538394256235
0.0
0.0
0.5790110746045231
0.0
0.4434508964983402
0.0
0.0
0.7780180803922326
0.10904700263193365
0.0
0.0
0.0
0.0
0.0
0.10020099046579127
0.0
0.4914214907713223
0.1786800673380245
0.36629988100894645
0.0
0.0
0.0
0.5206787996915567
0.0
0.0
0.0
0.0
0.8590844099956466
0.0
0.07745907601824793
0.0
0.743343478345127
0.5409899407585829
0.6256185847597003
0.34054121666218856
0.0
0.8286613437480451
0.0
0.15870884384451975
0.0
0.5526754331583066
0.4278643283564653
0.0
0.0
0.11118929215465641
0.0
0.11340708017387478
0.1848659202420001
0.722546765727141
0.0
0.5404673976054155
0.1365127642290785
0.0
0.0
0.9794658776851254
0.5106860049973538
0.0
0.0
0.0
0.0
0.0
0.0
0.0
0.0
0.286250991639972
0.0
0.0
0.9934608773436868
0.6798333682475538
0.9736259616503236
0.0
0.0
0.2192519572411286
0.515861976215647
0.0
0.0
0.2920645939686697
0.0
0.7257857273918316
0.7891101748441675
0.0
0.0
0.0
0.0
0.6455923817180422
0.25916883492136583
0.0
0.0
0.0
0.9644114100069063
0.0
0.0
0.6275795335811837
0.4264733877711334
0.4811728238508429
0.0
0.11281715024901584
0.0
0.0
0.6951508282331043
0.05992346836422842
0.6138724235344121
0.4838288876569857
0.0
0.0
0.0
0.2496278108086464
0.1056183899760286
0.0
0.5002677659007628
0.0
0.0
0.0
0.20770243313753792
0.0
0.0
0.0
0.0
0.0
0.0
0.9808130030090293
0.0
0.0
0.0
0.8055095037818967
0.0
0.0981198881982679
0.626425238300375
0.0
0.0
0.0
0.749821770519148
0.0
0.6744180877262042
0.0
0.0
0.0
0.806249479318697
0.0
0.3765636843813921
0.0
0.0
0.0
0.7460919581156263
0.8302350149064832
0.0
0.0
0.39185359134902087
0.0
0.0
0.0
0.0
0.3720618673125124
0.0
0.1418312287359376
0.32775827713857764
0.5010742524098102
0.6009464324143395
0.0
0.8534379045792178
0.0
0.0
0.0
0.38271625295712375
0.7100138289940127
0.0
0.0
0.0
0.0
0.0
0.0
0.3017418314525203
0.6087511560862965
0.5787630543166339
0.0
0.383750869437572
0.03508240157354434
0.0
0.0
0.0
0.4749051096503331
0.6247960499198445
0.6250178439516857
0.2420344435827488
0.08929919409986291
0.05346616414933025
0.0
0.816863287040565
0.0
0.0
0.06274422342810153
0.5204527459983478
0.0
0.407908867598674
0.35497821958913395
0.9716703425425596
0.0
0.7222657011604665
0.0
0.04648306066070487
0.5622496280347354
0.0
0.0
0.32720496945203575
0.7090477378521826
0.0
0.0
0.9179711869464031
0.0
0.0
0.0
0.0
0.678446048278919
0.0
0.0
0.0
0.4161705099732468
0.7507843632183606
0.0
0.0
0.0
0.0
0.0
0.6015917200669019
0.0
0.1398812491891529
0.7266189164860719
0.0
0.0
0.0
0.5789102430523965
0.0
0.546145459458901
0.39117555423809947
0.3268861756537603
0.0
0.612905706836456
0.0
0.4705770554496458
0.6872753554855793
0.9992493993552962
0.0
0.0
0.0
0.0
0.0
0.0
0.07816124328991567
0.0
0.0
0.0
0.0
0.0
0.0
0.0
0.0
0.20367678369484093
0.0
0.0
0.5089774189931805
0.0
0.0
0.0
0.824525322799294
