0.0
0.5777992545001314
0.25444514727333994
0.0
0.5072022303956512
0.0
0.0
0.9904951938678715
0.5340795856581281
0.9160896004149366
0.0
0.9039035835777461
0.47938747359260575
0.0
0.0
0.5067890961686913
0.0
0.0
0.625636558051713
0.0
0.0
0.0
0.5719936435779397
0.0
0.0
0.4023519839305982
0.7455416529589985
0.0
0.0
0.16875887630208689
0.0
0.0
0.8267674638975918
0.0
0.0
0.0
0.39698955269841657
0.9105669260668161
0.0
0.0
0.0
0.0
0.0
0.0
0.0
0.0
0.0
0.0
0.009651807439283273
0.08955895479944813
0.5919338648757895
0.0
0.0
0.0
0.0
0.06805653259194469
0.0
0.13672977427004776
0.3778012131663858
0.4755861605720035
0.5029723957209273
0.3475748985684228
0.9275146619990192
0.8339020716171714
0.0
0.0
0.0
0.0
0.5116368519833546
0.0
0.0
0.26577663994517664
0.0
0.9778285292793139
0.09680534578318908
0.9159264288474628
0.0
0.0
0.0
0.0
0.0
0.5861883948810942
0.0
0.0
0.0
0.44343645829758693
0.0
0.4721312541792087
0.0
0.4494956859451378
0.7363125254073073
0.0
0.0
0.20042406347345934
0.0
0.0
0.0
0.7381220220418444
0.0
0.6663932112883482
0.0
0.9697889239076976
0.18781827427351103
0.7881423241363876
0.0
0.7219045793004645
0.289693760268394
0.0
0.0
0.41158850780854883
0.0
0.0
0.0
0.0
0.0
0.9682462720553068
0.0
0.0
0.34276794978525443
0.0
0.4942124136725029
0.0
0.31450810093720455
0.0
0.10784530942564795
0.4462228231421391
0.0
0.40429268786417943
0.0
0.0
0.0
0.0
0.40317439833794744
0.0
0.0
0.2794917189726376
0.0
0.0
0.0
0.5256878981835259
0.0
0.0
0.0
0.0
0.0
0.0
0.0
0.940292401621182
0.9900194270727757
0.0
0.0
0.4763104868459192
0.0
0.05264178249014786
0.0
0.9314209864842679
0.0
0.28241194575333467
0.10649369033243658
0.0
0.6492090693830409
0.0
0.6371358387248319
0.0
0.8655476051174495
0.0
0.323694653128522
0.6548079122409801
0.0
0.35839422510058944
0.2761965457399768
0.0
0.0
0.979568714636906
0.0
0.28100401598749125
0.0
0.0
0.618279978281807
0.0
0.0
0.6206366813857144
0.0
0.7667499946455107
0.0
0.6376720752894427
0.5486307554837714
0.0
0.0
0.0
0.15320647441261753
0.0
0.14793992178042442
0.0
0.6628203230891873
0.0
0.0
0.0
0.0
0.0
0.0
0.08164840553775682
0.08457299950704483
0.9431580157600212
0.5601654701459534
0.0
0.6663458729182179
0.0
0.7452627468238843
0.0
0.6489245738301384
0.05878274632898428
0.0
0.0
0.03365190850977985
0.0
0.0
0.830154741231359
0.0
0.0
0.0
0.3443363465672508
0.9473126348412328
0.859192013075514
0.015033056662262458
0.3446444307902
0.0
0.0
0.0
0.0
0.0
0.16882522626253701
0.0
0.621367233545971
0.0
0.35784811880745404
0.0
0.0
0.0
0.0
0.0
0.0
0.0
0.9426310233794528
0.0
0.0
0.0
0.0
0.0597848709533262
0.0
0.0
0.0
0.0
0.1731828519341482
0.0
0.0
0.0
0.0
0.0
0.0
0.0
0.29939515425753926
0.0
0.0
0.0
0.9590659272103023
0.0
0.6076777307938871
0.0
0.6442696028143232
0.0
0.0
0.0
0.9882533263414116
0.7730841339933342
0.6577744489342954
0.0
0.9276601025966029
0.0
0.1016528878898675
0.5620285237988585
0.0
0.7485914062089103
0.02048778868584105
0.0
0.7705661109169113
0.0
0.0
0.15274487072944026
0.0
0.8357146338142066
0.0
0.0
0.0
0.346912853033078
0.0
0.08074874424801387
0.0
0.0
0.0
0.0
0.0
0.0
0.8136387384033011
0.789719260514148
0.0
0.0
0.0
0.4484183611036909
0.8315359243276496
0.6677778559667685
0.0
0.3414322898927213
0.0
0.9694669205563403
0.0
0.0
0.0
0.5140203745106583
0.0
0.8599822989359389
0.0
0.9446910867517904
0.5567579856504498
0.0
0.02912891061042281
0.0
0.0
0.7121558148608341
0.0
0.0
0.2504757581451498
0.20533316643018054
0.9213779159338108
0.0
0.0
0.5013497121955841
0.0
0.0
0.4653728553029442
0.20283397964887706
0.0
0.0
0.9340492887925501
0.0
0.8091695159585055
0.8813874008197243
0.4150288015146697
0.0
0.35625186943022125
0.0
0.0
0.0
0.05272327006118032
0.0
0.7330547800689219
0.13968424819683617
0.0
0.0
0.4969310632533371
0.5364934985501343
0.0
0.0
0.0
0.0
0.0
0.19502586943369835
0.0
0.0
0.3486383978800173
0.4789874710480771
0.0
0.0
0.0
0.0
0.4927200541355468
0.6720631931472781
0.0
0.8474049649940506
0.0
0.38291095255569896
0.0
0.0
0.0
0.6201341308973835
0.0
0.0
0.0
0.025660219024476294
0.0
0.0
0.0
0.02381169225165646
0.4242528764913169
0.03671222451522242
0.0
0.8571057067866253
0.0
0.2929924747258728
0.6590545724051426
0.0
0.0
0.0
0.364295935939347
0.0
0.0
0.39861255443532917
0.0
0.1695171370934738
0.8594391631881054
0.06930089593116133
0.0
0.0
0.1568793387217255
0.0
0.9960728891728294
0.6490677772599773
0.0
0.0
0.1812151272705033
0.6165000540662136
0.0
0.0
0.06690311182064877
0.0
0.9961369963772573
0.9513213603797244
0.0
0.2176757973173345
0.22069973473033785
0.6714147062456828
0.0
0.9984864262428154
0.9778746501838442
0.0
0.916834268651213
0.0
0.0
0.0
0.8877814526442417
0.3726704780704655
0.0
0.6672889990977102
0.0
0.0
0.0
0.0
0.2707585344761349
0.3773529172732808
0.6311835212011734
0.8317369319099581
0.0
0.0
0.0
0.3348569156960484
0.29075105354717845
0.0
0.0
0.0
0.0
0.0
0.6571505628389248
0.19653646889153695
0.44169054145302067
0.0
0.0
0.06517329044008993
0.0
0.6126272710004846
0.7207379773531952
0.2206921787085126
0.0
0.0
0.07436066895002837
0.0
0.591540148233372
0.29663760427137603
0.0
0.9784469448230144
0.0
0.0
0.0
0.3070958948833004
0.6731672408688902
0.0
0.0836734785227468
0.0
0.0
0.0
0.0
0.8600942606354726
0.0
0.4958539812831236
0.20080051866559756
0.5819582251905658
0.4307756490186538
0.0
0.19561345121184065
0.9331734280137708
0.0
0.3315988128406966
0.0067708290268963765
0.29916721465144325
0.0
0.7056727886691998
0.0
0.8675251657313945
0.0
0.0
0.0
0.3073451842181138
0.0
0.0
0.551838629634163
0.343264957035849
0.0
0.0
0.0
0.0
0.0
0.0
0.0
0.0
0.0
0.0
0.0033960692068076503
0.09229073930671194
0.0
0.0
0.0
0.0
0.0
0.0
0.0
0.0
0.1173480808749751
0.645977779466404
0.0
0.0
0.6006755284004799
0.0
0.27371849084782723
0.0
0.0
0.0
0.9212991082721304
0.0
0.7249937934495483
0.9258312093231653
0.0
0.0
0.0
0.0
0.0
0.4717855042126799
0.6832633468602859
0.0
0.6529230775349183
0.0
0.0
0.0
0.5063322280936201
0.4413213083913702
0.5070532565661676
0.4743114358940044
0.0
0.6789950907675981
0.9431151257364765
0.0
0.18693866639544648
0.0
0.1192798831070142
0.0
0.6321721490053535
0.686373664162979
0.601763308883317
0.13124451592996433
0.0
0.0
0.7266036223034965
0.0
0.0
0.1966883124033847
0.0
0.0
0.0
0.0
0.0
0.0
0.0
0.548291165044433
0.0
0.6146901180111235
0.0
0.0
0.06185982466190245
0.0
0.9779809968420776
0.8889244586288308
0.6609005641822642
0.8870727043248477
0.0
0.0
0.9592208143871135
0.0
0.0
0.7969412904164936
0.30595139058432524
0.0
0.0
0.0
0.0
0.9062662912936805
0.0
0.23985348944315915
0.25769255198272
0.3494989538508953
0.0
0.0
0.11749984447968301
0.625639048101358
0.0
0.0
0.0
0.0
0.3840649337411356
0.42472155179962623
0.0
0.0
0.0
0.7188056082483166
0.5017004886581954
0.0
0.5037858042409351
0.6784976939276951
0.0
0.0
0.4633818958794884
0.0
0.0
0.4734369840684306
0.571888578263539
0.45948330845792573
0.05402909730534004
0.8761973751235078
0.1752418080205884
0.9052757692992329
0.0
0.0
0.0
0.3468961333699228
0.0
0.19488492497871537
0.28414460491124943
0.353179225460261
0.0
0.47610045016141184
0.7416154249497388
0.0
0.0
0.0
0.0
0.0
0.31176574253619693
0.7187483976352502
0.0
0.0
0.0
0.12469482291621312
0.0
0.0
0.8030091763620875
0.944586518400388
0.0
0.0
0.3109139369162846
0.3928479814089064
0.0
0.7707081544554434
0.0
0.0
0.1038409118104114
0.5147952249519221
0.0
0.0
0.0
0.1359636689943275
0.9797274338749633
0.0
0.795810724308278
0.0
0.055364183740497744
0.0
0.03660891068700413
0.3834782148389134
0.0
0.9377696893274736
0.44972062150709796
0.12772150936101642
0.8219087170438976
0.0
0.1647704951039929
0.5478368248815662
0.48324499306254165
0.8013156309788166
0.0
0.12956230784310047
0.90930966564366
0.0
0.0
0.0
0.6666226113764627
0.0
0.5610913967358155
0.6599863987979754
0.028083199153567277
0.0
0.7810356604404354
0.0
0.0
0.0
0.004115756948275897
0.0
0.09455886283555782
0.0
0.0
0.0
0.0
0.5867087288101027
0.024958353453917753
0.0
0.7613794014869812
0.0
0.9326017535863768
0.0
0.0
0.8283354032746433
0.0699117968689682
0.34791148722062853
0.0
0.0
0.0
0.0
0.5365141981118775
0.0
0.00787761034788635
0.0
0.0
0.0
0.05822807961455829
0.36070534756515327
0.0
0.0
0.0
0.36760116017806843
0.0
0.0
0.0
0.4452376685447371
0.044053253177828315
0.8324284745051046
0.5982751063563947
0.8176031083081517
0.4685100131051774
0.8495118250361177
0.0
0.3915386971019546
0.0
0.0
0.0
0.4868363434069582
0.0
0.0
0.0
0.5691536930599077
0.4442493398239295
0.21739336333411485
0.0
0.25128831732906604
0.0
0.7434998067494045
0.0
0.09957178670420223
0.8038792199116794
0.0
0.0
0.0
0.19077400008169615
0.0
0.03933928078273689
0.0
0.0
0.04025539079763042
0.0
0.5214527586167876
0.0
0.0
0.0
0.6455678698649793
0.0
0.7529620084256814
0.0
0.22056756363979588
0.0
0.0
0.0
0.0
0.8282180620427403
0.0
0.0
0.04796055933230807
0.0
0.0
0.6248915939793609
0.2683678985003128
0.0
0.0
0.0
0.4320028500084961
0.0
0.5906116491228023
0.8777462348170594
0.0
0.4547681819242559
0.0
0.9194048298418558
0.0
0.0
0.15792717625747496
0.10187042674860541
0.0
0.0
0.0
0.0
0.00952856310817868
0.0
0.0
0.6053610784685822
0.0
0.0
0.2728872679798041
0.0
0.20185323062216648
0.0
0.0
0.9543606462624618
0.6505962029312382
0.5731950124827281
0.0
0.0
0.0
0.9877672400287665
0.9791679163020834
0.0
0.6999600885986141
0.8375594793527701
0.0
0.0
0.0
0.0
0.03777309453052556
0.0
0.0
0.6503597711070741
0.0
0.5447729306894709
0.4290518081618284
0.0
0.0
0.4814336466783819
0.0
0.0
0.0
0.9348428438223603
0.0
0.32515187930066214
0.6882135060996458
0.0
0.0
0.048740414275274285
0.0
0.8943765257808706
0.8771544623184093
0.8996417679511215
0.0
0.9472555027408013
0.3663528247751351
0.0
0.8046188870916178
0.1369669527267586
0.5186357040483078
0.29153672784350315
0.0
0.0
0.0
0.0
0.8177370200589247
0.0
0.0
0.0
0.6150087929309378
0.04414009485088959
0.7099486294589732
0.6024952931645876
0.0
0.0
0.6696544395277125
0.8135129168938305
0.303792475634877
0.0
0.23969901483524061
0.6489776620969029
0.0
0.06589873377427308
0.0
0.40873631381533154
0.0
0.6217590156408871
0.4500486793137819
0.6142909220377163
0.0
0.0
0.0
0.9834563422591398
0.0
0.0
0.0
0.0
0.0
0.0
0.0
0.8712913796852716
0.792515956233761
0.9915997551148082
0.0
0.0
0.0
0.0
0.0
0.0
0.0
0.8003199290960026
0.0
0.0
0.6309411665779097
0.0
0.0
0.9256156124199817
0.8668202404080556
0.7273195917495657
0.5771192736859952
0.06221935921134871
0.0
0.0
0.34038245161563757
0.0
0.0
0.1965827974089161
0.9301369452377561
0.0
0.5086702936108229
0.0
0.1452401245267361
0.9964461146101666
0.0
0.8259480411486675
0.0
0.0
0.0
0.0
0.11614955713839649
0.0
0.47375303115301026
0.8941923107058282
0.0
0.6724176308190694
0.0
0.6539828212976846
0.010051792911135003
0.0
0.028683268749077867
0.21787181523002724
0.15923356033121336
0.32195253864810613
0.9254441033689242
0.0
0.6556898457728225
0.484878197415633
0.4647991039661755
0.0
0.0
0.6723241337806528
0.0
0.0
0.0
0.0
0.14695575958108714
0.30318238540696224
0.20228914422760358
0.0
0.20219309064945262
0.0
0.0
0.0
0.9235894095038644
0.8045257023636178
0.15731101613906812
0.13400330012151684
0.0
0.7807659030878409
0.9687859883137123
0.4923306242460704
0.0
0.5415933507087427
0.0
0.0
0.41416687430324983
0.0
0.2535504961107365
0.0
0.0
0.0
0.0
0.5170755523265873
0.0
0.0
0.0
0.0
0.0
0.10559659287417021
0.0
1.7013395549890945E-4
0.47518145610256585
0.0
0.868058540455906
0.0
0.0
0.0
0.8113213544211896
0.0
0.8658879062502776
0.0
0.1423345685360977
0.6258768098432771
0.0
0.0
0.0
0.41252951578429037
0.0017388497016735853
0.0
0.0
0.9630437118305801
0.0
0.026257875707346435
0.0
0.0
0.0
0.11640035290733683
0.7807177913712309
0.8327557567901679
0.0
0.9644995983065769
0.0
0.0
0.0
0.0
0.35618471648397226
0.7315661610696556
0.3938384137178804
0.0
0.41721119006177204
0.0
0.0
0.0
0.0
0.8892064691139316
0.0
0.0
0.0
0.0
0.4090161463648262
0.635790316290716
0.0
0.21476943313735314
0.385377375141828
0.036880647270580595
0.0
0.9246599872994812
0.2348786137951768
0.0
0.0
0.6468490822993582
0.9582642256199561
0.6791783575686199
0.04394333050305615
0.789471307188845
0.37453133715548054
0.05006703247953603
0.0
0.9935988716110138
0.10801314349394245
0.0
0.0
0.0
0.0
0.0
0.8159656972391998
0.20675874252685714
0.0
0.09330640093978214
0.4831026235204266
0.8156320392761749
0.0
0.0
0.5334893384278839
0.15160306661063028
0.0
0.0
0.5356454343049799
0.05295931185587987
0.9863805817308666
0.6195633903785208
0.0
0.7326875126355015
0.0
0.0
0.38142286569926964
0.0
0.6604918214331222
0.0
0.0
0.0
0.0
0.32609815346250753
0.0
0.0
0.12043209253919183
0.8687976503743959
0.38757231417516697
0.0
0.0
0.6844020241435614
0.0
0.8493671253363679
0.7170611513274252
0.0
0.2268269067736164
0.4582058791255533
0.0
0.0
0.0
0.7860184886904457
0.38432941900052614
0.5374853111961004
0.0
0.6208096873168575
0.0
0.0
0.0
0.0
0.0
0.4767761074724473
0.0
0.0
0.0
0.5845580116376626
0.4101213336393654
0.4362471608963436
0.08389611759616944
0.0
0.06878706498565258
0.0
0.0
0.0
0.81315331095009
0.35587437870539573
0.741528920854551
0.0
0.0
0.0
0.0
0.8266790134584837
0.0
0.0
0.0
0.19572314351343867
0.0
0.0
0.6889435683507151
0.9807375497389484
0.0
0.0
0.0
0.0
0.46338197096486616
0.0
0.0
0.5666955969489681
0.0
0.0
0.0
0.0486961563095708
0.4630490315723321
0.7919008311164858
0.0
0.0
0.3043535714879962
0.5757588700053956
0.13034957525817772
0.0
0.0
0.3154481119986245
0.8111334959776302
0.0
0.5341268200060492
0.0
0.0
0.0
0.0
0.4223629636312957
0.7267066044588535
0.33779793006706965
0.5931393391521521
0.9162895552204362
0.3145056867551468
0.0
0.09504930061467023
0.01704382659400849
0.7390050435354047
0.0
0.0
0.0
0.0
0.0
0.0
0.0
0.46093371354594787
0.0
0.0
0.0
0.5039905292211388
0.0
0.0
0.0
0.0
0.5351342939861695
0.0
0.5552181519903095
0.7847223403933019
0.24139724624637904
0.0
0.01952880601463796
0.2767067613331012
0.0
0.566864382102226
0.06556401901593358
0.7013684930271286
0.0
0.0
0.0
0.6552289224992253
0.8566472275095027
0.14940735123042356
0.0
0.0
0.44217596700907086
0.2874422766328142
0.0
0.0
0.521072528773771
0.41063133005096236
0.848477915167234
0.22780448657318184
0.0
0.0
0.9634559520103682
0.0
0.0
0.7792210958443212
0.13501065904084802
0.5318085843975655
0.0
0.20389459782169342
0.3260828401606694
0.33370022025149626
0.0
0.0
0.0
0.0
0.11010829589430937
0.0
0.27161150200723716
0.5974402150130985
0.0
0.0
0.0
0.028516204009764366
0.0
0.15540215082525938
0.0
0.11219331955642986
0.0
0.0
0.0
0.13238944351797538
0.3545869418445576
0.661671661553569
0.0
0.25184156806460534
0.13028272168469324
0.0
0.0
0.0
0.2974915322468615
0.0
0.470163707566213
0.5926977942794786
0.6787376138575509
0.0
0.0
0.0
0.17958760269454968
0.38464782472381914
0.38428729474230705
0.10898282933801692
0.0
0.054504213782447346
0.0
0.8713103710087687
0.0
0.19555321809134782
0.07653187252835662
0.0
0.19040917587528958
0.0
0.4776309347636578
0.0
0.3654919765253643
0.0
0.0
0.0
0.05108422247691015
0.0
0.8647542683050145
0.431187693908858
0.3247131521239907
0.6385876033688104
0.15179061941896685
0.34431086620039275
0.9678919405537822
0.9083858976430614
0.6163118838435317
0.0
0.0
0.04019084690393366
0.9698632546112037
0.0
0.0
0.9341111666483118
0.5885348952779604
0.0
0.770524377794983
0.0
0.6266172650849604
0.3126224805739258
0.25304207751675656
0.0
0.329111224800305
0.0
0.0
0.7272265784915919
0.13176601406419478
0.11097737120624258
0.0
0.5758226697511627
0.0
0.0
0.39937427719512486
0.0
0.29624152677571297
0.0
0.8976700203541476
0.0
0.5896886170575172
0.0
0.0
0.6363861162872186
0.0
0.7958371891904389
0.0
0.0
0.0
0.5901798821359965
0.0
0.11472809577432366
0.0
0.0
0.0
0.0
0.4478284267153919
0.0
0.07040219323932599
0.4034593345062421
0.8485336892695998
0.0
0.0
0.0
0.0
0.0
0.0
0.5947900539529031
0.0981594148212232
0.020436204714959966
0.0
0.026589411881288202
0.0
0.0
0.0
0.09874508986494317
0.9439650919899517
0.0
0.5635758507684673
0.8723894589971216
0.0
0.0
0.0
0.5681087028983232
0.9189525393518148
0.0
0.562727068083705
0.0
0.0
0.9288795302615527
0.0
0.0
0.0
0.8589198497057496
0.9661624560213067
0.31330847721253424
0.7024984779277624
0.0
0.0
0.0
0.037560740366310505
0.31243809314688703
0.0
0.44882254590608256
0.0
0.972533386496862
0.8667296006561449
0.0
0.5567030755769323
0.0
0.5418234824613242
0.24532955982388355
0.702117260839454
0.0
0.0
0.0
0.40730348913395653
0.0
0.0
0.8312021700698946
0.0
0.9925514245284142
0.0
0.0
0.0
0.0
0.6729604567456172
0.0
0.9934829362650819
0.09065757489216886
0.0
0.7522711158919952
0.0
0.0
0.0
0.9304706287820317
0.816958110578753
0.9171179347511899
0.7555006756790212
0.0
0.0
0.0
0.0
0.0
0.32469317383493296
0.4546163486121589
0.0
0.0
0.0
0.45077574262930686
0.0
0.0
0.18430225645379633
0.0
0.2181484390534157
0.0
0.0
0.0
0.0
0.16022911819415783
0.0
0.0
0.41370085010384067
0.0
0.702877834298706
0.0
0.2835625762947724
0.0
0.0
0.0
0.14969983385167282
0.0
0.2458190960274822
0.0
0.3240486935065081
0.0
0.0
0.23445289271901523
0.6174058206243025
0.0
0.0
0.0
0.0
0.0
0.0
0.0
0.4784779757752733
0.0
0.0
0.04928176445428915
0.0
0.02657086969423552
0.0
0.5228369519335645
0.0
0.0
0.0
0.7167449887564994
0.0
0.0
0.9944376797734915
0.718125514741885
0.9336432274850683
0.0
0.2764504690617378
0.5878540471266273
0.0
0.11943183480760634
0.0
0.13352893100264315
0.5232669306569355
0.0
0.0
0.5520581637118007
0.0
0.0
0.0
0.027613408153015825
0.0
0.8938644105068767
0.0
0.0
0.0
0.0
0.8342561463697079
0.8658337731418463
0.5577663635888972
0.7773150115350627
0.0
0.27752584527029023
0.0
0.7654339797048774
0.0
0.0
0.3707796782767687
0.0
0.0
0.369716967342422
0.0
0.0
0.0
0.8973925893724004
0.5840886850534392
0.0
0.13485479831890645
0.0
0.0
0.4113049874548652
0.4544661947874572
0.6863350200024704
0.0
0.0
0.0
0.0
0.0
0.41192492055002444
0.0
0.0
0.8413794426289763
0.0
0.3724223762901873
0.7793694630342312
0.0
0.0
0.19763410144566054
0.4428777711415535
0.0
0.0
0.0
0.0
0.0
0.6040209869920679
0.8536934892258276
0.44443230126791783
0.991140975917309
0.7453827917041204
0.0
0.0
0.32127408671925745
0.0
0.0
0.0
0.668310644952109
0.0
0.7202100989001106
0.2796243613417598
0.0
0.0
0.0
0.0
0.4284776623592025
0.0
0.0
0.0
0.0
0.7395701360044605
0.0
0.25472452495514736
0.0
0.0
0.01858749461091977
0.33541893855677
0.9751119233685386
0.5719813560968035
0.0
0.6089189201269108
0.8399511491843963
0.0
0.8181746330066021
0.0
0.32208886054750124
0.0
0.0
0.0
0.22627455705806537
0.0
0.21706058313527155
0.0
0.39123671813366734
0.6345280430546778
0.49774590617638453
0.9585256887153895
0.0
0.0
0.5914210987810326
0.0
0.11574058702980079
0.6668749800677294
0.0
0.929797358674658
0.0
0.0
0.6099671916893723
0.0
0.07052180774856129
0.0
0.30660479388753964
0.0
0.0
0.6696326187822856
0.20525812431334509
0.5994045705642213
0.0
0.4633052496880639
0.0
0.0
0.0
0.46330203809883075
0.559192223976166
0.8219304637190298
0.45451158235576944
0.4048373557752235
0.0
0.0
0.4335610467519014
0.0
0.2811751785426609
0.46010422391044054
0.0
0.6493450283587332
0.9655912967229765
0.3511028773452047
0.0
0.0
0.0
0.0
0.0
0.0
0.0
0.0
0.0
0.9964681767401731
0.7307399222527007
0.0
0.0
0.2088142544901682
0.0
0.5684651528372631
0.4357359807334754
0.3729149225558917
0.0
0.6253512177313101
0.0
0.1471192495193791
0.0
0.9721083495969874
0.0
0.0
0.9665251817420422
0.6847617992935995
0.0
0.15102050705424472
0.0
0.6124350890843265
0.0
0.0
0.5518111327016024
0.0
0.0
0.0
0.0
0.14067553065485014
0.22192234206284644
0.0
0.05717507945056976
0.0
0.0
0.14200971840886117
0.0
0.0
0.8007654720853723
0.0
0.0
0.9517212231178969
0.1993817399680358
0.0
0.6527883366140058
0.0
0.0
0.07180007591094047
0.0
0.4701075589548501
0.021052170858875844
0.18197949872498123
0.9157888861876474
0.2615021255348017
0.9592633868096857
0.33372213290106517
0.6399898641224331
0.0
0.5522205451008791
0.84513965774189
0.0
0.12268861262390222
0.0
0.0
0.0
0.0
0.0
0.3136499665381246
0.7958818563582113
0.5637103495571705
0.0
0.0
0.079310245674654
0.0
0.0
0.0
0.0
0.0
0.0
0.6833850636793093
0.0
0.0
0.04634984582682001
0.9131868849247291
0.0
0.3208800698363911
0.31530709245734534
0.0
0.5091990911173837
0.0
0.08883505187454276
0.0
0.0
0.0
0.0
0.28329834718291524
0.0
0.0
0.13859124534237835
0.0
0.0
0.1980368075729093
0.771484397535428
0.7417547544318281
0.0
0.0
0.5960426521180362
0.0
0.7851302311770247
0.9648487359393267
0.0
0.0
0.0
0.016300653290947095
0.0
0.9893456082635665
0.0
0.0
0.0
0.0
0.0
0.7904850413227952
0.0
0.0
0.0
0.22183196841053404
0.0
0.6945892644215955
0.6066890922579375
0.0
0.0
0.0
0.9251612090956112
0.4531401818734092
0.3231315071062604
0.0
0.4098385242834448
0.0
0.20959844243066827
0.0
0.02031230540834374
0.0
0.5528941957926099
0.0
0.0
0.0
0.11087643685196974
0.08770570893407467
0.0
0.0
0.8414228477864774
0.0
0.7511420937510166
0.22018676608771603
0.0
0.5100369050284443
0.8075768217444835
0.49167328728089177
0.0
0.22059386468964093
0.0
0.6430870809982534
0.8295706937254963
0.5266001810413861
0.0
0.19830559367102787
0.46258901510700046
0.4256960947502429
0.0
0.6082005399059829
0.0
0.0
0.0
0.6863552652416226
0.0
0.06168102874828733
0.0
0.8134651058064974
0.9140364243137541
0.16968598840969012
0.1778854955408012
0.0
0.11138663425989379
0.0
0.0
0.0
0.16069608189623166
0.3605154655540926
0.5781662077737698
0.0
0.0
0.7287310282695253
0.1863971605350603
0.0
0.21029696511346654
0.0
0.5242269190245583
0.0
0.8463749173645907
0.0
0.0
0.7203663249914126
0.0
0.19074360534029
0.5769753906444163
0.0
0.0
0.9261398175232196
0.0
0.0
0.8626985862854366
0.1838195457520402
0.7633735419955534
0.5832565753141661
0.23633635145137433
0.05868254737971994
0.0
0.5269530936497705
0.0842073181277487
0.0
0.8509012751289097
0.9643778170031827
0.0
0.0
0.0
0.0
0.5556922775966052
0.0
0.2921193555240377
0.0
0.0
0.0011040674900481087
0.015392139725171741
0.5944172382190894
0.3870110909474546
0.0
0.0
0.2015158155412979
0.18381499586003222
0.8272917261550781
0.404929375720572
0.0
0.051695208029566314
0.6701219826694664
0.0
0.0
0.0
0.0
0.0
0.0
0.19357752980387924
0.0
0.0
0.7151007200927906
0.3559618049236077
0.7943534838340411
0.0
0.6275264150079046
0.03966434112158465
0.0
0.1550657516011854
0.0
0.8527588383719533
0.10879646213687914
0.06733828946301038
0.0
0.0
0.926089492620259
0.0
0.0
0.0
0.0
0.9413918342586283
0.0
0.564502861604013
0.0
0.0
0.03006176699280526
0.0
0.32700711549472644
0.0
0.0
0.7782967300308637
0.0
0.9949257453809022
0.0
0.5252301710567387
0.0
0.0
0.0
0.26297517163790357
0.4303885794575566
0.9824733393384163
0.9347814056784456
0.47296162081813553
0.0
0.4025951229488594
0.36703964949203105
0.0
0.0
0.0
0.39872831994303504
0.0
0.0
0.15669665733000848
0.0
0.0
0.2444731265780977
0.7462206301567047
0.0
0.11268562460982581
0.0
0.41721322248046694
0.0
0.06598538604250173
0.6154601826926519
0.8979581755050774
0.7843250647096431
0.6011660515817379
0.0
0.0
0.0
0.8735779922339696
0.0
0.41891530395994103
0.44763512001793065
0.0
0.9311140972404846
0.0
0.0
0.9038598443627341
0.0
0.0
0.4606620179752795
0.7446800266135911
0.8330788492747012
0.8172516405255421
0.055324486568086056
0.35443755635860275
0.4079514101953106
0.0
0.0
0.751854008613971
0.0
0.6290336794502887
0.0
0.0
0.0
0.20409455659544354
0.0
0.0
0.8468384711555736
0.0
0.0
0.029033317489953844
0.9259221393438433
0.2792803434278801
0.0
0.4946268404266165
0.1394302213710439
0.0
0.5977040421605128
0.1850663920873944
0.0
0.7307473859019984
0.09799464390339202
0.0
0.0
0.963347167737026
0.0
0.7750941747139518
0.0
0.9363402144102726
0.0
0.0
0.5859255586095825
0.6823067978599787
0.30665479612693597
0.24567239512702493
0.0
0.6903044865923061
0.0
0.4445708185354643
0.0
0.7273366723130503
0.6185800979411076
0.0
0.0
0.03682096427527912
0.9566544314618526
0.0
0.6703312472347024
0.0
0.37496985542997224
0.5667686720341738
0.03115869388071856
0.0
0.0
0.0
0.2629870834655703
0.0
0.0
0.0
0.4788471975248875
0.0
0.9483314221616642
0.5381365797070423
0.0
0.4610469722241138
0.43213630166201333
0.0
0.7653057878830483
0.0
0.0
0.9767076366010706
0.0
0.4762312078450289
0.03800130883624994
0.14888221186166878
0.0
0.8182211604315668
0.0
0.014760656007946727
0.0
0.8901308629792698
0.0
0.577133957399014
0.0
0.0
0.2409690548806684
0.9296405106991749
0.0
0.7375442813985954
0.0
0.0
0.5405210462336958
0.4319561472695954
0.34600528824308235
0.0
0.0
0.0
0.3250135046485227
0.0
0.9421569277688889
0.0
0.0
0.0
0.0
0.7191990493851667
0.44638250604094765
0.41848929851172584
0.0
0.0
0.9616630104407539
0.7304362080752782
0.0
0.16977939054915717
0.1039069449074724
0.0
0.5575537335939921
0.0
0.0
0.24225533702934784
0.1264667895298998
0.7426338909846719
0.0
0.0
0.0
0.9679805488858175
0.0
0.9480766233680397
0.23111056966653393
0.0
0.0
0.19275523626524652
0.0
0.0
0.0
0.4166489671917811
0.0
0.787142133192617
0.0
0.0
0.21729819688309152
0.36133714104153153
0.0
0.556902824303813
0.0
0.0
0.0
0.0
0.0
0.7874049052571238
0.0
0.4322105201523787
0.0
0.346478740838061
0.0
0.5325319054768872
0.0
0.0
0.4983031343481029
0.1684294346459479
0.0
0.0
0.0
0.0
0.5151386132802598
0.16469826892868827
0.9424707061879919
0.5818929152364265
0.00982782354990235
0.47555409398729315
0.0
0.0
0.0
0.0
0.9965411553365229
0.0
0.0
0.0
0.9195870228607466
0.0
0.3050146252299589
0.3299193268646492
0.0
0.0
0.6819474038892517
0.0
0.5817833797744203
0.527681036882089
0.2025820379078167
0.0
0.0
0.0
0.0
0.08554236461153429
0.02196194593918189
0.0
0.0
0.0
0.7690886297924763
0.0
0.0
0.15818643580666616
0.6367494443350321
0.5653244409246021
0.0
0.7067193979964215
0.0
0.9638656886203031
0.0
0.5092863363943213
0.0
0.2857447705870112
0.21312206774311593
0.6015642748310548
0.0
0.0
0.0
0.0
0.09313013182589848
0.0
0.5072463598856671
0.0
0.9116022480479123
0.09379909074359749
0.8063740972640061
0.2823121522561301
0.701969600993187
0.585415896014887
0.0
0.0
0.0
0.0
0.9859086012722797
0.5335658006272992
0.8012012910591142
0.0
0.4695244415090797
0.0
0.480760025400199
0.8947570803284486
0.6794446431460056
8.649560625453337E-5
0.0710484956848997
0.0
0.0
0.0
0.0
0.0
0.0
0.0
0.0
0.0
0.0
0.0
0.42578692950490143
0.0
0.0
0.07359035392252987
0.0
0.0
0.6965031432659408
0.0
0.0
0.0
0.4694637982332622
0.0
0.3242437012173375
0.0
0.6044423484226117
0.5033060942725811
0.0
5.878435218111181E-4
0.0
0.0
0.12943646095717795
0.0
0.5240289366068038
0.0
0.0
0.9235036392910407
0.0
0.028545910460926825
0.0
0.018052755509750724
0.9661757692496178
0.0
0.0
0.0
0.22439068626755562
0.5060482831503638
0.0
0.3790982552562417
0.0
0.0
0.2999447183183837
0.0
0.0
0.0
0.0
0.0
0.0
0.27612912926714384
0.6230438370167655
0.0
0.0
0.5561945199922089
0.0
0.4339235419303088
0.6651969603312436
0.0
0.6514854650714773
0.5769129565393097
0.0
0.0
0.0
0.0
0.0
0.9879777018080076
0.8263901884664685
0.0
0.11615262894364697
0.0
0.0
0.0
0.8902606756263057
0.0
0.0
0.0
0.37251698975162323
0.0
0.0
0.0
0.0
0.0
0.0
0.06175893246602154
0.0
0.0
0.0
0.2567108054971558
0.3833582722434929
0.14956778596440867
0.0
0.5364749482884045
0.7259770093286859
0.21147261782614601
0.0
0.2502682292255903
0.3298176791786579
0.0
0.0
0.7673227150871686
0.0
0.0
0.4309950308774627
0.0
0.753038931637748
0.9047554437681385
0.4875385752360733
0.0
0.4725512958622822
0.6649809001040798
0.0
0.0
0.0
0.3804950068683715
0.0
0.0
0.925775277552608
0.6019159740522108
0.0
0.004142143620331303
0.5691557823893224
0.0
0.49291554766027484
0.0
0.0
0.23628465669616322
0.0
0.5240106680660168
0.0
0.679383909284889
0.5032589482728258
0.0
0.47675708065156486
0.132835464184987
0.26574049328724897
0.0
0.0
0.13043513904275666
0.0
0.5540582452446192
0.0
0.5097268989610267
0.0
0.5730988019041124
0.09309040405213556
0.0
0.0
0.0
0.6702074756101221
0.0
0.7556380189695912
0.23355786786967964
0.0
0.0
0.0
0.0
0.0
0.16183739368878566
0.4116172206489605
0.0
0.0
0.0
0.0
0.0
0.4994553147093221
0.80168880917051
0.7947171260732168
0.5366750273245612
0.4172786298901337
0.0
0.0
0.9831691900105498
0.7383017792927692
0.0
0.0
0.9469525714876733
0.19836490120351993
0.0
0.13292627572385554
0.0
0.0
0.0
0.9602895689774368
0.0
0.9672887590039473
0.0
0.13388877437319027
0.1495047539543541
0.0
0.9488272789788081
0.0
0.2760815896291343
0.2598641691942084
0.5165026395820544
0.08277856250318978
0.9375325593299524
0.6297042322336405
0.0
0.6355999451831306
0.0
0.26853781719658076
0.03347394035587296
0.028977980031645093
0.0
0.0
0.41212403189898567
0.0
0.777675487992109
0.12684571091427613
0.06003166542051467
0.0
0.9355734449196763
0.0
0.0
0.0
0.40662960979854623
0.0
0.4013569085198718
0.0
0.0
0.051106551980180964
0.0
0.3412470355140443
0.3533537980915379
0.4557903928255031
0.0
0.0
0.0
0.0
0.5657825379294265
0.0
0.3471799592444435
0.0
0.06225816265601995
0.0
0.0
0.0
0.9447240366537956
0.7429152265729123
0.0
0.0
0.18513372659588015
0.8498330501358778
0.0
0.0
0.7787927279371046
0.9399984538221025
0.0
0.8773204359836754
0.2500813574585212
0.4005880280237989
0.7267184801145125
0.0
0.5302099629616156
0.5051366983869648
0.0
0.0
0.0
0.5565299348755133
0.0
0.0
0.4288272868439877
0.6656909128213742
0.0
0.08933993762707966
0.7426574950791021
0.0
0.0
0.3619874389291015
0.0
0.0
0.0
0.0
0.0
0.0
0.0
0.8157139486294378
0.39579368584271224
0.0
0.04255035732548383
0.0
0.9135362367260972
0.7965514680618795
0.0
0.0
0.743160195140702
0.0
0.3440919558591577
0.2217437582023139
0.0
0.34911035083150155
0.6707758178395071
0.0
0.0
0.0
0.7214830545885706
0.0
0.0
0.0
0.011600879374418822
0.0
0.0
0.0
0.0
0.0
0.0
0.6082453719147943
0.9109788799225133
0.0
0.24715984618106007
0.8970547503967906
0.2981282518825743
0.16370971275803986
0.0
0.0
0.7068707029648537
0.0
0.0
0.7019722591643006
0.0
0.3727455941892943
0.646204675834359
0.4755440142763627
0.0
0.0
0.21543521729134665
0.1475462396023394
0.5681305189440743
0.0
0.0
0.0
0.4770512258539954
0.9069706697394351
0.0
0.0
0.0
0.0
0.0
0.1672832167474547
0.0
0.33486403392567526
0.0
0.0
0.0
0.0
0.4523325795077327
0.0
0.0
0.0
0.5994096857093144
0.12236471610942234
0.9014867777995363
0.10866249028106181
0.0
0.5052261582343742
0.0
0.0
0.0
0.2689057228846785
0.0
0.1838452956647677
0.21677749373508948
0.680342270802598
0.0
0.0
0.0846128278076313
0.0
0.9894984570082677
0.0
0.0
0.0
0.0
0.0
0.618175836709031
0.0
0.41043018451679464
0.0
0.0
0.7174076149976406
0.0
0.0
0.24920789199098994
0.998858993615767
0.0
0.5708327295134704
0.9558094705928513
0.8177514724811066
0.0
0.0
0.7602675106013047
0.6554075442701448
0.0
0.5959868310823935
0.0
0.766651499174942
0.028862084721679792
0.7866329089566023
0.0
0.0
0.15331075138371572
0.5304173867307704
0.0
0.0
0.834719412555364
0.0
0.23551584443394386
0.0
0.0
0.0
0.0
0.39266528627504965
0.7026893734133055
0.5690527981978977
0.5005426356836601
0.639580016232691
0.0
0.9943035735054432
0.4838702092824334
0.9391618840639308
0.0
0.0
0.70998934231581
0.10637859736338535
0.0
0.7927034890101428
0.5706147531105757
0.0
0.0
0.2745591880753351
0.0
0.0
0.9506489149181514
0.0
0.7208597932144368
0.0
0.0
0.6607561607709711
0.4674700207488617
0.5422890759530907
0.0
0.0
0.0
0.0
0.0
0.32371413633349705
0.6549971269861586
0.0
0.0
0.9260861070202643
0.0
0.0
0.0
0.0
0.0
0.38537049161450826
0.5549450967730509
0.4582301193197616
0.37387336231904156
0.5699579309737168
0.0
0.0
0.0
0.43781212359608074
0.0
0.23610130186700326
0.0
0.0
0.0
0.0
0.0
0.6780868206429734
0.0
0.0
0.0
0.0
0.0
0.0
0.5283557869070142
0.031930748423296795
0.0
0.0
0.8403017469343317
0.0
0.0
0.0
0.026532215486880086
0.0
0.0
0.5049864904613656
0.05624584048505456
0.745927183111818
0.9895540177002113
0.5176236638028959
0.0
0.0
0.3822464548844439
0.1254993214724245
0.5230456705773379
0.0
0.8231533435741566
0.0
0.0053700844856833345
0.7546329401139001
0.1818577673906692
0.0
0.0
0.0
0.30908589663805264
0.9094888094194753
0.0
0.0
0.0
0.0
0.8533359878787672
0.064326026175397
0.5690742764342797
0.2799260768155022
0.49756613028980157
0.0
0.0
0.0
0.0
0.7364549158841694
0.1607346001029346
0.8728500554429781
0.0
0.2097568527624608
0.16782193502105214
0.6233945983053734
0.4646098476827241
0.9459791855618292
0.0
0.15267444748787715
0.4769206498604191
0.552446733777327
0.0
0.425340408356707
0.0
0.0
0.5491000528262161
0.8175834844142265
0.4197551819295575
0.3134772920921666
0.0
0.8636278185170919
0.0
0.0
0.0
0.0
0.0
0.0
0.7463056063220967
0.7336349013046585
0.0
0.7151196938340405
0.3298681863289702
0.9939052794227061
0.0
0.0
0.35558853686621006
0.0
0.0
0.0
0.6326456666846014
0.00882897234399404
0.0
0.8481856463953291
0.7674674722646411
0.0
0.03073911839748465
0.0
0.46058062181757514
0.5210005202818749
0.78390891089126
0.05410814005825154
0.9214778887479013
0.449552018863996
0.0
0.0
0.0
0.0
0.0
0.07250753129437562
0.7127115987629221
0.0
0.8759871384333653
0.0
0.0
0.8266800394085095
0.26246150783492855
0.0
0.696278815231174
0.27359271513350353
0.0
0.0
0.3436570877430546
0.7211944828947483
0.4693454390157394
0.0
0.0
0.0
0.9087160976724887
0.15573290075730015
0.19395004766178672
0.0
0.5897394863425063
0.5456163893313638
0.0
0.27170391634941893
0.0
0.0
0.0
0.0
0.0
0.4090339837514423
0.0
0.0
0.43379007171956996
0.8641374860807081
0.9074893837810761
0.0
0.5042895171660093
0.7490809037308798
0.30338884106268826
0.6309391714091296
0.0
0.5892349575204848
0.0
0.0
0.0
0.0
0.6411852639118282
0.0
0.5557486472429092
0.8268133604600445
0.692154656166365
0.0
0.8688300144824035
0.3433868192333959
0.0
0.0
0.11654822327075916
0.8486860336551596
0.49479936190566876
0.0
0.5926196223303457
0.12468345183282761
0.0
0.8100545622781884
0.0
0.012385243738234433
0.0
0.0
0.6211309358138576
0.0
0.0
0.5028754071859592
0.25765051254790816
0.7658777450875071
0.8955878447281048
0.0
0.003235417837206737
0.2525313052706711
0.0
0.10126754050972177
0.0
0.0
0.0
0.0
0.311501170944904
0.6436183225722832
0.0
0.0
0.0
0.0
0.0
0.0
0.08124008590886453
0.31805408680145497
0.9356603883581254
0.36339698407710413
0.03139431373427045
0.8668556326968192
0.7566441883854014
0.0
0.0
0.0
0.0
0.0
0.0
0.12307270833461693
0.71405416351623
0.0
0.6650973231958052
0.0
0.0
0.7102164733843964
0.0
0.8211987969299458
0.4423524735433834
0.18275590719317183
0.0
0.0
0.0
0.4094345937044099
0.08503018057489486
0.0
0.0
0.0
0.0
0.0
0.5244966909695157
0.0
0.7520516546739306
0.0
0.0
0.0
0.766969578607875
0.0
0.0
0.12492693642167545
0.0
0.0034098321594263257
0.8039236527099789
0.5743810968328549
0.048757818558569255
0.0
0.0
0.0
0.0
0.22156202513214668
0.0
0.14945857057720205
0.16866434039593473
0.0
0.0
0.0
0.0
0.0
0.689219815660711
0.6882782191104485
0.39874209541448413
0.0
0.5439676892739566
0.6208922718375337
0.0
0.007789938338130192
0.0
0.772311765276392
0.5864813784308059
0.0
0.3126939823559339
0.0
0.0
0.0
0.0
0.0
0.40593199646216416
0.7542902579375018
0.7146716696967591
0.1911438246096154
0.0
0.0
0.42160028177715003
0.2694723264321949
0.20885803269333117
0.0
0.0
0.0
0.9663071130797405
0.15895049759455315
0.0
0.2041300491287069
0.0
0.0
0.0
0.0
0.0
7.147946007529936E-4
0.896563966094083
0.4254332212434826
0.0
0.9592276284105112
0.0
0.0
0.0
0.24456366081972042
0.0
0.0
0.020817652196342833
0.9608383807053361
0.10444821913221491
0.49910233037566004
0.0
0.0
0.0
0.0
0.9340119597612188
0.759714350174075
0.40458432503551983
0.34584382692699145
0.6006854170532107
0.0
0.0
0.4429783298450119
0.0
0.0
0.0
0.29714957592990254
0.012664815960517337
0.0
0.0
0.0
0.0
0.0
0.6341229626582613
0.0
0.0
0.0
0.8382882970881946
0.0
0.2339542007602459
0.30061142878981056
0.0
0.0
0.4249234540285835
0.6949055533944046
0.0
0.49618029841521055
0.0
0.29932373157096603
0.5975340476813072
0.4716636689633305
0.0982128977806241
0.14195630403880752
0.749849683126117
0.0
0.0
0.0
0.9672902892989281
0.0
0.0
0.0
0.0
0.35280088086806943
0.0
0.0
0.5822926407344463
0.0
0.381900547890126
0.0
0.0
0.0
0.22984930294665135
0.5682486957931824
0.0
0.0
0.0
0.2190145442842871
0.0
0.0
0.4452175403037306
0.2959707994694611
0.0
0.32148770590389114
0.0
0.9250508768925548
0.4037887820299839
0.0
0.0
0.0
0.3770579164018659
0.0
0.35296741341226817
0.0
0.0
0.7905895885091643
0.0
0.0
0.24968101787323269
0.12044846544720247
0.0
0.0
0.0
0.9973257952121751
0.0
0.125691953607744
0.599444035218885
0.5019999682127433
0.0
0.02843778845652445
0.20137807689255158
0.0
0.741982016944576
0.07782955677633707
0.0
0.0
0.0
0.9838828138815299
0.4369686633851428
0.0
0.1544067770270984
0.8387685571083651
0.0
0.0
0.0
0.0
0.8381636665789411
0.0
0.0
0.12454523879561553
0.0
0.13756285852152872
0.0
0.0
0.0
0.0
0.0
0.012798967325811672
0.9627540936599348
0.0
0.0
0.0
0.9394427772672054
0.0
0.8955659182601685
0.7983417510369988
0.0
0.388884493707344
0.0
0.0
0.0
0.9760457650101872
0.9144297542124765
0.07189451057228893
0.0
0.716170845303236
0.014215413036347298
0.0
0.0
0.3606602830226207
0.0
0.1615445020065024
0.9164835969881255
0.0
0.23250624346196644
0.25369613012749587
0.11538770387688296
0.17397237173951147
0.0
0.0
0.7662852592522587
0.0
0.9220974918341804
0.0
0.0
0.0
0.9388014214490478
0.0
0.49840669211141514
0.8574150271140968
0.0
0.0
0.0
0.0
0.0
0.3878059742042347
0.3094753528684673
0.8742223986334535
0.31147366871010057
0.0
0.10778334655899469
0.7424544911919635
0.0
0.6991070819954809
0.9787704790734899
0.0
0.0
0.0
0.7287250168715158
0.0
0.0
0.0
0.0
0.0
0.0
0.0
0.0
0.629300131315309
0.0
0.0
0.8282520252288581
0.3140098048040941
0.0
0.7754030916413501
0.0
0.0
0.7460505363011943
0.34733718677143316
0.19347973443675962
0.0
0.7694865076222198
0.6955209927641692
0.0
0.7067057451468282
0.04827532418122122
0.009132438213650366
0.0
0.0
0.5073920079343612
0.463012585199104
0.0
0.0
0.7574449638728536
0.0
0.23380906907977955
0.0
0.06373901829796604
0.35536290531455517
0.5255462982353897
0.0
0.6001579377668752
0.0
0.9788686809712647
0.97003709100882
0.0
0.0
0.0
0.5228113200471253
0.0
0.0
0.9509686900106171
0.0
0.0
0.0
0.3490687157794831
0.48721820713230385
0.0
0.0
0.0
0.0
0.0
0.0
0.7466096280437341
0.6284638478381694
0.8813948783553864
0.9456959455377423
0.7855294695117572
0.0
0.11156773150357767
0.2870422186551739
0.0
0.0
0.0
0.1603000558399365
0.7418956321015657
0.5724037998392976
0.4361253473198348
0.0
0.0
0.3294247105686964
0.0
0.0
0.0
0.6067094991007176
0.33199342012222255
0.0
0.0
0.0
0.5509811273220169
0.0
0.0
0.32595415095790864
0.6852373914781514
0.755196496321295
0.2021374924650802
0.40262208353807516
0.2577667112095347
0.0
0.0
0.0
0.15788414630091546
0.0
0.1353282458630272
0.5809708116956988
0.09711391107366343
0.0
0.0
0.0
0.0
0.8210765387692743
0.36056864121387683
0.0
0.0
0.12943939247501224
0.0
0.24699244240411256
0.22154055252918192
0.040189929712830724
0.6340691569434771
0.0
0.0
0.4072965197287245
0.0
0.6551644822576417
0.0
0.0
0.0
0.0
0.0
0.0
0.3059477438483357
0.0
0.0
0.0
0.32760672769544774
0.0
0.0
0.0
0.0
0.0
0.0
0.0
0.0
0.7510630933060971
0.0
0.24768311024361186
0.0
0.0
0.04946497764395008
0.0
0.0
0.0
0.0
0.29106668826018917
0.6225667422353103
0.0
0.5393999943737252
0.2439167600198135
0.5317658648721572
0.0
0.0
0.0
0.2710760420126329
0.0
0.23823553102972528
0.0
0.6583201930984043
0.014627257822206672
0.4543692147663003
0.0
0.0
0.26478221857454076
0.12051391491338229
0.0
0.0
0.0
0.6343542014192596
0.0
0.0
0.758831177531448
0.46148567093792353
0.424461481806362
0.24941919855785014
0.07774141569624236
0.6408087862426486
0.0
0.0
0.0
0.0
0.0
0.0
0.10767034246091355
0.9127099057324438
0.7786888522594331
0.29080759145961854
0.28687920868037914
0.39038438786742596
0.0
0.0
0.6340613093406363
0.3585760637416835
0.0
0.13928738333257007
0.0
0.9571695012023307
0.9316029407623544
0.009579592732535147
0.6603923309957667
0.0
0.5282775169655871
0.0
0.0
0.0
0.08986270164286855
0.0
0.48470143281019273
0.26245436516749443
0.0
0.0
0.2783895819713136
0.0
0.0
0.6365783031228525
0.29351136799722016
0.0
0.0
0.5184939115673163
0.914835461094559
0.0
0.9215607052377641
0.0
0.07670707953444275
0.8216789512187573
0.0
0.41875031473546853
0.20585888351131895
0.28891828799969355
0.0
0.11896730188197485
0.2332814224026535
0.23116160181119236
0.8199801837376092
0.0
0.0
0.0
0.5165130532657108
0.5447641831585177
0.22285300115915563
0.2603887351200168
0.21056491521470508
0.0
0.22800668161508547
0.0
0.453389791285608
0.8373338993812701
0.2608550368426537
0.8776844282199159
0.5149392677339708
0.0
0.0
0.0
0.0
0.0
0.0
0.4016545444627541
0.0
0.23221794325691794
0.254556235693616
0.3488252997455577
0.0
0.018818994115212116
0.0
0.0
0.0
0.9835110545810779
0.0
0.0
0.04328284721339291
0.45046348360454447
0.0
0.0
0.8953576798329788
0.0
0.0
0.0
0.0
0.0
0.0
0.0
0.6756556966004251
0.0
0.6787304457706957
0.0
0.6660225993283942
0.3472918997332277
0.35803162970265906
0.0
0.3896319293564892
0.7172231803950548
0.4039650631179185
0.05836108772323538
0.0
0.0
0.7655460909870783
0.6801972195380949
0.0024871648729709673
0.3691304635431339
0.0
0.39841838246423206
0.0
0.6364562018141435
0.09352825455467358
0.0
0.0
0.17432138573169015
0.0512941168692324
0.17297504142325423
0.6218194274223495
0.20621521795793143
0.0
0.2763320276920029
0.0
0.7021809692230612
0.8132521367019282
0.0
0.5834259523236183
0.8885174643892318
0.0
0.0
0.0
0.0
0.35080358847230153
0.0
0.0
0.30673779188682704
0.340970186594246
0.794256990869625
0.0
0.0
0.0
0.10753401758289248
0.8442796583998301
0.694689717344896
0.0
0.2297212702201738
0.5398118597997746
0.0
0.0
0.17092369096713247
0.6097018326307351
0.2103432659860702
0.4862602168778677
0.8700882534624856
0.03452015130306811
0.015283234721885197
0.578100775322781
0.0
0.0
0.0
0.0
0.8853200898440302
0.23215769522001156
0.8223841927669302
0.0
0.0
0.0
0.5631218715239449
0.0
0.0
0.0
0.0
0.352856063551543
0.0
0.0
0.1993271151395648
0.0
0.3243404373753288
0.0
0.49996760857335365
0.9228164367247559
0.0
0.603979485859391
0.0
0.0
0.0
0.0
0.0
0.0
0.7869707043217515
0.7586664924751354
0.08425166276562616
0.0
0.0
0.6315066759578135
0.9476455707583405
0.042376927095824746
0.28082965157512674
0.4801703145674043
0.2874206364225359
0.0
0.0
0.0
0.49637088822959663
0.0
0.0
0.19570923959561454
0.5902659377673114
0.0
0.0
0.0
0.0
0.0
0.2301182212464269
0.12276610357389305
0.4938346224250168
0.9979682225896529
0.03565354873977384
0.6590627509559565
0.0
0.8312676849396392
0.0
0.9666274252428685
0.0
0.0
0.047966335189783514
0.0
0.870895721617369
0.5019349395413025
0.5802831281071732
0.21073739568742686
0.004168974042648737
