0.0
0.5777992545001338
0.2544451472733443
0.0
0.507202230395654
0.0
0.0
0.738122022041846
0.5340795856581309
0.916089600414937
0.0
0.9039035835777467
0.47938747359260875
0.0
0.0
0.5067890961686942
0.0
0.0
0.6256365580517151
0.0
0.0
0.0
0.5719936435779421
0.0
0.0
0.4023519839306017
0.745541652959
0.0
0.0
0.16875887630209171
0.0
0.0
0.8267674638975928
0.0
0.0
0.0
0.39698955269842007
0.9105669260668167
0.0
0.0
0.0
0.0
0.0
0.0
0.0
0.0
0.0
0.0
0.9682462720553069
0.08955895479945342
0.5919338648757918
0.0
0.0
0.0
0.0
0.06805653259195009
0.0
0.13672977427005278
0.3778012131663894
0.47558616057200653
0.5029723957209302
0.34757489856842655
0.9275146619990196
0.8339020716171724
0.0
0.0
0.0
0.0
0.5116368519833575
0.0
0.0
0.2657766399451809
0.0
0.0
0.09680534578319432
0.9159264288474632
0.0
0.0
0.0
0.0
0.0
0.5861883948810965
0.0
0.0
0.0
0.44343645829759015
0.0
0.47213125417921176
0.0
0.449495685945141
0.7363125254073088
0.0
0.0
0.20042406347346398
0.0
0.0
0.0
0.9904951938678715
0.0
0.6663932112883502
0.0
0.0
0.18781827427351575
0.7881423241363888
0.0
0.721904579300466
0.28969376026839816
0.0
0.0
0.4115885078085522
0.0
0.0
0.0
0.0
0.0
0.009651807439289015
0.0
0.0
0.3427679497852582
0.0
0.49421241367250585
0.0
0.31450810093720855
0.0
0.10784530942565311
0.44622282314214234
0.0
0.4042926878641829
0.0
0.0
0.0
0.0
0.40317439833795093
0.0
0.0
0.2794917189726418
0.0
0.0
0.0
0.5256878981835286
0.0
0.0
0.0
0.0
0.0
0.0
0.0
0.9402924016211823
0.7690886297924776
0.0
0.0
0.47631048684592225
0.0
0.052641782490153353
0.0
0.9314209864842682
0.0
0.28241194575333883
0.10649369033244176
0.0
0.649209069383043
0.0
0.637135838724834
0.0
0.8655476051174503
0.0
0.32369465312852597
0.6548079122409821
0.0
0.35839422510059316
0.276196545739981
0.0
0.0
0.0
0.0
0.2810040159874954
0.0
0.0
0.6182799782818093
0.0
0.0
0.6206366813857166
0.0
0.7667499946455121
0.0
0.6376720752894448
0.5486307554837739
0.0
0.0
0.0
0.15320647441262245
0.0
0.14793992178042936
0.9877672400287665
0.6628203230891893
0.0
0.0
0.0
0.0
0.0
0.0
0.08164840553776213
0.08457299950705015
0.9431580157600216
0.560165470145956
0.0
0.6663458729182198
0.0
0.7452627468238858
0.0
0.6489245738301405
0.058782746328989735
0.0
0.0
0.03365190850978545
0.0
0.0
0.83015474123136
0.0
0.0
0.0
0.34433634656725465
0.9473126348412332
0.8591920130755147
0.015033056662268169
0.34464443079020385
0.0
0.0
0.0
0.0
0.0
0.16882522626254184
0.0
0.6213672335459732
0.0
0.35784811880745776
0.0
0.0
0.0
0.0
0.0
0.0
0.0
0.9426310233794531
0.0
0.0
0.0
0.0
0.05978487095333165
0.0
0.0
0.0
0.0
0.173182851934153
0.0
0.0
0.0
0.0
0.0
0.0
0.0
0.2993951542575433
0.0
0.0
0.0
0.0
0.0
0.6076777307938893
0.0
0.6442696028143253
0.0
0.0
0.0
0.0
0.7730841339933355
0.6577744489342974
0.0
0.9276601025966033
0.0
0.1016528878898727
0.562028523798861
0.0
0.7485914062089117
0.02048778868584673
0.0
0.7705661109169126
0.0
0.0
0.15274487072944518
0.0
0.8357146338142075
0.0
0.0
0.0
0.3469128530330818
0.0
0.0807487442480192
0.0
0.0
0.0
0.0
0.0
0.0
0.8136387384033023
0.7897192605141492
0.0
0.0
0.0
0.44841836110369404
0.8315359243276506
0.6677778559667704
0.0
0.3414322898927251
0.0
0.6309411665779118
0.0
0.0
0.0
0.5140203745106612
0.0
0.8599822989359398
0.0
0.9446910867517907
0.5567579856504523
0.0
0.02912891061042844
0.0
0.0
0.7121558148608358
0.0
0.0
0.25047575814515416
0.20533316643018515
0.9213779159338112
0.9655912967229767
0.0
0.501349712195587
0.0
0.0
0.46537285530294725
0.2028339796488817
0.0
0.0
0.9340492887925504
0.0
0.8091695159585066
0.881387400819725
0.4150288015146731
0.0
0.35625186943022497
0.0
0.0
0.0
0.052723270061185816
0.0
0.7330547800689234
0.13968424819684114
0.0
0.0
0.49693106325333997
0.5364934985501371
0.0
0.0
0.0
0.0
0.0
0.195025869433703
0.0
0.0
0.3486383978800211
0.47898747104808015
0.0
0.0
0.0
0.0
0.49272005413554976
0.67206319314728
0.0
0.8474049649940515
0.0
0.38291095255570257
0.0
0.0
0.0
0.6201341308973857
0.0
0.0
0.0
0.025660219024481942
0.0
0.0
0.0
0.023811692251662117
0.42425287649132026
0.03671222451522801
0.0
0.8571057067866262
0.0
0.29299247472587686
0.6590545724051446
0.0
0.0
0.0
0.3642959359393507
0.0
0.0
0.39861255443533267
0.0
0.16951713709347863
0.8594391631881063
0.06930089593116673
0.0
0.0
0.1568793387217304
0.0
0.0
0.6490677772599793
0.0
0.0
0.18121512727050804
0.6165000540662158
0.0
0.0
0.9778746501838445
0.0
0.5864813784308084
0.0
0.0
0.21767579731733905
0.22069973473034238
0.6714147062456847
0.0
0.6803422708025998
0.06690311182065418
0.0
0.9168342686512134
0.9590659272103026
0.0
0.0
0.8877814526442422
0.3726704780704691
0.0
0.6672889990977121
0.0
0.0
0.0
0.0
0.2707585344761391
0.3773529172732844
0.6311835212011755
0.831736931909959
0.0
0.0
0.0
0.3348569156960523
0.29075105354718256
0.0
0.0
0.0
0.0
0.0
0.6571505628389268
0.19653646889154158
0.44169054145302394
0.0
0.0
0.06517329044009536
0.0
0.6126272710004869
0.7207379773531969
0.22069217870851712
0.0
0.0
0.07436066895003374
0.0
0.5915401482333743
0.2966376042713801
0.0
0.0
0.0
0.0
0.0
0.3070958948833044
0.6731672408688921
0.0
0.08367347852275211
0.0
0.0
0.0
0.0
0.8600942606354733
0.0
0.4958539812831265
0.2008005186656022
0.5819582251905683
0.43077564901865706
0.0
0.1956134512118453
0.9331734280137711
0.0
0.3315988128407005
0.006770829026902136
0.2991672146514473
0.0
0.7056727886692015
0.0
0.8675251657313953
0.0
0.0
0.0
0.3073451842181178
0.0
0.0
0.5518386296341655
0.34326495703585286
0.0
0.0
0.0
0.0
0.0
0.0
0.0
0.0
0.0
0.0
0.0033960692068134286
0.0922907393067172
0.0
0.0
0.0
0.9882533263414117
0.0
0.0
0.0
0.0
0.11734808087498022
0.645977779466406
0.9893456082635665
0.0
0.6006755284004822
0.0
0.27371849084783145
0.0
0.0
0.0
0.9212991082721308
0.0
0.7249937934495498
0.9258312093231658
0.0
0.0
0.0
0.0
0.0
0.47178550421268295
0.6832633468602878
0.0
0.6529230775349204
0.0
0.0
0.0
0.506332228093623
0.44132130839137346
0.5070532565661704
0.4743114358940074
0.0
0.6789950907676
0.9431151257364768
0.0
0.18693866639545118
0.0
0.11927988310701931
0.0
0.6321721490053556
0.6863736641629807
0.6017633088833192
0.13124451592996936
0.0
0.0
0.7266036223034982
0.0
0.0
0.19668831240338935
0.0
0.0
0.0
0.0
0.0
0.0
0.0
0.5482911650444356
0.0
0.6146901180111257
0.0
0.0
0.06185982466190789
0.0
0.0
0.8889244586288315
0.6609005641822662
0.8870727043248483
0.0
0.0
0.0
0.9960728891728294
0.0
0.7969412904164948
0.3059513905843293
0.0
0.0
0.0
0.0
0.9062662912936811
0.0
0.23985348944316356
0.25769255198272434
0.3494989538508991
0.0
0.0
0.11749984447968813
0.6256390481013602
0.0
0.0
0.0
0.0
0.38406493374113915
0.42472155179962956
0.0
0.0
0.0
0.7188056082483182
0.5017004886581983
0.0
0.503785804240938
0.678497693927697
0.0
0.0
0.4633818958794915
0.0
0.0
0.47343698406843365
0.5718885782635416
0.9678919405537825
0.054029097305345525
0.8761973751235085
0.1752418080205932
0.9052757692992335
0.0
0.0
0.0
0.3468961333699266
0.0
0.19488492497872004
0.2841446049112536
0.3531792254602647
0.0
0.4761004501614149
0.7416154249497403
0.0
0.0
0.0
0.0
0.964848735939327
0.31176574253620093
0.7187483976352519
0.0
0.0
0.0
0.12469482291621818
0.0
0.0
0.8030091763620886
0.9445865184003883
0.0
0.0
0.3109139369162886
0.3928479814089099
0.0
0.7707081544554447
0.0
0.0
0.10384091181041659
0.5147952249519249
0.0
0.0
0.0
0.13596366899433251
0.0
0.0
0.7958107243082791
0.0
0.055364183740503226
0.0
0.036608910687009714
0.383478214838917
0.0
0.937769689327474
0.4497206215071012
0.12772150936102147
0.8219087170438986
0.0
0.16477049510399772
0.5478368248815688
0.48324499306254465
0.8013156309788178
0.0
0.12956230784310552
0.9093096656436606
0.0
0.0
0.0
0.6666226113764647
0.0
0.5610913967358181
0.6599863987979774
0.02808319915357291
0.0
0.7810356604404366
0.0
0.0
0.0
0.004115756948281671
0.0
0.09455886283556308
0.0
0.0
0.0
0.0
0.586708728810105
0.02495835345392341
0.0
0.7613794014869827
0.0
0.9326017535863771
0.0
0.0
0.8283354032746443
0.0699117968689736
0.3479114872206323
0.0
0.0
0.0
0.0
0.5365141981118802
0.0
0.007877610347892102
0.0
0.0
0.0
0.05822807961456375
0.360705347565157
0.0
0.0
0.0
0.3676011601780721
0.0
0.0
0.0
0.44523766854474034
0.04405325317783386
0.8324284745051056
0.598275106356397
0.8176031083081527
0.4685100131051805
0.8495118250361186
0.0
0.39153869710195816
0.0
0.0
0.0
0.4868363434069612
0.0
0.0
0.0
0.5691536930599103
0.4442493398239327
0.21739336333411938
0.0
0.25128831732907037
0.0
0.743499806749406
0.0
0.09957178670420745
0.8038792199116805
0.0
0.0
0.0
0.19077400008170084
0.0
0.039339280782742465
0.0
0.0
0.04025539079763599
0.0
0.5214527586167904
0.0
0.0
0.0
0.6455678698649813
0.0
0.7529620084256828
0.0
0.2205675636398004
0.0
0.0
0.0
0.0
0.8282180620427413
0.0
0.0
0.047960559332313586
0.0
0.0
0.624891593979363
0.26836789850031706
0.0
0.0
0.0
0.4320028500084994
0.0
0.5906116491228046
0.8777462348170602
0.0
0.45476818192425905
0.0
0.9194048298418562
0.0
0.0
0.15792717625747985
0.10187042674861062
0.0
0.0
0.0
0.0
0.009528563108184424
0.0
0.0
0.6053610784685846
0.0
0.0
0.27288726797980833
0.0
0.2018532306221711
0.0
0.0
0.0
0.6505962029312402
0.5731950124827306
0.0
0.0
0.0
0.0
0.46747002074886473
0.0
0.6999600885986159
0.8375594793527711
0.0
0.0
0.0
0.0
0.03777309453053114
0.0
0.0
0.6503597711070761
0.0
0.5447729306894734
0.42905180816183175
0.0
0.0
0.4814336466783849
0.0
0.0
0.0
0.9348428438223606
0.0
0.3251518793006661
0.9630437118305804
0.0
0.0
0.0487404142752798
0.0
0.8943765257808712
0.8771544623184101
0.899641767951122
0.0
0.9472555027408015
0.36635282477513875
0.0
0.8046188870916189
0.1369669527267636
0.5186357040483106
0.29153672784350726
0.0
0.0
0.0
0.0
0.8177370200589257
0.0
0.0
0.0
0.61500879293094
0.04414009485089514
0.7099486294589749
0.6024952931645899
0.0
0.0
0.6696544395277144
0.8135129168938315
0.30379247563488104
0.0
0.23969901483524503
0.648977662096905
0.0
0.06589873377427849
0.0
0.40873631381533493
0.0
0.6217590156408892
0.4500486793137851
0.6142909220377185
0.0
0.0
0.0
0.8387685571083661
0.0
0.0
0.0
0.0
0.0
0.0
0.0
0.8712913796852724
0.7925159562337623
0.07670707953444811
0.0
0.0
0.0
0.0
0.0
0.0
0.0
0.8003199290960037
0.0
0.0
0.9694669205563405
0.0
0.0
0.9256156124199821
0.8668202404080564
0.7273195917495673
0.5771192736859977
0.9944376797734915
0.0
0.0
0.3403824516156414
0.0
0.0
0.19658279740892073
0.9301369452377566
0.0
0.5086702936108257
0.0
0.14524012452674107
0.5491000528262187
0.0
0.8259480411486685
0.0
0.0
0.0
0.0
0.11614955713840162
0.0
0.47375303115301326
0.8941923107058287
0.0
0.6724176308190712
0.0
0.6539828212976866
0.010051792911140743
0.0
0.0286832687490835
0.21787181523003177
0.15923356033121822
0.3219525386481101
0.9254441033689247
0.0
0.6556898457728245
0.484878197415636
0.46479910396617863
0.9863805817308667
0.0
0.6723241337806547
0.0
0.0
0.0
0.0
0.14695575958109208
0.3031823854069663
0.2022891442276082
0.0
0.20219309064945726
0.0
0.0
0.0
0.9235894095038648
0.8045257023636189
0.157311016139073
0.13400330012152187
0.0
0.7807659030878422
0.16968598840969495
0.4923306242460733
0.0
0.5415933507087454
0.0
0.0
0.4141668743032533
0.0
0.2535504961107408
0.0
0.0
0.0
0.0
0.5170755523265901
0.0
0.0
0.0
0.0
0.0
0.1055965928741754
0.0
1.7013395550470682E-4
0.4751814561025689
0.0
0.8680585404559068
0.0
0.0
0.0
0.8113213544211907
0.0
0.8658879062502783
0.0
0.14233456853610266
0.6258768098432793
0.0
0.0
0.0
0.4125295157842938
0.0017388497016793735
0.0
0.0
0.6882135060996476
0.0
0.026257875707352083
0.0
0.0
0.0
0.11640035290734196
0.7807177913712322
0.8327557567901689
0.0
0.8169581105787541
0.0
0.0
0.0
0.0
0.356184716483976
0.7315661610696571
0.3938384137178839
0.0
0.4172111900617754
0.0
0.0
0.0
0.0
0.8892064691139322
0.0
0.0
0.0
0.0
0.40901614636482964
0.6357903162907181
0.0
0.2147694331373577
0.3853773751418316
0.036880647270586174
0.0
0.9246599872994816
0.23487861379518124
0.0
0.0
0.6468490822993603
0.1323894435179804
0.6791783575686218
0.04394333050306169
0.9665251817420424
0.37453133715548415
0.050067032479541536
0.0
0.0
0.10801314349394761
0.0
0.0
0.0
0.0
0.0
0.8159656972392008
0.20675874252686174
0.0
0.09330640093978738
0.4831026235204296
0.815632039276176
0.0
0.0
0.5334893384278867
0.15160306661063522
0.0
0.0
0.5356454343049826
0.05295931185588536
0.0
0.9725333864968622
0.0
0.732687512635503
0.0
0.0
0.3814228656992732
0.0
0.6604918214331242
0.0
0.0
0.0
0.0
0.3260981534625114
0.0
0.0
0.12043209253919693
0.8687976503743967
0.3875723141751705
0.0
0.0
0.6844020241435633
0.0
0.8493671253363688
0.7170611513274269
0.0
0.22682690677362086
0.45820587912555644
0.0
0.0
0.0
0.7860184886904469
0.3843294190005297
0.5374853111961031
0.0
0.6208096873168597
0.0
0.0
0.0
0.0
0.0
0.47677610747245036
0.0
0.0
0.0
0.584558011637665
0.41012133363936887
0.43624716089634685
0.08389611759617475
0.0
0.06878706498565798
0.0
0.0
0.0
0.813153310950091
0.35587437870539945
0.7415289208545526
0.0
0.0
0.0
0.0
0.8266790134584847
0.0
0.0
0.0
0.19572314351344333
0.0
0.0
0.6889435683507169
0.0
0.0
0.0
0.0
0.0
0.46338197096486927
0.0
0.0
0.5666955969489705
0.0
0.0
0.0
0.04869615630957631
0.4630490315723353
0.791900831116487
0.0
0.0
0.30435357148800024
0.575758870005398
0.13034957525818278
0.0
0.0
0.3154481119986285
0.8111334959776313
0.0
0.5341268200060519
0.0
0.0
0.0
0.0
0.42236296363129905
0.7267066044588552
0.33779793006707354
0.5931393391521544
0.9162895552204366
0.3145056867551508
0.0
0.09504930061467548
0.01704382659401419
0.7390050435354062
0.0
0.0
0.0
0.0
0.0
0.0
0.0
0.460933713545951
0.0
0.0
0.0
0.5039905292211417
0.0
0.0
0.0
0.0
0.5351342939861722
0.0
0.5552181519903121
0.7847223403933031
0.24139724624638345
0.0
0.019528806014643647
0.27670676133310534
0.0
0.5668643821022284
0.065564019015939
0.7013684930271302
0.0
0.0
0.0
0.6552289224992273
0.8566472275095036
0.1494073512304285
0.0
0.0
0.44217596700907413
0.28744227663281835
0.0
0.0
0.5210725287737737
0.4106313300509658
0.8484779151672349
0.2278044865731863
0.0
0.0
0.02851620400977
0.0
0.0
0.7792210958443224
0.13501065904085305
0.5318085843975682
0.0
0.20389459782169803
0.3260828401606733
0.3337002202515001
0.0
0.0
0.9778285292793141
0.0
0.11010829589431453
0.0
0.2716115020072414
0.5974402150131009
0.0
0.0
0.0
0.9634559520103684
0.0
0.1554021508252643
0.0
0.11219331955643501
0.0
0.0
0.0
0.9582642256199563
0.3545869418445613
0.661671661553571
0.0
0.25184156806460967
0.1302827216846983
0.0
0.0
0.0
0.2974915322468656
0.0
0.47016370756621606
0.5926977942794809
0.6787376138575527
0.0
0.0
0.0
0.17958760269455443
0.38464782472382275
0.38428729474231066
0.10898282933802209
0.0
0.05450421378245283
0.0
0.8713103710087695
0.0
0.19555321809135248
0.07653187252836198
0.0
0.19040917587529427
0.0
0.47763093476366086
0.0
0.36549197652536797
0.0
0.0
0.0
0.05108422247691565
0.0
0.8647542683050152
0.43118769390886136
0.32471315212399465
0.6385876033688125
0.15179061941897176
0.3443108662003965
0.45948330845792884
0.908385897643062
0.616311883843534
0.0
0.0
0.040190846903939224
0.0
0.0
0.0
0.9341111666483122
0.5885348952779629
0.0
0.7705243777949843
0.0
0.6266172650849626
0.3126224805739298
0.2530420775167609
0.0
0.3291112248003089
0.0
0.0
0.7272265784915936
0.1317660140641998
0.11097737120624773
0.0
0.5758226697511651
0.0
0.0
0.39937427719512836
0.0
0.296241526775717
0.0
0.8976700203541482
0.0
0.5896886170575195
0.0
0.0
0.6363861162872207
0.0
0.79583718919044
0.0
0.0
0.0
0.5901798821359988
0.0
0.11472809577432878
0.0
0.0
0.0
0.0
0.44782842671539513
0.0
0.07040219323933139
0.40345933450624555
0.8485336892696007
0.0
0.0
0.0
0.0
0.0
0.0
0.5947900539529054
0.09815941482122843
0.020436204714965645
0.0
0.026589411881293847
0.0
0.0
0.0
0.09874508986494838
0.943965091989952
0.0
0.5635758507684698
0.8723894589971224
0.0
0.0
0.0
0.5681087028983256
0.9189525393518153
0.0
0.5627270680837075
0.0
0.0
0.9288795302615531
0.0
0.0
0.0
0.8589198497057505
0.5897394863425087
0.31330847721253824
0.7024984779277641
0.0
0.0
0.0
0.037560740366316084
0.312438093146891
0.0
0.4488225459060857
0.0
0.6195633903785229
0.8667296006561457
0.0
0.5567030755769349
0.0
0.5418234824613268
0.2453295598238879
0.7021172608394558
0.0
0.0
0.0
0.40730348913396
0.0
0.0
0.8312021700698956
0.0
0.0
0.0
0.0
0.0
0.0
0.6729604567456191
0.0
0.8773204359836762
0.09065757489217413
0.0
0.7522711158919967
0.0
0.0
0.0
0.9304706287820321
0.9644995983065772
0.9171179347511903
0.7555006756790227
0.0
0.0
0.0
0.0
0.0
0.32469317383493684
0.45461634861216205
0.0
0.0
0.0
0.45077574262931003
0.0
0.0
0.18430225645380105
0.0
0.21814843905342024
0.0
0.0
0.0
0.0
0.1602291181941627
0.0
0.9911409759173091
0.41370085010384405
0.0
0.7028778342987076
0.0
0.2835625762947765
0.0
0.0
0.0
0.14969983385167776
0.0
0.24581909602748656
0.0
0.32404869350651205
0.0
0.0
0.23445289271901967
0.6174058206243047
0.0
0.0
0.0
0.0
0.0
0.0
0.0
0.4784779757752763
0.0
0.0
0.049281764454294656
0.0
0.026570869694241165
0.0
0.5228369519335673
0.0
0.0
0.0
0.7167449887565011
0.0
0.0
0.06221935921135415
0.7181255147418867
0.9336432274850687
0.0
0.27645046906174203
0.5878540471266297
0.9795687146369061
0.11943183480761145
0.0
0.13352893100264818
0.5232669306569383
0.0
0.0
0.5520581637118033
0.0
0.0
0.0
0.027613408153021463
0.0
0.8938644105068774
0.0
0.0
0.0
0.0
0.8342561463697089
0.8658337731418471
0.5577663635888997
0.7773150115350639
0.0
0.2775258452702944
0.0
0.7654339797048788
0.0
0.0
0.3707796782767724
0.0
0.0
0.36971696734242565
0.0
0.0
0.0
0.8973925893724011
0.5840886850534417
0.0
0.13485479831891148
0.0
0.0
0.41130498745486865
0.45446619478746036
0.6863350200024722
0.0
0.0
0.0
0.0
0.0
0.4119249205500279
0.0
0.0
0.8413794426289772
0.0
0.372422376290191
0.7793694630342324
0.0
0.0
0.19763410144566518
0.44287777114155674
0.0
0.0
0.0
0.0
0.0
0.6040209869920702
0.8536934892258283
0.44443230126792105
0.0
0.7453827917041218
0.0
0.0
0.3212740867192614
0.0
0.0
0.0
0.6683106449521109
0.0
0.7202100989001122
0.27962436134176394
0.0
0.0
0.0
0.0
0.4284776623592058
0.0
0.0
0.0
0.0
0.739570136004462
0.0
0.2547245249551517
0.0
0.0
0.01858749461092546
0.33541893855677385
0.7666514991749435
0.571981356096806
0.0
0.6089189201269131
0.8399511491843972
0.0
0.8181746330066031
0.0
0.3220888605475052
0.0
0.0
0.0
0.22627455705806987
0.0
0.21706058313527607
0.0
0.3912367181336709
0.6345280430546799
0.4977459061763875
0.21312206774312048
0.0
0.0
0.5914210987810349
0.0
0.11574058702980591
0.6668749800677313
0.0
0.9297973586746584
0.0
0.0
0.6099671916893746
0.0
0.07052180774856667
0.0
0.3066047938875437
0.0
0.0
0.6696326187822875
0.2052581243133497
0.5994045705642236
0.0
0.463305249688067
0.0
0.0
0.954360646262462
0.46330203809883386
0.5591922239761685
0.8219304637190308
0.4545115823557726
0.40483735577522695
0.0
0.0
0.43356104675190466
0.0
0.2811751785426651
0.46010422391044364
0.0
0.6493450283587352
0.0
0.35110287734520845
0.0
0.0
0.0
0.0
0.0
0.0
0.0
0.0
0.0
0.2445636608197248
0.7307399222527023
0.0
0.0
0.2088142544901728
0.0
0.5684651528372656
0.4357359807334787
0.3729149225558953
0.0
0.6253512177313122
0.0
0.14711924951938404
0.0
0.0
0.0
0.0
0.7894713071888462
0.6847617992936014
0.0
0.15102050705424963
0.0
0.6124350890843288
0.0
0.0
0.5518111327016051
0.0
0.0
0.0
0.0
0.14067553065485514
0.22192234206285097
0.0
0.05717507945057523
0.0
0.0
0.14200971840886614
0.0
0.0
0.8007654720853735
0.0
0.0
0.0
0.19938173996804046
0.0
0.6527883366140078
0.0
0.0
0.07180007591094585
0.0
0.4701075589548532
0.02105217085888152
0.18197949872498598
0.915788886187648
0.26150212553480595
0.8728500554429789
0.33372213290106906
0.6399898641224352
0.0
0.5522205451008818
0.8451396577418909
0.0
0.12268861262390732
0.0
0.0
0.9643778170031829
0.0
0.0
0.31364996653812854
0.7958818563582125
0.563710349557173
0.0
0.0
0.07931024567465934
0.0
0.0
0.0
0.0
0.0
0.0
0.6833850636793111
0.0
0.0
0.04634984582682554
0.9131868849247295
0.0
0.32088006983639505
0.3153070924573493
0.0
0.5091990911173866
0.0
0.08883505187454804
0.0
0.0
0.0
0.0
0.28329834718291935
0.0
0.0
0.13859124534238335
0.0
0.0
0.19803680757291395
0.7714843975354293
0.7417547544318296
0.0
0.0
0.5960426521180385
0.0
0.785130231177026
0.0
0.0
0.0
0.0
0.0163006532909528
0.0
0.0
0.0
0.0
0.0
0.0
0.0
0.7904850413227964
0.0
0.0
0.0
0.22183196841053857
0.0
0.6945892644215973
0.6066890922579398
0.0
0.0
0.0
0.9251612090956116
0.4531401818734124
0.32313150710626426
0.0
0.40983852428344825
0.0
0.20959844243067285
0.0
0.020312305408349423
0.0
0.5528941957926125
0.0
0.0
0.0
0.11087643685197489
0.08770570893407996
0.0
0.0
0.8414228477864782
0.0
0.751142093751018
0.22018676608772056
0.0
0.5100369050284471
0.8075768217444846
0.4916732872808947
0.0
0.22059386468964545
0.0
0.6430870809982555
0.8295706937254973
0.5266001810413888
0.0
0.1983055936710325
0.46258901510700356
0.4256960947502462
0.0
0.6082005399059852
0.0
0.0
0.0
0.6863552652416244
0.0
0.061681028748292774
0.0
0.8134651058064986
0.9140364243137545
0.9687859883137125
0.17788549554080596
0.0
0.11138663425989893
0.0
0.0
0.0
0.16069608189623652
0.36051546555409625
0.5781662077737723
0.0
0.0
0.7287310282695268
0.18639716053506503
0.0
0.21029696511347112
0.0
0.5242269190245611
0.0
0.8463749173645916
0.0
0.0
0.7203663249914143
0.0
0.19074360534029472
0.5769753906444187
0.0
0.0
0.92613981752322
0.0
0.0
0.8626985862854374
0.18381954575204495
0.7633735419955547
0.5832565753141685
0.23633635145137877
0.0586825473797254
0.0
0.5269530936497733
0.084207318127754
0.0
0.8509012751289106
0.0
0.0
0.0
0.0
0.0
0.5556922775966078
0.0
0.29211935552404183
0.0
0.0
0.0011040674900539007
0.015392139725177452
0.5944172382190919
0.38701109094745817
0.0
0.0
0.20151581554130255
0.18381499586003694
0.8272917261550791
0.4049293757205755
0.0
0.05169520802957181
0.6701219826694683
0.0
0.0
0.0
0.0
0.0
0.0
0.19357752980388393
0.0
0.0
0.7151007200927921
0.3559618049236114
0.7943534838340424
0.0
0.6275264150079068
0.03966434112159022
0.0
0.1550657516011903
0.0
0.8527588383719541
0.1087964621368843
0.06733828946301579
0.0
0.0
0.9260894926202594
0.0
0.0
0.9797274338749634
0.0
0.9413918342586286
0.0
0.5645028616040155
0.0
0.0
0.030061766992810882
0.0
0.3270071154947303
0.0
0.0
0.7782967300308651
0.0
0.9949257453809022
0.0
0.5252301710567415
0.0
0.0
0.0
0.26297517163790785
0.43038857945755987
0.9824733393384164
0.9347814056784459
0.4729616208181386
0.0
0.40259512294886285
0.3670396494920347
0.0
0.0
0.0
0.3987283199430385
0.0
0.0
0.15669665733001337
0.0
0.0
0.24447312657810208
0.7462206301567061
0.0
0.11268562460983096
0.0
0.4172132224804703
0.0
0.06598538604250716
0.6154601826926541
0.897958175505078
0.7843250647096444
0.6011660515817401
0.0
0.0
0.0
0.8735779922339704
0.0
0.4189153039599444
0.4476351200179339
0.0
0.931114097240485
0.0
0.0
0.9038598443627347
0.0
0.0
0.46066201797528267
0.7446800266135926
0.8330788492747022
0.8172516405255431
0.05532448656809154
0.3544375563586065
0.40795141019531406
0.0
0.0
0.7518540086139724
0.0
0.6290336794502908
0.9779809968420777
0.0
0.0
0.20409455659544815
0.0
0.0
0.8468384711555745
0.0
0.0
0.029033317489959472
0.9259221393438436
0.27928034342788427
0.0
0.4946268404266194
0.1394302213710489
0.0
0.5977040421605151
0.1850663920873991
0.0
0.730747385902
0.09799464390339725
0.0
0.0
0.9633471677370261
0.0
0.7750941747139531
0.0
0.936340214410273
0.0
0.0
0.585925558609585
0.6823067978599806
0.30665479612693997
0.24567239512702932
0.0
0.6903044865923079
0.0
0.44457081853546754
0.0
0.7273366723130519
0.6185800979411098
0.0
0.0
0.036820964275284696
0.9566544314618529
0.0
0.6703312472347044
0.0
0.37496985542997585
0.5667686720341764
0.031158693880724175
0.0
0.0
0.0
0.2629870834655746
0.0
0.0
0.0
0.4788471975248906
0.0
0.9483314221616646
0.538136579707045
0.0
0.4610469722241169
0.4321363016620166
0.0
0.7653057878830496
0.0
0.0
0.9767076366010708
0.0
0.476231207845032
0.038001308836255514
0.14888221186167372
0.0
0.8182211604315678
0.0
0.01476065600795244
0.0
0.8901308629792705
0.0
0.5771339573990164
0.0
0.0
0.2409690548806728
0.9296405106991752
0.0
0.737544281398597
0.0
0.0
0.5405210462336985
0.43195614726959874
0.34600528824308613
0.0
0.0
0.0
0.3250135046485266
0.0
0.9421569277688893
0.0
0.0
0.0
0.0
0.7191990493851682
0.44638250604095087
0.4184892985117292
0.0
0.0
0.9616630104407541
0.7304362080752798
0.0
0.16977939054916197
0.1039069449074776
0.0
0.5575537335939946
0.0
0.0
0.24225533702935223
0.12646678952990484
0.7426338909846735
0.0
0.0
0.0
0.9679805488858176
0.0
0.94807662336804
0.2311105696665384
0.0
0.0
0.1927552362652512
0.0
0.0
0.0
0.4166489671917845
0.0
0.7871421331926183
0.0
0.0
0.21729819688309604
0.36133714104153525
0.0
0.5569028243038157
0.0
0.0
0.0
0.0
0.0
0.787404905257125
0.0
0.43221052015238204
0.0
0.34647874083806485
0.0
0.53253190547689
0.0
0.0
0.49830313434810586
0.16842943464595272
0.0
0.0
0.0
0.0
0.5151386132802626
0.16469826892869313
0.9424707061879922
0.5818929152364289
0.009827823549908092
0.4755540939872962
0.0
0.0
0.0
0.9807375497389486
0.9965411553365229
0.0
0.0
0.0
0.919587022860747
0.0
0.305014625229963
0.3299193268646531
0.9697889239076977
0.0
0.6819474038892535
0.0
0.5817833797744227
0.5276810368820918
0.20258203790782134
0.0
0.0
0.0
0.0
0.08554236461153959
0.02196194593918756
0.0
0.0
0.0
0.9900194270727757
0.0
0.0
0.15818643580667105
0.6367494443350342
0.5653244409246047
0.0
0.7067193979964232
0.0
0.9638656886203033
0.0
0.5092863363943242
0.0
0.28574477058701536
0.9585256887153897
0.601564274831057
0.0
0.0
0.0
0.0
0.09313013182590374
0.0
0.5072463598856699
0.0
0.9116022480479129
0.09379909074360274
0.8063740972640072
0.28231215225613426
0.7019696009931886
0.5854158960148893
0.0
0.0
0.0
0.0
0.9859086012722799
0.5335658006273019
0.8012012910591154
0.0
0.46952444150908274
0.0
0.4807600254002021
0.8947570803284491
0.6794446431460075
8.649560626033121E-5
0.07104849568490508
0.0
0.0
0.0
0.0
0.0
0.0
0.0
0.0
0.0
0.0
0.0
0.42578692950490477
0.0
0.0
0.07359035392253524
0.0
0.0
0.6965031432659425
0.0
0.0
0.0
0.4694637982332653
0.0
0.32424370121734136
0.0
0.604442348422614
0.503306094272584
0.0
5.87843521816913E-4
0.0
0.0
0.129436460957183
0.0
0.5240289366068066
0.0
0.0
0.9235036392910412
0.0
0.02854591046093246
0.0
0.018052755509756418
0.966175769249618
0.0
0.0
0.0
0.22439068626756012
0.5060482831503667
0.0
0.3790982552562453
0.0
0.0
0.29994471831838776
0.0
0.0
0.0
0.0
0.0
0.0
0.27612912926714805
0.6230438370167677
0.0
0.0
0.5561945199922115
0.0
0.4339235419303121
0.6651969603312456
0.0
0.6514854650714793
0.5769129565393122
0.0
0.0
0.0
0.0
0.0
0.9879777018080076
0.8263901884664695
0.0
0.11615262894365211
0.0
0.0
0.0
0.8902606756263063
0.0
0.0
0.0
0.37251698975162684
0.0
0.0
0.0
0.0
0.0
0.0
0.06175893246602698
0.0
0.0
0.0
0.2567108054971601
0.38335827224349645
0.1495677859644136
0.0
0.5364749482884071
0.7259770093286875
0.21147261782615057
0.0
0.2502682292255946
0.3298176791786618
0.0
0.0
0.76732271508717
0.0
0.0
0.430995030877466
0.0
0.7530389316377495
0.9047554437681391
0.48753857523607624
0.0
0.4725512958622853
0.6649809001040818
0.0
0.0
0.0
0.38049500686837506
0.0
0.0
0.9257752775526085
0.601915974052213
0.0
0.004142143620337077
0.5691557823893248
0.0
0.49291554766027773
0.0
0.0
0.23628465669616763
0.0
0.5240106680660196
0.0
0.6793839092848909
0.5032589482728286
0.0
0.4767570806515679
0.13283546418499204
0.26574049328725324
0.9784469448230145
0.0
0.13043513904276172
0.0
0.5540582452446218
0.0
0.5097268989610296
0.0
0.5730988019041149
0.09309040405214082
0.0
0.0
0.0
0.670207475610124
0.0
0.7556380189695926
0.2335578678696841
0.0
0.0
0.0
0.0
0.0
0.16183739368879052
0.41161722064896394
0.0
0.0
0.0
0.0
0.0
0.49945531470932497
0.8016888091705112
0.7947171260732179
0.5366750273245638
0.4172786298901371
0.0
0.0
0.9831691900105499
0.7383017792927707
0.0
0.0
0.9469525714876736
0.19836490120352457
0.0
0.13292627572386057
0.0
0.0
0.0
0.960289568977437
0.0
0.9672887590039475
0.0
0.1338887743731953
0.14950475395435905
0.0
0.9488272789788084
0.0
0.2760815896291385
0.2598641691942127
0.5165026395820573
0.08277856250319511
0.9375325593299528
0.6297042322336426
0.0
0.6355999451831327
0.0
0.268537817196585
0.03347394035587856
0.028977980031650724
0.0
0.0
0.4121240318989891
0.0
0.7776754879921102
0.12684571091428118
0.060031665420520124
0.0
0.9355734449196766
0.0
0.0
0.0
0.4066296097985497
0.0
0.40135690851987527
0.0
0.0
0.05110655198018647
0.0
0.3412470355140481
0.35335379809154166
0.45579039282550626
0.0
0.0
0.0
0.0
0.5657825379294289
0.0
0.3471799592444473
0.0
0.06225816265602539
0.0
0.0
0.0
0.9447240366537959
0.7429152265729138
0.0
0.0
0.1851337265958849
0.8498330501358786
0.0
0.0
0.778792727937106
0.9399984538221029
0.0
0.993482936265082
0.2500813574585256
0.4005880280238024
0.7267184801145141
0.0
0.5302099629616184
0.5051366983869676
0.0
0.0
0.0
0.5565299348755158
0.0
0.0
0.42882728684399096
0.6656909128213762
0.0
0.08933993762708495
0.7426574950791035
0.0
0.0
0.36198743892910523
0.0
0.0
0.0
0.0
0.0
0.0
0.0
0.8157139486294388
0.39579368584271574
0.0
0.04255035732548938
0.0
0.9135362367260977
0.7965514680618807
0.0
0.0
0.7431601951407035
0.0
0.34409195585916147
0.2217437582023184
0.0
0.3491103508315053
0.670775817839509
0.0
0.0
0.0
0.7214830545885723
0.0
0.0
0.0
0.011600879374424554
0.0
0.0
0.0
0.0
0.0
0.0
0.6082453719147967
0.9109788799225138
0.0
0.24715984618106446
0.8970547503967913
0.2981282518825784
0.16370971275804472
0.0
0.0
0.7068707029648554
0.0
0.0
0.7019722591643023
0.0
0.3727455941892979
0.646204675834361
0.4755440142763658
0.0
0.9935988716110138
0.2154352172913512
0.14754623960234434
0.5681305189440768
0.0
0.0
0.0
0.4770512258539984
0.9069706697394356
0.0
0.0
0.0
0.0
0.0
0.16728321674745952
0.0
0.33486403392567915
0.0
0.0
0.0
0.0
0.45233257950773587
0.0
0.0
0.0
0.5994096857093167
0.12236471610942744
0.9014867777995369
0.10866249028106698
0.0
0.5052261582343771
0.0
0.0
0.0
0.2689057228846828
0.0
0.18384529566477245
0.21677749373509403
0.9984864262428154
0.0
0.0
0.0846128278076366
0.0
0.9894984570082677
0.0
0.0
0.0
0.0
0.0
0.6181758367090331
0.0
0.4104301845167981
0.0
0.0
0.7174076149976423
0.0
0.0
0.2492078919909943
0.998858993615767
0.0
0.5708327295134729
0.9558094705928515
0.8177514724811076
0.0
0.0
0.7602675106013062
0.6554075442701468
0.0
0.5959868310823958
0.0
0.9751119233685387
0.028862084721685423
0.7866329089566035
0.0
0.0
0.15331075138372063
0.5304173867307731
0.0
0.0
0.834719412555365
0.0
0.2355158444339483
0.0
0.0
0.0
0.0
0.3926652862750532
0.7026893734133073
0.5690527981979002
0.500542635683663
0.6395800162326931
0.0
0.9943035735054432
0.4838702092824364
0.9391618840639311
0.0
0.0
0.7099893423158117
0.10637859736339053
0.0
0.792703489010144
0.5706147531105782
0.0
0.0
0.27455918807533924
0.0
0.0
0.9506489149181517
0.0
0.7208597932144385
0.0
0.0
0.6607561607709731
0.9791679163020836
0.5422890759530934
0.0
0.0
0.0
0.0
0.0
0.323714136333501
0.6549971269861606
0.0
0.0
0.9260861070202647
0.0
0.0
0.0
0.0
0.0
0.38537049161451187
0.5549450967730535
0.4582301193197647
0.37387336231904517
0.5699579309737194
0.0
0.0
0.0
0.437812123596084
0.0
0.2361013018670077
0.0
0.0
0.0
0.0
0.0
0.6780868206429753
0.0
0.0
0.0
0.0
0.0
0.0
0.528355786907017
0.03193074842330241
0.0
0.0
0.8403017469343327
0.0
0.0
0.0
0.02653221548688573
0.0
0.0
0.5049864904613685
0.056245840485060025
0.7459271831118195
0.9895540177002113
0.5176236638028988
0.0
0.0
0.3822464548844475
0.12549932147242956
0.5230456705773406
0.0
0.8231533435741577
0.0
0.005370084485689102
0.7546329401139016
0.18185776739067394
0.0
0.0
0.0
0.30908589663805663
0.9094888094194759
0.0
0.0
0.0
0.0
0.8533359878787681
0.06432602617540242
0.5690742764342821
0.2799260768155064
0.49756613028980445
0.0
0.0
0.0
0.0
0.736454915884171
0.16073460010293947
0.9592633868096859
0.0
0.2097568527624654
0.16782193502105697
0.6233945983053756
0.46460984768272723
0.9459791855618295
0.0
0.15267444748788206
0.4769206498604221
0.5524467337773296
0.0
0.42534040835671033
0.0
0.0
0.9964461146101666
0.8175834844142276
0.4197551819295609
0.31347729209217057
0.0
0.8636278185170927
0.0
0.0
0.0
0.0
0.0
0.0
0.7463056063220983
0.73363490130466
0.0
0.7151196938340422
0.3298681863289741
0.9939052794227061
0.0
0.0
0.3555885368662138
0.0
0.0
0.0
0.6326456666846035
0.008828972343999788
0.9592208143871137
0.84818564639533
0.7674674722646424
0.0
0.03073911839749027
0.0
0.46058062181757825
0.5210005202818777
0.7839089108912612
0.05410814005825702
0.9214778887479017
0.4495520188639992
0.0
0.0
0.0
0.0
0.0
0.07250753129438099
0.7127115987629238
0.0
0.875987138433366
0.0
0.0
0.8266800394085105
0.26246150783493283
0.0
0.6962788152311756
0.27359271513350775
0.0
0.0
0.3436570877430584
0.72119448289475
0.46934543901574244
0.0
0.0
0.0
0.9087160976724892
0.15573290075730503
0.1939500476617914
0.0
0.9661624560213069
0.5456163893313664
0.0
0.27170391634942315
0.0
0.0
0.0
0.0
0.0
0.4090339837514457
0.0
0.0
0.43379007171957323
0.8641374860807088
0.9074893837810767
0.0
0.5042895171660122
0.7490809037308812
0.3033888410626923
0.6309391714091317
0.0
0.5892349575204872
0.0
0.0
0.0
0.0
0.6411852639118303
0.0
0.5557486472429117
0.8268133604600455
0.6921546561663667
0.0
0.8688300144824043
0.34338681923339975
0.0
0.0
0.11654822327076428
0.8486860336551605
0.49479936190567164
0.0
0.592619622330348
0.12468345183283269
0.0
0.8100545622781895
0.0
0.012385243738240159
0.0
0.0
0.6211309358138598
0.0
0.0
0.5028754071859621
0.25765051254791244
0.7658777450875085
0.8955878447281055
0.0
0.0032354178372125167
0.2525313052706754
0.0
0.10126754050972699
0.0
0.0
0.0
0.0
0.311501170944908
0.6436183225722852
0.0
0.0
0.0
0.0
0.0
0.0
0.08124008590886986
0.3180540868014589
0.9356603883581258
0.3633969840771078
0.031394313734276064
0.86685563269682
0.7566441883854027
0.0
0.0
0.0
0.0
0.0
0.0
0.12307270833462201
0.7140541635162316
0.0
0.6650973231958072
0.0
0.0
0.7102164733843981
0.0
0.8211987969299468
0.44235247354338664
0.18275590719317658
0.0
0.0
0.0
0.40943459370441326
0.08503018057490017
0.0
0.0
0.0
0.0
0.0
0.5244966909695183
0.0
0.7520516546739321
0.0
0.0
0.0
0.7669695786078763
0.0
0.0
0.12492693642168051
0.0
0.003409832159432104
0.80392365270998
0.5743810968328573
0.04875781855857477
0.0
0.0
0.0
0.0
0.2215620251321512
0.0
0.14945857057720696
0.16866434039593953
0.0
0.0
0.0
0.0
0.0
0.6892198156607128
0.6882782191104503
0.39874209541448763
0.0
0.5439676892739592
0.6208922718375359
0.0
0.007789938338135945
0.0
0.7723117652763933
0.9961369963772573
0.0
0.31269398235593787
0.0
0.0
0.0
0.0
0.0
0.4059319964621676
0.7542902579375033
0.7146716696967608
0.1911438246096201
0.0
0.0
0.42160028177715336
0.26947232643219915
0.20885803269333575
0.0
0.0
0.0
0.9663071130797406
0.15895049759455804
0.0
0.2041300491287115
0.0
0.0
0.0
0.0
0.0
7.147946007587878E-4
0.8965639660940835
0.4254332212434859
0.0
0.9592276284105116
0.9698632546112039
0.0
0.0
0.9964681767401731
0.0
0.0
0.02081765219634851
0.9608383807053363
0.10444821913222012
0.49910233037566293
0.0
0.0
0.0
0.0
0.9340119597612192
0.7597143501740764
0.4045843250355233
0.3458438269269952
0.600685417053213
0.0
0.0
0.4429783298450151
0.0
0.0
0.0
0.29714957592990665
0.012664815960523062
0.0
0.0
0.0
0.0
0.0
0.6341229626582634
0.0
0.0
0.0
0.8382882970881956
0.0
0.23395420076025034
0.3006114287898146
0.0
0.0
0.42492345402858683
0.6949055533944064
0.0
0.4961802984152135
0.0
0.2993237315709701
0.5975340476813096
0.47166366896333356
0.09821289778062933
0.14195630403881251
0.7498496831261184
0.0
0.0
0.0
0.9672902892989284
0.0
0.0
0.0
0.0
0.35280088086807315
0.0
0.0
0.5822926407344488
0.0
0.38190054789012956
0.0
0.0
0.0
0.22984930294665581
0.5682486957931848
0.0
0.9513213603797247
0.0
0.21901454428429165
0.0
0.0
0.44521754030373384
0.2959707994694652
0.0
0.3214877059038951
0.0
0.9250508768925553
0.40378878202998736
0.0
0.0
0.0
0.37705791640186953
0.0
0.3529674134122719
0.0
0.0
0.7905895885091655
0.0
0.0
0.24968101787323702
0.12044846544720757
0.0
0.0
0.0
0.9973257952121751
0.0
0.12569195360774904
0.5994440352188873
0.5019999682127462
0.0
0.02843778845653008
0.20137807689255618
0.0
0.7419820169445775
0.07782955677634242
0.0
0.0
0.0
0.98388281388153
0.436968663385146
0.0
0.15440677702710331
0.9834563422591399
0.0
0.0
0.0
0.0
0.8381636665789421
0.0
0.0
0.12454523879562061
0.0
0.13756285852153372
0.0
0.0
0.0
0.0
0.0
0.012798967325817395
0.9627540936599349
0.0
0.0
0.0
0.9394427772672057
0.0
0.8955659182601691
0.798341751037
0.0
0.38888449370734757
0.0
0.0
0.0
0.9760457650101874
0.914429754212477
0.07189451057229432
0.0
0.7161708453032377
0.014215413036353014
0.0
0.0
0.36066028302262443
0.0
0.16154450200650725
0.9164835969881261
0.0
0.2325062434619709
0.2536961301275002
0.11538770387688808
0.17397237173951627
0.0
0.0
0.7662852592522601
0.0
0.9220974918341809
0.0
0.0
0.0
0.9388014214490481
0.0
0.498406692111418
0.8574150271140976
0.0
0.0
0.0
0.0
0.0
0.3878059742042382
0.3094753528684713
0.8742223986334543
0.31147366871010457
0.0
0.10778334655899986
0.742454491191965
0.0
0.6991070819954827
0.97877047907349
0.0
0.0
0.0
0.7287250168715175
0.0
0.0
0.0
0.0
0.0
0.0
0.0
0.0
0.6293001313153113
0.0
0.0
0.8282520252288591
0.31400980480409807
0.0
0.7754030916413515
0.0
0.0
0.7460505363011958
0.347337186771437
0.19347973443676428
0.0
0.7694865076222211
0.695520992764171
0.0
0.7067057451468299
0.048275324181226736
0.009132438213656112
0.0
0.0
0.5073920079343641
0.4630125851991071
0.0
0.0
0.7574449638728551
0.0
0.233809069079784
0.0
0.06373901829797146
0.35536290531455894
0.5255462982353925
0.0
0.6001579377668775
0.0
0.9788686809712648
0.9700370910088202
0.0
0.0
0.0
0.522811320047128
0.0
0.0
0.9509686900106175
0.0
0.0
0.0
0.3490687157794869
0.4872182071323068
0.0
0.0
0.0
0.0
0.0
0.0
0.7466096280437355
0.6284638478381716
0.8813948783553872
0.9456959455377426
0.7855294695117584
0.0
0.11156773150358282
0.28704221865517804
0.0
0.0
0.0
0.1603000558399414
0.7418956321015672
0.5724037998393001
0.4361253473198381
0.0
0.0
0.32942471056870026
0.0
0.0
0.0
0.6067094991007199
0.3319934201222264
0.0
0.0
0.0
0.5509811273220195
0.0
0.0
0.3259541509579125
0.6852373914781532
0.7551964963212965
0.2021374924650848
0.4026220835380786
0.25776671120953903
0.0
0.0
0.0
0.15788414630092035
0.0
0.13532824586303221
0.5809708116957012
0.09711391107366867
0.0
0.0
0.0
0.0
0.8210765387692754
0.36056864121388055
0.0
0.0
0.12943939247501726
0.0
0.2469924424041169
0.22154055252918645
0.04018992971283629
0.6340691569434792
0.0
0.0
0.40729651972872793
0.0
0.6551644822576437
0.0
0.0
0.0
0.0
0.0
0.0
0.3059477438483397
0.0
0.0
0.0
0.3276067276954516
0.0
0.0
0.0
0.0
0.0
0.0
0.0
0.0
0.7510630933060986
0.0
0.24768311024361622
0.0
0.0
0.0494649776439556
0.0
0.0
0.0
0.0
0.2910666882601933
0.6225667422353124
0.0
0.5393999943737279
0.24391676001981788
0.5317658648721598
0.0
0.0
0.0
0.2710760420126372
0.0
0.2382355310297297
0.0
0.6583201930984063
0.014627257822212384
0.4543692147663035
0.0
0.0
0.26478221857454504
0.12051391491338738
0.0
0.9925514245284143
0.0
0.6343542014192617
0.0
0.0
0.7588311775314495
0.46148567093792664
0.42446148180636534
0.2494191985578545
0.0777414156962477
0.6408087862426507
0.0
0.0
0.0
0.0
0.0
0.0
0.10767034246091871
0.9127099057324443
0.7786888522594344
0.29080759145962265
0.2868792086803833
0.3903843878674295
0.0
0.0
0.6340613093406384
0.3585760637416872
0.0
0.13928738333257507
0.0
0.957169501202331
0.9316029407623547
0.009579592732540889
0.6603923309957687
0.0
0.5282775169655899
0.0
0.0
0.0
0.08986270164287384
0.0
0.48470143281019573
0.2624543651674987
0.9517212231178971
0.0
0.27838958197131775
0.0
0.0
0.6365783031228546
0.29351136799722427
0.0
0.0
0.518493911567319
0.9148354610945595
0.0
0.9215607052377646
0.0
0.9915997551148082
0.8216789512187583
0.0
0.41875031473547186
0.20585888351132356
0.28891828799969765
0.0
0.11896730188197996
0.23328142240265795
0.23116160181119683
0.8199801837376102
0.0
0.0
0.0
0.5165130532657136
0.5447641831585203
0.22285300115916012
0.2603887351200211
0.21056491521470963
0.0
0.22800668161508994
0.0
0.4533897912856112
0.8373338993812711
0.26085503684265804
0.8776844282199165
0.5149392677339736
0.0
0.0
0.0
0.0
0.0
0.0
0.40165454446275756
0.0
0.23221794325692238
0.25455623569362035
0.3488252997455615
0.0
0.018818994115217806
0.0
0.0
0.0
0.983511054581078
0.0
0.0
0.04328284721339845
0.45046348360454763
0.0
0.0
0.8953576798329793
0.0
0.0
0.0
0.0
0.0
0.0
0.0
0.675655696600427
0.0
0.6787304457706976
0.0
0.6660225993283961
0.34729189973323155
0.3580316297026628
0.0
0.38963192935649277
0.7172231803950565
0.40396506311792196
0.05836108772324084
0.0
0.0
0.7655460909870796
0.6801972195380968
0.0024871648729767513
0.36913046354313755
0.0
0.39841838246423555
0.0
0.6364562018141455
0.09352825455467884
0.0
0.0
0.17432138573169495
0.051294116869237905
0.17297504142325903
0.6218194274223517
0.20621521795793604
0.0
0.27633202769200704
0.0
0.702180969223063
0.8132521367019293
0.0
0.5834259523236206
0.8885174643892325
0.0
0.0
0.0
0.0
0.3508035884723053
0.0
0.0
0.30673779188683103
0.3409701865942498
0.7942569908696262
0.0
0.0
0.0
0.10753401758289766
0.844279658399831
0.6946897173448978
0.0
0.22972127022017827
0.5398118597997773
0.0
0.0
0.17092369096713728
0.6097018326307373
0.21034326598607478
0.4862602168778707
0.8700882534624864
0.03452015130307371
0.015283234721890908
0.5781007753227835
0.0
0.0
0.0
0.0
0.8853200898440309
0.23215769522001603
0.8223841927669313
0.0
0.0
0.0
0.5631218715239474
0.0
0.0
0.0
0.0
0.3528560635515467
0.0
0.0
0.19932711513956944
0.9721083495969877
0.3243404373753327
0.0
0.49996760857335654
0.9228164367247563
0.0
0.6039794858593933
0.0
0.0
0.0
0.0
0.0
0.0
0.7869707043217528
0.7586664924751367
0.08425166276563148
0.0
0.0
0.6315066759578156
0.9476455707583409
0.0423769270958303
0.2808296515751309
0.48017031456740733
0.28742063642254
0.0
0.0
0.0
0.49637088822959957
0.0
0.0
0.1957092395956192
0.5902659377673137
0.0
0.0
0.0
0.0
0.0
0.23011822124643136
0.12276610357389812
0.4938346224250197
0.9979682225896529
0.03565354873977943
0.6590627509559585
0.0
0.8312676849396402
0.0
0.9666274252428687
0.0
0.0
0.04796633518978904
0.0
0.8708957216173697
0.5019349395413055
0.5802831281071756
0.21073739568743144
0.004168974042654511
