0.820405162304144
0.7171106632582372
0.12177886196954514
0.7416186865506937
0.31603480830746283
0.13342752672822933
0.9550535719989068
0.0
0.057620238731406634
0.0
0.0
0.8909254842839359
0.0
0.0
0.0
0.0
0.0
0.0
0.7175722296072454
0.5890664825721602
0.6573408498814327
0.0
0.0
0.0708525702191585
0.0
0.0
0.447812088414318
0.0
0.17669427587656078
0.11964245543550053
0.43081018220556827
0.0
0.8971895270526393
0.43209813642138456
0.6646876034700332
0.0
0.13883046231047752
0.0
0.0
0.0
0.0
0.7610304302447243
0.0
0.46700484468546344
0.0
0.0
0.4170140556080583
0.0
0.25139566495926
0.3349475201683364
0.21531385425093155
0.0
0.7558827844384992
0.2028309047557278
0.0
0.0
0.012490070213687577
0.7173257890406907
0.0
0.0
0.18011211876830233
0.0
0.05189776932056464
0.0
0.0
0.0
0.4904707099318631
0.27995061228626483
0.4886111573887684
0.0
0.0
0.31043833411653066
0.0
0.19214274664462083
0.0
0.0
0.4180602003279978
0.0
0.33016541830748736
0.0
0.0
0.0
0.5773551574029403
0.0
0.0
0.0
0.0
0.0
0.0
0.0
0.09667868759518611
0.0
0.6694677802457301
0.38003474758161077
0.38350108993677356
0.7877295849715208
0.9151481928053118
0.0
0.0
0.3412060099333807
0.06703895892331695
0.8548828606651597
0.0
0.0
0.0
0.3642670670281792
0.03614228275410292
0.6947052138639753
0.48286210224747766
0.0
0.0
0.0
0.6057930919861162
0.4157000783585268
0.08702693329209137
0.6690355894094663
0.6113086496975871
0.7409003154672205
0.3076435529007655
0.0
0.4996970094670256
0.6697345065431533
0.5981435695590445
0.0
0.33058564562142345
0.7666961039514542
0.0
0.0
0.0
0.0
0.0
0.0
0.221822918475165
0.0
0.13851371168879031
0.22414792634579694
0.8324401537871325
0.9673054785729678
0.5421010547984099
0.29532946842584207
0.7100448036424308
0.8726049452743112
0.0
0.7941397374419192
0.9038913330432705
0.9185189842476125
0.8929892955724075
0.5476627547139403
0.1017340715664383
0.35772440863491056
0.0
0.6337021114650992
0.013233453692361345
0.0
0.0
0.9786429054709955
0.8735616503896483
0.6906662966088013
0.8956066864149934
0.0
0.9505325891269008
0.828123334017999
0.0
0.0
0.0
0.0
0.0
0.0
0.0
0.0
0.0
0.0
0.8493227021103408
0.0
0.5679099057140617
0.7054010408537881
0.0
0.0
0.4903263991754291
0.7480550626002483
0.0
0.0
0.01703662505390957
0.0
0.9940709446037107
0.7162132473180756
0.17441569525814854
0.0
0.38903441813513545
0.03150659982553603
0.5922637859588094
0.7786083900272202
0.7115615284130918
0.8487000207568557
0.6849401215864801
0.1417311228436473
0.164205782809448
0.7792455062148493
0.0
0.29581579009040526
0.9957047844263617
0.9862942754440912
0.4822049303708239
0.0
0.5751771001804905
0.0
0.10627508431114778
0.0
0.0
0.0
0.0
0.3351263164668178
0.0
0.5658283849607478
0.3604539749370422
0.7024777070001176
0.0
0.43479298335316974
0.0
0.7540295387373052
0.6298369750798956
0.8754547803646024
0.0
0.0
0.4397526909484403
0.41247344166705946
0.4872601011537699
0.0
0.0
0.0
0.24767259813065812
0.548030879620038
0.6385964687816986
0.4701210680866689
0.0
0.7578722007110722
0.0
0.0
0.6299511110912852
0.25447686684402915
0.0
0.10962912854492997
0.0
0.5202725321243761
0.21788906996417778
0.5589611773683502
0.0
0.0
0.0
0.18010530284095655
0.0
0.09000169011507177
0.9980307743651835
0.9796426280332444
0.623502785425286
0.6423191806329941
0.9459277831286033
0.9398037819846956
0.0
0.0
0.0
0.0
0.0
0.0
0.6341536605078534
0.47219429852759176
0.9999907598668956
0.9782022709374238
0.887697478168905
0.6016634898268662
0.0
0.0
0.0
0.0
0.7542893854583894
0.4367017938162296
0.8147153202515903
0.0
0.779083090629179
0.49571090310900995
0.9947159046779148
0.10348304853016842
0.0
0.31686680158710123
0.6769418103663848
0.0
0.4371902654638493
0.0
0.0
0.0
0.14023432126379662
0.19788295829304456
0.9908141363223804
0.0
0.0
0.0
0.22566986524161858
0.0
0.5534103682777761
0.0
0.0
0.7015029650378602
0.5841949989144988
0.9651184481899792
0.9829146628634245
0.49484837737122267
0.5087074316265017
0.0
0.008587115242231724
0.0
0.925225491637103
0.8835650040005465
0.0
0.0
0.0
0.0
0.9158873781989175
0.08938519819070083
0.0
0.17462323516840034
0.0
0.0
0.0
0.0
0.5085640100336133
0.0
0.639645897102256
0.06326779528589448
0.38776364191640295
0.646691375689336
0.4465271938972291
0.0
0.0
0.8840907086786377
0.0
0.0
0.5570985397594539
0.0
0.8473262371265868
0.6513984194495824
0.5081759592161776
0.7623707247329543
0.32049114175236904
0.9999998236695368
0.8824512718266531
0.0
0.0
0.0
0.0
0.0
0.0
0.0
0.0
0.0
0.0
0.0
0.0
0.0
0.0
0.0
0.7656932534295375
0.8568286873791949
0.9159045017858624
0.4992727359524336
0.07174744589952203
0.0
0.6926703806363953
0.5712856308663348
0.0
0.7047990228858506
0.0
0.7962015893099663
0.0
0.6665234148978151
0.0
0.43257014341780997
0.0
0.6476165955797598
0.0
0.0
0.0
0.0
0.4838503802234714
0.0
0.0
0.35509515652304496
0.0
0.0
0.0
0.3143102000676027
0.3827333262622948
0.0
0.2613646413814811
0.0
0.0
0.0
0.7803737401587729
0.0
0.17143510560385655
0.9471629627776728
0.0369282352228443
0.5266366663277925
0.0
0.0
0.0
0.0
0.5965633398469968
0.0
0.0
0.0
0.0
0.0
0.19417726229222138
0.12404681192583783
0.0
0.26000378340426583
0.0
0.0
0.02386327967391993
0.0
0.0
0.0
0.0
0.0
0.0
0.0
0.0
0.17100801198278612
0.0
0.0
0.0
0.0
0.0
0.5146584136721044
0.0
0.0
0.0
0.0
0.0
0.937141769236644
0.08208637841097435
0.0
0.38319157552808225
0.5918698260936299
0.0
0.0
0.9652227506571348
0.5655149149176989
0.4233671400737893
0.0
0.0
0.0
0.0
0.0
0.0
0.0
0.0
0.0
0.0
0.0
0.14426274585296636
0.0
0.0
0.1973960980759115
0.0
0.0
0.3151745118872785
0.0
0.2630360027498263
0.0
0.696834429035891
0.0
0.23410428173592826
0.0
0.40375593911412894
0.17294439244666177
0.09412509807356628
0.0
0.0
0.5452470281180465
0.0
0.0
0.0
0.2725850426990606
0.16027794214612132
0.0
0.9943947502165068
0.8227475771463573
0.5603796068542415
0.4565413659949591
0.0
0.0
0.054513303364713814
0.1996171523259414
0.0
0.0
0.6632158287204033
0.4450574988178892
0.13651052080758203
0.0
0.0
0.27599677467376155
0.4376512751437628
0.07103451836507516
0.0
0.6345547606032849
0.48345714843732535
0.0
0.9946940450826128
0.7261934482919009
0.0
0.6231539256799541
0.2948019616592235
0.8119922028156357
0.368577213543896
0.0
0.0
0.0
0.0
0.0
0.0
0.505730425687959
0.8188269397255065
0.7078556343621173
0.0
0.08050935652778778
0.764761972603745
0.8562577698434526
0.9730777969552528
0.6513771093162327
0.08665461806813662
0.1440909365210843
0.0
0.4573951245674611
0.3274181502827302
0.0
0.0
0.0
0.0920755772778135
0.4283731413692618
0.0
0.0
0.021096299994486162
0.0
0.0
0.008416305160258994
0.846556658949583
0.0
0.0
0.6555402040083446
0.0
0.0
0.0
0.0
0.9964762522578066
0.8808413718741428
0.47380338737794164
0.0
0.8720058811424178
0.0
0.18563158985341435
0.0
0.5715746626138224
0.0
0.09062327148513835
0.484097339436797
0.0
0.9916564794377037
0.0
0.678940474920205
0.06828553344694732
0.0
0.0
0.19032102525894176
0.8927699265738447
0.07151505051033658
0.6017863422676013
0.50806566323885
0.0
0.0
0.0
0.0
0.0
0.0
0.0
0.5206597982974727
0.0
0.783416081305624
0.0
0.0
0.0
0.2754405214292521
0.0
0.0
0.0
0.0
0.0
0.9145467763787881
0.6390613054406918
0.8545158787721768
0.0
0.0
0.8331334698156118
0.0
0.0
0.0
0.0
0.6044857710002987
0.0
0.0
0.5413662026704144
0.6731586601217713
0.9994621317062744
0.9761887788467688
0.714075638079879
0.0
0.7970785122321099
0.34725394714635555
0.0
0.0
0.0
0.7789442013326597
0.769594796691293
0.04586740446785481
0.5371477792787832
0.8765504832770088
0.6572249902674435
0.1463225078388801
0.0
0.0
0.8595572240975641
0.0
0.0
0.0
0.0
0.0
0.0
0.0
0.0
0.0
0.0
0.0
0.782563253955919
0.2414116589683106
0.0
0.0
0.0
0.027970373111837407
0.8149327823444753
0.0
0.0
0.9709653017505676
0.0
0.0
0.0
0.0
0.0
0.0
0.0
0.3848950868160771
0.0
0.9929540701006846
0.5186221111678123
0.0
0.0
0.0
0.20376266817935756
0.9258388095877214
0.7354514369677813
0.0
0.0
0.0
0.0
0.3342246314590899
0.0
0.7153054661379609
0.15021389432006105
0.2611752865893185
0.2676451944553928
0.6756517471964816
0.0
0.0
0.07962662060742416
0.30065534320430365
0.0
0.44796048083489837
0.2558428543717237
0.0
0.27662174794411876
0.0
0.0
0.0
0.42562215210760973
0.0
0.0
0.4527967803736506
0.0
0.9306679148537973
0.04514475872201105
0.0
0.0
0.0996222385340079
0.37860722457068624
0.0
0.8298970571345221
0.0059926790783833995
0.0
0.7808174172561471
0.0
0.0
0.0
0.0
0.7469825907788782
0.8302703997807531
0.0
0.0
0.7749650566508296
0.6177692633542103
0.03550311466523353
0.6014336307021166
0.13171004771829575
0.40367664408882925
0.6938738829751054
0.0
0.0
0.0
0.7758058994642315
0.5267003917657498
0.6184559384670784
0.977198060255141
0.44705662980304234
0.0
0.9394075871869636
0.0
0.0
0.48615341371502585
0.0
0.7448453005197928
0.5295854371200074
0.0
0.0
0.0
0.0
0.9242888720764416
0.0
0.0
0.0
0.9999589449903322
0.12747100216115928
0.0
0.4052219705790347
0.7229054599410651
0.038107109724413064
0.0
0.0
0.0
0.5645801254236671
0.0
0.11116272590746053
0.025336277857400943
0.6453013530262017
0.6742121891557176
0.0
0.0
0.0
0.025754634701445667
0.9990475045207803
0.4967322161827824
0.0
0.0
0.0
0.0
0.2647430338891311
0.0
0.0
0.6472024988524303
0.0
0.0
0.6668120121266871
0.7918835391955784
0.008390950807469311
0.698635577947526
0.9997518813185631
0.0
0.0
0.0
0.0
0.0
0.656409896879792
0.34556185254992733
0.0
0.8705914283710902
0.3970069268784187
0.9940132816102867
0.5099426749495246
0.21319155251948407
0.9654108500950412
0.0
0.0
0.0
0.0
0.0
0.6519990589515612
0.9542271222153105
0.0
0.0
0.809750930313285
0.0
0.0
0.8904791391701273
0.9404182787497877
0.1355825681097677
0.12222961432982384
0.0
0.0
0.0
0.0
0.19793179448725706
0.0
0.12024172825342276
0.0
0.0
0.0
0.0
0.0
0.0
0.8800522654068611
0.40228157176116963
0.09792681885496549
0.31220841933375565
0.573746038725728
0.0
0.16498102422671532
0.0
0.0
0.11011771137979225
0.6023332216354269
0.8987272982240111
0.39479773353499664
0.7078864584890312
0.0
0.9995244934621387
0.5919177846250014
0.40988622261382884
0.0
0.0
0.6905452342573953
0.7548577471763945
0.9387866669170164
0.08017914591455401
0.0
0.0
0.0
0.16820600572178776
0.0
0.0
0.42746346874146407
0.7014865314305675
0.0
0.530795179313555
0.0
0.7057750452802677
0.7807583199378191
0.8974847065945437
0.4703513058609329
0.7997387968517934
0.6325019788609237
0.0
0.696322924646524
0.0
0.46847053968326996
0.0
0.0
0.0
0.6433524199487203
0.17484670586706846
0.0
0.08989668955433087
0.0
0.0
0.0
0.0
0.172820249847004
0.5141061706628822
0.0
0.821590465136415
0.0
0.0
0.0
0.0
0.0
0.9338666672482173
0.4428977854719842
0.4916663068832292
0.9337634895243577
0.7412628850821537
0.8014037139726363
0.5127442803717988
0.0
0.48625581853373995
0.601686011700755
0.29919978951653214
0.0
0.0
0.0
0.0
0.0
0.9968044168690182
0.9057538039182736
0.9090971356952746
