1.77503749360692
2.14748347423687
1.21314657685857
1.19197493592024
1.07241124178666
1.49301221681939
1.32587617012406
1.19593826877767
1.20636415389279
2.1112326858939
0.944967923618118
0.909260450413375
0.978770873835514
2.13507058040713
1.02359804530361
0.963943539245878
0.998161962851547
1.06385085476533
0.955853083169283
0.940101778975225
0.963050800248577
1.19555775084336
0.904976825272904
1.42092755259293
1.1364953781385
0.957793796282305
1.05099370641866
0.982237183820392
1.06428117715706
1.08391953581056
0.979081619218
0.914275676325197
1.89451732794406
0.903008482636378
0.951717308424377
1.10316553019844
0.964115566498946
1.13397897740706
1.18592375274635
1.04381979637205
2.4711942341105
0.9970383034832
1.31863622024582
0.8923026450333
1.0202620767247
2.70773767131812
1.03561207076444
1.06035947997898
0.921074775108922
0.846295617572053
1.00370986428545
1.12112406854412
0.909899952122858
1.10507676185675
1.35890826143734
1.01135592524266
0.931210992612041
1.24263101884128
1.1077403569793
1.30876020958615
0.887307979206794
1.16234515593757
0.90093367831656
1.3191252278151
0.995529657218488
1.04888655501498
0.862933292138904
0.90791905012097
1.11333702681948
1.18135859599059
1.03794581661819
1.0999128779003
1.07341505413705
1.17090315929398
1.23330160891565
1.14065912934696
0.899104727252771
1.15175234664955
0.989526785352757
1.60301019024993
0.926883142666007
0.923893615423474
1.04441713434588
1.47491901026145
1.16227503138644
1.21708682528598
1.10762622649931
1.00061959750703
1.01098412538542
1.12872950435392
0.825729663006359
1.07796131892685
1.19257324880608
0.942254043407128
1.00386740581678
1.19112690579061
1.20709745440053
1.0999700221781
1.06464061861549
1.64428856552039
1.00034475070728
1.02183637555682
0.882447256634897
2.4648289449912
1.38373312653617
0.940387625069608
1.44246184038031
1.78514358306905
1.2283189237108
1.0395777004182
1.4888046107311
1.02917764774768
1.09850179682152
1.17277531014319
0.97570969209727
1.0894911660166
1.04679243383744
1.13117300773615
1.46205582136518
0.959225666334908
1.10800901068948
1.07952951527349
1.57119341513444
1.61726031270279
0.946235341962902
1.03710145069192
1.32560964275478
1.08105655993635
1.08138628277117
1.20169585753065
1.23056053980903
1.04529049814382
1.60591457809698
1.20674638272119
1.59627243157966
0.940337349713186
1.03882623534882
1.14730451722178
1.14661881433591
0.830013032702223
0.927658361023884
1.66010894598723
1.22524438650589
0.921299477424241
2.30588299603147
0.833877753216063
1.17680128751653
1.01385511899969
1.38121954386929
0.983321482487523
1.02064003312076
1.1772456142769
1.16942234749206
1.30180309220897
1.01454353047135
1.83340613469112
0.973371129044189
0.921017628816466
0.975324908727131
1.04243092158315
1.04689286417669
1.28503115508081
1.18235892070471
0.887030468411533
1.14257135859684
1.06259434330735
0.965559412479668
1.1336228633787
0.998707973677834
1.02996466125925
0.933681222281053
1.29866310445871
0.989936093615915
0.965021527960564
1.11239954716245
1.26607693984533
1.35600377367452
1.03087031994347
1.07736130849671
0.897837059427327
1.24609922525236
0.966139273240769
1.0403646968818
0.976981512236815
1.01731606604119
0.966444266292362
0.96516351033794
0.850238304157063
0.854603613634811
1.10148395498655
0.882553926587062
1.03244866926727
0.960429554835924
1.23199633353944
1.06801959294014
0.908201188136214
1.00157002994056
0.980323302205325
0.931482799527007
1.00024137899668
1.02207366260881
1.30057642756898
0.934209149082893
1.29271751264698
1.10952509251864
0.943072930465844
0.934127095631005
0.995490203154677
2.66620549651238
1.14422171208406
1.00323969789645
1.02721451823202
1.2963931539313
0.975945756706838
1.01551891686909
1.62176535524322
0.917204488800992
1.39844357583169
1.23342722107093
1.26968796504205
1.07201392041036
1.05230532658779
0.991428225137916
1.54192137860904
1.04233723576029
1.16183269239071
1.04605223293473
0.981806420477058
1.07384419002234
1.08496068140635
1.3248750005966
0.889387762102654
1.16224553716209
0.954682996963028
1.13465876956932
1.38142978080382
1.21118662148728
1.27042074670241
0.90533783986612
0.9995765074431
1.11115543232101
1.00582895667394
0.960716090359316
1.59147864231062
0.962743725994787
1.1709781490258
0.957017271851198
1.22406402336522
1.42560212362374
0.843845884683648
1.56314763911736
0.967141702271588
1.26129221860372
0.828324498943839
1.35741851648212
1.04841929464485
0.996975711436654
1.33811566552684
1.1040306261025
1.26072899378119
1.27689214283358
1.29449607339849
0.972320670051224
1.08092035404013
0.950012910570423
0.908191860176183
1.08091497897864
1.08189236290992
1.07669520536198
1.02448572456839
1.1255423565046
1.02234901813709
0.991395362545346
0.938264843313054
0.854094926262078
1.05488518950343
1.35966215873893
0.880426133789801
1.1045793662698
1.41101240244228
1.43092590387816
0.91042599117801
1.1007477981222
1.4186368253027
1.05763567491547
1.01541603501891
1.10233585911176
1.69619149901532
1.09783132070383
0.986713171971635
1.13297736959188
1.08492562042197
1.73354140874274
1.39211957108251
1.51258775261407
1.17539413835564
1.14868001650876
1.27476123652729
1.12192721981568
0.875089643792644
0.941821310392651
1.53016055903366
1.12246056146266
0.924135500165878
1.87779383270848
1.35673339836989
0.896184277381337
0.822632542415605
0.926457538861551
1.61955883740053
0.984209036746373
1.17344013184944
0.918315927937732
1.21814327788271
1.28587683473331
1.33770638086578
0.958388422470604
0.908155897743218
0.944182865525017
1.07949520184651
0.837871691756757
1.02081133911965
1.38747138632775
1.18780315668968
1.05719167884353
1.0229993517139
1.65102491494487
1.04426440661503
0.954063805121138
1.02116580672686
0.916379863503886
0.985098940090454
0.965650071212696
1.25214609482475
1.42983756169432
2.00800609017575
1.15928958923247
0.880010267768949
1.326367242205
1.84689905151626
0.939189482677308
1.07942343747132
1.23173046425576
1.43469559868731
1.01650461318165
1.12075092283531
0.91471821289534
1.03682274179337
1.05120420645441
1.29269155239587
0.856692169020606
0.999923751730229
0.8875546623283
1.91868336785282
0.938040794517002
0.934991882002026
1.47315802648399
1.03264475805712
1.38521516604482
1.18399644522067
1.20794695715266
1.33684538909906
1.08364897323326
1.34520418053837
1.1055890245521
1.29577597371118
1.49089102320379
