1.0467293530638
1.6194567082646
1.30567039013658
2.28408861897428
1.15495589825219
1.22035854927075
0.984890357289928
1.16444013080643
1.38946387372911
2.09605413107704
1.32117629242316
1.14594109835838
1.24708687029852
1.22793526651561
1.16112494969238
1.07628551331724
1.32436181560337
1.24654085181178
1.16125643135224
1.51640750520666
1.27598878258785
1.11617504653009
1.01164692146287
1.06003362277843
1.40847489492332
1.05306322747899
1.06040227154886
1.1318588829476
1.00079786329942
1.05269136231997
1.61907768274839
1.10643762473393
1.31561269233741
1.38240362121802
1.67997205765134
1.16786337540975
1.16455845510468
1.11411338477031
1.26048006590005
1.08337410594716
1.11794731698412
1.02984650587718
1.19890543246778
1.06920823988167
1.10067496533469
1.12576829541936
1.17954179560647
1.71124110438233
1.39188561711836
1.03411385880869
1.05205521807786
1.1342190450467
1.14524420841748
1.46276646389136
1.04694104450249
1.17931972959978
1.29983842896667
1.27294113982559
2.46187815235334
1.17583610852753
1.09425670887767
1.03319340162651
1.19572598045177
1.33814910437966
1.43653352928859
1.04620386808949
1.52404775122053
1.19862605459752
1.34257964850247
1.16591592292911
1.25972956068194
1.04259675081612
1.06110991471454
1.18126250229902
1.22934831839387
1.836300653459
1.45316458191271
0.956151420648923
1.16343855907616
1.18587912794646
2.0312870415048
1.2147443645937
1.19486724275749
1.21029507106696
1.05932712986588
1.07970508350635
1.69122808656677
1.34572220896467
1.15779687281689
0.966575079778875
1.99244884736199
1.18330693407117
1.08482424966992
1.04680631880269
1.30962888947579
0.939896298021829
1.49938959493863
1.06234270800505
1.49109802545559
1.49699494363983
1.1724104735203
0.965396612913676
0.984665340340742
1.20891025288094
1.06140097945786
1.24884069057614
1.34922436112483
1.68982555762512
1.30145340992721
1.08578536687722
1.11118230689706
1.33053329708446
1.11678555053731
1.59833243716567
1.38257647786748
1.07085204311894
1.00859805331371
1.08225039988458
1.04237064916442
1.76650971056031
1.11848915938368
1.25676963815035
0.944124087015243
1.15443678454785
1.3502683164536
0.927140899681311
1.01489223535174
1.04389190752923
1.43080707606258
1.18997024633137
1.509007373876
1.89968521826048
1.04409666619805
1.04940400478572
1.16628102202208
1.34662143993372
1.12188044275961
1.72748971004479
1.1068958980313
1.36824545964537
1.34334769159807
0.865293698070844
1.35287436010377
1.27317785074624
0.995156594753539
1.42910148783027
0.981137709483014
1.07504320813415
1.22102918371729
1.00600317438239
1.02510436646106
1.10217039130945
1.06850375920864
1.36556084512216
1.19154905249283
1.10721973437805
1.31228641878144
0.988729343854334
0.974787294755635
1.2238311057057
1.15522041729569
2.13263354906422
1.14624011635837
1.10195632142554
0.920032335129893
1.11432311097666
1.50635492357862
1.16613340000116
1.50236928966073
1.36935998636182
1.32267158059781
1.18065335905627
1.03622944837877
1.27659850955757
1.20274860501939
1.26752888221157
1.34792822120626
1.14572376622398
1.4171736311571
1.34119531246872
1.15245548769355
1.58670527223174
1.05675300150892
1.70660747229633
1.13285185409184
1.04628680007851
1.95770185487075
1.68190428185116
1.2905835351651
1.09800699996465
1.11231856408584
1.21040432681734
1.34931780340127
1.65493328634847
1.15052590019872
1.1456527007208
1.34875394575167
1.01662610294131
