0.892193351999336
7.84391399468076
1.98434932627344
9.30868040444808
1.01411886131409
1.14033519050524
0.781184704190076
1.11278518970422
1.18179927171528
8.76683852100675
0.944004268591471
1.33646096626245
2.09207296675099
3.84180585280362
0.89058372327009
1.73167286237813
5.2262733356706
2.27445221148777
1.50006293124036
7.41568588626984
1.00292535803425
1.62798357084341
1.30539933414574
1.00031156818494
1.20160515076771
1.36160126189523
1.34967904377666
0.902642534352634
0.655995165148587
2.46943775858249
3.25319835865769
1.23254292919191
1.00290074360591
1.39446380993265
6.47597187515664
1.98201916002938
0.626521039440693
2.16073464970973
1.18036008090196
1.21255984826878
1.69761424787126
0.86367992619721
4.32397316920074
2.12910506718439
0.825638521102801
2.29274550164018
1.36587891948424
9.09020685047643
3.54078686629076
1.09271863843199
1.0780955734098
0.768907896066513
1.4495233608876
3.08270128905438
1.11175874322595
1.83411971081889
2.61616819916872
2.89625068263648
8.59427881033001
2.59136859168068
1.32780327807293
0.886169642641035
1.43639600112304
1.00411273683571
3.69437232066902
1.2921714914688
4.80422241352496
2.72299438837487
2.80250352887036
1.39888972034532
1.81280225913541
1.28779903523287
0.909121737482796
0.958149581715549
1.60121971323209
6.27580514465056
7.958490370472
0.9670515927609
0.64246153051875
1.2579665919333
8.96102166892524
3.02620248597337
2.03976534863807
1.88431593559217
1.19483682278586
0.807303076586668
6.95680189440699
3.0946111077826
1.0557368484353
0.784792284208363
8.24014666475985
2.19598453929588
0.890997533502641
1.20427767594011
2.7471088632819
1.32856688362962
5.26877332366756
0.741847881801781
8.11319021899349
3.048738925678
1.30479104981885
0.707485541070243
0.680878101233521
2.08431922619688
1.03965414486496
3.84595352024916
3.82426324966668
8.85186836256695
4.04004178296004
0.804761913900388
1.15076154855247
1.13606872874944
1.97367203180037
4.6482893419263
3.73079564244455
0.756599878229615
0.952559020924771
1.27312369234052
0.754237974170077
5.67940433525646
1.26325685872351
5.09727360627195
0.818790384297413
1.21335219319726
2.89993668845529
0.678894884514875
0.838325398541817
1.28172145700292
3.1013069349442
2.32484754255245
8.39225017233116
6.28559208018823
1.15387266695684
0.805166140894975
1.89430068599321
3.48924302238553
0.82729508853537
4.18575562656842
0.733086494846443
2.50064396974533
7.32456933846259
0.760548430364118
1.72773644782765
2.31348212350592
0.804034318856441
6.40157155997565
1.56884940627451
1.21560342699368
1.36647161814827
0.73762094632964
0.944183144880609
1.4638009205304
0.729865456500705
2.40049284562445
2.54526547739723
1.83927301310942
1.23064771533906
0.979932103179066
0.690573189548659
4.25753267282341
3.1038455574669
7.26949885945963
1.37213376851585
0.714866019333725
1.0441339841339
1.36415373399073
6.88551784040081
0.903324692551529
5.56467916203581
6.73759683084079
2.35870296344406
1.42695006818476
0.910301499500123
1.93154977007486
2.43282571336474
1.24933197203155
2.08156100198088
1.01815358105827
1.64346068479316
1.0220989974446
1.26289436908828
3.01867668816261
1.16937570568068
8.01339130880256
1.83236316119443
2.49521265001409
8.42858949774888
5.11031766255662
1.51356619159188
1.6721653056609
1.7901278167224
2.39607843245876
5.16550671883793
3.89266370134404
0.870438496505777
1.11604166910879
3.46516597432448
1.35476846015293
