2131
3420
933
2539
2269
694
2290
330
448
1708
2216
2559
1836
647
1252
2685
1887
1385
749
1042
807
2314
2662
554
301
1812
1751
995
3919
756
785
442
1080
1005
583
1449
1492
368
1094
1612
837
1516
1066
871
374
2908
2680
1268
1594
693
2398
527
1395
809
418
1712
830
1491
1264
2119
2082
1156
2311
2162
1100
482
674
2454
1815
378
2568
2929
1243
1387
2806
3106
4030
4017
3253
3648
4764
3570
2761
1177
3580
4485
4537
3481
1620
4288
3377
3036
1291
111
3882
1224
2247
47
192
233
796
3165
2789
1420
2189
1051
489
3830
4751
2812
3936
2544
2040
4246
1348
3983
3147
1552
2303
2124
703
2196
3502
37
2416
1586
637
2011
2530
1942
3360
2164
752
1048
1473
3843
1642
2389
849
216
1388
980
1363
741
708
4338
149
1621
4123
3284
1664
2541
3354
102
3824
1050
1261
566
1419
990
2729
1938
4717
2843
1036
4339
1653
1818
3879
3136
612
896
306
1198
1137
1007
1076
2167
2248
1286
831
502
1317
1421
1222
1735
1242
1116
3235
2739
2219
2456
854
2089
913
2433
336
435
3378
2802
2250
1911
2930
648
1750
3183
1623
934
1088
1384
778
877
2071
1475
991
1069
1053
1372
1920
1681
1503
3173
2191
1658
1195
2182
3024
1979
1004
1670
2141
3563
4603
2209
4527
4140
4384
2610
2948
2583
2378
4665
2960
2691
2039
2275
4056
2831
4326
4289
1686
3011
776
4743
4164
3123
1613
585
3933
1905
1189
3119
2115
4378
1525
2208
2430
3125
3965
2620
472
3369
4699
2390
758
3699
1631
2623
371
2005
3651
4134
4191
783
3701
4146
4534
3804
2753
4589
3236
363
4181
2619
4157
4071
2513
2534
3478
616
784
4660
3959
1900
3452
1646
3056
4626
248
3230
1581
1037
3492
3837
3958
4391
2206
3075
1515
3255
4337
2202
3308
1636
3649
3112
4516
1381
2328
1638
2967
2720
3634
3412
3519
4402
3775
437
2103
3820
2742
4393
2580
2866
2520
1869
4301
2125
1338
748
3041
3219
2765
4608
3172
4095
249
2509
3682
1514
3697
3444
4370
3407
3307
384
2969
332
2203
4688
3244
1960
1929
1912
3487
2377
1922
2895
4509
1672
4753
77
4008
2292
4163
1370
3053
2778
2312
3155
1725
4003
1149
3313
406
46
4577
2500
3578
1702
3633
3250
4006
3475
189
4549
1059
3512
4685
4770
4668
3746
2600
3997
3445
3889
118
3897
1863
278
2086
4126
3309
1232
3660
1934
4336
1619
1993
3226
3289
2321
1777
3087
3971
2571
4591
3861
3279
2716
2786
3645
1486
3388
525
3251
3200
219
3033
24
1791
1841
4777
1980
2723
3952
709
1479
2537
3524
3027
2576
2618
4601
4403
2783
3532
2955
1341
3299
3994
4517
4694
3188
4609
4125
4600
4736
3312
559
3059
4084
4245
4135
3094
3288
2901
2228
3367
2625
3662
512
1778
1991
4771
2168
3960
3092
2105
48
2909
2116
1185
137
3140
1030
4052
1119
410
3745
4426
2996
4498
1998
1524
3224
185
3954
1084
2327
615
170
370
3511
4110
2262
361
3450
258
3280
4394
4659
2840
4434
3898
1440
17
4448
1518
2653
2933
3208
138
3035
3458
3422
1925
19
4340
652
431
1578
331
3050
4255
2744
3595
844
1505
3387
761
4706
4116
4493
4104
1311
2862
4310
2385
2493
26
4547
3196
2981
1350
2243
2694
4503
2139
3345
267
1894
317
3007
3826
3149
3368
3365
2153
2828
1588
4064
2289
3777
943
3297
2903
4492
947
3084
1606
4388
1749
1760
3760
2557
3865
3609
4065
2664
2857
3533
28
1006
3724
3565
2830
3453
4075
4619
4395
3630
4438
3413
4781
4325
2444
2413
4472
739
316
3391
2083
4379
4651
163
878
4109
2916
4543
2260
4711
193
2309
174
2813
4664
2463
1814
3247
3410
186
1584
1747
3401
2730
335
1255
4429
3325
861
4128
725
4261
1668
4806
2068
4479
461
4697
3275
1063
2361
4774
3723
1179
3175
3885
4679
1995
4814
1217
1087
2211
4198
2564
3601
2823
4616
4515
4597
411
4779
3032
297
2980
3158
4183
811
4057
3807
3678
3322
1110
2919
2271
4254
4324
4662
3088
4419
2979
1465
4678
1936
2682
3674
2170
4709
1510
1020
263
3076
1538
71
565
2921
3823
3107
4405
1452
3177
2338
3440
1801
3129
2713
4172
2875
3893
367
3691
2420
3632
2234
2728
2848
3465
3184
874
1624
608
2362
403
85
64
1126
3038
3263
4754
3915
1582
4524
4590
3396
441
593
4775
2352
1609
2922
1308
3819
4605
2157
4760
280
1445
1260
2057
4316
4484
3966
2878
1450
1306
4510
4307
133
1457
172
272
4256
2592
1343
924
2825
373
3222
3339
132
3733
220
2880
1114
978
1207
2624
4275
4195
1987
1728
84
62
2525
1058
736
3258
2342
3552
3650
1536
524
2635
2581
555
117
206
1704
1206
2690
1138
1679
533
1656
2486
251
1833
994
211
150
2307
718
2693
1554
509
864
1851
2354
3675
2779
226
659
633
359
1769
1742
1913
1616
2476
588
819
1104
1703
194
1292
2140
78
3171
3978
3471
36
459
2434
4502
4114
1806
2702
2759
605
1294
719
1640
1508
2904
1055
4229
2990
139
3381
893
839
4794
143
3347
507
2640
1417
1216
1921
1889
328
1061
2308
1293
157
1781
700
653
602
1013
801
91
341
2130
1270
3671
2429
1961
287
986
3918
2353
4356
3817
4464
2188
4154
4505
3765
4298
2943
2077
884
3764
1607
3503
4297
1502
508
667
227
1258
3621
210
2325
1290
349
45
3998
1650
4244
3090
3048
22
1438
2966
1391
116
623
3269
1461
2067
3429
2562
3361
2449
810
3647
499
252
1633
1494
40
3034
650
925
264
1043
2701
610
1549
4
641
890
207
1974
2081
899
321
366
213
1535
3
2273
1943
3455
1259
9
3225
1562
447
279
901
424
523
1727
121
1267
3261
951
769
1187
273
579
2
20
103
18
1033
805
505
2296
1559
627
55
576
1122
1274
53
58
15
916
1762
95
261
590
1105
2111
455
1347
101
35
16
2587
10
122
97
256
294
144
532
124
43
1361
1541
1356
1233
179
1262
2237
243
948
488
834
498
2726
2440
969
1732
2974
180
1990
745
2409
232
3081
1788
4809
4631
72
3294
4328
3975
1813
1561
3961
4413
2735
2496
3197
1057
2472
4726
4614
2369
673
4514
2405
4208
3301
2329
4249
4282
3351
3545
3902
3350
4745
2205
2999
3002
2633
4149
3743
4130
3661
450
875
4483
3080
3540
2501
2029
394
1326
3931
3028
452
686
2013
2803
572
480
4177
1569
3334
4450
3296
2814
1281
3266
1456
1997
3178
577
1377
1821
1008
69
3712
3040
2372
3658
2928
2232
1418
1687
237
3785
2621
1786
3759
2548
2339
197
957
1752
600
1425
3416
1574
1591
429
1204
2604
1340
2368
740
3913
2602
705
2178
964
691
2649
3191
2665
3353
3884
755
3443
421
2052
4107
1904
1903
2655
3170
2090
1931
2055
3617
2516
754
3434
4077
1701
3043
1021
3356
1684
2883
2892
4816
2754
2276
3561
2059
3314
2582
2107
1926
2033
4144
1197
2171
3704
385
1488
3390
4386
2485
485
4105
4382
1996
2145
4360
2050
49
1804
1570
3331
630
2065
2942
1397
3189
4047
1906
4574
3950
4585
961
1234
4440
3792
3730
2774
70
1416
3752
797
1528
1065
4683
1803
728
3482
3751
2915
4581
3770
3688
1794
3797
4080
2256
1167
852
2425
4676
826
1376
3790
3842
1848
4311
3186
1221
4303
2297
984
4667
3423
214
2584
4417
929
813
1994
310
1415
1454
3116
4575
4436
2570
470
2315
3145
1484
1408
2172
2284
3937
1229
3318
2936
3564
3127
4437
460
2003
3623
1678
3735
3964
4286
1723
1111
1986
104
3793
3507
3212
898
3926
4580
3767
376
4192
2772
1808
2359
1283
1154
2281
2009
4621
4602
1164
196
4365
4797
4242
2663
2793
3138
3549
242
804
4586
1530
3864
2790
3999
155
3852
1522
3124
4291
4309
767
2994
4632
3750
835
3990
1698
3956
3326
3233
3006
1090
1595
3494
654
3711
2947
3872
3428
4500
3629
3788
4306
4407
2879
4695
4329
2383
4447
2217
80
3813
1862
471
4221
4389
4342
4532
274
3627
4055
3808
697
4039
276
4354
4536
3749
4196
4009
217
863
2889
1210
4569
3624
4653
3622
4016
4511
2313
2556
1857
4650
662
4473
2446
2543
3057
4496
3030
4087
3439
3521
2098
3988
2750
1958
3769
3947
846
3117
3543
4060
671
1422
1121
476
4217
3234
4610
3618
4295
828
4357
345
4085
164
2601
1068
2129
2345
350
4468
79
1918
2323
1092
2752
3134
3607
1523
4207
1927
1964
4684
3938
342
1988
2163
1504
2218
3779
988
4367
4738
2657
1963
1576
840
1779
1103
4211
928
1125
3520
4115
1753
490
1724
2940
1784
357
1766
1662
3583
1434
320
3591
4049
3928
4731
365
3544
1676
2546
2144
1545
1685
2668
1652
561
3951
1798
2443
4692
1797
1046
1871
1225
2015
4344
4465
4082
4757
3135
3537
2758
1133
1393
2058
2300
2147
2365
1353
153
1644
790
976
4028
4392
3010
3798
2270
3880
732
2835
1128
3655
1583
1957
4089
1879
838
422
1203
2508
1950
3363
4564
847
1598
3896
2731
3292
3333
1639
300
1480
2648
2366
3348
464
3527
3754
3272
2462
2201
762
4722
3300
2837
1877
910
2748
4308
663
3425
463
2066
1309
2223
4576
3238
281
1199
2332
3596
146
96
3636
1846
675
2350
4259
3716
3066
822
3741
1467
4441
344
3949
1490
1025
1834
4199
1244
61
4387
1178
3324
1383
2482
4559
1895
2442
3559
2855
993
3462
4790
2756
3051
1226
3291
1605
3357
3588
4312
4011
270
1730
2606
4607
4081
2675
4466
4416
4158
2870
3721
2660
1539
3220
3483
2820
2859
3311
3668
3822
1238
987
2410
3725
4046
3982
162
4086
2244
2143
3690
3644
2863
3851
587
1211
3921
2986
3211
3046
2769
2982
2709
4014
1733
4592
1932
2995
176
302
1413
3606
4042
4161
1170
3499
3005
1850
4408
4818
1768
166
2629
4294
4637
1930
3426
2763
3176
4026
173
2873
3510
4521
4317
2807
3615
3646
3003
4093
1477
4759
2491
4038
2027
2450
2914
1209
4112
4544
434
2239
3590
4529
3467
3316
4251
3268
2647
3610
4137
2811
4525
3665
2468
4351
3488
4300
3800
548
3706
3923
685
4671
4375
2466
57
2984
3784
142
2718
1710
836
4142
478
2965
4640
3849
912
3180
3506
733
1898
3832
195
3859
4023
2868
1970
1334
3132
3209
2088
4043
3164
3616
4253
2113
4062
1969
3738
2396
4611
4368
312
2834
4073
3023
625
4302
3567
4377
4740
4714
1168
4374
4595
1984
3904
2135
2014
2185
3045
4749
3156
4788
3240
1009
3029
3710
2906
3812
1885
3448
3193
4012
983
3702
2421
3732
2749
4807
2768
3287
2112
4570
3105
3562
3120
4657
2558
2945
4410
4205
1571
1743
4201
920
2815
594
4728
2745
2792
3181
4200
4716
1166
4270
3871
1763
514
1079
704
4321
2008
4666
404
2279
1102
4583
940
2386
1151
972
4495
2912
1837
4531
3317
818
3834
1783
794
3558
1666
2808
1295
2213
3449
1580
3604
4783
4553
4234
3358
4176
1471
3204
779
3713
2437
4702
3486
3246
1692
2661
4528
2844
4369
2695
3205
1839
904
3306
3917
2687
4780
4488
2341
4168
2498
2985
2207
2565
4813
3109
3021
2317
4508
3470
1303
3639
2506
4761
236
4562
2310
4322
3399
2725
1601
3473
3154
4411
4182
1398
1086
567
2937
3417
2159
636
4648
3259
3940
2741
4710
4811
3479
4698
3867
1432
1811
3763
2483
2667
4010
4141
1279
2452
2751
1870
3680
3281
1840
1202
1241
2678
2101
4305
3341
3239
1740
3753
3538
3427
1489
387
2134
4212
52
743
1831
1249
2669
1773
1529
4627
445
4672
3068
2578
946
4620
4420
1014
2771
1517
1866
2968
2696
1423
879
200
4136
4463
2504
526
1867
1181
3816
2106
3400
2384
2337
1706
1671
676
3418
3996
4193
515
937
4092
3514
977
2173
1213
1382
2025
2288
3873
787
3139
319
2019
1379
4776
3625
3995
3857
2705
2911
375
1429
2481
253
2567
3264
3635
3097
4304
2865
4675
1077
4729
4180
3973
3098
3831
4404
4145
1909
2225
4063
3441
2254
2190
3719
4497
4584
3881
2529
436
4088
4215
4541
3079
3436
3491
2445
1302
2371
2394
4079
4334
2458
4018
3670
3718
4036
323
4756
720
4019
1876
1719
4535
815
3694
3091
1118
3260
3944
4138
3582
3573
3385
3468
50
3504
1531
552
1802
4491
1332
3656
2776
537
1052
2199
3438
4454
3227
2964
4345
4381
3703
3215
299
4734
1135
2301
1414
3866
4335
4155
2399
4020
1463
178
246
13
295
4718
4113
2958
2595
3047
4551
4090
1825
2179
2896
4061
4755
4283
3878
989
8
4366
4227
4044
2839
2787
4069
1124
3049
664
1431
2566
1564
3338
1967
67
1101
770
3315
1239
4224
634
2030
892
3130
255
2874
3814
2805
2988
3806
3761
3409
3942
792
4596
1849
2370
2295
3447
1600
3892
3638
1891
2210
862
1596
2136
3192
3141
2007
2907
626
2114
3848
883
2032
3397
93
1939
734
3815
1915
3161
2975
4548
456
487
3159
4656
1208
3637
2048
665
3014
619
2266
100
2397
3110
2642
2569
2277
2920
4178
3485
486
1720
2594
2939
2043
2882
115
221
915
1661
2117
1027
4353
3231
639
888
677
1448
2579
3930
152
824
3778
23
3528
484
780
1916
950
2245
4179
504
3073
5
3903
224
1608
293
4186
643
2714
2176
2514
3151
4481
1394
2158
3541
4630
3285
2137
4361
2505
2646
161
4486
3162
4628
1237
4159
1359
4147
543
3551
2489
4550
3801
1469
2215
4598
4277
283
2060
348
4545
1745
1626
2881
1344
2286
1634
1169
1162
3370
2402
3744
1977
3689
2707
4785
3460
4083
4444
4346
1550
894
2467
4462
3290
4203
3012
4431
996
1131
4641
4132
4470
4343
1632
3144
3072
3850
3546
2549
2962
2102
1507
329
692
3698
3742
3963
3833
4482
2827
2473
4735
3167
4106
4041
3146
1173
3773
4233
4475
2788
4593
4519
4746
1362
3890
3641
3805
4219
2886
4713
3267
3469
2381
1188
3495
3739
3013
3392
3009
4652
2507
4397
4452
4572
2012
1935
3283
4446
3474
2953
1045
1832
1548
2666
3927
2941
3747
4266
2502
4051
1074
4443
4769
4750
3179
3860
3571
2607
4167
4747
4748
3195
3274
3182
4703
1946
3293
4808
3102
4801
3576
3631
4606
4805
352
4074
1176
3082
159
2246
2155
2740
4129
2532
428
2719
3044
2183
2016
2407
2049
3684
3111
2737
4669
3096
1754
4721
1543
2894
2762
1499
182
145
4053
1830
1789
380
2041
1427
992
1304
439
2519
3548
2593
1691
3074
3611
425
1827
1989
1096
506
3217
746
1770
1868
1629
1296
397
1992
2715
94
2357
1944
1590
2259
2727
546
4067
3262
14
3592
1854
2229
1838
462
2076
3061
952
1819
1316
2047
3550
2347
1796
2146
4522
2631
2970
1711
575
1380
803
1265
1054
2092
4613
1663
4252
944
4654
3731
1890
2200
3906
1908
3695
1822
3335
1464
2902
3372
2540
850
1067
1352
2294
1250
2494
454
1047
963
3148
2235
381
75
3620
3016
2404
2796
4636
2818
241
832
347
275
2869
2287
3781
1285
3657
1759
4459
2973
2495
3405
4002
3383
833
3380
1396
2645
3336
1319
4625
2051
1680
518
1981
2838
2241
4257
2138
2533
2070
169
3659
2197
4314
4296
2712
212
199
1106
1696
327
2674
2673
1161
735
3748
2492
83
2801
353
1739
423
4169
3265
2634
2905
632
1139
333
2522
2641
3168
3929
2319
624
1060
2867
2944
4634
1856
2926
4058
684
2423
3700
2133
419
2893
2304
2150
1875
2478
3143
25
407
3063
3836
3568
1196
1323
3523
2436
2464
3811
550
1172
63
3757
1373
3104
3496
3575
1537
399
3020
646
4331
635
3791
4617
4674
4100
1098
3206
2085
4552
644
2853
4398
3435
4213
2132
2356
1428
856
1715
3672
2923
4122
4098
2230
3589
3480
4649
1603
1865
282
2885
2552
3912
2589
2360
816
2123
1975
3846
2816
134
405
497
311
1558
3398
234
1335
4704
2628
496
388
468
2142
542
2499
3131
573
1983
3547
4433
1287
3948
1289
396
3278
2001
1254
1153
457
1010
3766
3772
2302
412
3679
39
820
3628
2764
1669
530
3715
4318
1937
339
1091
3055
2427
1472
2700
3414
4772
1824
3683
1441
1755
2824
2471
3199
3962
88
1327
3905
3245
1280
2403
2590
4250
4499
1462
768
2174
1190
3089
702
1923
2038
938
4578
4258
4415
3376
2794
3126
3517
3542
1460
3941
909
4319
4399
1215
3854
3847
4520
1897
362
3019
2348
4271
1288
2293
2212
3968
4033
949
4226
4533
3386
3529
3153
4655
519
4225
1336
4800
649
3989
3877
4349
4027
4279
4108
3586
867
4281
4612
851
3190
2951
3853
4555
4737
4102
4490
4812
3796
3406
3602
4639
4690
4323
4260
3722
3501
2760
1039
3870
4645
1339
2528
346
4024
3981
2757
1032
1565
1371
669
2272
1771
979
2738
3600
620
2320
3613
3894
1872
3673
4810
3667
3840
2755
2961
4773
4121
3122
2699
3895
1765
1855
1567
2453
3052
1693
2946
44
1933
1731
6
4469
2971
1534
3070
4792
3221
3531
568
3708
4474
3254
2978
3776
2400
2822
4458
4513
4428
4133
402
3100
3666
534
3809
3868
467
2061
3530
2220
2671
672
1787
3599
1628
4188
1120
2884
3249
1729
2681
1143
3411
4538
2613
1345
3677
2186
1721
285
4359
3366
2977
4236
2343
3886
3653
415
284
2349
655
3454
2042
4647
2821
2149
4796
1902
204
541
2298
959
3083
4560
2743
3157
313
3525
3477
4563
2512
3626
4629
2180
3101
711
1018
540
1399
1315
629
3828
3393
4661
1566
1298
223
1790
3026
318
3557
4409
1337
2204
1330
1617
1627
2422
3451
2614
465
3818
3362
3554
927
2692
123
757
2597
2160
1513
288
1910
1845
1572
1468
1999
1405
4526
3375
4457
4540
2351
751
3802
1351
3955
2257
1899
1521
521
1928
54
3976
131
795
1896
2643
42
2096
2551
511
2299
3382
3720
962
3727
4506
29
1275
2703
4171
4567
3433
1016
2860
3953
3914
3876
4315
1248
3579
4232
4299
4007
1474
2283
4273
238
1978
2872
3572
2704
4265
1038
4507
798
2056
808
3163
230
717
4715
4762
2023
1924
562
1884
1299
1805
4798
601
638
1300
1437
1002
1320
360
2415
2608
1132
4689
4658
3858
3869
3640
4451
3305
3457
4677
4793
4313
1714
4418
3908
4571
4730
4293
2897
2560
2797
968
1643
2242
1882
2094
2104
897
2184
712
1245
1186
3709
821
1406
2214
4373
607
765
4786
1485
4162
903
4489
1271
3974
1424
2460
3508
2120
4752
1547
4231
1873
753
4101
3484
2252
479
614
645
1141
3911
3355
1660
3693
3987
474
2575
1085
3277
3169
3194
696
4385
4032
337
2461
3395
4222
2531
4795
2612
458
1948
3729
3432
343
1056
3619
3924
4817
4184
4588
682
3319
4815
4139
1240
4565
473
4228
4804
1333
4066
1247
4187
4230
1519
260
4285
1557
4174
3058
617
1183
68
4539
1386
451
2515
4561
1375
2846
2318
930
4352
1482
3142
3717
308
2658
1648
1024
1551
3095
90
3803
4166
4292
853
1659
982
2258
74
1390
3463
3490
2651
2268
4237
2910
2469
3946
4268
4442
4239
3077
4432
3187
3875
2708
4220
2553
2626
3835
4724
2336
4732
4131
2438
2278
390
4216
3642
4727
3714
4376
3404
599
4504
2938
3992
942
2833
3476
4004
773
4477
2340
4223
2954
1313
4206
1785
4156
2603
125
3203
4449
631
3310
2110
3787
4644
3603
3945
4218
3901
4819
4494
4274
4445
4280
1649
2036
4622
3810
3286
2599
4691
3707
1587
3340
3505
4471
2192
356
4035
4097
2401
3093
3909
3686
2997
4091
4461
3509
1325
4383
1278
2000
586
1880
2659
1673
1618
2426
2784
3934
2554
2952
4643
2156
723
4264
4766
1483
535
926
1064
3364
1129
2799
2376
750
727
2477
3114
699
1000
1130
158
1365
265
1277
324
392
2428
2586
1073
340
438
11
393
538
3980
156
3359
3500
651
51
716
1276
1107
1035
355
351
1412
1282
1955
259
1481
788
2918
2177
127
3086
3065
1542
2251
860
1641
843
2847
4332
3214
2998
2408
2957
4235
4789
4127
2118
3466
2291
1374
247
1568
262
1630
2989
181
433
1357
1501
4204
3587
4421
1592
3935
3442
4638
4791
2956
4696
4327
1071
3967
4070
4269
4238
3783
4741
4799
3271
4453
4160
4768
4371
2154
4568
4460
4347
4094
2022
3584
3108
3257
4725
3883
2983
4427
3489
2809
2451
4723
491
4175
1828
1563
1893
4587
3643
2392
4320
4363
3298
1683
1852
3555
3464
687
4099
4763
2316
2949
1637
2523
2775
1072
2431
2627
3920
2510
1829
3295
857
1455
2335
3232
1142
1113
3497
2263
2484
4153
3015
3560
3374
3248
4152
2598
2075
3008
921
3118
1532
4739
4707
1321
4362
3612
4034
4022
4194
3874
3115
2511
3795
2711
3342
1144
1527
1402
2264
2644
3421
1307
3553
1593
2852
2078
3839
666
556
1917
2330
3957
432
618
1757
967
953
764
2871
1526
3922
4401
2175
2521
2632
2387
1886
2488
2931
382
493
917
1218
2226
2233
1756
3614
3394
1675
2654
4287
2800
4686
4290
1860
1945
2126
1700
2419
640
895
364
354
517
4390
1378
1651
1776
296
3844
4096
2517
2717
3652
4202
3991
2917
3216
3349
4604
4165
4708
1657
1400
1520
4546
1914
2475
1553
1157
1577
383
286
446
3581
1403
1180
954
670
3025
3605
12
1764
2810
4712
1761
2026
4278
4439
3078
4031
4272
4423
2733
2688
3198
3676
2683
4758
269
1301
4487
1835
4720
3566
2236
4467
4111
1251
4396
2777
3352
1941
1369
2441
3384
4248
4068
3526
4579
4424
3932
4400
4364
4350
4478
3039
4025
4787
2374
3459
2465
1407
3522
4784
2987
3585
2447
1689
4530
4557
168
4673
1610
1476
1722
793
3737
3891
2034
4333
658
2091
1328
2375
1782
2280
184
1349
4284
1458
1329
3270
1466
1907
1389
2253
2364
589
869
1694
1230
1506
2732
747
2585
4380
2018
3415
2526
560
1227
3128
729
2535
866
744
338
266
781
129
3017
3001
1645
4059
2455
1364
2474
1713
2322
2770
882
4430
4372
4687
3736
4185
2609
2611
2227
2224
4556
3758
1716
2395
1682
4330
2487
2240
2439
1444
3185
3786
1147
3054
386
1956
1717
1223
240
528
98
398
298
244
231
235
148
1235
985
2746
2099
2373
2194
688
3223
2832
2617
2037
31
27
89
3344
3910
4029
3534
2169
4005
2785
4148
4573
3789
2547
3887
2890
4670
2836
1883
1256
4037
4742
4117
430
1951
3031
2412
4512
4765
4700
4542
3539
2798
2858
3373
2181
3768
4355
2053
3577
4103
4701
3755
4566
4143
4078
1973
1677
2795
1744
2993
3403
966
678
2817
1436
4243
1697
2344
4681
885
1028
2527
2841
1029
3242
2087
4705
3389
580
3022
1709
3862
4635
4406
3085
4456
209
307
1081
2935
965
531
510
683
56
187
1847
975
1003
1160
408
334
377
872
3166
501
188
689
1212
205
2829
642
481
443
759
2842
201
108
859
2747
389
1599
314
4045
202
1034
1758
369
303
1878
931
1919
2721
3855
1297
416
2497
4048
1667
2021
791
544
1246
1496
3064
558
3825
401
3692
3762
309
4170
4412
713
997
3687
4802
722
1322
1674
1573
690
203
777
1817
1410
905
141
112
1236
136
680
2221
239
215
304
1962
218
1816
3320
119
1976
2563
4422
661
1148
268
190
2605
1331
1792
564
907
1097
2561
609
503
774
322
1273
409
827
547
222
695
841
165
449
4241
1159
86
1533
33
92
1109
516
315
1736
842
563
553
1146
918
3062
2045
3103
1082
1560
714
2238
2265
1182
3060
1859
3799
1799
998
1312
3018
277
1093
1888
2689
2545
2222
660
73
167
228
800
41
107
621
569
2856
578
2676
444
1404
3213
1205
3430
1284
1453
1435
2950
2097
1355
812
198
1447
868
1360
1707
1031
21
742
495
1795
4642
1099
529
726
4076
171
413
1738
1083
606
3916
1019
254
3456
2459
2480
271
971
2024
1095
225
973
829
1200
775
570
604
2574
1665
32
3838
208
59
128
999
289
87
110
120
34
7
191
4803
1748
2864
4733
3160
2706
3328
960
2017
3121
2355
1767
1443
2781
3218
3150
3794
1809
3780
3594
3228
3379
2100
4615
2151
2766
1726
2148
1705
2849
2417
417
1655
2854
3237
2782
1174
3863
2079
3327
2006
2767
1949
4693
4214
4348
4782
3771
109
3827
1546
1040
668
3664
4599
2538
3740
2925
1263
2722
4000
2932
574
4209
1409
4124
1615
817
2672
3461
1266
1150
3071
130
3925
3303
4778
789
3900
2010
1843
4523
1774
2035
889
4150
2630
4040
2652
4582
2382
1134
4623
2710
2819
3243
3202
2791
1155
3207
858
935
2074
1734
2550
1611
1368
4013
2976
1718
1062
2128
1793
1780
2363
596
3472
1556
887
183
305
492
2555
3705
325
3972
886
3446
2072
2780
2388
3424
1772
4744
1044
379
730
876
825
400
3210
3943
4358
2028
2877
106
1136
4210
1820
2231
4341
4262
3037
2080
3323
513
3252
3321
1654
483
2282
681
3513
3888
1171
1635
3304
4680
2591
2900
3371
4558
2198
81
1367
2913
500
1647
3556
1823
3969
2503
140
1075
4173
1699
1451
3000
3137
440
3782
3774
4021
2073
3493
1807
2358
1192
494
3067
4518
3899
2991
3437
551
3821
2435
1392
453
2326
597
2367
1314
426
1401
395
1622
2267
2596
4072
679
4054
1892
2479
2448
2577
1737
1049
1115
3042
908
3515
1026
1165
2573
1544
1982
4663
1228
3993
3681
941
3734
3977
4263
1965
1966
1015
2891
65
1253
710
1614
3498
802
2959
1184
2490
1688
2424
592
2876
1089
3726
2193
1346
3133
549
4719
420
2637
2639
2679
2020
427
1800
2062
1358
1953
2084
571
2093
1257
1117
1540
4646
622
656
2457
814
105
974
2046
1487
4624
1968
848
1881
4414
1690
160
4633
1493
3337
477
4050
3343
2851
557
2734
1175
1219
3756
4015
1430
1509
715
1012
2108
1826
2650
1858
2656
1231
3728
4276
2845
584
855
466
958
536
939
2616
2095
613
2899
1354
3256
2470
2121
2109
2379
3282
1022
3829
2346
3408
2333
2334
2305
4425
4767
1741
591
701
1585
582
3518
2888
3856
522
911
922
698
2432
3654
1844
2898
1194
2152
2069
3845
936
2963
245
1940
1810
292
539
326
1123
1001
595
3431
3302
3574
3346
628
2195
955
2992
3516
1127
2324
1861
1842
706
3241
823
1112
598
1272
3229
3593
3598
60
2724
902
1433
2044
3984
545
2622
657
2636
786
2670
1775
1163
2414
873
2536
919
2391
2677
1853
1011
2187
1959
981
66
291
2031
731
3597
906
1478
956
3330
1214
147
945
2418
1446
3174
738
2850
1366
1411
1193
3569
4554
4480
3535
3979
2588
1140
2127
724
2285
1589
2406
2542
1972
737
2927
766
1555
1579
1201
1874
1220
1191
2393
2972
932
2380
1041
76
1439
1459
4190
763
2615
3907
4240
250
2686
1985
4001
3332
2166
2063
1901
3696
771
4501
3273
3536
2773
135
2274
880
1602
3608
4435
603
891
151
2736
113
4476
3152
4267
3276
3841
175
1497
865
881
1305
1947
1625
1498
1597
3663
2261
1971
914
1152
1952
3113
870
1495
3201
772
1145
475
3939
806
3986
38
1108
1426
2122
923
1310
845
4247
126
4118
2697
721
3970
229
4455
3685
1442
2518
2861
2331
4682
99
1078
2684
3004
782
2924
900
30
2804
1746
1864
4189
2004
2411
4594
4119
1512
2054
154
2255
2524
4197
82
611
799
1511
2249
1575
391
3985
581
4120
707
2306
2638
358
1158
114
1342
2002
177
2165
2064
3329
1954
414
3402
290
4151
2161
760
1017
1470
2826
1070
2698
1
1318
469
372
1023
2934
4618
3419
3099
520
2572
2887
1324
1695
1269
1500
3669
970
3069
257
1604
