1691
3840
1458
934
1495
635
2449
170
513
880
3902
1913
2940
423
323
2004
803
2540
339
973
640
3292
4393
891
192
1120
1275
3067
4144
1870
4403
398
384
1449
394
689
2286
344
617
947
709
422
805
1355
260
3056
4655
568
2407
496
2845
501
987
538
426
1197
305
1456
1035
3237
2097
419
2079
1695
665
97
567
1740
931
155
2471
1152
497
488
2033
4433
4120
2050
3597
4259
4472
4763
2829
797
1163
4371
4796
1672
1454
3186
3098
2305
1075
100
3479
1354
2158
56
86
271
1574
2738
2577
796
3827
2976
1172
4729
4263
3566
4061
2287
2443
3725
1369
4612
1465
814
2498
3721
2837
3598
1744
536
3875
1186
1708
1705
3847
1722
3467
1929
1614
1187
1280
3813
368
1542
359
193
1711
1406
1442
466
205
3623
204
1121
4173
3749
3002
2470
4458
96
3994
868
1404
221
3784
825
1205
784
4714
2315
901
4555
2779
655
4167
3872
610
1066
892
1789
535
690
795
1378
1565
2272
1671
1300
1592
542
1166
1460
844
572
4163
3036
1011
3519
541
1862
693
1535
217
517
4771
4292
1425
790
3498
493
1611
3280
652
511
743
1211
994
1503
1770
1768
923
888
588
704
2199
1602
2755
2937
1079
4098
1860
1375
3520
845
2362
1199
1717
3447
4455
1784
2942
4201
4446
2477
4671
1959
1265
3930
1026
3068
2098
1128
4413
4385
3641
4716
1909
3990
4011
4624
3658
2128
2979
1469
3956
3475
1427
3924
3820
2977
921
1070
4151
1690
3532
3528
1002
1439
4725
3640
2084
4130
526
1728
236
1060
2571
4544
3386
1641
2022
2541
2148
2085
3490
4664
4345
281
2218
3488
3825
2625
1967
3166
3074
524
878
4291
2336
2327
2574
1371
2771
3580
3084
1594
2466
1751
1882
2078
2208
4116
2587
3600
1930
2065
3003
2182
3505
2685
4603
2432
4369
983
3760
3602
3090
1380
3402
3770
2539
4342
3443
2137
3156
1810
4554
4536
1972
1054
4611
3837
1511
1578
2068
312
2429
1144
1604
4478
1208
3050
444
3865
1451
3904
2557
3907
4384
3264
3912
171
4310
144
4082
4161
4160
2921
1394
739
3208
4572
1757
3037
3271
4396
4782
178
1681
965
3850
2651
2604
3806
2441
4080
3964
4497
265
1582
575
44
4297
1603
3926
711
3876
4571
2960
1796
157
3951
1343
2219
3310
3226
3895
3959
1788
3361
2773
1637
1832
4745
2369
397
4315
2276
1384
638
4009
2351
4777
4005
2797
4689
3683
1435
1766
1792
4422
2411
4485
3636
2968
4580
2932
4350
997
3414
2889
2100
2669
565
3851
37
3833
415
3527
3141
4250
3656
1064
3873
2358
3001
2413
2767
3521
4219
4753
2916
1326
1915
1623
4021
3410
4640
4656
1887
4402
2945
4323
4368
1958
386
1506
2826
3570
3627
2124
3795
3457
4195
4501
3932
2040
890
2408
1251
4605
4598
3501
3492
569
534
2006
1031
2606
4395
4586
1897
4617
552
371
2479
3177
3078
3236
4761
940
4093
64
2133
1169
1028
717
553
762
2683
3222
3572
2238
1450
92
3822
4463
3993
1748
4520
2549
2326
14
4734
2057
2743
2307
4334
138
978
3413
4348
1409
29
3299
759
2728
489
391
1597
3948
3920
4599
726
1553
1918
1656
4778
3362
2502
2579
4468
3608
2696
870
1622
50
2404
2043
2894
830
2059
3883
3538
2920
2337
597
4679
188
3756
2951
1572
2015
2417
2338
3411
2709
4616
2871
4088
2958
3687
1365
4349
487
4198
2764
4325
869
1131
3945
1693
3069
4809
3031
4665
2037
4305
30
673
2322
3104
4706
2690
4606
4703
4797
3829
2119
2796
4601
4615
2482
935
3906
1780
539
3860
332
4229
3494
681
2736
2223
1514
1854
3147
2819
289
4459
455
4527
4016
2646
436
813
4255
259
1087
2380
3742
4222
1341
1859
2652
3555
2174
2475
2103
3352
2438
4300
4748
1703
228
3368
1933
661
3346
4802
2888
3630
3783
4627
3958
3508
4808
1544
1301
3176
3896
1773
1666
4441
3348
4447
3045
607
4733
4711
203
3103
2067
2306
996
3674
2435
4153
3845
622
1678
3169
3900
4319
3719
2578
3394
1486
1540
2705
545
1257
3249
4170
2628
1686
1412
340
4642
2719
123
3016
2523
2799
2627
4670
1730
3441
4625
2724
2428
2528
4172
4633
1283
3772
114
3483
1103
4109
1524
4678
3679
4053
3691
1044
1795
118
1647
623
46
34
435
3963
521
3315
3764
1782
2007
3351
2363
3950
821
4379
3272
871
1331
2737
2381
4344
1667
4347
112
2056
1437
2462
2952
4264
3029
1706
2459
194
1610
1822
62
1555
38
152
2754
2917
1173
1021
3349
750
4296
1919
230
2456
73
4043
4410
3668
527
3416
2361
4018
1304
1515
149
1224
2104
907
352
2585
4112
4492
3534
3261
543
2526
3095
911
1843
979
1420
3788
767
3344
2412
441
1513
1379
142
855
1392
117
89
1536
2822
1761
1955
700
3187
1765
953
2511
1282
55
937
1390
3523
1132
906
2914
1530
1346
1411
1684
867
2368
738
604
2701
951
3569
3589
4736
195
275
1732
4477
2747
1345
3771
3509
1670
724
2983
1850
1391
4227
518
3914
4486
36
2294
4070
1097
4166
172
2697
1529
1912
2563
1556
646
1755
174
3102
1202
686
429
2856
1546
4127
1012
2226
3210
162
335
4461
586
3944
2986
4503
270
1349
2974
3423
2749
1910
1900
2421
2070
3026
1988
2234
2558
1315
730
1946
159
2310
4506
2366
315
1737
2730
970
1550
1155
1479
2308
550
176
4279
2034
1533
2899
2814
23
1113
3897
2666
222
1229
2036
1139
3613
2484
3625
3591
2522
336
2682
1653
549
2300
1613
180
1724
1178
1453
3752
1090
3071
3018
1888
9
2427
2990
1352
1074
3621
474
1102
3652
1318
408
5
1646
1475
4564
929
18
3231
3377
1400
106
2273
619
863
2111
314
1525
2634
2029
1562
1807
140
1141
4
367
42
15
2883
557
124
2262
428
596
2442
1833
1053
3500
4199
728
7
1361
1868
612
4482
613
1663
2130
792
2290
500
729
254
1935
12
406
232
78
2631
1076
447
1314
297
1893
492
3690
2401
463
644
2139
467
3757
900
1137
2252
4288
512
3245
3137
2708
131
3172
1665
3454
139
3021
836
4293
3670
372
3180
1716
2278
663
3595
2194
3517
2430
2461
3240
702
2172
3620
4484
4042
1825
3715
4039
4653
4475
4044
2038
3997
4086
4101
4033
1473
4636
1923
3471
4452
2956
2248
4045
2000
3741
3718
2559
2910
1869
1727
4489
1014
223
3171
4707
4196
1157
1951
770
2440
1568
1134
3268
747
2500
3184
2175
2893
1009
2157
303
1192
3735
2840
424
3083
1228
1306
4722
3601
4695
4004
3022
2700
1182
1084
165
3308
2141
2745
2929
4699
2590
252
897
1588
616
1022
3866
1481
1677
851
1838
1853
317
2296
555
2774
889
216
574
908
766
1165
3038
3051
2295
4084
227
3557
181
3046
3816
3573
1003
1445
1383
4097
2617
1949
2650
2726
945
3316
3854
2836
2330
556
3126
2898
3986
4212
4766
2478
1016
2019
1198
3728
2385
2624
1007
3105
3954
4658
4145
1327
110
967
4540
4165
1095
353
3275
3797
1234
2823
2331
3115
141
4317
3367
2054
262
4585
3755
1237
2546
4363
504
4557
2623
4704
1106
2820
3300
4546
3139
1969
437
2064
3649
922
1978
370
3935
1050
3235
4588
3041
1996
3800
3228
3706
1382
3123
1249
1117
798
566
1477
4289
3541
1397
3791
3765
3942
3191
4232
1020
4139
1483
324
4100
1733
832
2678
4391
1052
470
1389
272
706
2323
3856
2895
4115
4023
483
2660
1291
1581
1239
2405
990
2113
2008
3489
4440
3199
2453
3650
600
1072
2460
4648
2591
4791
4548
2178
1461
1938
173
3882
3293
2258
311
2613
4576
791
299
4119
3044
1238
1939
293
1193
4629
4666
2859
3919
1004
570
4570
4353
4534
3355
1981
1162
3052
1642
1567
3232
2110
3128
1430
3194
2410
3937
2776
2909
3474
4262
169
2890
4690
3588
1271
4437
2423
3542
1837
3657
1650
1885
2772
4129
2458
4608
2955
2879
3903
4589
829
4595
3976
3381
3480
3929
3430
3943
4643
2334
341
3992
2639
477
2734
4702
4106
4577
654
2261
2444
4669
1125
3155
207
3971
3792
4392
3336
3347
620
267
3059
2418
3453
2592
2855
3554
4479
4301
4515
3089
1763
3700
866
2984
2002
3221
2807
3502
3119
4630
3097
1062
602
3311
2414
3151
2795
2790
1190
1783
2561
2409
202
1881
3247
3013
4110
2153
3731
1999
4356
1261
3799
736
3726
2269
3295
1598
2692
2076
94
3182
90
1539
2680
2725
1674
2518
2095
3545
2237
2016
4361
4366
4214
579
2648
2344
3678
3057
3388
606
4680
3246
1970
3230
2377
1013
1428
1950
3207
1313
626
3286
3131
4411
499
2201
2765
3466
3087
2424
1845
3653
2093
4456
2798
2267
2162
4713
679
3923
633
2649
1398
1340
3181
2622
3403
396
3692
3491
3835
4781
3805
2600
1925
2279
2896
3072
2868
4047
4657
2740
2166
1631
757
4500
3112
1828
2876
2474
787
1185
3404
1973
656
2892
2233
4338
1627
1455
3936
2531
4735
778
3754
2250
2027
4645
1027
1080
2824
1884
3898
4318
2536
3305
919
2763
1658
3244
3998
3677
1153
1039
1325
3539
225
4631
1154
3353
3189
2908
1805
3340
2053
4542
4436
2196
2077
3393
1617
4673
1786
2030
266
3960
1061
1447
4065
4281
154
4502
2530
2698
2659
120
2203
1947
852
4701
4304
3785
3710
2564
3437
2229
3497
75
3206
3252
1552
2566
2912
1826
1006
3786
715
3484
3317
1743
4216
3274
4269
3551
2301
995
1901
4467
3921
1914
4644
3330
1474
2217
3106
1564
2681
462
2073
2963
4220
3397
2544
3810
4324
4696
4682
4015
2521
1591
3262
1824
4378
3975
1894
3714
1856
1462
975
3824
3794
4307
3216
442
4641
1926
3761
1834
4532
3928
3307
458
3594
3720
3590
4111
2785
3533
1820
2753
3918
1444
4060
3412
2654
83
457
1151
3017
4118
4228
1721
4003
3064
3360
1906
4747
2947
84
4789
3540
4390
1840
3989
3853
2777
3689
119
3790
2784
4059
2117
2436
3357
3586
3086
2923
2858
4717
3273
4181
1493
3173
4049
966
4728
4008
388
4031
3259
3887
3983
4329
3593
2948
4022
4306
4435
4203
2919
3581
3647
3793
2092
3544
3564
133
4420
2852
3611
3708
3461
4524
28
2769
4245
1143
2981
2515
4085
1801
322
1332
3933
4751
1413
3506
2486
448
3862
4620
242
3250
1841
1662
1286
756
1739
3984
1626
2985
601
2519
3043
2126
3358
2046
3768
4426
4025
3841
347
4032
4240
4067
1367
2224
3693
3748
3809
4417
642
2602
4055
3811
3296
1188
4526
3881
3773
4416
2534
4647
4473
671
4681
2311
540
3436
3697
3738
2930
4592
2550
4801
2257
4594
4013
4676
1753
2150
2021
3767
1760
2714
1865
4265
1943
4521
2944
4744
1713
1093
3225
1232
3916
411
3736
4443
2165
2710
3302
3666
2156
2997
2352
1694
1071
2580
446
2281
2263
3978
611
4346
1267
4510
2615
916
4276
959
4649
2508
3130
2844
3359
1436
4073
984
333
2120
2818
2733
2270
2721
4427
592
1308
4408
4750
2900
2354
2013
3672
4099
972
4068
3405
3107
4298
4179
3852
1385
4807
4530
3571
3094
3205
936
1033
862
769
4462
4247
2135
3157
4367
2554
1537
1655
3901
4705
2761
3162
1917
2867
4752
1745
2320
4646
3802
637
3727
2379
4632
4675
3396
1010
4295
2280
3927
3604
1112
1476
503
2862
3844
1907
1359
4149
2532
2236
3535
4069
4511
3568
4133
2992
2637
1295
2246
4355
939
2180
2926
2687
3858
1263
1772
4639
1878
677
4693
2108
2684
3227
3879
3039
3562
3202
3988
4398
2913
2575
377
960
2834
103
1593
1068
506
3495
958
1216
3915
82
4207
3287
1067
2058
3472
2694
1147
1605
820
3745
3823
1498
1624
1423
184
3507
2971
3526
692
3705
658
2766
1985
3407
4339
1736
2663
1817
725
3096
4171
4743
1452
1982
4409
4313
674
2259
418
1311
2973
1777
3619
2018
3563
577
1363
2372
4757
2712
3979
3012
3531
4376
1954
2052
1215
794
3965
3456
4560
2023
2032
1735
4819
481
4814
3561
3382
2243
3716
2289
3398
3451
2854
2800
2433
2885
2355
2718
4652
3082
3688
3081
127
4487
2791
2887
4251
2127
3211
2729
3599
2173
777
4732
3558
4780
4243
4193
2720
2915
130
4764
1936
4308
4312
2096
3428
2349
3499
4050
1191
4607
4205
4052
2875
3385
3290
1401
39
2494
1296
1569
2850
3378
3391
3468
3512
758
2200
1350
2371
3634
3722
3165
2787
2691
4582
2713
631
4724
1175
3616
800
3152
3282
4621
2596
1528
3153
382
763
121
522
4488
2378
4767
3626
4017
4134
4741
3940
4481
3574
3203
4192
4268
4024
1098
3
2903
4213
4382
3808
2644
3867
1381
4785
788
817
1715
1274
1864
3972
1816
733
628
4330
2373
3297
1775
853
486
2177
206
3258
4137
3135
4528
4075
4775
3170
4553
819
4537
2206
1262
3217
3374
1928
3319
2235
3496
3321
1043
2061
639
3476
3303
3838
3987
3696
4241
4164
807
2298
3908
190
1196
705
1247
802
1184
3717
4157
1583
143
3482
4613
385
1787
1635
2364
2643
605
1823
76
2520
3804
2853
2657
1767
4090
3366
3363
1764
1628
2155
3645
1246
2605
420
255
1362
2505
1360
634
4635
2636
400
343
1490
926
1126
2783
245
219
4283
48
1531
287
387
1135
237
1336
3698
2465
3776
6
2846
41
4014
125
3444
210
4421
2830
1866
3582
2703
886
3030
3101
4755
4597
3803
2880
4256
2635
2329
4637
2831
4359
1585
4691
2599
3723
1158
4609
1633
3419
3874
1388
831
4793
3628
3955
2114
113
3849
3004
3957
3015
2446
2107
2346
2304
1643
2715
695
3161
2744
4027
2897
4062
1802
3014
3762
3464
1086
362
4453
3253
3511
1818
2633
3356
1827
1414
3704
2816
4539
3433
1210
3894
2001
2693
3049
2164
3116
1702
2274
3421
683
4552
2472
4132
3578
3149
2074
3949
4460
1203
3196
4076
1867
649
2552
4123
3603
2312
4710
4444
4299
1961
4545
3442
1500
3759
2112
4769
4674
1209
3127
2565
3048
3510
3160
2516
1726
1138
2881
3857
1638
3947
1245
1168
4354
4185
4749
1543
1297
1222
3685
2011
3681
1718
3455
3842
4208
2793
1140
3478
4046
4471
1892
3033
3525
1857
4541
3624
4066
4677
4490
1110
4302
3024
2811
4740
3807
4692
3420
3889
4727
4784
846
2991
1648
1924
63
1344
2393
2426
3185
3982
2035
2072
2297
3091
1793
2328
2256
3646
3125
2360
3855
1083
648
3270
964
2504
2931
1434
122
316
4000
3204
786
530
3365
1364
1114
826
269
3079
1619
4549
558
3339
2756
587
3384
764
295
2402
3821
2138
2382
2025
3549
697
288
2488
4634
256
1813
2770
2547
1846
1669
2048
3610
882
2
3267
2106
2160
609
459
775
4200
145
1814
850
1634
2957
2922
2102
4742
2825
2049
3699
650
3136
1948
1599
2841
1844
4113
4057
2542
1785
1485
4002
3318
3885
3465
4672
2075
1904
1532
3370
1329
4798
2348
1883
383
1248
2396
676
1416
2524
751
2221
1738
1269
2748
1040
3638
3066
2447
2949
3256
4370
3973
1149
509
392
345
4638
1298
2448
320
4253
1322
4504
3372
1952
3779
3618
1699
1171
4272
327
2325
1348
1522
4277
3034
2495
200
977
2788
2397
4474
3278
2619
1335
105
4386
1990
2966
4197
4012
185
150
2878
3712
1206
4774
3145
1057
924
4114
1424
43
3537
815
838
238
4543
2782
1903
1880
624
1922
274
2125
1608
3108
3193
772
1374
1018
2239
1252
4547
1105
2982
2192
342
760
3195
2264
858
4096
2383
1661
3392
1719
1589
20
864
4430
4685
4092
719
1177
4434
1484
4026
1468
286
1429
35
4218
3093
4202
2535
4249
2632
899
3446
449
1937
4234
4360
3675
4374
4261
3334
4107
2145
4659
2780
962
4505
1964
4331
2489
2614
4238
582
1081
4314
4274
4561
3565
2392
3832
2345
4105
3379
1292
168
2760
1683
4587
1501
1547
1092
4496
4604
1931
2026
52
87
361
843
2527
3312
88
2884
4758
1407
1994
111
85
3753
662
3665
1317
4562
2188
1159
3966
2122
3304
3058
485
4419
4189
1459
431
603
175
946
2118
1632
532
1573
40
4442
4464
4715
2283
519
2313
3751
1798
414
2376
3871
1357
629
3890
3445
4754
1835
2980
2995
4372
4686
4280
4700
2197
101
1899
3830
4439
3664
4182
3213
3635
4583
986
765
1781
2827
2187
834
4565
2309
529
4517
4618
3168
3676
3861
4343
2179
3070
1180
3868
988
4523
3055
1426
3996
4805
3981
2513
1000
1811
3462
2538
1629
2452
1836
4529
2848
3387
1351
2464
2099
3819
1977
3899
1176
4708
691
4190
326
3371
4362
4718
4662
4731
1457
2491
491
2904
3111
2998
876
3417
3724
4187
4037
3343
3178
4525
2207
4760
2215
3869
4651
3432
3053
4387
2924
3375
2370
2136
2999
1554
3449
746
3559
4428
2228
1687
1440
1323
329
2970
4448
2483
1512
3734
4660
1852
3826
3877
1225
4158
4811
4184
3223
3567
4568
4787
2812
2768
1620
3575
1272
913
894
3426
1516
4404
1395
16
1649
2375
17
4244
2757
1496
2195
4723
2994
3614
468
2501
2731
2189
2911
3970
1651
3401
4668
3846
4316
4019
1150
4738
2083
816
4407
4335
438
1250
3288
3179
2936
1124
2493
2813
1312
1636
3294
4239
3864
402
3257
2567
2742
1448
3607
2582
4513
1324
1886
191
3025
4083
1519
2437
1305
3774
2589
167
25
3427
1731
3485
2965
4020
2593
887
4628
749
208
331
2356
4095
2271
1993
1584
1652
1220
1692
4191
3739
3073
3335
3880
4217
1488
350
1373
484
854
1660
292
4357
4418
4573
4001
2629
177
2972
2658
95
4559
4168
4122
4117
742
2167
976
3701
3884
708
1492
4476
2253
1851
1260
2572
107
1991
2419
3047
1898
1467
3961
1863
1122
4136
407
2555
4358
1264
4438
4056
1330
2556
4469
3158
4804
3477
1482
2374
2230
2664
13
2988
33
2303
1410
999
27
1288
2517
3289
589
3452
2794
781
4287
3285
93
703
4619
4400
4667
4817
745
3313
1791
2938
4048
3220
1746
4336
3831
4380
2967
3796
2481
2012
410
2839
2242
4176
3117
4683
2176
2168
1108
1111
364
842
261
666
4538
4730
1586
2751
1034
2353
2205
4813
4697
632
898
573
1334
902
4341
1965
1741
4381
1025
3917
4186
2661
3242
2741
3729
1328
3124
4792
4712
3522
1091
3007
2704
4498
4425
4412
2499
3150
3255
1771
1517
608
1201
1758
4516
313
2529
670
2087
669
3709
2209
2181
1321
4079
928
434
4449
1082
3995
643
3798
2109
2512
2699
2314
4206
4424
3440
1799
2422
3409
1698
3702
3337
1891
3843
2089
1673
925
4326
3560
755
4535
2384
4445
3682
2758
1876
1316
1701
1945
3291
2247
554
2739
4333
2778
2792
4746
989
306
4152
4231
3301
722
2809
3309
3518
4756
4034
3730
1494
4141
4533
4423
1720
2434
1704
3577
4786
1580
2302
2154
4799
4514
3350
32
4210
1953
4260
3550
1089
1055
630
4155
2803
969
4584
4028
1217
3324
4574
2802
4414
3775
1971
3922
278
2216
1115
2045
3438
1808
158
2497
1668
3812
1051
1358
1551
2159
61
3878
1557
1879
3214
1847
2717
4507
3967
4509
3085
4010
2573
2039
2042
1960
2817
1986
3713
2866
2204
2645
3985
3260
4040
2284
1709
4267
835
4551
827
4266
2702
2735
4131
1174
2285
3011
3054
3434
3644
3529
3671
1277
4072
3019
3164
2143
2316
4684
2688
2872
2222
71
3201
3035
1142
3633
3233
3450
2962
4278
4270
2804
1489
4352
4815
4788
3592
4522
3782
2190
3909
2789
2463
2586
4091
3655
823
1109
1505
2925
3974
560
3642
2711
2014
2251
2469
3435
2431
4499
3911
4162
2891
3281
546
3587
948
3962
2183
2347
1278
3109
1189
4494
1769
3241
1754
1049
298
2689
4388
1156
1167
1587
548
3192
213
2245
2762
348
723
4512
2969
713
412
920
31
241
357
615
1491
425
3323
1616
1396
57
896
102
405
214
2987
77
3839
4064
416
53
283
2082
276
1319
1200
618
1504
680
2873
773
2584
183
2395
2005
26
2151
1921
1559
1689
808
1676
115
4451
4800
2621
2667
3159
915
3834
4759
3487
4103
3530
2865
1480
1527
284
356
3424
2656
166
307
3248
667
4779
2425
3229
768
3265
4226
3631
4816
4575
4556
1299
2953
3320
2115
4806
4054
3219
4762
4483
2618
4795
1902
4470
3504
2399
4394
3251
4242
3279
1509
1682
4150
3622
4578
4138
1963
4531
2849
2902
2525
4397
1293
1839
4273
571
1932
4654
3276
849
2185
4600
1980
818
3817
3925
4154
873
3254
4235
1088
2601
1812
2934
1696
1223
3543
1309
3576
3000
657
2677
943
811
4178
3284
584
2149
4246
547
3463
3584
3859
1723
3848
1255
4365
2487
1230
1497
3198
4089
4148
4818
3100
856
3977
3200
4221
4454
4567
3395
4271
1422
1920
3609
1303
2365
3224
3023
1992
1927
4294
1464
3481
1911
2268
659
2570
525
2653
2086
3513
2161
3197
1221
2640
1059
621
576
4383
712
3654
2642
4159
4721
2609
1889
806
4174
1023
374
2786
3063
1399
2009
2752
3740
3606
2918
2457
2863
3758
2611
3617
4790
1561
1712
1342
1065
4309
231
1047
108
4188
309
4566
1077
2339
812
494
2706
3747
2333
1997
3326
1353
933
4286
2869
2993
3893
4007
4614
4465
2503
1130
4237
1487
2186
837
2090
2318
2655
218
67
3648
1759
744
1393
1242
3122
3991
69
1905
3322
3277
1119
1940
4215
4035
3556
2211
2806
4063
4812
2847
1756
1855
1797
3515
828
2244
4236
4233
4623
2548
698
4720
2679
3140
2620
2241
3931
3818
3283
3732
1873
2088
1983
2051
2480
2901
3524
2506
4389
4041
3905
2569
3733
3680
1800
4225
4491
824
3661
4770
3406
3643
2676
752
2184
3331
189
3429
1387
2595
2277
1443
1170
3380
1213
3969
365
1266
403
1968
1368
2357
294
452
3694
910
1127
4078
2129
1116
478
1096
1778
3234
346
1417
2861
961
1566
776
950
4737
1195
3744
1101
354
2838
1094
2231
3032
753
456
310
366
277
79
1806
1680
1338
2299
4284
668
3328
2132
3121
1372
591
3175
4282
4688
4180
2387
2240
4519
4156
884
3673
2123
1024
2134
2939
4739
2857
1431
2170
3061
3470
2723
1560
3514
1133
1872
3263
2260
881
160
104
395
246
482
4698
430
469
1729
2467
3787
2142
2882
1664
651
2562
3333
2941
941
1688
373
594
1987
1558
4726
3373
848
4328
3306
3750
3459
3422
4364
4104
3327
4563
1916
3547
1370
3615
3980
4610
2630
3132
3660
2071
4094
4480
2961
3383
2031
3536
2597
4142
2350
2451
2341
2265
1858
1979
2152
2146
4169
1685
4327
1403
833
2069
3329
4375
3133
980
109
1472
2746
4230
2420
4590
4087
1520
841
2202
1577
2583
3408
1038
3695
4125
839
2319
1606
1041
3364
2485
4719
4466
70
734
1017
2063
903
2496
132
2010
495
507
4121
2254
956
4550
268
2400
2214
861
4257
239
58
220
3134
328
3425
1273
1046
1042
1419
2171
1645
59
664
3815
349
3332
164
2722
381
308
1984
250
128
2842
389
2686
1697
1966
1123
918
2616
3376
1821
1377
1600
471
1545
1639
2810
660
3663
197
3553
2455
129
4351
2066
595
1179
1607
4332
678
302
1640
1136
1212
473
875
1908
445
3892
1625
137
2169
1829
1183
2860
409
1974
1507
1226
1615
4006
2533
126
3269
2198
4602
460
1148
319
1725
3629
4776
963
627
2672
1073
2598
1015
187
914
360
1750
3076
1446
215
1236
955
874
804
3342
4038
732
282
2959
68
273
2670
3325
72
993
163
380
258
974
2750
3583
3886
1548
369
938
1956
2647
2560
1644
4126
490
2390
883
551
480
2415
1244
1659
3008
2665
2406
3778
454
421
318
54
599
614
355
2144
337
4431
1294
2232
156
2220
2870
949
4709
1069
1104
581
1849
1861
198
301
47
1957
1405
1747
3651
4321
8
3341
859
4340
4558
1570
3060
186
3129
98
718
212
2808
179
4518
585
182
4377
3888
2668
66
783
4783
1386
432
1129
720
1815
2843
1809
737
1874
3020
10
2391
235
22
91
2775
636
2675
687
1415
2851
21
209
4794
1612
4373
4772
4495
971
3040
393
1790
2727
1595
4209
1181
2476
2131
1989
3605
1337
4183
1679
3711
3814
2191
4581
2293
3999
3298
4030
1231
2537
2055
1048
684
3389
3596
1875
1710
1871
716
4135
2249
981
2340
2662
3789
4303
4077
3801
439
2116
4406
1402
1160
3669
1742
1100
2638
2954
1339
740
1466
4687
390
4661
1621
4493
1463
2815
3163
2388
3010
1510
4252
229
3968
2398
4432
782
3114
895
1842
3460
502
2928
2024
4803
4290
1962
3439
3941
4254
2282
3746
860
1776
3088
2581
3239
2288
4194
857
251
904
741
3469
1877
533
3552
1253
885
2473
1235
1499
2933
1762
510
3266
1085
2833
465
134
748
3737
3891
1310
2607
1630
2594
1233
3632
1256
3415
1107
4579
3473
296
4058
3028
440
433
1063
3781
3338
2227
2321
224
2864
2927
2394
3009
2671
4650
2105
2017
2996
1471
1214
2210
879
1240
1707
593
3548
4401
376
754
2367
2821
1279
3777
2935
3870
1590
74
2514
4177
147
2946
4029
2507
809
3946
243
450
2943
1774
688
1534
2317
375
3707
2094
3092
3934
2468
2044
498
793
1164
4415
3113
1432
701
2732
675
4051
2335
645
325
2510
771
1944
427
461
2673
451
1333
3077
2707
4224
562
3027
1227
1848
968
2080
2906
865
2454
3099
1804
4175
1752
580
2047
590
515
4569
982
4140
3431
696
3585
3314
3142
1526
2978
3006
3209
19
453
399
2828
3138
1045
2716
578
893
1219
2759
233
1146
544
3639
3493
523
3143
1099
4147
135
2551
2610
3183
1366
291
952
3238
1347
4285
3780
508
3418
1204
404
1258
3215
472
1194
1601
672
49
1819
2291
1896
4204
682
330
1243
3486
2163
2343
4081
3065
3612
1675
4320
1975
4071
248
2386
378
263
3938
4108
338
780
1008
3828
3686
4810
1700
1030
2641
1118
3080
3369
3939
1895
2324
290
583
789
985
3390
2266
917
3154
2389
3212
2101
954
1579
699
3120
1408
2907
1508
1470
3005
2081
4248
2588
3836
1218
257
304
685
3913
2877
3042
1521
351
2292
1207
358
2255
2545
944
2509
731
1890
714
4143
1618
1563
211
4768
1287
153
927
1056
321
505
516
2874
4258
2553
912
1831
2576
847
4626
1803
2490
1749
2020
1502
249
3743
625
2147
280
1438
4102
1998
4593
11
4311
647
1995
1734
4322
413
1523
234
3399
479
1779
1032
1302
2543
537
2062
3146
4622
727
774
4036
1307
761
2801
653
161
3218
443
4694
300
1441
1078
2975
1541
877
563
1001
1418
2212
2003
2225
822
2445
2275
3400
4596
4399
2213
4211
2832
2359
1421
991
2805
840
1037
3075
872
992
1576
279
2091
1019
1657
721
1714
1942
1830
3448
196
2781
1145
65
1276
1254
1376
285
1976
1571
3659
710
2626
1058
4337
1270
1654
4765
2403
2332
1241
3953
2905
2193
2950
60
694
417
1285
3766
3769
998
4146
136
4457
151
2989
3345
4223
2041
2608
81
3118
559
1036
379
1538
1005
514
1029
2835
3174
1356
707
1478
957
3167
930
3863
2886
531
4429
779
3637
1433
3910
475
799
2060
3354
520
253
476
3952
45
3763
3516
244
4405
99
4074
2568
1609
3062
1596
3662
3188
146
932
1290
4275
226
3546
561
24
3243
1320
641
3684
3458
3144
4773
3110
909
401
2342
1941
4450
4591
199
240
464
3190
1575
564
247
3579
148
4124
1268
2028
2964
334
810
51
1284
1259
116
3667
2603
3148
4508
264
2450
1549
2695
785
1281
2439
598
1794
363
4663
1
2140
942
801
80
3503
2674
2416
3703
735
2612
2492
1161
2121
1289
905
4128
528
1934
201
1518
