253
129
605
2567
457
1559
2414
2866
3359
141
596
2288
882
299
530
1055
153
3021
854
1994
2597
1534
559
2024
270
326
887
992
1089
787
2244
157
3138
2087
862
462
2828
228
2406
2020
2343
1548
30
1626
2541
1030
1941
721
2895
898
3027
1938
1067
1528
176
653
2781
1837
1444
1453
2985
507
2146
1662
2800
2078
598
2130
2195
3112
1159
3351
2576
437
1730
1187
2187
2121
2988
174
1892
79
1517
396
3187
1273
2775
574
1299
2361
1342
3406
1760
1502
2293
1304
2420
2401
875
2208
1802
2499
1877
852
1604
2171
2802
2555
996
2699
565
2837
1700
1605
3110
2333
1274
1640
3018
380
3140
392
411
2474
1827
1340
1785
1461
18
3070
89
238
86
1973
775
289
67
2907
591
893
1613
298
2539
968
2913
1593
939
1215
707
980
1292
3032
1882
284
1562
1635
1924
399
231
1243
1424
3300
1267
138
2424
1409
1923
511
1446
1259
1150
3000
2304
2415
2332
694
480
606
2144
738
2657
3285
1657
2068
3344
485
1656
82
2436
3115
64
109
1115
3389
1392
515
1951
1408
2530
732
1751
2519
2847
1020
2383
1664
3201
1345
1896
938
2858
1913
3324
329
766
2550
3279
3269
1851
2679
3422
776
944
2625
625
1008
1313
782
1860
3116
2793
935
1417
198
2337
636
2489
166
2075
1017
1675
2267
1297
1831
123
1499
2787
1558
2490
3064
728
1660
34
178
1428
1134
2902
2136
325
1306
2036
338
3087
2637
2432
3275
2826
3413
1813
2326
1192
2856
351
970
958
237
3333
1788
1872
145
3169
2912
1689
3401
1608
365
407
1749
867
3362
3325
1269
59
2237
1405
1949
1866
2384
2662
3098
1503
2675
1226
195
2711
477
66
3405
3312
1113
2812
969
2017
207
677
2601
878
1039
1684
1817
1402
1780
892
1407
1209
2220
2525
3268
2972
1228
3022
2740
876
1863
2307
1203
1147
1624
2375
2617
1451
535
2590
219
3222
2900
1638
1589
901
1647
3145
1375
1631
3094
2977
3326
1547
3165
2279
6
494
209
2776
152
3301
1092
27
1718
2204
2423
63
3210
1281
863
136
762
416
919
811
2527
1303
2564
1598
471
673
1368
1512
440
2906
3294
1122
3427
1286
189
168
3353
1707
118
14
1942
234
1563
1177
3151
1504
2568
1288
2123
2552
2348
1815
914
1013
3291
2354
2924
1890
214
1382
1330
2698
1787
364
2180
2585
2671
1443
2516
143
3123
2281
538
3308
3390
1009
2741
1611
828
2294
72
2927
2166
1673
3083
2482
2778
987
2135
2051
3
1641
756
2128
1568
1609
1531
747
2632
743
2695
1168
843
2757
1235
1371
2407
1766
225
1422
2785
173
1349
2453
3303
1806
959
1580
1629
1575
2876
660
164
1185
2874
545
1888
504
3163
1459
1350
2295
575
1161
1929
808
556
218
1755
2002
2102
2760
2162
676
2465
1584
155
1632
1234
1674
2941
1353
70
3253
1033
117
2484
2448
1179
413
2211
387
2063
508
2324
903
2956
635
2686
1561
1360
1980
1746
204
1433
1861
560
2092
3386
2673
1051
2405
942
3423
2168
767
1883
2630
3035
741
1404
2688
2100
877
2649
952
2470
2641
802
332
2338
2322
2151
3129
1761
1242
2860
3194
2595
691
1705
3337
3133
115
3003
1401
2315
180
391
2930
964
2848
484
2285
999
1199
3271
2164
3233
617
435
2754
1687
1212
1232
3348
3044
2442
2719
1436
865
28
226
5
2554
1741
1634
779
1204
472
1305
763
2569
514
665
2782
106
552
1752
2801
1666
2189
1622
1514
22
1324
628
24
93
2046
2325
315
597
3329
62
1475
3367
292
853
306
3029
122
249
3053
3206
670
2197
702
2070
444
1727
242
551
1829
1480
2108
2841
239
2916
2700
50
286
1993
3207
1038
158
1036
3148
15
1301
402
3131
2287
3245
1899
2270
783
2041
599
947
619
3177
2253
2749
1114
211
1328
2091
1085
404
2260
1426
492
73
1086
2468
98
1614
557
3267
1999
742
3011
3385
2899
3090
2089
705
2893
1722
1652
1857
791
3196
3071
3156
1170
2562
100
3048
537
3109
2851
2005
268
1258
2291
2118
1530
745
1536
1435
146
1063
2214
1414
266
2433
212
1300
989
1080
2481
2806
2261
1887
525
76
2709
3252
3142
1270
1263
1936
3311
1977
2931
2199
1082
740
1079
1688
1318
761
883
2556
3375
897
2313
837
2764
3372
2660
2155
2867
2500
2319
1513
3429
2538
3404
1224
1592
2277
2976
1732
1958
1277
92
993
1148
373
984
2815
1320
1907
2018
3336
335
517
1939
727
2398
78
3164
690
3431
2497
2836
781
988
140
1845
1663
983
271
2163
2010
1241
684
2870
895
1447
3199
3241
3046
1799
2391
1833
681
688
1694
3001
2717
1946
75
133
482
1391
2923
1733
2444
1810
310
3147
2986
479
1098
835
2417
127
312
2612
3185
424
3287
1898
2771
3439
2655
3137
3135
443
56
177
2174
1676
2589
827
2888
1024
1211
2331
1271
382
1630
1849
1250
2920
1765
3039
2404
2879
1437
2721
3095
1789
1335
3224
343
566
134
1333
3377
1400
1928
53
2061
2892
224
1077
342
40
1738
2821
2408
531
2756
3182
1771
1803
2131
1247
1284
3143
3050
2579
2153
1466
2139
2842
2724
2027
1603
3132
2421
447
2674
227
103
1934
570
2623
648
77
3122
1840
3437
2077
772
2038
573
3099
35
418
2659
42
3134
2753
3082
1078
1081
3314
1529
333
1420
3072
3202
658
2857
1725
2428
3354
2859
13
1278
187
3075
2615
2670
3158
2147
163
2761
569
2366
788
190
3424
904
3297
3345
2360
2767
139
2532
1468
954
2233
1331
792
2901
2022
2786
274
3239
654
2891
1230
1365
297
1034
1825
2043
275
273
1574
823
2318
2300
640
1060
3360
1482
3408
2289
2379
2669
2177
977
278
2119
2254
1140
1651
213
1025
1708
794
3277
3432
550
359
813
736
2381
2940
2654
1070
2915
1141
3307
2693
456
1784
841
541
1841
610
1238
3278
3295
363
1131
3392
2511
611
2970
3400
2742
1121
3191
436
1295
2487
1790
825
3047
1846
1649
2790
3378
2458
1763
1380
2635
2504
3237
1178
1653
374
3244
1471
1023
864
3302
3369
1037
3141
3355
1541
233
1359
2242
609
2587
714
1044
8
1645
3350
2967
594
1412
201
916
38
981
1819
910
764
121
2210
524
1056
1903
3338
1217
1379
2868
1254
2622
85
685
2862
2334
2706
1470
2934
2964
1052
51
353
2998
1594
1021
553
1045
527
587
2599
1440
171
281
2455
1293
1347
2690
1669
2446
2427
789
2106
1149
885
3084
1665
3024
3442
3436
1677
1386
846
2025
2890
712
2246
2273
1758
2411
422
2462
1010
2105
2221
1683
2580
1283
1316
967
3042
2958
2265
1233
2611
2639
1943
3103
2371
1590
1019
1181
519
1744
719
2086
2735
3184
250
2007
1699
630
2438
2396
2373
235
2877
3343
2190
1394
717
1294
2987
2352
695
3097
2974
2712
2372
3382
2175
1948
170
1059
294
3266
2553
1792
3167
1326
1143
753
1870
1832
3327
2302
3380
1526
1290
2542
2953
1703
2969
1786
2269
215
1377
645
61
1486
505
3023
322
2429
2691
2955
2563
1016
731
1393
461
2090
646
2350
934
3365
2143
2702
1068
2152
2203
1612
669
2528
2716
2672
2364
200
264
918
1129
1625
1522
778
3074
1012
2387
1542
1836
192
1610
2973
1498
2239
2252
1054
3155
2549
2957
1900
2466
33
1222
1473
360
473
2268
840
2452
687
260
3235
1965
1754
1826
2054
2029
1325
279
1109
2928
2830
2994
1135
2080
3339
3255
2476
1302
1413
978
2240
523
894
2944
3258
334
3251
2000
1500
1639
1363
3384
1167
1097
3370
2032
1591
2739
2058
2613
3316
3264
774
2925
547
796
3219
1156
205
649
3159
672
2586
313
3172
490
3154
193
706
1876
3318
3394
3309
2748
1372
2292
1693
2624
1229
43
2720
3014
2008
1543
2491
2218
2503
241
925
818
1478
52
2033
1348
1690
1713
1202
2799
936
184
1439
1873
104
1454
2028
1889
1309
604
2947
3077
2114
2284
2640
2962
2566
2170
102
54
1395
1908
1479
2565
2009
1332
1275
2746
979
748
1027
963
265
3407
1272
602
1462
405
3388
1961
3346
1521
520
3443
1711
2992
1601
1043
21
1041
1581
2696
1120
2731
2082
401
124
615
1493
2202
1119
1370
2165
2012
469
1334
309
614
2137
2259
1847
3242
3062
1698
2097
861
1778
202
718
1728
568
498
1257
256
2682
3229
3051
406
2838
2073
3030
442
3352
1352
3085
2917
1552
379
797
1544
820
3215
2232
2200
884
2968
31
426
2650
2524
3054
3193
833
428
3205
2194
2004
3417
857
156
307
2543
1886
2488
971
1357
384
940
296
1808
679
2480
3153
2335
251
765
1937
3393
2084
2113
3270
2308
2551
633
2236
2687
2664
723
2173
2049
259
905
2993
2228
371
2271
26
483
911
1477
2394
2750
1719
1376
2921
488
3106
3231
1571
786
785
2864
1916
2652
71
3041
1848
3332
528
836
258
1822
744
3290
554
2533
453
1922
1337
1642
303
1971
1911
247
446
1967
2159
244
629
832
3288
2290
2759
1682
682
2689
1538
495
1740
3026
1367
807
1062
830
581
394
3211
1954
366
2030
2498
801
3124
521
2276
229
1714
2126
1779
2157
459
1770
2910
3149
55
817
2574
2449
388
2918
1364
277
1721
2896
972
46
1918
933
376
196
151
2677
230
2529
1001
1103
620
1776
2950
2653
2609
2608
2514
2382
696
2320
1022
2705
847
1427
1764
2559
2648
181
3195
311
2217
1891
12
3170
735
3128
2109
2507
623
2451
128
1423
657
3391
20
793
2117
3265
2085
355
1842
533
1621
2518
2643
349
3221
962
868
2374
2045
613
932
2188
924
2368
2959
1124
3371
2222
2340
339
2575
367
341
1145
3118
2339
1484
1535
686
1152
3438
2047
2602
2052
920
1244
2644
1709
489
668
1798
2098
3192
1361
441
80
2107
3328
639
1855
2743
784
540
997
1327
2485
2779
1338
1072
1650
1173
1620
1093
305
337
816
1005
1246
3033
3403
1175
3435
2418
800
1839
1586
577
32
2019
1117
1716
1995
522
2134
3228
2093
3230
692
254
603
3421
3374
2783
3433
1476
1940
2865
1985
216
2145
1546
1989
1595
693
2596
1383
3414
1066
881
637
1489
175
403
362
1933
2829
3020
516
829
1715
1868
261
1964
2316
2209
2370
2016
1296
188
2922
11
1875
1237
3108
804
1527
165
144
1976
2954
701
438
199
87
734
973
1390
1636
2150
1658
2026
2990
1691
1668
2745
2250
1812
534
3104
2751
2694
2196
890
1555
2256
2227
960
2932
2904
1519
432
2115
3188
1430
1974
2951
2506
45
985
975
2647
2205
912
1959
37
561
2772
2286
2680
2737
880
3293
1679
2526
1712
2534
2989
555
2241
2305
301
451
1927
2963
2813
1782
1456
650
1046
585
429
1600
3114
397
1208
562
2620
69
357
720
2138
986
2933
2610
1597
3213
3283
2278
941
2400
345
460
2854
2355
3010
563
458
2198
879
2120
1442
1736
3078
949
2207
799
400
1811
2722
1160
1261
2926
9
3342
2297
1554
336
900
3065
3282
1100
2681
1432
3055
252
3037
1136
455
1793
1573
2141
739
1329
663
2995
222
1869
2341
3080
2577
3227
497
621
3031
2365
1425
945
1576
2110
1686
1138
2889
2594
1739
2067
1567
2178
1474
3002
3238
2201
1862
1467
2638
532
2403
1991
2122
2703
1998
1460
583
3376
3004
3067
452
647
644
809
2124
2169
1510
749
2081
819
974
1183
716
1111
2492
810
2347
317
2266
383
1775
3357
2730
2461
74
2734
1835
282
1481
167
1355
1659
2206
1997
463
1950
2359
2975
119
1821
2908
236
1970
1455
1266
1171
1184
3060
217
1406
923
2255
2229
1781
3107
2430
2880
1073
415
2495
1123
831
3105
427
2392
1154
1520
3335
3441
1245
2978
2791
2351
16
1108
1319
2104
632
272
3226
2726
2416
2062
318
2475
755
3073
3076
2467
1759
3005
3440
1450
240
1850
3247
2667
2803
3043
1856
1672
1206
2413
3102
2744
1704
1767
842
2231
1685
2039
1323
3157
1511
2501
2773
2057
1164
3068
680
703
246
2309
2755
1088
1867
2584
907
245
3028
1252
3174
1757
1099
709
291
1747
1221
2329
1914
1992
1618
1637
995
2469
3320
930
2736
161
464
1142
869
97
1095
1190
1783
197
3263
2938
350
943
41
1218
412
3144
23
393
542
2523
3063
3420
1090
2684
2013
1346
1560
57
953
1696
58
2353
966
1628
1602
1984
2636
582
2645
1932
1646
1492
2884
2425
501
2633
90
2471
2095
2656
3286
1188
2245
1415
3398
2515
950
750
1879
2262
1399
1431
2747
150
2982
132
3130
589
1314
116
295
2581
859
84
110
2628
3419
2079
101
385
2299
1268
754
248
641
3410
3066
1578
3249
3306
1814
1884
655
1750
2238
1701
445
1128
1362
2212
874
36
280
3347
612
1681
976
262
1191
2426
824
2042
2493
3223
1421
2966
1615
3059
300
3368
858
3200
2056
2156
1585
1144
3180
1952
1231
2629
2494
154
2439
2362
1137
737
358
3373
2707
1944
130
2548
2074
3217
2663
1667
2718
1452
1838
1953
3189
283
3069
269
2557
2402
908
206
2310
2619
314
1986
1551
2167
1880
454
375
3292
2076
2807
1163
2520
2395
2443
513
1384
3298
1557
3150
3361
2603
2125
1438
1895
1633
3197
1193
1769
1978
1102
549
2536
2023
751
3017
3236
2949
708
2280
2560
2936
1201
805
491
2919
2298
2878
2788
601
503
2668
285
700
2215
3019
1291
1155
2055
2314
2727
1448
1050
1032
1885
2342
1344
915
2537
2873
2942
410
1381
1101
2875
2593
474
1854
1678
1162
502
2513
2846
276
2479
2911
2066
1356
1537
1282
1419
572
661
564
467
1858
678
1572
3254
191
1794
590
624
120
2410
928
1002
183
1214
1104
2765
2723
2393
2886
2213
2725
529
548
304
578
2965
3162
2794
3358
3173
2833
1321
1387
1745
2472
125
331
420
1692
2161
595
3178
10
2789
1508
2473
466
377
1373
2939
2678
290
1737
544
618
1772
386
327
2034
2367
2948
2591
2853
2883
1901
3113
162
849
2710
1818
3250
600
1172
616
1000
142
1800
208
722
2412
588
2850
2386
3009
2344
1388
419
1463
622
1449
711
1336
982
3012
1058
1351
83
1777
3052
3415
539
3214
2464
1930
60
1015
927
2945
395
2226
210
870
220
1797
417
431
486
1617
3262
3334
3152
3096
1410
1378
323
1488
3256
1483
961
288
257
81
1897
3056
1905
381
3331
2762
3101
1823
2346
729
891
1988
2809
3093
398
1182
1773
1126
2133
3416
1816
2991
2540
2450
3412
1515
2219
465
2820
3126
2306
1852
1828
2582
1397
2535
683
414
1458
2094
1369
2839
1795
3340
1525
822
1607
1076
1416
1220
2463
1969
1112
2377
1047
372
19
3434
2905
1289
752
1553
1579
1697
888
1915
3402
812
3234
3418
1917
955
1599
2971
1165
378
1748
2358
2040
1166
3168
111
2327
1411
814
182
1670
1042
179
1396
798
3007
1280
1006
1491
909
159
319
1053
2390
1118
3100
2021
3379
3120
1655
3426
1028
2621
2729
2607
1909
768
806
1494
2031
2179
1225
2979
1981
1
340
2697
536
1465
3212
430
2798
1881
3397
1983
450
1768
834
2946
790
1276
1251
1249
2665
2149
448
990
2598
1566
1865
1195
2849
3179
368
1315
1871
991
2053
2522
2243
3186
1487
347
1064
1588
815
2192
3349
1110
1968
1731
2088
2378
1495
421
1403
2792
1176
1107
699
3313
2050
2547
2422
2903
1729
2558
1223
4
576
651
2844
2521
1735
2356
1180
3284
1545
1710
2311
1906
3240
2193
2816
3425
352
1256
17
1587
571
1654
896
361
770
674
2248
137
1322
1385
1031
1146
3387
3117
710
1945
1429
3111
2385
44
506
470
2935
2819
795
3274
1926
2445
1418
2486
2869
369
2863
2897
1049
771
2642
1018
3428
2183
1796
1864
526
3246
2882
2616
1174
1374
2459
2185
2999
1014
2011
1962
1824
1265
2544
1004
1287
2646
3356
1893
2234
889
2766
2571
769
3280
354
1894
1445
3381
510
2840
1724
223
409
2441
3272
921
2822
2714
148
580
1496
773
3036
2096
1921
2572
3276
1556
733
1339
1205
994
1198
2321
1125
2713
2502
2258
2454
1264
3119
1549
2388
2546
2763
652
1087
344
2160
1366
675
1753
592
3086
1912
2732
2588
1606
509
1996
871
29
2275
2626
855
1509
1132
48
203
2796
2312
478
2573
3310
2728
3209
759
1311
1648
2176
2887
1979
2704
726
346
951
2825
3203
2685
2003
2683
468
3125
3139
2808
126
1157
845
1026
634
697
3366
2733
2909
2701
3364
2247
1200
1207
567
2505
2692
1116
1960
91
2885
3013
3321
2282
194
1935
1457
1596
3225
2832
2184
917
3305
96
2666
3399
3008
872
2456
838
2437
956
2996
1717
1084
1539
3161
850
1801
3299
724
1902
2014
2997
2578
1830
1623
546
2065
1643
2191
2980
2818
2861
1975
1919
1564
866
730
3079
2112
1040
1582
3260
1577
3281
2142
1310
1262
2072
1307
543
3322
579
1029
1550
1680
1398
2823
185
1096
2323
3121
2651
2216
2069
1279
2795
2336
2083
2510
3198
1213
1061
3089
2898
3040
2984
169
2834
493
1957
2389
2357
2060
760
1227
99
666
2512
3411
2634
2223
3175
487
698
2929
873
1518
1990
1583
2059
1240
1506
2274
3049
558
302
49
433
1820
2631
2852
2981
3430
328
3409
2952
2937
931
2457
1497
2752
1569
2855
1464
1874
2103
499
1255
25
2140
2509
1094
3057
2804
2263
2116
1151
2843
3127
2592
232
1695
449
160
1490
3261
2810
1194
946
2148
1485
320
3248
2127
2435
913
1878
826
713
500
758
3181
3045
1743
3136
902
2845
2345
2225
1791
1533
2037
2328
1197
2618
631
2770
844
1057
1186
88
356
1859
937
2496
425
135
7
108
1130
2349
948
3341
2303
3025
1920
147
1069
3208
293
434
2881
3088
1987
1389
2627
1139
1105
2871
1048
308
689
662
324
3296
3190
626
1982
2561
2784
2983
287
2769
821
2099
1726
780
2257
2768
2154
1196
68
1910
3016
1904
2235
390
1734
255
172
704
2817
2249
2071
1358
886
777
2158
3092
1619
2483
906
2264
851
2251
39
1219
439
1843
2048
2811
3091
3006
2758
1317
899
746
860
114
2431
2738
1523
3259
2301
3183
1239
1091
3176
2224
1501
2478
3081
1075
3396
1516
2434
2181
1469
1007
1441
642
2001
926
2409
2715
1260
3289
370
496
2
1540
1966
3220
1472
2376
1706
2129
1565
848
1762
803
1723
1216
113
2363
1834
1065
518
2182
2132
475
2604
2805
1354
1644
3330
2824
608
1853
1947
922
2477
2661
1341
856
1804
267
1298
2330
1153
1127
1308
3160
2914
3257
2531
131
512
330
2570
3204
2676
1505
2230
3166
715
1774
1285
2006
1133
2296
2380
3273
2186
1570
1844
2780
263
1809
1627
2397
667
1189
3383
348
3315
1003
2111
107
2827
2831
2894
481
998
2872
1702
656
1963
2101
2814
1236
1925
2035
3323
2272
1955
1524
1253
2440
2545
965
1158
3146
3232
2317
957
1661
2614
408
2399
659
2283
1742
671
3243
316
584
149
1805
2447
3218
3363
2583
638
1071
3038
3034
2508
3395
95
725
1035
643
2708
423
221
112
2015
65
1312
1671
2419
186
3317
1720
1434
321
2797
2658
47
2600
3015
1169
2774
1931
2460
1343
1106
476
839
3058
593
1507
2960
586
3319
2777
243
2961
3216
2369
1074
1807
2064
3171
1011
627
2517
3061
607
105
664
1248
2044
1956
1083
929
2835
2605
1972
1616
1210
757
2943
2172
1756
1532
94
389
3304
2606
