898
824
882
2213
1411
2019
1549
917
2447
23
81
1187
1490
2087
121
94
715
2638
369
933
2770
2518
239
435
475
486
2485
2901
956
739
2598
118
2631
3026
426
843
1866
965
1147
240
1868
2272
864
1848
3271
866
1613
389
2515
1936
3131
1408
1346
1557
546
2612
1310
745
2474
1697
2240
286
1599
2231
2012
289
1626
325
1030
2559
2143
3181
773
618
135
770
1806
2084
1816
1119
2963
1992
419
1145
2025
3121
2632
815
1466
837
485
3058
2136
1501
507
2137
2125
1951
233
2597
97
1452
445
2464
1508
1248
1864
2601
152
2994
1829
3179
690
734
2609
536
180
1276
3441
1530
3207
2141
578
999
357
1249
1609
1593
550
3325
673
2
120
2375
107
2620
614
2307
929
639
3257
2746
1567
603
3069
1339
2885
1966
1273
1926
1261
3248
786
380
2823
2180
190
2462
2117
2322
3343
3094
167
20
1910
1993
1512
580
802
1755
606
2875
3053
2206
2791
297
60
946
1253
1189
1006
2193
2262
1553
3246
1015
164
122
2893
2839
3095
269
2799
2787
2076
119
1677
3074
1506
826
820
1523
2526
2279
1941
1203
2168
1304
1133
1227
3281
2964
1625
21
1639
1288
2790
3404
1892
2937
3438
212
2018
1166
860
2174
458
194
906
1856
2070
272
293
2309
596
466
2607
886
1985
2163
2574
1075
209
2825
496
3301
1729
869
2297
2336
411
1477
100
2413
1670
1318
1949
2700
2585
1789
3054
255
2816
1234
2831
3252
3216
3395
2616
262
2992
2407
276
544
188
3256
3296
913
1913
44
1398
2561
217
3381
772
391
1833
2646
1368
2822
2894
34
303
2005
1964
2605
1415
1215
1812
3038
964
3006
2254
726
2544
2227
654
3421
2788
89
1283
2490
1422
298
2252
2110
2537
511
2233
1580
236
476
1535
2523
2060
2343
3119
2549
1459
2707
1825
2818
2530
764
2008
1008
197
1914
529
1986
2093
117
2408
1325
2959
2961
1360
809
283
3304
3428
954
2809
3320
2682
3079
814
2221
2701
1320
267
341
3307
920
3385
1301
1167
3242
1138
3365
373
2755
1143
2177
3159
3364
1714
921
1455
1819
1312
1393
434
2706
928
3068
1834
365
3388
2304
3194
3028
706
290
1186
2546
2917
252
473
1238
3016
1365
1035
3143
738
1416
2902
2029
2908
854
650
1036
2759
2656
1726
1405
2993
348
1073
356
3008
1907
1402
1717
2772
1810
1538
2742
3260
2360
1179
464
1849
2195
1691
1908
113
1748
1912
110
3208
1323
813
3405
2416
2726
1963
2987
1136
17
471
1679
827
3403
1134
1050
2098
3085
137
3239
2355
131
2654
515
779
1184
1647
642
2437
2393
157
2292
2152
2223
472
2749
2854
3072
969
2606
845
349
968
2457
279
1105
2427
3212
1023
2145
2086
751
1928
902
583
16
953
542
2050
1324
1937
2243
1570
3329
1999
374
2571
241
292
3243
87
565
2800
2760
1735
731
1097
2147
2494
3253
762
664
1896
2064
1586
2883
324
1297
1231
1298
2358
1885
2212
1284
2004
557
3215
3031
3201
804
2566
2214
3426
2948
674
3064
1989
2303
238
720
3091
3172
1302
1882
221
2577
3250
748
2608
2225
1540
2910
2149
2590
705
2339
3027
1213
210
2766
3311
1703
818
2171
558
1378
19
168
2556
3407
3070
327
2319
247
3130
2499
647
1575
3009
777
948
1141
361
1358
3087
2957
2699
1000
2869
1623
387
963
88
2717
1421
1488
743
2351
2587
2066
133
2265
35
234
1450
2359
1930
2277
1565
395
2114
1921
1767
582
633
1426
780
363
2983
1170
1946
470
2801
474
806
3306
499
181
1876
2714
108
82
3399
2425
41
412
109
1730
774
825
1092
465
663
930
1392
1383
235
1251
3220
13
2415
2229
1995
224
179
865
3221
6
288
2443
1731
3025
3314
3047
1255
31
422
1606
312
710
3238
1809
628
1319
59
3039
666
404
2426
1289
976
256
2298
372
3151
857
2758
918
3182
2308
416
2037
2886
1721
3209
3122
2846
3139
534
2531
1788
808
1855
1902
3041
2560
794
510
3146
1117
2960
3409
1321
163
3164
2199
402
2653
1798
383
3178
319
835
2967
1983
67
851
2411
1956
1090
3316
2541
2975
1461
1571
566
925
3012
3133
1707
1107
1863
1067
3254
418
1083
746
377
859
1562
257
420
900
1555
2175
3397
3048
432
1668
1306
2328
717
1568
594
2558
1757
366
3391
2428
2765
1667
2614
463
2123
1137
540
1181
2256
1642
481
2668
519
2783
1851
406
2217
3415
581
246
2845
736
2056
609
1607
1997
3349
2332
2105
760
2750
1847
1002
2350
2364
1063
922
1574
620
1872
2410
981
3398
3101
3050
2628
3044
2390
2108
2710
1773
2082
2767
2007
2641
24
939
838
1683
2001
1096
1577
631
2843
2931
2953
1662
302
2857
1442
629
1778
724
3140
494
3227
1901
2737
3358
643
2671
3024
2918
331
1362
1168
947
2999
2486
1032
2833
2896
1645
2062
2259
1716
3056
3199
1865
548
3155
2870
2184
912
2583
1285
1272
90
1802
1823
74
1347
2132
3186
2906
1874
665
1537
3355
223
2748
3098
547
941
1777
1879
811
2255
2627
1689
3060
1676
3233
556
2116
2172
1877
2080
527
1128
2201
2362
2085
3037
3052
1482
403
1525
807
189
909
266
3341
26
797
2990
1514
3342
367
1484
1672
447
2142
1483
410
2337
3333
3211
1456
3129
2090
569
3283
3189
12
2498
1685
2162
376
1742
1019
2198
3372
1545
520
1628
409
2395
1832
2915
2385
1195
1890
3313
323
2274
2941
640
2719
310
3291
3312
1699
2345
11
430
2672
2686
2024
1171
701
3390
184
2949
676
2615
1390
990
1204
1732
574
3293
355
1257
65
3292
2879
1380
3259
1161
699
1476
3083
2667
3437
3384
1875
1446
2017
1271
501
1123
1636
832
2232
2689
386
84
2533
2648
3150
417
1494
652
2729
3033
1401
861
721
3297
142
3357
1451
555
1675
1954
2647
2804
215
1112
2273
3247
51
175
3334
862
2204
2623
2920
2984
1658
3267
742
1719
2757
2468
93
3347
2046
2452
1791
3017
1790
2434
1352
1425
1313
3363
577
2121
2158
3406
1173
919
816
2444
2837
2685
3265
3090
1242
2613
3021
1444
2524
1711
3071
1217
37
1159
2250
1906
344
2043
427
2068
56
1048
3337
294
2649
64
3125
1428
3235
1684
1480
958
2629
1929
894
2181
1808
1660
2387
1278
1958
2713
2611
2251
3408
682
192
1518
398
305
2039
2522
2383
455
1597
3289
136
508
2228
1493
3049
637
2808
828
1374
651
783
102
1792
1485
588
2891
3376
3419
1045
1801
1130
2848
2542
347
1653
604
414
901
1903
2589
1720
1700
2716
454
2744
2595
2300
1085
3417
2780
2495
747
2120
1191
1291
2698
1621
2294
1526
1356
1058
2532
539
1843
2122
3367
127
1853
1922
1763
2318
1038
2900
940
1069
3200
2878
2182
244
967
2245
1269
1198
2802
768
2731
1308
2939
2073
977
176
1232
688
2832
1054
2128
3183
2030
1835
668
3162
2548
3067
2811
3237
195
776
1389
2550
648
868
2321
1786
624
1018
830
1578
2219
781
2160
493
1867
1841
3177
2497
337
1072
2429
106
543
1194
2042
38
2970
1013
2725
66
155
1046
1918
887
1091
2862
3206
2650
158
885
2412
1157
991
2153
729
3370
2659
2424
1116
461
795
2369
1363
3371
2493
3080
1406
1994
3423
1780
1453
2535
1527
2310
1702
2287
478
232
1629
1564
1663
988
3360
2253
2035
2921
1016
791
3382
326
514
2512
2840
2381
987
3195
3077
3005
2071
1369
3261
733
353
2551
261
1804
2135
1861
2423
2405
497
1183
625
2023
400
1818
3440
2157
2754
2311
1316
1082
3061
2478
749
3204
1260
2059
3383
2320
502
1765
2326
370
2786
45
3328
1376
3188
1270
123
2237
2954
2695
2971
2678
2565
1449
2451
1429
424
104
2684
2449
789
3126
2460
829
1579
162
888
2995
598
846
2403
872
2187
1723
1496
2053
3057
907
1001
1770
1976
265
1121
275
2657
1712
3015
1110
2353
2392
2077
1793
3190
1649
873
134
728
1891
1427
1367
2284
644
1237
1076
517
1468
2929
2366
228
3138
1202
1335
2249
993
2836
2664
2600
309
40
3433
1487
1095
1934
1311
1003
2736
2286
2302
1127
2097
3192
702
595
207
1100
3063
576
568
1862
2779
54
183
2500
927
2492
1783
1554
2414
2570
487
3255
1400
456
561
2665
3336
2670
2094
1558
700
3100
3288
1759
140
2380
2028
2610
1785
3109
320
2441
3272
1643
101
150
1348
1900
3022
3114
1460
2264
2131
992
1743
2945
467
3078
2461
1644
3305
3065
719
379
3040
2538
1595
63
961
263
2026
1822
908
70
669
170
1533
2115
2562
2904
2241
22
2069
1665
3298
1043
1722
3032
876
3082
316
3295
2951
1701
687
1103
792
61
722
1924
2504
3303
2065
787
2588
231
1106
2578
2063
328
2824
1813
285
2324
3286
2154
1149
730
2502
841
2520
148
1630
3340
3374
49
2211
850
3282
3241
3004
2107
2584
1550
2511
95
2863
551
1909
3412
892
966
2398
2316
1762
477
203
3062
1981
3275
282
1478
2708
678
2341
1139
2927
200
683
899
1911
105
2247
3161
1880
15
2735
2453
3112
3420
1631
2048
708
1118
3302
2882
1824
2552
1343
3102
3116
1266
1492
3171
2826
1489
3108
1898
280
1516
2356
495
753
2347
2773
3174
1122
3141
2594
752
2972
308
982
1705
2723
3043
1641
1681
2235
2728
1357
1624
2260
219
1148
585
1062
362
689
1529
1379
2528
1840
2519
299
208
2344
2267
2673
1353
2099
30
2089
28
329
695
3427
125
509
1040
3245
2895
2448
572
2276
1563
1556
1438
1650
2179
1041
2514
2977
1519
468
3309
1410
47
763
1146
2916
2867
3160
2775
1904
3185
1622
111
2591
2488
2015
1230
351
1262
3086
3105
2034
3345
3326
1933
2812
2980
658
670
2617
248
2692
2288
1470
1037
2209
1218
2778
1169
1680
1155
844
2271
1601
2503
503
1973
1309
1093
1520
3414
3344
716
91
855
53
590
1160
3300
3167
1417
3425
2095
2624
681
1104
139
48
563
2317
2496
491
586
3346
2925
1153
2394
249
222
2709
3418
2586
1692
2681
428
3290
622
983
196
2442
2088
1795
758
396
1749
659
3443
615
831
608
1772
848
2820
660
3193
2630
3439
1741
368
709
2619
86
1025
1300
2196
1279
1158
3284
605
2950
5
1814
3073
1209
1388
2722
1733
1432
2691
3396
1175
7
401
1150
43
1070
2051
1009
3280
655
1328
2842
2325
649
1881
1373
229
697
3184
2922
2156
1017
1632
788
1750
408
597
3156
1435
1811
2038
2354
1439
805
1627
2290
653
1055
146
1135
1935
1532
1962
469
149
1244
1014
2955
2092
2738
1659
2637
1839
2306
3045
3317
3169
1502
1634
2604
166
42
1084
589
1539
512
1603
740
541
459
1572
1225
1463
36
1573
1948
2230
1582
761
1475
3118
1932
2127
2041
1984
2912
2033
1651
613
2968
2283
32
1761
1386
1307
171
2009
1827
1996
1239
2118
3315
1974
2382
1190
2596
1970
2563
2507
2140
707
2327
679
3356
488
1423
340
385
2851
2874
984
1517
2003
1027
1216
1747
1061
538
1688
116
1547
138
1256
612
2796
452
960
2479
1889
462
3223
2178
782
3362
1154
1229
506
533
1551
714
52
3231
3277
1029
2693
1858
560
1710
2621
3249
1033
2072
1293
1987
2991
3013
2489
1756
1314
2454
2054
694
3225
1944
2109
592
58
124
2282
617
1988
1608
2440
1967
757
314
1507
1079
388
1290
1424
723
55
1942
1592
2545
3369
2399
1616
2334
3111
3197
1113
1504
99
2373
392
1240
2508
2342
754
2527
3430
242
1250
2466
339
2501
3046
2167
1268
942
3051
71
1322
177
2146
1370
712
1709
2422
1419
1671
923
3270
1414
955
1561
880
3149
1857
2433
3422
3435
1560
2134
575
2368
1142
995
2675
1178
186
2129
3378
2509
645
2445
911
2169
1252
3269
1342
2989
1776
2220
3134
2278
513
1706
3000
2969
431
2888
1317
2130
393
2111
2573
2702
3154
1156
571
1287
532
2166
839
2827
2138
2455
2871
2371
1366
979
989
693
1381
1736
1836
1099
2892
2420
2516
296
2200
1491
3294
1534
2567
1403
2655
1074
2815
2430
2027
1267
2330
2539
202
2406
2942
2079
3103
178
1101
2834
448
3135
2124
2016
2536
530
2913
2873
201
69
531
1120
141
3124
931
258
1109
2911
1769
3331
243
3165
1704
2897
2289
482
1897
2384
2052
775
2480
3380
2061
1180
3011
2011
1220
2165
1327
245
2323
1397
1965
1197
889
2777
2855
1844
2144
2315
3278
1196
3088
2476
479
433
2258
2739
2002
3113
1208
1031
2477
3173
3373
1254
375
211
1404
2386
291
39
174
945
2996
2465
4
214
1292
1583
381
636
2793
3432
2242
871
2876
3368
2010
1359
254
2191
2807
1779
128
3084
1124
878
425
33
504
3136
1206
1739
2205
853
1510
1010
2365
973
2190
2844
1420
1969
812
2764
1654
2391
199
2215
1758
3035
1584
295
926
2952
1131
3081
2781
443
1605
980
1581
2463
1837
2438
3002
1226
910
1859
1458
2696
270
335
1852
3158
823
154
1430
696
2633
2774
1440
943
1509
1088
1895
2859
667
1355
1991
3379
1977
85
1887
3359
2207
1543
522
2903
3413
182
1126
1165
2148
2817
1056
3191
3387
3023
2396
3394
2819
3287
698
2674
1412
2821
1394
1026
1820
2216
1807
2473
3244
2850
1340
2189
2899
2998
72
2313
1766
2782
1673
2828
198
1337
3400
1686
264
741
1445
778
2936
2481
2074
2593
441
616
318
453
2933
1815
1034
2769
1945
951
1614
3324
2618
3001
460
346
2119
607
1474
611
1064
1952
972
1521
3170
1071
1457
1585
1842
2248
2057
342
521
1151
1618
2246
1281
2506
903
3236
1542
143
2705
1694
2795
2139
165
1674
1207
3351
2525
2291
2113
2487
1617
1661
1060
790
2374
1846
874
1531
3310
2112
2557
2388
1652
677
2367
1479
204
552
2484
2715
284
3319
1
2419
2868
1590
834
2170
449
1664
1172
2022
2662
439
2652
225
159
444
1854
2727
2572
1344
1620
3157
1878
2176
626
259
1978
2639
3429
2752
2909
3268
817
875
1086
2349
46
2978
1464
1940
1548
3279
1917
1498
686
2687
1594
2151
718
934
80
2976
1047
1959
220
2208
3226
3096
3393
2947
415
1511
2161
1385
2469
3036
489
2985
112
1587
884
2564
1888
2740
1315
1775
3436
2439
1604
2645
744
1931
1188
1953
2569
1375
2188
14
9
1448
2431
1751
2592
1349
2711
962
3228
602
2335
573
2295
870
1212
2776
103
2402
1005
130
1350
2982
1916
1830
896
2194
3115
2378
3166
1028
1541
2467
2792
2798
2268
2720
570
2203
938
1192
1746
345
1384
2417
1418
2803
343
1275
656
2218
819
725
1177
3128
2183
1413
206
1600
610
3389
2331
1633
1094
274
2956
537
334
1923
2898
1960
2973
3366
205
1152
1004
1738
2721
661
1066
1873
1919
2096
1552
172
1294
2881
358
145
2745
1939
300
2965
1727
1182
3196
317
492
2083
587
1052
76
1011
3224
3029
1611
3308
2887
847
3416
451
1602
2475
1544
3144
2275
2962
750
662
2352
1740
2575
524
1371
2712
2540
2919
2860
3092
1372
2974
1768
3352
1745
559
3222
2599
2379
935
505
638
2813
3145
2340
394
405
3205
2400
641
332
1345
3386
1259
1619
1612
3120
1576
1774
2361
2865
1744
27
1114
3431
1176
1437
3401
213
3335
971
567
2456
2421
1648
952
3332
1831
3018
1332
2636
1828
2270
801
1481
437
2986
2517
390
627
79
2852
1399
423
1899
2210
2935
2078
1473
1657
3187
3353
1078
1299
3402
438
1454
525
1955
1193
675
737
2529
877
2679
1838
1860
1696
114
2688
311
2741
3411
1467
2856
2348
483
3003
949
147
156
1961
994
2377
3273
3093
1598
1596
1331
1752
2866
2794
1263
1635
313
3142
599
2938
1638
484
703
364
2333
1947
1053
500
2934
765
3276
3264
986
3274
1817
2126
336
2296
2697
1282
549
3375
2579
732
1925
1669
883
1980
2363
1615
1407
810
3137
881
2483
304
2581
333
2239
3285
330
3339
3148
711
2849
3348
3076
3147
281
1687
727
3410
2582
1666
1274
1536
251
3392
769
2376
2622
2946
2966
2810
399
1754
237
1199
2472
3323
1246
1364
57
2907
1162
1361
1334
322
1505
1236
2446
2835
767
657
1655
1021
2521
2634
2329
1341
1329
2602
1528
671
2224
1800
185
2285
2997
3263
2872
216
2661
2733
1462
1434
1656
3099
554
446
893
2669
2603
1569
970
2751
2459
2293
2858
2301
3
1022
1247
1972
856
1012
2658
2370
2694
1646
3104
1059
144
2075
849
1513
2944
2576
1682
260
2280
2642
3034
1737
1495
2690
2747
2943
2829
579
1224
2281
3176
92
3175
3234
2346
96
1588
895
1920
2644
3214
1049
2040
1497
3442
691
3153
3327
1886
1465
2397
2238
3217
1695
1760
957
1219
735
436
2940
2418
1764
2155
2202
1336
77
914
3354
2683
798
2101
1794
632
2236
1826
173
1303
1243
2435
1129
2789
187
1797
2150
1870
3014
2732
354
1200
562
2058
2471
2543
2159
564
3097
2257
905
1396
2877
1771
2680
1102
2482
3240
1728
1640
1007
1883
822
2222
3262
685
1080
2753
2234
2049
2185
3010
1869
2102
3075
2734
1471
1713
350
1431
3322
1264
704
635
619
2547
1610
2389
62
996
1472
1734
1884
1693
2513
3361
83
3230
2299
3089
1395
897
2703
490
2244
1433
271
2047
950
800
2263
2814
429
1436
916
1441
1042
3066
1894
352
2763
840
759
169
975
692
191
3251
3123
1871
421
1280
2055
371
2450
2404
1753
2554
997
253
1081
879
273
2806
1782
3132
2761
2981
1678
2841
3019
218
1098
73
3055
803
2847
1295
771
3424
359
2091
842
1377
1057
545
1938
1690
2164
8
1338
2032
78
1089
2470
2106
2013
2192
890
1296
1893
2491
915
498
3266
1589
1845
1698
2409
1330
306
1214
268
132
25
1957
1784
3163
3229
1715
2458
998
3232
2133
600
2838
1211
593
480
528
3213
2186
115
591
338
1233
2666
2643
3107
1201
526
442
516
1500
2555
2372
1221
1132
1111
1503
924
1115
2006
230
1799
3007
1915
1051
10
2045
2625
1065
2568
3042
2718
2923
1927
98
793
440
937
523
1998
2020
2036
2932
1409
2338
1708
553
2635
1447
2924
1718
3258
1044
3218
2505
3180
2226
1950
2743
457
1566
1140
584
3219
2100
985
2861
2784
407
315
277
2830
3110
2432
852
646
1020
833
360
1286
301
1821
68
160
2797
796
278
18
3020
1971
2314
2197
2436
1333
867
2401
3168
535
2104
1546
1326
227
1975
2640
1724
1803
50
2905
2958
1024
1499
2103
2014
2534
2864
1943
151
1087
891
3321
3318
1968
1354
2704
3203
518
799
3377
2762
959
836
3299
2510
413
226
1235
3117
2853
2785
2880
2805
161
1077
3198
1228
3059
2312
2890
307
2663
944
1223
1522
450
784
756
904
1245
2626
1068
1164
680
1144
2067
755
1982
1277
1108
2651
1125
321
2926
2928
1210
2044
1443
1591
1039
129
684
1241
3330
3152
1382
3030
75
932
2261
1351
3434
2724
1265
2173
1469
1515
1637
1725
2914
2988
2031
2730
634
766
2266
1559
1222
397
2021
1305
1524
126
1387
2676
3338
287
1850
623
1787
2000
621
3106
974
1163
2979
1391
2768
2771
382
858
29
3350
936
384
821
713
3202
1174
2357
601
1258
2081
2553
1796
2884
2305
193
2660
1486
2889
672
378
1781
250
1979
2580
630
2269
2677
863
3127
785
3210
153
2930
2756
1905
1185
978
1205
1990
1805
