0.0
0.0
0.0
0.0
0.0
0.0
0.0
0.0
0.05167111131923141
0.0
0.0
0.0
0.0
0.0
0.0
0.0
0.0
0.0
0.2833802312999647
0.0
0.0
0.0
0.0
0.008974909465029768
0.23662924205235647
0.0
0.0
0.0
0.0
0.047502526513301
0.0
0.0
0.0
0.09805837427693698
0.0
0.0
0.0
0.0
0.0
0.0
0.0
0.0
0.0
0.0
0.0
0.0
0.0
0.0
0.0
0.0
0.0
0.0
0.0
0.0
0.0
0.0
0.09300590129754993
0.0
0.0
0.0
0.0
0.0
0.0
0.0
0.0
0.0
0.0
0.0
0.0
0.0
0.0
0.0
0.0
0.0
0.0
0.0
0.0
0.0
0.0
0.0
0.0
0.0
0.0
0.0
0.0
0.0
0.0
0.0
0.0
0.0
0.0
0.0
0.4388466636583951
0.5089681769030221
0.0
0.0
0.0
0.753061815287432
0.0
0.20187624004141624
0.0
0.0
0.0
0.0
0.0
0.014849548156582904
0.0
0.0
0.0
0.0
0.0
0.0
0.0
0.0
0.0
0.0
0.0
0.0
0.0
0.0
0.439934305667689
0.0
0.0
0.9951340644939407
0.0
0.08179534071323358
0.0
0.0
0.0
0.0
0.0
0.0
0.1750529452195394
0.0
0.0
0.0
0.02252746263947414
0.0
0.10581405172316616
0.4412167212020013
0.0
0.0
0.0
0.15410149619259794
0.0
0.0
0.37049340134429865
0.0
0.0
0.0
0.2769948780672933
0.0
0.0
0.670296279637821
0.0
0.4242461224192853
0.0
0.4528919021285974
0.32402827828462133
0.11388025847201078
0.0
0.0
0.0
0.0
0.13900562138916295
0.0
0.0
0.0
0.0
0.0
0.0013682020916717663
0.263829053610229
0.15906377680666828
0.0
0.0
0.0
0.0
0.0
0.0
0.0
0.0
0.0
0.0
0.0
0.0
0.0
0.0
0.0
0.0
0.0
0.0
0.0
0.09537820195049906
0.0
0.0
0.0
0.3341547574586583
0.12311435476318566
0.0
0.056145722915344365
0.0
0.0
0.0
0.0
0.0
0.0
0.0
0.0
0.0
0.10104339765586767
0.0
0.0
0.0
0.0
0.23119758975693472
0.0
0.0
0.0
0.0
0.0
0.0
0.0
0.0
0.0
0.0
0.0
0.04149374007725448
0.0
0.1761664317288909
0.03555110625365243
0.0
0.0
0.0
0.0
0.0
0.0
0.0
0.0
0.0
0.0
0.0
0.0
0.0
0.0
0.0
0.013931695433452185
0.0
0.0
0.0
0.0
0.0
0.0
0.17815127056726365
0.0
0.0
0.0
0.0
0.40748141852435826
0.0
0.0
0.0
0.0
0.0
0.0
0.0
0.15053583457935904
0.0
0.0
0.0
0.0
0.23988010603562926
0.0
0.0
0.0
0.08300395952346051
0.0
0.0
0.0
0.18962154772260575
0.0
0.0
0.0
0.0
0.38765494342757334
0.0
0.0
0.0
0.0
0.0
0.0
0.0
0.4950259152198362
0.0
0.0
0.0
0.0
0.0
0.0
0.0
0.6573370593409522
0.1660650895369471
0.0
0.0
0.16097598377514633
0.0
0.0
0.0
0.0
0.5327717681674744
0.0
0.0
0.0
0.0
0.0
0.0
0.0
0.0
0.0
0.19788016352526527
0.0
0.0
0.08808760313840225
0.0
0.06821659022202353
0.0
0.0
0.0
0.1291436645475923
0.0
0.23666783953631
0.0
0.0
0.0
0.0
0.0
0.0
0.0
0.0
0.0
0.0
0.0
0.0
0.0
0.0
0.0
0.02582624265796163
0.0
0.0
0.4749921253719076
0.6008989337034936
0.0
0.0
0.0
0.0
0.0
0.0
0.24434593748721223
0.0
0.0
0.0
0.0
0.0
0.0
0.0
0.0
0.822352802217865
0.0
0.6293061264491411
0.19144011024191743
0.0
0.0
0.24610819591999245
0.05721628204702922
0.0
0.0
0.0
0.0
0.0
0.0
0.0
0.0
0.45190750294075466
0.0
0.0
0.0
0.03098069956029137
0.017801300321716784
0.0
0.0
0.0
0.0
0.0
0.0
0.0
0.4141451419938451
0.6400333167813397
0.0
0.0
0.0
0.2523295073031725
0.0
0.0
0.0
0.0
0.2643749612054467
0.0
0.0
0.0
0.0
0.0
0.0
0.0
0.0
0.0
0.0
0.0
0.6833982218940149
0.0
0.0
0.6911981988050331
0.03400179205389808
0.0
0.0
0.3370778809265522
0.0
0.2078247122837198
0.0
0.07353484047233427
0.0
0.09729575029894999
0.0
0.0
0.0
0.0
0.0
0.0
0.0
0.0
0.0
0.0
0.0
0.0
0.14796079271343787
0.0
0.44910708999410764
0.16753392096209696
0.0
0.702105375985304
0.0
0.9896258902289055
0.0
0.0
0.0
0.0
0.0
0.0
0.0
0.0
0.0
0.0
0.0
0.0
0.0
0.0
0.0
0.0
0.0
0.0
0.0
0.0
0.0
0.0
0.0
0.0
0.0
0.0
0.0
0.0
0.0
0.3061477380023059
0.0
0.0
0.0
0.0
0.0
0.0
0.0
0.0
0.0
0.0
0.0
0.6681159901145666
0.0
0.0
0.0
0.0
0.0
0.0
0.0
0.987885846324941
0.0
0.0
0.013684434694575476
0.7495339059380898
0.0
0.0
0.0
0.12870869782692407
0.2770465174495048
0.0
0.0
0.0
0.0
0.11547881277480598
0.0
0.0
0.635448633702034
0.0
0.08937030662827072
0.0
0.0
0.6377810028226154
0.3746846703495461
0.0
0.0
0.09365744706925994
0.40608325336741613
0.0
0.2936878503528323
0.0
0.0
0.0
0.0
0.0
0.0
0.0
0.994978120384763
0.0
0.0
0.0
0.0
0.026344056670126847
0.5705104571405366
0.0
0.0
0.03040471890212504
0.09996880487547632
0.8634316229129765
0.0
0.1390687942233617
0.012741093348588195
0.0
0.33361376399534604
0.0
0.0
0.0
0.0
0.40289969905262457
0.0
0.0
0.0
0.0
0.0
0.0
0.0
0.0
0.0
0.0
0.0
0.0
0.8806729883074773
0.0
0.0
0.0
0.0
0.0
0.0
0.0
0.0
0.010226216519852005
0.30557112800240493
0.05267115481266205
0.29610794987511446
0.0
0.0
0.0
0.0
0.0
0.0
0.0
0.2550431205933841
0.0
0.1476039460271069
0.0
0.2814455480451481
0.021272146061519837
0.0
0.0
0.45688625686079987
0.0
0.23403350588972804
0.0
0.0
0.0
0.0
0.0
0.0
0.0
0.0
0.0
0.0
0.0
0.8307070833444419
0.29831980795761237
0.0
0.0
0.0
0.0
0.0
0.0
0.0
0.0
0.0
0.0
0.0
0.0
0.0
0.0
0.0
0.43642598349269224
0.33517704053186015
0.0
0.0
0.0
0.0
0.6329259193792287
0.39737443502087366
0.0
0.0
0.0
0.13549382839976998
0.0
0.6074327662198212
0.04182006690661033
0.14562485679852
0.0
0.0
0.0
0.20878612665132512
0.0
0.0
0.7267788601279366
0.15863175440700739
0.0
0.0
0.20524832190035314
0.5897287192266542
0.0
0.0
0.0
0.3076178305836983
0.0
0.07015338971946339
0.0
0.0
0.0
0.0
0.0
0.0
0.0
0.0
0.0
0.0
0.0
0.0
0.47672132038668247
0.0
0.0
0.0
0.0
0.0
0.2715092690678731
0.0
0.0
0.0
0.0
0.0
0.0
0.0
0.0
0.0
0.6996643150032902
0.0
0.0
0.028910250011127014
0.0
0.0
0.0
0.050815419876812706
0.0
0.0
0.0
0.0
0.0
0.0
0.0
0.0
0.0
0.0
0.0
0.0
0.0
0.16275808067298692
0.0
0.0
0.0
0.0
0.0
0.0
0.004160432717634555
0.0
0.662886088505237
0.0
0.0
0.4990488115530368
0.43582862222118335
0.0
0.0
0.0
0.0
0.0
0.0
0.0
0.0
0.0
0.0
0.0
0.0
0.0
0.0
0.29591693582354217
0.0
0.0
0.0
0.0
0.0
0.0
0.0
0.0
0.0
0.0
0.0
0.03957875164193214
0.24678609070170343
0.474710651082066
0.46176380340696466
0.0
0.0
0.0
0.0
0.0
0.043430658261440214
0.0
0.0
0.0
0.6376042918327948
0.23102626687810413
0.0
0.0
0.0
0.0
0.24204032087996885
0.0
0.0
0.0
0.0
0.2933211300049492
0.0
0.0
0.0
0.0
0.0
0.0
0.0
0.10286679337749705
0.0
0.0
0.0
0.6034527950273486
0.13948791964453244
0.30999547267854755
0.0
0.0
0.0
0.03491302354617365
0.0
0.0
0.2627500040041916
0.0
0.0
0.8883306800579305
0.0
0.6350021721939938
0.0
0.022112153531810286
0.0
0.0
0.0
0.0
0.0
0.0
0.0
0.4153089704902382
0.9999984750441583
0.0
0.05314628321848203
0.0
0.2319658442203758
0.3399004461867807
0.3720051124753482
0.23423969590045934
0.9955579534256245
0.5827652591649285
0.17492644788636746
0.0
0.2942860676458807
0.9999999996745408
0.7745545821758792
0.2595432518281886
0.7768125939594508
0.0
0.2388666788813869
0.9582583455147771
0.3756569228089671
0.26601199611868376
0.02264458216879295
0.7588866214500927
0.09649906744945635
0.9864683701601726
0.9992985780299547
0.9767127990066434
0.0
0.8384020538109912
0.2752270922343797
0.9453739208988462
0.0
0.429310226621318
0.4722296600666298
0.14009563972042982
0.0
0.0
0.925457352457892
0.7060532922727702
0.4156912936606947
0.9704961049197245
0.06821693478821
0.5738321024744331
0.2481620644634881
0.41240546493243935
0.9085251184224523
0.4704935133696151
0.5898834808748301
0.4318372145083158
0.0734392371306567
0.9865595534332082
0.19766583171347607
0.35341689998797765
0.9972198402208722
0.12315502447674176
0.0
0.32257861443515234
0.9997454197569771
0.0
0.0
0.0
0.0
0.0
0.37182459668889956
0.0
0.777280120694696
0.7195248555985967
0.7459089536259313
0.9446264658721403
0.0
0.016569988512948552
0.5122429035873177
0.0
0.0
0.9938209879149208
0.09187722498606743
0.6517278154304422
0.047186794598880866
0.0
0.05399017309480769
0.0
0.0
0.0
0.6406829479464414
0.6122855489333967
0.01815905940455298
0.5061554699500099
0.9781792690283937
0.7123771426247614
0.0
0.06646065333150053
0.5103539564557755
0.28986854878153046
0.7781095946399732
0.7862915673092224
0.0
0.023334531357981247
0.0800847283249696
0.9907879768759426
0.714208701648396
0.195058018809809
0.6560838740773776
0.05712436885984762
0.3828595329103175
0.3301120465472088
0.9672407154523641
0.46604055825146506
0.0
0.0
0.0
0.0
0.0
0.0
0.0
0.0
0.0
0.0
0.0
0.0
0.10985676540026712
0.0
0.0022272734780804937
0.0
0.0
0.0
0.048633804514911394
0.03093168251375078
0.0
0.0
0.0
0.8456494023879315
0.0
0.0
0.6737026841263404
0.3821547642862049
0.0
0.0
0.0
0.0
0.0
0.952707022885326
0.0
0.0
0.0
0.4084839802889574
0.8261018506710507
0.0
0.0
0.3328843298362021
0.284174989182822
0.22884759780225594
0.3370831579806468
0.4534553698684891
0.6735438708994159
0.0
0.6486312677238917
0.98532198147819
0.37207539818933566
0.42345064287803125
0.9999947402651211
0.11404297611438885
0.4776499152815461
0.0
0.9999944014879297
0.9975596554418136
0.27538620063543684
0.7876451727192497
0.555029891757181
1.0
0.443017185213209
0.0298427164304923
0.658358639712483
0.7926187410330054
0.47197521460920766
0.5226714116902247
0.82082465998419
0.42321858001505985
0.14112891432119068
0.2938024736931304
1.0
0.4995875185397629
0.20954241595466938
0.0
0.010248657780000281
0.9194307354967604
0.0
0.6075546171103439
0.8398671639241502
0.45710915697398247
0.5291995726589386
0.9266759156151316
0.9671444743450821
0.0
0.9593135025181374
0.0
0.044585952443168875
0.31293982741406756
0.25951093050330964
0.8758450695983971
0.8779397122932808
0.4923064498998204
1.0
0.9994410944178145
0.6826218960429777
0.9999999560054388
0.1825218218232425
0.20605797262234016
0.14544598608037285
0.0
0.5697150293527697
0.7197737366904978
0.999999999973348
0.9707159343445148
0.5422214979407448
0.7523394812392737
0.9999999998709538
0.9999999999997428
1.0
0.9998783630622299
0.5269905100367915
0.999999999988967
0.9999998913927243
0.9999285871202401
0.3812876894586562
0.0
0.2635893080785954
0.9102693171822526
0.8996101302068015
0.9995843962645725
0.9995738426564625
0.0
0.9999999884773091
0.994666624220488
0.9003961724644552
0.9936303620227591
0.9999984772695578
0.9999999999454632
0.646117226484713
0.9924978557592757
0.9983285110899124
0.35401582162763034
0.4850810810214268
0.17620417467245453
0.7255932596788461
0.3714958705694924
0.0
0.0
0.9352978075098879
0.6623161679780929
0.5628591938944683
0.5806636796367401
0.8090979648970456
0.09393174932279225
0.0
0.12031883030679769
0.37357697016296343
0.1723739206088153
0.3312408106122078
0.0
0.9613686789850473
0.0
0.26659373339934134
0.0
0.0
0.0
0.0
0.5526267061494542
0.0
0.0
0.0
0.0
0.0
0.0
0.0
0.0
0.0
0.0
0.0
0.0
0.0
0.0
0.0
0.0
0.0
0.0
0.0
0.0
0.0
0.0
0.0
0.0
0.0
0.0
0.0
0.0
0.0
0.0
0.0
0.0
0.0
0.0
0.0
0.0
0.5418016362141138
0.0
0.0
0.0
0.0
0.0
0.01988935406972392
0.2168602915878567
0.0
0.0
0.0
0.725359749546907
0.07272433535003164
0.0
0.0
0.0
0.6794520318065715
0.0
0.0
0.0
0.0
0.0
0.0
0.0
0.0
0.0
0.0
0.0
0.015043161481894995
0.07200644776551413
0.0
0.0
0.9922735039620897
0.0
0.0
0.14709229267624424
0.0
0.25153167840297164
0.0
0.0
0.34574130869613384
0.04715368190163749
0.0
0.0
0.0
0.0
0.0
0.13864384705536392
0.8053285066834477
0.0
0.0
0.056433716103507114
0.0
0.0
0.0
0.032584685873461194
0.0
0.05911735243401717
0.0
0.0
0.0
0.26081533043611616
0.0
0.0
0.0
0.0
0.06879002249305133
0.20328807876995003
0.0
0.0
0.0
0.0
0.0
0.22176006309918228
0.0
0.2789934231089899
0.0
0.0
0.0
0.0
0.0
0.0
0.23460681663843197
0.0
0.094881815860964
0.0
0.0
0.0
0.0
0.0
0.0
0.0
0.06741417627182966
0.0
0.13084559788085448
0.04284635087343369
0.0
0.0
0.0
0.0
0.0
0.0
0.0
0.0
0.030422610057081023
0.03480681318176437
0.0
0.0
0.30347614964369307
0.0
0.0
0.6467141058403645
0.0
0.0
0.0
0.0
0.0
0.0
0.0
0.0
0.0
0.0
0.0
0.9723309640416312
0.1684845070930916
0.0
0.0
0.5879565569136286
0.0
0.0
0.0
0.0
0.0
0.0
0.0
0.0
0.0
0.0
0.02860816205746486
0.0
0.0
0.0
0.0
0.9732361396500925
0.0
0.0
0.0
0.0
0.0
0.0
0.058673355583626186
0.48780382698830205
0.0
0.0
0.0
0.0
0.0
0.0
0.03907798348540925
0.0
0.0
0.0
0.11189506579367403
0.38344277686939376
0.0
0.0
0.3864087680279147
0.0
0.0
0.0
0.0
0.0
0.0
0.3120098042704945
0.0
0.0
0.0
0.0
0.0
0.6667031524549357
0.14799745781080587
0.0
0.06687422681480681
0.0
0.0
0.0
0.0
0.0
0.0
0.0
0.0
0.0
0.31642710463227464
0.0
0.08205357201093844
0.0
0.0
0.0
0.0
0.0
0.0740493958726478
0.0
0.0
0.0
0.0
0.0
0.3534139705169149
0.0
0.0
0.3045873970000428
0.0
0.0
0.0
0.0
0.461492136532637
0.0
0.2108007887656278
0.0
0.0
0.0
0.0
0.0
0.0
0.0
0.17614208542213972
0.0
0.0
0.0
0.0
0.2844445828434442
0.0034542202202593186
0.11910417043973975
0.16634054343134697
0.0
0.0
0.0
0.411860931443893
0.0
0.0
0.0
0.0
0.0
0.0
0.0
0.7036870012755546
0.12590902655904035
0.0
0.0
0.0
0.0
0.0
0.7102939832813175
0.0
0.0
0.0
0.0
0.0
0.012502909282182784
0.0
0.0
0.0
0.3411656473421474
0.0
0.0
0.0
0.0
0.0
0.0
0.0
0.0
0.0
0.18846215677743106
0.0
0.0
0.0
0.0
0.0
0.0
0.0
0.0
0.0
0.0
0.0
0.0
0.0
0.0
0.007008436703447751
0.7397990002691148
0.0
0.18925608469485355
0.0
0.0
0.0
0.0
0.0
0.19171372405649656
0.0
0.0
0.0
0.6144406459383285
0.0
0.35012619077637797
0.0
0.0
0.0
0.0
0.0
0.5730668468675607
0.44442548907909507
0.07247601972518147
0.4925776054642862
0.0
0.0
0.0
0.0
0.0
0.0
0.0
0.0
0.0
0.0
0.6363632088447226
0.0
0.0
0.0
0.0
0.0
0.0
0.0
0.009739984396225587
0.0
0.0
0.0
0.0
0.0
0.0
0.0
0.19826856783363977
0.0
0.0
0.0
0.0
0.0
0.0
0.09975589853774425
0.0
0.0
0.0
0.0
0.0
0.025510876502490953
0.0
0.21096615499119842
0.0
0.8817530260134138
0.27207314375548575
0.08543985776029994
0.0
0.0
0.0
0.0
0.4676909269477234
0.0
0.0
0.0
0.0
0.0
0.0
0.0
0.0
0.01676906662102229
0.10410686619299325
0.0
0.0
0.6362432993429338
0.0
0.0
0.20138157272589263
0.0
0.0
0.47123506654360814
0.0
0.0
0.0
0.0
0.12551755451546864
0.2249084089193798
0.17359996990921844
0.0
0.0
0.0
0.0
0.0
0.0
0.0
0.36868325554866255
0.11730021769805243
0.0
0.1790543093810123
0.5856991362918249
0.0
0.0
0.0
0.21388505628929366
0.6284618939316593
0.1496662086896866
0.0
0.0
0.0
0.004682687287653642
0.0
0.0
0.0
0.0
0.0
0.21167237439946196
0.0
0.1701683112057818
0.42419367532833596
0.0
0.012929103881081039
0.0
0.0
0.0
0.0
0.0
0.34263913265757906
0.15273216421300184
0.0
0.0
0.0
0.0
0.0
0.0
0.0
0.0
0.17341431626722104
0.0
0.0
0.0
0.0
0.0
0.6213120093349045
0.0
0.0
0.0
0.0
0.0
0.0
0.0
0.0
0.0
0.0
0.0
0.0
0.0
0.0
0.201300779319859
0.0
0.12142479095275682
0.0
0.0
0.18765821030920038
0.0017067700486996795
0.07716270503434997
0.0
0.0
0.0
0.0
0.0
0.0
0.0
0.0
0.0
0.6687562549778188
0.0
0.0
0.0
0.0
0.5694826164169513
0.0
0.0
0.0
0.0
0.0
0.47499591319101886
0.0
0.0
0.0
0.0
0.3769387883752868
0.0
0.0
0.26225604740394814
0.0
0.5157282514616643
0.0
0.19071939186602516
0.0
0.0
0.0
0.6226297230196319
0.2680307993469071
0.0
0.0
0.6636146710671428
0.6808852616075748
0.0
0.16501046517636841
0.4576440745559166
0.0
0.0
0.0
0.0
0.3721795197079216
0.0
0.32224931048755556
0.0
0.3941757817039888
0.0
0.07649282352184339
0.29386462774099464
0.0
0.0
0.0
0.8723997282067122
0.0
0.08572817764873208
0.0
0.22184101041601023
0.0
0.0
0.0
0.0
0.0
0.0
0.1319087943923134
0.0
0.0
0.20730168406340765
0.0
0.0
0.0
0.0
0.0
0.0
0.0
0.0
0.1668426427784142
0.2876474411109424
0.15529828858773564
0.0
0.0
0.0
0.0
0.0
0.0
0.0
0.0
0.0
0.0
0.0
0.07507598289174644
0.01780814549395915
0.1614487495634629
0.0
0.0
0.0
0.0
0.0
0.0
0.0
0.0
0.0
0.6408208878490267
0.0
0.0
0.0
0.0
0.0
0.0
0.0
0.510463582068684
0.10735931332325621
0.0
0.0
0.0
0.0
0.0
0.0
0.0
0.0
0.1166869880628505
0.0
0.0
0.0
0.700397637558742
0.4762560973733805
0.008482758050982975
0.0
0.0
0.0
0.2659124143338658
0.0
0.0
0.0
0.0
0.0
0.0
0.28682569431999405
0.16537036328655486
0.0
0.0
0.0
0.0
0.0
0.0
0.0
0.9279772177788814
0.0
0.0
0.0
0.0
0.0
0.0
0.0
0.0
0.0
0.0
0.0
0.0
0.0
0.1663627645358483
0.0
0.0
0.0
0.0
0.0
0.10932511001871237
0.0
0.0
0.0
0.0
0.0
0.0
0.0
0.0
0.0
0.0
0.15931308187240245
0.0
0.0
0.0
0.0
0.0
0.0
0.0
0.04896129187328946
0.0
0.0
0.15462664226300704
0.0
0.0
0.0
0.8849459146797195
0.0
0.0
0.9166221446543755
0.018010217079090673
0.0
0.4332543967025684
0.0
0.06932578441504478
0.0
0.0
0.003189537961690303
0.0
0.0
0.0
0.0
0.0
0.0
0.37967157886548775
0.0
0.0
0.0
0.0
0.018836866481235615
0.0
0.0
0.0
0.0
0.0
0.0
0.0
0.0
0.0
0.1954711120539827
0.0
0.0
0.0
0.0
0.10760793655823775
0.0
0.0
0.0
0.26869137374329677
0.0
0.0
0.0
0.0
0.0
0.0
0.0
0.0
0.08915884864064627
0.0
0.0
0.0
0.0
0.0
0.0
0.0
0.0
0.0
0.0
0.0
0.0
0.0
0.0
0.0
0.0
0.0
0.0
0.0
0.0
0.0
0.0
0.0
0.0
0.0
0.0
0.0
0.0
0.0
0.0
0.0
0.0
0.0
0.0
0.0
0.0
0.08305809323906099
0.0
0.0
0.34512071908854625
0.0
0.0010670250215673027
0.0
0.0
0.0
0.0
0.0
0.0
0.20810073077584978
0.0
0.0
0.0
0.22001176932460376
0.0
0.016533924681569112
0.0
0.0
0.0
0.14388280460365477
0.0
0.0
0.0
0.4434786561577537
0.0
0.4374652558815795
0.0
0.0
0.0
0.0
0.0
0.0
0.5654033565211136
0.0
0.0
0.07446810791899638
0.0
0.0
0.0
0.0
0.3621686154257817
0.0
0.0
0.0
0.0
0.0
0.0
0.0
0.0
0.0
0.0
0.010954017491918044
0.0
0.0
0.0
0.0
0.0
0.1774184104523172
0.0
0.0
0.0
0.0
0.0
0.0
0.0
0.018312149980371673
0.0
0.0
0.0
0.0
0.0
0.0
0.0
0.0
0.0
0.0
0.014958565799594647
0.0
0.0
0.0
0.0
0.0
0.0
0.0
0.0
0.0
0.0
0.6353451010908053
0.0
0.0
0.0
0.0
0.0
0.0
0.0
0.0
0.0
0.0
0.0
0.0
0.06800488641254931
0.0
0.0
0.0
0.19388512113990908
0.0
0.0
0.0
0.0
0.0
0.0
0.0
0.0
0.0
0.0
0.0
0.0
0.0
0.0
0.0
0.0
0.0
0.0
0.0
0.0
0.0
0.0
0.0
0.0
0.0
0.0
0.0
0.0
0.0
0.0
0.0
0.0
0.019930095816607873
0.0
0.0
0.3502405723212958
0.0
0.0
0.9744879178342452
0.2894622478664667
0.0
0.0
0.0
0.06565696451060565
0.017030659415234628
0.0
0.07333611179517674
0.0
0.0
0.0
0.18590764575156216
0.0
0.0
0.0
0.0
0.0
0.0
0.0
0.0
0.0
0.0
0.12269181499513526
0.0
0.0
0.0
0.0
0.0
0.0
0.0
0.28879031155221935
0.0
0.0
0.0
0.0
0.05289681357315823
0.0
0.0
0.0
0.0
0.3349067494098774
0.0
0.0
0.0
0.5515561662870244
0.0
0.0
0.0
0.0
0.0
0.0
0.0
0.0
0.3173866510713246
0.0
0.25599115674634
0.0
0.0
0.0
0.0
0.0
0.0
0.066809626351782
0.032249262174796955
0.0
0.7653683250853867
0.0
0.0
0.0
0.0
0.0
0.0
0.0
0.0
0.0
0.0
0.0
0.0
0.0
0.0
0.0
0.0767493639271849
0.1660846996991452
0.0
0.0
0.0
0.0
0.0
0.0
0.0
0.0
0.0
0.26553169968642276
0.0
0.0
0.0
0.0
0.0
0.0
0.0
0.23597200842269672
0.0
0.04228665591276726
0.0
0.01214269814216773
0.0
0.0
0.0
0.0
0.0
0.19012490576312302
0.0
0.034730301257858365
0.0
0.16251772642290852
0.0
0.0
0.6155512232333118
0.0
0.0
0.09466915161279188
0.0
0.0
0.0
0.0
0.0
0.0
0.0
0.9851464164592805
0.0
0.3014221223925224
0.07636664713425556
0.0
0.0
0.20267509406797135
0.0
0.0
0.4124721199383077
0.0
0.0
0.0
0.0
0.0
0.0
0.0
0.0
0.0
0.0
0.3809595496508499
0.0
0.022166056183706484
0.0
0.10961646808932601
0.0
0.0
0.0
0.0
0.0
0.24679569517300493
0.4535765115687701
0.544504469895776
0.5079867599217803
0.0
0.0
0.0
0.0
0.0
0.0
0.0
0.0
0.11651094574365417
0.0
0.0
0.0
0.0
0.0
0.0
0.0
0.9974947538026985
0.0
0.0
0.01274614246050687
0.0
0.0
0.0
0.14814571151424338
0.14852761034975726
0.0
0.0
0.0
0.0
0.0
0.0
0.8614137587139048
0.01631788707892934
0.0
0.0
0.1689558571972657
0.0
0.2660858563709033
0.0022451217133543366
0.0
0.0
0.5962015957102902
0.0
0.0
0.0
0.0
0.0
0.0
0.0
0.0
0.0
0.0
0.0
0.0
0.0
0.0
0.0
0.09373028865268518
0.0
0.0
0.0
0.02124612002126025
0.0
0.0
0.0
0.0
0.0
0.0
0.5068433712779166
0.0
0.0
0.0
0.0
0.0
0.7757782668942197
0.0
0.0
0.0
0.0
0.0
0.0
0.0
0.49087317339479597
0.0
0.0
0.0
0.0
0.0
0.0
0.0
0.0
0.1477523454298879
0.0
0.10341069556707583
0.0
0.0
0.0
0.0
0.0
0.0
0.0
0.0
0.30099549592697916
0.0
0.0
0.0
0.0
0.0
0.9252451388380744
0.22709856563351272
0.012430244728596218
0.0
0.0
0.0
0.0
0.0
0.0
0.0
0.25581866107555706
0.0
0.0
0.0
0.877074892079859
0.1335360029228011
0.0
0.753228257625868
0.0
0.0
0.0
0.0
0.0
0.0
0.0
0.9999800982333945
0.0
1.0
0.0
0.757172865439855
0.0
0.42360065437108396
0.0
0.032522853219465686
0.0
0.22023560894108074
0.07020632365277324
0.0
0.0
0.02833319653452382
0.0
0.0
0.0
0.0
0.0
0.0
0.0
0.0
0.6819442300831192
0.0
0.0
0.0
0.0
0.0
0.0
0.0
0.0
0.0
0.0
0.0
0.0
0.0
0.0
0.0
0.0
0.9011931850377067
0.0
0.3258021316633246
0.0
0.024942300278235074
0.0
0.0
0.0
0.0
0.0
0.0
0.0
0.0
0.0830189491287372
0.0
0.0
0.0
0.0
0.0
0.0
0.0
0.0
0.0
0.009865882444639373
0.0
0.0
0.0
0.0
0.0
0.0
0.0
0.0
0.060340162141664266
0.0
0.0
0.0
0.0
0.36803382642700544
0.0
0.0
0.0
0.0
0.0
0.0
0.0
0.0
0.6264105921886884
0.6753555279352896
0.0
0.0
0.0
0.0
0.0
0.0
0.0
0.0
0.0
0.0
0.0
0.0
0.05840685294036341
0.0
0.0
0.0
0.0
0.0
0.0
0.0
0.13631447798359553
0.0
0.0
0.0
0.0
0.0
0.0
0.0
0.0
0.0
0.48952353296011153
0.0
0.0
0.0
0.0
0.0
0.0
0.0
0.0
0.0
0.0
0.0
0.0
0.0
0.0
0.0
0.0
0.3748917621979152
0.0
0.30716197546190904
0.0
0.0
0.0
0.0
0.0
0.0
0.0
0.0
0.0
0.0
0.0
0.0
0.0
0.0
0.0
0.0
0.0
0.0
0.11859688744784036
0.0
0.0
0.0
0.0
0.0
0.0
0.0
0.0
0.0
0.0
0.0
0.0
0.2782822232920714
0.0
0.0
0.0
0.9696217871258317
0.0
0.0
0.0
0.0
0.0
0.6214263420857509
0.0
0.1032605161153376
0.0
0.0
0.0
0.0
0.0
0.0
0.0
0.0
0.0
0.0
0.0
0.0
0.0
0.011259687561462117
0.0
0.8757311985864604
0.29588157315083874
0.0
0.01828482827618716
0.07160614076442062
0.33466630152763777
0.0
0.06897952189016276
0.020756191205244856
0.2602957110709502
0.5951605392791448
0.18186174994206183
0.0
0.0
0.2277925057926834
0.0
0.0
0.0
0.0
0.0
0.0
0.41700548046578745
0.0
0.20864969515603593
0.0
0.0
0.1788068171074657
0.01776939545991829
0.0
0.0
0.0
0.6798357359946987
0.0
0.0
0.0
0.0
0.03590527890174067
0.16392357531986257
0.0
0.0
0.7495204302439451
0.0
0.0
0.0
0.0
0.0
0.011515379468273301
0.0
0.0
0.0
0.0
0.0
0.0
0.0
0.0
0.0
0.0
0.0
0.0
0.0
0.4154787366336581
0.14271112231209637
0.30312501514536416
0.09778336445196545
0.2806301823880697
0.0
0.0
0.0
0.0
0.0
0.0
0.0
0.182894944759882
0.0
0.0
0.015485591638422225
0.0
0.18741731047864718
0.0
0.0
0.0024547050535449477
0.0
0.0
0.0
0.0
0.21230901163033677
0.0
0.0
0.0
0.0
0.2559557161436461
0.0
0.0
0.025609215749221592
0.3082607979214308
0.8243793810983981
0.0
0.0
0.21378702173775077
0.0
0.0
0.0
0.6020462262604469
0.16139015280146474
0.007143168596299265
0.761106239661048
0.07777613375018932
0.03746500724647128
0.0
0.0
0.055016638899294756
0.0
0.0
0.0
0.0
0.0
0.01874771617531057
0.0
0.419397650733653
0.0
0.0962534445043457
0.0
0.0
0.1882233545932911
0.0
0.0
0.031262359377813076
0.01434649695424306
0.0161198362599424
0.0
0.0
0.0
0.0035485361244356195
0.08712990008208754
0.0
0.4976195411354528
0.18342020458213715
0.0
0.0
0.0
0.0
0.6754833279109621
0.6392032924970712
0.263839312734486
0.0
0.43604006667292206
0.0
0.0
0.5404034485381353
0.04152583489260897
0.0
0.0
0.7364661307909106
0.0
0.44001639631778855
0.0
0.49718825720649784
0.0
0.0
0.0
0.0
0.49196646791654397
0.04639889800694297
0.0
0.0
0.0
0.0
0.0
0.0
0.05957501528795661
0.0
0.0
0.0
0.0
0.0
0.0
0.0
0.0
0.045682141198802984
0.0
0.0
0.7394450941038373
0.046611767090701584
0.0
0.0
0.0
0.0
0.0
0.7431345580443064
0.0
0.0
0.0
0.0
0.0
0.0
0.0
0.0
0.0
0.0
0.22389059331944572
0.0
0.07368666689440839
0.0
0.0
0.0
0.0
0.0
0.0
0.0
0.0
0.0
0.0
0.0
0.0
0.0
0.0
0.0
0.14526418181605183
0.0
0.0
0.0
0.0
0.0
0.0
0.0
0.0
0.0
0.0
0.0
0.0
0.0
0.0
0.0
0.0
0.0
0.0
0.0
0.0
0.0
0.0
0.0
0.0
0.0
0.0
0.0
0.0
0.0
0.04503620282264642
0.196021777648818
0.0
0.0
0.0
0.15418914812287532
0.21392561904367435
0.0
0.0
0.019521412895932566
0.0
0.0
0.01618088897508463
0.0
0.0
0.11472618769090115
0.004548800480865922
0.16226526785317985
0.0
0.21632576266393666
0.06129240573203232
0.04971708041412981
0.2542982368116452
0.07372336668797985
0.0
0.0
0.10782438990079712
0.0
0.0
0.4397426562629353
0.0
0.0
0.0
0.10839283159532709
0.3207512656143844
0.0
0.0
0.0
0.30922660028931825
0.0
0.0
0.19274115290507743
0.0
0.0
0.0
0.16098256971966418
0.0
0.0
0.0
0.0
0.09808497008674233
0.12662622511017152
0.0
0.0
0.0
0.0
0.0
0.0
0.07026449119570133
0.0
0.0
0.0
0.0
0.0
0.0
0.0
0.4655967160924156
0.0431671450104969
0.0
0.0
0.0
0.0
0.0
0.0
0.0
0.0
0.0
0.0
0.030722723297273324
0.0
0.5739611283511192
0.0
0.0
0.0
0.0
0.0
0.0
0.0
0.0
0.0
0.0
0.0
0.0
0.0
0.10995534238626148
0.0
0.0
0.0
0.0
0.0
0.0
0.0
0.46241154062527057
0.0
0.0
0.0
0.0
0.0
0.0
0.0
0.0
0.0
0.0
0.0
0.0
0.0
0.0
0.0
0.011550513788056493
0.0
0.059280874842448816
0.0
0.1813316876818689
0.0
0.0
0.0
0.0
0.0
0.0
0.0
0.01340300852892351
0.0
0.0
0.0
0.0
0.0
0.0
0.0
0.0
0.0
0.0
0.0
0.0
0.0
0.0
0.0
0.0
0.0
0.0
0.0
0.0
0.0
0.0
0.0
0.0
0.07625203483676823
0.0
0.20354001971592317
0.0
0.0
0.0
0.0
0.0
0.0
0.0
0.0
0.0
0.0
0.0
0.0
0.8296142578678671
0.0
0.0
0.0
0.0
0.0
0.0
0.0
0.0
0.0
0.0
0.0
0.0
0.0
0.0
0.0
0.0
0.0
0.0
0.13045947100976785
0.0
0.2283488120059569
0.0
0.9996809933059675
0.0
0.0
1.0
0.0
0.0
0.01987741543007182
0.0
0.0
0.0
0.0
0.03650571510691769
0.0
0.0
0.0
0.0
0.0
0.0
0.0
0.0
0.0
0.0
0.0
0.07593929637449082
0.09165533869323139
0.08587180853245968
0.13801332255902765
0.0
0.0
0.0
0.0
0.0
0.0
0.0
0.3952041931135164
0.0
0.0
0.4659153681442819
0.0
0.0
0.14468337637409556
0.0
0.071854309133495
0.0
0.0
0.0
0.0
0.0
0.0
0.0
0.0
0.0
0.4826093841185848
0.0
0.0
0.0
0.0
0.18655240328548583
0.0
0.0
0.025024875219046505
0.12029846362233187
0.1688385399555361
0.0
0.0
0.0
0.0
0.0
0.0
0.0
0.0
0.18244749641902513
0.0
0.0
0.0
0.0
0.0
0.0
0.0
0.04040190726817783
0.0
0.05967704772716731
0.0
0.0
0.0
0.0
0.0
0.0
0.0
0.28071886059817985
0.5300443152824303
0.0
0.009457222864527548
0.47673841909691517
0.0
0.0
0.0
0.0
0.0
0.35350811320019293
0.0
0.0
0.21967396731627709
0.0
0.0
0.0
0.0
0.0
0.0
0.0
0.0
0.012679090512863311
0.0
0.4039736043072515
0.0
0.0
0.0
0.42600112343602525
0.0
0.7327083397198242
0.0
0.0
0.0
0.0
0.47388604069783113
0.0
0.0
0.0
0.0
0.01584309987734589
0.0
0.0
0.0
0.0
0.0
0.0
0.3543833334499301
0.0
0.0
0.0
0.05355948844605385
0.0
0.0
0.697834512300703
0.0
0.7410020555379748
0.0
0.4927096466926556
0.007390771634054105
0.0
0.0
0.7558194597913402
0.127317151979631
0.0
0.4883604640184185
0.0
0.0
0.0
0.3625135204438502
0.0
0.0
0.49371756479441664
0.0
0.0
0.0
0.0
0.0
0.011347963392487559
0.0
0.0
0.0
0.0
0.0
0.0010904930599330287
0.0
0.0
0.0
0.0
0.0
0.0
0.0
0.745988129313539
0.0
0.0
0.0
0.0
0.0
0.0
0.0
0.0797890635814743
0.0
0.0
0.0
0.41696939590260795
0.01877014616388406
0.0
0.0
0.0
0.0
0.14564824228289108
0.0
0.0
0.0
0.0
0.0
0.0
0.0
0.0015889023352203546
0.0
0.19673300436605856
0.13143115728605037
0.3634026393837544
0.0
0.06960485305797581
0.0
0.0
0.0
0.0
0.0
0.0
0.0
0.0
0.0
0.0
0.0
0.0
0.0
0.0
0.0
0.0
0.0
0.0
0.0
0.0
0.18023189846236942
0.0
0.0
0.0
0.0
0.0
0.0
0.0
0.0
0.1327268101747805
0.33785632165679713
0.0
0.0
0.0
0.0
0.0
0.5300052481122626
0.3384414433700552
0.0
0.020464123357302078
0.0
0.0
0.0
0.0
0.0
0.0
0.0
0.0
0.0
0.0
0.34424653703779784
0.0
0.0
0.0
0.0
0.0
0.0
0.6421172016624926
0.07471478120786645
0.4336454808997625
0.0
0.0
0.0
0.4999059011187813
0.0
0.0
0.8786611519493184
0.0
0.0
0.0
0.0
0.0
0.0
0.0
0.0
0.24931427345031454
0.0
0.0
0.0
0.0
0.0
0.0
0.5477488291869382
0.0
0.0
0.0
0.5761307220417751
0.0
0.0
0.0
0.0
0.0
0.0
0.4352572928420766
0.0
0.0
0.0
0.3671029895065292
0.0
0.4522874360203222
0.0
0.0
0.12679977008835652
0.0
0.0
0.0
0.0
0.0
0.07899595725755049
0.0
0.0
0.0
0.0
0.0
0.3266006068470755
0.8240527007029266
0.0
0.6890456942762468
0.4596297701970722
0.0
0.0
0.633288423860352
0.0
0.0
0.414388821801825
0.0
0.0
0.0
0.0
0.0
0.0
0.14928340500272608
0.0
0.0
0.0
0.8424482266346
0.0
0.0
0.0
0.166780482663047
0.2543171984982018
0.0
0.019026438229317377
0.6092448381916986
0.0
0.0
0.0
0.0
0.010212847913446121
0.0
0.0
0.0
0.0
0.0
0.0
0.0
0.11342583597762845
0.0
0.0
0.0
0.0
0.0
0.0
0.0
0.0
0.0
0.0
0.0
0.0
0.0
0.005185081752677068
0.0
0.0
0.0
0.0
0.0
0.0
0.0
0.4318346117583092
0.0
0.02054447207174981
0.0
0.0
0.0
0.0
0.0
0.052076715114977246
0.0
0.0
0.0
0.14987264481004314
0.0
0.0
0.0
0.0
0.0
0.31450908362451846
0.0
0.0
0.5402202677681267
0.0
0.15456210358531441
0.0
0.0
0.0
0.0
0.0
0.0
0.0
0.0
0.0
0.0
0.0
0.3579783335949577
0.0
0.0
0.0
0.0
0.0
0.0
0.0
0.0
0.0
0.0
0.0
0.0
0.29582873586168557
0.0
0.0
0.0
0.0
0.0
0.0
0.0
0.0
0.0
0.0
0.47889142914736704
0.0
0.0
0.0
0.20022875213380398
0.0
0.0
0.0
0.0
0.0
0.0
0.0
0.0
0.0
0.0
0.0
0.04176652070326714
0.0
0.0
0.31612694052774204
0.0
0.26335501921418825
0.3010158750661528
0.0
0.01105383412235994
0.0
0.2261069088938258
0.0
0.0
0.01832889104744062
0.10126743403105953
0.0906929421550382
0.2686848901361838
0.0
0.3686573279023919
0.04791694290422299
0.0
0.0
0.8076798876467881
0.0
0.0
0.0
0.059284836447217826
0.7023488565801828
0.27825536898549896
0.7109128733241362
0.0
0.11448729640373945
0.05071177809179839
0.7676089231113553
0.0
0.0
0.0
0.6437602633228595
0.2780954027775224
0.0
0.044757927075478654
0.0
0.23247099019051853
0.32608136571418145
0.0
0.2861658656993058
0.0
0.6261674186780057
0.375736935774327
0.15096784252276718
0.0
0.0
0.6605508254037173
0.0
0.0
0.0
0.0
0.06541165030033735
0.027029717711046675
0.25321353168307026
0.0
0.0
0.0
0.0
0.08894965294388513
0.0
0.0
0.0
0.0
0.0
0.0
0.0
0.0
0.0
0.0037472391429638208
0.0
0.0
0.0
0.5870466907700825
0.13538374742839632
0.0099370179926489
0.43628520841881957
0.0
0.0
0.0
0.0
0.0
0.0
0.0
0.0
0.0
0.0
0.0
0.1303554751617958
0.0
0.0
0.0
0.0
0.0
0.0
0.0
0.0
0.0
0.0
0.0
0.0
0.0
0.0
0.0
0.0
0.0
0.14707216408283053
0.0
0.0
0.0
0.0
0.0
0.0
0.0
0.0
0.0
0.03001407871296613
0.0
0.07840305486174048
0.0
0.05973314283327591
0.0
0.2692844180605467
0.0
0.0
0.0
0.0
0.0
0.0
0.0
0.0
0.0
0.0
0.6016812276192148
0.0
0.0
0.0
0.0
0.0
0.0
0.0
0.0
0.0
0.0
0.0
0.0
0.0
0.0
0.44962178891008264
0.0
0.0
0.0
0.0
0.0644548713845664
0.0
0.0
0.0
0.0
0.0
0.0
0.0
0.0
0.0
0.0
0.0
0.0
0.21439392037314708
0.0
0.12480893707919094
0.0
0.0
0.0
0.0
0.0
0.0
0.0
0.0
0.0
0.0
0.0
0.0
0.0
0.0
0.02195699997327738
0.41076935503504
0.269252921763264
0.05534338638317171
0.0
0.0
0.23989917418100826
0.0
0.0033492671336893265
0.0
0.1611913769549128
0.0
0.1832886102249549
0.6639271516440304
0.0
0.0
0.22740214664584613
0.0
0.06676659807188823
0.03269383834512385
0.27483279275611827
0.18614185418281004
0.0
0.0
0.2720193349017981
0.0
0.0
0.0
0.26461899658216814
0.0
0.0
0.0
0.0
0.0
0.0
0.0
0.24935285905904248
0.0
0.0
0.0
0.0
0.0
0.0
0.0
0.0
0.0
0.0
0.0
0.0
0.2619931010286829
0.11085228569917893
0.5205409360742632
0.42571364429430314
0.9306858690054237
0.44443304993572275
0.841491021097241
0.08173103566209616
0.9992595354897084
0.3711698001555892
0.0
0.0
0.4047257689013697
0.0
0.29884383884766397
0.0
0.0
0.0
0.0
0.0
0.0
0.0
0.0
0.0
0.0
0.0
0.0
0.0
0.0
0.10807808487550541
0.0
0.0
0.0
0.0
0.09793011870376311
0.14525220952087015
0.14613377319116472
0.5287327243671445
0.20059694971110353
0.0
0.012912351966252289
0.0
0.06669333153631052
0.5177554837016347
0.0
0.24901907311070248
0.0
0.6145273154447867
0.0
0.0
0.0
0.0
0.1186288934716806
0.0
0.0
0.0
0.0
0.0
0.0
0.2392250941092695
0.0
0.0
0.0
0.0
0.0
0.12794575563385457
0.0
0.0
0.0
0.0
0.0
0.0
0.0
0.0
0.0
0.0
0.0
0.0
0.009227919200830215
0.0
0.0
0.0
0.0
0.0
0.0
0.0
0.0
0.0
0.0
0.0
0.0
0.0
0.0
0.0
0.0
0.0
0.0
0.0
0.09824249099963867
0.0
0.0
0.0
0.0
0.0
0.0
0.0
0.0
0.19890304925364832
0.0
0.07237753189954577
0.0
0.0
0.0
0.0
0.0
0.0
0.0
0.06570076576058326
0.0
0.0
0.0
0.0
0.0
0.22022580173453943
0.0
0.0
0.0
0.0
0.0
0.0
0.0
0.0
0.0
0.0
0.5506459105987558
0.2102772394550294
0.0
0.0
0.0
0.0068544370828914625
0.0
0.0
0.0
0.0
0.0
0.0
0.0
0.13043973145517784
0.0
0.5317058452102144
0.2865086369950781
0.6741264485519803
0.48359739633005694
0.677714556534165
0.9883801737851323
0.2615110459697856
0.9869640323692765
0.0
0.0
0.0
0.0
0.0
0.02870107436409819
0.23223060937593265
0.9261812167999413
0.0
0.19645496367653337
0.9560649693946766
0.0
0.0
0.0
0.0
0.0
0.0
0.0
0.0
0.0
0.0
0.0
0.0
0.0
0.0
0.0
0.0
0.0
0.0
0.059985985328414704
0.0
0.0
0.0
0.0
0.09154971595608097
0.0
0.13818331888318147
0.0
0.9903576487442634
0.4602949475770657
0.6916228788301566
0.7588271466208608
0.9960941130401364
0.9999528448882722
0.99999980658162
0.6443364209207897
0.9999880543152245
0.0
0.09680440710796623
0.0
0.0
0.0
0.0
0.4991483983505175
0.0
0.0
0.0
0.0
0.9999999999987661
0.9999999999990622
0.3683104531885817
0.0
0.0
0.0
0.0
0.0
0.0
0.0
0.0
0.0
0.0
0.031363828755621825
0.0
0.18075434535508217
0.0
0.0
0.0
0.0
0.0
0.0
0.0
0.7155593710551804
0.0
0.0
0.0
0.0
0.0
0.0
0.0
0.0
0.0
0.0
0.0
0.0
0.0
0.0
0.0
0.0
0.0
0.0
0.0
0.0
0.0
0.0
0.0
0.0
0.0
0.36471889194311957
0.0
0.0
0.0
0.25561999797975854
0.0
0.1354050313572115
0.0
0.0
0.0
0.0
0.0
0.0
0.0
0.0
0.0
0.0
0.0
0.0
0.0
5.576069115094118E-4
0.0
0.0
0.0
0.0
0.0
0.0
0.0
0.9998427347702098
0.34770431916664646
0.5837235052502794
0.20963813193683423
0.6663735513200755
0.7437793954646036
0.9739737575619738
0.9754445703236416
0.9999999999998248
0.8157788651569011
0.0
0.32037095729308995
0.37837015713752864
0.7826402355231097
0.976504730001767
0.9999903502708218
0.6089759459080737
0.9964823316239728
0.0
0.0
0.5392278277087893
0.0
0.9714983492939624
0.8309066064032078
0.0
0.9870098775525031
0.998590253552945
0.8231638347080003
0.6830589948149326
0.0756838568443402
0.8900026284911327
0.865637848999225
0.0
0.0
0.0
0.24545779530634482
0.0
0.0
0.9569983687891614
0.0
0.0
0.3599736551658479
0.4278960085731882
0.0
0.0
0.0
0.0
0.0
0.0
0.0
0.0
0.0
0.0
0.0
0.16899046460582146
0.00600158231387371
0.0
0.0
0.0
0.08544367527297647
0.0
0.311575203605827
0.0
0.0
0.0
0.0
0.0
0.0
0.0
0.0
0.0
0.28614631309128735
0.05883429713558852
0.0
0.08397785488847709
0.18864078839266663
0.7039208356398274
0.15812696895421707
0.2558477962101915
0.0
0.6494953349715253
0.10183916841521023
0.8016324573999241
0.7858901562484265
0.9957486647723207
0.8665101302543375
0.22419840769089183
0.9678203601523153
0.813257645637775
0.8860150126208084
0.0
0.9999797705886175
0.9292195978907535
0.8720624498659149
0.13378747500453014
0.9613134021917176
0.8994133038601351
0.918328731088552
0.999913457127154
0.9591214854145659
0.9981586910263491
0.9999999972085671
0.947032572193332
0.986493190540963
0.3369886589959683
0.0
0.9978999898026241
0.9942396659160172
0.8740506892931086
0.0
0.0
0.0
0.9979758676285105
0.9776216929525849
0.9999999688494838
0.4303417369963023
0.9999951462479092
0.9999999994068458
0.09457183886151788
0.6778301800659725
0.9999999999904173
0.9998671953506691
0.0
0.0
0.9999999999999964
0.9591206653349762
0.9999999999999987
0.9999999996631591
0.0
0.9999996692988611
0.9999976447425809
0.8963086495562411
0.0
0.0
0.0
0.9901991673741486
0.9925131526072517
0.0
0.7529042121007256
0.08024465237807088
0.24331149833772103
0.16927510789424383
0.641049117027122
0.0
0.0
0.30433348253252146
0.0
0.029839083411077216
0.0
0.0
0.03755257940708934
0.0
0.0
0.713791049515452
0.4392515229190419
0.42254884395519765
0.29081308559598895
0.0
0.0
0.6694501352883162
0.9995334193005988
0.20953228180981298
0.8232796398336134
0.3365250782328878
0.9999999954918358
0.9999992979137685
0.6559983301526089
0.022617396306511828
0.04579149743244526
0.2018841135741828
0.0
0.5656276660953379
0.0810570401736036
0.0
0.39881596761473426
0.0
0.0
0.0
0.0
0.0
0.0
0.0
0.0
0.5301850074449876
0.1599468836518898
0.9900119157748152
0.9668251730428478
0.9711253564450654
0.9796113393116495
0.7506303139019166
0.9944790440401093
0.723415090825105
0.9623252046154027
0.9048069158966803
0.8850731229341899
0.9965563537386776
0.8929661034182075
0.925072060979097
0.9528656029951086
0.9569940415937344
0.7869029261480912
0.19028126721389338
0.22618356635501013
0.8514276174779599
0.0
0.6974851459258246
0.8867721142472694
0.959721632249469
0.9592018875209554
0.24870403969688104
0.9999681180274668
0.9758494081482262
0.9897636808139749
0.2897675302937056
0.876819250143432
0.0
0.9740464391931406
0.996193354964842
0.9962774988693505
0.9989779673183716
0.0
0.0
0.5885640754916766
0.0
0.9999999987366496
0.5116731227497875
0.9958299021629761
0.0
0.7504702622922736
0.9999999976783341
0.9999999999910019
0.9999999998141218
0.9999999999974938
1.0
0.9999993875492446
0.0
0.0
0.0
0.0
0.0
0.0
0.0
0.0
0.0
0.0
0.0
0.08284621224591471
0.04413799522632422
0.0
0.0
0.0
0.0
0.12698116625906442
0.06687437612375302
0.0
0.0
0.0
0.0
0.0
0.0
0.0
0.0
0.11728755265844293
0.0
0.0
0.0
0.0
0.0
0.0
0.03634344678998058
0.0
0.0
0.0
0.0
0.0
0.0
0.0
0.058628617697811136
0.0
0.0
0.0
0.0
0.0
0.8571231130404161
0.0
0.07016527826273378
0.02202772834018396
0.04665375782607828
0.0
0.0
0.0
0.0
0.0
0.214234906081061
0.0
0.0
0.0
0.0
0.0
0.0
0.0
0.0
0.35163139220821105
0.22537737534890212
0.0
0.18498812045534774
0.5048434473090646
0.0
0.6629595675471658
0.0
0.0
0.0
0.0
0.0
0.0
0.0
0.0
0.0
0.13788252290109693
0.4533119377844277
0.0
0.0
0.0
0.0
0.0
0.0
0.0
0.0
0.0
0.0
0.0
0.0
0.0
0.0
0.0
0.0
0.0
0.0
0.1577683633411726
0.0
0.2684580804156408
0.0
0.0
0.1781784429617841
0.0
0.44112218642009005
0.0
0.0
0.0
0.0
0.769593789383453
0.0
0.0
0.21406299360702485
0.14095495735872487
0.8868269552394676
0.7706424917025354
0.688288597781989
0.0
0.1331387381229444
0.0
0.35004204206069933
0.0
0.0
0.2545436939469842
0.0
0.0
0.0
0.0
0.14934415390855993
0.6743798269626311
0.9952301347570727
0.9320727536987811
0.5674539343707097
0.9931129233774639
0.0
0.0
0.0
0.9017855466169123
0.0
0.9691455509187401
0.3193195576047143
0.0
0.0
0.0
0.0
0.0
0.0
0.0
0.0
0.0
0.0
0.0
0.0026712700363462627
0.06183023889441486
0.0
0.0
0.0
0.0
0.0
0.0
0.0
0.0
0.0
0.0
0.0
0.0
0.0
0.5363921896934875
0.0
0.0
0.12367048187189222
0.0
0.0
0.0
0.0
0.0
0.5291472673831261
0.0
0.0
0.0
0.19498520993335489
0.0
0.0
0.0
0.0
0.0
0.0
0.0
0.0
0.0
0.0
0.0
0.0
0.0
0.0
0.0
0.0
0.0
0.07102702604702593
0.0
0.0
0.06564818450142929
0.0
0.0
0.2160808492201579
0.0
0.0
0.45455950727102457
0.0
0.28355262832679295
0.0
0.0
0.0
0.0
0.2494061805033978
0.0
0.0
0.0
0.0
0.0
0.0
0.0
0.10416212349681975
0.0
0.0
0.0
0.0
0.0
0.0
0.0
0.0
0.0
0.0
0.0
0.0
0.0
0.0
0.0
0.0
0.0
0.0
0.041631833556818876
0.0
0.2483937815089181
0.0
0.0
0.0
0.0
0.0
0.0
0.0
0.0
0.0
0.0
0.0
0.0
0.0
0.0
0.0
0.0
0.0
0.1343437605107336
0.0
0.0
0.0
0.0
0.0
0.0
0.5506442061646994
0.0
0.0
0.0
0.0
0.0
0.0
0.0
0.0
0.0
0.0
0.0
0.0
0.04246946241968719
0.0
0.0
0.059195309241234506
0.0
0.0
0.0
0.0
0.0
0.0
0.0
0.0
0.0
0.0
0.0
0.0
0.0
0.0
0.0
0.0
0.0
0.0
0.0
0.0
0.17608810156812704
0.0
0.0
0.0
0.0
0.0
0.0
0.0
0.0
0.0
0.0
0.0
0.0
0.0
0.0
0.0
0.0
0.12992169244328644
0.0
0.16553358403949314
0.01640149931201529
0.0
0.0
0.0
0.049989782587761655
0.0
0.0
0.0
0.0
0.0
0.0
0.0
0.0
0.0
0.0
0.0
0.0
0.0
0.0
0.0
0.0
0.0
0.0
0.0
0.0
0.0
0.7816009592763724
0.0
0.0
0.0
0.11175571198225964
0.0
0.09505482055252246
0.0
0.0
0.0
0.0
0.0
0.0
0.0
0.0
0.0
0.0
0.0
0.07449517143346907
0.0
0.0
0.0
0.4869660317271848
0.3489849783799521
0.0
0.0
0.1669042079522156
0.0
0.0
0.0
0.0
0.0
0.0
0.0
0.0
0.0
0.0
0.0
0.13221180997533144
0.0
0.0
0.0
0.0
0.0
0.0
0.19518778517959112
0.0
0.0
0.0
0.9402127185970953
0.0
0.0
0.0
0.0
0.0
0.0
0.0
0.0
0.0
0.0
0.0
0.0
0.0
0.0
0.0
0.0
0.11335815235741165
0.0
0.0
0.0
0.0
0.0
0.0
0.0
0.15079736254402876
0.025580721181787114
0.0
0.0
0.0
0.0
0.17994641245296272
0.0
0.0
0.0
0.620522295043926
0.0
0.0
0.0
0.0
0.29179573617177346
0.0
0.0
0.0
0.0
0.0
0.0
0.0
0.0
0.0
0.0
0.0
0.0
0.0
0.0
0.0
0.0
0.0
0.0
0.0
0.0
0.0
0.0
0.0
0.0
0.0
0.0
0.0
0.0
0.0
0.0
0.0
0.281766926583493
0.7045650305299991
0.0
0.0
0.0
0.0
0.0
0.0
0.0
0.0
0.0
0.0
0.0
0.0
0.0
0.0
0.0
0.0
0.0
0.0
0.0
0.0
0.0
0.06258418963460122
0.0
0.0
0.0
0.0
0.0
0.13177119725491337
0.14095900644365433
0.11374634237755354
0.0
0.9027917191918461
0.0
0.0
0.0
0.0
0.0
0.8451328691229277
0.14337539107181252
0.10346962751911182
0.03455390582906459
0.0
0.0
0.0
0.0
0.0
0.0
0.0
0.0
0.0
0.0
0.0
0.0
0.33013485018203603
0.0
0.0
0.1075016738752832
0.0
0.5615816375763335
0.0
0.0
0.0
0.11378538897052315
0.0
0.014570248923821194
0.0
0.16265203821140328
0.0
0.0
0.0
0.4263762333486516
0.0
0.0
0.1662318489986132
0.0
0.06613113729668785
0.0
0.0
0.0
0.0
0.0
0.0
0.0
0.7472262898342101
0.0
0.0
0.0
0.0
0.0
0.38147388394308046
0.45342784699835237
0.0
0.0
0.0
0.0
0.0
0.0
0.0
0.0
0.0
0.0
0.9308389810022739
0.0
0.0
0.0
0.9237407828967044
0.0
0.0
0.0
0.0
0.0
0.1571999940962927
0.0
0.03046616856984563
0.0
0.0
0.0
0.0
0.3395532832246777
0.10823577676810492
0.964549668537637
0.12802851325539832
0.0
0.05055518361821287
0.0
0.0
0.0
0.0
0.0
0.2953709206786621
0.5947436750037665
0.0
0.0
0.544979499281534
0.0
0.058450450454660574
0.0
0.0
0.0
1.0
0.0
0.0
0.7869780723139249
0.0
0.0
0.0
0.0
0.0
0.43644027014471587
0.0
0.0
0.24111878335511827
0.0
0.0
0.0
0.0
0.053118158209383926
0.0
0.3765971358838005
0.0
