0.0
0.0
0.0
0.27010482505822764
0.10628743052952205
0.3553120852255176
0.07977405629423784
0.15781295137576068
0.6142691415003851
0.0
0.0
0.0
0.0
0.5663783414424267
0.14651083750610672
0.0
0.0
0.0
0.8503351888299445
0.5205327415973979
0.25029991757654924
0.37533360839562147
0.0
0.06135575434077911
0.7803848286156768
0.08634509484662167
0.40655650624432815
0.0
0.0
0.0
0.0
0.0
0.12481485003996184
0.5010105063152022
0.0835374803622797
0.0
0.0
0.12478767806306457
0.3059299730488074
0.0
0.0
0.4886421632174339
0.0
0.0
0.8265188266861865
0.0
0.0
0.4038432103447639
0.0
0.3155592760792725
0.0
0.585201301070451
0.0
0.08325081059163664
0.0
0.265938530546153
0.6441960472955264
0.0
0.34056879920235605
0.0
0.0
0.0
0.0
0.40083772165413944
0.0
0.4864959602249206
0.0
0.0
0.23806570164001428
0.2859302134521743
0.0
0.3617984702027348
0.11794355616109731
0.3422466042505814
0.0
0.0
0.0
0.0
0.0
0.0
0.0
0.0
0.0
0.13650682341933595
0.04686363414206873
0.0
0.0
0.0
0.0
0.0
0.18546556017694826
0.14710862974754568
0.46487940298805897
0.9346672463947489
0.0
0.0
0.0
0.9600662116794872
0.0
0.4671302836563065
0.0
0.0
0.0
0.4620506580106323
0.0
0.3074817801001435
0.14436344261119383
0.0
0.0
0.0
0.0
0.0
0.0
0.0
0.0
0.0
0.008511402342302188
0.0
0.034411096708149125
0.023135181157592832
0.05935775385713582
0.0
0.0
0.9270871596665459
0.0
0.4109896336764636
0.5956223286180486
0.34481372169408187
0.0
0.0
0.0
0.0
0.5766746296751111
0.0
0.0
0.0
0.36797779370193795
0.21521202252735672
0.7316637205714827
0.9434734779675181
0.1486085159980155
0.06542021875172854
0.006479206969613349
0.7388770066211783
0.7601638517672205
0.0
0.9295472779324293
0.0
0.0
0.0
0.2700776211220841
0.10754614760690162
0.0
0.923402888470521
0.0
0.8733289762561802
0.08908336647193327
0.9592769345086362
0.8192315849362006
0.43603868389892386
0.0
0.29503900983975695
0.0
0.0
0.37581196984818077
0.0
0.07629541995746125
0.09078921691093944
0.0
0.0
0.4956192483498767
0.3335730010092791
0.4857973567029914
0.0785709948525728
0.0
0.0
0.4046613046098657
0.24734787358498989
0.0
0.2780718500558149
0.05434987679277681
0.0
0.0
0.4086729157316291
0.0
0.0
0.5002659172840332
0.16857232180355686
0.0
0.0
0.0
0.0
0.4694377522254891
0.0
0.05227449924456573
0.0
0.9535504560042449
0.8424940056920118
0.0
0.0
0.0
0.0
0.0
0.6298047200449747
0.0
0.0
0.13852063355646616
0.17955485530984494
0.08351913599936234
0.18657796726037845
0.6310140689845558
0.21615141354159273
0.0
0.3847535603075858
0.027869331009598874
0.12090998510841833
0.12479812338732388
0.0
0.042645913720381734
0.0
0.0
0.1942429593758057
0.0
0.0
0.5075390403458193
0.0
0.0
0.0
0.49560918226764494
0.4640127440347379
0.6308057981862029
0.0
0.0
0.0
0.0
0.0
0.0
0.0
0.0
0.0
0.5262391367934669
0.0
0.0
0.0
0.05521846239439365
0.08017534897444734
0.0
0.0
0.0
0.0
0.0
0.0
0.0
0.0
0.0
0.0
0.0
0.3951774335490117
0.0
0.0
0.0
0.0
0.0
0.0
0.0
0.5323817871783281
0.31221749366849316
0.0
0.0
0.0
0.5948549168366962
0.08551833927604857
0.0
0.12342710713579041
0.13677240990036132
0.0
0.0677704217441284
0.39401275562666027
0.7289002937805823
0.5137334093828216
0.0
0.0
0.0
0.41991049019337234
0.0
0.0
0.0
0.0
0.0
0.0
0.0
0.790009137631238
0.0
0.0
0.0
0.0
0.0
0.0
0.0
0.9312843307294874
0.31839273344108887
0.0
0.0
0.6998188577127771
0.0
0.18476463943128718
0.0
0.0
0.5507910650980813
0.21245140271645246
0.0
0.0
0.0
0.0
0.0
0.0
0.0
0.0
0.3123467900839888
0.0
0.0
0.15000335443677537
0.0
0.5151688184076992
0.0
0.12127282399518025
0.0
0.31439041992466665
0.0
0.08753165216253822
0.0
0.05699186550913937
0.0
0.0
0.0
0.0
0.0
0.29677383728439555
0.0
0.0
0.0
0.0
0.0
0.0
0.0
0.2513988107148828
0.0
0.0
0.7009936980808353
0.6052927853418633
0.0
0.21523601513561197
0.0
0.0
0.0
0.0
0.710749446220422
0.0
0.404696961461233
0.0
0.0
0.2067746149725338
0.0
0.0
0.0
0.9929778196990341
0.0
0.7317276260362316
0.4976821907989497
0.0
0.0
0.0
0.3573907821088316
0.361805993267297
0.0
0.0
0.0
0.0
0.0
0.0
0.0
0.6485091990300589
0.0
0.0
0.0
0.0
0.031028108468613813
0.0
0.7906607565600163
0.0
0.0
0.0
0.7147215367814681
0.0
0.8910439625529332
0.9261663397998561
0.0
0.0
0.0
0.7813092434500242
0.0
0.0
0.03306967214337997
0.4191159688702166
0.939324322773958
0.0
0.49861370438613883
0.0
0.0
0.0
0.0
0.00806460488847105
0.45479808820801604
0.0
0.0
0.0
0.7473867965628251
0.0
0.0
0.6996890364117707
0.41008460358695964
0.0
0.0
0.8777303292808409
0.0
0.31361343725941837
0.0
0.034765008190353996
0.6701808033780396
0.23913709111094394
0.0
0.0
0.47789634474519094
0.03959811852697426
0.0
0.31086549572240885
0.0
0.032977204095535506
0.0
0.0
0.0
0.0
0.5965560943961488
0.0
0.7596391518417074
0.6286404475769432
0.0
0.6306762793118534
0.0
0.9977488055950445
0.0
0.5459642165828617
0.0
0.0
0.0
0.0
0.6154972009246074
0.0
0.0
0.032285069585667237
0.03220488344419381
0.08965983664637078
0.0
0.0
0.0
0.016026449523643516
0.0
0.0
0.013699345410748132
0.0
0.0
0.0
0.0
0.0
0.0
0.0
0.0
0.0
0.40876117318432237
0.5237438754814634
0.0
0.0
0.0
0.0
0.05337785453483379
0.0
0.0
0.0
0.0
0.0
0.05112250029836296
0.9447516656597058
0.0
0.0
0.0
0.0
0.0
0.0
0.019212717730268447
0.6596513134390576
0.07174938596895886
0.0
0.4548221559314902
0.4934264001059445
0.0
0.0
0.0
0.48153101209605786
0.777864615788577
0.21345783865962376
0.0
0.0
0.0
0.2146283911168524
0.20246183588276434
0.0
0.9846340018211547
0.0
0.0
0.0
0.0
0.8585691309364738
0.5422158284315548
0.0
0.0
0.25785512451591663
0.4099500086734911
0.0
0.703896177975363
0.0
0.0
0.0
0.0
0.0
0.0
0.0
0.9999993379564383
0.0
0.011754140886121811
0.0
0.0
0.0
0.8721293228962431
0.0
0.0
0.3206437041519795
0.5633442980004477
0.9804301566668611
0.0
0.4390138734639004
0.09114064277989364
0.0
0.688992721755789
0.0
0.0
0.0
0.0
0.3283273708175365
0.0
0.0
0.40718771269367915
0.0
0.0
0.0
0.0
0.0
0.0
0.0
0.0
0.06903500009245511
0.9989640202738587
0.0
0.23509352019163632
0.0
0.0
0.0
0.04162728834921259
0.0
0.18427664661209275
0.16002298904262424
0.649533742382757
0.06584487157367602
0.9439235834490906
0.0
0.0
0.0
0.0
0.0
0.0
0.0571684187367969
0.6396183709277068
0.0
0.1778996558793442
0.0
0.4031202808394301
0.25199208966246456
0.0
0.0
0.9861615936680826
0.32718269985209125
0.5182092950557814
0.0
0.6073853613784141
0.5508164462543602
0.0
0.3510580308996637
0.0
0.0
0.0
0.0
0.3006013180443312
0.0
0.8810898400902825
0.5273654514542354
0.0
0.0
0.0
0.0
0.0
0.0
0.0
0.0
0.0
0.0
0.0
0.0
0.0
0.520327175315723
0.2045811088477385
0.4252092110344621
0.7226442270095026
0.0
0.0
0.0
0.0
0.7878568390430873
0.5890765571145289
0.0
0.0
0.0
0.5911515237857126
0.06400850999638641
0.6692681851240617
0.0
0.6789348504596318
0.0
0.0
0.0
0.7913167297332192
0.0
0.0
0.9665864769647928
0.6316152539676403
0.5079602395007365
0.0
0.2565057554264125
0.524697856366249
0.007591871967750241
0.0
0.0
0.5672107798830728
0.0
0.35979152081582755
0.0
0.0
0.0
0.0
0.0
0.5197245993783075
0.0
0.0
0.33080780633777507
0.0806641765468028
0.0
0.0
0.7877820196728919
0.17724961366312741
0.0
0.0
0.1770322124158047
0.0
0.27751236454411976
0.0
0.04355606324427097
0.0
0.4021998453858038
0.0
0.0
0.0
0.0
0.0
0.940211113696951
0.0
0.0
0.6819383787501984
0.0
0.0
0.0
0.5747700215576524
0.0
0.11331356723411234
0.0
0.0
0.0
0.0
0.0
0.0
0.0
0.0
0.0
0.0
0.0
0.32805652713714994
0.0
0.18146030791595846
0.0
0.0
0.0
0.0
0.1551154265893785
0.0
0.8263106960878525
0.0
0.14434480961026297
0.7548520999598913
0.6810430615291581
0.0
0.0
0.0
0.0
0.0
0.0
0.0
0.0
0.0
0.0
0.0
0.0
0.0
0.0
0.8437837523123484
0.0
0.11583317173864893
0.0
0.0
0.0
0.0
0.0
0.0
0.024516947165256986
0.0
0.28751763188169543
0.654779705754262
0.7168581245332382
0.8443181538239001
0.9188851589238634
0.42845525783417293
0.0
0.8086859832942226
0.0
0.0
0.3404993206039666
0.1778207536390437
0.0
0.0
0.6913089600948353
0.6270734701832663
0.0
0.0
0.2859660955354636
0.13086622802926362
0.4947302135031387
0.0
0.0
0.0
0.0
0.9031973719393354
0.10503701078432193
0.22724103505131832
0.0
0.0
0.0
0.13431805844779166
0.0
0.35595445103272616
0.4602600651507305
0.05237225736898732
0.0
0.9468655713135457
0.5034624882288665
0.9599709402776573
0.3236050274915625
0.0
0.0
0.3156271454152
0.32204673908599624
0.0
0.5375366866869495
0.0
0.5304531096302143
0.864611247407326
0.0
0.9104909534802472
0.0
0.26364951172181506
0.05830652243774759
0.09241607324213941
0.047735620663675093
0.0
0.0
0.0
0.18250182211109056
0.5723381352247834
0.9997790721446852
0.0
0.6080988734263223
0.0
0.45577713338160175
0.41260725661013464
0.39562672411157207
0.7008421597208532
0.9838441693899324
0.8901824746485882
0.5731163099150804
0.0
0.0
0.9998620852312275
0.9191580415234959
0.7598610948206745
0.9135767820160507
0.0
0.5841997829400034
0.9472664750506833
0.8498506223549407
0.588426806495653
0.46570549107299186
0.863034391908864
0.5647279329495738
0.9988709977709004
0.9995702782808433
0.9984414092366409
0.0
0.9403299664573243
0.7333999788328933
0.8517193232331615
0.27940766492594604
0.6382336857079882
0.6214200011531492
0.6468358633400052
0.0
0.0
0.9954301403996907
0.7058366065113318
0.8202203107615471
0.9140280781722031
0.18458769599575098
0.7228394727231595
0.42706201290763857
0.8284688798254733
0.9704392019802782
0.8866258931476616
0.7004211115198727
0.850985061853036
0.6759163117648183
0.9886837600996671
0.9210848411154803
0.645506888796873
0.842407192057636
0.5353571483842833
0.3229123672477032
0.4775461211609926
0.9861110485487848
0.639488577737575
0.0
0.0
0.0
0.06372091218498732
0.3167870305972993
0.0
0.6683056152872842
0.9593029876479169
0.8016743822433043
0.9918762656164064
0.1692486524088077
0.4384465968774607
0.6984936805316107
0.0
0.0
0.9964815743068383
0.26446664593968006
0.6757607343748997
0.6803317840444476
0.0
0.680978237289642
0.0
0.06375832988249863
0.12293139406544029
0.798449950459484
0.5453982139159755
0.4027618326178608
0.8741105877501024
0.982890407213304
0.48171824862828183
0.0
0.7457587472416707
0.9330762350853825
0.39442383344099685
0.5893827714556641
0.8934307320704872
0.21549702095224077
0.06072325997616179
0.1764927978502665
0.9976306490796945
0.8006225983180186
0.4456777207223839
0.852869135357645
0.21362809758749668
0.45214792722815367
0.3677214216230398
0.9617389885289725
0.6267116600423155
0.0
0.0
0.0
0.0
0.0
0.0
0.0
0.0
0.0
0.0
0.04997868396206595
0.0
0.608486927344613
0.0
0.5068513403697141
0.0
0.0
0.47301667666945246
0.36424523902425565
0.0
0.36031609492815364
0.21407354776952892
0.2504246286591856
0.7862867303301949
0.5114821449151403
0.0
0.7231360440920491
0.6720086527110416
0.0
0.0
0.0
0.0
0.0
0.9825564229098429
0.0
0.0
0.0
0.7666933260040957
0.8141360996220757
0.0
0.19912069781223407
0.7511494890874229
0.30440994339976224
0.5340179487866161
0.6333141366235149
0.7350664160394922
0.8813164144585088
0.0
0.9087242487923305
0.946786130278992
0.7332531564818401
0.8010185655955863
0.9999935766062478
0.5549127066717441
0.7179475910835718
0.0
0.9984433753861351
0.9986905687484301
0.7805773944844172
0.7811799211224788
0.8817302568389084
0.989320393880292
0.7261008045266045
0.0
0.722057166865858
0.9720718571215834
0.6524924911610444
0.5639531365040094
0.9187928331087291
0.7743530244514394
0.484907318933288
0.6011497352879491
0.22082487754812352
0.8571781511726657
0.5068869163929102
0.0
0.1242214200506343
0.9986379609476996
0.3447834899405078
0.9079519057938998
0.616547008332352
0.5949110145536429
0.8804587655000913
0.9646747585505563
0.9838973478802983
0.0
0.9975133416030609
0.0
0.4067330502727575
0.9011804001748318
0.7888757841864045
0.9757947903992013
0.9200571186838282
0.93625878357
0.31359382735781294
0.9920344676099184
0.9248957772136138
0.9999999553302968
0.5531583543244951
0.6518058185581612
0.6889215549199306
0.0
0.9722739216056722
0.7816973499969957
0.9995935090728908
0.9162387531439539
0.7582896390407741
0.89698473050274
0.9998195687384647
0.9999775412683284
0.9999983138074264
0.9990215527228288
0.8557290490097256
0.9999933531597173
0.9999315351086654
0.9992913092227316
0.8829667010940275
0.0
0.17181615980181852
0.9629965157342744
0.9675873541334011
0.9098574840739446
0.9990205890728131
0.2100777570175616
0.9863918250136456
0.8699531432688067
0.9429603877819133
0.9993844554840433
0.9993405036636548
0.9999820027149873
0.958117221222652
0.8578413174051455
0.9988129819687152
0.219421273918747
0.9885110216734814
0.5054199761943263
0.8450570450678121
0.8835881346131585
0.15211758389225682
0.0
0.9942448771103108
0.8782062271071229
0.5972604510243722
0.6028608356918923
0.8890832074511505
0.3547808989211748
0.5193425525460915
0.0
0.3307528034459193
0.24402075765271591
0.8972334127816695
0.29036347903643067
0.9747086481028935
0.0
0.9646983917223595
0.0
0.0
0.0
0.0
0.8655868190468933
0.0
0.0
0.0
0.07262191614535574
0.0
0.0
0.0
0.0
0.5803950362168812
0.0
0.22260089847597042
0.0
0.0
0.0
0.0
0.0
0.0
0.0
0.0
0.0
0.0
0.07076427890035031
0.0
0.0
0.0
0.0
0.0
0.0
0.0
0.0
0.0
0.0
0.0
0.11367221510125725
0.0
0.0
0.2678104203174887
0.0
0.0
0.0
0.0
0.0
0.778165762109182
0.5103896458354602
0.0
0.0
0.0
0.843119104890845
0.1982575328404531
0.1264038795553134
0.0
0.37267949536909817
0.9297352372127188
0.0
0.3703495967845062
0.0
0.0
0.0
0.09828481905757369
0.0
0.0
0.2972486933745968
0.0
0.0
0.0
0.6418730152485821
0.07128872035896028
0.0
0.8392741101602114
0.0
0.0
0.0
0.0
0.6041156582601304
0.0
0.0
0.8687091455587931
0.6984525727294993
0.08286769943641648
0.0
0.0
0.11907072821621545
0.0
0.0
0.9708834746377514
0.0
0.0
0.4014580956258744
0.0
0.0
0.0
0.5274166546330852
0.05492514253783165
0.4703506557450462
0.0
0.5024832198985638
0.0
0.6985632147580338
0.0
0.0
0.6273614207563212
0.18666599433112474
0.7239098367688753
0.4564391679188553
0.0
0.0
0.0
0.028946314754374147
0.0
0.5846057633566792
0.0
0.8845786766651161
0.0
0.0
0.0
0.0
0.05298049465998489
0.0
0.5640697740849736
0.0
0.0
0.1908898555304248
0.0
0.0
0.0
0.0
0.23572525333378058
0.0
0.5426450637373302
0.0
0.11988664611825273
0.0
0.0
0.0
0.0
0.0
0.0
0.0
0.0
0.0
0.3284494311156825
0.14560276003811157
2.5072511652290963E-4
0.0
0.0
0.0
0.0
0.9630533956693024
0.0
0.0
0.0
0.4081839641252265
0.0
0.0
0.0
0.1994347534426748
0.0
0.0
0.09172832732022596
0.9998323687689106
0.26905881163740275
0.0
0.0
0.3323601542847625
0.0
0.0
0.12858218297577684
0.13189317995806638
0.0
0.26578073981230843
0.0
0.0
0.0
0.0
0.5507776816671399
0.004706127435486929
0.0
0.0
0.0
0.8703495918413067
0.4618143307949918
0.0
0.0
0.0
0.6011749544289313
0.0
0.231746394726697
0.47675130171386804
0.0
0.0
0.06209923722982991
0.0
0.0
0.0
0.40858563459922714
0.0
0.0
0.17088398566666396
0.8935908839601381
0.9483689774570353
0.0
0.0
0.15775665439673658
0.0
0.0
0.0
0.0
0.0
0.0
0.9348941248138468
0.0
0.0
0.5729162645700874
0.0
0.08870873004014845
0.7822966268157469
0.33091690525611517
0.0
0.541949883611307
0.7685961542187574
0.6192737773447933
0.7185514776906545
0.29948753140529494
0.0
0.0
0.0
0.0
0.0
0.603667819496039
0.0
0.7725029300368836
0.20956038978861646
0.0
0.20526051115640565
0.007104844270944599
0.0
0.5295762928397512
0.0
0.0
0.22912544997361717
0.0
0.0
0.920228942094502
0.0
0.0
0.4416754253494306
0.0
0.0
0.0
0.0
0.661958245169805
0.0
0.8802526249877582
0.0
0.0
0.0
0.5304970473621735
0.0
0.0
0.0
0.7833734566910159
0.0
0.0
0.4937111904364563
0.25359208669755895
0.9309847936123716
0.24273961091360508
0.0
0.06043473179689485
0.0
0.0
0.44553041644231794
0.898765422901031
0.0
0.0
0.0
0.0
0.5544703569707343
0.0
0.0
0.9480662150031404
0.3573990519409739
0.0
0.1607066032178326
0.0
0.5079441304800951
0.0
0.8255617890989972
0.0
0.0
0.0
0.0
0.0
0.7843940265437944
0.0
0.0
0.0
0.6824474270089365
0.0
0.19633489426765627
0.1046288818161113
0.0393796468487404
0.0
0.0
0.0
0.0
0.0
0.866666254667218
0.0
0.0
0.0
0.0
0.0
0.0
0.0
0.0
0.0
0.0
0.0
0.0
0.0
0.0
0.1510824839374717
0.8577558852210909
0.0
0.2469022203101643
0.0
0.0
0.0
0.0
0.0
0.48604827321090727
0.0
0.0
0.0
0.9625770741855135
0.0
0.48366173921168976
0.0
0.0
0.0
0.0
0.0
0.608412105320238
0.7688520248988743
0.4808951374333582
0.8921300834956726
0.0
0.0
0.0
0.0
0.0
0.0
0.0
0.3647908599759673
0.0
0.0
0.3714186388553451
0.0
0.0
0.0
0.37009645059854124
0.0
0.0
0.0
0.01912779219064853
0.10151885916936565
0.7660209711068027
0.1845307859143832
0.0
0.0
0.0
0.0
0.0
0.0
0.0
5.212160581656855E-4
0.5879343840151294
0.0
0.36353489042605935
0.34356700738842905
0.0
0.0
0.0
0.0
0.0
0.0
0.0
0.40789700216743674
0.0
0.8956556202556386
0.7007795250508799
0.42035879571379486
0.0
0.0
0.37717769055737005
0.0
0.7261774060544013
0.14970264875615258
0.0
0.3870657379558303
0.0
0.0
0.2669654611760466
0.0010259855978030918
0.0
0.2427054674123328
0.0
0.0
0.0
0.7558636109692278
0.15718565870986645
0.2060328651011749
0.12657283211321624
0.0
0.0
0.34229501012475416
0.0
0.0
0.0
0.3186176868840471
0.6393012109904133
0.30093206784897697
0.7128610060953913
0.0
0.0
0.06175432723530838
0.29602421311816984
0.0
0.0
0.2069202080839021
0.7044164053298617
0.0
0.09339069952536927
0.0
0.8644014272446368
0.0
0.048317969200292854
0.0
0.5037998516602511
0.6094399847874838
0.5095059220285305
0.0
0.0
0.0
0.04716593972729599
0.0
0.0
0.0
0.0
0.0
0.4734000161702985
0.0
0.0
0.7718320720092187
0.0
0.42411398373622766
0.0
0.0
0.0
0.0
0.0
0.1710676056192474
0.7026852543481323
0.0
0.0
0.0
0.0
0.0
0.0
0.0
0.0
0.45439170705509757
0.0
0.0
0.0
0.0
0.17058035742223399
0.8830046611220376
0.0
0.5991321811299921
0.0
0.109520208944065
0.0
0.0
0.0
0.0
0.0
0.0
0.0
0.4356325009059081
0.21954637461769821
0.0
0.4477137530229406
0.0
0.4814006838927589
0.05704208136881783
0.0
0.58495695111627
0.1880751197202416
0.0
0.0
0.0
0.1422065229046361
0.0
0.0
0.0
0.0
0.0
0.13398610380670317
0.8918680355555796
0.0
0.0
0.0
0.0
0.6647089154888264
0.0
0.0
0.06857200334464553
0.0
0.0
0.8089987572075107
0.0
0.0
0.0
0.0
0.07379086497494047
0.0
0.0
0.18167385951675197
0.0
0.8912735658210609
0.0
0.31774879318453
0.0
0.0
0.0
0.9128692217742757
0.0
0.0
0.0
0.6543611243174939
0.6655738513958986
0.7327229824245143
0.0
0.7534533077831362
0.0
0.0
0.0
0.0
0.5401612549304469
0.0
0.7796750513976598
0.0
0.8469719667629987
0.0
0.058291624569110856
0.6245138021965106
0.3623369727902723
0.08309530280244615
0.0
0.786256820299337
0.0
0.7157155952928751
0.0
0.4041430626128011
0.0
0.0
0.0
0.0
0.0
0.0
0.6684034227706377
0.0
0.0
0.11284244060165483
0.0
0.0
0.05702745593845604
0.33383473406027975
0.0
0.0
0.0
0.0
0.4510033440549748
0.6481964647833989
0.48164462216630677
0.0
0.0
0.0
0.0
0.0
0.0
0.019062808505571627
0.0
0.007212673887736054
0.0
0.0
0.6466069115866174
0.0
0.1012906800539739
0.03760582127086021
0.0
0.0
0.6270927346572142
0.36397296996934625
0.0
0.0
0.0
0.0
0.983822380435981
0.0
0.0
0.0
0.033226222178295406
0.0
0.0
0.0
0.5994959428108556
0.0
0.0
0.0
0.0
0.0
0.0
0.0
0.0
0.0
0.03576854891159098
0.0
0.0
0.0
0.9817278633203492
0.8254090884085832
0.36096359091663355
0.26607359353930515
0.0
0.0
0.6972877642329249
0.0
0.0
0.0
0.0
0.0
0.0
0.5998821717256653
0.35105795698938624
0.0
0.0
0.258408628436106
0.0
0.24266318799224995
0.0
0.0
0.9355801923210312
0.0
0.07631999197603478
0.0
0.19389143629268113
0.0
0.0
0.022859593099114672
0.060560406437043635
0.0
0.0
0.0
0.0
0.0
0.5285438898914985
0.0
0.14271823675558082
0.5403132552316912
0.0
0.0
0.4859145302534309
0.0
0.0
0.0
0.0
0.0
0.0
0.0
0.0
0.0
0.0
0.8070932646715216
0.0
0.0
0.0
0.0
0.0
0.0
0.0
0.8226740330841393
0.0
0.0
0.07413217663188221
0.0
0.0
0.0
0.9654248044515646
0.0
0.0
0.9161050294584958
0.6143041713641486
0.0
0.16666465823177867
0.0
0.23935430943181069
0.27184881052001575
0.0
0.0
0.0
0.0
0.0
0.660929931853846
0.0
0.0
0.734080736383387
0.0
0.0
0.43674190641507726
0.2243955406471717
0.2597033773790587
0.0
0.0
0.35030966043409384
0.0
0.0
0.0
0.0
0.0
0.0
0.6249098552891754
0.0
0.0
0.0
0.0
0.7330354026041898
0.0
0.0
0.0
0.8619984769734254
0.0
0.0
0.0
0.0
0.0
0.0
0.0
0.0
0.23868761375846193
0.0
0.21304561782056142
0.3247763874267069
0.0
0.0
0.0
0.0
0.0
0.0
0.0
0.0
0.0
0.036463662558094745
0.0
0.0
0.0
0.0
0.0
0.0
0.0
0.0
0.0
0.0
0.0
0.0
0.0
0.0
0.0
0.0
0.0
0.0
0.0
0.0
0.0
0.0
0.0
0.20081420141449036
0.3964041742404587
0.0
0.6642033413517981
0.0
0.41219237258368935
0.0
0.0
0.0
0.0
0.0
0.0
0.6040031600992577
0.0
0.0
0.08544166016411592
0.5235570410053645
0.0
0.4522370457287035
0.0
0.2514377138074093
0.0
0.4000367196442235
0.0
0.0
0.0
0.3082825904868409
0.2110668250204124
0.7676536701813828
0.2581656780276942
0.0
0.0
0.0
0.0
0.0
0.8719137681960194
0.0
0.354486312243099
0.6398895663805282
0.0
0.03746051455776922
0.0
0.2041180337350953
0.4733496179614928
0.0
0.12201403969413183
0.39925934775099003
0.0
0.0
0.0
0.12139632485132112
0.0
0.0
0.0
0.692225824789902
0.0
0.0
0.0
0.0
0.0
0.2534700192843127
0.0674043895627564
0.0
0.0
0.0
0.0
0.0
0.6552730512625156
0.0
0.0
0.014652665377333562
0.0
0.0
0.0
0.0
0.0
0.0
0.10729891650752776
0.0
0.0
0.0
0.29557443760861735
0.0
0.0
0.0
0.0
0.0
0.0
0.0
0.0
0.7404210668130082
0.0
0.0
0.0
0.0
0.0
0.0
0.0
0.0
0.0
0.0
0.4038927898438809
0.004631177735557435
0.8697960594052524
0.0
0.0
0.0
0.2951053600004173
0.0
0.0
0.0
0.13485757417773836
0.0
0.0
0.00747475128139774
0.0
0.0
0.0
0.0
0.0
0.0
0.3381150613995615
0.0
0.1011581479660234
0.36850134919311406
0.0
0.0
0.2814258012788535
0.0
0.0
0.08292104660784017
0.0
0.529023243842273
0.0
0.0
0.0
0.0
0.0
0.0
0.0
0.34526448611437477
0.0
0.37684048900280964
0.8515539906334874
0.2950285292991234
0.0
0.9996140192473969
0.7502028408878516
0.13275806129510204
0.0
0.0
0.3415414753875514
0.5205584586786174
0.0
0.7409848514698443
0.0
0.0
0.0
0.8069270510540644
0.0
0.0
0.0
0.41965159811478636
0.0
0.0
0.0
0.0
0.0
0.41920072759410254
0.8010952286854119
0.0
0.0
0.0
0.0
0.0
0.16263950120366033
0.0
0.7491113882945438
0.0
0.0
0.0
0.0
0.0
0.6144163866695629
0.0
0.0
0.0
0.4272140870836405
0.0
0.0
0.0
0.833663711498845
0.0
0.0
0.0
0.0
0.0
0.0
0.0
0.0
0.6738158907158349
0.0
0.7876512108517105
0.0
0.0
0.0
0.0
0.0
0.0
0.0
0.16671852080296312
0.6330847750632336
0.32086956231829333
0.0
0.0
0.0
0.0
0.0
0.045422458136943566
0.0
0.0
0.0
0.0
0.0
0.0
0.0
0.0
0.0
0.37063294505183664
0.8685216042292431
0.0
0.0
0.0
0.0
0.0
0.0
0.0
0.0
0.0
0.606046301985191
0.0
0.0
0.0
0.0
0.0
0.0
0.0034159249175949036
0.4432483751419084
0.0
0.6118536191071902
0.0
0.0
0.0
0.05953178260396341
0.0
0.0
0.0
0.8596005692961436
0.0
0.14957710524318668
0.0
0.0
0.0
0.0
0.2399834993230061
0.0
0.0
0.5576765544076585
0.0
0.0
0.04253124897442595
0.0
0.0
0.0
0.0
0.9997943984388225
0.0
0.598611487641346
0.0
0.0
0.0
0.21174822433839635
0.0
0.0
0.9171698772354198
0.0
0.0
0.0
0.0
0.0
0.0
0.0
0.0
0.0
0.0
0.6926681442971664
0.0
0.10171277969183068
0.0
0.0
0.0
0.0
0.0
0.387046897094834
0.0
0.6904759830709165
0.8969637009065728
0.8268151003081514
0.8401706315175117
0.09458908994813786
0.0
0.0
0.0
0.0
0.0
0.0
0.0
0.0
0.0
0.0
0.0
0.0
0.08789041708563405
0.0
0.2607769045302345
0.9998874222087853
0.0
0.0
0.29567468057577795
0.2471586809755486
0.024209213104239513
0.0
0.40023410581114716
0.36833407437276766
0.35011235954452036
0.18679764718805536
0.05838132264944307
0.0
0.0
0.15846441220154994
0.6101664098654127
0.526513118309631
0.12461519132386356
0.0
0.14295287710143512
0.0
0.6973485464902671
0.538448262751386
0.44777976581155343
0.0
0.9898231091843881
0.0
0.0
0.0
0.0
0.0
0.0
0.0
0.0
0.0
0.0
0.028654758146071657
0.0
0.0
0.0
0.0
0.15959808050929525
0.0
0.0
0.0
0.463950565077077
0.17799270653701937
0.8819144610157412
0.0
0.0
0.19682435384018826
0.0
0.5830298141034975
0.0
0.0
0.13422193638744795
0.29808005400961113
0.0
0.9777055958661326
0.0
0.4067683061396048
0.0
0.016807767212741687
0.5391225560295639
0.0
0.0
0.29499800356921213
0.5863859576408678
0.0
0.0
0.43952910951587865
0.0
0.0
0.0
0.0
0.8073278703601838
0.0
0.7799254299806406
0.0
0.0
0.0
0.1507324328995796
0.0
0.0
0.0
0.0
0.327617261589102
0.45759270737428126
0.0
0.0
0.0
0.0
0.8410137913650187
0.39540630687694645
0.5067027157715998
0.0
0.2944245593979231
0.2288431133296337
0.0
0.0
0.307145248378766
0.3989575703476027
0.643922979949999
0.0
0.0
0.0
0.99196224600129
0.6705897219414931
0.0
0.9967319604847107
0.0
0.5839732619221711
0.3756897059490567
0.03604079258400317
0.7736330126023969
0.0
0.0
0.9983708839900778
0.0
0.9344764516765413
0.0
0.9542049080805819
0.0
0.9402782209665945
0.0
0.8296339245028033
0.0
0.013637567354009672
0.0
0.0
0.0
0.1296208678972407
0.0
0.0
0.0
0.0
0.0
0.0
0.0
0.0
0.41187956783761814
0.0
0.0
0.0
0.013842119264790065
0.0
0.0
0.0
0.3132901607568215
0.0
0.0
0.0
0.0
0.0
0.0
0.0
0.0
0.0
0.0
0.7806042095520404
0.0
0.0
0.0
0.0
0.0
0.0
0.0
0.012537351545189757
0.0
0.0
0.8139832725056747
0.0
0.0
0.019166546721057887
0.0
0.0
0.0
0.0
0.0
0.0
0.48734212220694983
0.0
0.0
0.0
0.0
0.0624832121030412
0.0
0.0
0.0
0.6664273196645523
0.0
0.0
0.0
0.0
0.7752362452266659
0.0
0.0
0.0
0.0
0.0
0.0
0.0
0.0
0.30662556315016765
0.9013970839567881
0.0
0.0
0.0
0.0
0.0
0.08606848668659817
0.42003817172993485
0.0
0.0
0.0
0.0
0.0
0.027355571345854535
0.0
0.0
0.0
0.0
0.0
0.0
0.0
0.0646678268238694
0.0
0.0
0.0
0.0
0.0
0.0
0.0
0.0
0.0
0.0
0.4413052436545195
0.0
0.04526477203636803
0.0
0.0
0.0
0.0
0.0
0.0
0.0
0.20455264212862834
0.0
0.0
0.0
0.0
0.5445438446136233
0.4310758457255719
0.1148577592309632
0.3758694703153487
0.05810653864225235
0.0
0.032900704746231746
0.0
0.0
0.0
0.0
0.6585530085794409
0.0
0.0
0.0
0.2955726156221654
0.0
0.0
0.0
0.0
0.0
0.0
0.225506327734315
0.0
0.0
0.0
0.0
0.018698328835751066
0.0
0.0
0.0
0.0
0.0
0.0
0.0
0.7282038717507833
0.0
0.28681263344969976
0.0
0.982525039640286
0.0
0.0
0.0
0.0
0.0
0.0
0.0
0.01518532161843289
0.0
0.0
0.18645395394306963
0.0
0.0
0.0
0.0
0.0
0.22938205736334827
0.4531508905391497
0.0
0.0
0.0
0.4337692729115641
0.4293666744296578
0.9553222201931013
0.7563854511988559
0.0
0.1520372374243466
0.4472296175736723
0.7589176017184337
0.0
0.48762312553496434
0.3030676227267546
0.8248385848574049
0.8642861023933672
0.19825207859257277
0.14573818396786242
0.0
0.5802780167754893
0.026014068808901558
0.0
0.2602780878027121
0.0
0.28573910901175714
0.0
0.5691642286905161
0.0
0.3886961255564839
0.08757713583652071
0.1260927857077635
0.5645255182282143
0.7206288724900358
0.32533647869242444
0.0
0.0
0.9640591826606763
0.0
0.6544753599650707
0.0
0.0
0.3224819692879888
0.5274761611681469
0.0
0.0
0.994565734998981
0.0
0.0
0.0
0.31225146886058575
0.6058381807562141
0.48645927592256566
0.14744981144220703
0.05674360324875616
0.0
0.292856847432845
0.0
0.0
0.0
0.13131036386517925
0.0
0.0
0.44675180987357244
0.0
0.5551980375367386
0.820327860689045
0.523599624091474
0.7226897690931345
0.4520115453197593
0.3852255412517537
0.0
0.0
0.21852029807727336
0.0
0.3200685385323412
0.0
0.0
0.2812466520621102
0.0
0.0
0.6303984959571473
0.0
0.8540143573591242
0.0
0.007645177783749513
0.0
0.0
0.0
0.6678477157595069
0.0025464384519655603
0.4547366273591076
0.17885142350595584
0.10884225227141253
0.0
0.5626529138787267
0.5361758422272245
0.0
0.0
0.1436517791115548
0.7456082631575135
0.42390961267707916
0.0
0.0
0.25700611896247216
0.12228439461307083
0.0
0.0
0.5505180469352915
0.5644593613178648
0.46742564881491855
0.8267608564272606
0.30319363877852523
0.512013806032692
0.0
0.2270095510004696
0.17784683744049035
0.3207717475798455
0.0
0.0
0.019446393727407307
0.0
0.2635128239950717
0.058699022866104955
0.572194337072141
0.0
0.31520016973323495
0.0
0.0
0.6969798565012626
0.0
0.0
0.039008919261722674
0.6156542810590946
0.5228675788280532
0.0
0.45773898948495373
0.0
0.3866942244881185
0.3086669726998117
0.34273833941908727
0.832674093660188
0.606889182732085
0.0
0.0
0.0
0.0
0.9834552350091839
0.9757501636741647
0.29149588559911244
0.0
0.548650909169142
0.0
0.046516473682067794
0.7975266739272338
0.5586492041098838
0.0
0.6157515549026324
0.9799802624329825
0.38303323082154983
0.7566402542339494
0.2655334400731757
0.8777089570163854
0.0
0.0
0.5968948261695379
0.0
0.7407156601245328
0.0
0.39054510013648436
0.0
0.04212694493467051
0.0
0.0
0.0
0.5605135348430894
0.0
0.0
0.0
0.0
0.3021834449093944
0.0
0.0
0.12392397069312433
0.6316748955299131
0.0
0.2309811571589605
0.8875573101234794
0.1927727239639342
0.0
0.0
0.0
0.0
0.0
0.9685285044109124
0.03940076929222158
0.0
0.0
0.0
0.42544815233777866
0.0708954422396798
0.0
0.0
0.050610162552774396
0.0
0.44158696837091327
0.0
0.658309424065171
0.0
0.0
0.0
0.0
0.0
0.0
0.13392724899793484
0.13178963279654954
0.29149337846254497
0.0
0.0
0.0
0.0
0.0
0.0
0.0
0.0
0.01043510539769188
0.0
0.08575726696261299
0.3746809849428484
0.0
0.0
0.0
0.0
0.0
0.0
0.0
0.0
0.0
0.0
0.0
0.0
0.0
0.0
0.0
0.0
0.0
0.0
0.2787790423884867
0.0
0.0
0.0
0.0
0.0
0.35096415153532234
0.0
0.0
0.0
0.0
0.9355228375176989
0.7392799298924886
0.6675248889527304
0.0
0.5308690359473455
0.0
0.8639176748613642
0.41488959392158753
0.0
0.0
0.09319856103303326
0.6529949457358284
0.9440533985610298
0.0
0.5218322168634408
0.16801543576363087
0.0
0.0
0.0
0.0
0.0
0.0
0.0
0.0
0.6828498324580022
0.0
0.0
0.0
0.7880396881718744
0.5540724574629909
0.0
0.0
0.0
0.7929338163941326
0.0
0.0
0.7573235893003929
0.0
0.0
0.0
0.6147551523738456
0.1755715259298749
0.0
0.0
0.0
0.5071459625633101
0.3406923457023969
0.0
0.0
0.458465715985921
0.0
0.0
0.0
0.0
0.0
0.0
0.0
0.0
0.0
0.0
0.0
0.882857763053352
0.0
0.0
0.0
0.0
0.0
0.0
0.0
0.0
0.3721296423193605
0.0
0.0
0.0
0.0
0.6144596193657026
0.0
0.0
0.0
0.0
0.0
0.0
0.0
0.0
0.0
0.08336182073932508
0.0
0.0
0.0
0.13641387446780096
0.0
0.0
0.0
0.0
0.0
0.0
0.0
0.8052654969632624
0.0
0.0
0.0
0.392829666633441
0.11710968497307672
9.604186825695749E-5
0.0
0.0
0.0
0.0
0.09532346657914714
0.0
0.0
0.0
0.0
0.3874143666959593
0.0
0.30853283025074196
0.0
0.6138343056025855
0.0
0.0
0.0
0.0
0.0
0.0
0.0
0.14234614361454456
0.0
0.0
0.0
0.0
0.0
0.0
0.0
0.0
0.0
0.0
0.0
0.0
0.0
0.0
0.0
0.0
0.0
0.0
0.0
0.0
0.0
0.49119180899917547
0.0
0.0
0.40537958588463396
0.0
0.32976636204040977
0.0
0.0
0.0
0.0
0.0
0.0
0.3981976381413137
0.0
0.0
0.0
0.0
0.0
0.0
0.33372284353146386
0.0
0.0
0.0
0.0
0.0
0.0
0.0
0.0
0.0
0.0
0.0
0.0
0.14308052593609866
0.0
0.049747438596793536
0.2844458339756747
0.0
0.4075369303812957
0.0
0.07530813635391143
0.0
0.9999938057740323
0.0
0.0
0.9999999989772186
0.0
0.1195574319296715
0.0
0.313138836258394
0.0
0.0
0.0
0.22201535571281594
0.0
0.0
0.0
0.0
0.0
0.0
0.0
0.0
0.0
0.0
0.0
0.16696244570357188
0.21934242796216408
0.009752243544888795
0.4703509017657941
0.0
0.0
0.21298021912712795
0.0
0.10526331479656004
0.0
0.0
0.5816813816647638
0.0
0.0
0.7044760668378686
0.0
0.0
0.22919698755875717
0.0
0.4804827871886508
0.0
0.0
0.0
0.0
0.0
0.0
0.0
0.0
0.4656635076322875
0.8093118562839898
0.0
0.0
0.0
0.0
0.0
0.0
0.0
0.6178324567075388
0.8569926946209186
0.3679614025305472
0.0
0.0
0.0
0.0
0.0
0.0
0.0
0.15764352096991052
0.6208305389857119
0.1760840605989551
0.0
0.0
0.0
0.012595252014045988
0.0
0.3568398255738148
0.0
0.0977146597837637
0.3286634796064487
0.0
0.0
0.0
0.0
0.0
0.08068405004717749
0.46105874984327033
0.6443684483667828
0.7633118797281624
0.0
0.0
0.3677825930479618
0.0
0.0
0.0
0.0
0.0
0.32744008554183535
0.0
0.05148849326604965
0.8273413397845626
0.025667698510751236
0.0
0.0
0.0
0.0
0.0
0.45145101870866755
0.0
0.2079918469777452
0.0
0.8941785083169815
0.0
0.0
0.07152816281768437
0.6599227507181001
0.278655890396473
0.9966321627077165
0.0
0.0
0.1876575482985069
0.0
0.6969211433838497
0.0
0.09791641384386995
0.0
0.0
0.5381846862326056
0.0
0.0
0.0
0.0
0.0
0.45018162008406826
0.792420032950938
0.0
0.0
0.0
0.5257813652846579
0.3193338289657761
0.0
0.9018831561801838
0.16813530435619606
0.9950153246038516
0.0
0.8615175016443981
0.0
0.0
0.37702591461035495
0.9928905470874527
0.7563390122500928
0.35295384179881306
0.5886464749899347
0.05731742763474712
0.0
0.0
0.7752177165251636
0.05888908182967578
0.0
0.8936344757546375
0.10817479226924076
0.0
0.0
0.0
0.0
0.28096960722548847
0.0
0.2642795002956416
0.0
0.0
0.0
0.0
0.0
0.0
0.0
0.0
0.04072558834029949
0.0
0.0
0.5587609523412882
0.12159497284945642
0.1819078246621686
0.0
0.0
0.0
0.0
0.0
0.4295702164630386
0.3881717717690558
0.337062552208491
0.0
0.7469892770790336
0.30041852569049166
0.0
0.0
0.0
0.0
0.9046494429240219
0.0
0.0
0.0
0.0
0.1387162543926449
0.2685966398409765
0.15027884002989378
0.09586068380695212
0.7086949979775903
0.0
0.0
0.8714312336933089
0.0
0.5819340093441561
0.0
0.0
0.0
0.0
0.0
0.0
0.0
0.0
0.0
0.0
0.0
0.07365628624395237
0.0
0.0
0.0
0.0
0.0
0.0
0.02515536675191621
0.0
0.4025182346309173
0.0
0.22821016014595652
0.03161760876232833
0.0
0.0
0.2694375168048344
0.0
0.3860189734525954
0.3063999719362307
0.9062608704571304
0.0
0.0
0.0
0.0
0.0
0.9431601981846197
0.5504083225073789
0.0
0.44748331315973455
0.0
0.0
0.0
0.0
0.0
0.0
0.0
0.0
0.0
0.0
0.24415001214905963
0.0
0.0
0.0
0.0
0.0
0.0
0.5449567887074653
0.2734461357527984
0.37876064255644426
0.0
0.0
0.0
0.6790001949044263
0.0
0.0
0.0
0.0
0.0
0.0
0.0
0.0
0.40672984488666863
0.0
0.0
0.7778311254306942
0.0
0.0
0.0
0.0
0.0
0.0
0.4161017525042733
0.0
0.0
0.005853016955376211
0.8661007167509565
0.0
0.0
0.0
0.0
0.0
0.0
0.39676778623399356
0.0
0.0
0.0
0.0
0.0
0.5267887731456178
0.0
0.0
0.0
0.0
0.0
0.0
0.0
0.0
0.8414637233832437
0.0
0.0
0.0
0.0
0.0
0.47502553792223745
0.8659886742575504
0.0
0.5020337751234201
0.41861714756482127
0.005084860216554632
0.0
0.5977809353579903
0.0
0.0
0.3752304019537642
0.0
0.0
0.0
0.0
0.5073321364703776
0.0
0.666545565812662
0.009238671352064687
0.0
0.0
0.9273319696758165
0.1966768843982114
0.0
0.0
0.32789730651449744
0.39075170308877527
0.0
0.0
0.9712077996534895
0.0
0.0
0.14272054585386762
0.0
0.0
0.0
0.0
0.0
0.0
0.0
0.0
0.0
0.588997793212117
0.0
0.0
0.0
0.0
0.0
0.0
0.0
0.0
0.0
0.0
0.0
0.0
0.0
0.0
0.365241227829437
0.0
0.30108967215177684
0.0
0.0
0.012537305056285475
0.0
0.3219332088542708
0.08568465053915941
0.7260552482002434
0.0
0.04181626849187681
0.0
0.0
0.0
0.22406520486514725
0.0
0.0
0.0
0.1047056102241094
0.11437224961061787
0.0
0.0
0.0
0.01664019191298516
0.922936040823946
0.0
0.0
0.9284610478846542
0.0
0.5457245647630797
0.0
0.0
0.0
0.0
0.0
0.0
0.0
0.0
0.0
0.0
0.0
0.5135380762358611
0.01803087071218268
0.0
0.0
0.0
0.0
0.0
0.0
0.42895195205761016
0.3249176631260864
0.0
0.0
0.0
0.12297540365167647
0.0
0.0
0.0
0.0
0.0
0.0
0.0
0.0
0.0
0.0
0.0
0.0
0.0
0.0
0.29813672996886065
0.0
0.0
0.0
0.0
0.0373073999936665
0.0
0.0
0.0
0.0
0.0
0.1840015893557626
0.1105661508985486
0.0
0.0
0.5601078118595599
0.26122117601985617
0.70582210169408
0.7066821991418302
0.0
0.6257895302976033
0.047773178248741055
0.4641615721652588
0.19187786754314984
0.0
0.0
0.44072858737555076
0.2240474220414117
0.789760332085987
0.0048911980460395466
0.7718362631664291
0.7983179479134991
0.10475215031986829
0.2610554859798935
0.8050570757064679
0.39216815522858917
0.0
0.0
0.6064140455037497
0.993163707461133
0.6488885170675778
0.7717824107255957
0.2730239542033326
0.5181165738743848
0.597860671571247
0.9498231186779014
0.0
0.0
0.27603412543530803
0.5230071909912289
0.8038540268313739
0.0
0.9248548789606313
0.0
0.5765473542884383
0.6653255822684506
0.0
0.703283533603726
0.0
0.9604063709455153
0.6008076648196106
0.7670401491809066
0.5053255607583087
0.0
0.998894479006025
0.2752490469167237
0.0
0.0
0.056861104234303905
0.3032714706309987
0.4858580976645983
0.6692134807596033
0.0
0.0
0.0
0.0
0.7831839178982947
0.0
0.0
0.0
0.0
0.0
0.0
0.0
0.0
0.0
0.5858963887541608
0.23741243084649122
0.0
0.0
0.7993831909669535
0.5524328513962906
0.0
0.7440863985317014
0.0
0.0
0.0
0.0
0.0
0.0
0.0
0.0
0.0
0.0
0.0
0.0
0.0
0.0
0.0
0.0
0.0
0.0
0.0
0.0
0.0
0.0
0.0
0.0
0.11055195411323449
0.0
0.0
0.0
0.0
0.0
0.0
0.0
0.0
0.0
0.0
0.0
0.0
0.0
0.3378954012512022
0.0
0.0
0.28183964506887826
0.0
0.0
0.22281800169784505
0.8609730086635108
0.0
0.0
0.0
0.0
0.0
0.0
0.20567774952924123
0.0
0.0
0.0
0.8631768724473072
0.0
0.0
0.0
0.0
0.020739851267364773
1.3384709753805346E-4
0.0
0.0
0.0
0.0
0.0
0.0
0.0
0.0
0.6774264819111088
0.2738472438194506
0.0
0.0
0.13700518133335338
0.5752925462484397
0.0
0.10916706095123285
0.0
0.0
0.0
0.0
0.0
0.0
0.0
0.0
0.0
0.0
0.2251173463977284
0.0
0.40980335634838183
0.0
0.0
0.0
0.0
0.0
0.0
0.0
0.0
0.028586848147590493
0.0
0.0
0.0
0.0
0.0
0.4221038711667575
0.569374419231061
0.25921797482700826
0.04503088584458381
0.0
0.0
0.6035934391106725
0.0
0.4699451377688042
0.0
0.7727202762202299
0.0
0.5809494202094191
0.5608968561834513
0.0
0.0
0.7569664306015953
0.0
0.2943548655856436
0.20749386520043966
0.6258126844306313
0.0
0.23168278672072817
0.0
0.5164008262268824
0.0
0.0
0.0
0.4339065440753388
0.0
0.0
0.16957028912198224
0.0
0.0
0.375112354473667
0.0
0.30323826133438736
0.0
0.18731357470535992
0.0
0.0
0.0
0.0
0.0
0.0
0.0
0.0
0.0
0.0
0.4336879111049079
0.7553615049357871
0.7172717951906207
0.8846052580301195
0.966051668801749
0.8950757329953685
0.9781675415398507
0.8775258792418221
0.9911589739755112
0.8654868837428227
0.0
0.0
0.6955691465734046
0.1566209196680256
0.21811421432827527
0.03195372185654466
0.0
0.0
0.0
0.0
0.21088267556518547
0.08952618080078167
0.0
0.049126510896475906
0.0
0.0
0.0
0.0
0.0
0.6465210306386833
0.5449859313296709
0.0
0.0082625093112344
0.0
0.5443290901075366
0.2798623037504926
0.7287460069930906
0.6395339677928349
0.6896733332641896
0.7671431747459637
0.10024579250860532
0.14643407815978282
0.6105360005374896
0.7200322014661686
0.2686737762185616
0.6029112962509675
0.0
0.8631877925862119
0.0
0.0
0.0
0.03525892378087914
0.40235779239456915
0.0
0.0
0.29740473205453255
0.0
0.0
0.0
0.1389165666293981
0.0
0.0
0.0
0.0
0.0
0.7917275202989492
0.28291285939055466
0.0
0.04392094184871398
0.0
0.0
0.08127745525170493
0.0
0.07150265331358174
0.0
0.0
0.0
0.0
0.0
0.0
0.0
0.0
0.0
0.0
0.0
0.0
0.0
0.0
0.0
0.0
0.0
0.0
0.0
0.0
0.0
0.0
0.0
0.0
0.6127155653015328
0.0
0.0
0.0
0.0
0.0
0.0
0.0
0.0
0.46180542928014556
0.0
0.5443824186811455
0.0
0.17148786756282952
0.0
0.1903114022614506
0.0
0.0
0.0
0.6529849154571827
0.0
0.0
0.034108433228783874
0.37551062943233016
0.0
0.5598309283322354
0.36691533363754747
0.0
0.29578010552953715
0.0903533119109956
0.0
0.0921878321708236
0.0
0.4342776877617478
0.0
0.0
0.8643279567839154
0.6481267408449287
0.0
0.0
0.4135506479731712
0.23093040091394224
0.36898798440222524
0.0
0.0
0.21287994866364635
0.0
0.0
0.3822616873649295
0.35981722055427245
0.0
0.41685800132712725
0.62291027605401
0.9597238397282505
0.8533734965584565
0.7678529279340727
0.9974121776660505
0.42079637328118147
0.9971096892587695
0.0
0.0
0.18443068425636233
0.0
0.0
0.1825877442418571
0.671453360426513
0.9828553037980088
0.0
0.6953766936164641
0.982166566473278
0.0
0.0
0.0
0.0
0.0
0.0930323151448238
0.0
0.0
0.0
0.0
0.0
0.0
0.0
0.0
0.0
0.0
0.29025636565820423
0.0
0.3613798088158986
0.0
0.0
0.0
0.0
0.30740907639349224
0.0
0.108870627079802
0.0
0.9973542030082733
0.9126695596770654
0.9858169898065797
0.9259061683071718
0.9997207857317723
0.9991307479296765
0.9996177399464049
0.8731918266399921
0.9996852510434868
0.0
0.4255879148266797
0.0
0.0
0.0
0.0
0.0
0.0
0.0
0.0
0.20248488190263159
0.9999149336244518
0.9998958881749016
0.5913218532363363
0.1648401215411388
0.0
0.0
0.0
0.23965458759965008
0.0
0.40504634680946583
0.0
0.0
0.23238853918352376
0.0
0.0
0.5499328543660209
0.0
0.0
0.0
0.22662369997487408
0.0
0.0
0.0
0.6205213864484584
0.0
0.0
0.0
0.0
0.0
0.0
0.0
0.0
0.0
0.0
0.0
0.1937332994483698
0.0
0.0
0.0
0.0
0.0
0.0
0.0
0.0
0.0
0.0
0.052121090869838516
6.003375633550911E-4
0.0
0.20081937862984023
0.0
0.0
0.0
0.9388329283724471
0.41250870548656793
0.31258678076446056
0.0
0.33251388996768716
0.0
0.0
0.0
0.40071478973137475
0.0
0.0
0.0
0.0
0.0
0.0
0.0
0.4196575694258855
0.0
0.0
0.0
0.0
0.0
0.0
0.0
0.9999462221898978
0.752876032333383
0.8443974761841326
0.5839239102818468
0.9481762708401635
0.6799145499910333
0.9931753735927125
0.9872491614747979
0.9999984984922796
0.6099209677261599
0.08759485286862767
0.670649338708617
0.8519632213668729
0.906930422643844
0.9897220461263305
0.9996925293150695
0.0
0.9997305072611588
0.0
0.33277320362085505
0.9836868407958264
0.12393257717994177
0.9976237099174335
0.8398676550105004
0.0
0.953616053038786
0.970937155208937
0.9844559238424411
0.6068868677679171
0.46806054558133114
0.9676448644583348
0.9885218903683214
0.14891877666426845
0.09745442365081924
0.6362005388818975
0.360375610599009
0.8548726963218188
0.0
0.9895421051708535
0.16135691379053763
0.2819325413826246
0.9274219725072215
0.833532017984604
0.07713586528692118
0.23233065192932345
0.0
0.28200050257406384
0.0
0.07250748430409104
0.4364854189505797
0.0
0.0
0.0
0.45312054794625833
0.790221602298889
0.4248687484139321
0.0
0.0
0.0
0.4561865973894291
0.0
0.8366974781543536
0.0
0.0
0.7569729044539583
0.0
0.0
0.33010253358830843
0.0
0.0
0.0
0.6470982846119521
0.4430907710408545
0.0
0.24161981161510782
0.5281750929204456
0.8311765309418756
0.2798463184647848
0.6508448465391032
0.40856587060003724
0.8706068421571194
0.44279519118171917
0.9894529929360775
0.9695221650776209
0.9641410427881354
0.95028000049288
0.5886202538907543
0.990591651990376
0.7854460124762037
0.9809517542061696
0.0
0.9991609752821652
0.958268058037482
0.9406392038237477
0.5913105288760097
0.9673313885570622
0.969507326588334
0.9288738736019586
0.999965020110721
0.9782195786704557
0.998659097397155
0.999972199124975
0.936655002920644
0.8316144542150357
0.8250077936234459
0.0
0.9749201756147089
0.9920089543470062
0.9214926816665916
0.18671047396928642
0.4141643200458923
0.3156969103441116
0.9993503855071516
0.9487021573226309
0.9999818743056856
0.9234788608053254
0.9999821663938944
0.9996563444759428
0.3976504947804915
0.9584656411112591
0.9999019132561616
0.9964136705159733
0.0
0.0
0.9999594842033477
0.9909105053898609
0.9999999995572428
0.9999990307997927
0.0
0.9989250371563618
0.999942673449813
0.9936248947058551
0.6543064585896574
0.35605748496430656
0.6597595351474891
0.9851645653546977
0.989220581121754
0.0
0.7763542642310788
0.5157130046634764
0.6852616510291256
0.7671757513724982
0.5626009991303638
0.0
0.32775455326634195
0.6723348089378964
0.0
0.65917379985135
0.4056251323404876
0.0
0.5944021992886928
0.009891648683394427
0.0
0.913378359009957
0.6787398594625831
0.5642060710489658
0.5743681131511837
0.0
0.03358805454307401
0.8765520410514259
0.9995013911692906
0.7400639893380654
0.985592261846193
0.7606987061868327
0.9999856000362407
0.9997305663753521
0.5402269983484256
0.5054971240493831
0.49639895690591695
0.33635371281092585
0.0
0.8769171585376941
0.44096656262142697
0.0
0.7583566636145884
0.0
0.0
0.30862829886122234
0.034414613773283254
0.23166122207302497
0.0
0.5091956398445581
0.31021763376861977
0.9561471673624261
0.5098417310432151
0.9821338903692826
0.9896394811493225
0.9484705163292869
0.988845250742872
0.9990619703932246
0.9767053917856262
0.9346819517402326
0.9617459089952822
0.991786791673116
0.9620905534696885
0.948809235057001
0.9692717138031467
0.9904994101379424
0.9993478154109248
0.9943620561770413
0.9616786583553344
0.36821196786769117
0.7824940960260266
0.9431684727713082
0.19186757582963543
0.9289282415960443
0.8685116791834656
0.9800747754672818
0.9752478071393741
0.6531898073957001
0.998701771600638
0.9046329260597374
0.9878063426970914
0.936763617323216
0.9717774883820042
0.5313902977153642
0.9938496629404353
0.9763625885484708
0.9750632631864377
0.9857499069981757
0.0
0.0
0.9826258899160838
0.0
0.9999655591077286
0.9869869758650738
0.9983950534627494
0.0
0.9737923157102574
0.9995574191900626
0.9999501353226204
0.9999546978090458
0.9998730881823822
0.9999999997774487
0.9999447154820535
0.0
0.0
0.0
0.0
0.0
0.5299749129251394
0.0
0.512603918884875
0.0
0.0
0.0
0.04961206777652982
0.40368340316626306
0.0
0.0
0.0
0.0
0.5794199328595817
0.23549241705021529
0.2062568866587381
0.0
0.1872526385364558
0.0
0.0
0.0
0.0
0.0
0.40545980480619914
0.0
0.013589648978471258
0.0
0.0
0.19327191631033025
0.0
0.24144370314527763
0.12789964416625832
0.0
0.09410089408880662
0.0
0.0
0.0
0.5474660087032668
0.36757248605344217
0.0
0.0
0.0
0.0
0.0
0.9725353880411953
0.0
0.0
0.43827279487523585
0.5447666297983851
0.0
0.0
0.0
0.0
0.0
0.17384545131087337
0.6407325323454885
0.0
0.0
0.3015907808260283
0.0
0.0
0.0
0.0
0.6045848885873306
0.41934690039262423
0.0
0.0
0.0
0.0
0.7824004631916521
0.0
0.0
0.0
0.21200957099118833
0.0
0.004730004850500458
0.0
0.0
0.0
0.3431903643605376
0.608912370468521
0.0
0.0
0.0
0.0
0.0
0.0
0.0
0.0
0.0
0.0
0.0
0.0
0.0
0.0
0.0
0.33865615839461727
0.037035733278425575
0.22435719279787558
0.7894874337049433
0.0
0.7637821259970612
0.17826401908748113
0.0
0.442220929011627
0.0845441621246994
0.362504303635653
0.0
0.0
0.0
0.0
0.8859945180335688
0.010603094447437678
0.07429681624879558
0.1438016677926135
0.8005106274156457
0.9832894293213214
0.9240647921597498
0.8357593790191431
0.0
0.8463614697995094
0.0
0.7166078557708759
0.0
0.2662485780323498
0.5449919440120441
0.0
0.0
0.0
0.0
0.14592764966026284
0.9634606691832504
0.9731207761198821
0.9215538296720723
0.9345675930218162
0.9960193776323162
0.0
0.0
0.0
0.9769562648070745
0.0
0.9988227827163534
0.3062012724896972
0.0
0.0
0.0
0.0
0.0
0.0
0.0
0.0
0.0
0.22679900993262814
0.0
0.5352827719629294
0.23591697938804457
0.0
0.11234149105706759
0.11112651767393045
0.01571482077949571
0.33454728505809805
0.0
0.0
0.0
0.0
0.0
0.0
0.0
0.2906934297668391
0.7809272129893583
0.0
0.0
0.10303798667026964
0.0
0.026602487349339676
0.0
0.0
0.0
0.644578284114463
0.11011089954025288
0.0
0.0
0.9685375868720618
0.0
0.0
0.07887339914672176
0.0
0.0
0.0
0.0
0.0
0.0
0.0
0.023517298160716127
0.03472001827344484
0.0
0.0
0.01530894984789788
0.04361649838739867
0.0
0.45703921934506186
0.0
0.0
0.06420979029734264
0.0
0.0
0.6668879045179357
0.0943034038198386
0.18061004183186768
0.6401903741155581
0.0
0.47803249991130947
0.0
0.0
0.0
0.0
0.729003209194681
0.0
0.36638080812820495
0.0
0.0
0.0
0.0
0.07256418301180811
0.0
0.0
0.0
0.0
0.12232179603522297
0.44517379722391903
0.0
0.27290733241956455
0.29576709347911634
0.0
0.0
0.0
0.0
0.5425533096363435
0.0
0.0
0.0
0.0
0.0
0.0
0.0
0.9948941577271996
0.04634516516285048
0.19351573106840037
0.1564120626398391
0.0
0.15759776601924047
0.11259890877575396
0.7166471486871056
0.0
0.02885892127132972
0.0
0.0
0.07973998458727194
0.15620531344756006
0.0
0.0
0.0
0.0
0.0
0.0
0.3919438837390272
0.0
0.0
0.0
0.1685225142539324
0.2671063541122447
0.4895113999842067
0.0
0.0763099101471788
0.0
0.0
0.0
0.0
0.5853672424885747
0.4669541003538038
0.13740828501914204
0.0
0.13170771206123455
0.3080575694544916
0.0
0.10004071898796973
0.6082813719752853
0.0
0.0
0.0
0.0
0.1621576877834774
0.0
0.0
0.0
0.0
0.0
0.0
0.0
0.0
0.0
0.0
0.0
0.0
0.27324545762650043
0.0
0.41761304261904786
0.7739463204706784
0.0
0.0
0.2953607698950538
0.21049302822438687
0.0
0.04084409647457865
0.0
0.0
0.4308054164126107
0.07490843464086161
0.0
0.2211426995549155
0.0
0.0
0.0
0.04471267548702984
0.2688421755350625
0.6737236559711826
0.3865669080721621
0.2638665223625116
0.40906403097239585
0.0
0.0
0.7657379947271467
0.0
0.10184828405914759
0.0
0.0
0.0
0.0
0.530220123341046
0.0
0.3228632335107031
0.0
0.2216725383515925
0.0
0.0
0.0
0.0
0.10508213037718961
0.0
0.0
0.5993390520351228
0.4817722899807484
0.0
0.12400922993634134
0.0
0.0
0.0
0.43912751793850346
0.03512762649574708
0.20099719669671556
0.508678259907626
0.5575157590992172
0.0
0.12220622891402777
0.0
0.2133751153953325
0.0
0.024891181042552946
0.0
0.0817760184818701
0.0
0.7631409547601831
0.0
0.47914808864953706
0.0
0.05388220600188143
0.5802115767184514
0.19958196623507818
0.47477008610602756
0.35660912402092615
0.0
0.0
0.0
0.0
0.0
0.0
0.07347936927732635
0.0
0.0
0.5082134453475201
0.22088921302811426
0.0
0.015677875526592056
0.054615376145021544
0.0
0.5344083677408537
0.0
0.34689324274056343
0.05068557661838069
0.0
0.0
0.0
0.9995124900296753
0.0
0.052783850549594336
0.0
0.1538694488087604
0.0
0.4245682730201441
0.07250532517556851
0.19270801483650923
0.0
0.26432925696572107
0.0
0.0
0.4238942433067039
0.0
0.0
0.0
0.0
0.0
0.5679128887868232
0.3632983305551777
0.0
0.0
0.13180731286419278
0.0
0.5612892131183329
0.6244233428438392
0.0
0.7669305427352204
0.0
0.0
0.49353692433959273
0.014616756726458902
0.0
0.0
0.611908526195083
0.4476810027763495
0.0
0.16403758010203362
0.0
0.8096393859784663
0.20863990695942358
0.22946590651980692
0.0
0.0
0.0
0.0
0.0
0.0
0.0
0.09948907584169453
0.0
0.0
0.44543234167188084
0.0
0.0
0.0
0.006483425974295187
0.09715749032552756
0.0
0.06621098257700131
0.0
0.0
0.09232288596491878
0.29002795308909735
0.0
0.542754230260357
0.24807691582198899
0.044626527314693964
0.0
0.009553692759422416
0.27127941573760883
0.6165322618852542
0.8737666055103737
0.0
0.0
0.0
0.6045388856629281
0.0
0.028023799380364367
0.0
0.014631957569324117
0.0
0.0
0.0
0.0
0.04409870521357517
0.0
0.0
0.0
0.0
0.0
0.0
0.0
0.14905348688760145
0.09492753602540438
0.0
0.7275315916113716
0.026645755591561127
0.0
0.0
0.07823356774507173
0.0
0.8196980029283041
0.0
0.8702620482353809
0.0
0.0
0.0
0.0
0.1573978316820599
0.777888626338823
0.376811863090879
0.8120100654280116
0.3741237560669436
0.2878672203266788
0.0
0.080682592422757
0.0
0.21975175170030026
0.0
0.0
0.2110026384616902
0.40611867910836885
0.0
0.04165001691164916
0.0
0.7145623550488287
0.0
0.0
0.3712171060354632
0.0
0.9707319757412095
0.0
0.0
0.0
0.465298677412856
0.0
0.24212075990495097
0.0
0.8640940106630727
0.6402772530764731
0.0
0.0
0.8928711451905681
0.0
0.0
0.6341028160101603
0.0
0.4767492081855409
0.0
0.0
0.0
0.0
0.0
0.040796144732357265
0.0
0.7628842139829879
0.12956763475281974
0.0
0.42119441100304755
0.4260027969356355
0.0
0.28818047047298334
0.9882909816471956
0.0
0.0
0.16198698961742142
0.0
0.0
0.0
0.0
0.0
0.6364992273561254
0.3992962388956287
0.7281930511012131
0.0
0.0
0.0
0.9766084286584323
0.7545959717356305
0.07971711098128598
0.27770990124751027
0.0
0.31870117517820196
0.8903190568351838
0.0
0.7681532605979285
0.0
0.0
0.14539624946662033
0.0
0.8446181478881523
0.5718033654091488
0.9953956846242171
0.3837725476019065
0.1805113573551702
0.4388217277046771
0.0
0.0
0.0
0.14395012446432054
0.3644402629595138
0.4485576962063512
0.8855880768994937
0.0
0.0
0.6248848392414774
0.0
0.48376949386465506
0.023546307720023973
0.1692374067047937
0.0
1.0
0.12991411593198843
0.518076037366809
0.9475007879950059
0.5222747571724418
0.0
0.0
0.0
0.03312544310978849
0.6557097660533514
0.0
0.0
0.5442237300282162
0.3482721234215208
0.0
0.26780192299801886
0.0
0.29622734667392414
0.1872673001130063
0.6878859563851696
0.0
