169
34
5
2
110
124
194
77
162
12
83
133
61
51
130
140
60
103
44
37
88
86
168
106
102
119
78
155
24
98
7
179
146
71
17
164
186
69
154
171
151
101
137
185
184
131
174
11
92
84
113
126
143
158
136
59
15
27
4
39
50
138
117
139
14
95
42
87
20
153
46
157
107
170
94
70
30
122
188
57
18
72
75
73
109
182
22
64
183
85
1
38
147
112
91
167
43
96
29
121
66
135
195
115
45
49
47
6
48
68
134
165
93
13
198
144
79
148
63
3
52
32
192
125
41
141
175
127
163
67
81
80
160
129
82
197
120
9
128
23
58
193
25
56
89
159
190
166
74
152
132
108
65
28
123
181
76
156
100
189
149
35
97
177
191
104
172
90
55
118
53
62
176
21
31
99
33
161
54
142
173
16
178
10
145
187
40
111
19
114
116
36
26
8
150
105
196
180
