1.16670704542511
1.24881411626808
1.26880617586154
1.18280386635825
1.17436766212144
1.01402684118559
1.05968016142105
1.16117570920115
1.13976650996112
1.3740674602408
1.45621820317698
1.08394317211258
1.12643385301903
1.06145762357988
1.36112384965093
1.33807173927652
1.18690345971726
1.01173290527555
1.32336065106044
1.22257172209498
0.945626537814525
1.05665391583602
1.20471732484347
1.37537955502277
1.19476117411532
1.3410011317347
1.27230196263869
1.25595179480848
1.18330654983281
1.24114067345323
1.3885505956942
1.14909434453687
1.3350024427435
1.03364038632181
1.3748303622116
1.14055283440232
1.2035375377528
1.09917079700986
1.10643070616749
1.09492450157317
1.20543082620613
1.14843817390548
1.26279359212067
1.36156482957402
1.00849932510379
1.21109832862763
1.27341261353655
1.26258695993409
1.20522125999466
1.26971696058657
1.09586350051959
0.989043209176675
1.14902819928629
1.01440601807064
1.23166730530828
0.935324615295839
1.23692794872556
1.21140401808818
1.00099500539903
1.28073431448473
1.18110641510224
1.48079297183627
1.04205450275115
1.31564670343068
1.24867819990066
1.2316986937658
1.04033482205685
1.14607631126289
1.32639373279633
1.14412416611557
1.2200363383276
0.917707463193533
1.15847328332292
1.10090749814833
1.27335370526781
1.10961044852861
1.12015967533368
1.02600149729535
1.21483768658807
1.14286030504537
0.990368323632805
1.02882948561531
1.2061750573652
1.10559292063925
1.15428052549692
1.11824091606031
1.06725038010104
1.23142515611823
1.15367589714
1.2403195832916
1.44243646546606
1.04674843527383
0.962168469916173
1.11812095902517
1.22200760603264
1.10343896771552
1.10067793388646
1.05748963005248
1.22145315521262
1.07873760982307
1.34405382348204
1.09381376143084
1.0607641775796
1.02635027193295
1.05516238496886
1.14096157411505
1.18519625937808
0.983172240982026
1.28775074184565
1.0308616920976
1.1087761117873
1.09674120415901
1.15763333461181
1.05029655273829
1.21987582157508
1.07743549138741
1.24770527463202
1.07989838652451
0.883390942556603
1.21160123770465
1.1147459862724
1.03333205584359
1.11666644336274
1.36905386541879
1.19965078297548
1.13587477239472
1.22064536392468
1.22239785982957
1.2761115099254
0.936858533666049
1.1115952749747
1.41069434208371
1.23457800134734
1.08252073669803
1.31145183838389
1.06202403081716
1.12756680253627
1.07077995124902
1.19855734739333
1.28718602878781
1.03609332297096
1.0297050885823
1.10988597319463
1.12756800012873
1.10972455808912
1.03139783089918
1.11163695807196
1.08451038349637
1.03982352639633
1.08134782631659
1.14961444033413
0.984743788487608
1.0701329784035
1.26990891578813
1.01657042519886
1.05392207567636
1.14809919614807
1.01217599737637
1.12149283580348
1.25493098546953
0.973127625317189
1.01510807013968
1.05674347749616
1.37275971321002
1.08279859851596
0.968250001586797
0.955798452253737
1.17036766256305
1.12195782890708
0.997655522155633
1.07761205715913
0.994657297308475
1.11789865063651
1.12306281981077
1.15987711038234
1.01194708748498
1.48767266927273
1.00031839187302
1.11654920438424
1.06438620070838
1.0244260067132
0.980397706947833
1.04398805219377
1.07566192136648
1.00499336815862
1.13948268563337
1.21817724584836
1.32358453888166
1.08908237217686
1.00598304654283
1.08674846165346
1.17555298293594
0.987849185212318
1.04308221731733
1.0634658229524
1.1735913989146
1.09488299799355
1.04298610652567
1.13150280063541
1.26974942546139
1.17260694381345
1.11699785393653
1.03505628627222
1.21550952699115
1.0210619571968
1.10876093174561
1.22774067751913
1.09995413698637
1.2787155882302
1.15453563758807
0.963563319450599
0.972553259973815
1.02146710015498
1.20822683859041
0.960878692962504
1.03349860097799
0.998149259126114
1.00303390970121
1.14995581942053
1.02694971723934
0.959695915266989
1.25811238354695
0.996131120897181
1.00292573925004
1.19110738690226
1.00014117072485
1.19924734219083
1.23307058491011
1.09098336667618
1.04182869696408
1.00570437412058
1.58949475993851
1.31955462642366
0.985234460136405
1.26194082372357
1.23232893830287
1.07196599268581
1.45742361390713
1.12845653077783
1.0571944175039
1.02996517729176
1.1206846058182
1.18646515329908
0.994941997741117
1.246210923303
1.0652965272311
1.03208316517979
1.07348288363428
1.06494546394286
0.97619801318411
1.17089671391131
1.06170257076335
1.18629146080533
1.07946915969347
0.996198062459603
1.1134536288816
0.954831018667939
1.14031260117905
1.10302608312976
1.03188332224326
1.06999092319363
1.25422592172517
1.03657320538255
1.06082490190663
0.950480734416984
0.989979658581205
0.979686808322936
0.985329249989776
1.11952554860143
1.24551987652568
1.14967612692354
1.02451132159028
1.01382522493147
0.989141708571973
1.28696012816836
1.03104758729444
0.910874955446746
1.10655908408814
1.1279573287348
1.33405548188302
1.13526041041
1.01460016939102
1.1651678577692
1.04836336784193
1.19777054332784
1.20361417255238
1.06036593058964
1.15711658538862
1.02078038788673
1.0572032863779
1.0785080766428
1.22405605549152
1.44930143409932
1.08399743709648
1.10613861359528
1.16642294904653
1.10839194106936
1.21231903123133
1.1734000413945
1.12183986797596
1.08521086400953
1.0145699912871
1.18498134945326
1.26834580952249
0.983945783712005
0.945706278024558
1.06117612633473
1.02834076770124
1.02045295821907
1.33320157684527
1.07949113253659
1.05350631855147
1.1151173330307
1.15243203128442
0.970527780564217
1.09999884674368
1.03989750453255
1.24236348778598
1.07313232645009
1.02547107011347
1.11360963120462
1.20628234896315
1.04012723642759
1.06206253206632
1.13199566735453
1.14632068889463
1.02862648908512
1.04447195086147
1.11590573862962
1.16213653006897
1.19346458757711
0.98281178270384
1.01800056715663
1.25770821054081
1.02580749791663
1.17563069169662
1.12159590138502
1.10703232828565
1.17065440149114
1.05292078051924
1.19881062988429
1.22880797097816
1.0550505613847
1.30847185425503
1.07624810862185
0.991440283047501
1.00650351489507
1.0518937720668
1.31301054731393
1.12963455587038
0.98045937448359
1.09003835166445
1.02369069958912
1.01263763573019
1.18591801126507
0.978383412812231
0.998942956015183
1.01495692277476
1.07296049863074
1.04864939724366
1.24097430972878
1.1801754140128
0.948112584440321
1.18421001424862
0.927740017231572
1.11891084156559
1.14050679971771
0.993849000200746
1.04852445732967
0.9598413925551
1.10466443232938
1.05420352893877
1.08914946042919
1.02907388818156
1.05354886743456
1.01991714387451
1.21752009388905
1.05882498457357
1.20108570715493
1.00549870923974
1.17436135502952
1.03326885064096
1.16254952082695
1.13635747979338
1.14373541503318
0.99036830261172
1.20443102564328
1.06617374194633
1.0340736117743
1.06342214684566
0.976194720786105
0.992900991400458
1.31792558533467
1.12353336193488
1.10931660569082
0.951036265363769
0.915909047060763
1.17488504966603
1.15458048655765
1.08053282220916
1.16474488814011
1.11675134674352
1.19075481319406
0.975364749231297
1.17939450191957
1.04080732925438
1.04488777046467
1.13196214559987
0.987630974218812
1.03485197950607
1.26404005375145
1.18321744113758
1.05030110886117
0.96832265618121
1.03393604016549
1.06279259338652
1.0439673817687
1.17466818938359
1.05067333748049
0.995607160017093
1.08370777102445
0.979253106224692
1.17325892008534
1.21130378108106
0.957031641819845
1.06668408317589
1.05508425004675
1.04465384294494
1.02690118404486
1.06717731983103
1.09558998754832
1.19225746602279
1.04703139304547
1.02606729707427
1.26616624497083
1.08832418102667
1.25656430959516
1.13268977618529
0.970003286340331
1.155480404955
1.01912939746018
1.23091018553575
1.04907529330931
0.972268309440033
1.01799797779819
1.00529728594767
1.13291767378994
1.05822163004524
1.18174127604596
1.25410954661646
1.21197203707607
0.987519171196768
1.14901897206667
0.971053285015814
1.10696242586774
1.12662862181221
1.03148773202522
1.1232822762224
1.17309001618931
1.0393190623393
1.08566100092979
1.2217961100884
1.00495537133775
1.17964508200167
1.18029859995846
1.11458335669461
1.28832776089565
1.09508007986539
1.23631187391002
1.12887335263386
1.26287981526193
1.17530848966197
1.08056275109234
1.22874643007183
1.30767011561142
0.988828300273071
1.10590783706093
1.01176054747426
1.20343644811582
1.05109959062974
1.051771352642
1.07780210806421
1.2725533226114
1.20598994315826
1.18584431597636
1.20679698848211
1.02253787440741
1.02230957655188
1.20679159972499
1.05674102662047
1.0972603895555
1.21940508875203
1.23288535189175
1.05774410312623
1.09559089936366
1.13563278341589
1.07131589922994
1.29058691849252
1.13837868310258
0.99711088379446
1.06459860520336
1.1644613674408
1.18551249296162
0.983464637631892
1.09533181962861
1.03464818609519
1.03764201657656
1.17906480511821
1.19756744799279
1.02893536613565
1.17123093357377
1.2988364509291
1.27817247558683
0.958225549290137
1.1532997647217
1.13444921783243
1.15861202937228
1.06463954516507
1.01955923484407
1.0671026403568
1.24007413584164
1.04063145628587
1.17602850024349
0.963288078258629
1.13162267444467
0.991246006222544
1.17958303717863
1.07105500952433
1.18933601396931
1.05539500507346
0.991603284992961
1.09521215991538
1.00161507421397
1.11953212612541
1.01003176048898
1.24114352277421
0.984915896612748
1.08307384578239
0.999978270482936
1.15250036815628
0.995510314230759
1.07018583510026
1.00032808242945
0.951337954236749
1.31907699380147
1.02351795380484
1.0896287624824
1.04943279518093
1.12300636185247
1.20242866452894
1.11525171961433
1.01817125443197
1.14897454975513
1.23967407055779
1.3192180622439
0.981045686132381
1.04094061594824
1.23203769477189
1.09155708107391
1.10559470998002
1.03642173934031
0.949209899844196
1.07299036457906
1.01314253140615
1.12497445451877
1.12503938249566
1.08472922496533
1.12420078124372
1.21632433067428
0.988796670926839
0.954753910268343
1.11516041474655
1.09313107585212
1.04311083476731
1.23259213907968
0.969589611961022
1.26068464446909
1.27771980180285
1.19546382446361
0.999945098395462
1.22887900608213
1.17574971935513
1.14645506600889
1.10291239258933
1.05549877559201
0.941680300448995
1.08132535906096
1.00696075962994
0.946559005818337
1.24817923243702
1.21783686231044
1.22854838963019
1.15996703254309
1.04536684128076
0.961060060238809
1.00796684938684
1.03994499944007
1.08909912949871
1.14943734693862
1.1312433296174
1.18200377963766
1.1006810268797
1.32155523100022
1.08478606914366
1.17111487929179
1.08496028399439
1.32204993024683
0.967476403408318
1.09103496457356
1.00682721942897
1.19309217975529
1.20082906517727
1.10264077669843
1.12441099495859
1.01764256234863
1.00522298852569
1.12967730449723
1.10606704678866
1.1396188933046
1.07598360256546
1.12697728182533
1.02222555834031
1.06165793930237
1.20546911311498
1.08565928982582
1.25087567493607
1.22519888199816
1.12612787466606
1.15385309863665
1.03915120742146
1.19128732714367
1.15858308498864
1.1183183320332
1.35049795982166
1.27936882111913
1.09580743852889
1.17714660622366
1.2176723837702
1.31051531627542
1.02109132239962
1.24420057963463
1.37308447022601
1.07624200443567
1.03463873808644
1.18947054548078
1.07304136111486
1.22996921212969
1.03260541545161
1.12078783195569
1.10697198005252
1.24430293170758
1.22917947707796
1.06561905508852
1.28951670228845
1.12200991863909
1.11435074776175
1.19428976241205
1.11658331675135
0.94481403624307
1.39559396577274
1.13571426382607
1.01612966500677
1.03949062970485
1.30297107416286
1.38256961173949
1.05271311269493
1.10592796611623
1.14447695683853
1.07921647013251
1.02372184337923
0.953237184901431
0.997889324764213
0.994626153792492
0.941238109768947
1.18023325853903
1.09685520302247
1.16299081128003
1.05697282285878
1.14834176884891
1.20105533090215
0.9210771319103
1.14398038411896
1.08491947495448
1.12261270546821
1.51671990958741
0.936258121768535
1.15488098243624
1.10901016355845
1.05661234869636
1.07273128872686
1.12827376391167
1.20627339926035
1.1691102576291
1.10274815142428
1.02650094751707
1.09877178776079
0.993013428355484
1.13173271696599
1.04233874364473
0.982958306592565
1.24765302931081
1.03102336284718
1.03357620114355
1.25908095765343
1.02122760704846
1.05487417460619
0.998527210724291
0.9660129664441
1.07855600820368
1.12777658588148
1.10445003522481
1.16166128570412
1.02405205373235
1.22972673710242
0.973204690500791
1.01531932623396
1.25047588532942
1.00108101867997
1.02898754952703
1.1104876403763
1.04531321805462
0.929408856791391
1.00926267724363
1.07813430805894
1.02556802378648
0.965154131647918
1.23851273732933
1.01759346066402
1.07560357168113
1.09695724191871
0.957780970476681
1.09717775887752
0.998255662763598
1.08240502255326
1.0592716487249
1.17306763798895
1.11186908071674
1.09158330186304
1.2487589618538
1.18607600513475
1.06470571605925
1.05094499656644
1.05443943168141
1.0425513828446
1.06183293844809
1.14981615344665
1.08902764262883
0.957551072852661
1.02290244405386
1.19151903605227
1.05878694978648
1.14915505515909
1.05682790296685
1.02095775999059
1.18739657997174
1.10350674313034
1.06732010502592
1.15975477490066
1.20540451414004
1.09576990276434
1.28198689003404
1.37050186542912
1.04695813045418
1.0534227319958
1.09447109875319
1.02474318775822
1.05785786823563
1.11524089086214
1.13843099808443
1.1254428420384
1.02509990805221
1.07765671927752
1.04854159136171
0.988485606144058
0.981572507744448
0.992965154366812
1.23603479085935
0.978438222588158
0.986013459730214
0.959672114148301
1.12175235292827
1.00398791185123
1.03843866081891
1.03785994582049
1.13338057829114
1.28801349863157
1.13566905941473
1.02491042977038
1.23548882079015
1.13647196959594
1.08732809029672
1.13527719434733
1.07091380630725
1.08192557116051
1.0804041033553
0.992287341476282
0.95512486040378
1.06403149617574
1.18538210553783
0.971954821971876
1.07288818593356
1.03063454533719
1.34257150924182
0.972271522737781
1.23140529504641
1.05331029718124
1.18008212639655
1.00614696601762
1.11607616080045
1.04543760613919
1.21765938829238
1.11823594347945
0.959148678374925
1.00153818660438
1.06060195401733
1.14003345736588
1.05647897941996
1.11769747929886
1.09269841522291
1.07272913671311
1.21924931115799
1.2078999093295
1.04465645317457
1.0346609599653
1.03934243436564
1.04708203058964
1.11268460701383
1.10320401303685
1.04763649916212
1.06897286951185
1.02472288226357
1.07125165826004
1.099348952971
1.03672295412927
1.15713625794557
1.08407060263237
1.32899115635672
1.20922681041713
1.0922683887615
1.22026467165866
1.0873814437287
1.05523779410631
0.969272093971977
1.05316859367647
1.02166929726135
1.16463821746317
1.13538849485044
0.975294781903738
1.11197096373118
1.15191731562416
1.02238766835093
1.14290510162719
0.954670984075496
1.12685418262592
0.999911679149407
1.01794073079454
1.00147856566287
0.929516441218098
1.07332259738038
1.13166957022373
0.939414475810424
1.06713701290596
1.14513373795562
1.14054680782907
1.14265761586151
1.10872070011091
1.05717501024507
1.00481559137178
1.18724981565357
1.19062942046447
1.14539506223766
1.11827489414125
1.07273078220257
1.2235270558971
1.07737067434045
1.00286148563872
1.05321649259168
1.0598886661977
1.27016308682999
1.04899035457859
0.944553421740656
1.0637878045639
1.09482335436701
0.958741178361297
1.09283421392838
1.11007919833551
1.07075135108713
1.04635717749608
1.04895420941138
1.35971194417387
1.04268632783592
1.04562635379466
0.944804990080675
0.921239004803745
1.09655960294348
1.07309042422744
1.12626698734135
1.02665223737864
1.26014507085645
1.05666692061688
1.09638926586389
1.24535247084722
1.26142698644701
1.04619080664678
1.00871112764298
1.09028263799453
0.942687074767463
0.998053317515251
1.13777266783065
1.17863365770633
1.21042995505683
1.075979773125
1.27499797488971
1.20276660795746
1.09631694799542
1.07916040927569
1.06046498193146
1.20298406196775
1.197361720462
1.05869460082926
0.987726715367816
1.08131133319367
1.09507871344594
1.00941593220922
1.15538633150648
1.07590832874036
1.05865383031692
1.06051729124921
1.14339950080775
1.2406653594164
1.07640213095064
1.00400287002252
1.17947157187824
1.14002403833585
1.02429916807349
0.966451387855961
1.01615320178454
1.14351343328168
1.08517479896046
1.04372080732465
1.27860463894681
0.962207608809845
1.19532613553917
1.2469111099088
1.10898368900115
0.924736001670795
1.01759601481448
1.02897606315083
0.990865401347275
1.15336833306675
1.13366019007236
1.02957950937944
1.19388859617482
1.26875580547102
1.08742208375713
1.0682385317123
1.05606928306616
1.11649534193481
1.0150286427136
1.19363349888165
1.03312372910291
0.985134031476549
1.11077357108837
1.29984463809286
1.1346726517979
1.08330884880484
0.994573912875526
1.13793784933159
1.12702623855584
1.03304959098587
1.09911794857216
1.08943615186793
0.953477751748222
1.10106674739136
1.09494896386314
1.04002764400535
1.2121496594657
1.01301185691204
1.13845357897894
1.03442076220714
0.938598391633794
1.32590526718438
1.08272674451944
1.29485257552096
1.11602209742201
1.02904965706572
1.11153718852601
1.10503533079068
0.96784951378659
1.21013740346285
1.04690699083897
1.2809635855961
0.97659147891863
1.08055834114104
0.998482278678032
1.01313824402063
1.07303441779844
1.20139533996174
1.08483805154349
1.04829172070168
0.994552764409534
1.16367823446805
1.03914827974959
1.32885542307337
1.03282939193111
0.97444102127171
1.09835016017504
1.00265972274303
1.29311192896139
1.04727826481962
1.03457139167941
1.03796601880226
0.958058362343661
0.971051657595584
0.934800794347755
1.00444191703389
1.07251810052631
1.00119040352456
1.05252548119849
1.21015168677773
1.1925206134178
1.05227690577418
1.11912403003487
1.01302172025565
1.07715706309072
1.2056481262247
1.26421079950373
0.967411720672967
0.935139898028529
1.05762450100793
1.05285247840174
1.1462300523896
1.10735434220229
1.04864593891989
1.00013780422382
1.0508810518486
1.17310338170486
1.06291040847911
1.09030200856633
1.31425722483996
0.991457506316435
1.09502003333756
1.30631274984774
1.06127525180954
1.2173850615076
0.96975992536404
1.07817242637182
1.11380689284765
1.06863513455561
1.09052963863084
1.12776179721933
1.39291997892491
1.11988982040765
1.0507059204738
1.12039977677817
1.09280456716419
1.19809278166058
1.13235766597618
0.947284028144374
1.08322031015981
1.03215078924663
1.32419181429747
1.12668858802752
1.05275330346908
1.07017035245026
1.31012161656206
0.980381265203859
0.970372401540898
1.0474256645181
1.12196819909616
0.988787404323542
1.13850023445479
1.0560738372634
1.19759680487811
1.01242670344439
1.10110996977318
0.986861962651812
1.22591639994968
1.00949440946887
0.977855735243786
0.958015778724268
1.16512312266039
1.15897765483663
1.31772683015366
1.03902640567062
1.0177080493989
1.06752290707317
0.967349838087957
1.06278980211594
1.12976026022383
1.22432099469059
0.967686011482252
1.11969830583527
1.0217168513286
1.13644310726862
1.01224383908766
1.17361145621711
1.43433516016028
1.23955101567461
1.01617085641157
1.32403519399819
1.21570593162034
1.11673407594436
1.21913665589233
1.01836382192012
1.17560144461953
1.14023410663108
0.97659311101663
1.22074251579484
0.98018524452903
1.13766937996087
1.03604004827841
1.1568841295012
0.995800161302211
1.17373948370829
1.25641979220508
1.10917052974078
1.03742572100336
1.12320451584221
1.11329946254747
1.13402802567283
1.02316450594759
0.959261240524801
1.04588078108107
1.15273285725653
1.05668721162942
1.06015976512659
1.20395864564636
1.12276776420837
1.05139241292096
1.04630458988312
1.23164477516218
1.0867864124854
1.24344632118973
1.15417568956293
1.11491680762869
1.03337736235587
1.064215149435
1.08791977371933
1.0580319373864
0.960287197559838
1.39537730756656
1.4862184208826
1.04017965405068
1.10269490676045
1.06810495495531
1.11632202954126
1.03462291455619
1.2763858453853
1.08579471062656
1.10272968123839
1.20273561644122
1.35589879622626
1.12735572549639
1.16658953898566
1.14781185844651
1.03065897127053
1.01591651017839
0.946318267438376
0.973494421544328
1.14620173739243
1.04721006793925
1.00247772840969
1.18451767575706
1.1953308195538
1.00545901079648
1.15122130463131
1.17128687101487
1.05649980041964
1.17373654641239
1.03980886843048
1.09643108239286
1.02955873764327
1.089187319667
1.45565942466968
1.08778484373032
1.01366517346245
1.15057287193241
1.00426908715875
1.00594080111614
1.10505587289651
1.06603355005799
1.30464561959919
1.06216869702415
1.09956872227756
1.19096962541633
0.995254907519908
1.18220785105417
1.09987350234655
1.12397349947994
1.16484142511925
1.24823855242701
1.15653674168797
1.10579240121068
1.25756426701694
1.23653917826827
1.04081300387097
1.27545790380722
1.40051516807378
1.13370365691682
1.05665570101789
1.11608717185803
1.14079816368296
1.0195182870805
1.07111630667721
1.18881744785061
0.988394174186248
1.20808843423189
1.11668741455273
1.24844648127679
1.28241615999686
1.02442449863274
0.968138411180495
1.20447898304708
1.04209424388751
1.23093478033497
0.959795609725695
0.973476351449462
1.01907283820509
1.09646131788006
1.19560198721774
1.24540095481853
1.14128392364468
1.11021463397842
0.954365538288575
1.01597244283839
1.02543165938737
1.13653505513232
1.08223880307697
1.10076623077375
1.13805889548724
0.947306099871611
0.97819207385128
1.03481430764387
0.971607845283962
0.880313929676335
1.19827036741123
1.11570610245159
1.2698489670431
1.05335350124298
1.17013881451416
1.03704629413495
1.07120273484691
1.15312291135617
1.11189729670245
1.15575835073936
1.03215073503955
1.15093765485326
1.0260392503897
1.12204824812483
1.11763549706762
1.09412972637687
0.94821635727212
1.0204261595247
1.13005500317725
1.0137941661874
1.22643072642521
1.20733812336391
1.07842856393419
1.19208357937983
1.12425743750535
1.22344076073964
1.08326516040506
1.07697078682491
1.20424080457039
1.06026356284639
1.02084090447359
1.55533923318129
1.15854268411404
1.13208962334196
1.0784814182454
1.21123072816274
1.03548535324182
0.994059144659083
0.94836549689214
1.10737710178522
1.20064156063204
1.13833658770232
1.04984651407101
1.13417025617723
1.08457092120909
1.08416494110682
1.29306217401438
1.07333524146343
1.03275048851225
1.03532714249586
1.2677922954674
1.12628395893445
1.08924813444903
1.08087985467343
1.04466920914079
0.948172660450243
1.04656023898295
1.13155879443334
1.09454496210891
0.908368250273138
0.94171754120735
1.21187356840738
1.09920323759473
1.04274766964446
1.12151885940559
1.02950965252376
1.21183096105829
1.01812052454975
1.29875034273894
1.15865111831527
1.06938668750795
0.977107692849138
1.08204233876909
1.1655560301419
1.02586611038339
1.17581194110403
1.30976106470307
0.997117875345983
0.984480626472009
1.07716014703081
1.00800115918728
1.21685808185063
1.16768636248078
1.08523778790558
0.994907058304646
1.01982187535631
1.04126669989536
0.985486314585891
1.0488246695418
1.03319130554684
1.11008282394912
1.07893815613418
1.00365896159907
1.01789113411645
1.17129170800786
1.04668580018643
1.36274282886812
1.0948290988997
1.06292386042292
0.997191396262628
0.941551283262829
1.15241362533427
1.16416927448194
1.24070602383642
1.02712565949765
1.24609894117736
1.27323972876019
1.17870608222446
0.9567630269776
1.00751809019065
0.959591732176284
1.15805576287851
0.982520515512503
1.17230003476804
0.974412302648345
0.911200623184168
0.990532065022345
0.957922604325421
1.22680294514581
1.11916697563991
0.978351521202027
1.05292821014621
1.14835513408425
1.04041677927831
0.998945642190362
1.10215857908148
1.06590682071587
1.17081493466108
0.985609165791947
1.08224316605597
0.966846281321419
1.13129875229173
1.16103195894978
1.06809293043261
1.0248134443151
1.00722727011651
0.996783385193587
0.967916589488528
1.00697010959136
1.19919681899844
0.97437154960035
1.05443137300449
1.17735090408298
1.14634262051583
1.0449458907317
1.00584515213513
1.35192699643761
0.998422250239066
1.09827659547627
1.25078700026677
1.03853025064301
1.18915810804507
1.357258858682
1.06476043318777
1.12434454410321
1.28524363895438
1.13676367312885
1.0305289596207
1.03639141647396
1.13084467607784
1.09822569001451
1.04892720589679
1.01609410431071
1.1972363862145
1.1867003980467
1.10480470377488
1.20121804901553
1.1062378805332
1.12402292476625
1.0801837087468
1.12667483306262
0.999499657362159
1.27567244807669
1.11027121780737
0.974756126485926
0.988602674967604
1.20667326129361
1.12343019595505
0.941461340851577
1.12461057332834
1.06549832024546
1.26801587366196
1.18489768953837
1.11858245541587
1.21001158297338
0.987386654232902
1.18173884272418
1.15694778085072
1.07434969707754
1.18046748307688
1.29562285422866
1.08006069443809
1.03809618738381
1.10900779523544
1.22447287088156
1.07029361110945
1.10881940578184
1.17355515912312
1.06658909960777
1.23543280036404
0.960120209908267
1.0178324539439
0.952347308509277
1.12104127722532
1.64087136479948
1.03712361049098
1.16639591991419
1.10088862541722
0.96105222883568
1.24929586734998
1.29966140104028
1.0931704726994
0.919705958246639
1.02774715614639
1.01339801899129
1.03099524112524
1.05884317128168
1.14530239870671
1.27507824061232
1.1798717131756
1.01767589458787
1.01896948651311
1.1535749710296
1.29969555956339
1.1561536712337
1.07433259754579
1.28037500634528
1.30241095769438
1.09303252640871
1.26288495738819
0.983048770333517
1.26418188507591
1.20991491683314
1.04085674821713
0.997955723553359
1.18247566061734
1.12836737969375
1.16742106225148
1.24760768386282
1.19094084258576
1.06720556552174
1.05088519830283
1.26397770418247
1.12253808140713
1.34859601677515
1.1417270130149
0.987586903287349
0.934103864746563
1.11531674803455
1.30671284831362
1.09905020903816
1.19839964054324
1.14943822178301
1.01501080073556
1.01010892718365
1.15020398898406
1.18378454965293
1.0261947551149
1.08192629670379
1.19163174793685
1.35039439589097
1.24377415526368
1.00538854162929
1.02270180434227
1.12579710526121
1.03772520040387
1.01728310398815
1.10250554939752
1.01266897563675
1.10974460314809
1.04660886350434
1.07032058583169
1.03719963020743
1.10500049546314
1.09506997978299
1.03945185860319
0.97713807264192
1.10257271136683
1.19356905451616
0.992320048141998
1.11250005839523
1.18202388488171
1.32100958984344
1.15366428488466
1.06483458231563
1.20281121600668
1.06460878168942
1.22473784030672
1.32363229405301
1.07353339417735
1.13474204512663
1.04543222923181
1.02906990104053
1.01567070027688
1.11768766983777
1.14636745928592
1.11279633335994
1.04465232550765
1.03269282557484
1.01384662326105
1.11236766851662
1.07412621030768
1.04373374191008
1.1803782930305
0.910629599642273
1.21259185650058
0.986778405128172
1.0733353577356
1.19291537867738
1.07040560445043
1.2233355734852
1.14999350227287
1.19291034991759
1.16882782652929
1.06464546873929
1.13450736064344
1.08200473623499
1.05989301212396
1.19278846647944
1.11217035759826
1.25279307518634
1.11799462525759
1.17565456104279
1.09053963923522
1.04964197461311
1.0365805136845
1.20354489042224
1.20567137043479
1.14555409894127
1.09501230320276
0.967561623890945
1.16074463068153
1.04341797234102
1.15881340470641
1.18220502091609
1.09324977434118
1.25668313770232
1.01691045316546
1.02898126170901
0.994552626069936
1.22250658496313
1.17614155829452
1.15720427167682
1.09062363429463
1.08579062821915
1.04717948441303
1.00400504550095
0.955430790605292
1.08035832098542
1.13172333922318
1.24481972474377
1.06711907508533
1.14695192620676
1.14182330612197
0.989112516939129
1.14566528727751
1.08314725483119
1.10495628398017
1.1966994444622
1.1041617878806
1.02841772494977
1.24900375686303
1.00089595021507
1.17744287030805
1.00020630885622
1.20934212163105
0.968615203599767
1.02434620802552
1.09672380452464
0.987349662481642
1.07226734245447
1.04070982425353
1.17110976618959
1.26419695579182
1.03314305073245
1.06066857854589
1.40543909939654
1.06663873357934
1.10886341702065
1.18390362471608
1.28812673139758
1.04142123577291
1.1324718295448
0.988342739545603
0.920735517681533
1.08875910429324
0.966219071124994
1.17797513285341
1.2138720727939
1.17779918140635
0.983675881946343
1.14221751883905
1.11486183236784
1.10914406714734
1.02354445518997
1.01505363263419
1.07702290908799
1.1288500090018
1.08591476754293
1.01343621581216
1.02888854702312
1.01917471783726
1.17107318407559
1.27542054489841
1.1628083300624
1.16882369806475
1.19877354844554
1.15305378026315
1.17278650014832
1.08133645797056
1.0043722130821
1.16534693369184
1.00786511566811
1.12569614523699
1.07529213747899
1.06997704953471
1.20689358803035
1.16173162835647
1.10214428606267
1.01699498107495
1.03134621249976
1.13729857296655
1.07888043494225
1.1895034008926
1.0743109814369
1.03143961293353
1.06677190721653
1.01677960642427
1.17327908826324
1.16075583537147
1.19641250323447
1.26989105694605
1.20663178649292
1.06027564180389
0.984232021696851
1.06518783686533
1.03779611397673
1.19066633626831
1.07103808480698
1.11398204375146
1.14807608472323
1.04387048417011
1.10515297089585
1.07519518781539
1.10520664327159
1.17391829430785
1.45892403237145
1.02856321734911
1.30380156308923
1.16247966163958
1.23580182563816
0.948005794115374
1.18169267306149
1.17744500445706
1.02587903642867
1.0165576157299
1.07893634350602
0.963724294818133
1.30923368322858
1.02521046104892
1.02996799023556
1.14319963775609
1.1087248846595
1.06632295034342
1.03443449643354
1.06513526811187
0.980462620561483
1.00558142182218
1.02644891195289
1.17281303948841
1.02738214110122
1.10597214568111
1.19725894992243
1.12048293754942
1.19159687748181
1.07423422033304
1.06517508974825
0.982341496032922
1.00591691610963
1.11058580608451
1.01729984349445
1.1521066813135
1.36702132693249
1.21602585484935
0.96475333324776
1.09668687739028
1.16559037275865
1.22112464815055
1.29277645648659
1.02878317916548
0.955081183644739
1.17310954520439
1.04053800446686
0.996190368448306
0.961873395612302
1.18475375077693
1.08014260514306
0.996035704655446
1.165176239616
1.01879232571874
1.11592370027646
1.01053472787603
1.00985819514624
1.02884335627938
1.11208722073215
0.902910001272131
1.2161931104771
0.984755627443237
1.19860115577421
0.942797567042973
1.00699579791622
1.22258756748474
0.972737875343004
1.13615471526284
1.01888293735586
1.00879691643666
1.01470538655285
1.24036351356524
1.14129978858005
1.18193713592001
0.980229945891462
1.07864359383143
0.938751846161896
1.15553620552573
1.28397460127939
1.03516150432187
1.12092652085738
1.07390377680223
1.01651339494043
1.07835927884098
0.992956548913
0.955684284898227
1.09884376246186
1.0296064411254
1.14040409944424
1.17623817023675
1.41865834946874
1.3616104551773
1.06024012279765
1.21097148219597
0.96812549167075
1.23105985855887
1.20418620389989
1.0348715553411
0.989837324437932
1.09766196373183
1.08920698189059
1.22881740467706
1.16033243887229
1.01248222200791
0.953603901447101
0.981112608834311
1.09738396447592
1.01848108473434
1.16935512922645
1.06320482444009
1.21161215520641
1.17608754266858
1.18517979465486
1.22956378054085
1.08310707898534
1.06331865433577
1.16683967609364
1.16062776436733
1.0940744313629
1.44629907894067
0.965563850263335
1.12151516409812
1.17935643306083
1.12598340221162
1.2248329433153
1.18550948559072
0.926223957731228
1.14487281670123
1.08926749774239
1.09520634204521
1.02707140314625
1.17255127876035
1.19305909566423
1.16969805567504
1.04369741866015
1.2206737794558
1.19506351443829
1.21290956548264
0.99555858226853
0.964630984829434
1.02631320462626
0.956204731045889
1.23287591870962
1.11147795088965
1.32807251942115
1.02874063667812
1.09110542998769
1.19978588131339
1.08179358796606
1.12054363320912
1.16445839608907
1.17846449108439
1.08866513137098
1.01436901608305
1.072374591835
1.35356298937058
1.16285823327462
1.26703254628216
1.50578316605075
1.14203670315917
1.14444205037573
1.14129339754415
1.04847553138735
1.13827272836988
1.13625707940571
1.07684233895553
1.0992748903965
1.08854109819099
1.01888528945269
1.14045629176851
1.15403100373601
1.05886943858913
0.972842444532416
1.04982165031064
0.99753439641008
1.06773612383586
1.0786368936891
1.0883750533155
1.15403790131703
1.18658403540476
1.13864391235567
1.00343517487695
1.04818829089764
1.14623982175196
1.01402974448392
1.05704737907971
1.15920606489957
1.05086653589577
1.03889508824922
1.00295079392141
1.05786874090451
1.20813917322244
1.25401288859095
1.04346963774037
1.04266182756267
1.07963425711203
1.1758609184487
1.05481547278018
1.17377383490029
1.09318345399491
1.09186690252163
1.14545439956151
1.1323182749588
1.22202796852633
1.11638540037777
1.03380885413314
1.10530421913654
1.16467125373333
1.10391409082805
1.00250445873016
1.0853360030759
1.01596402644259
1.04190404909191
1.03683406267529
1.32531367525892
1.27989917854535
1.31384213560303
1.04996650285784
1.08355040999209
1.18187853924245
1.16669402239991
1.10139128475721
1.18312274562323
1.2746966112158
1.07245479109255
1.09648772405545
1.09735684004564
1.27910470774689
1.09787151074075
1.09224674771299
1.16639761355264
0.989103842147225
1.19243303351819
1.08547157318089
0.956650792186765
1.12516536118262
1.12653494466197
1.03573354436875
0.967108946643002
1.01715130104665
1.04122332139292
1.03560779397484
1.21008360147473
1.038210866424
1.05136850414436
1.195717585114
1.1157299458237
1.18702789116233
1.10538106954945
1.24341973144247
1.0016922930824
0.97315145353097
1.03513745222861
1.02922893066107
1.13545218311798
0.875922110276867
1.27168994014867
1.06363582691771
0.941890395697006
1.16394741810051
1.14700810021436
1.02464354827332
1.07168283533336
1.03217830662893
1.1610013369335
0.986915879727043
1.19399804305406
1.02953248996988
1.16474706742436
1.06576488174775
1.3295982800026
1.13430972376792
1.00385254098372
1.02839141672891
1.03181529638558
1.08190035417422
1.09954453015176
0.980227411157667
1.23220618725229
1.07928828051001
1.25535164765649
1.24601694653383
0.969875731434535
1.45093986593164
1.16737475265223
1.15909357516319
1.16509179887448
1.15638122731989
1.02657436665001
1.18396458387913
1.07592909325231
1.04382625631616
1.05317147702933
1.16451263439093
0.94852825592558
1.09808028959323
1.27279324118217
0.988174290390278
1.21697249490857
1.09010230910255
1.25359138409468
1.25856305606221
1.07545383738758
1.19008933374028
1.37319904619817
1.02177193458817
0.995969635335271
1.05446603228494
1.01570067094708
1.08777103861914
1.02529956276312
1.0121107460665
1.04015167555254
0.980593144640915
1.07345175956496
0.965806067939658
1.05983994449109
1.07038785076291
1.09214122742717
1.11335290970334
1.1219131153762
1.03696597687105
1.16299109608059
0.960214119655486
1.08745799153819
1.12595378962118
0.967708877388581
1.01048945518206
0.950666094902422
1.33619873170713
1.39900984289308
1.27724904673827
1.06336875554872
1.18369608037863
1.0402234580376
1.15330555294244
1.03562867959627
1.06287842805083
1.32089906732542
1.22414623463011
0.984885861051215
1.25742141905874
1.19247468171086
1.12662091331582
1.04837249269157
1.12930867060512
1.22709260679945
0.963295692526134
0.980135984381774
1.00071019112335
0.949852478023487
1.09547840427065
1.05976358942759
1.1996479285382
1.03429436697477
0.924479113937944
1.25829067347625
1.11825298261491
1.36886442435945
1.00934195645511
1.05443972988461
1.30747724783397
1.11920953603771
1.0161691301575
1.00491017736563
1.00121794652144
0.986081766011857
1.23648272985847
1.10328898471988
0.973212906083924
1.32415586655008
1.07643887150614
0.988348457840098
1.18976674052326
1.15717186175907
1.14156183280765
1.03629523768029
1.26044924219033
1.05875283503106
1.22268005661934
0.987321845679828
1.08344962786605
1.0910979834548
1.04880709737121
1.05929450876782
1.11350757557987
1.09936328152287
1.09991585947782
0.990907686128473
1.15193763283676
1.05189192789807
1.09391183055761
1.09811119927804
1.02337255904933
1.08405444253737
1.12439831410197
0.928456876106771
1.02076079443977
1.06008375241441
1.24809430591228
1.11736990536138
0.981889144633112
1.19984298301917
1.12208382584138
1.05791595906793
1.19898655939627
1.20759142542619
1.19107460795953
0.939651260267814
0.953512535769326
1.17685406987437
1.03465454696262
1.09766624364358
1.05740972594169
1.10362209991771
0.978504063101737
1.23362716934086
0.986399190691747
1.08087659077775
1.10691685908446
0.994953331757908
1.10498710522094
1.09146523729078
1.02058828577942
1.02211211344476
0.978881307565859
1.07682245296638
1.05079639017961
1.04339782011965
1.06534152867035
1.23585036770593
1.08473817475286
1.1900121911609
1.02927303839262
1.02154327626871
1.24920608818339
1.22267944876852
1.13363888414258
1.24865803084116
0.943480111745684
1.15260884718677
1.0748902495364
1.07707342808963
1.07672150691909
1.05374866232053
1.13876337627503
1.03174096252187
1.11461299210004
1.05439103000829
1.11950831282165
1.27098128560619
1.09981039903022
1.18737997410283
1.20805610029663
1.14432408849473
1.10947748958284
1.02437203377252
1.25592136137982
1.27124044910261
1.10353604148931
0.955891605216808
1.11618187622762
1.05937993043451
1.17854967843069
1.10173024611707
1.04947311237123
1.09750861371113
1.29705287687786
1.11777246417973
1.01612666643054
1.01874671624079
1.03929559738364
1.25088906763941
0.991673720739072
1.12753350583018
1.07729104852909
0.991932296347961
1.23730405096145
1.10877364780428
1.13526573085412
1.13830165399535
1.02962088613561
0.980302976075101
1.02701177776503
1.19517512042785
1.26905024278465
0.986301889848152
1.03964237818031
1.19065107204887
1.24120165615836
1.295193349868
1.00806072971283
1.28285369898405
1.06997583094379
1.07848520919111
1.16603377286619
1.17939317815181
1.0130019422531
1.07107669619548
0.9767443555754
1.18232725545147
1.02603175328732
1.02631241549834
1.03868696681216
1.0534882303602
1.29592486549533
1.04740300550176
1.13788559338359
1.09389074066408
1.03170874434329
1.06599182747067
1.01370781287558
1.25126443739651
1.15278692988239
0.933152181335248
1.11009855331821
1.25885527467789
1.07555829915627
1.20917539394321
1.09033583798071
1.04893913249141
1.06800005524585
0.970426948442731
1.19912810383431
1.13193666918264
1.07092003786696
0.921225967857916
1.15493152867791
0.962784187901688
1.11562694900153
0.925153316282258
1.09683611919205
0.99446385470515
1.0200803233941
1.44404229237241
1.06015414347026
0.982230427867938
1.02986606529944
1.0344346573115
1.10964323524734
1.02385830912015
1.15206683717209
1.06098718669948
0.998157456690415
1.02800606866494
1.20137426448962
1.4925101912751
1.26937903051983
1.13819731706366
1.00660650186691
1.12675007304447
1.28944310893793
1.34880462315166
1.08389986008648
1.05790123790143
1.12264342302084
1.60295707537465
1.22678204001134
1.03809474559188
1.05214802566989
1.26059073393019
1.26864269485115
1.14523041943145
0.972345503258321
1.18592803899607
1.10114104213431
0.990286680783384
0.967947476531777
1.01779243554838
1.06164611848704
1.16185496996288
1.02074213388142
0.975105523369318
1.12716691391235
1.35252101907787
0.991319202083813
1.09910258643928
1.2308265914111
1.3443948994482
1.29155080710855
1.24942475149731
1.02969038187715
1.00257350364196
1.00980045410238
1.03095726567475
1.02660904925689
1.15830959702485
1.18408845989924
0.996129906214357
1.21492507884784
0.954703997878592
1.0540416211787
1.12676994681293
0.993918281998383
1.06139851810438
1.12833581688399
1.03003765149731
1.11139954487508
1.09320468648323
1.0082366039459
1.07362578790088
1.08750652101729
1.20628460463032
1.24303206115734
1.27724041813896
1.06269412873681
1.01818544797561
0.97165005646988
1.0025788542633
1.34693198102851
1.00186818281052
1.09568225393191
1.22313459598991
1.06304821327546
1.01653084490824
0.952060038305607
0.973799836802361
0.960254753467843
1.20084306513139
1.14089991322589
1.24460487462301
1.07857218588031
1.02499532914252
1.107590108932
1.06921795291536
1.02902067349427
1.21207399981491
1.06341735269126
0.982852855515125
1.08735328444328
1.02766198630874
1.12946209279962
1.01138603268262
1.0922578848916
1.02224278247822
1.13155492974364
1.02693181691158
1.03586076810025
1.13082072680574
1.05876731305713
1.1087600253836
0.941504305013463
1.14831576985676
1.16178502701619
1.04155726530535
0.949600046350335
1.16908077215079
1.1216446098968
1.00198701963307
1.05529062340965
0.967099222045781
1.10078496524033
1.06511433326939
1.06353214864763
0.997836983225851
1.07095710534035
1.13787687720927
1.04397238863411
0.94698626885496
1.09847015524443
1.21242043851572
0.985983493929894
1.05455943433376
0.986870018788886
1.17733887081037
1.09831925907169
1.09863877837717
1.2301083655486
1.04687978684064
1.17088420580394
0.942797176845891
1.0365018274611
1.05573052697876
1.08367595079659
1.0470944511895
1.0716629718831
1.08564369838866
1.09728902544062
1.18120102803377
1.03838244220521
1.31423742389454
1.0511351557053
1.10019792986689
1.04841331686024
1.11782533457229
1.27670634703391
1.0846538734396
1.08482634944984
0.903698353104916
1.092105941545
1.29233371695225
1.17599893922002
1.04741942199675
0.973932896926297
1.07490621354538
1.05090122785717
1.00357416451145
1.05478994815057
1.23428253384417
1.11332449691339
1.24561633179114
1.08808723503766
1.06149503789787
1.15940275480955
1.17707003581272
1.09803283880655
1.12051743772086
1.25370261190674
1.10107289363967
1.07417080154037
0.977389574223973
1.03827098021807
1.03372982707627
1.42074869216257
1.0765765920779
1.09727711586819
1.17239487660158
1.0528818028704
1.05512087853419
1.11028185348626
1.07578461210615
1.17030871778457
1.07027680614076
0.992105524418907
1.27462058107387
1.15679652349636
1.04572333244477
0.933752886299717
0.966430536158426
1.16975765424303
1.1646458929924
1.08703936903842
1.06132366851029
1.06977511669597
1.26371605435679
1.00545121198621
1.08224222085644
0.954270296539132
1.13518350983892
1.23781802586391
0.971737502298232
1.08835730782553
1.07496919950471
1.00668762003084
1.08042971490845
1.01688727680277
1.22485556866675
0.996986754983905
1.04663949059855
1.0337424322487
1.22497390042259
1.17973905934943
1.22768329563963
1.06671917200538
1.11073332310284
1.1597724203986
1.09294740078462
1.16689885286934
1.09535319799758
1.05241274619857
1.03755834665533
1.14140689542931
0.957973998993176
0.98186203750112
1.13732547895495
1.14638117031779
0.937054740358661
1.1341966138996
1.25707957275817
1.25438162453526
1.08722397800379
1.14446396953453
1.08001427811377
0.97187083715109
1.51069026861848
1.05242029636195
1.13509346822251
1.00504155111105
1.11348963570834
0.976567748793886
1.21885910774896
1.06124768919365
1.15655228171751
1.15717915025456
1.00721362192162
1.19480347224178
1.04100350470749
1.10342141470715
1.28952400027304
1.24688245773126
1.06855407055834
1.13340950254817
0.944510098297326
1.12260536549583
1.10673916616975
1.03884788701961
1.12405793554081
1.07835116180224
1.20057604723543
1.06728398994472
1.12832844657373
1.05534964288596
0.954955758472439
1.1394306398341
0.981445544543398
1.04097457168185
1.1167945158589
1.07620858938719
1.28762298551274
1.05504014912502
1.31962341153599
1.05905780688998
1.17084673700649
1.10950036761735
1.18358963214672
1.00984931251715
1.00281842148589
1.17364032515376
1.10145041541807
1.01649175368059
0.962930291758312
1.13824286890011
1.17962318348742
1.1179413402812
1.16542293016552
0.996210296119271
1.1762812477856
1.1411847518542
1.04931875027055
1.03564180924447
0.92962060400786
1.07779107216399
0.887362498012361
1.00371490312942
1.23459285009629
1.10799314633415
1.20653984149473
1.29873829189761
1.05155805360331
0.928538019195031
1.23541836211387
1.09376461185315
1.15984254664743
1.20102644502482
1.16608426563125
0.973926838574299
1.083766490425
1.17538335125076
1.1063968896742
1.01618042455396
0.958793807770614
1.05945457132209
1.16618571218583
1.00663581617028
1.1189084077853
1.13848201973355
0.944477526326266
1.00318701411976
1.03099757526576
1.04281984462715
0.992706514621022
1.25558591307089
1.2941051226848
1.12656152025493
1.1442459335463
1.08593585871682
1.03100352416637
1.15391435112822
1.08994490641584
1.05185848260685
1.00755853336076
1.11528863796679
0.983326894996592
1.32024561163788
1.11279025224847
1.14285039871455
0.998339515315239
1.03841401281171
1.36125418410197
1.03147727040151
1.22111727332687
1.27277459330025
1.04230463043109
1.02344087449961
1.00976178518155
1.16263171434897
1.07974752660614
1.13656190036712
0.936155217850019
1.16317213089709
1.02291231724447
1.00927550204984
1.02948938761347
1.10664401241838
1.09439467560452
0.963121475024341
1.04264171138194
0.999783853225116
1.09054987193392
1.0819626931581
1.17235225987604
1.24845248401139
1.20503995026282
1.1000133395725
0.976032671539531
1.20398453349622
1.16470865011836
1.02150601548812
1.07612585664051
1.25951947886565
1.18645797964871
1.20139999658583
1.20720439022799
1.1627791176255
1.14854883860688
1.06567218802387
1.23871582269678
1.07207703182102
1.14365630841396
1.03791909934159
1.42266814261925
0.974014465438931
1.08364862469149
1.09781056791505
1.2027126218797
1.24008902085335
1.02928745402039
1.14322692307337
0.964620083998718
1.04894626490599
1.00533166833686
1.13168877289111
1.01089909136388
0.97509198734714
1.23876484626072
1.06185240355436
1.20594237944397
1.04615233230067
1.07296736887762
1.11633456344525
1.06372486890012
1.08875523456481
1.06227464880422
1.20159106156124
1.07521010658156
1.26444606212716
1.16848052920712
1.02758231810982
1.32228041906608
1.33027477511279
1.02637627732011
1.16304252291697
1.21784957851594
1.09159956320751
1.16821414694976
1.08753382307386
0.994012599266667
1.12821198829011
1.27110316528345
1.27265883692631
1.01120313550621
1.10756655890853
1.21810319221622
1.1208863433493
1.01583112455709
0.988778981409899
1.06216935201628
1.05272335368768
0.962048392180639
1.07400905018152
0.988107315085534
1.08444252094846
1.1667490051372
1.16745039166699
1.13648913739325
1.04118921241058
1.07453534642829
1.02559450028529
1.15478950989181
1.11231085414752
1.08836900511749
1.0522030592775
1.12104783077086
1.11663901287888
1.06485170383128
1.09965013133265
1.04986703434853
1.10763612709385
0.99689592497082
0.943274527769522
1.08222809525473
0.991965936437874
1.00245367469302
1.02345475978843
1.20372196636349
1.16538048682083
1.08418110782725
1.10601017558415
1.11388907829906
1.10639325774991
1.14479233286968
1.17275441139061
1.07574988852727
1.0504170408021
0.991185341837367
1.1251196520159
1.07244491886421
1.01070889072497
1.04015235067822
1.20827007823204
1.10624372008564
1.04452630003555
0.962412416857174
1.02140947136852
1.07310088496069
1.15010639763085
1.04083528998205
1.20145983364075
1.00733506965368
1.00950793333507
0.907249709095043
1.0654212751659
1.26623724662472
1.0431361877551
0.899784713732227
1.16015458921214
1.19136285934678
0.993998567604211
1.21186031598118
0.884322800227289
1.04390141507243
1.12271606016342
1.03384412057831
1.25119085644918
1.11473781327254
1.1788844816394
0.918764391169165
1.08270481663091
1.04028517422925
1.07341976453332
0.903126635109407
1.21274230683726
1.13817846457497
1.14108513267858
1.0573451343219
1.16026691108054
0.982258692974775
1.10594332356333
1.32313663377973
1.11533503632512
1.23227839055335
1.12850889247397
1.07972527857819
1.15703352596582
1.11126339536161
1.07864554477347
0.991993881607384
1.0247903280307
1.2482506981711
1.11342945225984
0.984750778434389
0.984444039576702
1.0768913310216
1.21040127127101
1.03961864328058
1.10174973251748
1.24184872136673
1.2677191327782
1.03697007795489
1.18715802118964
1.14860911903273
1.17524102748021
1.02399358536288
1.07553256092946
1.03835871815129
1.01878109539858
1.02236854900612
1.09287147129288
1.44966937567748
0.928101653352532
1.20130835438815
1.02286307653783
0.927602467279599
1.16153475618206
1.14217640780711
0.994844778710402
1.24160663183098
1.13708826709454
1.09645536166925
1.15698572421097
1.1577895267918
0.969534489678498
1.05117769049558
1.01156911361961
1.0301886886313
0.936950217766012
1.03558693021872
1.16330118917386
1.16199968522918
1.14366869087411
1.03017117116256
1.05874704334136
1.0822656926882
1.27248989536392
1.4763205065608
0.983374157776632
1.28611108231452
0.987230947571365
1.1167755414038
1.13128566497797
1.08286538786581
1.13798003982915
1.04626693743124
1.03024906133418
1.04364831941937
1.18601748614207
1.22668033852762
1.18558083161598
0.89626463470297
0.972547696512773
1.08133457618361
1.05201079252425
1.0851641616515
1.0175833335966
1.15298222281316
0.939651640845268
1.1254806139934
1.06433801624023
0.991515025513364
0.981701322168431
1.05000017581773
1.06529313310479
1.04047136767752
1.10115085091564
1.10351209509309
1.1433082410918
1.05956044117531
1.08764476605246
1.17093387162381
1.09339007023401
1.07827304184452
1.17904597094353
1.0686400209763
1.2197340982215
1.02447232831813
1.13584741892941
1.08932820664152
0.944697345229773
1.1129083554125
0.998821925182434
1.00145876943301
1.28222643068441
1.21794481774474
0.984316971456802
0.96675730422641
1.07856734067006
1.14764774512902
1.04450196569067
1.03913162270797
1.00050013091536
1.16465075134138
1.15859103391079
1.12355703585245
1.03027344258947
1.18482832175939
1.02455018562911
1.03449374838266
1.07051856285424
1.08314104489445
0.976176498398592
0.968411608692655
1.28072252859347
1.15531849484953
1.13927976028598
1.19620922832911
1.15679048191796
1.04963573241986
0.960464982199112
1.21812764140207
1.0238146237807
1.41576230349592
0.958809784021447
1.07566111829878
1.01291057269036
1.14894007360104
1.27373308469973
1.10364048541195
1.04321925660613
1.0434302469209
0.927489228412762
1.0656824815307
1.16173114810992
1.02508446669896
1.24974007291493
1.02611140722267
1.02577750307796
1.18801742881523
1.04412137070949
1.2295399836204
1.09251991151595
1.13842700517176
1.15903063520981
1.00666477188433
1.25370065502357
1.12798512899759
1.12191256980986
0.96035034505679
0.991281413904068
1.05772673878718
1.04605244318421
1.00780093484143
1.05221626384614
1.1404653130175
1.08822320969922
1.16164830121865
1.00530255645719
1.22943731184513
1.25549554273869
1.1289813215075
1.11606609505094
0.969453536383773
1.24290414506723
1.32836452216721
1.08927403314723
1.01438595001896
1.20392475389455
1.06905424535742
1.03602240142746
1.18343345149595
1.12935781683634
1.24581392634875
1.03598171905464
1.05280213332225
1.18165094305232
1.02927270623722
1.02705070195212
0.996981547625548
1.16362976614618
0.950851035354735
1.1166877191318
1.21623337065566
1.14283140552193
1.21152239276671
1.0250220494464
0.972826354289089
1.14066332223873
1.06784236433554
1.24060384680672
1.02107858772701
0.932896694820711
1.07286645255153
1.02990101178898
1.09429087626169
1.06468347397832
1.03120026626857
1.04514063587249
0.96144407438433
1.16406892210886
1.16009104922316
1.02196163641619
1.00586889304406
1.36386537515234
1.01310870719097
1.01504106364462
1.04207988292578
1.12759952881921
1.04566406658475
1.11807838840175
1.20770973700966
0.986934451586725
1.03047182904725
1.25411511706652
1.02771927939616
1.13359855411737
1.00353338878395
1.12123250650036
0.957935711928715
1.03356577515395
1.05163293776339
1.17082790602916
1.01913202450404
1.06067639136139
1.01266545271579
1.16882438830486
1.14625778531305
1.16805401224549
1.18023217153455
1.06320538932572
1.10197046154965
0.96636425889941
1.02666077027961
0.953182437893143
1.19402013023727
1.13827566945377
1.13524823828026
1.18425874899692
1.04508093016873
0.996417529692712
1.08872433571241
1.24186108350222
1.0304719113646
1.18617873261539
1.12127251686124
1.12126850275453
1.05815827870786
1.20154664677672
1.20405265606349
1.27666166937227
0.957747285537577
1.12870182261837
1.09118939959549
1.13722368571734
1.23606403956798
1.12041808765568
1.06896648059395
1.00092520575363
0.982905850531012
1.27774457817645
1.18334645394222
1.32913563691417
0.988440554196896
1.04903797171077
0.999444722758751
1.1052659177122
1.22825216551859
1.02711865309956
1.0386655818891
1.09595615405679
1.28645745144379
1.05036539022762
1.11957280427714
0.980291593888586
1.00695043767228
0.944396821515192
1.00729105650707
1.01165298832918
1.01016425667335
1.17941095123057
1.15460917817182
1.2656106049176
1.01267334338483
1.12020823431622
1.25992152331523
1.06312331382709
1.19184933285869
1.1346247695714
1.06124332616251
1.04275747174035
1.04155846797721
1.03875803867757
1.13979739417945
0.994743097332369
1.12110317731535
1.16507197621794
1.10554689823351
1.21349098542644
0.989964310229694
0.991780112496706
1.19295425886427
1.1659037461575
1.11265936295233
1.0917126210291
1.0457366774996
1.0373700108157
1.14517154672796
1.18223876856078
1.17267340451368
1.10540436533571
1.07682763889843
1.0552179164377
1.0974246546736
1.10467830266875
0.925034893301364
1.1998329952111
1.00176914755784
1.0537674499572
1.13957161040146
1.25905869827027
1.15122093463393
0.988051994298166
1.22019287788734
1.12118704982351
1.00076410401542
1.16130240436442
1.01086521116992
1.05388439130162
1.10367630919066
1.06222009319308
1.07667013989008
1.11256269949815
1.15893733001499
1.22479538257671
0.989025931732319
1.22031486378604
1.03015141791418
1.04367345820055
1.22370155463847
1.02820734059582
1.15351361540808
1.30465547424076
1.27477748816975
1.20001810745637
1.14010265226459
1.28573902103729
1.04642933305665
0.929430742290959
1.09128702239259
1.10284393475046
1.05098155942215
0.973215940191443
1.32718847165444
1.0542177388582
0.973159901798391
1.06565793404519
1.28530805095629
1.15725708968797
1.2035051780447
1.23260073057952
1.23982754942303
1.24035463607802
1.10881439973007
1.17866981385479
0.955951189639456
1.00246153427596
1.00656083489607
1.10825807401745
0.968422928634661
1.0056107169989
1.26011335208257
1.1951197690308
1.38284971641142
0.946476693366384
1.08258405602514
1.00560304878277
1.08989958354837
1.15107707847685
1.0465130797532
1.24910524037923
1.14388592736824
1.29416207505918
1.34299640716049
1.28563223990606
1.10825245651599
1.06862111785545
1.05870919047677
1.12735800083867
1.22267034597765
1.02196851620822
1.02361644813262
1.32505555953216
0.988310529160049
1.05254659722466
1.07772473942055
1.13646288972206
1.196224593408
1.06726198483016
1.0349010246277
1.00442863651791
1.08860830083032
1.06521167291149
1.06336399437326
0.917018988587091
1.08604009583032
1.27811034336562
1.14603794200701
1.15251413875563
1.1259932085961
1.3833700366394
0.990148269257068
1.07223622483688
1.21436690906373
1.18241094359148
1.131339726742
1.05692580708996
0.969638181756194
1.03467764200374
1.0938799652992
1.10364933986496
1.23838190080049
1.03047481383963
1.05139786885702
1.12445153442418
1.0626583836428
1.08131134268223
1.05936286856382
1.06060022311396
1.21618960680673
0.960215688534659
1.04203933776318
1.23197271320725
1.17276097260857
1.08467196808209
1.1787798045644
1.01906005992798
0.960138760013975
0.974098732412325
1.23001060315791
1.09892326942137
1.24575839109277
1.08781519100894
1.12707293494222
0.936747973621905
1.09449112553679
1.08909414141187
1.16816669095408
0.999391644848663
1.0388350552523
1.06699702817413
1.09041201006594
1.03343794079927
1.11804685262662
1.01320953237946
0.983802271060093
1.03398717699581
1.12881636954678
1.23380869724751
1.05233001500213
0.898968384957856
1.37208685879891
1.01418410309201
1.07701138819202
1.00598586711808
1.09557110084605
1.1331411892536
1.10235179034759
1.12887843092229
1.2564003350584
1.22112826970839
1.21403843441536
1.05792651825426
1.10293857864518
1.03643477370049
1.0929911786345
1.21561671658888
1.09840214441466
1.1006384945242
1.20041460596134
1.05492579764323
1.20856619567472
0.993934043394036
1.110326673985
1.02797710403602
1.07440890052438
0.97904731987335
0.993527356090944
0.979656703053994
1.08566311929674
1.14749729660001
1.01953065937063
1.06922457696449
1.08725030106784
1.03603668522036
1.10030443854086
1.05444998499252
1.01941050742591
1.27774392908385
1.17464837598447
0.984313981896627
1.07143789791622
1.23463045741132
1.31241511702448
1.01777964232946
1.08872095745256
1.04213758919567
1.07581053810854
1.22082395094317
1.2656319822337
1.15731996014651
1.11222165319363
1.06737519241136
1.24822798610602
1.17156728214872
1.29438463404552
1.15152980166351
0.982763174191026
1.19414498229584
1.19502252208448
1.28476576553444
1.10931102199025
1.1007056834082
1.08637313807291
0.99161983842661
1.07620280308739
1.11910353414194
1.09173376686622
1.02789183657821
1.04036783513763
1.17645342097288
1.01854279834907
1.17644603135115
1.24205247480018
1.06880428566248
1.05646575913968
1.06982219872716
1.19015033254305
1.00549637747315
1.55860126566935
1.13853625453275
1.12845258735456
1.32212115334421
1.17274972553268
1.16181826270584
1.13470274657387
1.05804062869282
0.954815522234164
1.23521483989114
1.30736770502668
1.06756308768353
1.26874297837583
0.968971723518107
0.987051565086002
1.10704825544864
1.12533518214636
1.168229635667
0.950995195918149
1.19456206142435
1.35862019819742
0.953197029125134
1.03499870636322
1.17731412818597
1.22650927129682
1.0157077266379
1.07630333374891
1.11835379671444
1.29157909706195
1.25885842988813
0.945875829587533
1.119363270389
0.962422686427615
1.0781974621747
0.996755657059741
1.02464115818335
1.14843278815127
1.09714734558816
1.0956670285253
1.14673018609385
1.21111133099747
0.998466387346706
1.27253082583602
0.964163462460205
1.05621551813226
1.08891329584981
1.19241576520044
1.17051103019312
1.27411370252699
1.04297229869716
1.19804739841064
1.02288315990037
1.05632954527064
0.996575958737712
1.2283757495014
1.20114810389217
1.1336646328135
1.03293721217259
1.14303905777539
1.01969856259599
1.00767244425137
1.14546939089684
1.05878296336899
1.43023323523766
1.45103854739408
1.01905032042537
0.925708678731958
1.10194292823677
1.11261377848299
1.12722157923925
1.22345574061725
1.18845199489404
1.18000632286806
1.17986260864039
1.25886643213713
1.01224157577422
1.11689231097498
1.09677005408488
1.08032014757745
1.38430483236155
0.950558568402005
0.970449612025081
0.997092561426503
0.911804285634144
0.976407298273868
0.992487729955466
1.19429793777644
1.03405165221057
1.06869044791225
1.09968558590612
0.982113281035954
1.06181357818503
1.00143251759304
0.981845142356366
1.02577490429675
1.06662671335558
1.06497324834836
1.02640575085778
1.17609615149998
1.09115486236293
1.28810436057693
1.02362522971924
1.04814588486591
1.22358958674821
1.15385381392194
1.09243222001548
0.998192209193361
0.974410127102403
1.17870688916211
1.13466724189615
1.13430232311133
1.17432080304489
1.08706091493767
1.13087308116004
0.921167646905716
1.06584715531538
1.10368167073492
0.962972613351564
1.16157854352208
1.00880334902194
0.941622062756511
1.36912581379254
0.986605307744668
1.257871394795
0.952837184457277
1.13068613774304
1.19963814920642
1.06488628261798
1.15858056936493
0.962736854333142
1.02223744194714
1.05582844267592
1.00874644972518
1.13094353402959
0.975784418068808
1.01712315164542
1.04369812934837
1.10219975370413
1.09531361377562
1.26374514698729
1.03952368205646
1.03153512238237
1.05512261015941
1.22063879683491
1.16329589367683
1.04656094545792
1.09585077700441
1.06383013553937
1.12771702028939
1.20772561782378
1.09314690461168
1.01044323599676
1.10688452336292
0.94357944049235
1.22428309063096
0.999997414308116
1.05625717542104
0.945193115397661
0.985601651919075
1.19694994684069
1.08542054022216
1.2645945560713
1.00578910803903
1.04538696231635
0.994847154164539
