3.3166247903554
1.73205080756888
2
3.74165738677394
4.79583152331272
2
4
3.74165738677394
1.73205080756888
4.47213595499958
2.23606797749979
5.09901951359278
2
3.46410161513775
2
5.09901951359278
1.73205080756888
3.3166247903554
2
3
3.60555127546399
1.73205080756888
4.89897948556636
1.73205080756888
3.3166247903554
3.16227766016838
2.23606797749979
2
3.74165738677394
2.82842712474619
2.82842712474619
4.79583152331272
2
1.73205080756888
2.23606797749979
4.12310562561766
2.82842712474619
3
3.74165738677394
3.74165738677394
1.73205080756888
4.12310562561766
4.69041575982343
4.12310562561766
2.64575131106459
3.3166247903554
2.44948974278318
3.46410161513775
1.73205080756888
3.74165738677394
3.3166247903554
4.12310562561766
4
4.24264068711928
4.12310562561766
3
2.64575131106459
3.74165738677394
2.82842712474619
2.82842712474619
2.23606797749979
1.73205080756888
4.58257569495584
4.35889894354067
4.12310562561766
2.44948974278318
3
4.89897948556636
4.47213595499958
3
4.24264068711928
2.64575131106459
3.3166247903554
4
3.60555127546399
2.64575131106459
3.3166247903554
1.73205080756888
2.44948974278318
3.16227766016838
2
2
3.87298334620742
3
3.74165738677394
3.3166247903554
3.74165738677394
4.47213595499958
1.73205080756888
4.24264068711928
2.64575131106459
3
2.44948974278318
3.3166247903554
3.87298334620742
2.82842712474619
1.73205080756888
4.89897948556636
4.35889894354067
3.46410161513775
1.73205080756888
4
4.47213595499958
3.46410161513775
3.16227766016838
3.60555127546399
2.44948974278318
2.23606797749979
3.16227766016838
3.46410161513775
1.73205080756888
4.12310562561766
2
3.46410161513775
3
1.73205080756888
4.24264068711928
2
5.19615242270663
2.82842712474619
4.79583152331272
3.16227766016838
1.73205080756888
4.35889894354067
2
2.64575131106459
5.29150262212918
4.35889894354067
2.23606797749979
3.3166247903554
4.69041575982343
3.60555127546399
4.12310562561766
4
4.47213595499958
4.24264068711928
2
5.19615242270663
2.82842712474619
3.74165738677394
2.23606797749979
2.64575131106459
3.16227766016838
3.60555127546399
3.16227766016838
3.60555127546399
4.24264068711928
3
4
1.73205080756888
3.46410161513775
3.87298334620742
1.73205080756888
3.60555127546399
3.74165738677394
5.09901951359278
3.74165738677394
2
2.44948974278318
3
3.16227766016838
2.23606797749979
4.79583152331272
3.3166247903554
5.29150262212918
4.24264068711928
2.82842712474619
1.73205080756888
3.3166247903554
2.82842712474619
3.46410161513775
3.46410161513775
3.3166247903554
5.09901951359278
4.47213595499958
3.16227766016838
3.16227766016838
5.09901951359278
1.73205080756888
3
4
1.73205080756888
2
5.19615242270663
3.16227766016838
1.73205080756888
2.82842712474619
5.09901951359278
4.24264068711928
3.16227766016838
3.60555127546399
3.16227766016838
1.4142135623731
3.60555127546399
2.44948974278318
1.73205080756888
1.73205080756888
4.24264068711928
3
2.64575131106459
2
3.16227766016838
5.29150262212918
3.16227766016838
2.64575131106459
2.23606797749979
2
3.60555127546399
3
1.73205080756888
5
3
2.23606797749979
4.12310562561766
4
4.24264068711928
2.64575131106459
2.23606797749979
1.73205080756888
3
4.79583152331272
2.23606797749979
4.89897948556636
3.74165738677394
2
4.12310562561766
5.19615242270663
2.23606797749979
3.16227766016838
3.46410161513775
1.73205080756888
2.23606797749979
1.73205080756888
3.3166247903554
2.44948974278318
4
2
4.24264068711928
4
5.09901951359278
2.64575131106459
3.3166247903554
2.82842712474619
3.16227766016838
3.16227766016838
4.79583152331272
2.82842712474619
3.16227766016838
2.23606797749979
4.89897948556636
2.82842712474619
4
4.35889894354067
4.24264068711928
4.12310562561766
3.46410161513775
3.87298334620742
5.09901951359278
3.60555127546399
1.73205080756888
3.3166247903554
4.12310562561766
3.74165738677394
5
4.47213595499958
3
2.23606797749979
3.60555127546399
4
3.46410161513775
4.12310562561766
1.73205080756888
5.47722557505166
1.73205080756888
3.3166247903554
5.09901951359278
4
1.73205080756888
2.82842712474619
2.82842712474619
5
2.23606797749979
3.46410161513775
2.23606797749979
4.24264068711928
3.3166247903554
2.44948974278318
4
3
2
4
3.16227766016838
2.64575131106459
3.46410161513775
3.74165738677394
2.23606797749979
2
3
4
4.47213595499958
3.16227766016838
2.82842712474619
4.58257569495584
2.82842712474619
2.23606797749979
4.12310562561766
2.23606797749979
3.16227766016838
4.12310562561766
2.23606797749979
3.74165738677394
4.35889894354067
4.12310562561766
2.82842712474619
5
3.3166247903554
4
2.23606797749979
3.60555127546399
3.16227766016838
5.09901951359278
3.3166247903554
3.46410161513775
3.87298334620742
3.74165738677394
4.12310562561766
5.09901951359278
3.60555127546399
2.82842712474619
3.16227766016838
4.24264068711928
4
2.23606797749979
4.35889894354067
2.64575131106459
3.60555127546399
2.82842712474619
5.56776436283002
3.60555127546399
4.12310562561766
3.60555127546399
4.12310562561766
4.89897948556636
3.60555127546399
2.64575131106459
3.74165738677394
2.44948974278318
4.12310562561766
4.79583152331272
3.74165738677394
1.4142135623731
2.82842712474619
4.35889894354067
2.44948974278318
3.87298334620742
3.3166247903554
2.23606797749979
3.46410161513775
3
4.58257569495584
3.46410161513775
2
4
4.47213595499958
5
2.23606797749979
3.60555127546399
3.3166247903554
2
2.64575131106459
3.60555127546399
3.60555127546399
3.60555127546399
5.19615242270663
2
2.23606797749979
2.82842712474619
4.89897948556636
3.16227766016838
2.23606797749979
4
2.44948974278318
2.44948974278318
3.87298334620742
2.23606797749979
2.23606797749979
3.16227766016838
4.69041575982343
4.69041575982343
2.64575131106459
4
4.35889894354067
3.60555127546399
4.35889894354067
3.16227766016838
2.44948974278318
1.73205080756888
3.87298334620742
2.82842712474619
2.64575131106459
2
3.60555127546399
3.16227766016838
2.82842712474619
3.46410161513775
1.73205080756888
2.82842712474619
3.74165738677394
2
2
2.82842712474619
4.12310562561766
2.44948974278318
2.64575131106459
3.74165738677394
3
2
2
3.87298334620742
2.64575131106459
4.89897948556636
2
2.82842712474619
3.16227766016838
3.74165738677394
2.44948974278318
1.73205080756888
3.3166247903554
4.35889894354067
3.3166247903554
3.16227766016838
5
3.46410161513775
3.46410161513775
3
3.3166247903554
1.73205080756888
3.60555127546399
2.64575131106459
2.23606797749979
2
4.12310562561766
3.74165738677394
2.64575131106459
3.74165738677394
2
3
3.60555127546399
4.35889894354067
4.12310562561766
2.82842712474619
4.12310562561766
4.47213595499958
2.82842712474619
2.44948974278318
3.3166247903554
2.82842712474619
3
3
2
2.82842712474619
3.87298334620742
3
2.64575131106459
2.23606797749979
3.60555127546399
4.24264068711928
3
3.16227766016838
4.24264068711928
4
4.12310562561766
2
5.09901951359278
4.24264068711928
2.44948974278318
3.74165738677394
2
3.3166247903554
3.3166247903554
3.16227766016838
3.16227766016838
2.64575131106459
2.82842712474619
4.35889894354067
4.24264068711928
4
3.3166247903554
3.74165738677394
3
3.60555127546399
3
3.60555127546399
5.09901951359278
2
3
2.23606797749979
2.82842712474619
3.16227766016838
4.58257569495584
2.23606797749979
3.3166247903554
3.60555127546399
1.73205080756888
5.47722557505166
3.74165738677394
4.47213595499958
3
3.87298334620742
3.74165738677394
2.82842712474619
4
2.44948974278318
4.35889894354067
1.73205080756888
3.87298334620742
3.46410161513775
3.16227766016838
2
4
2.44948974278318
2
5.3851648071345
2.44948974278318
2.23606797749979
3.46410161513775
3.74165738677394
2.82842712474619
2.23606797749979
3.87298334620742
3.60555127546399
4.47213595499958
2.82842712474619
4
2
3.60555127546399
3.87298334620742
5
4.69041575982343
1.73205080756888
2.23606797749979
3.74165738677394
4.47213595499958
4.12310562561766
3.3166247903554
3
4
2
5.09901951359278
3.46410161513775
4.12310562561766
3.60555127546399
5.65685424949238
2.23606797749979
2.82842712474619
2.44948974278318
1.4142135623731
2.23606797749979
4.35889894354067
3
2.82842712474619
4.12310562561766
3.3166247903554
3.3166247903554
3.16227766016838
4
2.23606797749979
4.12310562561766
4.47213595499958
3.46410161513775
5.09901951359278
1.73205080756888
4
1.73205080756888
4.69041575982343
4.79583152331272
2
1.73205080756888
4.35889894354067
3.3166247903554
4.12310562561766
3.74165738677394
3
5
4
4.12310562561766
3.60555127546399
3.60555127546399
1.73205080756888
1.73205080756888
4.79583152331272
4.89897948556636
2.23606797749979
3.60555127546399
3.87298334620742
3.74165738677394
2.82842712474619
1.73205080756888
4.24264068711928
2
2
2.82842712474619
2.82842712474619
3
4.58257569495584
4.24264068711928
5.19615242270663
5
4.79583152331272
2.64575131106459
1.73205080756888
2
4.35889894354067
2.64575131106459
2.44948974278318
4.12310562561766
4
4.24264068711928
3.74165738677394
2.64575131106459
2.44948974278318
4.24264068711928
4.12310562561766
2.23606797749979
2.82842712474619
4.24264068711928
5
1.73205080756888
4.24264068711928
1.73205080756888
4.12310562561766
4.12310562561766
4.69041575982343
1.73205080756888
2.82842712474619
3.60555127546399
2.64575131106459
3.16227766016838
4.69041575982343
2
3.3166247903554
3.16227766016838
1.73205080756888
3.60555127546399
3.46410161513775
1.73205080756888
4
1.73205080756888
3.16227766016838
2.23606797749979
2.23606797749979
5.09901951359278
2.44948974278318
2
3.46410161513775
4.24264068711928
3.46410161513775
1.73205080756888
3.46410161513775
5.29150262212918
4.24264068711928
3.46410161513775
1.73205080756888
2.82842712474619
2
4
2.44948974278318
2.44948974278318
2.64575131106459
3
4.47213595499958
2
2.44948974278318
4.24264068711928
3
5.19615242270663
2.82842712474619
3.60555127546399
2
3
2.64575131106459
5.19615242270663
4
5.29150262212918
3.16227766016838
1.73205080756888
2.23606797749979
4.12310562561766
5.19615242270663
2
2.44948974278318
2.82842712474619
3.74165738677394
3
2.44948974278318
1.73205080756888
1.73205080756888
1.73205080756888
4.24264068711928
1.73205080756888
4.24264068711928
4.47213595499958
3.3166247903554
3.87298334620742
2.44948974278318
2.82842712474619
4
4.69041575982343
4.58257569495584
4.35889894354067
2.23606797749979
3
3.46410161513775
3
1.73205080756888
4.24264068711928
2.82842712474619
3
3.74165738677394
4.79583152331272
2
2.44948974278318
2.23606797749979
3.87298334620742
5
1.73205080756888
2
2.44948974278318
2
3.46410161513775
3
2.82842712474619
5.09901951359278
5.09901951359278
3.16227766016838
3
4.12310562561766
2.44948974278318
5.3851648071345
2.44948974278318
2.23606797749979
2.82842712474619
2
2.23606797749979
4
4.35889894354067
2
3.60555127546399
3.74165738677394
2
3.74165738677394
2.64575131106459
3.3166247903554
3.74165738677394
2.23606797749979
1.73205080756888
4
2
2.23606797749979
3
2.64575131106459
4.69041575982343
4.24264068711928
2.44948974278318
2
4.79583152331272
3.3166247903554
3.74165738677394
5
4.47213595499958
2
3.60555127546399
2.23606797749979
5
4.58257569495584
4.24264068711928
1.73205080756888
4.24264068711928
4.69041575982343
4.89897948556636
2.64575131106459
4.47213595499958
5.29150262212918
3
4.12310562561766
3.3166247903554
1.73205080756888
3.87298334620742
3.16227766016838
1.73205080756888
4.12310562561766
2.64575131106459
5.19615242270663
3.3166247903554
3.74165738677394
3.87298334620742
4
4.47213595499958
3.3166247903554
3.87298334620742
3.87298334620742
2.82842712474619
4.12310562561766
4.69041575982343
3.74165738677394
1.73205080756888
5
2.82842712474619
2.44948974278318
4.58257569495584
4
4.12310562561766
3.46410161513775
2.44948974278318
2
4.79583152331272
4.47213595499958
3.16227766016838
2.64575131106459
2.44948974278318
4.89897948556636
3.60555127546399
2.44948974278318
3.3166247903554
3.87298334620742
2
3.46410161513775
3.3166247903554
3.16227766016838
4.47213595499958
3.74165738677394
2.64575131106459
3.3166247903554
3
2.82842712474619
2.23606797749979
3.87298334620742
4.58257569495584
4.79583152331272
4
3.87298334620742
2
3
4.47213595499958
3.74165738677394
4.35889894354067
4.69041575982343
2
4.12310562561766
3
3.3166247903554
4.12310562561766
4.69041575982343
2.23606797749979
4.12310562561766
3.16227766016838
3.60555127546399
3.60555127546399
4.24264068711928
2.44948974278318
2
3.60555127546399
4.58257569495584
1.73205080756888
3
2
2
3.16227766016838
4.58257569495584
2.23606797749979
4.58257569495584
3.74165738677394
2.82842712474619
4.47213595499958
3.3166247903554
4.24264068711928
3.87298334620742
4.47213595499958
2.23606797749979
2.64575131106459
2.64575131106459
2.44948974278318
3.87298334620742
4.12310562561766
3.46410161513775
3.74165738677394
4
4.35889894354067
2.82842712474619
3
4
4.24264068711928
3.16227766016838
5.19615242270663
3.46410161513775
3.3166247903554
4.12310562561766
2.44948974278318
3.60555127546399
4.47213595499958
1.73205080756888
2
2.82842712474619
3.87298334620742
1.73205080756888
3.46410161513775
3.74165738677394
3.3166247903554
2.23606797749979
4.12310562561766
2.82842712474619
4.69041575982343
3.16227766016838
1.73205080756888
4.35889894354067
4.35889894354067
3
4.12310562561766
3.3166247903554
2
4.12310562561766
4.24264068711928
2.44948974278318
3.46410161513775
2.23606797749979
1.73205080756888
3.87298334620742
3.16227766016838
3.16227766016838
3.3166247903554
3.46410161513775
4
4.24264068711928
2.82842712474619
2.82842712474619
4.12310562561766
3.3166247903554
3.74165738677394
4.24264068711928
4.12310562561766
4.35889894354067
2.23606797749979
3.74165738677394
2.82842712474619
3.60555127546399
1.73205080756888
3.3166247903554
1.73205080756888
2.64575131106459
2
4
3.60555127546399
4.69041575982343
3.87298334620742
3.60555127546399
4
2.82842712474619
3.60555127546399
1.73205080756888
2.23606797749979
2
4
2
4.12310562561766
2.82842712474619
1.73205080756888
2.44948974278318
5.19615242270663
4.12310562561766
2.23606797749979
2.82842712474619
4.35889894354067
4.12310562561766
4.69041575982343
3.16227766016838
4.24264068711928
2.23606797749979
3.74165738677394
4.58257569495584
2.23606797749979
2.82842712474619
4.47213595499958
3.87298334620742
3
3.60555127546399
4
3
1.73205080756888
4
4.12310562561766
3.74165738677394
3.74165738677394
2.23606797749979
3.46410161513775
4.12310562561766
2.64575131106459
3.16227766016838
4
1.73205080756888
4.24264068711928
1.73205080756888
5.09901951359278
4.89897948556636
4.89897948556636
4.12310562561766
3.87298334620742
2
4.47213595499958
3.60555127546399
4.35889894354067
4
4.79583152331272
5.29150262212918
1.73205080756888
1.73205080756888
4.24264068711928
3.74165738677394
4.24264068711928
2.44948974278318
3.60555127546399
2
2
1.73205080756888
2.23606797749979
4.89897948556636
4.24264068711928
3.3166247903554
1.73205080756888
4.47213595499958
2
2.23606797749979
3.46410161513775
3.60555127546399
4.35889894354067
4.47213595499958
4.35889894354067
5.09901951359278
4.47213595499958
3.87298334620742
3.74165738677394
2.82842712474619
1.73205080756888
5.09901951359278
3.60555127546399
4.35889894354067
4.47213595499958
2
1.73205080756888
1.73205080756888
4.58257569495584
3.60555127546399
3.3166247903554
4.89897948556636
3.74165738677394
5.19615242270663
2.23606797749979
3
1.73205080756888
3.87298334620742
4.12310562561766
3.46410161513775
4
3.74165738677394
2.82842712474619
3
5.09901951359278
3.3166247903554
3.74165738677394
5.09901951359278
3.74165738677394
2.64575131106459
2
1.73205080756888
3
3.46410161513775
4.35889894354067
4.24264068711928
3.74165738677394
2
2
5.29150262212918
3.60555127546399
3.46410161513775
2.82842712474619
3.87298334620742
1.73205080756888
3.74165738677394
3.87298334620742
4
3.60555127546399
5.29150262212918
3.16227766016838
3.87298334620742
3.87298334620742
3.74165738677394
4.58257569495584
3
1.73205080756888
3.46410161513775
4
3.46410161513775
4.24264068711928
2.23606797749979
3.60555127546399
2.82842712474619
3.74165738677394
3.87298334620742
4.89897948556636
3.46410161513775
3.16227766016838
3.74165738677394
2.23606797749979
2
4
3.3166247903554
4.47213595499958
4.47213595499958
2.23606797749979
5
2.82842712474619
3.60555127546399
3.16227766016838
3.87298334620742
3.74165738677394
2
4.12310562561766
3.87298334620742
4.47213595499958
3
5.09901951359278
3
2.23606797749979
2.82842712474619
2
3.87298334620742
2.23606797749979
3.87298334620742
2.44948974278318
4.58257569495584
3.60555127546399
3.60555127546399
3.16227766016838
4.58257569495584
3.87298334620742
2.82842712474619
4.58257569495584
4.47213595499958
3.3166247903554
2.23606797749979
2.82842712474619
1.73205080756888
3.46410161513775
2.82842712474619
4.24264068711928
3.16227766016838
3.16227766016838
1.73205080756888
2.82842712474619
2.82842712474619
2.44948974278318
5.47722557505166
3.3166247903554
3
3
2
2.23606797749979
2
2
3.87298334620742
3.16227766016838
3.16227766016838
2
4.58257569495584
1.73205080756888
4
3.60555127546399
4.79583152331272
3.60555127546399
2
4
5.19615242270663
4.24264068711928
3.60555127546399
5.09901951359278
1.73205080756888
4
2.82842712474619
3.74165738677394
4.35889894354067
4.58257569495584
2
3.46410161513775
2.82842712474619
3.3166247903554
2.64575131106459
5.19615242270663
2
4.47213595499958
2
4.35889894354067
3.74165738677394
2.23606797749979
4.47213595499958
3.16227766016838
1.73205080756888
4
2.82842712474619
3
3.16227766016838
3
3.3166247903554
3.46410161513775
2.82842712474619
2.64575131106459
3
5.47722557505166
4.12310562561766
3.3166247903554
3.16227766016838
2
1.73205080756888
3.3166247903554
4.69041575982343
3.16227766016838
3
4.24264068711928
2.82842712474619
3.60555127546399
2.23606797749979
3
4
2
4.24264068711928
2.23606797749979
2
3.3166247903554
4.58257569495584
3.74165738677394
5
2.23606797749979
3
3.87298334620742
4.35889894354067
3.46410161513775
2.44948974278318
3.3166247903554
4.58257569495584
3
2.44948974278318
3.87298334620742
3.46410161513775
2
4.47213595499958
4.12310562561766
4.69041575982343
1.73205080756888
3.16227766016838
3.74165738677394
4.69041575982343
5.19615242270663
3.46410161513775
3
5
4.69041575982343
3.3166247903554
4.12310562561766
4.24264068711928
2.82842712474619
2.23606797749979
1.73205080756888
3.16227766016838
3.60555127546399
4.24264068711928
3.46410161513775
2.82842712474619
3.74165738677394
5.09901951359278
4.24264068711928
3.16227766016838
4.58257569495584
4
2.23606797749979
3.60555127546399
4.58257569495584
3.16227766016838
3.74165738677394
4.47213595499958
2.82842712474619
3.16227766016838
3.16227766016838
4.24264068711928
4.24264068711928
3.74165738677394
4.12310562561766
2
2.23606797749979
3.3166247903554
4.58257569495584
3.16227766016838
3.46410161513775
5.09901951359278
3.74165738677394
3.3166247903554
4.12310562561766
2.82842712474619
2.44948974278318
4.69041575982343
4.79583152331272
2.23606797749979
4.69041575982343
4.24264068711928
2.64575131106459
2.23606797749979
4.35889894354067
2.82842712474619
5.09901951359278
3.46410161513775
4.24264068711928
2.82842712474619
1.73205080756888
2.44948974278318
2.23606797749979
1.73205080756888
4.12310562561766
4.69041575982343
4.12310562561766
3
4.12310562561766
4.89897948556636
4
2.64575131106459
4.89897948556636
2.23606797749979
2.44948974278318
4.24264068711928
3.3166247903554
3.87298334620742
2.82842712474619
4
3
3
4.35889894354067
3
2.82842712474619
4.35889894354067
3.46410161513775
2
3.16227766016838
3.46410161513775
3.87298334620742
1.73205080756888
3.60555127546399
2.23606797749979
4.24264068711928
3.3166247903554
3.60555127546399
2
3
3.87298334620742
3
1.73205080756888
4.12310562561766
4.47213595499958
3.87298334620742
3.16227766016838
3
3.3166247903554
5.29150262212918
4.12310562561766
2.64575131106459
3.74165738677394
4.58257569495584
3.87298334620742
3.16227766016838
5.09901951359278
3.16227766016838
3.16227766016838
4
2.64575131106459
2.23606797749979
4.69041575982343
4.35889894354067
2.23606797749979
2.82842712474619
3.3166247903554
4.79583152331272
4.79583152331272
4.47213595499958
3.87298334620742
3.46410161513775
2.82842712474619
4
4.12310562561766
3.60555127546399
2.44948974278318
2.44948974278318
3.87298334620742
2.23606797749979
3.16227766016838
5.09901951359278
4
4.24264068711928
5.09901951359278
2
2
5.29150262212918
3.87298334620742
1.73205080756888
3.46410161513775
4.47213595499958
3.74165738677394
4.35889894354067
3.60555127546399
3.46410161513775
4
3.87298334620742
3.3166247903554
3
5.09901951359278
5.19615242270663
4.12310562561766
4
3.3166247903554
4
3.3166247903554
3.3166247903554
2
3.16227766016838
4.58257569495584
3.3166247903554
3.16227766016838
3.74165738677394
3.16227766016838
4.24264068711928
3.60555127546399
3.46410161513775
3.74165738677394
1.73205080756888
3.74165738677394
2.44948974278318
4.47213595499958
3.3166247903554
3.46410161513775
5
4.24264068711928
3.74165738677394
3.60555127546399
4
5.09901951359278
3.16227766016838
4.24264068711928
2.82842712474619
5.29150262212918
5.74456264653803
5.65685424949238
4.47213595499958
4.12310562561766
5.19615242270663
4.24264068711928
4
4.12310562561766
2.23606797749979
4.12310562561766
4.58257569495584
1.73205080756888
3.60555127546399
4.79583152331272
2.23606797749979
4.47213595499958
3.3166247903554
3.16227766016838
5.19615242270663
3.60555127546399
2.64575131106459
2.44948974278318
3.60555127546399
5.09901951359278
3
3
4.47213595499958
3.74165738677394
4.12310562561766
3.74165738677394
3.87298334620742
4.69041575982343
3
2
3.60555127546399
3
3
2
5.29150262212918
4
4.47213595499958
3.3166247903554
4.35889894354067
5.09901951359278
2.82842712474619
1.73205080756888
3.46410161513775
2.23606797749979
4.47213595499958
4
4.35889894354067
4.35889894354067
4.35889894354067
5.19615242270663
3.74165738677394
3.74165738677394
3.60555127546399
1.73205080756888
4
4.35889894354067
3.16227766016838
5
1.73205080756888
4.89897948556636
4.58257569495584
4.12310562561766
3.3166247903554
2.82842712474619
2.64575131106459
5.29150262212918
3
2.23606797749979
4
4
2
5.09901951359278
4.58257569495584
3
1.73205080756888
2
4.12310562561766
2.23606797749979
2.64575131106459
4.79583152331272
4.12310562561766
5
4.47213595499958
3.87298334620742
4.58257569495584
3
3.74165738677394
2
2.44948974278318
3.87298334620742
4.24264068711928
2
4.12310562561766
3.74165738677394
5.29150262212918
3.46410161513775
4.58257569495584
2.82842712474619
4.58257569495584
1.73205080756888
3.46410161513775
4.35889894354067
3
1.73205080756888
2.64575131106459
4.58257569495584
3.46410161513775
2.23606797749979
2.64575131106459
3.46410161513775
4
2.44948974278318
3.60555127546399
2.23606797749979
2.44948974278318
3.74165738677394
4.58257569495584
4
4.24264068711928
3
2.44948974278318
3
2
2
1.73205080756888
3.87298334620742
3
3.60555127546399
3.60555127546399
3.60555127546399
3.16227766016838
2.64575131106459
4
4
3.60555127546399
3.46410161513775
4.24264068711928
4.69041575982343
3.74165738677394
3
3
5.3851648071345
4.89897948556636
2.82842712474619
5.74456264653803
3.46410161513775
5.19615242270663
5.19615242270663
4.89897948556636
6.2449979983984
2.64575131106459
6.08276253029822
4.12310562561766
4.89897948556636
5.3851648071345
5.3851648071345
5.19615242270663
3.74165738677394
4.12310562561766
6.70820393249937
2.44948974278318
5.56776436283002
2.82842712474619
2.82842712474619
3
5.56776436283002
4
3.16227766016838
3.74165738677394
4.89897948556636
7.34846922834953
7.07106781186548
4.24264068711928
2.44948974278318
3.87298334620742
5.29150262212918
5.3851648071345
3.16227766016838
5.91607978309962
5.3851648071345
1.4142135623731
3.74165738677394
5.19615242270663
2.64575131106459
6.6332495807108
3.60555127546399
3.74165738677394
1.4142135623731
4.58257569495584
2.23606797749979
5.3851648071345
2.64575131106459
3.46410161513775
3.60555127546399
2.23606797749979
4.89897948556636
3
6
5.91607978309962
4.89897948556636
5.09901951359278
6.40312423743285
6.16441400296898
3.60555127546399
5.47722557505166
5.65685424949238
1.73205080756888
3.16227766016838
3.60555127546399
3.3166247903554
5.19615242270663
5.47722557505166
5
5.29150262212918
3.74165738677394
3.87298334620742
4.58257569495584
4.79583152331272
6
5.65685424949238
4.24264068711928
5
6.85565460040104
5.56776436283002
4.12310562561766
