-1.15248562851636e+308
-1.15248562851636e+308
-1.15248562851636e+308
-1.15248562851636e+308
-1.15248562851636e+308
-1.15248562851636e+308
-1.15248562851636e+308
-1.15248562851636e+308
-1.15248562851636e+308
-1.15248562851636e+308
-1.15248562851636e+308
-1.15248562851636e+308
-1.07992247741124e+308
-1.11136776106482e+308
-1.11189229415049e+308
-1.11190564553796e+308
-1.08149968121889e+308
-1.03498189990953e+308
-1.15248562851636e+308
-1.15248562851636e+308
-1.15248562851636e+308
-1.15248562851636e+308
-1.15248562851636e+308
-1.15248562851636e+308
-1.15248562851636e+308
-1.15248562851636e+308
-1.15248562851636e+308
-1.15248562851636e+308
-1.15248562851636e+308
-1.15248562851636e+308
-1.15248562851636e+308
-1.15248562851636e+308
-1.15248562851636e+308
-1.15248562851636e+308
-1.15248562851636e+308
-1.15248562851636e+308
-1.15248562851636e+308
-1.15248562851636e+308
-1.15248562851636e+308
-1.15248562851636e+308
-1.15248562851636e+308
-1.15248562851636e+308
-1.07719689653767e+308
-1.0800658817861e+308
-1.06392012637828e+308
-1.0445555139286e+308
-1.02870725281813e+308
-1.02339312989055e+308
-1.13490606966542e+308
-1.10468126109437e+308
-1.15248562851636e+308
-1.15248562851636e+308
-1.15248562851636e+308
-1.15248562851636e+308
-1.15248562851636e+308
-1.15248562851636e+308
-1.15248562851636e+308
-1.15248562851636e+308
-1.15248562851636e+308
-1.15248562851636e+308
-1.15248562851636e+308
-1.15248562851636e+308
-1.15248562851636e+308
-1.15248562851636e+308
-1.15248562851636e+308
-1.15248562851636e+308
-1.15248562851636e+308
-1.15248562851636e+308
-1.15248562851636e+308
-1.15248562851636e+308
-1.15248562851636e+308
-1.15248562851636e+308
-1.15248562851636e+308
-1.15248562851636e+308
-1.15248562851636e+308
-1.15248562851636e+308
-1.15248562851636e+308
-1.15248562851636e+308
-1.14074654754621e+308
-1.15248562851636e+308
-1.15207066209931e+308
-1.1522162684682e+308
-1.13820145053404e+308
-1.15248562851636e+308
-1.15248562851636e+308
-1.15248562851636e+308
-1.15248562851636e+308
-1.15248562851636e+308
-1.15248562851636e+308
-1.15248562851636e+308
-1.15248562851636e+308
-1.15248562851636e+308
-1.15248562851636e+308
-1.15248562851636e+308
-1.15248562851636e+308
-1.15248562851636e+308
-1.15248562851636e+308
-1.15248562851636e+308
-1.15248562851636e+308
-1.15248562851636e+308
