0.0
0.7464639662596577
0.4119544757390208
0.0
0.9746508722805253
0.5954442535159523
0.6269111175204416
0.8133912726165657
0.3143269908225035
0.27660566172991174
0.0
0.07407405419725088
0.0
0.17323400703658054
0.0
0.9979868887142649
0.0
0.9568356677306348
0.0
0.0
0.0
0.39500918024526355
0.0
0.0
0.05334397143430447
0.0
0.0
0.0
0.0
0.001421916565028436
0.0
0.0
0.0
0.0
0.9860632002598416
0.21835331933878366
0.0
0.0
0.0
0.0
0.9878486554711857
0.5086260962659583
0.31388460262686535
0.013705002109276387
0.034962800214040746
0.0
0.9315518892681908
0.0
0.0
0.7715765587219506
0.0
0.0
0.0
0.0
0.3919839776239382
0.8886804066727046
0.09701350032216816
0.33669834234363694
0.8198721360034085
0.13575047654327965
0.0
0.0
0.0
0.0
0.9999999824999454
0.0
0.0
0.5737928041177547
0.0
0.0
0.0
0.0
0.8770992200261275
0.11078595341406483
0.0
0.0
0.0
0.999842515833607
0.0
0.0
0.0
0.0
0.0
0.06951979375584627
0.0
0.217310115879073
0.0
0.9936314405481181
0.8370165948586296
0.46411945409009103
0.09205317644984956
0.7018917697548271
0.11122484674134347
0.868140586424845
0.0
0.1495991532198151
0.0
0.1708657981453826
0.0
0.0
0.9944547326675162
0.7271072711346913
0.0
0.9352259970951968
0.1105264790247994
0.2186323669531245
0.46734731710266053
0.0
0.5850968885232644
0.6812831910415265
0.0
0.3479080229669552
0.0
0.030577725900341135
0.21104348386051552
0.10000925161227348
0.0
0.0
0.30570840975275115
0.641830933422186
0.0
0.8608138749118134
0.15433958110875312
0.0
0.24234504387971945
0.0
0.0
0.0
0.0
0.0
0.1169027749826731
0.0
0.0
0.22765337645878625
0.0
0.0384204207502864
0.0
0.8289402239954291
0.3868740992022902
0.7723914260157219
0.12443602502713658
0.48603659086606865
0.8760020782899679
0.22142237761671346
0.6884170534277707
0.0
0.0
0.0
0.0
0.0
0.5665596477044338
0.08747903890752529
0.0
0.7994715424777487
0.0
0.0
0.19371048135712932
0.0
0.0
0.019135516329531255
0.21450029760542555
0.0
0.0
0.1323985724769431
0.0
0.0
0.0
0.1150122185312259
0.33792181843852465
0.0
0.9995098545897617
0.0
0.06830495399022374
0.11840914081480314
0.0
0.0
0.0
0.0
0.06735181703356852
0.0
0.0
0.23284655124659714
0.0
0.0
0.0
0.18394039261835982
0.6644108207555686
0.990319971022363
0.01761185791781139
0.0
0.14699396546639554
0.0
0.8849459396995782
0.0
0.17526823571658068
0.0
0.11868172092292217
0.0
0.0
0.680692463408869
0.5976533133019172
0.0
0.11115257377987176
0.0930404197751965
0.0011028780998476595
0.0
0.033017831640467565
0.0
0.04825412223049785
0.0
0.0017568114431529835
0.6395243226152694
0.0
0.0
0.21716894745906723
0.0
0.21505222657108114
0.0
0.0
0.16100155766417812
0.9999999998037241
0.2425985041215427
0.09382714156737137
