261
402
260
348
657
859
75
595
305
734
197
291
736
330
639
473
480
556
582
715
327
557
425
665
666
499
317
360
196
598
354
675
87
547
604
832
520
577
315
298
478
27
702
671
738
763
212
287
716
199
16
114
194
535
890
869
565
334
624
670
543
790
429
294
432
709
419
640
50
153
331
216
798
811
533
433
309
826
162
785
698
713
489
726
471
332
807
417
747
541
380
512
138
100
326
25
688
691
554
365
83
101
606
795
487
465
60
19
794
768
546
751
34
72
578
42
259
187
40
18
495
485
447
236
353
231
308
356
479
449
719
720
466
474
193
524
9
104
164
525
265
77
340
20
178
413
229
459
175
64
410
110
597
596
241
59
182
122
82
127
1
22
903
894
857
848
482
705
816
853
896
847
142
376
464
263
166
301
103
615
217
699
696
771
243
791
681
761
333
430
849
714
648
165
399
206
584
226
418
693
133
249
772
656
444
886
158
318
555
856
258
275
69
396
273
456
753
769
819
472
181
109
611
570
350
644
392
844
801
825
679
244
343
560
527
202
564
865
310
538
797
774
803
628
528
401
634
740
516
403
341
219
7
170
37
106
252
767
599
677
788
436
388
379
412
649
448
643
508
437
435
658
750
721
355
563
850
755
593
561
302
207
653
250
783
793
129
501
631
694
607
316
28
248
805
526
467
404
121
612
748
311
891
137
540
861
779
661
292
201
667
638
872
796
616
579
764
636
841
867
806
820
173
885
707
689
461
830
642
451
155
574
881
51
744
626
421
580
256
823
654
532
227
11
36
498
871
600
727
678
842
843
710
610
594
733
620
608
852
741
63
321
200
518
427
255
329
280
739
254
149
312
537
277
664
426
507
536
879
724
904
905
266
837
618
586
274
591
117
454
276
468
251
105
548
397
71
78
443
65
32
90
668
551
395
486
730
470
701
729
817
687
313
386
613
389
576
475
96
262
824
420
550
695
893
828
735
490
213
505
220
296
415
627
346
497
128
601
460
411
33
179
73
184
573
836
85
278
860
617
754
858
521
383
458
336
784
814
502
373
141
306
445
394
270
756
455
409
704
684
390
186
293
154
269
400
347
337
239
307
833
854
829
177
377
358
238
167
297
88
234
61
625
440
514
562
79
171
650
683
446
515
240
359
877
235
81
324
35
39
314
375
349
116
509
391
552
545
760
800
74
183
191
159
223
93
56
174
583
539
450
883
868
690
827
880
204
414
17
29
190
290
531
622
441
549
286
352
831
344
660
812
431
434
15
357
97
637
192
835
366
862
300
523
328
224
635
57
408
123
839
484
387
534
14
143
423
91
864
338
45
770
652
364
765
62
86
517
749
271
136
669
519
424
492
884
889
89
99
44
289
378
169
571
875
566
840
362
462
368
135
281
176
367
587
897
228
335
542
457
452
55
8
284
407
621
662
641
725
602
134
481
442
892
663
851
463
131
759
775
703
633
513
257
267
855
647
655
469
157
26
111
686
361
870
802
112
511
575
605
632
47
245
477
682
247
208
54
3
209
151
789
718
438
163
581
156
211
777
68
180
776
810
416
483
339
70
786
66
651
369
813
23
732
148
205
781
48
439
873
876
908
279
130
41
585
590
38
787
363
393
342
84
107
723
325
140
225
185
233
589
24
384
809
614
674
351
722
299
319
878
888
222
126
745
272
382
558
572
398
283
728
132
125
882
144
422
6
215
30
706
619
491
553
303
268
544
10
808
493
95
46
743
428
766
559
5
168
818
659
623
253
371
737
822
902
901
322
150
246
762
295
4
846
887
711
567
230
147
708
152
304
588
323
845
697
146
119
530
488
900
645
49
76
799
757
58
385
717
145
218
124
372
782
510
804
115
221
680
500
731
98
592
609
118
381
242
120
685
282
53
874
778
630
746
773
43
406
370
504
712
2
214
172
522
188
113
67
12
494
108
676
821
210
506
673
288
189
742
237
94
758
405
374
453
476
13
264
195
345
672
834
232
646
52
160
503
161
792
863
752
895
780
198
80
203
496
320
700
629
838
31
102
21
692
815
92
529
285
139
603
866
907
899
909
910
906
569
898
568
