104
712
457
192
613
624
1
902
471
736
520
30
890
806
877
895
759
680
841
779
411
876
862
459
389
866
269
477
271
229
57
400
187
509
343
802
570
764
885
747
410
298
795
576
824
644
408
364
807
366
707
735
142
601
900
852
857
612
742
737
243
286
666
730
583
871
304
310
634
284
333
446
901
514
850
830
754
698
816
749
695
740
704
419
854
905
909
739
873
832
177
575
219
423
238
166
92
536
226
248
180
212
745
778
262
121
48
140
363
714
863
571
198
90
581
655
173
152
279
673
49
463
118
171
299
168
580
465
638
820
579
858
395
562
656
844
89
83
354
481
421
288
322
161
12
7
79
64
87
59
213
369
586
878
447
128
28
738
199
882
76
162
763
706
306
424
694
371
633
649
690
727
335
594
151
39
566
359
405
445
533
183
291
376
82
207
51
146
557
588
530
170
26
17
68
179
84
61
541
114
43
201
236
167
686
708
812
835
654
574
337
312
427
184
274
319
607
188
240
159
717
155
372
534
266
426
370
393
16
10
97
148
56
115
250
36
661
281
223
185
899
743
755
355
387
409
848
783
859
555
623
801
2
5
42
13
113
224
758
609
793
357
593
461
75
94
35
74
54
143
637
498
798
679
189
101
34
249
154
362
45
191
525
744
391
502
254
418
813
827
573
547
15
664
669
625
729
870
784
585
403
63
469
377
77
373
41
221
342
263
164
196
815
887
479
483
112
222
334
103
640
316
643
482
308
567
38
106
324
210
811
869
821
599
621
674
228
751
132
360
582
341
792
24
803
439
716
703
774
838
358
420
696
620
526
347
667
425
765
688
383
145
267
522
429
542
200
231
294
40
543
81
893
301
642
428
608
590
261
272
390
460
438
440
619
258
767
864
380
691
431
617
670
907
600
563
169
720
606
33
338
241
31
500
323
733
233
553
693
789
404
245
320
225
336
473
422
382
772
702
296
305
527
516
494
545
676
752
548
550
499
652
436
190
881
484
508
528
176
6
307
126
313
268
880
705
29
130
256
379
840
769
773
797
672
485
836
839
891
808
521
551
768
501
906
897
713
884
317
639
385
849
487
756
507
492
657
898
353
122
350
230
539
569
314
529
4
546
374
117
402
595
775
668
591
665
629
368
475
615
731
392
631
375
511
414
202
719
95
242
340
18
105
88
538
432
407
397
378
264
611
218
23
25
535
771
98
80
134
136
504
328
292
454
635
646
709
831
648
455
837
659
597
777
855
560
488
770
297
19
618
614
796
718
50
490
116
283
22
650
442
785
626
809
596
66
847
52
684
399
96
589
512
182
72
348
107
110
396
309
349
605
879
883
834
710
908
489
805
453
818
577
762
630
578
523
603
62
257
252
678
817
692
687
478
519
886
622
910
434
53
470
8
37
127
270
86
78
757
846
780
365
295
503
513
58
587
388
741
386
20
67
131
663
724
632
750
904
732
874
723
273
206
430
329
791
480
220
351
861
565
165
467
444
394
685
701
825
398
327
139
253
194
753
458
125
318
109
211
845
867
556
787
532
344
158
346
584
524
186
860
448
462
265
141
239
133
823
554
493
868
662
246
406
175
65
497
135
486
540
381
345
510
604
100
466
216
27
537
746
464
734
451
85
894
697
102
71
722
203
761
450
197
856
819
776
645
384
315
11
441
552
227
829
766
653
715
137
506
711
788
872
790
689
810
157
699
3
505
491
282
108
325
449
416
293
331
896
367
598
14
290
865
822
804
149
21
160
828
602
531
903
518
728
572
195
496
401
55
332
564
415
32
627
799
549
671
782
476
69
660
153
339
138
156
174
208
413
675
842
888
278
472
209
781
443
285
889
559
163
9
60
129
647
544
748
875
814
561
681
843
326
610
677
437
826
356
628
641
517
91
616
244
456
452
412
495
44
124
73
47
70
237
276
786
330
247
147
232
682
683
651
892
721
636
275
251
700
725
417
851
205
361
255
46
215
120
833
235
474
592
794
234
558
123
119
800
658
302
321
311
287
435
433
515
300
303
178
726
853
760
93
468
352
260
280
150
111
568
214
172
204
193
259
217
277
289
99
181
144
