0.288219943648479
0.979683300879509
1.87955426594081
0.941533977820979
2.27718436515995
1.04345063605136
1.3261528097359
0.59657485162381
1.21440606783129
0.758617784338929
0.933815219107748
0.442708164802908
1.82507956682398
1.80716188912881
0.257362644503618
1.16549107872932
0.942370216051686
0.779406866179326
0.871188351233861
1.34085905661495
0.474658781931527
0.518286257757019
0.920884003127379
1.28735134036733
0.719377329795693
0.70733001940904
0.783177135994372
0.840884993725449
1.19556637322953
1.74957965407984
0.472905644494755
0.847778673971564
0.433852108567458
0.553943904351497
0.859861126428968
0.412249412812321
0.36148916389973
0.618175886136032
0.571636582295376
0.911267540020765
0.527920781039025
0.854744987468072
1.22260353332723
0.415884876985348
0.890623407216017
1.07700559943125
1.73054388085727
1.19156540311441
2.20857497771129
1.38900137023229
0.58593291543337
0.732775041430462
1.03121997430994
0.307273823303013
1.44702266414059
1.02776267913563
0.869339040189884
0.604431126189336
0.907741687236088
0.994439548297595
0.628458987590527
0.752867105612395
2.21443793025052
1.11192446564542
1.91192995001363
0.336107663795694
1.1481156639209
0.467290490143095
2.81436999040771
0.465141520266789
1.42409039053328
1.21572194226613
0.494460710319586
1.01471338406672
0.678774357708061
1.0071219425706
1.61747392774781
0.524354816717808
0.251038602077918
1.33257844179767
0.974211659781293
0.55324724478743
0.628902127181755
0.497209662839191
1.74658440459058
0.549528404635045
0.893274009672757
2.0323513199415
0.699618149396223
0.253575814386712
0.578894328797612
0.471374511652498
0.682717504639893
0.561392483140246
1.68078442023441
0.322614352985769
0.73932048071169
0.671687174886133
0.511173962136518
0.765299498181385
1.21419045197324
0.6578525087175
0.801240250501913
0.296618154402773
1.24874489235609
0.767928686201515
1.11680809877685
0.816828834182889
2.83317299074776
0.934537183569437
1.03065139025597
0.606401458074905
0.543795296213648
1.71153447416529
1.11032326625885
0.874960519037179
0.498764716615625
1.06587475895567
0.737944030418822
0.776505744293338
0.224578552681111
0.572559170402342
0.58133071562627
0.489406304719455
0.694161732737113
1.33509837448176
0.831106472865761
2.1690085493147
1.08117304131877
0.680171090527185
0.87051097106986
0.992750821969285
0.768728015715285
1.03909337274555
1.27920762985565
0.727302264594027
0.742410497136262
0.2290034866875
1.10039281742522
0.170996067834057
0.00101677681748856
0.790777082123774
0.0281924365854406
0.940947905722675
0.415097833569365
0.886074537623443
0.334315036253872
0.376612944769902
0.867723030511318
0.0550757933156272
0.479579759431743
0.520898143384251
0.732978888171012
0.918198717259887
1.19318173590646
0.300883517079275
0.631878182661709
0.436234073074583
0.567821012773455
0.642300651728322
0.0423601332473725
0.481723833048421
0.722608496637119
0.358069042352326
0.442715858432643
0.291016385449636
0.306484618527604
0.458104924286841
0.140817927940563
0.375705774625801
0.624139541638448
0.246908847964689
0.102938849842279
0.782013208521969
0.29468320885132
0.64923253910749
0.524210310151665
0.346702102828931
0.666944625077867
1.19529422499041
1.09730380560164
0.5086212033124
0.743963622256607
0.667719521600247
0.319344511481139
0.366492030015399
0.102918970721262
0.372002973274353
0.302756399039042
0.762632102179849
0.211729553920784
0.355122749211962
0.397197245406859
1.68966489375708
0.551346017302081
0.267584216540906
0.281495945793775
0.432363669338548
0.970989809544589
0.160518753453556
1.05340992080957
0.36207708040948
0.699128497123807
0.335798372771112
0.428282672382198
0.652724621616761
0.412159192788994
0.0505323964181522
0.403238076214956
0.00233161507707749
0.525700587337624
0.31642269010322
0.685147436500241
0.691268598910426
0.275503748550529
0.182407554535764
0.356812424784572
0.703992511969107
0.678887548860509
2.13655731862555
0.29268437599939
0.525501822495687
0.418410336426459
0.384371461836598
1.04588901820935
0.990745685671894
0.0688024984841547
0.326430924076253
0.161322959901981
0.506884584715142
0.364147955732922
0.35410286735827
0.169162289055656
0.273875891923004
0.217450529544431
0.704951566042625
0.750045991145703
0.838775234886939
0.844537650714136
0.970984058726999
0.611315945085309
0.520599065377157
1.34644951452789
0.841574765398049
0.592830952235304
0.524777919375194
0.448767524454213
0.589542044930358
0.677955221512694
0.771094933306668
0.647816510038085
0.767981157059834
0.4355589576772
0.176482413328338
0.447858388540609
0.620388745890089
0.780445536825694
0.753792685839717
0.0434583193971605
0.461617349010586
0.431903019750741
0.00170613211018988
0.490237670550869
0.454878938816186
0.167183429694343
0.123338454480536
0.566276131153549
0.00352428610927369
0.18398244254697
0.437788696729433
0.395769735840841
0.379241757968155
0.563187815091386
1.2464477627154
0.583339183424326
0.97878791138674
0.310727869095225
1.14824348198174
0.526076311855189
0.967355731781375
0.464869990310622
0.637867766293056
0.00944409623030045
0.485086532212977
0.0938119210933807
0.158604113462087
0.374307180088684
0.335021844644836
0.319656980269801
0.0902672935932058
0.194963808896907
0.47641287259081
0.239179808228025
0.70897709523871
1.13469021911018
0.30968400713701
1.0000238852752
0.522117251418504
0.624673090530228
1.21352984713351
0.631692303236968
0.738794626779752
0.642704586749212
0.13887333415727
1.21251268740906
0.522008181964249
0.392437875094663
0.754909367771168
0.787092343230996
0.74604433643582
0.803614436812148
0.391549013820916
0.116928301131261
0.938746762798646
0.620449828007214
0.464109161067591
0.645649738315374
0.540769914941686
0.476743144016916
0.00241250567124864
0.691721667742383
0.52604192987564
0.207678581501956
0.628535334618864
0.540374973346768
0.493828879083817
0.651692317218197
0.804968240717986
0.522416160440798
0.637489163718994
2.69118690319984
0.346907444483821
0.386967626958822
0.519217515599701
0.653170466607058
0.316938262174351
0.636833269889731
0.35681364745981
0.00305960516033659
0.243645760585169
0.429755430732691
0.259838215629212
0.127286762698546
0.929334013574147
0.432629451054596
0.315012068488228
0.750110254461245
0.00358635782730946
0.19569173666664
0.543165765314551
0.401388916395338
0.409164695063855
0.117342478965952
0.232850162521041
0.419832154744035
0.685561833254404
0.834683215395617
0.43532256191257
0.151927020017785
0.375913321574944
0.69938548328293
0.764446786209414
0.729312558679904
0.240817394557261
0.311891135229795
0.713423126709133
0.139508740182814
0.0296366877522718
1.22806860124973
0.524536664235078
0.473297776670785
0.00134143915907561
0.33275753612255
0.453916547680387
0.602025832699294
0.88680533494895
0.650726889387833
0.660626071960012
0.129772429969419
0.892904698475599
1.6046422423464
0.613325896239254
0.128557826026002
0.0272529845447154
0.26676067515417
0.00229357330875434
0.749131065709719
0.68113456349802
0.335244060693341
0.228507287238569
1.69937852887282
0.754107880074351
0.738005553770967
0.220650893218382
0.116158676728693
0.393349879076563
0.488444392237464
0.391327904763644
0.490394587551981
0.450271285008373
0.509587903747409
1.12398788356693
0.448650288733776
0.773013502610171
0.881224327497642
0.583772206163511
0.410742288422524
0.302740382832424
0.425492487459934
1.09737043170551
0.604588890073077
0.352841395396858
0.304204928987994
0.250341499993607
0.33880979106338
0.00342738638384378
0.457353164681773
0.266416810212152
0.49682462358017
0.109962712466788
0.073726604237027
0.729438630788144
0.116798382801332
0.69759220499441
0.167609547495824
0.0293215977610468
0.214163616413548
0.261681623192319
0.135069726824873
0.361652261607956
0.238004803972394
0.264526551956744
0.224392961864719
1.0119277647325
0.655887179033738
0.724500175404461
0.387355398808516
0.408997518790135
0.00303598454247985
0.320443955928974
0.540886337478014
0.519376997647741
0.562328282107858
0.331223667074266
0.368640830437889
0.729838456923627
0.351674993954019
0.6621795420896
0.522779306048655
0.162468683623692
1.60018562740624
0.436440924582672
0.536194875788577
0.443296321785043
0.216062527413473
0.308852393476418
0.707500975700103
0.934731661811073
0.00171586617914795
0.00218325510853321
0.64016284520625
0.258553219637714
0.605922003172263
1.15067580747359
0.29093934173062
1.06052620264545
0.649929846506358
1.32614356920433
1.01140354939599
1.20502197284478
1.75859948253497
0.554614087348172
0.937345401815633
0.486308990012177
0.315690995778863
0.629819737530025
0.440555926293203
0.239083135430743
0.600558978830812
1.29841112132628
0.671234625889325
0.30925956179719
0.306883260313743
0.734168590062074
0.668704585837399
0.497391275921058
0.333501861173326
0.228611508411466
0.724279645929675
0.25570963582796
0.153439631280015
0.77378766136883
0.522704128813484
0.956297487743144
0.655615254624716
0.356362772231443
0.00170438781984262
0.376366795080906
0.329166046199144
0.678733237597423
0.663541503831144
0.00401685151702415
0.209210753365389
0.00209157528155623
0.334627260813532
0.931180993039865
0.357310069524504
0.149803918927329
0.596052845196803
0.496847202321163
0.583708434389975
0.94354636789193
0.393106587780792
1.2085319009264
0.940579416339518
0.670111348864177
0.567426878003047
0.000677851211659041
0.486512233450741
1.54337697889934
0.451393450500689
0.239347795656478
0.426212705172353
0.670716416820413
0.698027976680752
0.608212557632135
0.898320670679845
0.840169489337719
0.204115673640623
0.749671092488166
0.112756607813065
1.23034909820604
0.537350606852011
0.513361505066997
0.24001532805575
0.325413585346076
0.35864923579492
0.757370339145626
0.447826118922548
0.672365966172946
0.904013664183045
0.373489414769436
0.586743947228347
0.22780644191609
0.472031555410901
0.419031992171022
0.0717165548544832
0.467120860058814
0.110807384987181
0.312129405849805
0.427167226525958
1.58228745382721
0.335346734679961
0.100554523660216
0.429070039371175
0.510926679292029
0.0813286137413469
0.496854500990126
0.441983890844375
0.345115272524653
0.379871925270679
0.110077438858406
0.000677851211659041
0.377623993026411
0.359175842955993
0.392406214291406
0.363695816369722
0.910052943062636
0.219309706481981
0.412756173881617
0.344760245429579
0.620455446797375
0.219504005824391
0.198060800252434
0.408238523615118
1.14239786873078
0.262416790388729
0.0557352255125883
0.0898343599115008
0.10994106393578
0.000677851211659041
0.151895179801298
0.713065721404667
0.609265374130025
2.71198988835917
0.406303183695215
0.0792985997039833
0.226962427400003
0.202283247108943
0.432842576360696
0.792233079806971
0.301236900463007
1.97376781219662
0.0829972523748463
0.112967350709906
0.299298410089428
0.540981899712771
0.309816324382645
0.403372746908829
0.615130605397019
0.239612241768592
0.406210762603771
0.00742881060377298
0.384706066510679
0.361763867803268
0.590442316309302
0.397548995987602
0.899216622599093
1.05654081452098
0.44229755388371
1.1145710084493
1.19640127882577
0.0367259410020145
0.589846814936065
0.519403098684941
0.374650583636523
0.818407312680745
0.678062879547321
0.670337113899658
0.344177791775782
0.732752709414688
0.288978576473381
0.507284856345773
0.7155097772013
0.224771522904564
0.414373210956094
0.206919186007944
0.321864997796647
0.791430785352545
0.426284930328346
0.235362818272059
0.189633198414912
0.677849820128075
0.441564247487497
0.0788436276505028
0.139434923264868
0.284526251697938
0.139878962050688
0.986446160535556
0.0823971831249249
0.354107290697511
0.242173915924979
0.279968159150689
0.514189085676962
0.289601625238294
0.590511314161964
0.305526812144417
1.47918569871492
0.612898392084724
0.210077034341484
0.151169502002423
0.322335240896486
0.591943145038271
1.36018519487004
0.628347051801817
0.196731051479918
0.878129505868249
0.740272695746731
0.557747352263939
0.994744783982459
0.00786920425577318
0.593803227456748
0.766880386972333
0.460543718630379
0.300518499077502
0.350202369935399
0.427962180663126
0.0583179145554326
0.0388248120209975
1.04399518987619
1.40210421492094
0.368329411830795
0.440075229160531
0.88978004516746
1.40252200493732
0.65083312435036
0.206842632985935
0.805667764543788
0.510908536737957
0.208026517969097
0.821240091687988
0.137684617463667
0.776143962175967
0.319467517099818
0.686589931871675
1.00215548073177
0.709791021815286
0.46505819230047
0.59303369446121
0.245131888480598
0.954049890776045
0.439286495527866
0.514647624924416
0.511716707096567
0.219109964229018
0.877748241315233
0.308136201323856
0.340242412352172
0.494963288543907
0.350567568176333
1.15556162174548
0.427503206409357
0.3268088786094
0.863352599750321
0.63868483602879
0.275819503835953
0.644054935912129
0.419145402320355
0.612915257718703
0.354299066870331
0.120919845057999
0.503305110454722
0.244122445558231
1.26087013387268
0.264289664698334
0.388372291647664
0.721620959344053
0.390913284081716
0.329815022087222
0.276835000497407
0.209310438941273
0.512081748163911
0.487772290382193
0.166210234404648
0.429358476823031
0.345804502266166
0.119789933678751
0.374504111404917
0.226817054025902
1.16200362895984
0.799651811106764
1.25716564591815
0.347424288692846
1.14944093918601
0.513719127159817
0.511076868043281
0.594231891413725
0.446013377409088
0.699113048105339
0.37719347847668
0.254590313553533
0.340639081746667
0.279908760123826
0.949410613579505
0.625502172525263
0.360228270160324
0.74065462363763
0.231991606251221
0.195932681530098
0.287734665432979
0.326693670904423
0.478525101179569
0.332410349868972
1.09602519383202
0.67870248464558
0.450899684603318
0.314935401407171
0.817760653556098
0.583187810249664
0.557518991424779
0.566284604735481
1.21627589283944
1.12717215527784
0.729934996983861
0.359063315560764
0.860805478003769
0.25300248800983
0.675458721161355
0.528538550492866
1.28769847975062
0.547218103471667
0.629853322596082
0.615432747680559
0.487969884213229
1.90508245587426
0.438841960835946
0.67467020147605
0.140321044773297
0.56655945859048
0.902388504237476
0.191171914351942
0.761556423367532
0.871246628334574
0.453952068928654
0.743864064442461
0.59044144604861
0.46262984042619
0.308252140861787
0.197594397670075
0.299158804735245
0.0806209403023061
0.424344121575615
0.272848947619005
0.37694502836536
0.300425087206645
0.55715090403827
0.725868127558726
1.11569906375645
0.244446052074539
0.617813375293082
0.289963857797884
1.23581739348662
0.998333104625257
0.794164599616136
0.0958482618271575
0.0971990058792137
0.00536028408112315
0.272396816794174
0.46441037561992
0.456300876258127
0.628169503411766
0.540054992614778
0.432928703638801
0.649348190868453
0.610891058811755
0.476056440097198
0.272890579008935
0.409493279759207
0.63475745283918
0.973141160676351
1.76260112395158
0.229064941369255
0.412842318505458
0.654211228352041
0.464719687517747
0.205336298358451
0.527548895274874
1.39813453836546
0.433205622730259
0.373599065524883
0.251276249804686
0.436135704704048
0.248313308719955
0.71497205813432
0.0254883540210159
0.826087107038505
0.457349951266825
0.32752666872489
1.77124171281368
0.371735779165232
0.709592966749432
0.666224941164844
0.735821162820605
0.0979060234752988
0.40431162321655
0.347745473351827
0.725580545665504
0.652925528351043
0.0241880183562655
0.555138641734826
0.35254860987935
0.63487648307241
0.0360671626781889
1.4969496295295
0.790334383264813
0.428662398108135
0.713362097340863
0.222429232672459
0.195519465568813
0.725816177433364
0.218750844605342
0.355856445173147
0.443087080774125
0.248682198600066
0.549728539437178
0.413665540145378
0.537191495654083
0.62565006035021
1.07444085439634
0.48986147092438
0.346876801069678
0.693068626513337
0.0035661459672811
0.00152512390336116
0.343696798137948
0.569578055126605
0.64157953110412
0.178876897282045
0.795468694863599
0.49664410263728
0.306245692513795
0.520321875920723
0.440024251888677
0.292803474579411
0.625323046025979
0.227407182458665
0.630047440049041
0.620056216331361
0.540453412631602
0.145622496227125
0.289165739521955
0.161946254684527
0.44394133502213
0.369508050585629
0.746708196762178
1.27678310836659
0.543558075092743
0.34376766241633
0.424943560613235
0.268058820989391
0.570727450266672
0.774578964776519
0.433136354834072
0.491634784636434
0.0518195457025168
0.504905907905977
0.3329659551675
0.596547976811158
1.30986823553328
0.559966622125798
0.669485570842475
0.0855492006034709
0.209763140831213
0.78870380282733
0.434142356594008
0.0098423163338791
0.480426806901136
0.316451662329849
0.456095562797883
0.792415863585188
0.792774877850935
0.885398237910248
0.0274660756132455
0.259168527543839
0.347959340652474
0.0716859105338919
0.84680925241915
0.648819073819407
0.463023518895914
0.794212513911037
0.729083121062842
0.00272468617007738
0.378046905429674
0.421890877890497
0.506213837466952
1.01864454271792
0.696616021016178
0.320216986910374
1.05022275590563
0.541273782490917
0.405879787343795
0.397182475000112
0.471444521359092
0.576371105836632
0.178794633953159
0.135910736412135
0.481585748610089
0.170384861972271
0.397333770410908
0.94304368509911
0.53356874271842
1.15136856530506
1.26294799527971
0.0508607121822612
0.206814499118047
0.369486684727831
0.268974845512474
0.304490127673355
0.238775428706918
0.206808596985216
0.437090662065054
0.379145708355774
0.386738714408139
0.400726526867556
0.515024131523189
0.133891063234748
0.570906535575221
1.43516543428986
0.774319167444792
0.432911964396361
0.476911233227179
1.50838318199413
0.349581217152288
1.04588824677516
0.177330792084929
1.07273154806997
0.844446331904906
0.624405049368585
0.622632616014354
0.530530779017181
0.527749070493635
0.0523128586053924
0.405290234424616
0.558158887387692
0.316002908791135
0.488880443297809
0.261827368184308
0.368899323234905
0.302343894046911
0.528131418905171
0.301007774293712
0.215319154498562
0.292762078490108
1.00583879637716
0.502725175590377
0.743435298798218
0.861942904297258
1.12622660905719
0.499158182327961
2.27124150427489
0.479997133290458
0.32056322120829
0.548047489884995
0.472277135790453
0.106729876212464
0.608299264077079
0.107179101260301
0.44274564305252
0.316586938720951
0.399499858150962
0.210000957866483
0.564392309864583
0.390443989084753
1.06990843762506
0.383586648556251
0.214738791651495
0.351768037195155
0.918744001615639
0.338936233354001
0.753731192112057
0.77960700449682
0.648252266312129
0.386641750008212
1.12752903749884
0.0922554080909708
0.754981259732293
0.869918818301112
0.595078148978579
0.568615769552696
0.442057456712383
0.455397108273168
0.517224740132221
0.547049499096069
0.548927183191577
1.1307751446818
0.328317272924183
0.346373188335981
0.114185879931869
2.0848464605659
0.447155297243149
0.689391958886294
0.276067068940103
0.38640129785715
1.15157110488474
0.322183802610877
0.732722971003448
0.738657620618685
0.297435953281462
0.0521910348497314
0.252974843723424
0.316298957791309
0.00273391333021972
0.495034712080923
0.749819240457115
0.837584376372751
0.000982107474745695
0.175571959667056
0.75398456748153
0.647539797022034
0.438995905614959
0.755496654815281
0.922604351218561
0.401661358090842
0.114098520723034
0.922611589024681
0.293491733439539
0.0523005414120145
0.767494781828832
0.590640734907588
0.00305795853377735
0.00370425493944341
0.751908611055905
0.176755016290413
0.706833320931059
0.980918911948241
0.112997255732226
0.14878021607028
0.391942293973458
0.555752253461189
0.510282214175553
0.462701362321247
0.363647021661719
0.810003935779646
0.684284096975027
0.333558038017778
0.397969346089316
0.712150315412494
0.266344248222578
0.214223964742188
0.525250556506021
0.55779005613772
0.0816183455683505
1.27772871932656
0.628093576005818
1.22661166465951
0.226564339312426
0.572598286236115
1.21153892788704
0.862703453973645
0.467991692234808
0.852905953258597
0.526750494757587
0.887946435428095
0.779973842252218
0.570640904754672
0.756212054600258
0.421229936153188
0.244537092686799
0.138282612757971
0.554895023852956
0.973206235789113
0.0522665499161132
0.0872106040739147
0.546796336229733
0.862324135140174
0.274680264358433
0.458231869440129
0.307307749438245
0.324980994466106
0.3571304863127
0.704235712500093
0.653260242635779
0.126658104621425
0.868839015541512
0.434199080322448
0.270015103940786
0.358410513498092
0.422288436123448
1.27728819080009
0.521769492439142
1.7710036640411
0.205068100710715
0.742595135681306
0.183792736927676
0.158492461284021
0.382350450890263
0.413296343677152
0.210629208109866
0.635579355785315
0.24210494812162
0.417788309395643
0.20807833562348
1.15587833692447
0.567536794498825
1.2025451686298
0.899280270571477
0.654511667872881
0.244610986110069
0.0574199594095829
0.74549054972001
0.742942246093989
0.742941940977574
1.10070471142834
0.694466857451661
0.66915754189125
0.63056963932677
0.66070995307051
0.595036369899942
1.35201846131775
0.402793627132471
0.44705184631755
0.4000803645344
0.554811733126502
1.06977953114661
0.35912316359137
0.431752477706713
0.112783481988805
1.05011363365308
1.38475161936114
1.00387355494759
0.700161501075603
1.50633297390924
0.377191399269739
0.364990744321564
0.0401095004519684
0.403990566661374
0.219285930255576
1.07918291886651
0.809058171172706
0.805834075159543
0.57136659879815
1.3687190432625
0.622980667999389
0.232978021484049
0.175362836074321
0.530759008033866
0.397181066333465
1.04678137623668
0.00219348745670609
0.525423578502697
0.158489727046161
0.592069243611914
0.52828387443459
1.23111646208207
0.469193790067701
0.244444491970476
0.167809475081542
0.0317402810239978
0.859815858984632
0.183295426248298
0.134208560087459
0.234610261425448
0.216720114472029
0.430993398396288
0.224541030715578
0.316736068276711
0.236950453867944
0.412159741740287
0.304111105490164
0.717910398957192
0.250413152107063
0.436469249604748
0.0347995452885084
2.10877633488985
0.332475893947404
0.254951946323884
0.180864664260109
0.20881003218527
2.03113406591394
0.466641843089718
0.876055398339873
0.022315278403222
0.152258858515098
0.619724958282349
0.458193354737773
0.48014169338737
0.431144871299312
0.584686956300509
0.795512379350047
0.250569174986943
0.410280427440794
1.10813333833498
0.857512024751525
1.04728718153937
0.352454499201387
1.28007576535997
1.71249971788289
0.270231503298425
0.493026064036216
0.761892592816837
0.377009119012482
0.466594029683844
1.2268564030438
0.898837029946434
0.608119916732552
0.540046554702678
0.186606281294138
0.267546362930248
0.129991526147316
0.635925873540028
0.289121312549988
0.410039560043777
0.929646768380933
0.446968256349008
0.745528149158317
0.908152401121313
0.720367479623263
0.521654266161832
0.580394944026827
0.306364299986037
0.400253774813982
0.525364216907187
0.48943743329426
0.0381415465193859
0.406280477355586
0.412002155935517
0.791594394108615
0.180206612215347
0.434988285119446
0.257617191856481
0.113324028491027
0.325099228948651
0.0554779540104284
1.11933485249907
0.826732537452515
0.302460745659594
0.36477710147454
0.155046579901573
0.638322126784874
0.782067985465664
0.323362553587478
1.38824503967701
0.347769666288973
1.60203717436752
0.604819839232419
0.535127842642785
2.40585736624389
0.533385350699593
0.000677851211659041
0.0755923391858365
0.599763345300164
2.59101083551967
0.629226541524823
0.320929556941866
0.527923859547418
0.61929407156344
0.603617452573309
0.125211644785348
1.8070645502686
0.369579471098078
0.46120595629085
0.523509212321407
0.34556703107939
0.802354042097911
0.340363881430558
0.797326283694223
0.507922315349733
0.00101677681748856
0.129500453790591
0.540678419593159
0.149845331636755
0.343775567720441
0.298143409391758
0.977794414052231
0.148037922344914
1.12024431836434
0.717468378105134
0.379244885606507
0.0569259844147365
1.90077139887599
0.449591816424951
0.591208853914195
0.741486841597287
0.602817363470232
0.727297956240725
0.487104814617144
0.213160438157653
0.555967621037014
0.624919329720548
0.0787718175146787
0.538859812429822
0.117833090129623
0.320190044947942
0.476928636587453
0.630475851218275
0.444161917064448
0.530211833325439
0.0818356390484695
0.873505852164611
0.69241442626455
0.769452158232485
0.599953689839348
0.259487273932252
0.248570412319627
0.663925421937855
0.96922350339659
1.23648207842644
0.485634596765487
0.751424279309553
0.978165312645048
0.326558487947546
0.653044215687805
0.00277453813994907
0.836031074122813
0.702926391717728
0.742765464086615
0.641946867894376
0.257226949858124
0.643888629479528
0.358134249865149
0.148602516767679
0.730769489141138
0.00310213188357364
0.00265861704635423
0.75544724795687
0.360797009973712
0.0761476630884853
0.283461252622043
1.20582445556877
0.281737147994459
0.99248324272049
0.540148657477082
0.74136059393108
0.132180373543145
0.446720785110028
0.446352736594297
0.461876642780467
0.426547424324833
0.585839777661205
0.609092827923067
0.95108179598286
0.0756997821130197
0.998536040580907
0.326791189820856
0.89463613464863
0.183174475922147
0.11452337303138
1.58333404444854
0.114737220011883
0.564283198689374
0.874868015974116
1.70699483127902
0.551748518787682
0.865321831274861
0.0767211842989896
0.202449638765376
1.03278146503811
0.0233264994696874
0.882830400783484
0.861915116413011
0.674618310136536
1.77269278804541
1.00482414573604
0.326567249689028
0.44293075052607
0.412919178230507
1.5687383760735
0.308361477656068
0.473817539404403
0.288188012272016
0.077043242971878
0.476160066168908
0.338568576733637
0.392100365620585
0.418693001765499
0.285660105447671
1.08180023019063
0.257188643524172
0.575875140238026
0.300369579947124
0.341736504903872
0.147646255045659
0.118959561254615
0.43840472195706
0.03672609009793
0.330045714359808
0.412342589937032
0.89954380338955
0.838898145872783
0.161982229529369
0.176735314051769
0.191306913302555
0.73753424388088
0.36209592175459
0.304851494127895
0.646662475515689
0.773132961574138
0.504507017623925
0.627454431109449
0.242449100397355
0.00803188121897961
0.780967061629953
0.174366022351068
1.76238175992571
0.914729767534671
0.642605990577461
0.380770216567451
1.77818180581177
0.393263061340696
0.170848926396703
2.95041179598963
0.550643615528175
1.06102058183986
0.53411135151952
3.66850409235744
0.640294516051416
0.201805031099728
0.461689719367169
0.641462695922269
0.499324754262987
0.310970478457298
0.409557163321432
0.0032124188745347
0.607884081384917
0.297774095731776
1.12485427895799
0.370277869395662
0.174321083543742
0.158540909868171
0.803221542882367
0.803656311276946
0.736724939180184
0.598702461470854
0.526248865902077
0.495189313165411
0.335240611443111
1.40528686464837
0.327490454668875
1.8240684004892
0.974340084141528
0.547118186487419
0.545153765129323
0.568756641276887
0.533366525564713
0.286559175172795
0.384396376300501
0.112414475942344
0.166284846014612
1.08158081265633
0.109908082889714
0.380060521929064
0.765655322021134
0.0657562144067464
0.153346681926
0.13073691333121
0.283141116809947
0.196005353851811
0.435606462641538
0.240394110810826
0.589321312332466
0.337744956754126
0.823110460811039
0.992371688904508
0.591891311491154
0.698916280367233
0.45057624324741
0.396039910365326
0.381979761902014
1.43422851085616
0.656463399185031
0.660321973567861
0.00147914871488279
3.05018367370175
0.890069278014585
0.432616402581982
0.345662838667122
0.7878307832903
0.0496098469386129
0.27721800556901
0.744928804343469
0.577819403553677
0.0851798170167754
0.474016426991596
0.770110815790499
0.197799241815835
0.448090105622101
0.351034811395802
0.23816479087813
0.257124699315533
0.800988400903252
0.468059920961197
0.627614636593348
0.331741608790396
0.602898008330843
0.00777218355329152
0.818467719301397
0.183191504112371
0.00300844292966235
0.386459037991585
0.313884809234948
0.820593798191803
0.255902434305177
0.460612329501307
0.00541655543981944
0.438727007014361
0.457585557122467
0.473335174042746
1.12329509072911
0.759636790556678
0.253749846678857
0.566267077539555
0.516616561855015
0.41497153599445
0.164907741320963
1.20287648757658
0.43594525522417
0.866270017878643
0.481855259159495
0.489975985672638
0.730827911818975
0.728918770569421
0.472799491043677
0.153685915843008
0.81172781001936
0.635288129690541
0.282739785092126
0.615402184142743
0.0316352614466779
0.159710199742329
0.0933843304384934
0.594907338422416
2.09505663956167
0.53292310840115
0.147121171289515
0.179790555292986
0.168873826535868
1.00685103486308
0.390826895453986
0.0600960396848525
0.779358200433956
0.751120134273653
1.72212042191092
0.42405768525953
1.30507452809698
0.423744590662059
0.613704632576475
0.505234237071047
0.401334889164554
0.675491569030443
2.28666168920997
0.0291889840156985
1.19649858859946
0.341429099548999
0.00812206810763638
0.319532369952083
0.65963456488136
0.0909431561290629
0.000965116159422508
0.783657990195541
0.603069070254038
2.23560366831828
2.11428537062377
0.274526011186425
0.0253270409193643
0.36578170676302
0.378108755258474
0.220020634997895
0.91491202693183
0.052425164052072
0.23471585595444
0.702366139779207
0.523155166746831
0.748249239732965
0.600909017139581
0.464197685668941
0.234760770051716
0.578718499192423
0.388924850369901
0.533728269368132
0.578351712460015
0.45054580347219
0.00319923050591435
0.570039318510868
1.06077249944833
1.3335127018816
0.341035379038045
0.29786248156829
0.597417721930494
0.378020909962522
0.354285031730466
0.584119978084249
0.0905194777352006
0.166439559462116
0.665397351420901
0.128186266933711
0.523557788333964
0.421771113913026
0.515893290193706
0.546719705666602
0.453327617389322
0.735578992231308
0.437536965223319
0.0913832281752832
0.963418176640717
0.5387750535006
0.364458994083723
0.658571691760521
1.53268640172814
0.126520883951722
0.785777524457358
1.06980680454964
0.287459756675203
0.529744654667049
0.0118656314639428
0.483021107166063
0.41993314499436
0.812684999121373
0.179462503886298
1.60978330687873
1.43575975780993
0.659922746532974
1.06360217580893
2.21722598511191
0.00744246143780172
0.520034996793381
0.271817702444178
0.276386364855366
1.05275081374458
0.42574908502602
0.489178504370601
0.821999319923764
0.695952973027356
0.162463192922507
0.0106794271440806
0.767951439997874
0.718477156833668
0.62050520807289
0.476740894220491
0.303924515611552
0.00406694197846751
0.0616232699380589
0.468023378108852
0.354282493867596
0.0909132864102
0.147038264233661
0.481725503167801
0.866814757126152
0.388757309410169
0.921978680284069
0.198443220025111
0.710090065690249
0.51799629452588
0.23207201675815
0.439543069988386
0.651500559541834
0.447166909266751
0.427568611831487
0.112435093108945
0.945099422675857
0.493696359791555
0.162064786631519
0.517287849469425
0.416322379733886
0.442152431112712
0.272252925720679
0.583188574498807
0.616690363406742
0.696722501620073
0.258075781601621
0.399968165310027
0.48339977176704
0.0414456952953874
0.0695585290013171
1.09612363723199
0.0248231640228
0.65092860154109
0.016347630664675
2.74802831729442
0.505024490140261
1.4898814673631
1.23713850986941
0.437141546999283
0.309552602176403
0.625049788099377
0.158264304545386
0.206860363760528
0.848392709925631
0.890103630878874
0.0329221201394124
0.504125110769564
0.229825088285864
0.211801061089421
0.602082706076498
0.653576438581749
0.60986802804563
1.04090842820998
0.191330618342763
0.988634450054119
0.29641027906867
0.255062782956033
0.547200079205555
0.213416631336388
0.193094414787936
0.0803656313810161
0.612156156524309
0.67819449426586
0.307786973267376
0.405649468119779
0.650854930289334
0.358437098667535
1.00822168338814
0.376505893369358
0.489368910315275
0.256469367405079
0.755246214285996
0.657586930805495
0.0915503962838089
0.337744286742294
0.0607925755037947
0.414197896568437
0.196976919136376
0.0607944700316811
0.0278878494046738
0.00152512390336116
0.00655997481393747
0.00403849809572593
0.152509354554428
2.52631568918303
0.501537680757681
0.834047756149251
0.198333034490071
1.68326161618817
1.56801352920879
2.33513845037053
0.000922029909949535
0.342199008203302
0.85997744132152
0.00225922116949078
0.94969871105705
0.571624022554876
0.641668332488553
1.0423997980248
0.566293121076871
0.265530592824946
0.450820058701065
0.577466285890223
0.372783429842878
0.109725424456977
0.747345330806589
0.97927799730665
0.590866202594453
0.443157680757907
0.374893160188606
0.175053386364976
0.220451437982932
0.215167130268842
0.978522157516199
0.224548277419757
0.710879828109747
0.332449358532217
0.496294610939017
0.522735548099275
0.548934295599301
0.172408016786496
0.512071617589254
0.350629153005459
0.279279239184786
0.484685913965847
0.156881654528679
0.239825169596447
0.303549845447614
0.936013187447513
2.11049761316029
0.404281052119459
0.454942834645714
0.293619142360098
1.10041610316213
0.549829654231261
0.632105631484422
0.312670728555866
0.163555571539655
0.962162790959026
0.393975180961249
0.498692158315787
0.883545811949485
0.346515796337975
0.386843898815045
0.276622734265315
0.254535531399134
0.112627644978649
0.111432303279134
0.403425731642696
0.308338139248096
0.547322711209032
0.875091782773642
0.547938308908472
0.42078211038659
0.609260398508342
0.394844430973569
0.611397112583003
0.450891512395604
1.30854613628339
0.361567630814946
1.71515046050171
0.643124964088979
0.611492482417515
0.500420179925262
0.334801308258434
0.586918839652545
0.512318612222494
0.395389701310578
0.446137118928628
0.576756798858296
0.42320327163711
0.525111498022227
0.559764606846953
0.287159712323797
0.473805874343032
1.09879065164389
0.420712853769628
0.267649282227781
0.433343911914442
1.71880347533426
0.574941913322457
0.694335204882192
0.355635306095752
0.526940685040231
0.775252904485345
0.788916470228345
3.06931135071052
0.405265334614761
0.630189523025706
0.558490283911513
0.273124304419548
0.461653722009718
0.433536679372469
0.859639575284528
0.817457776615244
0.367324168198535
0.258083796220957
0.481128836400375
0.334379592394885
0.0821808705057937
0.71377271172824
0.858100907154521
0.954613040643786
0.500738381154662
0.071284851919065
0.469004010676821
0.867952679817951
0.847731517021038
1.08283173333872
1.38948560774688
0.294406967828454
0.45239874348332
0.301435708399839
0.262780937059994
0.464079728629677
0.496139892385483
0.390935343484706
2.05612361813687
0.224124924643244
2.69402315534498
0.397031572549959
0.348005521214581
0.61009693533959
0.545508459425566
1.14945703574458
0.551815947566201
0.455696807222256
0.500727787217245
0.301668104384255
0.177211932725572
0.39088016822652
0.227641656898061
1.48317151539575
0.721101891922164
0.771897160189663
0.630136337969143
0.491244916492277
0.462320076212137
0.392756231731591
0.318011439960882
0.478434934981022
0.180222128738143
0.955229728409731
0.328163932306894
0.00337556511274793
0.307181099553146
0.711455172951146
0.815290033961594
0.552468459072448
0.434064503872647
0.291263119738178
0.640930315553791
0.456967494898484
0.675265137424018
0.528387146950968
0.555604538442605
0.492385042393832
0.668481066511151
0.50239875808669
1.2227623243775
1.20950419583945
0.358200855724559
0.278729603449118
0.404411724988927
0.856406438768724
0.0761612406288424
0.668578674180213
0.280710000499947
0.465361696815146
0.874811446252676
0.212407397928439
0.614338609611819
1.19585807966251
0.262913627035698
0.527236866210366
0.337886962433742
0.361168339619681
0.371469968903701
0.646598812036839
0.483902395610189
0.819425788476163
0.667406759099366
0.458341451134443
0.30299533462062
0.246241992471137
0.789901397416196
0.657013687979302
0.552834184743139
0.671191117373092
0.119663828810711
1.33105968368396
0.162551051673468
0.366303891357164
0.948865754727882
0.322345326157995
0.581305474638753
0.0124217830323279
0.849625003940946
0.00465443450573698
0.56387370250563
0.410578226707939
0.255636945929511
0.370342451713497
0.376378347229698
0.280549114733925
0.785805562183083
0.340036887019809
0.309473618039653
0.431110963489265
0.531553474074134
0.150895386100407
0.333369262221602
0.10149664388791
0.686352289584433
0.437006522084059
0.134952068108532
0.0757971838193552
0.13807224164125
0.17327101519387
0.173971814705262
0.845247612387065
0.540557918334951
0.653175181964801
0.397624959540338
2.19122920057187
0.403672420847708
0.461256758778544
0.215657451900784
0.233466614343664
0.580278356870702
0.125968894432724
0.749649818882212
2.06323428713722
0.439956918613006
0.574913307811616
1.22286529032647
0.189702800704091
0.982895968443106
1.32322218683726
0.510947406987935
0.854157559637002
0.48492442402189
0.919847988100904
0.776402157620966
0.160015847409481
0.352927122182743
0.808338224071617
0.0689250230820715
0.584497897296308
0.786041569011467
0.558721879404445
0.278729724843387
0.394979359091362
0.626986010369552
0.694569678998629
1.04578121359558
0.430135716769422
0.620432952149
0.0635527296179609
0.444502251871923
0.191831637815987
0.602085514353873
0.281552109885691
0.339749963308689
0.501902368753306
0.189043930466831
0.412085466259866
0.312961924299027
0.204886566258019
0.382424987648653
0.0327318056677507
0.683328107099334
0.492903662398884
0.260359714885464
0.185329466858994
0.405435413432284
0.593355068174181
0.420763803264464
0.469158183159495
0.438065978796314
0.650637144303134
0.48422234661151
0.439337945354557
0.378427919769542
0.0378567147182757
0.318668317822646
0.721713813177215
1.24960069848229
1.46561576094035
0.413338336873739
0.685921913042092
0.914863312501397
0.00610041296770127
1.96390504676152
0.310670351692546
1.57436354185564
0.465822693236633
0.466099022089775
0.738550905417255
0.883384398966331
0.227567211617491
0.842956907768877
0.293538256808807
0.419513181664868
0.442733178971687
0.571663132132978
0.41282351183931
0.0876050406071054
0.092507344208322
0.746672794751528
0.0616583209808212
0.568896833141291
0.597489546428441
0.653631353634254
0.898849717655558
0.362858822858982
0.870021994651054
0.277278151357098
0.317554305733136
0.460171725758738
0.45951714555191
1.07881578592548
0.947074227072534
0.383355345962868
1.04265858792751
0.139158576966823
2.0498579410981
0.0969357555175512
0.0157695455309023
0.505570220530838
0.60543604081429
0.328259135180363
0.349969672519325
0.317855225144946
0.52556242211369
0.740190040210536
0.215272951294206
0.374204825427463
0.21951324116722
0.397604229910656
0.272084161864928
0.332893053567911
0.611603347423501
0.396245703787102
0.352233361545628
0.277062512175484
0.165203051489989
0.261765024470238
0.0741302055165912
1.03019392340285
0.32501480679476
0.411740982700029
0.276650484420937
1.16248283894988
0.307722233803402
0.638800518971597
0.394790544923833
0.439472126588166
0.49765882796151
0.270610811234074
0.379703712595039
0.319370854362788
0.182720124564997
0.47954097135248
0.589599984475225
0.541236871744379
0.833057926937133
0.39820283383574
0.370441637659982
1.13661423482775
0.734803254535312
0.754921628509776
0.481562262204116
0.183401620228882
0.48501993805367
0.377779450879612
0.570261588131144
0.729363695300889
0.235217175876078
0.333974967926684
0.535344011776711
0.204012769374605
0.384231906259583
0.516206748571532
0.0523048456631932
0.471195327349762
0.288966142126177
0.288892672663798
0.208598151759712
0.0549918260820349
1.01682211254727
0.49354560296593
0.440550420254876
0.683069011112189
0.528908413076967
0.328456974383019
0.0601760749941861
0.396199898858057
0.263680367625807
0.571254367757393
0.520799988824759
0.507950873581421
0.285720972613417
0.369731009156616
0.317714838190564
0.269950579177337
0.520017463348296
0.302957230157994
0.30909891656229
0.474842005540538
0.284275847250567
0.310708531333038
0.25855313921444
0.728699235987473
0.425637324490567
0.32578137415279
0.500417569044287
0.567460219154709
0.480822196209919
0.346356644603103
0.975653143174196
0.390223789745906
0.529294593961714
0.116137058446743
0.301082717330143
0.453007883333554
0.536173601917049
0.526206119053301
0.692283351704065
0.393268603919939
0.189113622020598
0.637770555275764
0.594473834572268
0.55754928753907
0.773983441917585
0.45516277354058
0.458013871344464
0.293423453793166
0.313174093159294
0.864670918035037
0.711052250784762
0.271646797004358
0.391010487056278
0.306307227067044
0.269003355089354
0.378432998091459
0.569577590247727
0.383445200098615
0.273830395565812
0.29576819439245
0.527651890653986
0.354282918871196
0.367959486249272
0.338661312277157
0.548264175781255
0.31223259504762
0.503832750115118
0.224527470954735
0.216154154988226
0.277337993000144
0.283065783608591
0.204386414479863
0.321881184068093
0.302505894187342
0.198709886586481
0.400874301280332
0.339479129133434
0.22194231329648
0.335106038194556
0.183686354178647
0.171654667300343
0.268716257924185
0.434050498507393
0.468065552092253
0.216926440515573
0.411227551501622
0.420535502938557
0.310146393993784
0.910867244891431
0.250317293635699
0.594384815945391
0.280414020427544
0.481071879192223
0.251581493374251
0.494751489846645
0.743665624567764
0.306898786424397
0.395468625746912
0.242512371348181
0.356333059721788
0.699707188329614
0.285380451147184
0.680506487095677
0.615033968263578
1.87960388203898
0.820615242997878
0.601835583089149
0.680074751013168
0.0354150827074036
0.241969634989086
0.400805641219658
0.488374090840814
0.554161086650372
0.845528857162964
0.290744558368039
0.308670855974266
0.411112555847441
0.615243962933765
0.28358791869752
0.20195814466861
0.954124996696801
0.019492343616828
0.186456472979609
0.108093585508806
0.322098828234514
0.260972024725298
0.235566074379386
0.0813197005751977
0.0437541045629209
0.367800148275794
0.266099766516948
0.47970387495435
0.273156787098131
0.481824370479325
0.616561483546208
0.517151699097143
0.343431588388388
0.554307837264628
0.275779798604143
0.28349792499173
0.262248486969131
0.486517279770527
0.489808806369088
0.538034804247558
0.253424653730189
0.293849154672685
0.202541712402641
0.364994851908397
0.297551455568585
0.20428340497739
0.539983801197308
0.594736592562863
0.60680686285223
0.658684974858748
0.546719143874446
0.497775529645058
0.944515614384703
0.468995795008853
0.722767060437188
0.648239076411954
0.384833630743329
0.580398802772931
0.357898346668714
0.388760059966993
0.325782539842232
0.351776005173765
0.314334534038654
0.428085656117808
0.859157900307269
0.576462284149422
0.520498405081334
0.252270016348054
0.338704462823295
0.414873957629029
0.946070509384775
0.591355629127684
0.619539782349247
0.994472486940003
0.380617989531325
0.43692037306461
1.58627892818083
1.12146217813708
0.30363501496895
0.625841534987614
0.369236993591069
0.369632352639106
0.541689283800151
0.310229737102468
0.866831263531225
1.03003229046092
0.210781027269485
0.40701207501147
0.498087421071771
0.243394886929746
0.375544833998277
0.248750580855878
0.277464158039709
0.255937991443707
0.488215351501843
0.316161944674303
0.670150787313867
1.62905397597261
0.528449712382657
0.105579818060875
0.294489917148591
0.321540821692632
0.403525130908617
1.04320328977275
0.526897879851538
0.460407513948043
0.348230555843411
0.294347234006352
0.241425519703961
0.381087958622068
0.783269025537541
0.313766985346484
2.62936697148768
1.53791354123954
0.787418499608864
0.267784077821843
0.436729887739994
0.11829994423392
0.596676642661609
0.484612012201694
0.983936870893103
0.445134676091096
0.299258282254311
0.336224142753641
0.534345317735054
0.319127812773448
0.446486838273098
1.00649668077505
0.526880081335013
0.449807325580861
0.411845094885323
0.648560698798992
0.463245630413492
0.294171514255744
0.328293317445091
0.296711214234991
0.532702619802456
0.526584462382361
0.151164390754856
0.274076306284461
0.406367042161939
0.605803730997225
0.647198672781433
0.485010962747261
0.297839663001159
0.313410788259162
1.08123787720477
0.276108523452035
0.575177778053233
0.177474292272439
1.37288877988697
0.630504784224622
0.29230940085715
1.12549334062031
0.467954621865335
0.203042409225721
0.622202397767628
0.588131766977333
0.714868300991104
0.358346747141271
1.48716779306837
0.328493043396782
0.271970622038796
0.235022564733445
0.295368844036183
0.786607073105661
1.16724098758049
0.618696183947104
0.271965265623465
0.506417079428664
0.272141534127258
0.552334618749765
1.0188535161548
0.3462902730078
2.28907879665192
0.963567153039846
0.699132764302771
0.0776675726377113
0.697897866837703
0.526788409481437
0.492967331092661
0.102896174737007
0.609464871661325
0.0817139393853039
0.715832052717756
0.531320674501059
0.365298900358673
0.326924428310394
0.483538937215642
0.718460434165899
0.256526564382495
0.291538856924752
1.07538343685371
0.432807233561062
0.224129661931083
0.516183005050645
0.402734302902111
0.519712219798272
0.469601070813438
0.504961096683989
0.463986402894733
0.589794330644751
0.66553500065847
0.472801853347817
0.508480306225795
1.21457967154782
0.305680881775039
0.621167353285745
0.315093500902686
0.500582306604157
0.953828723320084
0.306920395109307
0.435611515895005
0.222668914494714
0.22183539294096
0.587367203331801
0.335773165504547
0.504872414625439
0.397066253135211
0.348591617143333
0.309109377071352
0.204006977996521
0.241410306941412
0.284037364891761
0.320653758342696
0.362992831433772
0.323997313389636
0.275010371291861
0.361002218361983
0.265303473169141
0.274054587364535
0.245907928341136
0.281897454551093
0.704853805507569
0.362160750100105
0.427976769012366
0.482441938645151
0.225037932906035
0.247195120189965
0.332852855365225
0.723494451233994
0.312273718424689
0.336934566357831
0.196920908759296
0.44688858905707
1.09867667392086
0.297144134342682
0.597625334219809
0.656726119374611
2.14953192740199
1.09350358768229
0.533346696236718
0.798542406626623
0.455615739838419
0.590621135694588
0.264032499656167
0.334331446923132
1.38588606888188
0.891301047081185
0.385727607490735
0.596242416375328
0.970825486354287
0.420517452487328
0.274357041577079
0.403075212138013
0.354862206099945
0.501166765211352
0.559571307219449
0.531394761647625
0.452262344592787
0.326832513727814
0.298246675899452
0.898049698643291
0.480823191435522
0.158450871080512
0.487221243697701
0.227155978228361
0.370521573876331
0.469091229722369
0.169385761543662
0.354270295742887
0.428030597795046
0.229014289589547
0.608019165360053
0.45601245452023
0.534862380156204
0.343785629709208
0.50939813721729
0.962518992080401
0.412097785434918
0.478960112867995
0.487169409193265
0.308177711658013
0.246111098618109
0.234268354450946
0.185730675467369
0.603630930827697
0.750257860680361
0.0300353078428438
0.428924296426613
0.567511881924206
0.481825586860714
0.586862535677298
0.622431184491677
0.375671794173472
0.737760383946553
0.407592809023459
0.579068756396196
0.358251663156297
0.200400396934272
0.258733001430261
0.252220510596592
0.151783110369946
0.185443167762438
0.118979773865206
0.23784453081223
0.533685884481104
0.5231190386415
0.830509233629464
0.00195464410749651
0.301038824948511
0.0864673610549686
0.440655019975071
0.851054973155295
1.05020935374705
0.217839869680958
0.00606987059359998
0.284309012416686
0.250071762298968
0.221155685483587
0.00179548983296965
0.00267305147539156
0.345509591081275
0.899557141360304
0.222954515735746
0.210996353928924
0.501562187698501
0.25152817662223
0.402767881434396
0.20900229146473
0.35235941294234
0.305145478913042
0.419871226636042
0.287311223453179
0.782613411808001
0.594672919090965
0.430189982677491
0.306743266985242
0.547816689341106
0.181740535526445
0.255799552448225
0.372432451485964
0.427287623629085
0.371116110866747
0.18618453528013
0.112002042179222
0.179089079787395
0.343720532854743
0.572809676521501
0.283256544293846
0.470410093439129
0.244490154263834
0.917707411602882
0.874743978815971
0.302063281412589
0.350092404877817
0.589927891097176
0.42714333758935
0.668613024704628
0.512525329926829
0.34155375908172
0.697706951545585
0.273413662134112
0.260909008547801
0.397378437895685
0.711555420283789
0.22745130390649
0.865030427355088
0.394002188680733
0.40974023809808
0.393855899766391
0.566326160360245
0.27190503894954
0.447005878043037
