6.42633259511104
9.99999973161029
9.99999999999082
9.99978613422179
10
9.99999324134906
9.99999982566941
9.99667561582402
9.99999999995654
9.99835190466788
9.99996555386864
9.51595701260742
9.99999999997872
9.9999999999999
3.20116684546329
9.99999993680171
9.99999912375838
9.99915420806886
9.99996506546605
9.99999996740484
9.9825683168628
9.87854920054739
9.99999997658523
9.99999505188713
9.99953536204375
9.99894349530131
9.99857368968047
9.9990585640438
9.99997907526437
9.99999999999998
9.99678669249821
9.99999997931073
9.9999455990022
9.6697327679582
9.99999545940453
9.99787245176639
4.13148124696374
9.99390547219306
9.85808586304896
9.99998297949273
9.99547055189833
9.99985066749156
9.99999999550247
9.83601994131887
9.99999999798644
9.99999937994394
9.99999999995289
9.99999999685961
9.99999999999987
9.99999999648858
9.99999974189535
9.76622309587181
9.99999625884792
9.79342897285389
9.99999999580618
9.99999999409466
9.99999793259023
9.99931103571294
9.99998703699009
9.99949164506196
9.99977101638795
9.9999856762087
9.99999999999963
9.99999852037262
9.99999999702689
9.90968115260657
9.99999551915221
9.94825309725047
10
9.99168357360866
9.99999958827925
9.99999999543501
9.98362192219929
9.99999994284279
9.99992476552299
9.9999857961607
9.99999999428742
9.99550772867424
3.92823445401339
9.9999996764327
9.99955779846104
9.9982007950535
9.96970773223132
9.9102827587018
9.99999963255756
9.99147969378622
9.99999999811459
9.99999999921902
9.99994249785082
9.99115366945558
9.87511671775549
9.99094347334556
9.99869796559278
9.99881959060387
9.99999999999832
9.98785729315783
9.99989606502878
9.99999996811818
9.85829885612283
9.83143618205979
9.99999999990529
9.99992191425495
9.99995334511148
1.11607833095264
9.99999987545235
9.999999993417
9.99999761158307
9.9996377076306
9.99999999999995
9.99994555410946
9.99999989872522
9.99724421218824
6.67076553784633
9.99999999856476
9.99999127741218
9.99996162757963
9.99296362564557
9.9999953480704
9.99234968826011
9.99996966327566
8.97362007967287
9.99999998659811
9.88447374564712
9.99713653718506
9.99999968632725
9.99999999971025
9.99568706783768
9.99999999999799
9.99999974218027
9.95754890016217
9.99999972521265
9.99676784380606
9.98653792722376
9.99999999983731
9.9999999996862
9.99999999999924
9.99999682941312
9.96424048807625
9.9999987405512
1.04710418404615
0.893854689577455
9.99999702611633
8.36248043040503
9.99999997510388
9.99605908658486
9.99999400848067
9.9999809572228
9.88483098839236
9.99996727437007
9.99998803192088
6.28335959671533
9.99996732346431
9.9922544862207
9.99998672866061
9.99999993137514
9.99939712755998
9.98817889666454
9.99953404680902
9.99999997672331
9.99999991679916
0.882574700149934
9.99552184463023
9.99999903966782
9.98515880614399
9.96738902579218
9.96290152978125
9.96850622673001
9.99989629757786
9.99999999908664
9.99060599239461
9.9981859804653
9.97107615268491
9.99998658931651
9.99998879151109
9.52996185633701
9.99989450488511
9.99289414222648
9.99999323934122
9.99997572457205
9.999999999997
9.99999993780004
9.99997283693784
9.99999983016478
9.99816066892716
9.99935007139721
9.8890050893565
9.74401938669484
9.99615696429909
9.99986936663596
9.99997060096025
2.25467677228197
4.33938714728996
9.99866223709208
9.99999999998612
9.98774663805283
9.97132674866427
1.07462435685203
9.99999942151213
9.9999999999636
1.257349635478
9.99999999997111
9.99999001603847
9.98393006950568
4.86464372520378
9.99922023850857
9.99849681669066
9.93053185664774
0.892134762877796
9.95885682097748
0.895809872531025
9.89057861569567
4.5404770633245
9.99919615840718
9.99934590480318
9.99931518137326
1.50074901948438
9.18083575855211
9.99999226631966
9.94282615245265
9.99999999999899
9.99017349337017
9.90027548751992
9.82187304143727
9.99996300134939
9.9999999999771
9.99999999999015
0.94411186723707
9.98968156223503
1.29625680285674
9.98748642805183
9.99998772869209
9.99109736804375
9.46676816596981
9.98879522964183
9.99999959205478
9.99999859819615
9.99910545496885
9.99999963173076
9.9999859685806
9.9999999999636
9.9999999998517
9.99978369732077
9.99999999999702
9.99998638259383
9.99887540848282
9.99956446852151
9.99999999970617
9.1848464797582
9.99796364548087
9.99999998099608
9.99999962055214
9.99999528478582
4.56069703943886
9.9992874174718
9.720509104309
9.99920435592232
9.31560421039728
9.99999983156076
0.883385107793245
9.74307274854057
9.99694754678592
0.895293736803451
9.18052032121868
9.98091612598809
1.64661748247932
1.00072880464213
9.99969691130047
9.99999958945563
1.41930326681526
9.71572595424765
2.98475191669726
5.72331030518589
9.95896194938505
9.99999999998163
9.9614351559824
9.99999999978094
9.86004502942833
9.99999996169284
9.99971385411009
9.99999985018484
6.66023158212013
9.99999999894671
9.99999999705922
9.97763213288605
5.15789163196389
1.61625550301301
9.99855636814922
2.94829015704886
3.72567100730752
9.81614647696351
9.999359500382
9.99339253008288
9.99999793621938
9.99881736814605
9.99999946788906
9.99999672854169
9.9999984457611
9.99979303306461
9.99969130806504
9.9999999999526
9.99978910449175
9.99885893718155
9.99999530813312
9.99999999908824
9.99999999366184
6.66926364564915
7.25860962864001
9.99847424155517
9.99997345135373
9.99014771718603
9.99999944722997
5.73852230937557
1.48794131417867
9.99999999843888
9.99885683627839
3.63745769379798
9.99998192955771
6.13848007512525
4.98873750066565
0.895803518729023
9.99570174616786
9.99999987046837
2.51024899399919
9.99999999934649
9.98817055216124
9.9999998469043
9.99999798736311
9.99999196139243
9.98260169673595
9.99703782690779
10
9.98615471902358
9.10426380197286
9.99983104612857
9.99999911527947
9.66228060582017
9.99999548272604
2.73014078500715
0.896163736364337
8.92025177056679
9.35062530871642
2.19674861064437
1.33098906051142
9.99997647734053
9.94259061967088
2.01330193774802
9.99991835927226
9.99998739862372
2.72724320226859
9.99987893799337
5.57152360331552
9.99995149192144
1.36623689652866
9.99999981914339
9.99999174728642
9.9965301210599
9.9999931765588
9.99999999889817
1.76134447833936
5.44798152508625
9.99999919832186
9.99852901653113
9.99999957380307
4.9790784061469
9.88297618886416
9.99999999955616
1.57656335426382
7.52178956985213
9.99999987591902
9.99999991331793
9.99539963064758
9.99999948306528
9.99999998677736
9.99556819251293
9.99994774298961
9.99999968076419
9.99668851183942
9.99999996090132
1.18907457977639
9.99999973000816
9.99999999990603
9.99999954373041
1.15314090187367
8.77192151552179
9.82390530205789
0.896874503769301
9.99997986367628
9.99999975217038
9.9999999881991
9.93771942281071
9.99999960093858
9.99999999994112
9.99999992257764
1.30801840282082
3.15199506880376
9.34075213040585
9.99909455587405
9.96433685288933
9.9999999283211
9.89328445260217
9.99876128034834
9.99999842064594
9.9999997083498
9.99995416310567
9.99999425353425
9.98940528118049
9.70238062024018
9.99770474200903
9.12875097451838
9.99997729723458
9.9999943516939
9.97932589896942
3.61677980583859
1.41522704692787
5.66550687742688
9.99998739303038
9.83028963426613
9.99745221080997
9.99999999554093
9.99139647009003
9.99999999980644
9.99999999985008
3.46287431019881
9.98921921428574
9.58544400823355
9.99998737922335
1.39839686148904
9.99968266973274
9.65295701300347
9.99999595521888
9.99917889939235
9.98882686349353
9.99201984111977
9.99999998945734
9.99997214261422
9.99927309484081
9.55486860642999
9.99470933392889
9.99999948301218
3.25173033355859
9.9982888148368
9.99985571499004
9.99999999892959
8.36534193650236
9.99947473265972
9.99999997798157
9.99531266617467
9.99999999668125
4.90611513560671
1.49667804610868
9.99999999999957
9.9936354823564
9.57683009788762
9.99996200480085
9.82907732155345
9.90239562667274
9.9999169805646
9.99999999950556
0.895202238007315
0.895811176082453
9.9998558119078
8.88569957885109
9.99999999480853
9.9999999998367
9.99997192575552
9.99999999993222
9.9999942953054
9.99999994478312
9.9999999932116
9.99999999942938
9.99999999979458
9.99997841873592
9.99998411534838
9.99655214011183
4.53149780165535
9.17424524801761
9.999956151087
9.91620892757407
9.99595214928388
9.99999998750731
9.99994229129183
9.99406712077485
9.93832994291323
9.99999999005136
9.99999822446208
9.99999521116978
9.99856878466654
9.98679584529748
9.99999343210737
9.99930367354593
9.97466597086903
9.99997229091492
9.99824524321204
9.9991085646062
9.99992609405797
3.15483308441579
0.895016934103791
9.99999972325891
9.27759816964763
9.99997322192867
9.99231164374911
0.897126332423747
9.68200467239894
0.895707886624288
9.99858164414031
9.99999086483584
9.99756224002712
1.15509947298987
9.99999999703679
9.99999999400872
9.99999985348147
9.99999017180835
9.99529147164136
9.99998169364867
9.99999984604217
9.9999968054987
9.99982663879478
0.893981235492904
9.95430585229859
9.99999999981653
9.99999985787344
8.27015084296662
9.9238069894833
9.99999993436487
9.99909112733604
9.97972901562557
9.99999991872729
10
9.99999998149323
9.99999846687026
9.98722903704513
9.99999999999517
9.99999897316825
9.99350855362929
9.98118574876428
7.43326754646816
9.98845675970495
9.99999964669078
9.99997551132492
9.99999902135592
9.99999952037752
9.99602938579106
9.99999813665013
9.1319135179299
8.29695372913536
6.77473055990489
0.910370264267387
9.99999915225573
5.25541704963429
9.80509605755783
7.39767169706338
9.99999880250275
4.53362046460978
5.19478449958194
9.99024419919515
7.46137905573144
9.99243102131426
9.99999997346143
9.99295035619376
9.99998402374336
9.52615027422696
5.33422528793328
0.894106578036383
9.99948902403101
1.64019228310624
9.98377303085982
9.61023691956088
9.99999997172401
0.944158636769433
6.7206896980302
9.99472547761547
9.99816432440835
9.97805543112873
5.33560533208699
9.99115511822563
9.99999987214646
5.93333841845897
3.45152588310244
9.99999998458451
5.33110311367351
0.894044066038906
9.96984190124941
9.9975168464752
9.99999986521818
9.99999999999995
9.99887763556484
7.40705767794334
2.347592870234
0.931935331118241
6.36163278728562
9.99999820151428
3.30700893925825
9.99999999999589
9.81534359199467
1.27729575249964
1.64402255061269
9.99999999367443
9.78155608132661
9.99969831103913
9.99997286740057
9.99999964266641
9.34751694279103
9.99999999705936
9.79892497988785
9.89857536067261
9.99999998771548
9.50569497506225
9.99999977768474
9.99999780958443
9.99990723669978
9.99999995959923
9.99999997312715
9.93484639182599
9.9999962545847
9.99470129756871
9.20003830881032
9.99999999740594
9.9997754751182
9.99997402945501
9.99958535185454
9.9999996323676
9.99970299089014
9.99999234514894
9.99961622452225
8.6496329976156
2.7852371492112
9.98854663142673
4.03864061629434
9.9999999978769
9.99708220366138
2.1708343545738
0.875456609000276
9.99999903745248
9.99990680955368
9.77890918811745
9.49339600758723
9.81521755571507
9.89877581699973
9.99999851296577
7.50245024062248
4.68751042513275
2.03700027002551
9.19877482272287
9.99634693596726
9.99996079026227
9.99999933520473
9.99999805823838
9.99999995822742
9.99999988746494
9.99999977046753
6.92628933928891
9.9832894008027
9.99042071051848
9.99999999124824
9.99761744818335
3.61905223209131
9.99999987949118
9.99999396996017
9.99839320147173
9.99999993676811
9.99998737174712
9.99985847401337
9.9999999941597
9.58683974653213
1.69790242750092
9.99958951938434
9.99996093154923
3.23980177245574
8.70982954664832
9.99999941526365
9.99999984148343
9.57751362352919
5.18285844677732
9.99999999200342
9.99999999099101
9.99999478859633
9.99999999424104
9.9999887710951
6.53553199768994
0.891024177569394
9.99975372201978
8.40697079853711
9.99988866752981
9.99283286072279
9.99998839519727
9.99999942866188
9.9999884879622
9.970609080764
9.99975906796356
8.82882411436335
9.99999916354527
2.6734239610139
4.62449535808793
9.68582021618527
7.89282086512915
9.99999983004068
9.99535617838451
9.99436568069367
9.99999999515342
9.90717844817899
9.99999510697589
9.99996154621723
9.99999999990552
9.99999703613144
9.99991105483784
9.56791503778774
9.9994305237972
9.89518862999545
9.99999998650318
9.99316831091862
4.41230731231639
9.90257372907494
1.35966100897808
9.99999999345036
9.98925316934598
9.99867050460373
9.99998048963142
9.47999886883686
9.99998735915812
9.99997907367154
9.97865408066969
9.9999294619804
9.99999982739881
1.44349422561812
9.9999999505223
9.9768079450557
9.78206903733561
9.99951304039689
1.61278618601567
9.99999999986619
9.99999994023763
9.9999999999817
8.70281851214143
9.99999960922611
9.99996712808395
9.99999850846324
9.99999436251276
3.64326369816842
9.99987475753979
9.99897812781221
9.3289410226525
9.99562792354308
9.98471672751652
9.99999998542608
9.99999861956286
4.94908209505385
9.99176226149673
9.89097334592634
9.59815510687128
9.99886871927503
4.85652544968892
9.99999863024665
9.99999497008235
9.9999997899675
9.99999979169943
9.79241507304686
2.24636658826409
9.99999999121536
9.98553322028604
9.97620754763797
9.99999255707264
9.99999999570341
9.99999991062683
9.9988807077332
3.81615965415833
9.99786565612307
1.68075798653034
9.99990846904375
9.99999406135197
9.99999985264428
9.99997607012898
9.99999618088978
9.99929466387487
9.99757308781577
9.9999999999954
9.99999999983261
9.99992393569837
1.15788683702844
9.89871453901663
9.99997939222739
9.9999999811653
9.99999978818758
9.99991195005093
9.99819130537367
9.99999980592767
9.99999998771542
9.69069240066588
7.56095842194392
9.16447152578895
9.99991109297422
2.97061642087292
9.99358813369424
2.51552020221629
9.99848345130039
9.9988292521802
9.97197210170263
9.99999978097199
9.99999471153205
1.50046138380946
9.99989383006451
8.9092854846614
9.99998436921595
9.99993713736987
9.99999999125267
1.21357624092465
1.14734904392271
9.99998738594157
3.01164807348214
7.26590078041016
6.40565328451281
9.99822829602508
9.99993858688803
9.99586813409722
9.89376922013735
9.99056487559938
9.59874325867439
3.16257342557835
4.3556845152457
9.99983320956585
9.99991042596219
9.99999999999986
1.26156165138068
9.44140007789809
9.99923377763257
9.79343366709768
9.99999999946554
9.999653624884
9.999999999937
9.98799833019678
9.9975105770611
7.86346042573823
9.97001384592841
9.64397291785061
9.99690176510941
0.914950403276479
9.99999999996481
9.99678520339392
7.81778383752395
9.99999999996967
9.99153022567772
9.99999791314199
9.99993474815921
9.99994944000659
9.99998514054824
9.99997111942034
9.99999854666613
9.99999999834031
9.99961443728465
0.98190540526241
9.98539376172668
9.99999900153953
9.91409073648927
2.58964376231512
9.99999999936795
9.9999999972403
9.93748754572264
9.99999999950095
1.45997998089501
8.29591159041376
9.99999991150182
4.05904554588243
9.90318045969142
9.99954318921425
2.09012006908111
9.78886646125688
9.99136051003091
9.99999840996117
7.94365534942765
9.99999958689659
9.99999959056581
9.99999740561556
9.99999997977037
9.99998740030554
9.99999948307769
9.65980927425515
9.99996962271377
9.99999839588751
0.879068659060333
9.99999874878201
9.99999999476088
9.99273496297976
8.6648143776492
9.66147187821437
8.32824829427643
9.99902220640382
9.99999978080493
9.96020825632687
9.99999205696007
9.99939311614945
9.99166660830623
1.95505928938952
0.880940068149564
5.27385906624159
9.91288736374619
9.98811907783769
9.99999999099592
9.96281118843643
9.99671687105347
9.84762006770386
9.99117773180679
8.41661265780651
9.9999748436271
9.96574636773757
9.99997485077244
6.1988328412206
9.9282362867004
9.18585057513862
9.999998978361
9.99999417978417
9.99997685533826
9.99999915644756
9.77320154701749
1.12779454896999
9.9999995982702
9.94973448244725
9.99999999705986
9.99931549464807
9.99999744985937
9.9999959556272
9.99999999973538
9.99999999973591
9.99397109899562
8.36464886534423
9.92319679679646
9.999997410004
8.65591004230547
9.99999998344878
9.99999872666605
9.99999315210689
9.99997647928075
9.99999990128464
0.895359311462713
9.99984394929798
9.99999949222674
9.99990114976907
9.99999999767215
9.99933277747628
9.99884176141798
9.99999984868197
9.65601929453689
9.9998096543727
9.99756893986134
9.99995790410818
9.99999998488975
9.99926781200989
9.65812808814794
9.99856882676389
6.43800505785868
9.99997556031908
9.99988390877734
9.72034633948882
9.99999909699424
9.99999993600236
0.919114163747776
9.99272031196825
9.99584269158226
9.99999931092357
9.99998022367451
9.99994702162106
9.99272794811978
9.99655731601007
9.99999881916446
9.94160230865553
5.71055155738248
9.9857448424839
9.99999964538468
9.99522147450447
9.9999974623493
9.99999997983514
9.99534460850851
9.99991192496994
9.99999999489291
3.03630763730162
9.99999999950229
5.38622997557635
9.99999999909035
9.99998768082875
9.99902174192331
9.99997686260254
9.99314779322454
9.96745895203908
9.99382349958738
8.61968089367477
9.95670122212111
8.89050203737644
9.99938426085414
9.3250711171558
8.78905087242047
9.99957734434878
9.99727688784517
1.61283089636381
9.99958795776842
2.04977148312548
9.99997353842782
9.9752670083891
9.99999987674263
9.99997820827513
9.99998925728975
9.99999999994436
10
9.99686249477451
7.15846330571496
9.9996842578836
9.08022310310513
9.99361605961928
9.99999981301665
9.99365942805107
9.99926620651498
9.99953896473
9.62936931716762
9.99999963659028
9.99996185708689
9.99985137771128
9.99999964434402
9.98769417453027
9.99995483272064
1.56501252833837
9.9999969284355
6.20384024461086
9.99999560487052
9.99938465332199
9.99997837653507
2.1471761277332
9.99999998952966
0.879440844097936
9.99502887778514
9.9999993810063
9.99999885783081
9.99999978638929
9.96565086494432
4.13723453028333
9.99999996437662
9.99991363837075
9.99999999885595
9.99999852320568
9.99999889161598
3.83539257025526
9.9992897216352
9.99999999999996
9.99999967319136
9.99799589581472
2.77340251619905
4.67735836734751
9.99999688920161
9.99954999586732
9.99999684345402
9.99999977027599
9.95003806173757
9.98493289872428
1.82296487936813
2.16618569273502
0.897194238813637
9.99700431901003
9.99999962195363
9.99999999819604
0.89475249707253
9.68686716893595
9.99991549965853
9.99988103958423
9.99998485545275
9.99999812579639
9.99999999795573
9.91536184303377
5.66951663930099
9.99999992063631
1.67062437244211
0.920102882137373
9.99998655364069
9.99983521627201
0.897250173076502
0.897726256692767
9.99999996496877
1.33753686982868
9.99984876053288
9.99917186408659
4.43657241761897
1.04772225357941
9.84109432834586
9.90056240051105
8.21994073997917
9.99998062252878
9.99999818061126
9.99995756773056
9.99995139370332
4.87504741220287
9.76037910691236
9.99999976490565
0.997555923064307
1.98479940496526
9.9997745581987
9.99708270892059
9.3700597236554
9.99999400044682
9.99576628506486
9.99999934267461
9.86533471654108
9.99452879001754
9.99999933382685
9.99992906431795
9.99997270204782
9.9999918833333
9.95582703908313
9.99999983428483
9.99996082666169
9.98954054578613
9.99999995659721
9.99999758368603
9.99978540308183
0.875699254087232
9.99999594607022
9.9999999994366
9.9849263478208
9.99999999196353
9.79906676362855
9.99998330327031
1.7169322875737
9.85923347745408
3.30883271778023
3.28751764864557
9.99999825919517
9.99999480857664
9.99974959029423
0.899828304084339
9.99999571467858
9.9978056784384
9.36001782249661
9.99898780891672
9.66626445909291
9.99999999926692
9.99999910856361
9.99999999889929
9.81099266220415
9.99787648361028
9.99931439577547
9.99935652435187
2.23236528750691
9.99996286982258
9.99999801142083
9.99999963754995
9.99997067084085
5.95955657288423
9.99999976803734
9.99999980904799
9.99996125622151
9.99999997874816
9.99999920352454
9.99940707300545
9.99993539586955
9.93766966884464
9.99999983115941
9.9999999999231
9.9999999999231
9.99999999999667
9.99997181612024
9.99999999733768
9.99999999988117
9.99999977994285
9.98303278686663
9.99999999952979
9.99715430417776
9.99995671211837
9.83301555261175
9.99855015485054
9.9999998189695
9.99591095815701
9.99999133037041
4.7119503587314
9.9999999395208
9.9999977192381
9.99999999563451
9.99999820003011
9.9999999998485
9.41530757336056
9.99104506791992
9.97249871488494
9.99994392124013
9.85372506240715
9.9999966914703
9.99999909268629
9.99998476681606
9.99999998636082
9.99999340423978
9.99992887954062
9.9781736634486
0.881638754294319
7.31563291233164
3.15391891416842
9.99999781501436
0.89612001456174
9.99999281642403
9.99487869819048
9.99857562563441
9.99997980945201
9.99999983454115
9.99569529523522
9.98182179512943
6.18654706585772
1.53155415952101
9.9999976339661
9.99950841304155
9.76099456341343
9.75126911381657
9.99938777023929
9.99999908018334
9.99999166299077
9.31173816353947
1.7050740091157
9.78367595447221
9.99237036263958
9.99996669440463
8.09183703032172
9.9999936830269
2.58757277863788
9.99999999999999
7.5302557499256
9.99999592026744
1.65265548426697
9.9306096876951
9.99999999999989
9.99996944538107
9.99999999312903
0.983279555524541
1.65160079319498
9.97508919148123
9.9267326568167
9.99999925370604
9.83362620034731
9.99984097247652
9.99996835960724
8.08885043922512
5.40461446588411
9.99999894132235
9.99999916365932
9.99999999851485
9.99999684301704
9.99999922649952
9.99999999999996
3.79749519875662
8.40256818197605
9.99865833955419
9.8370394776497
9.99543376863052
9.99999993995102
9.99999999828731
9.98762857198338
9.9998614802505
9.99999958386037
9.99934478706665
9.85927928715164
9.99999906540286
9.99971587652351
9.99203420460933
9.99999996136441
9.9995389993936
9.99996860668888
9.99999989821728
9.99999999742058
9.99999999154579
9.99997783363987
9.88736891929515
9.62430149150845
9.99496683518137
9.93439758861908
1.10257642701504
5.45365997167306
9.97153219111142
9.99976142247231
9.99928523650411
9.99999865730595
9.60970323737613
9.88800290100117
9.99999978099994
3.45198212385355
9.9999994573734
9.99999973711802
5.06089374501691
9.99969749988671
9.99999999755575
9.99793800136435
9.99999999163371
9.81927996323608
9.99999999967516
9.99979434980493
9.99999999999946
9.9973911620715
9.99999827750483
9.9999999997198
9.99916593270675
0.893918104121803
1.43047556324706
9.99999524972077
9.99999999914841
9.99069404559875
9.98848075826799
9.99953794736972
9.99989290528381
9.96973259631707
5.28317252409435
9.99999743297035
9.99995931674149
9.99976194457119
9.85633974625898
9.99319348513469
9.99999988267929
6.24614196447943
9.99983988932484
9.96484108328403
0.894168753698546
1.32330527615259
9.93456963965448
1.54183855997256
5.62578738435149
2.84152512723123
9.99841070244788
0.958165469142871
9.99999999955566
9.99996194824548
9.99999985555127
1.27703185316193
9.99999999999833
9.99994771671734
9.91506853289878
9.99979852811565
9.999400491773
9.99993236652863
9.99728021027817
9.99967711695536
9.99969142671933
9.99999983873537
4.09661422495344
9.99999212676604
9.98625848515765
9.77721765631732
9.99999381817597
8.96829434501616
9.99999998234523
9.73954811163562
9.36541147804736
9.99938868512938
9.99999903387244
9.99901246154506
9.99998681003531
9.99931397807919
9.95011359895757
9.99999860217619
9.99947127953432
9.99999998582804
9.99975725075361
9.99404322218185
9.9999984003533
2.16740086311371
9.99999726447418
0.896593527478604
9.9998304121984
9.99999999281966
9.99998480898377
9.59905587890957
9.50034301440886
9.99999999711836
9.99994384600591
2.9863756950759
9.99999463876239
0.896771233181951
0.896984633696884
9.99963894545139
9.92962201073574
8.46189618138641
9.98485831685024
9.99999999999593
9.68880763200253
9.99999999987284
9.94379483809447
9.99999999629215
9.99999974316509
9.99103435264873
9.9999547007167
5.34086110063108
9.99985683075135
9.99821181170183
9.99999952263643
9.99999999997472
9.99999999980669
9.99999459580664
9.99999999990562
10
9.99970543660148
9.99830341450217
9.99999999996063
9.99830416032959
9.98310186933622
9.99999999978353
9.9999999999989
9.99999897674584
9.9999683290727
9.99999999980646
1.02417677264971
10
0.890828829493682
9.99999999920222
9.99999999995821
9.99999682750241
9.99999999998742
9.99999974276963
9.10258864223661
9.99999998747039
9.86496016535314
9.99999999936163
2.06657445319822
9.99954694841662
2.06017151163725
2.2974821018754
9.84299512128505
1.6702252507475
9.99999996938705
9.98529325453831
9.19616203140958
9.99999249600863
9.99916752155191
9.99677749929043
9.7467796565495
9.9999995941102
9.9993830726027
9.99930606608623
9.99528900479283
9.93480567055285
6.72638920819168
5.02880327918877
9.9999924329037
9.99999652028006
1.24351520010815
5.39398462857149
8.25397057235799
9.9999999522161
8.89497600360328
9.99814321912198
9.99999999634537
9.99999999570477
7.37006979272149
9.94115661207799
1.53100448171817
0.895020306311219
9.99951425632505
6.29442865664879
9.99999999999998
9.99999901690498
9.99999999978425
9.98762524686785
9.99999999999976
9.99976558259329
2.06471974126018
10
9.86640383369378
9.99999958075607
9.85545531361819
10
9.99999999746021
9.99999996512743
9.56038495605508
9.9999999975252
9.99494460424761
9.9993290539645
9.63372187381403
9.99999958929001
9.99999925495369
5.01555211958532
9.99999992037358
9.69022389536931
1.78470028893528
2.01122583717939
9.9990684005565
9.99999776349896
9.99990387193997
9.99999999237722
9.91627625145746
9.98328974276804
9.99998905410543
9.99999999999374
9.88353616840851
9.99999999999364
9.99901880927247
9.92172201882162
9.98152653498918
9.99999850551865
9.99993074727169
9.99968255499062
3.02847168514781
9.45728072297622
1.13318705840385
9.99999994270087
9.86443613998165
9.9987544512312
9.99989753134106
2.01534834129523
8.19039049369143
9.78749650068416
9.99961473420778
9.99948395546434
9.99999797737088
1.81964346275636
9.99990367034066
9.98900999285001
9.99999994153825
9.99994996787737
9.99875286360543
9.9999999209947
9.9962421976101
9.99897129291352
9.99975573606041
9.9999999999959
9.99995041763471
9.98861786355493
0.89522651895875
9.99999999999998
9.99999998606405
9.97539780055093
8.9149663574393
9.99999997524241
0.968537270297589
6.19670793186563
9.99999925145702
9.99999975605287
6.3440683551977
9.99651449749376
9.99986009866038
0.89994784466595
9.75276198072815
9.98951576329992
4.59467054383779
4.33038037265129
9.99999746591334
9.4825442103902
9.99700579189354
9.98333046344167
9.99999848263972
0.898166395123451
9.99998725742081
7.61321896621491
0.896363625397183
4.00404068734471
9.99888917471846
9.99998395056928
9.99932730593451
9.99999999767787
0.898352479242468
9.99999999807032
9.99999998981571
9.87113266355062
9.99999999586825
9.98873209378516
9.99921175691684
9.99931005947639
9.9996872940019
9.99998970068013
1.57773376911592
9.99999684436323
8.84116399045652
9.99930896286395
9.96003802297893
9.99990290789165
9.99998762827425
9.99996572019569
9.52010464845809
2.37224375249554
9.99999960799221
9.99999032171798
2.98085855370199
9.99826259321346
1.53141144604637
9.79520817540692
9.7827561926414
9.99998500156341
9.99999999999993
9.99975708111472
9.6335433712182
9.99931944725517
9.81311148753929
9.99999224190091
9.99999874810543
9.99998818525925
9.9999997103739
9.99999979294238
9.99999999999996
9.9979773931216
9.99999999973134
4.91574083495871
9.99997745402001
9.94333378022194
9.996757941004
9.99999987477389
9.99999999999999
0.893758767797847
9.99999999256309
3.9151471368924
9.99999960208094
9.99999912533642
9.99972998999337
1.06303566529171
0.894679458078639
9.99989518844968
9.9998686161603
9.99999999999999
9.99999999998582
1.82526801816257
0.903821960128379
8.40091393862666
1.97721628496391
3.76692833522885
9.99997571721469
9.99998813817593
1.24343435022172
9.98793787065033
5.8067590002858
9.99999968965588
9.99981483668311
9.9996307137741
9.9992977193807
9.99982378246361
3.63700494536724
9.99651169644961
9.99984127208357
9.99991431628961
0.895811213110964
9.99844664397238
9.99999484729902
9.99999995590121
9.99998638943609
3.13346766153161
9.27785964420164
9.99995857424722
2.01657409884896
8.80613040345416
9.99342507354261
1.13356665197059
9.99999152014591
9.99993271994526
9.99999970188928
9.90616741991412
9.99998434898215
9.99986116243717
9.99158518986321
9.99999723918507
9.8956658183434
9.99351982056704
9.99930236391581
9.99996255496635
9.99936158050629
9.99996533442571
9.99999987693245
9.27326992990126
9.99775443650754
9.99999928833743
9.99588204485103
9.87059253960972
0.895331068228168
8.6827857021613
9.93013080173523
9.99999829372434
9.99999500162592
9.99999998538243
9.9999999999998
9.99999991106673
9.9999983132298
9.99999999999997
9.99999999705902
9.99937092262339
9.9861745886855
9.92752072489863
9.99999999853943
9.88941069113504
9.85897358070621
9.99999999770225
9.99999994107022
9.79426799165886
0.894285029101838
9.98256728307733
9.99997530275008
9.91152527082221
9.99999998111777
9.99999996176535
9.99999948299132
9.99765048063916
9.99999991389454
9.96426178859947
9.99332644672373
1.32179350409266
9.99999998436509
9.99997437949082
9.99999988846488
9.999999997268
6.47845010891219
9.99995916934719
9.99754344865804
4.37214250274351
9.99969315446651
9.9999999960269
4.0588139390769
9.99435368313451
9.45705471377278
9.99976400594772
9.99713278228452
1.08274669176993
9.99467550657804
8.56991691295331
2.62046404361043
9.33876581923728
9.99995242738502
9.99997855847522
9.99963750389482
9.90124034866001
8.31433179568821
8.98137444856856
9.97249431470006
2.11411744430124
9.99999912949569
0.895835270208791
9.99993233710837
9.99999948369719
9.99999999999539
9.98814148298793
9.99999999989074
9.99999998685858
4.31322241178454
9.99789928836713
9.99305545911405
7.4645940477342
9.9999998239547
9.99997143960756
9.99999967008122
7.51705418140352
9.99966565009681
9.50975904640996
1.1928962740259
9.99957314745477
9.99999999609581
9.99999448915497
9.99999999733866
1.81376849575973
9.99999082982835
9.97655858382204
5.47503638578256
9.99277243935997
1.00368309491248
9.99999997684119
9.9999999847031
9.99999998906394
9.42429171053511
7.31525020872486
9.99435366996315
9.99967378846139
9.99483644818138
9.99999999682452
9.99843978427165
9.96922835273473
5.48366697285737
9.99998591858889
9.99854287534238
9.53518601707789
9.98732317281759
9.99939462724823
9.99693157802159
1.33188941769756
9.99939442528146
0.944916336854994
9.99999948305388
0.896203968966712
9.99999948298338
9.99999961589781
9.99999999999996
9.999999999923
9.99999999999901
9.99999985599587
9.99999999999145
9.99999999999641
9.99999999999907
0.894711600481264
2.24841303563476
9.99998960009411
0.896204489487214
9.99999999115132
9.99984747296511
9.99886977351809
9.99999998885072
9.98985203594348
5.22034692492451
9.99857049889221
9.99999999174389
3.00068702274248
2.23528524747168
9.99999910952738
9.99999944076978
9.99997625478498
9.99810385596177
9.39899055537699
9.82087542583268
9.99946774878059
9.80834770302167
9.99999999998262
2.78764964305815
9.99985404656773
9.99983993813547
9.97266550467574
9.94537127849153
9.99999908251188
1.56409171780605
9.99999835812852
9.99720097613881
9.99999984346511
9.74391152962748
2.01782024390901
9.95072460449482
9.68964026194329
9.99999241866393
9.99999999999978
9.99878336085414
9.99575498618006
9.99749609060845
9.99999993089498
9.96583534985012
9.99999987011775
9.86856318247284
1.22394149072016
9.99999998838644
9.99899605982607
3.57208962228201
9.99999793144628
9.99877218109465
9.8294505992941
1.44948393249278
7.23091070783084
9.44790635233757
9.90095046017209
9.98227510635009
9.15636817797246
9.99999820766174
9.99999998220841
9.97188012324423
8.68046609329394
9.99998919452071
6.44404299058438
9.99972739511304
9.9998937032348
9.9999999946641
9.94275484294923
9.99999999999798
9.99994254531554
9.99989036791188
8.9143813439972
9.82767848059832
5.53870616306231
9.9999995064758
9.98555174525861
9.99977546023849
9.99383008383642
7.91322347573359
9.99563083898506
9.98825721107966
9.99962898441109
9.99991487702244
9.99999993420149
9.9810994536485
9.9996156617143
9.95985101152536
9.99999999999877
9.99861371249892
9.99998975289941
3.40694178373744
9.82610952792827
9.99996068688961
9.99999578959865
10
9.9960501524893
9.99043442064172
9.98488314743605
3.0512068216663
9.99999996503694
9.99978916645965
9.99986784095971
9.9997435363927
6.56539451558855
8.93233415719614
9.80743675377895
9.99931821986469
9.92488322073401
9.99999952468289
9.99999981389786
9.99952841751377
9.99604281453952
1.86609856977987
9.9984707022979
9.99999827263454
9.9999912367627
9.99999999939952
9.99999999999903
4.19077196216897
9.99520041541254
9.99086158036019
4.00941431977076
9.99999883669438
9.99453265816711
4.95103234879487
9.99999999986818
9.99933203242125
9.99999999999978
9.99999639388709
9.99999963860348
9.99996330325255
9.21495262359434
9.99999987356302
9.99444031940581
9.99679607816758
9.99999984019417
9.93893842346792
0.884803232281905
9.98712465396384
9.99999978124053
9.9999999999764
9.99966454289777
9.99998005481926
9.99980189731268
9.9993327733906
9.99889699748037
8.80085766288926
5.00434152512091
9.9983108894708
9.99999999750102
9.99999413466291
9.99982309030757
9.99999958915963
4.31214140713644
9.99999999823559
9.99999957442816
9.78264561285574
3.58638283460585
9.99323869221218
9.99999999622101
9.99999883421254
9.99996931689715
9.99803015226342
9.99938842589031
9.99679481436063
9.99783347405701
9.99638598434302
9.99999999293501
9.99999992306559
9.16916393413062
9.99999940055677
9.74135874736825
9.99999999265884
8.46304190423036
9.99952527037816
2.09368799784296
9.73627580594692
9.99999628617618
5.07408370349773
9.99998306281941
9.99999999899672
4.0026064491161
9.99984458624816
9.99995412716565
9.99999879479111
9.98041838101901
9.99999998662197
9.99977546764002
9.99751129445764
9.99941281511168
3.65436750875386
9.96418899424327
9.66727376578616
9.99999455082105
9.99849672133107
9.99999998074903
9.99937745931337
1.0257742340646
9.99999999999607
0.883764655828245
2.70346713135311
9.99992110558362
5.81561240508168
9.99908626134762
0.895161256773156
9.90664934152374
0.897714079614824
9.99999916303448
9.9998232317586
9.38807732671463
9.99975977714703
9.99071116010207
9.31193359888465
9.99882314929367
9.99719347942483
3.15501208439024
5.53700366198855
9.95966561023576
0.909292094696499
9.99999853275517
1.77475071827642
9.99999999681797
9.99970066963061
9.57761792928144
9.80340980193058
9.51921151369378
9.66178852780996
9.99913507377675
9.99999843024067
9.99965399392439
9.99999791198246
4.26926311094101
9.99999999999242
9.9274986822697
9.99999999279814
9.43804835944619
9.99999961471713
9.99764566942536
0.967455259077927
9.99999982656048
9.99999999682852
9.99990342634882
9.99908965021925
9.99999946490543
9.99999997341439
9.99925488954325
9.99999999999909
9.9999999735046
9.99999443970477
9.99995086266884
9.99999995269327
9.99911882654484
1.29114099145538
9.99999568409539
9.99999997851387
0.934978377885309
9.99999999689825
9.99998415314327
9.99999094532107
9.99999940069785
2.93357838994839
9.9999999822698
9.99998053750423
9.99999999966468
9.99978003041529
9.94759100869621
5.73040844327664
9.90743067716416
8.1281131831359
9.99975257266671
9.85376065856063
9.99148343120442
9.99997606412861
9.99999997341919
4.73159389894479
9.66972110092483
7.86284213325117
2.5004689663099
1.5360792387938
9.9999851188816
9.99996150732029
9.99933249192812
9.9999995851913
2.66682453841514
9.99907579886015
8.67912866398331
9.99685094220115
9.76425683172103
9.99865203357372
9.97626541158298
9.99930233014046
9.99854227558526
2.585017999474
1.95156024875003
9.99998492868712
9.99999999994915
9.99999999998205
9.99997732990313
9.99999994541614
9.99999998367108
9.99999948303599
9.99999999999905
9.2810898542036
9.99999997772841
9.99930851604785
9.80787592625782
9.99989765477356
9.99999998776147
9.99173397906408
9.99999999634663
1.68955324394114
6.02220421752066
9.99999999853048
7.83407144020033
2.44946833346507
9.99999998478771
9.99999999199987
9.99979321204968
9.99764665123248
9.99999979665179
9.99999999362071
9.99999095736691
9.99998342219614
9.99999702219764
9.99996940537767
9.90664662675015
9.98755109843014
9.99992734881312
9.99999999238592
9.99999996239355
9.99999999758056
2.58184447713133
9.99999990756675
9.6581443525972
9.99999999998122
9.99999999190018
0.892793596494563
9.99960685103857
9.99710367072326
9.94929726993311
9.95795463941173
9.99982542433277
9.99857303303955
9.9999989977366
8.8876155245744
9.99871119346376
1.9063663904549
9.99465593990848
9.52267761873988
8.3529431267114
9.99975802234046
9.21871638332331
5.03706262063543
9.90099023786633
9.92940712293196
9.98356331659237
2.24727751555964
9.99999909127248
9.99904638153974
9.95381357096465
9.97666786014112
9.99999999990744
9.99905872961895
9.99928025978726
5.4412039360952
9.9988991448122
9.9954092179239
8.95561869965461
9.97697525518025
9.99821725908281
9.13215107865192
9.99987770570085
9.97723028396592
9.99491013475076
9.99997891020327
9.99977336630253
7.4177711489504
9.99999990008027
9.9999946227972
9.99999936175373
9.99748976371285
5.76871900183072
9.9794865046017
9.88119512703839
9.9969697300592
9.99998993701873
9.99992181561849
9.74699341427078
9.99985937808131
9.85157967978653
9.99220097737304
9.99562162091026
9.99381966773817
9.99712556783903
9.96814108986282
9.80012010512513
3.95409279044273
7.36374626454629
9.99971942995168
9.95136197249419
9.99038536872733
9.99867497212065
9.90959050885271
7.38565928083257
5.28658475487509
9.38646095209361
8.28441607060425
9.99662164643937
9.99798758658184
9.998137366374
9.95622747815679
9.99113032789591
2.70132077741432
9.68884457877531
9.99467460963438
9.85029003553942
9.9651991583858
9.99749727696554
9.61240950014707
9.95649979450648
9.95685721757449
9.97977838714738
8.7105234795071
9.97773450891336
9.99026867697975
9.99964489174305
9.99046899494333
9.99750919999647
9.99899061084641
9.98521613077537
9.95474430678927
9.84453814064017
4.40288508273433
9.57843107332253
9.92557018854255
8.99807000974299
9.99342551499348
9.99217686086269
1.1761908175324
9.99777780952402
9.80030456606674
9.98115278485612
9.99976297879113
9.97938644662963
9.99909403441368
8.84834384226492
5.21511359927432
9.98550539526618
9.99977305608363
4.92068226926375
9.99945664421735
9.98474777924713
9.98489445806972
9.99591593026034
9.99989077020266
9.98745345499097
3.01433237955126
4.78269160866278
9.99978965910833
9.99551197325645
9.57659489119331
9.82996775132946
9.99853622385073
9.9975889089516
9.95258021677129
9.96274151656818
1.79750253440925
4.6587716626346
3.29601570443739
9.20562984796488
9.99862606951072
9.989122436983
1.29855732100739
9.99935927289922
9.99386140722238
2.85849876221872
3.2164905193758
5.9013738768595
6.41679703259512
9.19241543368382
9.99646420419194
9.99868598115961
7.88992229622125
9.9871758938359
9.98648748728753
9.98403651030528
9.99999939204278
6.84789767733601
9.99671847657092
8.37598432112596
9.96522032183332
9.97905928621905
9.99091367717974
9.99999726846494
2.17356284075866
9.98931840268126
8.14046558803812
9.81625832852149
9.99064061664789
9.94528158109598
9.99997911637366
9.95248989723147
9.99999999999892
9.9999836425528
9.99974912059896
9.99984273247001
0.90652652945985
9.65398791931577
9.82143874636605
9.99755505737387
9.9923461320076
9.99999749008698
9.99580211176066
9.98505895866772
9.98514844751476
9.99374841472321
9.96946599340891
6.3102609317299
9.99963590569284
0.894166889090158
7.65253548377364
9.98832517274476
9.98417920337818
9.94622607397095
2.12190690287103
9.99243045660675
0.890647955075029
9.98274125150221
9.96954878911961
9.97643795460378
9.93095856260145
9.99999985878832
8.96725294500599
9.99997740973829
9.99772696667068
9.99707398995021
9.99773097008447
9.9992181385929
1.85998093545019
9.94174929709665
9.16098596801369
9.97492830836403
9.95297996224646
6.47133023665976
9.94000347520363
9.99819141897093
9.19986631818585
9.94338906869089
9.99529263806846
9.99966420716747
9.99805066142866
9.99978816938017
9.99909117847037
9.95414281538016
9.99966251288233
9.99969594652716
9.99846094459041
9.96939511135605
5.45557751724379
9.98844156673205
10
10
9.99999999999997
10
9.99999999999999
9.99520109124689
9.99164348026713
9.99797610772053
10
7.83933834073467
10
9.94328560836881
9.99994433480142
9.99738739968223
9.99996243211291
9.99999996611096
9.99685633602137
9.98837592207983
9.99999999582216
9.99999998131873
7.25942834903584
9.99966187153333
9.99510188167998
9.99995931994003
9.99710376370501
9.99743488313754
9.99999860614728
9.99999999996141
1.05506146708062
9.64729710103846
9.99430948510459
7.75728734890702
7.35558788813264
8.82948898372507
9.90837549107563
9.84441166125556
9.9999408484804
10
9.99993718721271
9.9999999997282
9.99999999999983
9.99319555546309
9.76518749276054
10
9.99999999999995
9.99999999827406
9.99999999999778
9.99999999999998
9.99098879224844
9.91012077891523
9.87477475045786
9.88839013491845
9.99997409797625
3.4083724907174
9.99999999999736
9.99999999996729
9.99992369004382
9.99155148702712
9.99269641701113
9.9833898516383
9.99997613976722
9.95078234216664
9.99999987909365
9.99973765447754
9.66853407620957
7.20900573322872
9.99871062719776
8.1762230248873
9.99183177831695
9.99999680426529
9.99827661286755
7.33859754784591
9.07118725231997
9.99906479451593
9.97691836539478
9.97916975758612
7.31106547167617
9.97975437803353
9.38666874450026
9.99993978473209
5.83682597179876
9.21405835585492
9.9926179592958
9.83892654259884
9.99997767696456
9.99937601850085
9.8322131087087
9.95542828992278
9.99999279076302
9.92788568779354
9.99999875420056
9.07714973311864
9.99999992882423
9.99702713568201
9.99584003144262
9.99999999999746
9.99446131448546
2.36458250540179
9.99666768575883
9.99958497236762
9.95505677190241
9.98876862730231
9.99999896699971
9.99232668263192
9.47289972277039
9.99962806780572
9.99977073655948
9.99963339752875
9.99999999999384
9.99999434069004
1.40484233405122
9.99308530478296
1.72856572024512
9.99993906889788
9.99999999999607
9.99974980378527
9.99999999999984
9.99999699598174
9.99978842155084
9.99776137254193
9.99961108429908
9.98997798369602
9.91810308868461
1.30757552771896
9.99916480564537
1.14042925459705
9.99959880772933
9.99858095197353
9.99437961561051
9.98798840899857
9.940492304366
9.99982816471779
1.64400898319781
7.72868273070434
9.99999758698613
2.85074306926151
1.00857687143369
9.99980193967968
9.98937159523948
9.90685694182688
9.99875832418355
9.93174055526211
9.99650125034723
9.9998968690383
9.99516596462763
9.62431932037686
9.88890695937765
9.99999992081565
3.70712977631933
9.99032412344393
8.99826876327781
9.85365852155295
9.99999999998336
9.38460567600712
9.99708691058497
8.4960276695554
1.1559967615992
9.99999592534437
9.99382478421622
9.93465578211281
9.91542802328913
4.93196371180816
3.02125547244572
1.36941884548892
8.90581595155942
9.99156392041441
9.99160192625468
9.98469156697202
9.9017796891937
8.75500531651914
9.9918375463354
1.65837196576075
1.53764201300795
1.59949372035391
9.99098598664736
9.91276181271387
9.48235504464889
9.97185240023428
9.98913759475187
8.03830629161428
2.1597931320412
8.86767770451923
9.99929399397248
9.52690657685741
9.76524220595172
9.32028907548521
9.97598327073748
9.99999979431283
8.50208016152091
9.99663263530809
9.99710617380883
9.99999999999995
9.99954944693343
9.99999154933085
9.9992951812092
7.2961549147682
9.99998021198049
9.94927102244732
9.98247558276998
9.99999999799124
9.99999656030974
9.2309545711926
9.99964949465753
9.99999986311708
9.99996712667365
9.96640063226726
9.9269274190747
9.96985591769386
9.99455192502767
9.99981730532414
9.56682401804288
9.99930340770008
2.28081132558597
9.93613032222048
9.99998923160853
9.94516614993011
1.05740448880924
9.9820498085585
9.86397488240071
9.55800121819951
9.98929200022305
9.16508030753279
9.98883156008785
9.99733057400678
7.13132833228138
9.93623131723209
9.99951312826501
9.99981057008532
9.94320709092246
9.99318662040559
9.99999942171687
9.99998921876461
9.99057861327606
9.99723074101878
9.5739928114931
6.74037473176729
9.41205248440972
4.89552943554622
9.93951598033908
9.99999901040236
7.44995602361985
9.99386748909295
9.99640354802498
9.99943643293229
9.99999999869206
9.9999999860472
9.98472035237977
9.9977120041529
9.28521699586463
9.99999979414592
2.90275332433158
8.86644531534488
8.62076090456684
9.9980066842682
2.63495341003352
6.72266063216888
0.886984624640942
9.97103933865124
9.99462356627056
9.98940605300712
9.99995738681175
0.894353084031182
9.9978998333138
9.99783388533918
5.88632218432247
9.99999857677859
9.99999865878996
8.11458929839441
0.898027905175924
5.65369551741611
3.44544288456836
2.14599280458701
0.894660500641195
0.896967143947048
9.9494258180408
9.99999963721208
1.0032597745299
9.65736474455826
9.99999999992301
1.2379596632025
9.93307337889738
7.66910275784347
9.77831090393526
9.74727594823982
9.9716036884688
2.04497349072621
9.98085663204476
9.97922558182191
9.92247894304224
9.97009108176086
9.96515381273838
7.04224726082503
8.59854599653152
9.92855116673819
9.98626491300407
9.9882316113138
6.9724220866395
0.878348217501327
6.38384093526275
9.96294750637729
7.94911207321949
1.99220916336776
9.98321034857845
1.29376459335383
9.99996727611769
9.99999999904274
9.96287439250006
1.90026409733063
9.99764418605392
9.77817571031962
9.99812625958451
9.99991909612848
3.38412979605601
9.99972608329271
1.47787219999847
8.6775183521897
9.99331031254198
9.99971882596772
9.96211529588341
9.9999814980098
9.94925833189631
9.97915572884586
9.98966736533106
9.99218362175882
9.98993963651971
9.9090038877351
