1.21075725436857
1.29521325139006
1.66422415400345
1.6007917422993
5.60817576751196
1.62333012805662
1.84903683910175
1.64734094288998
1.23445838669762
1.64435767179933
1.18693396070399
1.1608531298239
1.6921986864488
1.61611862158256
1.09476507187504
1.27328352145007
1.14742683351736
1.31957665031737
1.23737761028019
1.12858598851658
1.13791982698321
1.34980258895304
1.47018706826878
1.52688973268323
1.60379294646452
1.09099666447621
1.56265963646186
2.02892550911256
1.65500709697487
1.4478510081868
1.42463970207498
1.24574184329623
1.35238936961285
1.48982724920334
1.48635266319534
0.965444898835709
0.913516024783658
1.47917504942844
1.36239582580819
1.44602358490142
1.10878500131092
1.23053279982565
1.47922487347497
1.17534124624779
1.4388820558087
1.43777895952583
1.39307002323294
1.01988305727727
1.44326588207347
1.30531936950576
1.60398891548617
1.84603614385192
1.67859842604815
1.04187125664408
1.38754222875151
1.61074940629312
1.36546496422764
1.50772888479685
2.35033830579691
1.09142193080615
1.09891648883842
1.40078524782796
2.82091027842913
2.19528637067879
2.63117953829124
1.36605385885772
1.64095667611725
1.20395693358168
2.29495653343199
1.00630257909462
1.45649996128669
1.1574068370872
1.06326344744488
1.14613119038661
1.50091157122708
1.8997259276523
2.00509471712803
1.33201123545341
1.11775902896718
2.08018389808795
1.77720903044741
1.22947459836312
1.2517438774804
1.3155910922599
1.87794509103974
1.42699595617814
1.43533902182235
1.67453585477971
1.18477212613484
0.954378580319276
1.67847495144665
1.51538965356124
1.72414675698096
2.53399304390434
1.44182562769813
1.07366700556935
1.33972858076573
1.26517809156243
1.264334707888
2.05744124464201
1.15033160782944
2.90956604282938
1.24585003227449
1.7402454655689
4.71594305143178
1.20097630608079
2.03814597277111
1.50223318443159
2.19223844000812
1.35561034368256
1.15319615033003
1.71702028276298
6.44667418137364
2.37029424557051
1.81144832384694
1.52464344289556
3.37404637187393
1.20835377649531
1.74821526534544
1.45437294311144
1.02805549019718
1.09989195753759
1.4210284761633
1.48368446094928
1.7676088341684
1.48701893933284
1.80894066962446
1.47453295327543
1.35292693928755
1.29970145426934
1.08687623894182
1.91424351699974
1.40190709133309
2.40761633455343
1.06764433588714
3.46632664071787
1.12037320205301
1.03257710117214
1.28205819770826
1.05956683479611
1.33951244596691
1.60321648934025
0.812347032916192
1.71734095115089
1.05492405516596
1.70376393761423
1.01285608274319
1.11054226968782
1.59316696292367
1.06623356885577
1.3307687495556
1.33651566593576
1.13709026912926
1.51426568455666
1.65873408096959
1.0576713346133
1.06723592655496
1.08275814553432
1.08343329006883
1.07354606644427
8.22248936756971
1.39259078593724
1.06694673087886
0.96047978710011
1.29696546335737
1.10095020530321
1.06825124785545
1.34701255795846
1.02851103449421
1.15463098759916
1.20209314503829
0.932044441572845
1.06997554506311
1.33194698532814
1.06363918098844
1.52891685931227
1.27269919611453
1.36592965514266
1.3445140795273
1.57699240185378
1.34443749011237
1.00603081444708
1.48260378741929
1.84038668819793
1.03297615862796
1.33811478331747
0.822751229169662
1.27259882825138
1.13786232246388
1.24204073210742
0.992745437178634
1.04780594973801
1.31193987835262
2.06906601357225
1.69781019166342
1.43778943083121
1.99054004226835
1.09295371656353
1.48375718483593
0.987592822170704
1.08390476295377
1.00930201429772
1.41055863866849
1.20116176477823
1.08329743625907
1.87321682196377
1.23463831961385
1.68135042861535
1.26862388035718
1.13854386651802
1.42304528352928
1.83684187182976
1.16939572591462
1.39451961449548
1.02808498709442
1.02900256079596
1.02248171868542
1.19087480657494
1.55632053559694
2.26012145380769
1.03244944185708
1.42915945959895
1.23118109641872
1.05236607014748
1.0273030275136
1.16911914462028
4.89903726376752
1.04356330382038
1.00531853097118
1.18002241042258
1.26146931303359
1.17694850333604
1.00487951589438
0.951884734565114
0.95260158728073
1.9346376925565
1.41510938678412
1.29765438372861
1.54215190192674
1.48374924505131
1.28251752317836
1.35258196337366
1.16932981328906
1.56073382609675
1.38066594897174
1.56249266896471
1.03673395819014
2.0180195421382
1.54285031039253
1.17906683623867
2.34467201761783
1.09088785373571
1.19157571153993
1.10053836532212
1.18118424365573
1.27762565157855
3.76057435246573
1.08640962918052
3.01762786990467
1.38896485665107
1.33840342426836
1.16040879482885
1.41646883067789
1.11948569285954
1.10528854956919
1
1.21496316927897
1.31953471669295
1.19538389324705
1.17905293225545
1.22026430467018
1.08572337991729
1.26795333270158
1.2104294114762
1.37866521441377
1.35329905430697
0.888579609509956
1.66711876081105
1.1581872838538
1.01955848561339
1.0435227333839
1.16193115913688
1.23814327793234
1.03236665744982
0.971219583631825
1.11967633075452
1.19867174538779
0.998303382952178
1.08547398807794
1.18319034395434
1.2271090661104
1.17923363363967
1.20164505226368
1.44500946419967
1.78781859421783
1.06495771234787
1.31014464682315
1.14053211474344
1.38419675705283
1.18004652514495
1.18324458637068
1.21071568350192
1.28428211157469
1.02920551944141
1.34500718467963
1.55827600744985
1.16819420882923
1.93326758300322
1.27257119545603
1.51046648181677
1.15808045237311
1
0.97330318458418
1.12038069532883
1.30082377466278
1.25848591933841
1.00642180740732
1.8705918663764
1.51018081103382
1
1.37924572548117
1.11847021184916
1.09837535356922
1.09170347134777
1.16746449336138
1.09417874948524
1.09610782187579
1.3504745451622
1.0609643606092
1.47934307442887
2.93674349706935
0.953611022131615
1
1.04738735808791
1.18018819709703
1.16344922461739
1.42277477656329
1.19108198592536
0.966321920882124
1.01436151305607
1.05341653196
1.22911031506758
1.06478565609928
1.33075010660526
1.0892381543444
1.53067016016783
1.24259174400013
0.998958911382224
1.37116414032874
1.40448967582247
1.1509512043692
1.00638029893854
1
1.04137788020593
0.958169601723286
3.88539709389847
1.37632372830738
1.02021230532618
0.947885438815603
1.10629057816995
1.07221953344784
1.66489859978288
1.12512628871532
1.03221308349873
1.07552202360328
1.29876010810569
1.25269896056116
1
1.64324278678358
1.05711562595246
1.10130922029157
0.999769401616834
1.06692055701621
1.18191692039197
1.31926757059573
1.12027720914577
2.89441338762335
1.05874808782517
0.969212218748416
1.35180909026627
1.69155931431307
1.25460838851076
1.09547776959336
1
1.04597729839541
0.921850243453837
1.20193327184621
1.17850295962351
1.0483131623889
1.00240517167247
2.28688962302906
1.06015544642339
1.17541954145363
0.891954965380949
1.01359032099917
1.10258422579056
1.2477642969139
1
0.930072276554149
1.12820985850101
1.30252406487312
1.55435258933378
1.04496497457066
1.47750626506093
1.03840974762866
1.97298498469994
0.93246664350107
0.968398441919416
2.40405133704778
2.62042628901093
1.58035941648106
1.20146204538822
1.22777799835681
1.28364604531606
1.39207132844832
0.999032224248597
1.28810226572912
0.966784137573098
0.99444088416526
0.968753039400289
1.28234203671437
1.0555103128659
1
1.76369737400546
1
1.00577068913056
1.15846791060211
1
0.967395491916057
1.04978156870371
1.06179511746209
1.20296325565798
1
1.393769840159
1.21465972468045
1.45845424429685
1.0100582509521
1.12449023472437
1
1.03765138859388
1.04603094572881
1.04184895005218
1.02159218318363
1.30560339268492
1.22684731183839
1.18920144214027
1.06928763035564
0.997652383857859
1.78342945124367
1
1.41704278869068
1.15418720685181
1.13361742301366
1.29005437896604
1.15653213002962
1.08265078836054
1.20183101549791
1.41047138221404
1
1
1.27021647518416
1.08826322057265
0.928105839826703
1.08213441832645
1.03113000876808
1.22524625359959
0.94225913629193
1.66010141853155
1.73098868329214
1.97400190071549
1.82837041495509
1.30206677496426
1.80660237911762
1.46796334825161
1
1.66050539103482
1.15910302364513
1.75267136103055
1.49344308549403
1.7088452839744
1.33350639982438
1.23227741614475
1.07192980643872
1.19225402223001
0.946031832703781
1.03211716726043
1.00275425888647
1
1.1328777172142
1.05169531879568
1
1.27659411065212
1.25024331194673
1.28584681939799
1.3643530901407
1.04444242555219
1.1441000517502
1.10314523049937
1.07750931126179
1.28348307148476
1.28414438502323
1.05711014197355
1
1
0.989875095285318
2.16296225631237
1.01978400588628
1.18206734299408
1.24530334946723
1.17153117302049
1.23172330109128
1.46478308161416
1.12938892668624
1.9333517618906
1.18662626767858
1.11864371135274
1.40548211790712
1.05063599214142
1.07887750873493
2.1842776917026
1
0.962664890457235
1.1777713694399
1.24504121149174
2.39853932664914
2.14018887042521
1.2387551074293
1.27118822337616
0.875797019351967
1.1933670463988
1
1.26125231891654
1
1.55454803503713
1.14095816835347
1
1.11055906029144
1.37226458864947
1.21418295924707
1.27348510942192
1.22425144698041
1.16318726528478
1.00112007468768
1.32475112485824
1.20454243778399
1.28952151369324
2.05985200466376
1.20642956379486
1.25973650662703
1.04577930417844
1.55464441038679
1.872316888099
1.21676857237738
1
1.25954226142503
1.15953184005826
1.08631850026552
1.17638613201132
1.31321097983536
1
1.06586141671038
1.26403647113166
1
1.04365490872437
3.06619319965287
1.25386654700612
0.904515381116397
1.15499285746533
2.06697827622703
1.14042604777919
1.2458068218446
1.8369527003308
1
1.1593481768274
1.1898740434892
1.69664307606309
1.08647393611707
1
1
1.26282852000919
1
0.838960268226558
1.7750102055629
0.99385078353437
2.66767851123653
1.05727800250094
1.38450084909804
1.05526914359407
33.0523715935149
1.23288800841388
1.24728080968086
0.960442267097671
1.69060111573615
1
1.11739752650045
1.20206473259016
1
1.33394107509556
1.03878743517035
0.98679735977067
1
0.979306932949156
1.23823286843794
1.02812577214523
0.994686054682694
1.24082815778977
1.20937157804169
1.12484855895365
2.56892384613667
1.15180598178353
1.22138185196579
1.25881352789669
1.20921068245403
1.60055481133492
1.25421843675502
1.10463091729823
1.17348787712934
1.5021603734409
1.64818462621732
1.06213099635949
1.12837434519022
1.17956966951443
1.34190052191149
1.31075753897398
1.01245010234283
1.33850845196069
1.00897382999054
1.26685885189434
1
1.15937256852533
1.18635744573627
1.78706906357363
1.14478888829858
1.15075211253235
1
1.06314822189943
1
0.947618629906803
1.4753032883137
1.11626343583992
1.18341855471168
1.05508067969588
1
1.43285823109497
0.997758744813684
1.03657793620094
0.997584104784099
2.16632024775859
1
1
0.984610496227335
1.05858893924964
1.21005540774486
1.76639615328834
1.17829168149028
1.00005233512149
1.37821081543643
1.62024190596583
1.84417619385795
1.39921271922394
1
1.29465701367608
1.04655959232333
1.23881465721787
1.19658632732626
1
1.20107458358406
1
1
1.70438556980476
1.91881488395043
1.03641174053166
1.57211770693651
1
3.88950246804069
1.42733447137701
1
1.37286285010251
1.43845535681172
11.0368986178229
1.31236682094265
1
1.46191501966725
1.01011053753575
1.24254796468418
1.70705486211312
1.10200918284119
1.25361276005768
1.12303869623215
1.0467117393121
1.86729506509056
1.83927736744056
2.13480141115154
1.37603863687613
1.32488746789135
1.41361411962721
1.07276172100318
1.25090691001103
1
1.0800781925476
1.8000263179393
1.20475443011421
1.31138200519027
1.81228909872077
1.12169249950849
1.20262613207334
1.15945049093184
1.33036118827989
0.901446566627525
1.22542162599817
1
1.77521805303291
1
1.87982279203383
1.04291841093193
1.10253069174093
1.19436099600347
1.10645751566831
0.904760388373784
1
1
0.997946394500655
1.11723343751052
1
1.05808633674764
1.23861991010958
1
1.50173164632651
1.02896481998991
1.25494056457233
1.06332089927817
1.24718257308183
1.23734968551198
1.78316382546416
1.10703341303198
1
1.58853271094477
1.30760307968529
1.7815228043312
1
0.971643729718392
1.14007526181481
1.10292772182374
1.2996223770902
1.18835945987682
1.21334355489272
1.90900479854037
1.6302050933662
1.26181043130312
1
1
1
1.05838465142805
1.61219607708637
1.27841601799209
1.14658493512417
1.17110259161104
1.26369683264411
1.16073342750991
1.39091453843977
1.22265979339249
1.64394361097278
1.32201491897664
1.52728160492241
1.09794082607579
1.19533890525196
1.36667123250428
1.30691923868756
1.33871777263679
1.85500105111952
1.16415128301643
1.03943736349664
1.96977245154322
1.76295789558296
2.59803133958168
1.01186301564299
1.40880610662996
1
1.40228215228446
1.52060723301713
1
1.6506097566734
1.40027744555577
1.23123854425202
1.35875506962202
1.24082714271893
4.21265780283293
1.15743768679943
1.02309987478166
1.14486484604182
1
1.04990230401099
1.0028107749141
1.76922985676285
1.23093486209141
1.06079328063073
1.50078122870862
1.33587350428408
1.08395256756124
1.32486279206402
1.20902397185781
1.66535932642363
1.47112310878667
1.23133166396595
1
1
1
1.11969821180411
1.1049022601462
1.49059868031143
1.33902347947017
1.1545274783716
1.07257328244698
1.97271865745526
1.58405412400044
4.84547104829718
1.08829204750167
1.56775497792768
1.43741364212235
1.70618104789045
1.6322542160396
5.55435039789865
1.26823776853289
1.7008596021151
1.08608795569431
1.15455980135762
0.977720067803284
1.35647844056416
1.28654172395997
1.10832452571998
1.72387414655013
1.15644007514936
0.993581075007513
2.00139655575909
0.970224673004747
1.12778695048566
1.10839508813624
1.49586515002717
1.78704839804203
1
1.35763770724864
1.2085671665804
1.57713808139759
1
1.04237780722366
1.12684877635347
1.16914675476904
0.919191694464007
0.98913168944241
1.32379638551961
1.07791111798186
1.4809624885554
1
1.82869836482398
1.1430564167623
1.26126067497643
1.37319919994432
1
1.39091865903214
1.19848496933607
0.951727564452712
1.380252132773
1.34653381008505
1.20085996193157
1.40315879516424
1.51006607180906
0.994968730759351
1.47413842341501
1.57022722014072
1
1.20619532362104
0.969786941797646
1
1
1.05576579896484
1.06234849442668
0.997702357820014
30.8750905917659
1.34128618896325
1.01681993706975
1
1.215370125363
1.2517212626076
1.16220934203797
1.14335232198003
1.05260602516149
1.46556868456332
1.04124900176587
1.05595244204794
1
1.67213653614115
4.4227372488738
1.21099604530599
1.12723998922359
1.44757799059386
1.46333596039296
1.01472659670642
1
1.03547319705288
1
1.43523357288481
2.80985348568217
1.37049708541276
3.09555055909639
1
1.20201434794119
1.39888244056944
1
2.12227021270487
1.87437415734112
1.33947305131635
1
1.45589763546381
1.27589593378077
1
1.23837147718748
0.991216513287358
1.11433474140342
1.0813729295271
1.18081334303714
1.18110761437238
1.32735253865443
1
1.84851576946912
1.2048843252029
1
1.26002710693088
1.10700208080621
1.20610470062182
1.21216513121021
1.13352191147118
1.10812381621745
1.08407482991425
1
1.17228124402807
1.43746053204572
1.3337837417749
1.05797250914746
1.44772546753895
1.20070949974805
1.13970592364186
1.05369485692009
2.9984390211554
1.08170022330499
0.869179903399728
1
1.1461142412155
1.24751977557492
1.24763331340621
1.29851416215261
1.11269718903049
1.28660834511585
1.6789877935565
1
1
1.04708146722955
1
1
1
1
1.03393601131289
1.06726974364885
1.09187727058618
1
1.29726121680788
1
1.00229551352213
1.83550989492387
1.09724622004928
1.09881192864732
1.10068365535065
1.86423769428514
1.26114554952653
1.38839550239181
1
1.59262039365877
1.4573835801319
1.02841689738917
1.27865613901607
1.55015558936402
1.18668823083694
1.15239409342825
1.10823385128677
1.32075943144119
2.64297590872085
1.18475343747289
1
1
1
1.29168866816783
0.908024901567052
1
1
1.46185696469511
1.3779791643115
1.21166479792902
2.03433178747722
2.07209357706965
1
1.63993616870206
1.17873595807037
1
1.11392847039351
1
1
1.05358099084429
1
1.35164936248112
1.14333451506172
1.32217629148735
1.3270140273664
1.34287954788735
1.10893520901566
1.56792079517152
0.930992927893583
1
12.2014829401963
1.53454260615566
0.935660986253814
1.22797997568055
1.64859892089367
1.65923076835479
1.38565959798463
1.1891773372439
4.24493384396259
1.37443883795053
1.05600033096656
1.05064739313444
0.998781637875836
1.11181286351673
2.67361138814779
1.12037411374411
1.18216976290338
1
1.81221402477175
1.11785321980984
1.2343811590266
1
2.44701302451851
1.20712213246662
1.13122879817588
1.11508749241061
1.28362767946572
1.58924664109377
0.970401634721404
1.38880374706911
1.2636915178241
1.04114984740949
0.972180821322223
1.28233563143585
1.15100647307469
0.968162652696251
1.22541176406592
1.30971302073107
1.20100703276573
1.02308904251399
0.977043067936882
1.46944510187498
1.23102126544854
1
1.13221257888594
1.30150517164536
1.02768000118593
1
1.36769376832997
1
1
1.31847910595425
1.06383219996358
1
1.33104139353626
1.33901419702635
1.03972428137369
1.52695578226044
2.88499244167225
1
1
1.23803741576345
1.2487502495104
1.36376511223249
1
1
1.15020190395149
1.4465412536686
1.21996901035613
1.17509649674213
0.924677607319515
1.8976583029597
1.31544904029512
1.04886172526748
1.44552724830603
1
2.14851534022899
1.84122435972347
1.32400370433928
1
1.34980743124019
1.58681356537498
1.57258896614866
1.02719690284717
1.44848151145075
2.97777461736552
1.02316212920405
1.33874824072436
1.44706801662209
1
1.02994270524692
1.00273778019354
1
1.417141113651
1.38419528797467
1
1
1.45202521009534
1.42904332520979
1.11285398586316
1.26901528604356
1.43320293149435
1.36349335451866
1
1.1497292670843
1.16009773567555
1.04482628045165
1.23193708749334
1.47280056925708
1
1
1.26035139201416
1.40543126149173
1
2.44267370674247
1.30196549478347
1.94773577516435
1
1
1.0264957971184
1.26700132838998
1.21988742788104
1.06259778975616
1.00722827365176
1.00843098593953
1
1.97126409956246
1.28701571789727
1.63472987817154
1.30065938839471
1.13021059012306
1
1
1.4739985969873
1.45669338929542
1.45669485407766
1.71239567760491
0.981016094615012
1.10472844428285
1.32019062388339
1.14340628739532
1.27731057715553
1.54862766711994
1.05930102726786
1
0.974620917629903
1.3247919910153
1.49193204895012
1.25014768128855
1.17569382794458
1
1.27709875583484
3.03565704342434
1.23278083350188
1.0853129677462
1.38269480501859
2.95305364422176
0.993440880689798
1.19478286678319
1.35799433458213
1
1.47661985045308
1.0712563157197
1.52936722606631
1.10615690497556
1.64677969801448
1.03771688974234
1.12933228660895
15.4398283483334
2.1101489614552
2.13238884916989
1.53581620409051
1
1.02162622746858
1.05522138303093
1.23989756139845
1.22053379484183
2.08351249351781
1.44334981449936
1.18865119781451
1.20717725311015
1
1.39303375299082
1.03989490677591
1.05011917429337
1.26516725527838
1.09987100058558
1
1
1.05904186280074
1.13562092714975
1
1
1.14053229916105
1.11073095788239
1.07237182363754
1
2.35584325304525
1.26283620385168
1
1.14838349229234
1.04034357235639
3.21776375392852
1.17938843262624
1.06976729604722
0.997602799413525
0.962817881699249
1.26174923751589
1.22524414260821
1
1.27324836802041
1.53240419828484
1.68763127011221
1.11135041383718
1.01190145619582
1.56605196314819
1.2591659091704
1.64622435592266
1.02932871447191
1.21815698675315
1.5217282528492
1
1.13307018006327
1.61180718871466
1.18841856298722
1.06848197706152
1.53112970487496
1.05204655333421
1.46263770769023
1.243537449414
1
1
1
1
1.22438677295163
0.994725791027379
1.27558335309831
1
1.47938496844129
1.65256503934456
1.06002272270595
1.28576775409989
1
0.962001958454153
1.3127232156033
1.23109682194114
1.09347383496005
1.25831071428125
1.41852059242264
1.41069301487387
1.40306513490273
1
1.15758839759444
1.5183263946345
1
1.19084523336877
1
2.57133303742766
1.46458854395997
1.13210419718345
1
1
1.44392288252844
1.04937716699334
1.04044630165012
1.20174384669579
1.1136365423797
1.23638039939508
1.58986983412137
1.24226016204584
1.77882427743102
1.15502977711154
1
1
1.10159923566802
1.9050091995102
1.41113398946266
1
1.12786804548093
1.14707619762137
1.05340988360125
1
2.56480351709171
1.01884594574208
1.38843136993822
1.15688961320624
1.0633010298175
1.57422015942252
1.22607331531827
1.32492825691883
1.2276738432889
1
1
1.09873704381274
0.956092501520376
1
1.20293835693305
1.80759457067435
1
1.37710664446296
1.50313760827762
1
1
2.23048789693402
1.16536116402539
1.59588200166666
1.36950601000387
1.45191006174692
1.2885332141596
1.53958646523588
1
1.31848367359704
1.10426589121368
1
1.19914515707969
0.937586384990341
1
1.12735759088589
1.49665813026603
1
1.35059159124925
1
1.30914187170275
1.22177182519353
1.09396721769419
1.48277471102244
1
1.54741734002102
1.08751812433031
1.06526253552784
1.54237624407925
1
2.19580392353202
2.14877753287513
1.17134797723845
1.49419641237614
1
1.62802849247739
1
1.15958769943225
1.55363356458291
1.06408544119286
1.09081874455386
1.29921711451452
1
1.78515307847093
1
1
2.21639352817057
1.34287803767498
1
1.44517468523152
1.77071939151853
1.19378630589142
0.942462382586175
1.42346265713515
1
1
1.2768834610108
1
1.42068112916088
1
1.43057116575696
1
1.50381106654497
1.28232458485401
3.55275632001575
1
1.30683843437437
1.0987610079681
1
2.23988243021023
1
1.04003574165563
1.44595382815823
2.25628654222563
1
1.70633517756088
1.28236991330075
1.78839431769574
1.21291623068594
2.93401699541689
2.00679561195447
1.14036468396046
1
1.73186081399257
1.29952517395538
1.7519012344096
1.04716906280866
1.0996629843886
1.63692597118592
1.15624994164931
1.26402573877206
1.2906669135861
1
1.37130491180627
0.96824430822241
1
1.19038501604732
1.18477466201694
2.44489107756231
1
1.45998107897483
1.59891479969537
1.09002487580857
1
1
1.12094727094339
1.2086250917831
1.04897113605236
1.15334750687923
1.09776069050887
1.45375357977808
1
1
1.0057620310275
1.12827187339377
1.04852285943462
1.03341699468823
1.15427913671009
1.12755027284295
1.45954889086644
1.18124203466075
1.75309946462475
1.76595526792507
1.48505269914182
1.07237049513769
4.16464256773582
1.44606796327435
1.11036361283567
1.21692121465193
1.87331147870074
1.31578204749331
1.20273165784538
8.94284866632755
1.34198754783023
1.68449233595966
1.79823747989975
2.43071954152233
1.38080339507183
1
2.61676891803291
1.39852004843949
1.25891410205187
1.13675180383186
1.24094175634428
1.31959814669756
1
1
1.87645595699647
1.06642500752579
1
1
1.4072136527016
1.306631837776
1.17375150787883
0.94613287016573
1.41476229396678
3.73272933644408
1.25715191600611
1.77022092194918
1
1.35751307381423
2.32142237218969
1.45043357533399
1.09898096958781
1
1.16981592053902
1.32943782745328
1.29022204216558
1.06927084579598
1.13034797626254
1.71732024453358
1
1
1.99274605003944
1
1.08430020182192
1
1
1
1
1.11120658982762
1
1.07948641888245
1.51132618384817
2.21840386945265
1.12508406014129
0.993356099976128
1.30074211763004
1.20177378841415
1
1.73529404015494
1.17242342213441
1.57110072775101
1
2.5846724262299
1.13409486208047
1.26919556191284
1.30958392089625
1.04496460507514
1
1
1.27416444545595
1
1
1.13205065071745
1.33885777963988
1.14660043861401
1
1
1
1
1.78291635178601
1.2945300529111
1.27055310708462
1.1577197623379
1.54437452071188
1.43668492443187
1.42404972898817
1.51047385638304
1.25920742855235
1.18192069217373
1.25283469958086
1.4836268820031
1
1.13343718083851
1.14581869746822
1
1
1.17803200331186
3.40020873095125
2.4652733096767
1
1.29795226187022
1
1.04614763175185
1.18209546097778
1.95759529982129
1
2.08028511367119
1.39984762105323
1.35758739385973
1.56325171754971
1.17545728512836
1.32184361204319
1
1.14853162319221
1.74670644758531
1.35753801849761
1.75584506778595
1
1.23132903450278
1
1.28715722660978
3.4122023655543
1.04864151016876
1.12159029009472
1
1
1.71346634609327
1.1223728493432
1
1.40116252508167
1.11257785111755
2.38190613659787
1.08956222702052
1.39574478417402
1.28908293924642
1.34534656671487
1.224671991591
1
1.3292345507039
3.98610636972008
4.33452650811733
1.64201567506691
1.32003602504161
1.32629435871476
1.06079945192038
1.1418891726472
1
1
1.53467564103603
1.30755165168977
2.48167876750198
2.20693429893861
1.21770022041271
1
1.27697227746402
2.27559470878163
0.991321636971634
1.27755613207266
1
1.10623609649803
1.49923897945369
1.43818719639467
1
1.1257923061959
1.18744645135131
1
1.36399865769584
1.29935171532037
1.15733315924068
1.37097987969815
1.2252230660379
1.24815719217977
1.28540796880433
2.1293616775295
1.28937654679941
0.983143664450486
1.24617376025753
1.47909119003276
1.17238757863094
1.50836109968382
1.36601992976324
1.04878070580531
1
1.70996140208392
1
1
1.13422422006058
1
1.19304336645409
1.03345419891238
1.15925749531495
1.35235127524464
1
1.72343679960216
1.00373721508894
1.20008086052007
1.20321233974372
1.88914335218718
1
1.27365924162009
1.35251052303822
1
1.35222690788206
1.36957205496055
1.25962273503169
1.46463325386139
1.55451071456105
1
2.31474236668969
2.10858615189117
1
2.04220921554436
1.89192322636623
1.2379798270665
1.21138469545922
1.63553395270205
1.16952152532223
1.28296481705853
1.13690396781564
1.30952312242112
1.12618466097015
1
1.25067600451125
1.48017745516138
1.37390647479128
1.68847982549921
1.35803798269163
1
1
1
1.22171339095402
1.02267394185373
1.0595052242162
1
1
1
1.29369595483085
1
1.43227576233883
1.32785384441294
1.39125201287117
1.4137428626022
0.989768553393305
1.22436951926195
1.30796900747509
1.30843827178488
1
1.06884479052919
1.7023928901596
1.07910907639779
1.35263760645912
1.14679894586341
1.3318520574104
1.94637665004193
1.29558707790963
1.14532996625389
1.45639489856449
1.43868935980153
1
1.42601596723142
1.08340770590333
1
1
1.18461641560636
1
1.15586304145259
1
2.64222816769259
1.03910811859851
1.93810659539387
1.42622384363502
2.3005043659958
1
1.58208107582482
1.15823812206026
1
1.71992194027034
1.53617976366181
1
1
1.08488226737239
1.33433428277196
1.43189212270874
1.31329633787362
1.48944770283106
1.42314706848805
1
1.5082289413213
1.25384570831036
1.18163278242743
1.0784365656302
1.30611337014502
1
1
1
2.07703791887795
1.1801638856466
1.2300570395791
1.3012751093537
1.15441644146089
1.39967411868878
1.15580876615462
1.22085938858726
1.18230196057071
1.35572637801889
1.0526260098117
1
1.13279887120141
1
1.12753855142393
1
1
1
1
1.39869133154148
1
1
4.5512204364817
1.63656976363547
2.09724426851667
1
1.98174764147194
1.91442681240085
3.68268395515987
1
1.47341528857128
2.9031393270971
1
1
1.14944554911508
1.28182254019698
1.73121649056795
1.38019792767683
0.976787227969064
1.3143093038015
1.13086991731471
1.1978738666748
1.25703066096845
1.25756376205897
1.27627858791535
1.37090774336825
1.08599625462493
1.39605291827568
1.13006119375381
1.23152989730574
1.19122179421324
1.06868303603488
1.25257703786645
1.40830535358584
1
1.5506579984757
1.23289006586594
1.3124838701766
1
1.26083321656539
1.328693922916
1
1.74860325719439
1
1.21923905228757
1.01277053577174
2.23048257892475
4.019558158344
1.26657645800661
1.17146224721155
1.185958508229
1.53482336672965
3.20120255269669
1.09706510687326
1.03728663957051
1.35480350884884
1.36035320234814
1.18232526736604
2.3163485518212
1.41086054242593
1.07755729457406
1.28221569884908
1.03821277114427
1.29296822015353
1.06192230037422
1
1.34304962991587
1.36886638972043
1.09178125312166
1.02241707842831
1.23048974653047
1.51639868599322
1
1.29553022123536
1.54526940250201
1.33885791628204
1.94968527927179
1.28938168722975
2.72900646498787
1.21171838782987
1.17790637574585
1.27811381316986
1.14333703026103
30.8095040189985
1.10186558929508
1.05412231164804
1
1.08818484212326
1.31750169435197
1
1.59216956839408
1.0513092437684
1.2674218891616
1.25134906228298
1.29692999906728
1
1
1.69638432263714
1.34554137108934
1.43762460183584
1
1
1.77030950241858
1.34796419566277
2.34342863350341
1.15631269059756
1.3624086019792
1.19121177047523
1.10953386654001
1
1.50694220965291
2.17588983763704
1.56517204521866
1.1283102099185
0.893206347107669
1.18037964708245
1
1
1.27364523528988
1.470257245722
1.90716775973335
1
1
1.35575094509773
1.51463625362252
1.25496905275276
1
1.45309127399295
1.18381759269909
1.35904683724592
1
1.22819492819315
1
1.28465591977927
1.19155192955851
2.31841708799367
1
1.97187260478547
1.15874226096736
1.07948426814759
1.15691061612459
1.49414580040188
1.70831143874686
1.18647036459764
1
1
1.21241458569831
1.25095201082408
1.27472271459461
1.05262726890582
1.57624585194471
1.25340871689902
1.41731313529189
1
1.16445331321987
1.23948382597661
1
0.950723582850652
1.07418103044979
1
1.25817605970059
1.22796001060478
1.3196205379776
0.999113927461224
1
1.1416657213978
1.20968708941498
2.20878153972029
1
1.20234682240806
1
1.21340229577768
1
1.40164245078464
1.00515673234842
1.62230320968653
1.27077609784754
1.97302621710846
1.61352535325491
1.36964366697981
1.22857391446684
1.18165474538882
1.19549100899589
1
1.67150411887571
1.74253736740067
1.51289576240145
1.31721883215461
0.943101183595725
1.14527016262449
1.88567252890159
1.22215817384342
1.0897655822519
1
1
1
1.09438880649522
1.04365740124803
1.17721418251456
1.38417269362473
1.69185600651613
1
1.00589480184762
1.18669693460983
1.66846904115087
1
1.81051830979288
1
2.18418189850661
4.80049880200248
1.15912826333999
1.43764648001208
1.19095904015815
1.43201090607297
1.51703176715236
1.84099673757251
1.43688897564926
1.07818517718454
1.34258862632733
0.987451247857932
1.06945294747731
1
1.12292342661291
1.51190331781939
1.2839180032235
1.62630758862909
1.25178943410798
1.93034852018414
8.45319901646826
1
1
1.28441073675679
1
1
1
1
1.12301123527449
1
1
1.12980364738419
1
1.41658739779995
2.31544870974038
1.38417994212271
1
1
1
1.14012259405283
1
1
2.66435270771953
1.25416871785601
1.67305672875096
1.99434566435351
1
1.93817749512684
1.43956602242428
1
1.04533728703129
1.37360669123719
1.17839606641197
1.40863793171902
1
1
1.24224649232825
1
1.30203056555267
1.28060058873778
1
1.22858883548131
1.60745218563177
1
2.00145340693947
1.63234247021379
1.49611183578143
1.48162094554227
1
1.08369413217683
0.992917930363308
1.60488243412676
1
1.16705210978232
1.26860808766995
1
2.11286080943839
1
0.990179022423705
1.61478593727811
1
1
1.27166504910547
1
1
1.44525309721404
1.19964558554583
1.51576579626217
1.13084059099307
1
1.25952168878918
1.34511040827142
1.15404806349603
1
1
1.49735262752312
1.46321500513233
1.26260618207848
1.33471607947764
1.06298527058675
1.24225887265354
1.15031336705339
1
1.68902643756927
1.14065108227382
2.26471042038988
1
1.40637310530227
1
1.13721663360152
1
1.21092260686673
1.33519293100779
1.15059428691554
1
1.23948482363237
1.79129446072242
1
1
1.14986356249496
1
1.01283933648815
1.07853514150732
1.17537126776296
1.63086001027292
1.08875384706094
1.51444311099844
1
1.15261947149185
1.11306398797577
1
1.92882913074033
1.14823829934519
1.27169256888774
1.54858711637423
1
2.27107932305125
1
2.05185062357066
1.12028887406933
1.06798642299334
1.12759198601374
1.27830211228384
1
1.18391361629094
1.19603752432351
1.00324831714617
1
1
1
1.01108952192663
1.14887213989709
1.25527095923901
1.13743551196844
1
1.03876507147635
1.84549427773358
1.02339993879931
1
1.42934150497169
1.22519963230768
1.23239089599568
1.07257794359962
1.24899287976889
1.16937476612297
1.41447368750114
1.38476293723368
1.3448758388216
1.21287146217212
1.57054203245155
1.09901462669461
1
0.994157464803427
1.16057552471335
1.18906789177915
1.50409138833665
2.2092096797884
1
1.15066674060971
1.89956111163513
1.00640093607524
1.1461237892465
1.24514452483157
1
1.3934941008824
1.0359311439957
1.22564612596722
1.56459706577498
1
1.07101199349427
1.49724761849963
1.00738726472519
1
1.40163683039016
1
1.01326550320895
1.10383082139942
1
1.17189052433894
1
3.07053695726459
1.18579804481196
1.29546533562349
1.32215393317921
1.33661875111558
1.40986804869397
1
1.86118073698084
1.13679254662602
1.22325878215703
1.27852751034294
1.24580356366052
1.30088863157682
1.08116708278446
1.24304198991637
0.961381442093391
1.15159587393244
1.18220860917136
1.03511654909653
1.16007575372592
1.01932271236808
1.27449732413908
1
1.25139766866923
1.39874739574761
1.12882419392308
1.37873395926313
1.31373858985464
1.6204612359183
1.11936705202067
2.73516709541832
1.15249442700064
1.47677386207476
1
1.61186675590636
1.03395902495781
1.4181790011944
1.0992006802485
1.13152002759161
1.4793344289292
1
1.52873390414007
1.41388791068589
1.12425558512004
2.34415532254507
1
1
2.07433560237454
1
1.48495230961759
1.43412486453565
0.983593618575039
1.04737859829222
1.10620073343195
1
1.33318170411831
1.3897886333504
1.12221010160752
1.05679235906491
1.09500541836843
1.13480287094407
1
1
1.04477724324014
1.58418088564095
1.12341049599592
1.34673005279476
1
1
1
1
1
1.00506583605822
1.22004149858743
1
1.16064661239274
1.06517599208185
1
1.37920178310649
1.09180780690935
1.04554597570362
1.15754828253897
1.02130198031968
1.05906631479759
1.12070322233663
1.1335746809146
1.19885743430643
0.976534305816819
1.17437436638494
1.23624697551514
1.15049221413755
1.7693383465291
1.14414080973404
1
1.50785133500212
1.1304849318375
1.22067353934052
1.03470588340714
1.21801838366297
1.0058763623201
1.6420789483239
1
1.36085559531665
1.59764500860265
4.4118870438624
1.3658518207486
1.24901105389005
1.45510299062231
1
1
1
1
1.3495205685071
1.39380429988237
1
1
1.157878658041
1.4766240549434
1.05845995080337
1.05452574112139
1.47066283362913
4.57956232736245
1
1.06353365165623
1
1.01895458928961
1.0582706026465
1
4.89347135692996
1.16697731135922
1
1.15752520215952
1.15716601150777
1.30880457114055
1.75324702950092
1.12372578391679
1.08656283951782
1.33850941945562
1
1
1.24947259931357
1.92450571491643
1.54059696339286
1.40783530217063
1.10624717403138
1.17848605088322
1.03288555504213
1.11051233728714
1.05569213322743
1.0761620614759
1.2001180505336
1.16289607133956
1.3204055143421
1.37966479785398
1.26040278514517
1.35646777885075
1.83629557891777
0.985309277776924
1.52667403000665
1.84814025989913
1.45868212346092
2.4965036186949
0.951740887963631
1
1
1
1
1.30238864904295
1.5859112100259
1.2380226389149
1.42797111386436
1
1
1.92199605680525
1.63523011008231
1.46244382045956
1.23313298832283
1.57866606385142
1.23547107734529
1.54945541605604
1
1.32058339844288
1.28805988679281
1.6669600054972
1
1
1.64894335757424
1.23863128101381
1.06954028832507
1.07835259348612
5.0565749041151
1.45869165677336
1.03864706698417
1.10131284718382
1.18227584151134
1.01262436230118
1.43908258681556
1.15708356606631
1
1
1.01564684954952
1.94836035330001
1.08644941624066
1
1.07209478114383
1
1
1.60165277178928
1.37470525755096
1
1.23029085539903
1.56401164919746
1.99052018167305
1.31943045515486
1.27651060622864
1.1767751520237
2.87578468976957
1.21161333773508
1.42050493675319
1
1.04277395421218
1
1.39028647193286
1
1
1.14444818280859
1.07280366631242
1.75877249442538
1.12008311325194
1.09157559862173
1
1.43217985358711
1.34911759385087
1.29633682363606
1
1.11931590974902
1.29158614729522
1.07573945523036
1.18123709228344
1.04388188193321
1.60973247938056
1.21263303141228
1
1.03748388409091
1.25244099153907
2.02532905090523
1.22841801608534
1.17885441319722
1.18719477581856
1
2.28261205500854
1
1.21646303979367
1
1.79368189244038
1.92113107950971
1.06202362038539
1.91515395049069
1.42389257084438
0.995498549556838
1.06180789112477
1.22022907925219
1.28429664384014
1.1950252397924
1.98704430535454
1.09236300238446
1.01804897735527
1
1
1.1985407681596
1.59387154867104
1
1.541837962396
1
1.19283384618609
1.38629527856649
2.3108782942081
1.0324783452446
2.43943553230398
1.36930332836049
1
1
1.12684799655767
1.41214695909818
1.38838689373345
3.45659648300885
1.46921028529819
3.12495627486729
1.36597480648364
1.48242086021584
1.0664342519396
1
1.16637359771669
1.9802232842968
0.989392582475937
1.02822698131665
1.94937073753485
1.68317998247473
4.26007559902286
1.18959056705843
1.05985934650078
1.4366678809234
1.35808745968621
1.32335757707922
1.33917402136191
1.21639487131677
1.5327230003281
1.06328366029642
1.52218462354656
1.97828822812384
1.15867621828855
1.21179167046629
1.20794033007786
1.44029064647919
1.54769944231491
1
1.37890675464599
1.02083914526618
1.1432364230272
1.41779695041951
0.999651685746775
1.04029100659659
1.34971653374277
1.1653948993354
1.34338096321875
1.07866306265752
1.1735727856787
1
1.12665898532687
1.13270549074201
1.0638837414334
1.0992801488613
0.958777122345554
1.00024037048042
1.2963609752785
1.17099527990888
1.13337031684874
1.97155541114815
1
1.22734829044749
1.31466308527686
1.03499830384339
1.14870484819342
1.38866224756308
1.57120807490205
1.2798101029968
1.40709344207381
1.05747241491351
1.27917986273473
3.14874663802439
1.20605884866992
1.49831705574711
1.50466576280148
3.63296838284203
2.0897741341743
1.2565809785442
1.22655952509209
1.26405373134086
1.18390182029541
1.63717185598684
1.23203791021579
1.90680633379107
1.35880410818112
1
1.34050609571547
1.67811660039151
1
1.38229313954972
1.21185078110791
1.15334457646491
1.15840467568689
1.03024212358859
1.24927631805551
1.56707634675135
1.25926299887669
1
1.57752077607333
1.00821400435159
1
1.26435880251753
1.40845542740096
1.18876265621583
1.35710582419518
1
1
1.13058206090594
1
1.50646315610248
1.05176837657154
1.15117406753804
1
1.29446456464266
1.36038773923157
1
1.33116156366753
1.5475578932864
1.03042282779693
1.15796237984362
1
1
1.17009899489968
1.24656104388195
1
1.14847317859148
1.36266432690272
1.25747070842942
1.35089115182294
1.24933653288464
1.09497744317876
1.62280349820069
1.51258115028533
1.14157034776397
1
1
2.13464661525461
1
1
1
22.6072888554603
1
1.83920707700395
1.0756057718987
1.55272051479859
1
1.0842824771885
1
1.5752538687263
1.23053138376661
1.32051765845464
1
1.3463460861636
1.28694964205393
1
1
1
1
1.07974626348231
1
1.13051261546229
1
1.63657568241796
1
1.09382988980141
1
1.28394607277
1
1.09057280434102
1.7332612975989
1.72716999820934
1.24600188247279
1.21347446070998
1.07592210948561
1
1
1.1075354135357
1.35657778750852
1.06855999479022
1
1
1.56410314058925
1
1
1.38339682668908
1.05149759993599
1.10949721414287
1.06953701438524
2.6368838883708
0.984988585128337
1.19364805747462
1.55943140868544
1.60223658883894
1
1.77141196120884
1.44114685303638
1.13519219022214
1.03332242342248
1.21843344794247
1
1.14874585796655
1.98796904211661
1
1.76512629168984
0.979818940517267
1.07287306956324
1
1.3213071024625
1
1.26836163200949
