0.5125420657329971
0.0
0.2825064756268308
0.6795285594443461
0.0
0.8673962556252872
0.0
0.0
0.0
0.22611979176748723
0.0
0.0
0.35121634905246196
0.0
0.0
0.18047799460794658
0.7406140308324688
0.7360783539218718
0.27061597442977553
0.5686138413683977
0.0
0.0
0.0
0.5486677165935648
0.9324325349195124
0.8906083484696371
0.15241021594520263
0.16275068611436588
0.0
0.0
0.0
0.0
0.0
0.1312556082355535
0.0
0.0
0.16567219047632376
0.0
0.0
0.7249710476891622
0.0
0.0
0.39479196209162554
0.0
0.0
0.0
0.6804476827776005
0.43988188196987904
0.6313751711625663
0.7717988253873683
0.0
0.8509552497149484
0.8131100237431182
0.0
0.0
0.6467361487150323
0.25790436024845115
0.0
0.38125368640413854
0.6463054867212843
0.7696333122692249
0.0
0.0
0.0
0.0
0.0
0.08726232103843148
0.26490234558904885
0.0
0.0
0.8888232555610848
0.2787917526947625
0.0
0.9455425290548979
0.8730275722318397
0.0
0.1973906218642991
0.1892667972934548
0.8242835574124912
0.0647032621453736
0.0
0.0
0.0
0.5925101023819177
0.0
0.4982561378403329
0.0
0.05139236852272202
0.8142803417275593
0.0
0.4854294781959011
0.0
0.0
0.8286629211072296
0.7803758776711232
0.46973500004086793
0.0
0.8712356834705922
0.0
0.0
0.5536307246193978
0.8793494816226018
0.12664041398205841
0.5893559083576362
0.0
0.9363690366083313
0.20067377496761396
0.0
0.0
0.0
0.4292543730352419
0.0
0.0
0.0
0.3565905928209993
0.0
0.8314767487053439
0.0
0.4625678877239916
0.0
0.5867525100901686
0.0
0.8543755297562149
0.2918438363530521
0.0
0.0
0.0
0.14671616515086705
0.0
0.5354765837443652
0.6095820049225089
0.0
0.361023279544978
0.754808231558708
0.2499618219085459
0.0
0.0
0.0
0.0
0.27177024947106937
0.4882344043435037
0.0
0.0
0.0
0.0
0.6071362669918688
0.0
0.0
0.8549532644176234
0.0
0.7227715222582859
0.0
0.0
0.45966020303914784
0.0
0.0
0.8916297853074387
0.15004183504742866
0.0
0.44902839640563047
0.0
0.7645810782002201
0.7966477707181979
0.0
0.0
0.15704172858646837
0.937376661582358
0.0
0.0
0.7801190029724897
0.0
0.7955412626966911
0.0
0.8666395090013932
0.01973665545402258
0.0
0.0
0.0
0.0
0.0
0.5069258271162629
0.6575959905664747
0.3329603050245617
0.928198492061544
0.0
0.0
0.0
0.6130089207559574
0.0
0.0
0.9121408316371592
0.0
0.8005586309239742
0.5888036137769184
0.0
0.2788840786164643
0.0
0.0
0.0
0.1622006301770213
0.0
0.0
0.0
0.2462033479764104
0.0
0.0
0.9281902763998355
0.4430153149514077
0.2288659267084775
0.0
0.3548348499293116
0.8805752132904278
0.15400649117953003
0.0
0.9569445898870831
0.6803568378674844
0.0
0.0
0.0
0.0
0.8476665367303646
0.17825638497010712
0.0
0.6072289555954326
0.0
0.041990995722472745
0.6853404584843947
0.0
0.796829309580096
0.0
0.8997903809016489
0.0
0.6452858078206891
0.8127491163788662
0.5824499577544544
0.0
0.0
0.0
0.3885905835428982
0.0
0.0
0.5049939764893423
0.19374717749902676
0.0
0.0
0.0
0.46909828264077363
0.0
0.22107310045295028
0.0
0.0
0.0
0.0664356244204722
0.23600988863159855
0.0
0.7143801506090517
0.02480464969119943
0.49730158601484314
0.5984607075256607
0.0
0.0
0.0
0.009120349223935391
0.0
0.2602665718604036
0.0
0.7768255559423688
0.3872985026959847
0.0
0.0
0.0
0.0
0.0
0.0
0.0
0.0
0.0
0.0
0.718533930931934
0.26903720486759997
0.0
0.0
0.0
0.03156974396813755
0.0
0.8235914652983983
0.0
0.4694532603762661
0.0
0.7979590513966919
0.46025278801208563
0.8004182615123189
0.0
0.4997868609811807
0.4808063203761708
0.2550142900056104
0.0
0.0
0.5145171105860293
0.28293134180380436
0.4592345072254991
0.6538895544895754
0.0
0.03200313354804059
0.0
0.9518825865194157
0.0
0.0
0.0
0.0
0.5675411585132448
0.0
0.9348545277399779
0.0
0.5057833539891786
0.0
0.09892955785516831
0.9406047703702755
0.0
0.3691632367466561
0.8094262263304051
0.6838738484735384
0.0
0.0
0.0
0.0
0.0
0.3971310568309953
0.0
0.0
0.4363498428536903
0.8197458246707823
0.0
0.0
0.0
0.0
0.0
0.0
0.28557685756240925
0.0
0.4590231943048606
0.524588569373007
0.0
0.7965437917528182
0.0
0.0
0.660882260582265
0.5744802033625346
0.0
0.0
0.0
0.0
0.3459439293702303
0.0
0.0
0.0
0.0
0.0
0.0
0.29350027680703134
0.0
0.4644565763606635
0.6790869017398902
0.0
0.0
0.0
0.0
0.2959788233914087
0.7727425202103945
0.8916445203287272
0.0
0.0
0.0
0.0
0.0
0.0
0.555155185916528
0.0
0.0
0.0
0.6498083738671915
0.43080787412499305
0.0
0.0
0.545832341519979
0.0
0.6037436804884413
0.7429064533121825
0.0
0.49041980418121867
0.8349473369717495
0.9449627022208817
0.3254996313172718
0.7313208013133291
0.0
0.22905903571289468
0.0
0.37674061648880974
0.0
0.0
0.49283359631380524
0.691003518883164
0.0
0.0
0.5859728533829548
0.0
0.0
0.0
0.5342112096656741
0.1991906612280209
0.0
0.0
0.0
0.0
0.0
0.0
0.0
0.0
0.0
0.8013233696916615
0.20321197148716896
0.8377978347575915
0.0
0.0
0.0
0.22374633165776925
0.6298848535504143
0.0
0.0
0.0
0.0
0.0
0.5079032614353717
0.0
0.49361243614734357
0.450743575176711
0.1160554366640267
0.2766408990362178
0.0
0.0
0.6246037977378461
0.4386187258219658
0.2174429054369487
0.0
0.0
0.0
0.0
0.8490673879823863
0.9681029860370897
0.0
0.0
0.0
0.0
0.0
0.4750693686683417
0.0
0.0
0.0
0.29055974047177585
0.0
0.0
0.0
0.0
0.0
0.5575036489825386
0.0
0.0
0.0
0.0
0.3296420188442247
0.0
0.2248257868557293
0.0
0.7359423646477593
0.4417259725911555
0.459949204002756
0.8267378330809451
0.0
0.0
0.0
0.0
0.0
0.37045963326808584
0.004435075767485299
0.0
0.0
0.18397435400379786
0.0
0.0
0.8292977910031846
0.18135073532090656
0.6417576331439347
0.0
0.0
0.02806667590953891
0.7854147607867858
0.8880084655305132
0.35368569330107524
0.86103392344708
0.0
0.0
0.4176268299554184
0.0
0.0
0.0
0.0
0.0
0.7435506373874088
0.006569850319750855
0.0
0.27173691798175537
0.0
0.1687290269011883
0.0
0.5335618509196388
0.0
0.0
0.0
0.0
0.4771185093674284
0.04723477633251533
0.6576702736878826
0.22363869414850512
0.0
0.0
0.6899888150097137
0.0
0.0
0.8749342254226367
0.0
0.025461487670778958
0.0
0.0
0.0
0.3085117011982854
0.0
0.897999637823266
0.0
0.0
0.0
0.6256062157812905
0.5491185167380215
0.0
0.2912116390142147
0.0
0.0
0.0
0.6447885438149209
0.0
0.0
0.7109712420543947
0.0
0.0
0.2282051646795819
0.0
0.0
0.0
0.25658794502421606
0.0
0.0
0.0
0.8466444979403795
0.0
0.0
0.0
0.0
0.21217010765090152
0.6628819426202082
0.5738429125544938
0.0
0.5500176490331128
0.7456343175910797
0.0
0.4653939209165279
0.0
0.0
0.2585914860111881
0.29313051205787155
0.4726590798793796
0.6371878288559726
0.0
0.0
0.0
0.0
0.16200334646062736
0.5781999563988048
0.009978226126730272
0.0
0.018089921904669085
0.0
0.0
0.0
0.0
0.0
0.0
0.7567941192465089
0.7456976367733963
0.5582415768277018
0.0
0.5882501216641975
0.007078092279464516
0.7237920612237208
0.0
0.0
0.03050488662470335
0.5936084346965226
0.0
0.0
0.1908012850382347
0.0
0.0
0.0
0.1730341882465692
0.0
0.46483914593648873
0.473365110328653
0.0
0.027156358547040287
0.0
0.9687621350246856
0.5015350267726538
0.0
0.4409351371843481
0.0
0.0
0.45199405972679796
0.0
0.1015700311006355
0.0
0.0
0.0
0.3841246212978674
0.0
0.6138479834031744
0.9393300424397804
0.0
0.3775318345850571
0.0
0.0
0.22041502269443394
0.0
0.3239529426583361
0.0
0.37242263997969943
0.0
0.0
0.0
0.9341735861811253
0.534677361827079
0.1821346264883178
0.598880649919584
0.8793695349718632
0.0
0.853788129772407
0.0
0.9029518524136814
0.4801089040668403
0.3443014841399286
0.0
0.24769024261232395
0.6941433577917436
0.11107451806983715
0.0
0.6289110902242965
0.5422847109050851
0.0
0.09384347462337536
0.0
0.42764264499966564
0.5438435760960844
0.0
0.0
0.6279555893889182
0.17648958459988495
0.42207148399753724
0.283078403388736
0.0
0.0
0.05726772984576153
0.0
0.8860989292511094
0.7381309876087393
0.0
0.0
0.1132940146820165
0.0
0.0
0.0
0.6736749672528849
0.21751840636514888
0.0
0.024170573194661597
0.9421686056191977
0.41189238700086506
0.0
0.0
0.2941134862039136
0.0
0.0
0.16587549144720234
0.6441983177677668
0.0
0.4759327643044153
0.0
0.4813222553216519
0.0
0.0
0.0
0.0
0.5811770624624255
0.0
0.20704637020613173
0.0
0.0
0.7060604067561514
0.0
0.0
0.05433643959374702
0.0
0.6461540549600459
0.0
0.6732095348452969
0.0
0.48187534765463547
0.6517293158384466
0.0
0.0
0.6605147501215723
0.13690704737541198
0.36734117623727836
0.9677506326896812
0.0
0.7641010703863755
0.0
0.0
0.0
0.0
0.0510122605072408
0.352911739748987
0.0
0.0
0.1691764749337157
0.0
0.7802612484732073
0.9417041551859614
0.0
0.7760503780645651
0.0
0.6366534677428819
0.5043290468030845
0.0
0.0
0.18292128502043947
0.18476499959236295
0.0
0.0
0.6728488782639971
0.6265678026537878
0.0
0.0
0.0
0.0
0.0
0.1236934705849964
0.0
0.19785394023049363
0.5985628291955271
0.0
0.0
0.0
0.6303179233259519
0.13332069765289595
0.0
0.8010269675812957
0.0
0.2054330841191155
0.0
0.48590462093861475
0.0
0.0
0.5274587919606563
0.0
0.0
0.9197956179645739
0.14425986024424614
0.0
0.6577379575736468
0.018943670727827773
0.08267374503312515
0.0
0.0
0.8350436152449222
0.0
0.003658264999955847
0.0
0.0
0.004073889424079646
0.7137304221657265
0.02194950203542116
0.0
0.0
0.0
0.0
0.6138601432708907
0.6693963324143717
0.0
0.7851690731671229
0.8866738144397852
0.0
0.0
0.0
0.0
0.0
0.15412290180322172
0.0
0.24066027121033837
0.45483908205108803
0.0
0.5216660902193144
0.0
0.0
0.8521086107927135
0.0
0.0
0.25288355221064246
0.0
0.0
0.0
0.0
0.3258700789768221
0.8963797151326739
0.0
0.0
0.0
0.0
0.137056328244932
0.0
0.0
0.0
0.0
0.0
0.6063940637257432
0.4836246304358707
0.0
0.7948605116595131
0.6999466979275348
0.0
0.6234726574598695
0.9182151731995715
0.0
0.32536429405088
0.0
0.5730799498536316
0.932534672286511
0.16914819241424692
0.08221935066462674
0.08733926788463776
0.7368802903400491
0.0
0.0
0.727749477757009
0.0
0.0
0.24889071051262124
0.0
0.2523653328116746
0.0
0.0
0.0
0.2349824306016468
0.0
0.0
0.7408979433067753
0.0
0.0
0.0
0.0
0.02476227100202871
0.0
0.0
0.0
0.46555169863615425
0.5581205300594304
0.0
0.6127151998061707
0.24248732565055514
0.0
0.0
0.0
0.6769317254908349
0.01807649488471626
0.0
0.0
0.8989979661800419
0.0
0.8652431922910996
0.0
0.0
0.15912068946275498
0.8831809705965666
0.0
0.03160677850355569
0.0
0.5377158079584988
0.2524898461495766
0.045245376837966436
0.0
0.6526588739051812
0.5579788674359228
0.5644528436669113
0.46180218639494447
0.5266140783761618
0.0
0.2507016552601485
0.8821240223013597
0.44666493427033904
0.27020364588144163
0.0
0.0
0.8382766493096727
0.0656945089823955
0.9263036189365882
0.0
0.0
0.0
0.0
0.0
0.045249608165074694
0.07041274516341596
0.49609828235365017
0.0
0.0
0.0
0.0
0.0
0.0
0.0
0.0
0.6353021920372787
0.0
0.3080541389837982
0.8492548118914901
0.0
0.3344397774985147
0.0
0.0
0.0
0.9072887661180258
0.0
0.0
0.0
0.0
0.0
0.7954260070356395
0.0
0.7149113594134883
0.6562584097353538
0.36828194859535585
0.1987100710750298
0.057154184497737244
0.0
0.0
0.7192474281152094
0.6434686886604117
0.8668086379889341
0.0
0.0
0.0
0.0
0.0
0.18124104050242654
0.0
0.0
0.6540471470417689
0.0
0.957260006199411
0.3724104683702966
0.48812317962104784
0.0
0.0
0.699932255467198
0.09408049484811547
0.0
0.0
0.29019088692049
0.0
0.07153745253698296
0.10553287165073442
0.0
0.10670430153389614
0.0
0.0
0.0
0.12352611039194357
0.0
0.0
0.0
0.054267494403699386
0.0
0.0
0.0
0.6606778362701821
0.06316573042339037
0.6493666414857705
0.0
0.20982240114351713
0.0
0.24127498570888228
0.0
0.8604710255152395
0.03110974301374565
0.8140031008349735
0.0
0.214322515678047
0.19230257981981533
0.5609636204310987
0.6955767200260546
0.11794688394493655
0.0
0.0
0.0
0.0
0.0
0.0
0.8605985232293648
0.0
0.0
0.8457046601028688
0.3756341863975512
0.0
0.2629105232643387
0.0
0.0
0.6327012969472966
0.0
0.0
0.0
0.0
0.8949334903906054
0.28030339138553867
0.0237896290956261
0.4480781751328577
0.0
0.0
0.2326415612350845
0.0
0.8453025293033176
0.0
0.0
0.15601321955414668
0.0
0.8324788033852354
0.0
0.7409261952681383
0.06434201782213418
0.0
0.0
0.7941511428625775
0.7412476443918352
0.0
0.10542867893647057
0.0
0.0
0.0
0.8913156494494844
0.54965557282261
0.35109021778551613
0.0
0.11840541384073268
0.0
0.10546271824541496
0.0
0.13388923215607254
0.14699240666830135
0.0
0.825556304620782
0.35888259500448305
0.8098638202500265
0.0
0.7679134495331826
0.7209036410240015
0.4962919658465478
0.0
0.0
0.0
0.5463851791132028
0.0
0.13865062907770864
0.0
0.0
0.0
0.0
0.0
0.0
0.0
0.0
0.4997671900668999
0.0
0.0
0.0
0.7595386406757169
0.42973462782414656
0.2610850672089998
0.0
0.0
0.0
0.8580940135392842
0.0
0.0
0.0
0.0
0.0
0.0
0.0
0.0
0.0
0.19176005670961707
0.0
0.0
0.0
0.0
0.0
0.0
0.7112639562545288
0.0
0.0
0.14830780157853607
0.4917347573919193
0.6982847605484169
0.0
0.8671766028766622
0.0
0.5054024242415123
0.0
0.42896573163234075
0.7152250254591139
0.828633774541571
0.28082933836954005
0.39761649765761703
0.5968331877095012
0.0
0.19231275609790707
0.9304820606577827
0.0
0.0
0.7560375035383898
0.0
0.9295245702236559
0.0
0.09409387192753749
0.6406207049020699
0.8865926017656647
0.0
0.0
0.15301804205216685
0.9417197859289407
0.7042958131287523
0.0
0.0
0.6609330143212931
0.0
0.0
0.0
0.0
0.0
0.0
0.0
0.0
0.0
0.0
0.0
0.1713554041549522
0.32323192013970886
0.5281399981536689
0.0
0.0
0.0
0.40179804224722004
0.0
0.0
0.0
0.0
0.3794204194292802
0.9443396598176986
0.0
0.5411317109150928
0.8718043957955263
0.9343360159741795
0.0
0.0
0.6850313932584521
0.7124445901435221
0.0
0.0
0.3286245475179086
0.41952541138230603
0.0
0.0
0.9356467117988445
0.0
0.43827957594459144
0.0
0.9393619172869303
0.0
0.0
0.0
0.0
0.9100430615454216
0.0
0.32588200723041283
0.0
0.7081383582340667
0.0
0.0
0.3655770219632533
0.726832580514357
0.0
0.0
0.020225417420372233
0.0
0.0
0.0
0.0
0.0
0.0
0.0
0.0
0.9153377770869177
0.4602510434599786
0.5813638542015523
0.0
0.6937613297792837
0.0
0.0
0.0
0.0
0.0
0.013096517636933784
0.0
0.0
0.45052729211219916
0.0
0.0
0.0
0.0
0.0
0.6902722324822638
0.26656875674614083
0.0
0.0
0.0
0.055966321045046084
0.0
0.5207455755836067
0.0
0.8109215377798739
0.0
0.0
0.0
0.7598710355763045
0.3115105973460216
0.0
0.5581004476166926
0.0
0.3018181500792683
0.0
0.716407300894143
0.0
0.0
0.9255903740182876
0.0
0.6123370983618341
0.31959645024609484
0.0
0.12689807784515647
0.0
0.4654680495609678
0.0
0.04556398254473101
0.7997205461358339
0.06188369767235092
0.755928849323695
0.3758309293898155
0.4469253684372948
0.16217720492708665
0.0
0.8203561091261352
0.0
0.37179793678429507
0.7800397373349941
0.0
0.4370408664091776
0.3263394713040643
0.8127205962007029
0.0
0.2622689103030754
0.36960636880783376
0.0
0.0
0.1911636111175572
0.0
0.0
0.0
0.010327136079152265
0.0
0.0
0.15384253619524896
0.0
0.9344923346464317
0.0
0.0
0.0
0.5163730809624677
0.6773501927077941
0.9168379728902454
0.0
0.15295123094787713
0.0
0.22901528602388513
0.0
0.0
0.10394862946211744
0.0
0.0
0.0
0.0
0.5206537706130631
0.0
0.8437305844523996
0.0
0.0
0.09361238518456728
0.821216997424543
0.32505241525916134
0.29022369528756053
0.6176779063473746
0.484403590849399
0.0
0.0
0.0
0.0
0.0
0.2760917003566974
0.0
0.2075387731683357
0.82996595827703
0.0
0.1652429705430715
0.0
0.8320598936466178
0.5582537549723463
0.19218835429611333
0.764795435228259
0.0
0.0
0.0
0.0
0.6217970371001991
0.0
0.8622747509547918
0.0
0.7811731613477294
0.0
0.0
0.0
0.1310434649768875
0.0
0.9969042047481488
0.0
0.8477596590167209
0.0
0.8355767622062333
0.0
0.19123293656465923
0.8264801766519748
0.0
0.0
0.0
0.0
0.0
0.0
0.0
0.0
0.30834502401124636
0.060143474970001304
0.45621586839665185
0.0
0.7981167468202907
0.3853060383021706
0.9930359211907784
0.8214032079978145
0.0
0.45948231094747394
0.28806207686162444
0.0
0.4669983464343134
0.0
0.0
0.9286277434556922
0.4937389176735015
0.0
0.5198396206701291
0.0
0.0
0.0
0.5363830538503311
0.38325002423108134
0.0
0.0
0.7648675899351127
0.4458694527732533
0.4252915828776251
0.0
0.8112928023137667
0.5142964836432425
0.0
0.0
0.0
0.0
0.0
0.0
0.05526008559012953
0.0
0.0
0.0
0.8176211324631576
0.0
0.0
0.0
0.0
0.0
0.0
0.0
0.0
0.175879616135936
0.8807816723342228
0.0
0.9720588102479539
0.0
0.0
0.0
0.0
0.9203106266921947
0.0
0.7432298745202284
0.13724048760745658
0.0
0.0
0.0
0.0
0.10210642934440597
0.5509677449166653
0.0
0.007480225583224404
0.0
0.0
0.0
0.0
0.0
0.07393330025471134
0.08959674241374493
0.17288336861276857
0.0
0.0
0.0
0.0
0.0
0.8087876064603271
0.0
0.0
0.0
0.26058271659713167
0.0
0.0
0.0
0.0
0.0
0.0
0.0
0.0
0.734543488329564
0.0
0.0
0.0
0.7077270504072541
0.991077834586358
0.0
0.5771243263481523
0.4378306579326296
0.6749795923865417
0.0
0.0
0.0
0.0
0.0
0.0
0.0
0.0
0.9148143190270118
0.6530582091563031
0.0
0.0
0.0
0.03398605650503372
0.0
0.30716324844586174
0.0
0.9967404815815405
0.0
0.7578296882768039
0.0
0.0
0.0
0.0
0.1805923694031163
0.18931671592602378
0.42994975028972754
0.19134299985529324
0.0
0.0
0.6216068780973373
0.0
0.2661755515678873
0.7872644919981026
0.0
0.0
0.03754637302240113
0.0
0.042644008039952726
0.3695809748627492
0.0
0.0
0.0
0.06039450504228914
0.0
0.0
0.0
0.022156665318039434
0.0
0.9227097407425254
0.8362892319273433
0.0
0.0
0.8854685996884535
0.625328804867729
0.0
0.0
0.0
0.6859438499184436
0.0
0.14015013531794449
0.0
0.10623840464969844
0.18515647677915903
0.0
0.0
0.3497350600107287
0.13849059771838793
0.2469248576672939
0.0
0.0
0.02385581839443491
0.49599908105731183
0.916661425809176
0.8791321318192322
0.0
0.0
0.0
0.0
0.0
0.5704468243424228
0.0
0.0
0.4554110160558124
0.4914768081526885
0.29132569155228605
0.0
0.4732136825298468
0.5745691983115508
0.0
0.029739119276017977
0.0
0.7915544920301559
0.8761394515444041
0.5444216246558956
0.0
0.0
0.0
0.3774937166219209
0.0
0.0
0.0
0.0
0.0
0.0
0.26664395396751306
0.07406709008587958
0.0
0.0
0.0
0.4695203930329751
0.0
0.1235417252431823
0.0
0.9844997529575685
0.0
0.0
0.0
0.6478597266372427
0.0
0.0
0.6353008393817828
0.0
0.8870572073174186
0.9911973622284425
0.0
0.0
0.0
0.2766504307159098
0.0
0.0
0.0
0.0
0.0
0.0
0.0
0.607409161759558
0.0
0.0
0.0
0.0
0.0
0.0
0.17831517664388818
0.0
0.600442925638242
0.0
0.0
0.8159685187671094
0.7648524807781197
0.0
0.0
0.7563360107107082
0.0
0.22536164862962643
0.5450169728426696
0.0
0.38355276039732583
0.9941864328203996
0.8906889068644254
0.0
0.0
0.19244007088500603
0.9662816120358505
0.0
0.3324916360993552
0.4116279317919215
0.5646843571498485
0.0
0.0
0.0
0.0
0.0
0.0
0.0
0.0
0.0
0.0
0.4608859456978884
0.46636822166715863
0.7181243533498419
0.7532173759866473
0.6073835892156451
0.7782591434578144
0.0
0.0
0.0
0.08304115874446058
0.0
0.6778812936548531
0.9454357591089021
0.06977621818097947
0.11323683371582313
0.0
0.0
0.0
0.0
0.17136832084784154
0.0
0.9200985640531043
0.7422489058797205
0.0
0.008572744386200806
0.0
0.0
0.4240507091512369
0.0
0.0
0.7236531067765767
0.9240215429228945
0.7116986223342592
0.0
0.0
0.0
0.0
0.751503221185739
0.0
0.7941834718569574
0.39798583499774315
0.5528259483590064
0.0
0.0
0.0
0.7810711527675057
0.0
0.0
0.5739556504936791
0.8324736919847001
0.0
0.0
0.0
0.0
0.8684275577501007
0.31709839269768575
0.287911071327136
0.927529746598627
0.7516960824534307
0.0
0.7919921444904956
0.9507617232468983
0.0
0.0
0.26447261636963415
0.4466472043308309
0.0
0.3658682380449011
0.39047610231279134
0.1043794945725914
0.9669156262027057
0.0
0.0
0.9290136448163083
0.0
0.0
0.0
0.06804632031400151
0.1302933444151149
0.0
0.0
0.18926266542977663
0.5585325423701216
0.14422626214568365
0.5860956197885239
0.7629952898724076
0.0
0.766468723602444
0.08087682512895907
0.0
0.6484736063549038
0.0
0.5099623392171606
0.0
0.0
0.0
0.0
0.06754357437782386
0.22595718259992936
0.0
0.0
0.0
0.0
0.0
0.5589928141410195
0.05040005695177376
0.4227918965556329
0.7229111490316097
0.0
0.033117918017682636
0.0
0.0
0.0
0.0
0.0
0.0
0.0
0.951553353866886
0.9369938929006967
0.08913288328545832
0.39495949201074165
0.0
0.0
0.0
0.0
0.9093020482690346
0.0
0.4780388181170665
0.0
0.0
0.0
0.1614712252177791
0.8621796868216748
0.9648239197177356
0.8837907725243753
0.8562499208186525
0.0
0.2048242335565283
0.0
0.0
0.0
0.0
0.15792003630393717
0.0
0.3524002133653112
0.5971024999785379
0.0
0.0
0.5321402951390658
0.0
0.8312134792482843
0.0
0.8969063482077717
0.0
0.8996767294638415
0.9673687703218503
0.39691031785797715
0.7208004558296317
0.0
0.28685686158847745
0.8199946364159973
0.0
0.3709854728050997
0.0
0.0
0.0
0.8214559575552015
0.0
0.0
0.5164548930800136
0.0
0.0
0.45255763809462735
0.44379665488105763
0.0
0.0
0.0
0.0
0.0
0.0
0.013826162078460977
0.9282574953109332
0.0
0.0
0.6417101593147844
0.0
0.0
0.6102648961516367
0.0
0.24180745899228268
0.0
0.0
0.8534027842328619
0.046955783887335845
0.0
0.09176527380701774
0.03385250101620138
0.9474669046137383
0.0
0.15668244122859618
0.0
0.14071398487877054
0.0
0.9788800570132713
0.7362820636446318
0.0
0.0
0.0
0.0
0.8766353601922852
0.0
0.0
0.0
0.0
0.0
0.0
0.09501102776626699
0.0
0.433930974953025
0.0
0.1954222529648062
0.0
0.38779848351056123
0.26480921849337796
0.13277629019000822
0.4756437703786136
0.6574134998229255
0.0
0.9317109919054336
0.0
0.533690559933139
0.0
0.0
0.0
0.3052268996514445
0.0471074319826725
0.4684330246115544
0.0
0.0
0.0
0.0
0.0
0.0
0.0
0.0
0.0
0.0
0.7958615063505017
0.0
0.0
0.5666129366365714
0.0
0.0
0.0
0.0
0.0
0.0
0.28706847123343265
0.0
0.0
0.5142057217310565
0.0
0.0
0.0
0.8689019247261773
0.04220886544546785
0.0
0.0
0.0
0.5163120126148126
0.0
0.6143056100506034
0.8656185727516683
0.13275351949013917
0.22099485469885716
0.574744025178314
0.0
0.0
0.0
0.0
0.0
0.0
0.0
0.4740342823074178
0.7467362475928819
0.8121879821108561
0.0
0.012220019191883966
0.0
0.0
0.042932487290380975
0.3100833671591587
0.0
0.0
0.0
0.0
0.0
0.042682526019809625
0.0
0.7687462975670015
0.0
0.32407053054232177
0.0
0.0
0.012430065759118215
0.07952326916732616
0.0
0.31845164850488455
0.27847011970487645
0.06404864166318781
0.18416631924873675
0.0
0.09561858232473602
0.7274613885821725
0.0
0.0
0.5847613948302093
0.7696613181581907
0.0
0.0
0.9831704267833649
0.1536667210827106
0.8727847034386956
0.13805803445576323
0.21163196682174662
0.774728352331303
0.0
0.0
0.6711806411270101
0.2602340282851632
0.7266173629302608
0.15535036434897895
0.0
0.8176329438147683
0.0
0.7973944284535893
0.26159297224350275
0.15063697130829146
0.3013355923547886
0.0
0.18284883505665908
0.6724352754102338
0.360730516576803
0.0
0.0
0.0
0.5984059404348899
0.29299261296585877
0.0
0.0
0.0
0.9239514818163991
0.0
0.6221633023361804
0.0
0.3215385883043916
0.0
0.03654505941903732
0.0
0.213737435645837
0.5498566462498377
0.7775132591602065
0.6364928790311388
0.14914746245712615
0.21423864158937203
0.3246380270777841
0.889463902022332
0.48290485907343655
0.3052194205234435
0.0
0.0
0.0
0.0
0.0
0.0
0.42251326097503317
0.39892855377337816
0.0
0.9812276571678332
0.0
0.7219207950001099
0.4679603270968068
0.0
0.8838073174376639
0.0
0.0
0.5848262116229362
0.7450685088892538
0.7500971708022275
0.6587608867723123
0.0
0.6567894970548781
0.0
0.9498019645773154
0.0
0.0
0.0
0.0
0.0
0.3998196031721896
0.6829155734905886
0.0
0.6878520994486222
0.0
0.0
0.0
0.09994235196253944
0.41480701691116906
0.70100465703972
0.9692877827148941
0.0
0.0
0.0
0.0
0.0
0.12130254108785848
0.6962095187898368
0.0
0.0
0.44775726253697445
0.0
0.0
0.2918333899794831
0.034115746480340596
0.5757583374289175
0.033726915781106766
0.8408305791678792
0.29349986935156
0.0
0.009819499396099024
0.0
0.0
0.36902744336648025
0.0
0.8978735503039317
0.0
0.734981187307642
0.0
0.36279246133157955
0.33294344928048847
0.3389192814870793
0.0
0.8815549279909483
0.4420747168177234
0.8823565679040827
0.9888818379396069
0.3272517118838889
0.4022211999858516
0.0
0.0
0.0
0.0
0.0
0.0
0.0
0.0
0.0
0.4772636107572778
0.0
0.8105106327272346
0.7988043903833955
0.0
0.7735255159362244
0.9173776615198607
0.49032503344478623
0.5074115870633052
0.6317620255821312
0.1651070370000372
0.97813676032098
0.8709855411732835
0.0
0.0
0.23886475842663693
0.0
0.05141773249769547
0.5466722407410392
0.7373014297267588
0.30732780377177393
0.0
0.0
0.0
0.0
0.5058221677346337
0.9846196750466466
0.0
0.5920248364170828
0.0
0.0
0.0
0.0
0.0
0.0
0.2961037732186722
0.0
0.1660570397729949
0.644233144385704
0.0
0.7078225257383439
0.0
0.18562847014140832
0.0
0.6783721185500925
0.12373538874846965
0.0
0.0
0.0
0.1811489261942191
0.06930425592739851
0.43424471727768327
0.6792846633356304
0.5866571494724331
0.5503694043708026
0.0
0.0
0.16792254496602954
0.0
0.0
0.3341390236241089
0.0
0.0
0.0
0.4435931056568073
0.0
0.7060658109933945
0.5103306867000068
0.0
0.4513176885475335
0.0
0.0
0.0
0.0
0.0
0.0
0.6759749835636154
0.8597519959049259
0.0
0.0
0.0950563807544024
0.0
0.0
0.8184915719956737
0.44806383880861306
0.06387868644400786
0.422360718060039
0.6531953259760631
0.41888483774321
0.64037078255598
0.5578448277858093
0.0
0.4581118506825985
0.0
0.12022158576711472
0.0
0.0
0.09464705891545698
0.0
0.1686526487045689
0.6453234862900424
0.4183597239418354
0.0
0.8932415683968505
0.0
0.0
0.0
0.9253607542584772
0.11879560652878576
0.0
0.37439200738312745
0.5428616299373951
0.0
0.9010464359108522
0.3334978839792273
0.9474275952899877
0.8720919660104482
0.9366032314598968
0.0
0.8692672261045794
0.0
0.8312838953059246
0.0
0.0
0.6478931046493788
0.5183069414488589
0.5942885528563359
0.0
0.0
0.0
0.0
0.0
0.0
0.6697381307779429
0.0
0.3354185726181748
0.029038210571175213
0.0
0.0
0.0
0.0
0.057927487041238554
0.062349075857930265
0.3281382183684445
0.5218125723919746
0.48357683422670994
0.5452161771711064
0.07797102223553498
0.0
0.03510593327055602
0.29505560660926766
0.12979595417783124
0.6926764761132753
0.0
0.5824942490268504
0.0
0.0
0.0
0.5641845415593274
0.0
0.8802902186765481
0.0
0.0
0.9858588236973547
0.0
0.0
0.0
0.8339579778977247
0.3578748886206066
0.695337920581132
0.0
0.0
0.0
0.0
0.0
0.5301004053417475
0.6641363418049644
0.0
0.0
0.0
0.1881743348230281
0.9360460479313775
0.06851824743659085
0.9027484861912437
0.0
0.9122460833436775
0.30693935179178955
0.569997093887087
0.053103377437105866
0.0
0.44803272839660707
0.6032343544885209
0.30845104139502333
0.9043549788979537
0.0
0.0
0.4811831195772526
0.0
0.0
0.0
0.6115248299351607
0.0
0.17481160090398914
0.5866196847218275
0.0
0.0
0.0
0.3222343770614455
0.0
0.615672024468255
0.0
0.09441737803340183
0.0
0.00998827874970151
0.37005391103395957
0.0
0.0
0.0
0.7808772509025542
0.7159307575099094
0.0
0.0
0.9556005087720636
0.0
0.0
0.6535072893489425
0.31140075209531964
0.0
0.4619712486161541
0.6497006416796856
0.5001552616367788
0.0
0.8943019482002733
0.0
0.0
0.611507920395889
0.0
0.0
0.0
0.0
0.0
0.0
0.3811294072276159
0.0
0.0
0.6205498963170096
0.12186012636494296
0.0
0.2592922697283984
0.6246257648075189
0.5777457928542462
0.07731056871421019
0.0
0.0
0.8008848736182179
0.0
0.1626964123641543
0.0
0.03962914113465299
0.6910483672478516
0.5641491235428672
0.018358771094926393
0.061533505382978575
0.0
0.0
0.23742461633373843
0.2597363395086715
0.0
0.030634541872123
0.9337272359788846
0.0
0.9608282698689098
0.0
8.394419433157514E-4
0.0
0.0
0.0
0.6265930672059433
0.0
0.0
0.998168708249719
0.35679790356318497
0.0
0.0
0.9857716546186623
0.0
0.848350163455524
0.9074574335519758
0.6525459178705882
0.8960497836979912
0.6649470778162659
0.06793198605945136
0.5296179761849352
0.0
0.0
0.0
0.0
0.42008468820332084
0.0
0.6604807032035298
0.4661463253226104
0.0
0.0
0.0
0.0
0.0
0.0
0.0
0.0
0.5081117534710977
0.5257604379087913
0.7359523313472762
0.6522503314304107
0.0
0.48444330184698936
0.0
0.0
0.0
0.4209782120761173
0.0
0.8108477837008438
0.0
0.4982874664662578
0.5489544285567123
0.48924344722806734
0.2659211943513825
0.9135062389024475
0.0
0.15465771910841972
0.19248678350300405
0.9901883816289804
0.5962051329593867
0.0
0.18437641645821798
0.0
0.0
0.07839261479682824
0.0
0.19272143313734008
0.0
0.0
0.0
0.0
0.0
0.059926267096849284
0.819862297429091
0.515070026637469
0.6295681377209924
0.18555532804846572
0.9271320409863305
0.3082907654544672
0.0
0.0
0.5435872641733929
0.0
0.0
0.0
0.8524041281961346
0.7797206805171129
0.612081930288926
0.0
0.0
0.047723670003613515
0.0
0.0
0.0
0.0
0.0
0.0
0.0
0.0
0.39286077770495065
0.0
0.0
0.0
0.6507082693527296
0.6203430795989545
0.0
0.9854544519700094
0.5418719870058213
0.0
0.230689470354461
0.0
0.0
0.5455439339313496
0.0
0.5551526750059677
0.0
0.0
0.25526585351911824
0.03168116907982359
0.0
0.47881018088593447
0.0
0.7033923619323269
0.7961325690326888
0.0
0.10721474446230243
0.0
0.29088207722418097
0.0
0.3755029217942233
0.0
0.0
0.2553055633054423
0.0
0.0
0.0
0.12048846540460602
0.11805035946988705
0.0
0.8408136180512125
0.0
0.5797475031566496
0.5847164927078847
0.0
0.0
0.0
0.6157712526909895
0.5562788581126245
0.05733536163655921
0.7719846516590106
0.9529097935253901
0.0
0.9597070604713857
0.18977120710229164
0.0901217919960442
0.3646756281022715
0.0
0.0
0.22779578695886102
0.9137554180429949
0.5199468831812342
0.6594822424330523
0.9007911213166513
0.7588314417276814
0.0
0.9099279068526918
0.0
0.0
0.31744414189320524
0.531765499734257
0.0
0.30671991313984404
0.0
0.13358872771205105
0.0
0.0
0.4558295840795837
0.0
0.0
0.7798016648504578
0.0
0.2726986890473746
0.0
0.0
0.0
0.7347486239689862
0.8446575307971204
0.4441140394123439
0.0
0.0
0.0
0.0
0.0
0.0
0.0
0.049035585193134335
0.9292445020521795
0.5606093749467596
0.10971467807708189
0.0
0.0
0.0
0.17985718708147858
0.0
0.0
0.1508877676400096
0.0
0.0
0.0
0.5243188898002415
0.0
0.0
0.4632949730937269
0.0
0.0
0.0
0.1390825775844921
0.0
0.5114387069646892
0.6110770899612584
0.0
0.0
0.6681666279807537
0.5106467181864723
0.0
0.0
0.4042712713135089
0.0
0.40002764011876185
0.7233577643698744
0.0
0.0
0.8352689265547563
0.0
0.6377110614763956
0.21395211457236557
0.0
0.28755512276686657
0.0
0.6183334037859325
0.7183158534855459
0.24658983425733796
0.6791848940427813
0.0
0.4928340783289603
0.0
0.8446828449621246
0.28567612418114424
0.722780012194827
0.0
0.007532802271200609
0.14642773521227767
0.5531960585005041
0.0
0.6209894237903999
0.0
0.0
0.0
0.7721380311167213
0.0
0.0
0.6861045389704208
0.0
0.5700199611643261
0.0
0.0
0.0
0.8979081050373975
0.8523300454761562
0.0
0.525718897731157
0.0
0.0
0.14935540940509823
0.07625025708645262
0.0
0.4154555090949878
0.9967597789469191
0.0
0.4457162873770357
0.0
0.45229981559156096
0.9727860330836213
0.0
0.0
0.0
0.9922489168016246
0.0
0.0
0.0
0.5566855907390742
0.0
0.0
0.0
0.9365548023784596
0.9393790120975218
0.0
0.0
0.0
0.0
0.0
0.0
0.0
0.0
0.0
0.0
0.09764428178625065
0.0
0.8242364535753651
0.0
0.0
0.0
0.8881337661470593
0.0
0.18903000891189825
0.0
0.0
0.0
0.3912720066894653
0.3092083861139392
0.0
0.0
0.24795627293072245
0.27700703020611006
0.0
0.0
0.0
0.0
0.0
0.0
0.0
0.0
0.37255993163065226
0.64332486876914
0.0
0.0
0.4378765889034328
0.0
0.0
0.0
0.32659765078646374
0.7119251921355998
0.2167905019046272
0.0
0.0
0.8816721203401047
0.0
0.2395865464753689
0.0
0.21095408952192693
0.8630840899627799
0.0
0.0
0.6216688800202924
0.4931096728654609
0.775583020245057
0.7945210890675748
0.07108382012600406
0.9046090807379364
0.6182976617911224
0.0
0.33372008966594763
0.0
0.873071315798122
0.06414502478088933
0.6910398503254798
0.0
0.9741481860785868
0.0
0.0
0.0
0.0
0.0
0.0
0.0
0.7544311940633809
0.0
0.0
0.0
0.0
0.6280997193555923
0.34872767106836505
0.0
0.6249268646947665
0.0
0.02518741904965509
0.0
0.0
0.3698451535747955
0.0
0.5790645731545839
0.0
0.0
0.0706092354676666
0.0
0.0
0.5906577076773717
0.0
0.0
0.0
0.0
0.4711419118878983
0.11716874964385732
0.1580665695070539
0.0
0.0
0.0
0.012720478131481371
0.10071248977107075
0.7509460162656945
0.0
0.954650203344797
0.32851918710971667
0.0
0.30237647144042235
0.0
0.6222345623547562
0.4261346716888444
0.41256424292347765
0.0
0.0
0.0
0.0
0.7497890431196714
0.0
0.0
0.695501908203468
0.6935113290071983
0.3617016271690037
0.23344172725289355
0.0
0.0
0.6875967848465003
0.0
0.9718929212800351
0.0
0.661250399260115
0.7492561747175498
0.9165015712945025
0.0
0.0
0.0
0.0
0.33052978050078907
0.8913055853981104
0.0
0.6902052006866941
0.9834667440785915
0.0
0.17164147903675656
0.0
0.0
0.9947541625355304
0.0
0.919883630576507
0.0
0.0
0.0
0.3244544982385428
0.8537071330634407
0.27505353627122203
0.07163090704833566
0.0
0.9014888948371115
0.45084574269871114
0.0
0.0
0.0
0.08007848063873345
0.0
0.23482650521912288
0.0
0.0
0.0
0.0
0.9772721692970429
0.0
0.04217219159466609
0.0
0.0
0.0
0.0
0.5241563462664472
0.0
0.0
0.0
0.8641878753725022
0.3197952604582965
0.7599441180559875
0.0
0.0
0.034975823357759374
0.0
0.0
0.8960279281610951
0.0
0.0
0.16135871741038596
0.0
0.0
0.8227442439481446
0.6173747311733128
0.0
0.3431191052198786
0.0
0.48962790467139305
0.0
0.0
0.6739231146625564
0.7560503059876715
0.0
0.0
0.0
0.0
0.1993454738104921
0.9818305782199767
0.0
0.0
0.0
0.0
0.8245463537937912
0.08805808622752814
0.0
0.0
0.7001938243821546
0.0
0.2804875776022113
0.16822117205984663
0.728223209929384
0.0
0.0
0.0
0.0
0.0
0.0
0.0
0.5671233697810044
0.8798722343694456
0.5248843101547387
0.3155025103274964
0.0
0.4924861769745857
0.0
0.8386243562113038
0.992214161954872
0.0
0.20587888800414858
0.0
0.3814438280959875
0.193870986536818
0.0
0.0
0.6901483274064191
0.5706496528193775
0.0
0.0
0.6503675612109597
0.030908119063320524
0.0
0.24582010099163612
0.5653772355239305
0.3233046832298146
0.0
0.0
0.0
0.4530520484355458
0.0
0.2197669640265822
0.7749156935717622
0.0
0.0
0.47070714058189517
0.0
0.0
0.0
0.45226853823431196
0.028712608051959403
0.0
0.40255708448983685
0.0
0.7070277229186409
0.48560422006004567
0.0
0.0
0.028029317899269317
0.833488280284611
0.0
0.8490999020121681
0.0
0.0
0.3232626389847755
0.0
0.32662779710369483
0.0680592729905342
0.42144854574289037
0.0
0.0
0.412181287446943
0.9194941823267895
0.0
0.0
0.0
0.0
0.0
0.3676613897567137
0.0
0.0
0.0
0.0
0.0
0.0
0.6601858242852316
0.0
0.0
0.04446476645068401
0.0
0.0
0.0
0.0
0.0
0.3924711245907304
0.045131479943803975
0.5158186206620099
0.0
0.0
0.0
0.0
0.0
0.8166535252896354
0.3063220964124152
0.5608144830016027
0.2148512520672273
0.0
0.0
0.32754181212065187
0.0
0.278897511672706
0.6657015059033102
0.6301461929501955
0.9060138630501228
0.867876834926522
0.9768470907722165
0.0
0.826060092260385
0.7717516661823163
0.8744687900047489
0.0
0.0
0.41923147730223387
0.0
0.0
0.0
0.0
0.9668487379653091
0.0
0.0
0.0
0.0
0.0
0.7663534737256229
0.0
0.0
0.03400347949380016
0.0
0.0
0.0
0.35882245665391954
0.0
0.0
0.0
0.3727685503141553
0.0
0.0
0.6023378365876725
0.26819864656666564
0.0
0.0
0.9138592725456527
0.3283312661044408
0.6570219938963422
0.0
0.0
0.4353715643782874
0.38731547454333937
0.0
0.0
0.0
0.6869739673759842
0.0
0.4066301444958061
0.0
0.0
0.4849469717598066
0.5871052680513795
0.21542976363122093
0.9791683477465773
0.0
0.8808836445036494
0.4356586548734049
0.0
0.0
0.0569891293042941
0.0
0.0
0.0
0.22946783428021797
0.0
0.0
0.7237769226475907
0.0
0.0
0.8586660587441634
0.09252832585095468
0.0
0.7138803581895186
0.0
0.6310502521175043
0.6033951197661834
0.35397864374368004
0.6267692864763024
0.4396004524532772
0.6480763201109179
0.0
0.8252754606191411
0.0
0.0
0.0
0.9207804622806723
0.3700292968597989
0.13173948633138222
0.9870376486779889
0.4049565895425703
0.8361148918261437
0.0
0.42893614094986
0.38700362621155215
0.0
0.0
0.7117151875880546
0.7174669210836915
0.0
0.8404965586008724
0.0
0.3726269988629485
0.5345661883015327
0.0
0.0
0.03607930395825291
0.0
0.0
0.0
0.0
0.0
0.0
0.0
0.7083850807700484
0.0
0.0
0.26226920837604656
0.0533973893758393
0.7878722039233417
0.0
0.0
0.8173466109647887
0.5815758616587382
0.0
0.5776954399542125
0.7581656408338918
0.0
0.0
0.0
0.0
0.0
0.40082171192235755
0.0
0.0
0.23355640106309108
0.0
0.6847361765807828
0.0
0.0
0.9226485381389682
0.24997981343590048
0.0
0.40196741078247483
0.14075379113252076
0.46002491357086006
0.9959576626363444
0.0
0.0
0.0
0.9184689762792587
0.0
0.9230853371389725
0.0
0.6125772988378103
0.0
0.6875739865445721
0.8476176074488174
0.0
0.0
0.9811411769867958
0.5123779885566124
0.28319019837845205
0.0
0.0
0.7306804416535049
0.180928006853726
0.0
0.36073105876852496
0.0
0.0
0.0
0.0
0.9034174461433813
0.0
0.14578718593743148
0.9263848883268323
0.0
0.0
0.0
0.7333624492486982
0.4438275593193014
0.0
0.3051929471385262
0.0
0.0
0.25209623310315027
0.0
0.0
0.0
0.0
0.3433505973567224
0.0
0.23874160792656068
0.8807292133840684
0.45657805413340924
0.23619342407501923
0.0
0.0
0.381399848329246
0.5192362262106568
0.3137633536846206
0.0
0.0
0.0
0.0
0.0
0.0
0.29113913131668123
0.0
0.0
0.0
0.0
0.02337843108183736
0.5883511195962364
0.0
0.3738237713205172
0.0
0.8832309955345496
0.6012257371661904
0.0
0.0
0.5902289491051447
0.0
0.0
0.0
0.0
0.0
0.4590882219778031
0.1268350239535026
0.0
0.7227442283240882
0.0
0.0
0.2371764890699134
0.0
0.0
0.8173033942541258
0.0
0.0
0.5795232974123382
0.0
0.0
0.5571392685360251
0.10969371636866165
0.0
0.35058992424611707
0.0
0.22883862376392877
0.0
0.0
0.0
0.0
0.0
0.0
0.9909774013009847
0.0
0.3580131573671542
0.13711482379990925
0.16753767601720265
0.8048459264551605
0.8471243976292067
0.0
0.17616619142896453
0.0
0.89524088364085
0.0
0.7107324238344527
0.0
0.0
0.0
0.0
0.6154944552349213
0.0
0.1419211009300856
0.43797699795176775
0.44997943830020287
0.19538869822770366
0.42557387519071116
0.9908694877956125
0.05599981661538454
0.9804059622065637
0.12233028350881242
0.564846732091789
0.941070549421653
0.0
0.0
0.0
0.0
0.0
0.0
0.5177407229993982
0.5918391869123178
0.9511110656284038
0.0
0.4189556114981141
0.17833697683826216
0.0
0.0
0.8413825444260676
0.0
0.0
0.0
0.4545393905395716
0.20906060839483886
0.04683029051166792
0.0
0.4360252768666598
0.2340465831383903
0.2472226890185792
0.0
0.33539831261244696
0.0
0.9084768884494667
0.4289174999918183
0.6856408797982975
0.5050540812132506
0.13939125856227094
0.0
0.0
0.7410241031970399
0.43955547602692574
0.36818428312537804
0.2926218970011088
0.0
0.0
0.0
0.39847417178117056
0.0
0.06453834097978367
0.017199807676301332
0.0
0.8825471307708486
0.0
0.6936887567753113
0.0
0.3310335270369728
0.846529366130934
0.0
0.0746955110817608
0.3294800785490865
0.0
0.0
0.0
0.0
0.0
0.7876140288918507
0.8600119874439048
0.0
0.0
0.0
0.0
0.0
0.0026900101460474533
0.0
0.5487951880508437
0.0
0.0
0.8067191682176552
0.7119335109061403
0.5545083228417563
0.0
0.8287378228435271
0.0
0.3118877937062031
0.0
0.0
0.0
0.9768711564625567
0.0
0.9550635480683834
0.0
0.24658268621843835
0.0
0.37745360553700547
0.0
0.9070982644794348
0.0
0.0
0.0
0.0
0.0
0.0
0.0
0.0
0.13908592601010358
0.3393518179258812
0.7231808170424151
0.8351084665657303
0.16267241905030105
0.0
0.42561622006238353
0.0
0.7999260523230372
0.0
0.815554712912516
0.49673705239715066
0.5037438814903165
0.0
0.0
0.7922781818979286
0.9267966978336015
0.0
0.8449667989244949
0.0
0.0
0.05046733510273074
0.0
0.0
0.0
0.0
0.8836091557431005
0.0
0.38132282534878603
0.0
0.0
0.09871108400882198
0.011472865456909375
0.0
0.9290954096012302
0.0
0.08131554387729228
0.5396487131498714
0.43246096241727905
0.0
0.0
0.0
0.98264683801839
0.0
0.14991865569133186
0.6592176342676013
0.9639604744913773
0.0
0.0
0.5346848810338396
0.3204710563093068
0.5386456672606931
0.0
0.006433867770062395
0.0
0.0
0.0
0.0
0.0
0.0
0.5963786606336761
0.26583478395219556
0.4684604850087998
0.8515587117451394
0.0
0.4086025060845051
0.2534813880040906
0.06621688189802107
0.8616973724704808
0.0
0.6561877317253932
0.0
0.0
0.0
0.0
0.0
0.29839812665447174
0.0
0.0
0.28826094596324126
0.0
0.0
0.0
0.0
0.4172726540995939
0.8650034662022518
0.3056436072505678
0.0
0.0
0.0
0.0
0.3609417326315542
0.5790880616825019
0.0
0.0
0.0
0.10164231422280415
0.0
0.0
0.509548145036958
0.36617854188803955
0.0
0.11573133719683733
0.783033007044385
0.4152112123808778
0.4574656893113041
0.0
0.0
0.0
0.0
0.36033350908342937
0.10325040612000363
0.45100668748884915
0.7810401556322698
0.47847321392528336
0.0
0.0
0.7334738644281608
0.0
0.0
0.0
0.0
0.35777171034011396
0.0
0.4703122739534391
0.0
0.0
0.188980825869747
0.0
0.0
0.0
0.0
0.0
0.0
0.7450876396467059
0.7611079652163771
0.7723164891740196
0.2546341140501976
0.0
0.7906720268435047
0.0
0.0
0.4716701269557847
0.0
0.25195174970222833
0.8626251854173304
0.0
0.4437839870398209
0.0
0.07994319619153054
0.0
0.0
0.0
0.9562356090334345
0.22968363405214717
0.0
0.0
0.744539650999658
0.6805349885579335
0.07402041460851709
0.0
0.0
0.0
0.17915327339064444
0.333782310210732
0.5676969082682384
0.0
0.0
0.030092901251511466
0.2997875206739835
0.1158552026023265
0.1369873336038754
0.0
0.0
0.0
0.5447240234248967
0.0
0.0
0.4291211129844716
0.5497608077180343
0.0
0.0
0.0
0.0
0.0
0.0
0.0
0.030960986976144148
0.0
0.0
0.9501717457865028
0.9343628982569709
0.0
0.0
0.04597490648631234
0.5714772593336037
0.0
0.8077765238652066
0.7625305276986764
0.0
0.0
0.11176021213464275
0.31936855185060997
0.0
0.30878669253353436
0.0
0.0
0.5345456709925395
0.0
0.1609217792682324
0.0
0.0
0.0
0.7810444183471906
0.0
0.0
0.0
0.8225246879494233
0.0
0.0
0.0
0.1062249338795213
0.8498002313294206
0.0
0.0
0.10193802920615007
0.8711468098040571
0.0
0.3762855834029255
0.0
0.3333211748679821
0.8061399026985463
0.7601828797592785
0.0
0.0
0.6798156763449863
0.2778706670317443
0.0
0.0
0.27327543642629537
0.541530097823489
0.24308638301817734
0.3618290374618599
0.0
0.7338124395019713
0.2914957631764087
0.8479971947227303
0.18153732169269404
0.08521485951129681
0.9115406651508339
0.9699661521799359
0.17215045563537063
0.0
0.6263942271366406
0.03847490208401473
0.0
0.9750556383232697
0.0
0.2748671165736924
0.0
0.23468518672314811
0.0
0.0
0.858392657760046
0.9294412460055238
0.0
0.8490550660515134
0.0994251044719159
0.2335873777409955
0.0
0.6089644610431284
0.0
0.0
0.9172596976493355
0.18982391094081982
0.23116340287206047
0.17739627702278615
0.0
0.0
0.7042183298273025
0.7373899527078869
0.6104112475350221
0.0
0.7339311534234367
0.2523488801858555
0.4578775006486749
0.39388086957232554
0.0
0.0
0.0
0.0
0.0
0.26031922450977163
0.5717134414823213
0.0
0.14719171247960047
0.0
0.0
0.7063786591040239
0.0
0.0
0.0
0.0
0.4933879605308035
0.3535197409522508
0.0
0.0
0.0
0.3465767097426006
0.0
0.6942512229494125
0.0
0.0
0.0
0.0
0.2967627820499252
0.0
0.0
0.07530795818737479
0.0
0.49926534709033954
0.0
0.80598680232058
0.2463710112880815
0.0
0.40581274747511
0.0
0.2965509617204174
0.0
0.3858964238526183
0.0
0.30359015610434187
0.10756068318590092
0.21669865277669983
0.0
0.4156278188675033
0.0
0.7859956652943338
0.15043335200801966
0.0
0.0
0.0
0.0
0.05409969901969636
0.0
0.0
0.0
0.8538463349368658
0.7377889745609036
0.0
0.0
0.0
0.0
0.0
0.0
0.883161179971166
0.0
0.0
0.0
0.0
0.31373162447353814
0.8848575687665629
0.0
0.0
0.7983544366121739
0.0
0.6421393212336942
0.9907029873314412
0.8842690833954205
0.6566677936232592
0.0
0.2955202153060956
0.0
0.0
0.0
0.0
0.08073459680731102
0.0
0.0
0.7557621518601441
0.0
0.0
0.3130306822985768
0.0
0.2922289993672858
0.4009530335652722
0.0
0.9672686675607916
0.0
0.0
0.0
0.0
0.0
0.0
0.4459276987977478
0.0
0.0
0.8405102689805888
0.8626354056325334
0.9235801518957885
0.0
0.10502551571624312
0.0
0.0
0.8355433267599885
0.0
0.0
0.09130276138986103
0.0
0.7680833478992831
0.0
0.0
0.0
0.4595962758863528
0.0
0.001249665379777423
0.9933284294297134
0.0
0.31043545569699377
0.0
0.0365736149904432
0.0
0.2361561044456455
0.0
0.0
0.7409811191084006
0.0
0.4860374001272043
0.29246741983487085
0.6360913445363011
0.14112989752902905
0.22415386169984627
0.569108219541272
0.0
0.0
0.43256639275020864
0.9376352578221351
0.9694244723274759
0.0
0.0
0.7756848503049889
0.6764728081719585
0.13312529544126278
0.9092162449483416
0.0
0.5993761208773015
0.0
0.5941600901456151
0.018102176771678368
0.9783959211411453
0.0
0.0
0.0
0.0
0.0
0.0
0.0
0.0
0.0
0.7667548039789824
0.0
0.748621119404499
0.0
0.7755297722325721
0.0
0.0
0.6196588363726481
0.0
0.7875726914254826
0.013455476898546688
0.4578960894114623
0.0
0.0
0.7002270432763333
0.0
0.6897488467939158
0.0
0.0
0.0
0.848322132146084
0.10330767911194047
0.0647828246951606
0.1246188269542424
0.0
0.0
0.8505518398522525
0.0
0.6961955743862257
0.0
0.0
0.0
0.33388426411703354
0.43063055712571446
0.8710573069380119
0.46939351409971486
0.0
0.5665383019203607
0.6558322564465177
0.0
0.392316057465652
0.0
0.0
0.0
0.3999084310709683
0.17596795985369124
0.8897511722376298
0.0
0.0
0.11695523158430925
0.935607206156472
0.6679797923503897
0.0
0.0
0.0
0.0
0.0
0.0
0.18225921863860797
0.04847207455483975
0.6337638904750639
0.0
0.0
0.24491900022864832
0.4339052160086093
0.0
0.5719107404055749
0.0
0.7477471011943292
0.9580228188902027
0.0
0.4557209077267237
0.7161694787338255
0.35668835816987376
0.0
0.2643304162173035
0.0
0.0
0.0
0.0
0.0
0.0
0.0
0.0
0.0
0.0
0.0
0.0
0.0
0.9166255743625144
0.0
0.9385431371575624
0.16069560579630202
0.0
0.9709000267668527
0.0
0.3197260444554023
0.6164371118834063
0.0
0.012787888025849998
0.0
0.8951112277134644
0.0
0.50627729656844
0.0
0.0
0.0
0.1696621328368647
0.40046574837815446
0.40375618645111033
0.4186588382714762
0.0
0.0
0.0
0.5058608288564697
0.9821047123410631
0.0
0.7729401399670371
0.42333464484627414
0.0
0.6751252429042407
0.4212579544566789
0.0
0.0
0.0
0.0
0.0
0.9943703617570091
0.730552799563043
0.0
0.5780987874313768
0.24829731168213798
0.0
0.8339401815751375
0.0
0.8183485792051055
0.0
0.0
0.9085921783572145
0.0
0.0
0.0
0.0
0.0
0.0
0.0
0.0
0.0
0.0
0.5988269264920729
0.338847740842145
0.8222224345692689
0.0
0.86078745264379
0.0
0.0
0.0
0.0
0.0
0.0
0.39464671769099974
0.0
0.6282282398506734
0.0
0.0
0.9107013188515812
0.0
0.0
0.0
0.6953980738978962
0.0
0.0
0.0
0.0
0.7494889844803343
0.8328650719016287
0.4012538562711552
0.42644443533771204
0.0
0.8569690289941164
0.0
0.7645781129926876
0.0
0.0
0.0
0.0
0.6092013921358018
0.0
0.7833049987083429
0.9316610713000812
0.0
0.0
0.9714595738750722
0.0
0.22060288966031918
0.0
0.27867292133069244
0.0
0.0
0.9544760114209836
0.0
0.03498631010106958
0.0
0.0
0.13331164228450845
0.9270727264447345
0.0
0.0
0.27670433435891134
0.0
0.0
0.13416699558934495
0.36717293800530465
0.9703505224787594
0.3654400501294009
0.3986665800582551
0.0
0.5572802591006425
0.0
0.0
0.0
0.0
0.0
0.0
0.0
0.0
0.0
0.0
0.0
0.07382730913690905
0.0
0.0
0.0
0.4537723051563719
0.7616197771607505
0.10422367678649175
0.0
0.5513680712343711
0.961972072649622
0.41720546292809974
0.0
0.0
0.0
0.0
0.0
0.0
0.26352457364822857
0.0
0.0
0.0
0.4244670042216387
0.008947196081720999
0.5370386151918822
0.9530512332400379
0.0
0.0
0.48908841513536505
0.0
0.0
0.0
0.0
0.21707215440886182
0.0
0.0
0.0
0.0
0.6230536288622263
0.3377277129508369
0.0
0.0
0.0
0.0
0.0
0.0
0.7719785723957568
0.0
0.21492238194584767
0.022288907095173918
0.8454537638373611
0.17639639125227607
0.0
0.0
0.2785134913725778
0.0
0.0
0.0
0.4184240933197891
0.0
0.0
0.39907872607690065
0.0
0.4892200939705058
0.0
0.0
0.07693728538978614
0.37121878955467946
0.7291950281270039
0.549012292187029
0.0
0.0
0.0
0.0
0.0
0.5457502710301994
0.9424179299066213
0.0
0.6547735747828547
0.0
0.0
0.0
0.004551296299654778
0.0
0.369965539038242
0.05415158897735349
0.0
0.15667776775371475
0.9994656106416069
0.0
0.0
0.30160862741988176
0.9093765507140246
0.0
0.0
0.6390751099856201
0.0
0.0
0.0
0.0
0.8649980585689178
0.9608513563112548
0.46737140935654475
0.33622401378485295
0.0
0.0
0.5573984209238068
0.48968965523507074
0.0
0.0
0.0
0.6143580024386356
0.0
0.0
0.0
0.0
0.0
0.6332155314952252
0.0
0.0
0.6474275305868491
0.21716635868249634
0.0
0.0
0.6341287409995691
0.7702560915586515
0.0
0.0
0.0
0.0
0.0
0.0
0.368466105637285
0.5625895308645423
0.0
0.0
0.0
0.0
0.0
0.5581229493091685
0.0
0.6082873838132347
0.06405336745825803
0.0
0.20683768501893954
0.0
0.0
0.7564775762649933
0.0
0.019697980923862893
0.0
0.0
0.0
0.5481034198344346
0.9782732636343789
0.0
0.5540427856168517
0.6955362608919269
0.0
0.8862594316351654
0.0
0.36004825674296576
0.6965836855866584
0.0
0.8691095337088557
0.045287330812893246
0.0
0.8415347989377102
0.990670118576727
0.0
0.0
0.045837233833895805
0.0
0.9560889489504609
0.0
0.0
0.0
0.047339447894768544
0.747813856020028
0.0
0.38562264076276737
0.24721348317260833
0.9703644859626205
0.7401685597996025
0.411663430845689
0.0
0.3755334306308372
0.0
0.6932960841287946
0.5073126702506319
0.0
0.6585730008942742
0.6328894469227466
0.13945126577476416
0.0
0.9627321818111694
0.0
0.43383129782411306
0.0
0.7971882629694471
0.014208165458967447
0.6497666884799543
0.0
0.5937100183490179
0.0
0.8652794408062571
0.6265692552299779
0.9250904380334884
0.0
0.0
0.0
0.0
0.0
0.0
0.759239873936666
0.0
0.0
0.8034847530665066
0.0
0.1184795496377631
0.0
0.40381013519710823
0.0
0.29469455773808834
0.0
0.0
0.10898067698038
0.8666909595899127
0.0
0.35290637378534345
0.0
0.0
0.0
0.0
0.18820878879139386
0.0
0.408496791685826
0.0
0.0
0.0
0.18237604960514703
0.7791581357923754
0.0
0.0
0.6989728884800598
0.07571212626993314
0.0
0.0
0.321504255680035
0.13265450351965227
0.0
0.0
0.0
0.0
0.8643266269714934
0.0
0.9759672386457883
0.0
0.0
0.0
0.8748976206010194
0.0
0.0
0.5284287300210306
0.5830948523616614
0.7263018586299914
0.0
0.0
0.0
0.0
0.0
0.0
0.28405968398435094
0.9239660577283191
0.0
0.9792621194689277
0.2769165546622199
0.8458861612387512
0.0
0.0
0.04527513865049889
0.0
0.0
0.0
0.0
0.4079100658664568
0.0
0.2351082009151655
0.0
0.0
0.772379607844555
0.0
0.0
0.224096946659489
0.45379324752671324
0.0
0.0
0.5606497238685246
0.8844253856110953
0.4207739251655428
0.06513047051319489
0.0
0.5468995077131539
0.44142609890525913
0.7606063753116739
0.0
0.0
0.7091727402314211
0.22655432739643688
0.12450831162596233
0.5951808147026337
0.0
0.0
0.6232522795650691
0.0
0.0
0.0
0.7771382242257665
0.0
0.0
0.0
0.0
0.8861400805670607
0.0
0.0
0.0
0.0
0.0
0.8258383787961794
0.0
0.0
0.3293208338850922
0.8184152970765476
0.33294397709649604
0.43696741241267273
0.0
0.9187591527483103
0.0
0.0
0.1715085908962758
0.0
0.0
0.0
0.0
0.19643050364276454
0.6514049683393837
0.0
0.0
0.0
0.0
0.0
0.0
0.9653340147228184
0.0
0.8587919936908697
0.0
0.9197915799475248
0.47029305882036837
0.0
0.0
0.0
0.9526130512776825
0.0
0.4719507959810937
0.0
0.10077606701789614
0.0
0.07963404875008762
0.0
0.22707252433652236
0.21484980964789135
0.7112877671827716
0.8344830383047964
0.830767905301571
0.0
0.18435980271932922
0.0
0.0
0.0
0.0
0.0
0.0
0.6386626368476116
0.0
0.4392912750927477
0.0
0.0
0.0
0.0
0.21011837093531258
0.6013376585029525
0.0
0.8813919856982881
0.0
0.7120259433118178
0.6475774150050109
0.0
0.0
0.22761611323185726
0.0
0.0
0.0
0.0
0.0
0.0
0.0
0.0
0.9979199374904906
0.0
0.0
0.0276461488333116
0.48192693704049794
0.0
0.0
0.0
0.0
0.3820686961304183
0.19131342801464793
0.0
0.4558594444054153
0.5759340627016601
0.0
0.9501318054442904
0.0
0.0
0.0
0.0
0.0
0.7561159584823128
0.9162464413644985
0.0
0.0
0.0
0.8186139094209934
0.24181310719127344
0.0
0.0
0.09209111392614713
0.0
0.9984316345648488
0.0
0.03468751904208357
0.5199880680076856
0.0
0.22017178290546977
0.541373794496038
0.0
0.0
0.30371637884162866
0.4746605119226944
0.0
0.0
0.0
0.4920059251237383
0.43248685072873194
0.0
0.0
0.4953259880966384
0.0
0.1748768383028563
0.0
0.27604260377176276
0.23738230393155785
0.41738697118979334
0.0
0.0
0.44884143348494115
0.5013014492727873
0.11384595816213233
0.4380172806613612
0.09174588688432565
0.0
0.2804128686288446
0.0
0.11926643981753805
0.06084276796063291
0.9457315706402599
0.0
0.0
0.1655307317225609
0.0
0.9046202974368992
0.0
0.5745824508117083
0.08906642543188105
0.0
0.0
0.9838039109848207
0.0
0.0
0.0
0.16249418831099088
0.0
0.9115738771430465
0.0
0.6092211799715519
0.0
0.025472210086122226
0.0
0.1781183962467778
0.7520306766448986
0.0
0.2531996224354457
0.7088501084057677
0.0
0.0
0.0
0.0
0.0
0.5020050780419967
0.49545777565858357
0.6473034185014656
0.11526241669164478
0.9913083092411459
0.0
0.8856404570425471
0.38224383358485226
0.0
0.7395711047269614
0.2681252259348102
0.9547378658335711
0.6093864079068702
0.0
0.0
0.0
0.5243483303617995
0.0
0.31545545502268474
0.15442553775464649
0.0
0.502942366467214
0.0
0.0
0.0
0.7486483015342289
0.43979406530489246
0.5063322594968577
0.8113215476910034
0.8622187218937236
0.7982555054673663
0.0
0.5248676017469508
0.0
0.0
0.0
0.6691035457149556
0.0
0.5033551011777093
0.9305306680616332
0.3370541689060698
0.0
0.0
0.0
0.7945552177865574
0.7023859596433953
0.0
0.876253147739935
0.7576322422938367
0.0
0.0
0.0
0.0
0.0
0.0
0.12284274371766647
0.9404143894828153
0.0
0.0
0.11122799321581868
0.0
0.29552584382818725
0.0
0.22119553803857378
0.0
0.0
0.3757856251606939
0.0
0.6003844781771461
0.9087008398278212
0.0
0.0
0.17172498981328713
0.0
0.5562932725492681
0.0
0.4330038887673309
0.6016805985632219
0.0
0.0
0.0
0.0
0.0
0.0
0.0
0.15156090282966245
0.0
0.2659687938689522
0.0
0.0
0.7722747159896198
0.0
0.0
0.0
0.16224697193598805
0.0
0.7057869048869655
0.1394124199803147
0.9948206862428256
0.40038322366356954
0.0
0.4996906015945333
0.4582606975670445
0.0
0.7870503744172463
0.09027327168173922
0.0
0.5912203870705561
0.0
0.0
0.8168624839572175
0.6219799793705655
0.0
0.7644343372787891
0.0
0.252655104481364
0.9486079119290252
0.16379584943407466
0.1714243310228523
0.8212518938834682
0.06595269847127896
0.0
0.4802541532129926
0.4085685676645726
0.0
0.0
0.0
0.22352698430458134
0.0
0.0
0.2573725949853108
0.0
0.1975317510107229
0.0
0.644665053274477
0.0
0.8812797087186708
0.041476105764537106
0.39346196142388684
0.49936302550183476
0.25056763323662784
0.794334927102071
0.0
0.5666172686411541
0.39312052293955235
0.0
0.0
0.0
0.565706393300521
0.2456589138861244
0.0
0.0
0.0
0.975340830305842
0.0
0.6401471793787595
0.5639172837818202
0.8485879861888741
0.0
0.5024025353716938
0.0
0.9361281047439348
0.0
0.11142376303540963
0.0
0.0
0.15950061813412011
0.055444427554973086
0.0
0.0
0.0
0.0
0.11220587509957346
0.472830670398031
0.12169635046207893
