0.5125420657329977
0.0
0.28250647562683145
0.6795285594443463
0.0
0.8673962556252873
0.0
0.0
0.0
0.22611979176748798
0.0
0.0
0.35121634905246263
0.0
0.0
0.18047799460794736
0.740614030832469
0.736078353921872
0.27061597442977625
0.568613841368398
0.0
0.0
0.0
0.5486677165935653
0.9324325349195125
0.8906083484696372
0.15241021594520343
0.16275068611436666
0.0
0.0
0.0
0.0
0.0
0.13125560823555432
0.0
0.0
0.16567219047632456
0.0
0.0
0.7249710476891625
0.0
0.0
0.3947919620916261
0.0
0.0
0.0
0.6804476827776008
0.4398818819698796
0.6313751711625666
0.7717988253873685
0.0
0.8509552497149486
0.8131100237431185
0.0
0.0
0.6467361487150326
0.25790436024845187
0.0
0.3812536864041391
0.6463054867212846
0.7696333122692252
0.0
0.0
0.0
0.0
0.0
0.08726232103843236
0.26490234558904957
0.0
0.0
0.8888232555610849
0.27879175269476314
0.0
0.945542529054898
0.8730275722318398
0.0
0.19739062186429987
0.18926679729345558
0.8242835574124914
0.06470326214537449
0.0
0.0
0.0
0.5925101023819181
0.0
0.4982561378403334
0.0
0.05139236852272293
0.8142803417275595
0.0
0.4854294781959016
0.0
0.0
0.8286629211072298
0.7803758776711233
0.46973500004086843
0.0
0.8712356834705924
0.0
0.0
0.5536307246193982
0.8793494816226021
0.12664041398205925
0.5893559083576365
0.0
0.9363690366083313
0.20067377496761474
0.0
0.0
0.0
0.4292543730352424
0.0
0.0
0.0
0.3565905928209999
0.0
0.8314767487053442
0.0
0.46256788772399215
0.0
0.5867525100901689
0.0
0.8543755297562151
0.2918438363530528
0.0
0.0
0.0
0.14671616515086786
0.0
0.5354765837443657
0.6095820049225094
0.0
0.3610232795449786
0.7548082315587082
0.24996182190854663
0.0
0.0
0.0
0.0
0.27177024947107004
0.4882344043435042
0.0
0.0
0.0
0.0
0.6071362669918692
0.0
0.0
0.8549532644176235
0.0
0.7227715222582861
0.0
0.0
0.45966020303914834
0.0
0.0
0.8916297853074389
0.15004183504742946
0.0
0.449028396405631
0.0
0.7645810782002204
0.796647770718198
0.0
0.0
0.15704172858646917
0.9373766615823581
0.0
0.0
0.7801190029724899
0.0
0.7955412626966913
0.0
0.8666395090013934
0.01973665545402352
0.0
0.0
0.0
0.0
0.0
0.5069258271162634
0.657595990566475
0.3329603050245623
0.928198492061544
0.0
0.0
0.0
0.6130089207559577
0.0
0.0
0.9121408316371593
0.0
0.8005586309239743
0.5888036137769188
0.0
0.278884078616465
0.0
0.0
0.0
0.1622006301770221
0.0
0.0
0.0
0.24620334797641114
0.0
0.0
0.9281902763998356
0.4430153149514083
0.22886592670847825
0.0
0.3548348499293122
0.8805752132904279
0.15400649117953083
0.0
0.0
0.6803568378674847
0.0
0.0
0.0
0.0
0.8476665367303649
0.1782563849701079
0.0
0.607228955595433
0.0
0.04199099572247366
0.6853404584843951
0.0
0.7968293095800962
0.0
0.899790380901649
0.0
0.6452858078206894
0.8127491163788663
0.5824499577544547
0.0
0.0
0.0
0.38859058354289877
0.0
0.0
0.5049939764893427
0.19374717749902753
0.0
0.0
0.0
0.46909828264077413
0.0
0.22107310045295103
0.0
0.0
0.0
0.06643562442047309
0.23600988863159927
0.0
0.7143801506090519
0.024804649691200366
0.49730158601484364
0.598460707525661
0.0
0.0
0.0
0.009120349223936343
0.0
0.2602665718604043
0.0
0.776825555942369
0.38729850269598526
0.0
0.0
0.0
0.0
0.0
0.0
0.0
0.0
0.0
0.0
0.7185339309319342
0.2690372048676007
0.0
0.0
0.0
0.031569743968138476
0.0
0.8235914652983986
0.0
0.4694532603762666
0.0
0.7979590513966921
0.46025278801208613
0.8004182615123191
0.0
0.4997868609811812
0.4808063203761713
0.2550142900056111
0.0
0.0
0.5145171105860299
0.2829313418038051
0.45923450722549963
0.6538895544895758
0.0
0.03200313354804152
0.0
0.0
0.0
0.0
0.0
0.0
0.5675411585132453
0.0
0.934854527739978
0.0
0.5057833539891791
0.0
0.09892955785516919
0.9406047703702756
0.0
0.36916323674665663
0.8094262263304053
0.6838738484735387
0.0
0.0
0.0
0.0
0.0
0.39713105683099587
0.0
0.0
0.4363498428536908
0.8197458246707825
0.0
0.0
0.0
0.0
0.0
0.0
0.28557685756240997
0.0
0.4590231943048611
0.5245885693730075
0.0
0.7965437917528184
0.0
0.0
0.6608822605822653
0.574480203362535
0.0
0.0
0.0
0.0
0.34594392937023094
0.0
0.0
0.0
0.0
0.0
0.0
0.293500276807032
0.0
0.46445657636066406
0.6790869017398904
0.0
0.0
0.0
0.0
0.29597882339140935
0.7727425202103947
0.8916445203287273
0.0
0.0
0.0
0.0
0.0
0.0
0.5551551859165285
0.0
0.0
0.0
0.6498083738671918
0.4308078741249936
0.0
0.0
0.5458323415199794
0.0
0.6037436804884416
0.7429064533121829
0.0
0.49041980418121917
0.8349473369717497
0.9449627022208817
0.3254996313172724
0.7313208013133293
0.0
0.22905903571289543
0.0
0.37674061648881035
0.0
0.0
0.49283359631380574
0.6910035188831642
0.0
0.0
0.5859728533829551
0.0
0.0
0.0
0.5342112096656746
0.19919066122802165
0.0
0.0
0.0
0.0
0.0
0.9569445898870831
0.0
0.0
0.0
0.8013233696916616
0.20321197148716974
0.8377978347575916
0.0
0.0
0.0
0.22374633165776997
0.6298848535504147
0.0
0.0
0.0
0.0
0.0
0.5079032614353721
0.0
0.9608513563112548
0.4507435751767115
0.11605543666402755
0.27664089903621847
0.0
0.0
0.6246037977378466
0.43861872582196637
0.21744290543694944
0.0
0.0
0.0
0.0
0.8490673879823865
0.0
0.0
0.0
0.0
0.0
0.0
0.4750693686683422
0.0
0.0
0.0
0.2905597404717765
0.0
0.0
0.0
0.0
0.0
0.557503648982539
0.0
0.0
0.0
0.0
0.3296420188442254
0.0
0.22482578685573004
0.0
0.7359423646477595
0.44172597259115604
0.4599492040027565
0.8267378330809453
0.0
0.0
0.9792621194689277
0.0
0.0
0.37045963326808645
0.004435075767486256
0.0
0.0
0.18397435400379866
0.0
0.0
0.8292977910031847
0.18135073532090734
0.6417576331439351
0.0
0.0
0.028066675909539842
0.785414760786786
0.8880084655305133
0.35368569330107585
0.8610339234470801
0.0
0.0
0.41762682995541894
0.0
0.0
0.0
0.0
0.0
0.743550637387409
0.006569850319751809
0.0
0.27173691798175603
0.0
0.16872902690118907
0.0
0.5335618509196393
0.9498019645773155
0.0
0.0
0.0
0.4771185093674289
0.04723477633251624
0.6576702736878829
0.22363869414850587
0.0
0.0
0.689988815009714
0.0
0.0
0.8749342254226368
0.0
0.02546148767077989
0.0
0.0
0.0
0.3085117011982861
0.0
0.8979996378232661
0.0
0.9933284294297134
0.0
0.6256062157812908
0.5491185167380219
0.0
0.29121163901421543
0.0
0.0
0.0
0.6447885438149213
0.0
0.0
0.7109712420543949
0.0
0.0
0.22820516467958263
0.0
0.9703505224787594
0.0
0.2565879450242168
0.0
0.0
0.0
0.8466444979403798
0.0
0.0
0.0
0.0
0.2121701076509023
0.6628819426202085
0.5738429125544943
0.0
0.5500176490331132
0.7456343175910799
0.0
0.4653939209165284
0.0
0.0
0.25859148601118875
0.2931305120578723
0.4726590798793801
0.6371878288559729
0.0
0.0
0.0
0.0
0.16200334646062817
0.5781999563988052
0.009978226126731223
0.0
0.018089921904670028
0.0
0.0
0.0
0.0
0.0
0.0
0.7567941192465091
0.7456976367733966
0.5582415768277023
0.0
0.5882501216641979
0.007078092279465469
0.723792061223721
0.0
0.0
0.03050488662470428
0.5936084346965229
0.0
0.0
0.19080128503823549
0.0
0.0
0.9544760114209836
0.17303418824657
0.0
0.46483914593648923
0.4733651103286535
0.0
0.02715635854704122
0.0
0.241274985708883
0.5015350267726543
0.0
0.4409351371843487
0.0
0.0
0.4519940597267985
0.0
0.10157003110063637
0.0
0.0
0.0
0.38412462129786795
0.0
0.6138479834031747
0.9393300424397804
0.0
0.37753183458505774
0.0
0.0
0.2204150226944347
0.0
0.32395294265833674
0.0
0.37242263997970004
0.0
0.0
0.0
0.9341735861811254
0.5346773618270795
0.1821346264883186
0.5988806499195845
0.8793695349718633
0.0
0.8537881297724071
0.0
0.9029518524136815
0.4801089040668408
0.3443014841399292
0.0
0.24769024261232467
0.694143357791744
0.11107451806983801
0.0
0.6289110902242968
0.5422847109050856
0.0
0.09384347462337624
0.0
0.42764264499966614
0.5438435760960848
0.0
0.0
0.6279555893889185
0.17648958459988573
0.4220714839975378
0.2830784033887367
0.0
0.0
0.057267729845762436
0.0
0.8860989292511096
0.7381309876087395
0.0
0.0
0.11329401468201734
0.0
0.0
0.0
0.6736749672528852
0.21751840636514963
0.0
0.024170573194662533
0.9421686056191978
0.4118923870008656
0.0
0.0
0.29411348620391425
0.0
0.0
0.16587549144720312
0.6441983177677671
0.0
0.4759327643044158
0.0
0.4813222553216524
0.0
0.0
0.0
0.0
0.581177062462426
0.0
0.20704637020613248
0.0
0.0
0.7060604067561517
0.0
0.0
0.054336439593747926
0.0
0.6461540549600463
0.0
0.6732095348452972
0.0
0.48187534765463597
0.9821047123410631
0.0
0.0
0.6605147501215727
0.1369070473754128
0.36734117623727897
0.9677506326896812
0.0
0.7641010703863758
0.0
0.0
0.0
0.0
0.05101226050724171
0.9911973622284425
0.0
0.0
0.1691764749337165
0.0
0.7802612484732075
0.9417041551859615
0.0
0.7760503780645653
0.0
0.6366534677428822
0.504329046803085
0.0
0.0
0.18292128502044025
0.9846196750466466
0.0
0.0
0.6728488782639974
0.6265678026537881
0.0
0.0
0.0
0.0
0.0
0.12369347058499724
0.0
0.1978539402304944
0.5985628291955275
0.0
0.0
0.0
0.6303179233259523
0.13332069765289678
0.0
0.8010269675812959
0.0
0.20543308411911626
0.0
0.48590462093861525
0.0
0.0
0.5274587919606567
0.0
0.0
0.919795617964574
0.14425986024424697
0.0
0.6577379575736472
0.018943670727828713
0.08267374503312604
0.0
0.0
0.8350436152449223
0.0
0.003658264999956804
0.0
0.0
0.004073889424080603
0.7137304221657267
0.0219495020354221
0.0
0.0
0.0
0.0
0.613860143270891
0.669396332414372
0.0
0.7851690731671231
0.8866738144397853
0.0
0.0
0.0
0.0
0.0
0.15412290180322252
0.0
0.2406602712103391
0.4548390820510886
0.0
0.5216660902193149
0.0
0.0
0.8521086107927136
0.0
0.0
0.2528835522106432
0.0
0.0
0.0
0.0
0.32587007897682274
0.896379715132674
0.0
0.0
0.0
0.0
0.13705632824493283
0.0
0.0
0.0
0.0
0.0
0.6063940637257437
0.4836246304358712
0.0
0.7948605116595133
0.6999466979275352
0.0
0.6234726574598698
0.9182151731995715
0.0
0.3253642940508807
0.0
0.5730799498536321
0.932534672286511
0.16914819241424772
0.08221935066462761
0.08733926788463864
0.7368802903400493
0.0
0.0
0.7277494777570093
0.0
0.0
0.24889071051262196
0.0
0.25236533281167534
0.0
0.0
0.0
0.23498243060164753
0.0
0.0
0.7408979433067755
0.0
0.0
0.0
0.0
0.024762271002029646
0.0
0.0
0.0
0.4655516986361548
0.5581205300594309
0.0
0.6127151998061711
0.24248732565055586
0.0
0.0
0.0
0.6769317254908351
0.018076494884717204
0.0
0.0
0.898997966180042
0.0
0.8652431922910998
0.0
0.0
0.1591206894627558
0.8831809705965668
0.0
0.03160677850355662
0.0
0.5377158079584993
0.2524898461495773
0.9714595738750722
0.0
0.6526588739051815
0.5579788674359233
0.5644528436669117
0.46180218639494497
0.5266140783761623
0.0
0.2507016552601492
0.8821240223013598
0.4466649342703396
0.27020364588144236
0.0
0.0
0.8382766493096728
0.0656945089823964
0.9263036189365883
0.0
0.0
0.0
0.0
0.0
0.04524960816507561
0.07041274516341685
0.4960982823536506
0.0
0.0
0.0
0.0
0.0
0.0
0.0
0.0
0.635302192037279
0.9681029860370897
0.30805413898379885
0.8492548118914902
0.0
0.3344397774985154
0.0
0.0
0.0
0.9072887661180259
0.0
0.0
0.0
0.0
0.0
0.7954260070356397
0.0
0.7149113594134886
0.6562584097353541
0.36828194859535646
0.19871007107503058
0.057154184497738146
0.0
0.0
0.7192474281152097
0.6434686886604121
0.8668086379889343
0.0
0.0
0.0
0.0
0.0
0.18124104050242734
0.0
0.0
0.6540471470417693
0.0
0.0
0.37241046837029723
0.4881231796210483
0.0
0.0
0.6999322554671983
0.09408049484811633
0.0
0.0
0.29019088692049066
0.0
0.07153745253698385
0.10553287165073529
0.0
0.10670430153389698
0.0
0.0
0.0
0.12352611039194442
0.0
0.0
0.0
0.054267494403700295
0.0
0.0
0.0
0.6606778362701824
0.06316573042339126
0.6493666414857708
0.0
0.2098224011435179
0.0
0.9687621350246856
0.0
0.8604710255152396
0.03110974301374658
0.8140031008349737
0.0
0.9529097935253901
0.1923025798198161
0.5609636204310992
0.6955767200260549
0.1179468839449374
0.0
0.0
0.0
0.0
0.0
0.0
0.8605985232293649
0.0
0.0
0.8457046601028689
0.3756341863975518
0.0
0.2629105232643394
0.0
0.0
0.6327012969472969
0.0
0.0
0.0
0.0
0.8949334903906055
0.28030339138553934
0.023789629095627037
0.44807817513285825
0.0
0.0
0.23264156123508525
0.0
0.8453025293033177
0.0
0.0
0.15601321955414751
0.0
0.8324788033852356
0.0
0.7409261952681385
0.06434201782213508
0.0
0.0
0.7941511428625777
0.7412476443918355
0.0
0.10542867893647143
0.0
0.0
0.0
0.8913156494494845
0.5496555728226105
0.35109021778551674
0.0
0.11840541384073353
0.0
0.10546271824541582
0.0
0.13388923215607337
0.14699240666830216
0.0
0.8255563046207821
0.35888259500448366
0.8098638202500267
0.0
0.7679134495331829
0.7209036410240017
0.4962919658465482
0.0
0.0
0.0
0.5463851791132033
0.0
0.13865062907770945
0.0
0.0
0.0
0.0
0.9511110656284039
0.0
0.0
0.0
0.49976719006690035
0.0
0.0
0.0
0.7595386406757171
0.4297346278241471
0.26108506720900054
0.0
0.0
0.0
0.8580940135392843
0.0
0.0
0.0
0.0
0.0
0.0
0.0
0.0
0.0
0.19176005670961785
0.0
0.0
0.0
0.0
0.0
0.0
0.711263956254529
0.0
0.0
0.1483078015785369
0.49173475739191974
0.6982847605484173
0.0
0.8671766028766624
0.0
0.5054024242415128
0.0
0.4289657316323413
0.7152250254591143
0.8286337745415712
0.2808293383695407
0.3976164976576176
0.5968331877095017
0.0
0.19231275609790785
0.9304820606577827
0.0
0.0
0.75603750353839
0.0
0.929524570223656
0.0
0.09409387192753835
0.6406207049020702
0.8865926017656648
0.0
0.0
0.15301804205216765
0.9417197859289408
0.7042958131287527
0.0
0.0
0.6609330143212935
0.0
0.0
0.0
0.0
0.0
0.0
0.0
0.0
0.0
0.0
0.0
0.17135540415495298
0.3232319201397095
0.5281399981536693
0.0
0.0
0.0
0.40179804224722065
0.0
0.0
0.0
0.9580228188902027
0.3794204194292808
0.9443396598176986
0.0
0.5411317109150933
0.8718043957955264
0.9343360159741795
0.0
0.0
0.6850313932584523
0.7124445901435223
0.0
0.0
0.32862454751790926
0.4195254113823066
0.0
0.0
0.9356467117988446
0.0
0.43827957594459194
0.0
0.9393619172869304
0.0
0.0
0.0
0.0
0.9100430615454217
0.9572600061994111
0.32588200723041344
0.0
0.708138358234067
0.0
0.0
0.3655770219632539
0.7268325805143572
0.0
0.0
0.020225417420373173
0.9507617232468983
0.0
0.0
0.0
0.0
0.0
0.0
0.0
0.9153377770869178
0.46025104345997914
0.5813638542015527
0.0
0.6937613297792841
0.0
0.0
0.0
0.0
0.0
0.9930359211907784
0.0
0.0
0.45052729211219966
0.0
0.0
0.0
0.0
0.0
0.690272232482264
0.26656875674614156
0.0
0.0
0.0
0.055966321045046986
0.0
0.5207455755836071
0.0
0.810921537779874
0.0
0.0
0.0
0.7598710355763048
0.31151059734602227
0.0
0.5581004476166931
0.0
0.301818150079269
0.0
0.7164073008941432
0.0
0.0
0.9255903740182876
0.0
0.6123370983618345
0.3195964502460955
0.0
0.12689807784515733
0.0
0.4654680495609683
0.0
0.04556398254473193
0.7997205461358341
0.06188369767235182
0.7559288493236952
0.3758309293898161
0.4469253684372953
0.16217720492708745
0.0
0.8203561091261354
0.0
0.3717979367842957
0.7800397373349943
0.0
0.4370408664091781
0.326339471304065
0.8127205962007031
0.0
0.26226891030307614
0.3696063688078344
0.0
0.0
0.19116361111755797
0.0
0.0
0.0
0.010327136079153216
0.0
0.0
0.1538425361952498
0.0
0.9344923346464318
0.0
0.0
0.0
0.5163730809624681
0.6773501927077944
0.9168379728902455
0.0
0.15295123094787794
0.0
0.22901528602388585
0.0
0.0
0.1039486294621183
0.0
0.0
0.0
0.0
0.5206537706130635
0.0
0.8437305844523997
0.0
0.0
0.09361238518456814
0.8212169974245432
0.32505241525916195
0.2902236952875612
0.617677906347375
0.4844035908493995
0.9518825865194157
0.0
0.0
0.0
0.0
0.27609170035669806
0.0
0.20753877316833644
0.8299659582770302
0.0
0.1652429705430723
0.0
0.832059893646618
0.5582537549723466
0.1921883542961141
0.7647954352282592
0.0
0.0
0.0
0.0
0.6217970371001995
0.0
0.862274750954792
0.0
0.7811731613477296
0.0
0.0
0.0
0.13104346497688835
0.0
0.9969042047481488
0.0
0.8477596590167211
0.0
0.8355767622062336
0.0
0.19123293656466
0.826480176651975
0.0
0.9783959211411454
0.0
0.0
0.0
0.0
0.0
0.0
0.308345024011247
0.9979199374904906
0.45621586839665235
0.0
0.7981167468202909
0.3853060383021712
0.013096517636934731
0.8214032079978147
0.0
0.45948231094747444
0.2880620768616251
0.0
0.4669983464343139
0.0
0.0
0.9286277434556923
0.493738917673502
0.0
0.5198396206701296
0.0
0.0
0.0
0.9597070604713857
0.38325002423108195
0.0
0.0
0.764867589935113
0.44586945277325385
0.42529158287762564
0.0
0.8112928023137668
0.514296483643243
0.0
0.0
0.0
0.0
0.0
0.0
0.05526008559013044
0.0
0.0
0.0
0.8176211324631578
0.0
0.0
0.0
0.0
0.0
0.0
0.0
0.0
0.17587961613593678
0.8807816723342229
0.0
0.972058810247954
0.0
0.0
0.0
0.0
0.9203106266921948
0.0
0.7432298745202286
0.1372404876074574
0.0
0.0
0.0
0.0
0.10210642934440683
0.5509677449166657
0.0
0.007480225583225357
0.0
0.0
0.0
0.0
0.0
0.07393330025471224
0.08959674241374581
0.17288336861276934
0.0
0.0
0.0
0.0
0.0
0.8087876064603273
0.0
0.0
0.0
0.2605827165971324
0.0
0.0
0.0
0.0
0.0
0.0
0.0
0.0
0.7345434883295642
0.0
0.0
0.0
0.7077270504072544
0.991077834586358
0.0
0.5771243263481527
0.43783065793263015
0.674979592386542
0.0
0.0
0.0
0.0
0.0
0.0
0.0
0.0
0.9148143190270119
0.6530582091563034
0.0
0.0
0.0
0.03398605650503465
0.0
0.3071632484458624
0.0
0.9967404815815405
0.0
0.7578296882768041
0.0
0.0
0.0
0.0
0.18059236940311707
0.18931671592602456
0.4299497502897281
0.19134299985529402
0.0
0.0
0.6216068780973376
0.0
0.266175551567888
0.7872644919981027
0.0
0.0
0.03754637302240205
0.0
0.04264400803995364
0.3695809748627498
0.0
0.0
0.0
0.06039450504229004
0.0
0.0
0.0
0.022156665318040374
0.0
0.9227097407425255
0.8362892319273435
0.0
0.0
0.8854685996884536
0.6253288048677293
0.0
0.0
0.0
0.6859438499184438
0.0
0.14015013531794532
0.0
0.1062384046496993
0.1851564767791598
0.0
0.0
0.3497350600107293
0.13849059771838876
0.24692485766729463
0.0
0.0
0.023855818394435846
0.49599908105731233
0.9166614258091761
0.8791321318192323
0.0
0.0
0.0
0.0
0.0
0.5704468243424231
0.0
0.0
0.4554110160558129
0.491476808152689
0.2913256915522867
0.0
0.4732136825298473
0.5745691983115513
0.0
0.029739119276018907
0.0
0.7915544920301562
0.8761394515444042
0.544421624655896
0.0
0.0
0.0
0.3774937166219215
0.0
0.0
0.0
0.0
0.0
0.0
0.2666439539675138
0.07406709008588047
0.0
0.0
0.0
0.4695203930329756
0.0
0.12354172524318315
0.0
0.9844997529575685
0.0
0.0
0.0
0.647859726637243
0.0
0.0
0.6353008393817832
0.0
0.8870572073174187
0.3529117397489876
0.0
0.0
0.0
0.2766504307159105
0.0
0.0
0.0
0.0
0.0
0.0
0.0
0.6074091617595584
0.0
0.0
0.0
0.0
0.0
0.0
0.17831517664388896
0.0
0.6004429256382423
0.0
0.0
0.8159685187671095
0.76485248077812
0.0
0.0
0.7563360107107084
0.0
0.22536164862962718
0.5450169728426699
0.0
0.38355276039732644
0.9941864328203996
0.8906889068644255
0.0
0.0
0.1924400708850068
0.9662816120358505
0.0
0.3324916360993559
0.4116279317919221
0.564684357149849
0.0
0.0
0.0
0.0
0.0
0.0
0.0
0.0
0.0
0.0
0.4608859456978889
0.46636822166715913
0.7181243533498421
0.7532173759866475
0.6073835892156455
0.7782591434578147
0.0
0.0
0.0
0.08304115874446147
0.0
0.6778812936548534
0.9454357591089021
0.06977621818098036
0.11323683371582398
0.0
0.0
0.0
0.0
0.17136832084784231
0.0
0.9200985640531044
0.7422489058797207
0.0
0.008572744386201758
0.0
0.0
0.4240507091512374
0.0
0.0
0.7236531067765769
0.9240215429228945
0.7116986223342595
0.0
0.0
0.0
0.0
0.7515032211857392
0.0
0.7941834718569576
0.3979858349977437
0.5528259483590069
0.0
0.0
0.0
0.7810711527675059
0.0
0.0
0.5739556504936796
0.8324736919847002
0.0
0.0
0.0
0.0
0.8684275577501008
0.3170983926976864
0.28791107132713667
0.9275297465986271
0.7516960824534309
0.0
0.7919921444904958
0.0
0.0
0.0
0.26447261636963487
0.44664720433083144
0.0
0.3658682380449017
0.39047610231279195
0.10437949457259225
0.9669156262027058
0.0
0.0
0.9290136448163083
0.0
0.0
0.0
0.06804632031400241
0.13029334441511572
0.0
0.0
0.1892626654297774
0.5585325423701221
0.1442262621456845
0.5860956197885243
0.7629952898724078
0.0
0.7664687236024442
0.08087682512895994
0.0
0.6484736063549041
0.0
0.509962339217161
0.0
0.0
0.0
0.0
0.06754357437782475
0.22595718259993008
0.0
0.0
0.0
0.0
0.0
0.55899281414102
0.05040005695177467
0.42279189655563343
0.7229111490316099
0.0
0.033117918017683566
0.0
0.0
0.0
0.0
0.0
0.0
0.0
0.951553353866886
0.9369938929006968
0.0891328832854592
0.3949594920107422
0.0
0.0
0.0
0.0
0.9093020482690347
0.0
0.478038818117067
0.0
0.0
0.0
0.1614712252177799
0.8621796868216749
0.9648239197177356
0.8837907725243754
0.8562499208186526
0.0
0.20482423355652907
0.0
0.0
0.0
0.0
0.15792003630393797
0.0
0.3524002133653118
0.5971024999785383
0.0
0.0
0.5321402951390662
0.0
0.8312134792482844
0.0
0.8969063482077718
0.0
0.8996767294638416
0.9673687703218503
0.3969103178579777
0.7208004558296319
0.0
0.2868568615884781
0.8199946364159976
0.0
0.3709854728051003
0.0
0.0
0.0
0.8214559575552017
0.0
0.0
0.516454893080014
0.0
0.0
0.45255763809462785
0.4437966548810582
0.0
0.0
0.0
0.0
0.0
0.0
0.013826162078461924
0.9282574953109332
0.0
0.0
0.6417101593147847
0.0
0.0
0.6102648961516371
0.0
0.2418074589922834
0.0
0.0
0.853402784232862
0.04695578388733676
0.0
0.0917652738070186
0.03385250101620231
0.9474669046137383
0.0
0.15668244122859698
0.0
0.14071398487877138
0.0
0.9788800570132713
0.7362820636446321
0.0
0.0
0.0
0.0
0.8766353601922853
0.0
0.0
0.0
0.0
0.0
0.0
0.09501102776626785
0.0
0.43393097495302557
0.0
0.19542225296480698
0.0
0.3877984835105618
0.2648092184933787
0.13277629019000906
0.4756437703786141
0.6574134998229259
0.0
0.9317109919054337
0.0
0.5336905599331394
0.0
0.0
0.0
0.30522689965144517
0.04710743198267341
0.46843302461155495
0.0
0.0
0.0
0.0
0.0
0.0
0.0
0.0
0.0
0.0
0.7958615063505019
0.0
0.0
0.5666129366365719
0.0
0.0
0.0
0.0
0.0
0.0
0.2870684712334333
0.0
0.0
0.514205721731057
0.0
0.0
0.0
0.8689019247261774
0.04220886544546877
0.0
0.0
0.0
0.5163120126148131
0.0
0.6143056100506038
0.8656185727516684
0.13275351949014
0.2209948546988579
0.5747440251783144
0.0
0.0
0.0
0.0
0.0
0.0
0.0
0.4740342823074183
0.7467362475928822
0.8121879821108563
0.0
0.012220019191884915
0.0
0.0
0.0429324872903819
0.31008336715915935
0.0
0.0
0.0
0.0
0.0
0.04268252601981055
0.0
0.7687462975670017
0.0
0.3240705305423224
0.0
0.0
0.012430065759119162
0.07952326916732705
0.0
0.3184516485048852
0.2784701197048772
0.06404864166318872
0.18416631924873753
0.0
0.0956185823247369
0.7274613885821728
0.0
0.0
0.5847613948302096
0.7696613181581909
0.0
0.0
0.983170426783365
0.1536667210827114
0.8727847034386957
0.13805803445576403
0.2116319668217474
0.7747283523313032
0.0
0.0
0.6711806411270104
0.2602340282851639
0.7266173629302611
0.15535036434897975
0.0
0.8176329438147684
0.0
0.7973944284535895
0.2615929722435035
0.15063697130829226
0.30133559235478924
0.0
0.1828488350566599
0.6724352754102342
0.3607305165768036
0.0
0.0
0.0
0.5984059404348904
0.29299261296585943
0.0
0.0
0.0
0.9239514818163991
0.0
0.6221633023361808
0.0
0.3215385883043922
0.0
0.03654505941903825
0.0
0.21373743564583775
0.549856646249838
0.7775132591602067
0.6364928790311392
0.14914746245712698
0.21423864158937278
0.3246380270777848
0.8894639020223322
0.48290485907343705
0.30521942052344414
0.0
0.0
0.0
0.0
0.0
0.0
0.4225132609750337
0.3989285537733787
0.0
0.9812276571678332
0.0
0.7219207950001101
0.4679603270968073
0.0
0.883807317437664
0.0
0.0
0.5848262116229367
0.745068508889254
0.7500971708022277
0.6587608867723126
0.0
0.6567894970548784
0.0
0.0
0.0
0.0
0.0
0.0
0.0
0.39981960317219023
0.682915573490589
0.0
0.6878520994486226
0.0
0.0
0.0
0.0999423519625403
0.4148070169111696
0.7010046570397203
0.9692877827148941
0.0
0.0
0.0
0.0
0.0
0.12130254108785933
0.6962095187898371
0.0
0.0
0.44775726253697495
0.0
0.0
0.29183338997948377
0.034115746480341526
0.5757583374289178
0.033726915781107696
0.8408305791678793
0.2934998693515607
0.0
0.009819499396099976
0.0
0.0
0.36902744336648086
0.0
0.8978735503039318
0.0
0.7349811873076422
0.0
0.36279246133158016
0.33294344928048913
0.3389192814870799
0.0
0.8815549279909484
0.4420747168177239
0.8823565679040828
0.9888818379396069
0.3272517118838896
0.40222119998585215
0.0
0.0
0.0
0.0
0.0
0.0
0.0
0.0
0.0
0.4772636107572783
0.0
0.8105106327272347
0.7988043903833957
0.0
0.7735255159362247
0.9173776615198607
0.49032503344478673
0.5074115870633057
0.6317620255821317
0.165107037000038
0.97813676032098
0.8709855411732836
0.0
0.0
0.23886475842663768
0.0
0.05141773249769638
0.5466722407410396
0.7373014297267592
0.3073278037717746
0.0
0.0
0.0
0.0
0.5058221677346342
0.18476499959236373
0.0
0.5920248364170833
0.0
0.0
0.0
0.0
0.0
0.0
0.29610377321867287
0.0
0.1660570397729957
0.6442331443857043
0.0
0.7078225257383441
0.0
0.1856284701414091
0.0
0.6783721185500928
0.12373538874847048
0.0
0.0
0.0
0.18114892619421988
0.0693042559273994
0.4342447172776838
0.6792846633356308
0.5866571494724334
0.5503694043708031
0.0
0.0
0.16792254496603035
0.0
0.0
0.3341390236241096
0.0
0.0
0.0
0.4435931056568078
0.0
0.7060658109933948
0.5103306867000073
0.0
0.45131768854753407
0.0
0.0
0.0
0.0
0.0
0.0
0.6759749835636157
0.859751995904926
0.0
0.0
0.09505638075440327
0.0
0.0
0.8184915719956738
0.4480638388086136
0.06387868644400876
0.42236071806003955
0.6531953259760634
0.41888483774321056
0.6403707825559803
0.5578448277858098
0.0
0.4581118506825991
0.0
0.12022158576711557
0.0
0.0
0.09464705891545785
0.0
0.1686526487045697
0.6453234862900428
0.41835972394183596
0.0
0.8932415683968505
0.0
0.0
0.0
0.9253607542584773
0.11879560652878661
0.0
0.37439200738312806
0.5428616299373955
0.0
0.9010464359108523
0.3334978839792279
0.9474275952899878
0.8720919660104484
0.9366032314598969
0.0
0.8692672261045795
0.0
0.8312838953059248
0.0
0.0
0.6478931046493791
0.5183069414488594
0.5942885528563363
0.0
0.0
0.0
0.0
0.0
0.0
0.6697381307779432
0.0
0.3354185726181755
0.029038210571176146
0.0
0.0
0.0
0.0
0.057927487041239456
0.06234907585793116
0.3281382183684451
0.5218125723919751
0.48357683422671044
0.5452161771711068
0.07797102223553587
0.0
0.03510593327055695
0.29505560660926833
0.1297959541778321
0.6926764761132755
0.0
0.5824942490268508
0.0
0.0
0.0
0.5641845415593278
0.0
0.8802902186765482
0.0
0.0
0.9858588236973547
0.0
0.0
0.0
0.8339579778977249
0.35787488862060723
0.6953379205811322
0.0
0.0
0.0
0.0
0.0
0.530100405341748
0.6641363418049647
0.0
0.0
0.0
0.18817433482302887
0.9360460479313775
0.06851824743659174
0.9027484861912438
0.0
0.9122460833436776
0.3069393517917902
0.5699970938870874
0.053103377437106775
0.0
0.4480327283966076
0.6032343544885214
0.308451041395024
0.9043549788979537
0.0
0.0
0.4811831195772531
0.0
0.0
0.0
0.6115248299351611
0.0
0.17481160090398995
0.5866196847218279
0.0
0.0
0.0
0.32223437706144614
0.0
0.6156720244682553
0.0
0.09441737803340271
0.0
0.009988278749702461
0.3700539110339602
0.0
0.0
0.0
0.7808772509025544
0.7159307575099098
0.0
0.0
0.9556005087720637
0.0
0.0
0.6535072893489429
0.3114007520953203
0.0
0.4619712486161546
0.6497006416796859
0.5001552616367793
0.0
0.8943019482002734
0.0
0.0
0.6115079203958893
0.0
0.0
0.0
0.0
0.0
0.0
0.3811294072276165
0.0
0.0
0.6205498963170101
0.1218601263649438
0.0
0.25929226972839914
0.6246257648075192
0.5777457928542467
0.07731056871421108
0.0
0.0
0.8008848736182181
0.0
0.1626964123641551
0.0
0.03962914113465391
0.6910483672478519
0.5641491235428676
0.018358771094927336
0.06153350538297947
0.0
0.0
0.23742461633373915
0.2597363395086722
0.0
0.03063454187212393
0.9337272359788846
0.0
0.9608282698689098
0.0
8.394419433167113E-4
0.0
0.0
0.0
0.6265930672059437
0.0
0.0
0.998168708249719
0.3567979035631856
0.0
0.0
0.9857716546186623
0.0
0.8483501634555243
0.907457433551976
0.6525459178705886
0.8960497836979913
0.6649470778162663
0.06793198605945225
0.5296179761849357
0.0
0.0
0.0
0.0
0.4200846882033214
0.0
0.6604807032035301
0.4661463253226109
0.0
0.0
0.0
0.0
0.0
0.0
0.0
0.0
0.5081117534710983
0.5257604379087918
0.7359523313472764
0.652250331430411
0.0
0.48444330184698986
0.0
0.0
0.0
0.42097821207611785
0.0
0.8108477837008439
0.0
0.4982874664662583
0.5489544285567127
0.48924344722806784
0.26592119435138317
0.9135062389024475
0.0
0.15465771910842055
0.19248678350300483
0.9901883816289804
0.596205132959387
0.0
0.18437641645821878
0.0
0.0
0.07839261479682912
0.0
0.19272143313734086
0.0
0.0
0.0
0.0
0.0
0.059926267096850186
0.8198622974290912
0.5150700266374696
0.6295681377209927
0.1855553280484665
0.9271320409863306
0.3082907654544679
0.0
0.0
0.5435872641733933
0.0
0.0
0.0
0.8524041281961349
0.7797206805171131
0.6120819302889264
0.0
0.0
0.04772367000361443
0.0
0.0
0.0
0.0
0.0
0.0
0.0
0.0
0.39286077770495126
0.0
0.0
0.0
0.65070826935273
0.620343079598955
0.0
0.9854544519700094
0.5418719870058217
0.0
0.23068947035446175
0.0
0.0
0.54554393393135
0.0
0.5551526750059681
0.0
0.0
0.25526585351911896
0.03168116907982452
0.0
0.47881018088593497
0.0
0.7033923619323271
0.796132569032689
0.0
0.1072147444623033
0.0
0.2908820772241817
0.0
0.3755029217942239
0.0
0.0
0.255305563305443
0.0
0.0
0.0
0.12048846540460686
0.1180503594698879
0.0
0.8408136180512127
0.0
0.57974750315665
0.5847164927078852
0.0
0.0
0.0
0.6157712526909899
0.5562788581126249
0.05733536163656011
0.7719846516590109
0.21432251567804775
0.0
0.5363830538503316
0.18977120710229242
0.09012179199604507
0.3646756281022721
0.0
0.0
0.22779578695886174
0.913755418042995
0.5199468831812346
0.6594822424330526
0.9007911213166514
0.7588314417276816
0.0
0.9099279068526918
0.0
0.0
0.31744414189320586
0.5317654997342575
0.0
0.3067199131398447
0.0
0.13358872771205188
0.0
0.0
0.45582958407958424
0.0
0.0
0.779801664850458
0.0
0.2726986890473753
0.0
0.0
0.0
0.7347486239689864
0.8446575307971206
0.44411403941234445
0.0
0.0
0.0
0.0
0.0
0.0
0.0
0.049035585193135243
0.9292445020521795
0.56060937494676
0.10971467807708275
0.0
0.0
0.0
0.17985718708147935
0.0
0.0
0.1508877676400104
0.0
0.0
0.0
0.524318889800242
0.0
0.0
0.4632949730937274
0.0
0.0
0.0
0.13908257758449294
0.0
0.5114387069646896
0.6110770899612588
0.0
0.0
0.668166627980754
0.5106467181864728
0.0
0.0
0.40427127131350943
0.0
0.4000276401187624
0.7233577643698748
0.0
0.0
0.8352689265547565
0.0
0.637711061476396
0.21395211457236635
0.0
0.28755512276686723
0.0
0.6183334037859329
0.7183158534855463
0.24658983425733869
0.6791848940427816
0.0
0.4928340783289608
0.0
0.8446828449621248
0.28567612418114496
0.7227800121948273
0.0
0.007532802271201562
0.1464277352122785
0.5531960585005046
0.0
0.6209894237904002
0.0
0.0
0.0
0.7721380311167215
0.0
0.0
0.686104538970421
0.0
0.5700199611643264
0.0
0.0
0.0
0.8979081050373976
0.8523300454761564
0.0
0.5257188977311574
0.0
0.0
0.14935540940509906
0.07625025708645351
0.0
0.41545550909498835
0.9967597789469191
0.0
0.4457162873770362
0.0
0.4522998155915615
0.9727860330836213
0.0
0.0
0.0
0.9922489168016246
0.0
0.0
0.0
0.5566855907390745
0.0
0.0
0.0
0.9365548023784596
0.9393790120975218
0.0
0.0
0.0
0.0
0.0
0.0
0.0
0.0
0.0
0.0
0.09764428178625152
0.0
0.8242364535753652
0.0
0.0
0.0
0.8881337661470594
0.0
0.18903000891189903
0.0
0.0
0.0
0.3912720066894659
0.30920838611393986
0.0
0.0
0.24795627293072317
0.2770070302061108
0.0
0.0
0.0
0.0
0.0
0.0
0.0
0.0
0.3725599316306528
0.6433248687691403
0.0
0.0
0.43787658890343334
0.0
0.0
0.0
0.3265976507864644
0.7119251921356
0.21679050190462795
0.0
0.0
0.8816721203401048
0.0
0.23958654647536962
0.0
0.21095408952192768
0.86308408996278
0.0
0.0
0.6216688800202927
0.4931096728654614
0.7755830202450572
0.794521089067575
0.07108382012600495
0.9046090807379366
0.6182976617911228
0.0
0.3337200896659483
0.0
0.8730713157981221
0.06414502478089022
0.6910398503254801
0.0
0.9741481860785868
0.0
0.0
0.0
0.0
0.0
0.0
0.0
0.7544311940633811
0.0
0.0
0.0
0.0
0.6280997193555926
0.34872767106836566
0.0
0.624926864694767
0.0
0.02518741904965603
0.0
0.0
0.36984515357479614
0.0
0.5790645731545844
0.0
0.0
0.07060923546766751
0.0
0.0
0.5906577076773721
0.0
0.0
0.0
0.0
0.4711419118878988
0.11716874964385816
0.1580665695070547
0.0
0.0
0.0
0.01272047813148232
0.10071248977107161
0.7509460162656947
0.0
0.9546502033447971
0.3285191871097173
0.0
0.302376471440423
0.0
0.6222345623547565
0.42613467168884495
0.4125642429234782
0.0
0.0
0.0
0.0
0.7497890431196716
0.0
0.0
0.6955019082034684
0.6935113290071986
0.3617016271690044
0.2334417272528943
0.0
0.0
0.6875967848465007
0.0
0.9718929212800351
0.0
0.6612503992601153
0.74925617471755
0.9165015712945025
0.0
0.0
0.0
0.0
0.33052978050078974
0.8913055853981106
0.0
0.6902052006866943
0.9834667440785915
0.0
0.17164147903675733
0.0
0.0
0.9947541625355304
0.0
0.919883630576507
0.0
0.0
0.0
0.32445449823854344
0.8537071330634408
0.2750535362712227
0.07163090704833656
0.0
0.9014888948371116
0.45084574269871164
0.0
0.0
0.0
0.08007848063873432
0.0
0.23482650521912363
0.0
0.0
0.0
0.0
0.9772721692970429
0.0
0.042172191594667015
0.0
0.0
0.0
0.0
0.5241563462664477
0.0
0.0
0.0
0.8641878753725024
0.31979526045829715
0.7599441180559877
0.0
0.0
0.034975823357760304
0.0
0.0
0.8960279281610952
0.0
0.0
0.16135871741038676
0.0
0.0
0.8227442439481447
0.6173747311733131
0.0
0.3431191052198792
0.0
0.48962790467139355
0.0
0.0
0.6739231146625567
0.7560503059876718
0.0
0.0
0.0
0.0
0.1993454738104929
0.9818305782199767
0.0
0.0
0.0
0.0
0.8245463537937914
0.08805808622752903
0.0
0.0
0.7001938243821549
0.0
0.28048757760221205
0.16822117205984743
0.7282232099293844
0.0
0.0
0.0
0.0
0.0
0.0
0.0
0.5671233697810049
0.8798722343694457
0.5248843101547391
0.31550251032749704
0.0
0.49248617697458613
0.0
0.8386243562113039
0.992214161954872
0.0
0.20587888800414936
0.0
0.3814438280959881
0.19387098653681878
0.0
0.0
0.6901483274064194
0.5706496528193779
0.0
0.0
0.6503675612109601
0.030908119063321457
0.0
0.24582010099163684
0.5653772355239309
0.3233046832298152
0.0
0.0
0.0
0.4530520484355463
0.0
0.21976696402658294
0.7749156935717624
0.0
0.0
0.4707071405818957
0.0
0.0
0.0
0.4522685382343125
0.028712608051960336
0.0
0.4025570844898374
0.0
0.7070277229186411
0.48560422006004617
0.0
0.0
0.02802931789927025
0.8334882802846111
0.0
0.8490999020121682
0.0
0.0
0.32326263898477614
0.0
0.3266277971036955
0.06805927299053509
0.4214485457428909
0.0
0.0
0.41218128744694355
0.9194941823267896
0.0
0.0
0.0
0.0
0.0
0.3676613897567143
0.0
0.0
0.0
0.0
0.0
0.0
0.660185824285232
0.0
0.0
0.04446476645068492
0.0
0.0
0.0
0.0
0.0
0.39247112459073097
0.0451314799438049
0.5158186206620103
0.0
0.0
0.0
0.0
0.0
0.8166535252896355
0.30632209641241587
0.5608144830016032
0.21485125206722808
0.0
0.0
0.32754181212065253
0.0
0.2788975116727067
0.6657015059033105
0.6301461929501959
0.9060138630501229
0.8678768349265221
0.9768470907722165
0.0
0.8260600922603851
0.7717516661823165
0.874468790004749
0.0
0.0
0.4192314773022344
0.0
0.0
0.0
0.0
0.9668487379653091
0.0
0.0
0.0
0.0
0.0
0.7663534737256231
0.0
0.0
0.034003479493801086
0.0
0.0
0.0
0.35882245665392015
0.0
0.0
0.0
0.3727685503141559
0.0
0.0
0.6023378365876728
0.26819864656666637
0.0
0.0
0.9138592725456528
0.32833126610444147
0.6570219938963425
0.0
0.0
0.4353715643782879
0.38731547454334
0.0
0.0
0.0
0.6869739673759844
0.0
0.40663014449580664
0.0
0.0
0.4849469717598071
0.58710526805138
0.2154297636312217
0.9791683477465775
0.0
0.8808836445036495
0.43565865487340544
0.0
0.0
0.05698912930429501
0.0
0.0
0.0
0.22946783428021872
0.0
0.0
0.7237769226475911
0.0
0.0
0.8586660587441635
0.09252832585095555
0.0
0.7138803581895188
0.0
0.6310502521175047
0.6033951197661838
0.35397864374368065
0.6267692864763027
0.4396004524532778
0.6480763201109182
0.0
0.8252754606191413
0.0
0.0
0.0
0.9207804622806723
0.3700292968597995
0.13173948633138305
0.9870376486779889
0.40495658954257086
0.836114891826144
0.0
0.42893614094986054
0.38700362621155276
0.0
0.0
0.711715187588055
0.7174669210836918
0.0
0.8404965586008725
0.0
0.3726269988629491
0.5345661883015331
0.0
0.0
0.03607930395825383
0.0
0.0
0.0
0.0
0.0
0.0
0.0
0.7083850807700486
0.0
0.0
0.2622692083760473
0.05339738937584021
0.7878722039233419
0.0
0.0
0.8173466109647888
0.5815758616587386
0.0
0.5776954399542129
0.758165640833892
0.0
0.0
0.0
0.0
0.0
0.4008217119223581
0.0
0.0
0.23355640106309183
0.0
0.6847361765807831
0.0
0.0
0.9226485381389683
0.2499798134359012
0.0
0.4019674107824754
0.1407537911325216
0.46002491357086056
0.9959576626363444
0.0
0.0
0.0
0.9184689762792588
0.0
0.9230853371389725
0.0
0.6125772988378108
0.0
0.6875739865445725
0.8476176074488175
0.0
0.0
0.9811411769867958
0.5123779885566129
0.2831901983784528
0.0
0.0
0.7306804416535051
0.18092800685372679
0.0
0.36073105876852557
0.0
0.0
0.0
0.0
0.9034174461433814
0.0
0.1457871859374323
0.9263848883268324
0.0
0.0
0.0
0.7333624492486985
0.4438275593193019
0.0
0.30519294713852685
0.0
0.0
0.252096233103151
0.0
0.0
0.0
0.0
0.343350597356723
0.0
0.2387416079265614
0.8807292133840685
0.45657805413340974
0.23619342407501995
0.0
0.0
0.3813998483292466
0.5192362262106572
0.31376335368462127
0.0
0.0
0.0
0.0
0.0
0.0
0.2911391313166819
0.0
0.0
0.0
0.0
0.0233784310818383
0.5883511195962368
0.0
0.3738237713205178
0.0
0.8832309955345498
0.6012257371661908
0.0
0.0
0.590228949105145
0.0
0.0
0.0
0.0
0.0
0.4590882219778036
0.12683502395350346
0.0
0.7227442283240885
0.0
0.0
0.23717648906991415
0.0
0.0
0.817303394254126
0.0
0.0
0.5795232974123385
0.0
0.0
0.5571392685360256
0.1096937163686625
0.0
0.35058992424611773
0.0
0.22883862376392952
0.0
0.0
0.0
0.0
0.0
0.0
0.9909774013009847
0.0
0.35801315736715483
0.13711482379991008
0.16753767601720343
0.8048459264551607
0.8471243976292068
0.0
0.1761661914289653
0.0
0.8952408836408501
0.0
0.7107324238344529
0.0
0.0
0.0
0.0
0.6154944552349216
0.0
0.14192110093008642
0.4379769979517683
0.4499794383002034
0.19538869822770444
0.4255738751907117
0.9908694877956125
0.055999816615385445
0.9804059622065637
0.12233028350881325
0.5648467320917895
0.941070549421653
0.0
0.0
0.0
0.0
0.0
0.0
0.5177407229993987
0.5918391869123183
0.0
0.0
0.41895561149811467
0.17833697683826294
0.0
0.0
0.8413825444260677
0.0
0.0
0.0
0.4545393905395721
0.20906060839483961
0.046830290511668836
0.0
0.43602527686666037
0.23404658313839105
0.2472226890185799
0.0
0.33539831261244757
0.0
0.9084768884494668
0.42891749999181883
0.6856408797982978
0.505054081213251
0.13939125856227175
0.0
0.0
0.7410241031970402
0.4395554760269263
0.3681842831253786
0.2926218970011095
0.0
0.0
0.0
0.3984741717811711
0.0
0.06453834097978457
0.017199807676302276
0.0
0.8825471307708487
0.0
0.6936887567753115
0.0
0.3310335270369735
0.8465293661309341
0.0
0.07469551108176169
0.3294800785490872
0.0
0.0
0.0
0.0
0.0
0.787614028891851
0.860011987443905
0.0
0.0
0.0
0.0
0.0
0.0026900101460484117
0.0
0.5487951880508442
0.0
0.0
0.8067191682176553
0.7119335109061405
0.5545083228417568
0.0
0.8287378228435274
0.0
0.3118877937062038
0.0
0.0
0.0
0.9768711564625568
0.0
0.9550635480683836
0.0
0.24658268621843907
0.0
0.377453605537006
0.0
0.9070982644794349
0.0
0.0
0.0
0.0
0.0
0.0
0.0
0.0
0.1390859260101044
0.33935181792588187
0.7231808170424153
0.8351084665657306
0.16267241905030186
0.0
0.4256162200623841
0.0
0.7999260523230374
0.0
0.8155547129125162
0.49673705239715116
0.503743881490317
0.0
0.0
0.7922781818979289
0.9267966978336015
0.0
0.8449667989244951
0.0
0.0
0.05046733510273166
0.0
0.0
0.0
0.0
0.8836091557431006
0.0
0.38132282534878664
0.0
0.0
0.09871108400882284
0.011472865456910324
0.0
0.9290954096012302
0.0
0.08131554387729317
0.5396487131498718
0.4324609624172796
0.0
0.0
0.0
0.98264683801839
0.0
0.14991865569133267
0.6592176342676016
0.9639604744913773
0.0
0.0
0.53468488103384
0.32047105630930744
0.5386456672606935
0.0
0.006433867770063349
0.0
0.0
0.0
0.0
0.0
0.0
0.5963786606336764
0.2658347839521963
0.46846048500880033
0.8515587117451395
0.0
0.4086025060845057
0.2534813880040913
0.06621688189802197
0.861697372470481
0.0
0.6561877317253936
0.0
0.0
0.0
0.0
0.0
0.2983981266544724
0.0
0.0
0.288260945963242
0.0
0.0
0.0
0.0
0.4172726540995945
0.8650034662022519
0.30564360725056844
0.0
0.0
0.0
0.0
0.3609417326315548
0.5790880616825023
0.0
0.0
0.0
0.10164231422280502
0.0
0.0
0.5095481450369584
0.36617854188804017
0.0
0.11573133719683817
0.7830330070443853
0.4152112123808784
0.45746568931130466
0.0
0.0
0.0
0.0
0.36033350908343
0.1032504061200045
0.4510066874888497
0.78104015563227
0.47847321392528386
0.0
0.0
0.733473864428161
0.0
0.0
0.0
0.0
0.35777171034011457
0.0
0.4703122739534396
0.0
0.0
0.18898082586974776
0.0
0.0
0.0
0.0
0.0
0.0
0.7450876396467061
0.7611079652163774
0.7723164891740198
0.2546341140501983
0.0
0.7906720268435049
0.0
0.0
0.4716701269557852
0.0
0.25195174970222906
0.8626251854173305
0.0
0.4437839870398214
0.0
0.07994319619153142
0.0
0.0
0.0
0.9562356090334346
0.22968363405214792
0.0
0.0
0.7445396509996582
0.6805349885579338
0.07402041460851799
0.0
0.0
0.0
0.17915327339064524
0.3337823102107326
0.5676969082682388
0.0
0.0
0.0300929012515124
0.2997875206739842
0.11585520260232735
0.13698733360387624
0.0
0.0
0.0
0.5447240234248971
0.0
0.0
0.42912111298447214
0.5497608077180347
0.0
0.0
0.0
0.0
0.0
0.0
0.0
0.03096098697614508
0.0
0.0
0.9501717457865028
0.934362898256971
0.0
0.0
0.045974906486313256
0.5714772593336042
0.0
0.8077765238652067
0.7625305276986766
0.0
0.0
0.11176021213464361
0.3193685518506106
0.0
0.308786692533535
0.0
0.0
0.5345456709925399
0.0
0.1609217792682332
0.0
0.0
0.0
0.7810444183471908
0.0
0.0
0.0
0.8225246879494236
0.0
0.0
0.0
0.10622493387952216
0.8498002313294207
0.0
0.0
0.10193802920615093
0.8711468098040573
0.0
0.3762855834029261
0.0
0.3333211748679827
0.8061399026985464
0.7601828797592787
0.0
0.0
0.6798156763449866
0.27787066703174496
0.0
0.0
0.27327543642629604
0.5415300978234895
0.24308638301817806
0.36182903746186057
0.0
0.7338124395019715
0.29149576317640935
0.8479971947227305
0.18153732169269482
0.0852148595112977
0.911540665150834
0.9699661521799359
0.17215045563537143
0.0
0.626394227136641
0.038474902084015654
0.0
0.9750556383232697
0.0
0.27486711657369306
0.0
0.23468518672314886
0.0
0.0
0.8583926577600461
0.9294412460055238
0.0
0.8490550660515136
0.09942510447191676
0.23358737774099622
0.0
0.6089644610431287
0.0
0.0
0.9172596976493356
0.1898239109408206
0.23116340287206122
0.17739627702278696
0.0
0.0
0.7042183298273027
0.7373899527078871
0.6104112475350224
0.0
0.733931153423437
0.2523488801858562
0.45787750064867544
0.39388086957232615
0.0
0.0
0.0
0.0
0.0
0.26031922450977235
0.5717134414823216
0.0
0.1471917124796013
0.0
0.0
0.7063786591040241
0.0
0.0
0.0
0.0
0.493387960530804
0.35351974095225147
0.0
0.0
0.0
0.3465767097426012
0.0
0.6942512229494129
0.0
0.0
0.0
0.0
0.29676278204992584
0.0
0.0
0.07530795818737568
0.0
0.49926534709034004
0.0
0.8059868023205801
0.24637101128808223
0.0
0.40581274747511054
0.0
0.29655096172041806
0.0
0.3858964238526189
0.0
0.30359015610434253
0.10756068318590178
0.21669865277670058
0.0
0.41562781886750383
0.0
0.7859956652943341
0.15043335200802047
0.0
0.0
0.0
0.0
0.054099699019697266
0.0
0.0
0.0
0.8538463349368659
0.737788974560904
0.0
0.0
0.0
0.0
0.0
0.0
0.8831611799711662
0.0
0.0
0.0
0.0
0.3137316244735388
0.884857568766563
0.0
0.0
0.798354436612174
0.0
0.6421393212336945
0.9907029873314412
0.8842690833954207
0.6566677936232596
0.0
0.2955202153060963
0.0
0.0
0.0
0.0
0.08073459680731189
0.0
0.0
0.7557621518601443
0.0
0.0
0.31303068229857745
0.0
0.29222899936728647
0.40095303356527273
0.0
0.9672686675607916
0.0
0.0
0.0
0.0
0.0
0.0
0.44592769879774835
0.0
0.0
0.8405102689805889
0.8626354056325335
0.9235801518957885
0.0
0.10502551571624398
0.0
0.0
0.8355433267599887
0.0
0.0
0.0913027613898619
0.0
0.7680833478992833
0.0
0.0
0.0
0.4595962758863534
0.0
0.0012496653797783824
0.0
0.0
0.31043545569699443
0.0
0.03657361499044413
0.0
0.23615610444564625
0.0
0.0
0.7409811191084008
0.0
0.4860374001272048
0.2924674198348715
0.6360913445363015
0.14112989752902985
0.22415386169984702
0.5691082195412723
0.0
0.0
0.4325663927502092
0.9376352578221351
0.9694244723274759
0.0
0.0
0.7756848503049891
0.6764728081719589
0.1331252954412636
0.9092162449483416
0.0
0.599376120877302
0.0
0.5941600901456154
0.018102176771679312
0.0
0.0
0.0
0.0
0.0
0.0
0.0
0.0
0.0
0.0
0.7667548039789827
0.0
0.7486211194044993
0.0
0.7755297722325724
0.0
0.0
0.6196588363726484
0.0
0.7875726914254828
0.013455476898547635
0.45789608941146287
0.0
0.0
0.7002270432763336
0.0
0.6897488467939161
0.0
0.0
0.0
0.8483221321460842
0.10330767911194133
0.0647828246951615
0.12461882695424324
0.0
0.0
0.8505518398522526
0.0
0.696195574386226
0.0
0.0
0.0
0.3338842641170342
0.430630557125715
0.871057306938012
0.4693935140997154
0.0
0.5665383019203611
0.655832256446518
0.0
0.39231605746565257
0.0
0.0
0.0
0.3999084310709689
0.17596795985369204
0.8897511722376298
0.0
0.0
0.11695523158431011
0.9356072061564721
0.6679797923503901
0.0
0.0
0.0
0.0
0.0
0.0
0.18225921863860878
0.048472074554840656
0.6337638904750643
0.0
0.0
0.24491900022864904
0.4339052160086099
0.0
0.5719107404055752
0.0
0.7477471011943294
0.0
0.0
0.4557209077267242
0.7161694787338257
0.3566883581698744
0.0
0.2643304162173042
0.0
0.0
0.0
0.0
0.0
0.0
0.0
0.0
0.0
0.0
0.0
0.0
0.0
0.9166255743625145
0.0
0.9385431371575624
0.16069560579630282
0.0
0.9709000267668527
0.0
0.3197260444554029
0.6164371118834067
0.0
0.012787888025850947
0.0
0.8951112277134645
0.0
0.5062772965684406
0.0
0.0
0.0
0.16966213283686551
0.400465748378155
0.4037561864511109
0.4186588382714768
0.0
0.0
0.0
0.5058608288564701
0.651729315838447
0.0
0.7729401399670374
0.4233346448462747
0.0
0.675125242904241
0.42125795445667946
0.0
0.0
0.0
0.0
0.0
0.9943703617570091
0.7305527995630432
0.0
0.5780987874313772
0.2482973116821387
0.0
0.8339401815751376
0.0
0.8183485792051057
0.0
0.0
0.9085921783572146
0.0
0.0
0.0
0.0
0.0
0.0
0.0
0.0
0.0
0.0
0.5988269264920734
0.3388477408421456
0.822222434569269
0.0
0.8607874526437901
0.0
0.0
0.0
0.0
0.0
0.0
0.3946467176910003
0.0
0.6282282398506739
0.0
0.0
0.9107013188515813
0.0
0.0
0.0
0.6953980738978965
0.0
0.0
0.0
0.0
0.7494889844803345
0.832865071901629
0.40125385627115573
0.4264444353377126
0.0
0.8569690289941165
0.0
0.7645781129926879
0.0
0.0
0.0
0.0
0.6092013921358023
0.0
0.7833049987083431
0.9316610713000812
0.0
0.0
0.04524537683796736
0.0
0.22060288966031993
0.0
0.2786729213306931
0.0
0.0
0.0
0.0
0.03498631010107051
0.0
0.0
0.13331164228450929
0.9270727264447346
0.0
0.0
0.27670433435891206
0.0
0.0
0.13416699558934578
0.36717293800530526
0.0
0.3654400501294015
0.3986665800582557
0.0
0.5572802591006428
0.0
0.0
0.0
0.0
0.0
0.0
0.0
0.0
0.0
0.0
0.0
0.07382730913690995
0.0
0.0
0.0
0.4537723051563724
0.7616197771607507
0.10422367678649261
0.0
0.5513680712343716
0.961972072649622
0.4172054629281003
0.0
0.0
0.0
0.0
0.0
0.0
0.26352457364822923
0.0
0.0
0.0
0.42446700422163924
0.008947196081721951
0.5370386151918827
0.9530512332400379
0.0
0.0
0.48908841513536555
0.0
0.0
0.0
0.0
0.21707215440886257
0.0
0.0
0.0
0.0
0.6230536288622266
0.33772771295083753
0.0
0.0
0.0
0.0
0.0
0.0
0.7719785723957571
0.0
0.21492238194584842
0.022288907095174858
0.8454537638373613
0.17639639125227685
0.0
0.0
0.27851349137257847
0.0
0.0
0.0
0.41842409331978964
0.0
0.0
0.3990787260769012
0.0
0.4892200939705063
0.0
0.0
0.07693728538978703
0.3712187895546801
0.7291950281270041
0.5490122921870294
0.0
0.0
0.0
0.0
0.0
0.5457502710301998
0.9424179299066214
0.0
0.654773574782855
0.0
0.0
0.0
0.004551296299655734
0.0
0.3699655390382426
0.0541515889773544
0.0
0.15667776775371556
0.9994656106416069
0.0
0.0
0.3016086274198824
0.9093765507140247
0.0
0.0
0.6390751099856204
0.0
0.0
0.0
0.0
0.864998058568918
0.49361243614734407
0.46737140935654525
0.33622401378485356
0.0
0.0
0.5573984209238072
0.48968965523507124
0.0
0.0
0.0
0.614358002438636
0.0
0.0
0.0
0.0
0.0
0.6332155314952256
0.0
0.0
0.6474275305868494
0.2171663586824971
0.0
0.0
0.6341287409995694
0.7702560915586517
0.0
0.0
0.0
0.0
0.0
0.0
0.3684661056372856
0.5625895308645428
0.0
0.0
0.0
0.0
0.0
0.558122949309169
0.0
0.608287383813235
0.06405336745825893
0.0
0.2068376850189403
0.0
0.0
0.7564775762649937
0.0
0.019697980923863836
0.0
0.0
0.0
0.548103419834435
0.9782732636343789
0.0
0.5540427856168522
0.6955362608919272
0.0
0.8862594316351655
0.0
0.36004825674296637
0.6965836855866586
0.0
0.8691095337088558
0.04528733081289416
0.0
0.8415347989377103
0.990670118576727
0.0
0.0
0.04583723383389672
0.0
0.9560889489504609
0.0
0.0
0.0
0.04733944789476946
0.7478138560200283
0.0
0.3856226407627679
0.24721348317260905
0.9703644859626206
0.7401685597996027
0.41166343084568957
0.0
0.3755334306308378
0.0
0.693296084128795
0.5073126702506323
0.0
0.6585730008942745
0.632889446922747
0.139451265774765
0.0
0.9627321818111694
0.0
0.4338312978241136
0.0
0.7971882629694473
0.014208165458968395
0.6497666884799547
0.0
0.5937100183490184
0.0
0.8652794408062572
0.6265692552299782
0.9250904380334886
0.0
0.0
0.0
0.0
0.0
0.0
0.7592398739366663
0.0
0.0
0.8034847530665068
0.0
0.11847954963776396
0.0
0.4038101351971088
0.0
0.29469455773808906
0.0
0.0
0.10898067698038084
0.8666909595899128
0.0
0.3529063737853441
0.0
0.0
0.0
0.0
0.18820878879139463
0.0
0.40849679168582653
0.0
0.0
0.0
0.1823760496051478
0.7791581357923756
0.0
0.0
0.69897288848006
0.07571212626993402
0.0
0.0
0.32150425568003566
0.1326545035196531
0.0
0.0
0.0
0.0
0.8643266269714935
0.0
0.9759672386457884
0.0
0.0
0.0
0.8748976206010195
0.0
0.0
0.5284287300210311
0.5830948523616618
0.7263018586299917
0.0
0.0
0.0
0.0
0.0
0.0
0.2840596839843516
0.9239660577283192
0.0
0.0
0.2769165546622206
0.8458861612387513
0.0
0.0
0.04527513865049981
0.0
0.0
0.0
0.0
0.40791006586645734
0.0
0.2351082009151662
0.0
0.0
0.7723796078445552
0.0
0.0
0.22409694665948973
0.45379324752671374
0.0
0.0
0.5606497238685251
0.8844253856110954
0.42077392516554335
0.06513047051319577
0.0
0.5468995077131543
0.4414260989052597
0.7606063753116742
0.0
0.0
0.7091727402314213
0.22655432739643763
0.12450831162596317
0.5951808147026341
0.0
0.0
0.6232522795650695
0.0
0.0
0.0
0.7771382242257667
0.0
0.0
0.0
0.0
0.8861400805670608
0.0
0.0
0.0
0.0
0.0
0.8258383787961795
0.0
0.0
0.32932083388509287
0.8184152970765477
0.3329439770964967
0.4369674124126733
0.0
0.9187591527483104
0.0
0.0
0.1715085908962766
0.0
0.0
0.0
0.0
0.19643050364276532
0.651404968339384
0.0
0.0
0.0
0.0
0.0
0.0
0.9653340147228184
0.0
0.8587919936908698
0.0
0.9197915799475249
0.47029305882036887
0.0
0.0
0.0
0.9526130512776825
0.0
0.4719507959810942
0.0
0.10077606701789701
0.0
0.0796340487500885
0.0
0.2270725243365231
0.21484980964789213
0.7112877671827719
0.8344830383047966
0.8307679053015711
0.0
0.18435980271933003
0.0
0.0
0.0
0.0
0.0
0.0
0.6386626368476119
0.0
0.43929127509274823
0.0
0.0
0.0
0.0
0.21011837093531333
0.6013376585029528
0.0
0.8813919856982882
0.0
0.7120259433118181
0.6475774150050112
0.0
0.0
0.227616113231858
0.0
0.0
0.0
0.0
0.0
0.0
0.0
0.0
0.060143474970002206
0.0
0.0
0.027646148833312536
0.48192693704049844
0.0
0.0
0.0
0.0
0.38206869613041883
0.1913134280146487
0.0
0.45585944440541587
0.5759340627016606
0.0
0.9501318054442905
0.0
0.0
0.0
0.0
0.0
0.756115958482313
0.9162464413644986
0.0
0.0
0.0
0.8186139094209937
0.24181310719127416
0.0
0.0
0.09209111392614801
0.0
0.9984316345648488
0.0
0.0346875190420845
0.519988068007686
0.0
0.22017178290547051
0.5413737944960384
0.0
0.0
0.30371637884162933
0.47466051192269487
0.0
0.0
0.0
0.49200592512373875
0.4324868507287325
0.0
0.0
0.4953259880966389
0.0
0.17487683830285708
0.0
0.27604260377176343
0.23738230393155857
0.41738697118979395
0.0
0.0
0.44884143348494165
0.5013014492727879
0.11384595816213319
0.4380172806613617
0.09174588688432653
0.0
0.28041286862884535
0.0
0.1192664398175389
0.060842767960633815
0.94573157064026
0.0
0.0
0.1655307317225617
0.0
0.9046202974368993
0.0
0.5745824508117088
0.08906642543188192
0.0
0.0
0.9838039109848207
0.0
0.0
0.0
0.1624941883109917
0.0
0.9115738771430465
0.0
0.6092211799715523
0.0
0.025472210086123163
0.0
0.1781183962467786
0.7520306766448989
0.0
0.2531996224354464
0.708850108405768
0.0
0.0
0.0
0.0
0.0
0.5020050780419971
0.49545777565858407
0.6473034185014659
0.11526241669164562
0.9913083092411459
0.0
0.8856404570425472
0.38224383358485287
0.0
0.7395711047269616
0.2681252259348109
0.9547378658335711
0.6093864079068705
0.0
0.0
0.0
0.5243483303618
0.0
0.3154554550226854
0.15442553775464732
0.0
0.5029423664672145
0.0
0.0
0.0
0.7486483015342291
0.43979406530489296
0.5063322594968581
0.8113215476910036
0.8622187218937237
0.7982555054673665
0.0
0.5248676017469514
0.0
0.0
0.0
0.6691035457149559
0.0
0.5033551011777099
0.9305306680616333
0.33705416890607043
0.0
0.0
0.0
0.7945552177865575
0.7023859596433957
0.0
0.8762531477399351
0.7576322422938371
0.0
0.0
0.0
0.0
0.0
0.0
0.12284274371766732
0.9404143894828154
0.0
0.0
0.11122799321581953
0.0
0.2955258438281879
0.0
0.22119553803857453
0.0
0.0
0.37578562516069447
0.0
0.6003844781771465
0.9087008398278213
0.0
0.0
0.17172498981328793
0.0
0.5562932725492685
0.0
0.4330038887673315
0.6016805985632222
0.0
0.0
0.0
0.0
0.0
0.0
0.0
0.15156090282966325
0.0
0.26596879386895295
0.0
0.0
0.77227471598962
0.0
0.0
0.0
0.16224697193598886
0.0
0.7057869048869658
0.13941241998031553
0.9948206862428257
0.4003832236635701
0.0
0.49969060159453377
0.458260697567045
0.0
0.7870503744172466
0.0902732716817401
0.0
0.5912203870705565
0.0
0.0
0.8168624839572177
0.6219799793705658
0.0
0.7644343372787893
0.0
0.25265510448136475
0.9486079119290253
0.16379584943407544
0.1714243310228531
0.8212518938834684
0.06595269847127985
0.0
0.4802541532129931
0.40856856766457317
0.0
0.0
0.0
0.2235269843045821
0.0
0.0
0.2573725949853115
0.0
0.19753175101072365
0.0
0.6446650532744774
0.0
0.8812797087186709
0.04147610576453802
0.3934619614238874
0.49936302550183526
0.25056763323662856
0.7943349271020712
0.0
0.5666172686411545
0.3931205229395529
0.0
0.0
0.0
0.5657063933005213
0.24565891388612512
0.0
0.0
0.0
0.975340830305842
0.0
0.6401471793787599
0.5639172837818206
0.8485879861888743
0.0
0.5024025353716942
0.0
0.9361281047439348
0.0
0.11142376303541048
0.0
0.0
0.15950061813412092
0.055444427554973995
0.0
0.0
0.0
0.0
0.11220587509957432
0.4728306703980315
0.12169635046207977
