1.61348225721791
1.15580928844211
0.95415368042353
1.03849255188534
1.61182370630666
1.58207205901262
1.35688878841128
4.82744901711524
2.90587178464685
1.52620410253104
3.99505713524832
1.78095793524197
1.47273856401817
1.20280551619083
1.03829990707357
3.39254412071125
0.919192086875737
2.26195865049058
2.41915250698374
3.5261626649155
1.44002860395547
1.25347200718917
1.82630999014557
1.14182422682149
1.4931858307048
3.83657056731101
1.04344649531214
1.00017761896034
1.02288104662134
1.20832796319367
1.60558229994637
5.3935892734655
1.45726197565758
1.356255882047
1.14415213302708
1.16608819480894
1.12313552084378
1.10129990414252
1.66900395751796
0.972693459943389
1.14172971326059
0.878585335868017
1.18295275054088
0.89756309377441
0.952879378504667
0.852210148517676
1.1066578948782
1.35977268508632
1.32577840227598
0.903117071928553
1.03829514519764
1.1262522523396
1.43563955405727
1.19036895035342
0.925684692944904
1.64556557056893
1.09829831953049
0.975754808677017
1.21964556528035
2.18487810506603
1.40059675578831
0.88289973554847
1.23291284459207
4.76935696702584
0.905293670474667
0.94255615844369
0.900111291688514
1.18046294726615
0.862652997310675
1.16069757866074
0.907753052721473
1.04913065385342
0.926276037718457
1.00063587117425
1.21197321156444
2.07345296321976
0.927618997512736
5.30513829745069
1.29415652484272
1.19268152045645
0.890774336207585
3.19845756474337
1.28302994990132
1.16871969676713
0.819043337379378
1.1319054269944
1.07862060545798
1.25410559532531
1.7784912520198
1.14278729888629
1.04309835112984
1.05240672486073
1.04653696680487
1.10759380708679
1.38849095826808
0.940584665065024
0.96111876069845
1.14779416679653
0.925700030751513
1.19412306405792
1.18253919215887
2.18359749857014
1.26873992602998
1.45166783655094
1.74205304465049
0.890457012253953
1.38971848716218
1.5917174709516
2.14055169774109
1.03244731372499
1.47397115846101
0.959195167293545
1.01952241919465
2.17842223813538
1.07223338556899
1.02140707864974
1.6001521223978
2.5021831993542
6.09016245376613
1.44417552895393
1.02398520115438
2.60413371070054
1.37221964146843
0.96636315274278
1.40761246535447
1.06768681835291
1.10983427658863
1.5343382137707
0.858516969763574
0.897509765976224
1.65982540753474
5.20723642316061
1.07750287382829
0.908822992373341
1.09558116742631
1.17550490796084
0.835154931882518
1.20601139327155
1.30015398702786
1.03277008129293
1.19347637825651
3.62962844489928
1.22186248654859
1.20854410914398
1.06637111267417
1.17921093121201
1.12915007784269
2.5782744031712
0.901978981524349
1.81817741973755
1.39537931645721
1.03442096862809
1.11128689049008
1.71929712570966
0.891920119848403
1.16009664330424
0.9761814073391
1.01192057678436
0.896092290887709
1.0190636070724
1.14356782977811
1.10280856377691
3.01046666940926
1.53760798004786
0.98927365106143
2.82029518279718
1.0002622024181
1.8077030588561
1.17339655330055
0.819675982216691
1.22927129471698
1.11672972696563
1.25481395791671
1.08195657131098
0.861134194665109
0.871008863399794
1.21613403856754
0.954214016302848
1.08831602226993
1.51420894932043
1.05989653384645
1.01411339521415
1.0035153559826
0.937107237417686
1.01820240863192
1.28556323253731
1.58109044219047
1.4419431528624
1.36371572006659
2.29085708886101
1.16199082697612
1.10793664330338
1.63081254533811
0.95986512061128
1.20004207847227
0.87646425249735
1.19551058863296
1.42600537933036
1.67097287662181
1.47063490399655
1.45244039582552
1.07429537205643
1.20420651245064
1.00592274120073
1.22003362904026
1.15729305330931
1.5406066655056
0.982294899250101
0.950105924060248
0.837092414380198
1.68702497818055
1.18994457245486
1.57161172030717
0.868279065453777
0.905342829605069
1.14401100741923
1.08712377014709
1.18266591771798
0.860439831024616
0.995155128473178
1.18878233426177
1.12735607678599
1.31323504730816
1.18440930311747
1.10157408198463
1.04046454296186
1.52324152589885
1.8175509520979
1.21679193575328
0.819976709670962
1.72363660391357
0.909411258892279
3.52300038914078
0.890915597482024
1.44479922289689
1.00974514857793
9.90093795896809
2.56053253182165
1.4812309717373
1.06511153840355
0.866651944214781
0.926937440969867
1.25459613826282
0.858336267329377
1.20603685505456
1.39633323453824
0.984649294845934
1.43977650357005
1.12855134870027
0.992554628204221
1.41689966563202
1.03197461576589
1.12111355240853
1.37787463063094
1.00333886543638
1.22615835064351
1.09109886732601
1.33708232807711
1.26225404695063
1.43112361043953
1.1026005880627
1.38176103135518
1.92449723250362
2.82933189785592
1.13046725339461
1.4637366851608
1.13644960984459
2.59229951997004
0.847899270202094
1.44813944950619
1.03483698731745
1.17139997941313
4.39245340611308
0.927598515666099
1.20811442663321
1.05182046914896
1.0297953638639
1.44863356109316
1.09183393805137
1.01969682135812
2.76358739914061
4.23798338877098
0.949020920140401
3.41773384863117
0.998329006646554
1.01915649630782
1.66582524144373
0.901730843383458
1.45129642923589
1.06256992760354
1.66171693925825
1.05994430229735
1.20047838688497
1.17685779622847
1.00588283486864
1.25866671729312
1.3092013729673
1.1534363603113
7.13375761735505
0.947216143973489
1.09004683576627
0.906853283726698
1.13785559439666
1.16775812742953
0.887063380789707
1.14674899113462
1.2178558656776
1.0617998908287
1.33039327678412
1.14177614733188
1.17135807490463
1.12429285416374
0.902354831322815
1.21044494167606
1.08271362599622
1.4287837617729
1.21879489055149
1.19358448464473
1.08065078899303
0.903005962305206
2.3786273518951
0.854226251900873
1.25317455125778
0.818445072036658
1.68271909263371
0.915378834123781
1.40389572076724
1.12682556216961
3.30068631956782
1.9733299889837
1.08115510588249
0.883309148295779
1.86502616429744
1.20828958291972
1.29752434502322
1.56465640973133
1.40234949561016
1.23857380509835
1.49755708057698
0.950789331810598
1.15741360181825
1.42344903433285
0.912112505135115
1.2469737364164
1.12129234531492
1.26807257564625
2.25713854919904
1.35801601701985
1.10251092230079
1.35591289717533
0.966945368670685
1.09678774332059
1.02675047575652
0.83448812986967
1.36483518412534
1.15894027544449
1.13720543355677
1.93863800578666
1.2187003160553
6.16308648692519
3.99205807010709
1.58588735464259
2.01696639522941
1.57951282777548
0.980301676860392
1.57301199548111
0.844774864818506
1.14581280837917
2.63552397452357
1.05725176242767
1.19486580799784
1.19070079989981
3.10790308549476
1.0633594880051
1.13409584392351
1.0816617645457
1.09996372329518
1.55885747924196
1.06536687438237
1.23223561620318
1.06857300168522
0.939643163604741
1.23268795594591
1.90649321806611
1.1245989078508
0.883138172432899
1.19376689168336
1.19485496421271
0.968032104334258
1.13983532454775
1.08588407777355
0.861340391900421
1.02134268384851
1.67720311403617
1.29774134677025
1.10797688718849
1.22446523702545
1.23965914113208
0.9201075370186
0.882946238467626
0.918637320744542
1.17211431185463
0.924102634099398
1.03726846200026
1.41083322480338
1.80838740699941
1.40040209010189
1.47747377414686
1.54242285270448
1.16252762727947
0.995491652023925
2.87109835950961
1.38131105670908
1.40268013633229
1.01272824109829
0.996514197199678
0.886313310725021
1.14010371507155
1.17337337111275
1.0228778992408
1.63755361922761
1.38873258624194
1.15295593131706
1.28771866526201
0.84332218905018
1.06099524755325
1.13903266612484
1.408656484597
1.15171213700176
1.05179410719732
1.12531208100561
1.35161603200001
1.20977487499106
1.28704872568541
1.27262720836147
0.94987366443411
1.30390612876774
0.867077663581795
1.00585095663961
0.920480105241569
1.10242213982325
1.60966457279282
2.04142799620793
2.04340960253314
1.02670499317269
1.03352153425006
0.920794500519886
1.57811368610277
1.20832613688788
0.922125847151986
1.44108088787844
1.69294807408852
1.38225726564143
1.21590167433419
1.38524526870265
0.964001520399513
1.48452689755387
1.32178437843157
1.00677483623494
1.19658002569196
0.888167141349037
2.31810499809298
1.63366365492824
2.08097716432887
2.22520354338326
0.927401943791377
0.898450157658783
0.976740031274169
2.4202774577044
1.65524381180726
1.56626724059546
0.906455388086267
1.99939454146004
1.29371425549354
1.55443373167502
1.55770278279292
1.27656202333524
2.84042160542881
5.69799074630475
2.18013481849435
1.2283043712091
0.947993544539912
1.3519988987015
1.47640974148625
1.52475019369241
1.16059587413711
5.83826597837182
2.42381396584902
1.01202969325182
1.31712293315907
0.870231574383631
0.841811006421001
0.897494978476677
0.88944250795374
0.874760522861634
0.841883833543076
1.11795280402092
1.27835099101871
1.00203908442969
0.921004214642959
1.2414617049225
1.00854963447636
1.05651893428747
1.36068127974657
0.903147761037301
1.63060642267437
1.38961009760339
1.0677224231381
1.3268830112767
1.78565174477615
0.891249259930647
1.5561973310664
1.18061808393472
0.897487710198641
1.00102990950204
0.877729371024978
0.914172966330706
0.894753428697858
1.6318084385568
1.05226821735028
1.19673080514735
2.26516782933232
1.03748656346519
1.05925377325868
0.888413671199109
1.40099422969066
1.12838350969156
1.42119858720008
1.09047095990911
1.52538756720197
1.14226074589449
1.10167705745735
1.2601701247723
1.40058128260944
0.970210632842073
1.09762951860822
1.31541694313293
0.975395336804797
1.04814680414726
1.0799747522906
0.91934908306624
1.47282573006723
1.17996461286814
1.3864829757705
1.288971830564
1.48185355323946
0.91947023248921
1.40069258559212
1.68810104900783
1.59372674646264
1.66057047196973
0.985546599772586
1.504394273055
1.65012006078711
1.30243630767401
1.18934973859071
0.95772234665877
1.08139138119547
1.35671030574593
1.2455094848816
1.67749369995518
1.09908211343853
1.25070603954698
1.12884600543196
1.31046982385217
1.26271172977622
1.71617577249987
1.51747622512114
0.922183891724603
0.990367273551219
0.846551807987886
1.46733307354072
1.03133046984394
0.844888874014194
1.15186602560698
0.908627306460351
1.14141422436436
1.17577438608738
1.1270747161518
0.838879364947787
1.02284821468315
1.15707141308202
1.21233444870297
1.17475266274805
1.17340137698693
1.68845223580921
3.14449948980499
1.22786735536257
1.89242122094006
1.56046369205443
0.970339757672906
0.876976999256538
0.985816987962509
1.00816205985179
1.22570175485378
0.888488806674356
1.44970538819342
0.919980283699403
1.25917207405734
1.00363628913052
0.960819798076212
1.04370001338235
3.93141835832566
1.58637562013302
1.11480560254604
0.871368849111924
1.33631186351452
1.02942723562984
1.26186939645699
1.00374612021037
1.37110411776703
1.02425514184015
1.14569994961595
1.45849423015587
0.91440245417682
0.990659749059739
1.5480753506228
0.952279322943653
1.02670188833751
0.995385498880562
0.982694239358034
1.13735589909066
1.73740571560562
2.11505805919116
2.69895678787391
1.15876955783833
1.86657157029721
2.3547765088479
1.0907299003168
2.65724565623173
1.02359880669959
0.89705187964022
1.36153846439408
0.932528265069981
0.879431138729978
0.956683611784576
1.18534090539972
5.60542131718465
1.34291278739124
2.44265377307166
1.2667766857521
1.10503398706093
2.76820168287383
2.51591453075977
1.237384819305
1.44796212961408
1.20897476289915
1.00790592178982
1.40681713320111
1.12736995118054
0.850249990194848
1.22924914766162
0.846407241580635
1.12340753548046
1.11046692154139
0.977673446809039
1.8079167055966
1.08677219512335
0.908637407805299
1.14182696925801
1.25692068112956
1.08256492165803
1.16845713051626
0.879997615842458
1.08375321179204
1.1145252245289
0.895819949741953
1.28973032316127
1.15139278768653
1.30165062902261
1.11408789971033
1.10477520453452
1.19193585618258
0.920134449661013
1.2317076583385
0.911605068702949
1.43509367004308
0.850498291241587
0.896553442777404
1.09020252729195
0.870012052359545
1.04894725001083
1.52159126271767
1.00995661076577
0.858251273698593
3.0820353721079
1.46203428616698
0.849184458532412
1.11408145254099
1.2419853363319
0.98336948355414
1.38071124337626
1.31829185492334
1.07146578066061
1.52281284686693
1.12002845222871
1.15102852542603
1.28265630843973
1.04078673302897
0.965980727264589
8.14643633246771
1.05319797527593
1.01077226011022
1.34992962754963
1.29538114448243
1.46045508311181
1.95630103571452
0.944903920064501
0.939508085940732
1.0758330984628
2.35984056939119
1.50913412439586
0.987773790885203
0.936070184192696
1.99992983656445
1.41228544283688
0.964318671135051
1.2400840072956
1.61554490701077
0.936813791986363
1.14758678778859
1.10810731242156
1.76149976205728
2.01123978898669
5.95989842807507
2.1864133534511
1.46649668334489
2.59348509131408
1.00104282130602
1.02180364228554
1.45121843081936
1.24769888806223
1.50394189505037
1.26139527782121
0.990745293352882
0.861129948688963
0.874981753846767
1.19865393855998
0.943317252200641
0.93551814143725
0.847555283490159
1.55535221889614
0.9080873669724
1.10824182470773
1.07323135716723
0.920873624344864
1.54103618795695
0.974828740962922
1.15166120467357
1.06008659431798
1.27852976081752
0.83887078055308
1.32842126378947
1.03962422588807
1.88233109096581
1.31709977658991
1.06454518955348
1.55871570064925
1.0085448484827
0.958432983792582
1.14256273000569
0.977195173638852
0.939863953145763
0.8926162712571
1.09379920131643
1.26654866643361
2.87813046817721
1.51767271860428
1.17375829517931
1.13533079384694
0.88934142890134
2.22913687322118
1.14194965979165
0.88311164058757
1.1436691576091
0.999319475799958
2.15212344487649
1.08101814857643
1.05946873990862
1.54483845027498
0.946277903146447
1.24439850322214
1.32125433414076
1.04600895788455
1.18818571572165
1.05045760284703
1.37574968490683
2.36828593961403
1.66338146019638
1.48251308648352
0.836645998032516
1.00372940072602
1.1048504032348
2.02876446560748
1.45468748218118
1.90162901938365
1.16629343265316
1.16346727101765
1.08053761006664
1.36931945985347
1.22413223395183
1.16182295745287
1.05387259906571
1.09649466304394
0.908857913701022
1.14078868344294
0.822537086281997
0.946560883074485
0.934273871514864
1.19659726694547
1.37390867374897
1.11585902439912
1.22782406163699
1.44866442839991
1.18566961618284
1.03298178832957
1.21690994255659
1.04337967907615
1.04931734142336
0.870979814206097
1.07841194499216
1.15714380531597
0.901355082920006
1.07764601271148
1.16855204559748
1.18547671421385
0.949165762228574
2.97834918418166
1.3605309652014
2.09315012391203
1.63437479944414
1.15149815395817
1.42968214197594
1.65670802187464
1.00737096219426
1.60424456883596
1.08527726086708
1.15042039612296
1.5249509312569
1.35016384220742
0.989136679355835
1.18092200032246
1.11405598944546
1.48044461823439
1.66584246603551
1.75157386073223
1.38403875447538
1.37907063197711
1.52508543012561
1.34038745980399
1.34000590108678
1.06955368197172
2.09011427269008
1.81133135972738
4.7729810592001
1.10033772493436
1.7364621599967
1.6261516692367
1.06978943396358
1.31013915271234
0.907324813472616
1.12194845267947
1.49737310657305
1.16331353972658
1.50183278122704
1.09876356076227
1.01642441213863
0.94038159979876
1.01622497747224
1.13118074586371
1.03014497087433
1.1510501813513
1.35483520158346
0.921287530079536
4.31119016820208
1.39368361855397
1.13406044707561
2.21629417103179
1.09984059666184
1.32026090979324
1.10610611006138
1.24714554548407
0.968431491851501
1.72285205757895
1.18135141090544
1.12430612692408
0.998166732065697
1.52869484150518
1.17947307333101
1.2485378655697
1.17217153835224
0.971256506748277
1.13081856449898
0.830866376936074
0.91539378902273
1.44647357549491
1.24237639366041
1.21516375844422
1.24825299595652
1.32769433276236
1.0404080082434
1.07771146636054
1.92423363776348
1.01526831335634
1.17555077211947
0.843528329942825
1.21368623013155
1.38762444028941
1.26851504470496
1.09423579643213
1.44758076871644
1.11641889118933
2.39239732234695
2.54454312153176
1.31486770214677
1.21683483495636
0.913515369209136
0.96179669422866
2.17735595772696
1.21463449143353
1.98313929403796
2.40524609048756
1.78226078265452
1.69981352206999
1.0629100301604
1.08745891433811
1.07336764422987
1.12168613870068
1.34284209476349
1.13529147885981
1.35645810445875
1.51237196057142
1.11668995815634
1.12534014870609
1.50291497025768
0.974884566138621
1.89565493083177
1.36722953413868
1.23222626531944
1.7516565082502
1.12047716783337
1.22827687356893
1.33619161500632
1.66794033606419
1.39451258687444
1.74773813635644
1.27823214750874
1.14371526242438
1.21986491411728
1.15917468583985
1.38864546273399
0.891103298156017
0.888118467258683
1.85349860848187
1.28059238782816
1.56728199071344
0.855941294439751
1.25615806657091
1.12591663916771
1.42640755050668
1.11246739054007
1.39208934505637
1.09738488009717
1.32927515986357
2.07043155094651
1.51317710927613
1.08633702661026
2.18606691084192
1.38780682374259
1.16059085431275
2.23494460037405
1.07175926377816
1.23413831799731
1.18138035267545
1.39116126767869
1.14195652563697
0.953520229970338
0.924208271031019
1.02541536615436
1.12454911944696
1.291769886631
1.04412602505226
2.55019118433577
2.86225125515007
1.27067469708973
1.26633907462195
1.08727855376804
1.41038607212845
1.39630911740052
1.36622144021898
1.05963861284585
1.11788583847079
0.933756087371163
1.18678091933346
1.39088878305012
3.37804303745275
0.863344087739149
1.10912988022947
1.49784211150713
1.33785208628362
1.63176413174514
1.1610491471182
1.21775807668079
1.25329931558483
1.85368880212908
1.24299920666064
1.42150850066634
0.963585678573837
1.17809069296779
1.10426551651782
0.892803643914008
1.38859228708597
1.27821759596586
1.28582352893965
1.50249053584141
3.8277715114784
1.07284288152907
2.01756903177555
1.23478969849812
1.56423000941454
1.26728029399117
1.17369392851846
1.92872197641014
1.67559089987189
1.21705768360178
1.55512884833982
1.26166117886958
1.17590714986813
1.07903152598774
1.10008638652162
0.943171202265468
0.814198174949241
1.00302371657257
0.909786478355139
1.32453855912477
1.3200467348716
1.55931470387266
1.29265551570394
1.22439876734947
1.47528284108471
0.84230920711352
1.10588198900152
1.12740087076018
0.881148097897731
0.99468031371269
1.4261441704452
1.02790957930426
1.0949544605117
1.28964990210615
2.13292315810605
1.48231184803174
1.0770805821764
1.14234602597319
1.15666204924597
1.30243082331521
1.18446976119551
1.12649078269467
1.47798846588578
1.23935649119721
0.976970673697718
0.971480075593359
1.16111836148963
0.985848293171534
1.24682758087604
1.31106351037088
1.24725587035144
1.40894390265628
1.80319108108498
1.98014296803256
6.27512071892466
0.984708400221344
1.55137868247518
1.2002467366215
1.14911741032812
1.3392517271824
0.828297302663519
1.15201430973964
1.16932917183272
1.22012025743033
0.886475393419485
1.07882008948327
1.14304941475167
1.43538153797583
1.14532216685472
1.00893623317085
0.856039625831365
0.996191148435318
2.25121248076162
1.47632917405048
1.06594570924182
2.45038529982924
1.20848469381005
1.18701537266658
1.0506044115048
1.69862538958265
1.25104654896763
1.15635965921378
1.22125882040707
1.58170054021741
1.52160213071565
1.6841629820765
1.45909201094959
1.12771924575717
0.987224014069097
1.34166666934756
1.36991811220555
1.1694337635622
2.44237611902757
2.13592141731327
1.36631020197532
1.60815634043281
1.86705006154422
1.5911184880612
1.73539053070947
1.79624791433689
1.19433169226738
1.22401781772494
1.4571737038101
0.901746819674696
1.77998879844011
1.12198107506792
1.12069579974357
1.14844665773523
1.34003661663999
1.2969615391249
1.18362482434449
2.04714334018896
3.9992633996313
0.996949393895455
1.99678368687364
1.1734721165371
1.29227086254829
1.31338357362781
1.02760466722609
1.27460282593173
0.856100227165508
1.33408856630573
0.969776777352156
2.7795954149925
1.06202839380629
0.839275710530748
1.19720615773619
1.26850420557215
1.19474397463565
1.14263752919821
1.70704082767168
1.43783066016687
0.823229276878495
0.842163465711188
1.01898176636722
0.846010634806963
0.842937022526445
0.942167778141111
0.81411049973634
0.844797070261843
0.929521764535108
0.845536641758813
0.887928852031722
0.835175262644655
1.20541056624528
1.07285577370319
3.68497682084603
1.145012525118
3.20811187613754
0.890639454839128
1.01690731238347
0.904457619398305
0.981262324031232
0.961611990596311
1.0420394054735
1.58486085505411
0.821616097422593
0.979800785043145
0.880198061787887
1.14786489505475
0.87396599678882
0.902551659167902
0.921677844650759
1.10034508677122
1.09115106221292
1.01328374836448
1.19694952926709
0.899758560345068
3.85321927514129
0.915519101284662
0.850184588217477
1.04727371890959
1.3947563381359
0.937751218814423
0.90843340402702
0.806627715692781
0.827372346995185
0.862773544671544
0.831194353784379
0.962187130890973
1.00313690680327
0.984726455009106
0.907660815022511
0.968172906122689
0.822200997722981
0.897528787327774
1.02765782567545
1.56050559787065
1.08078739535916
0.859384548488683
2.05737420449739
0.854944351622649
0.893164014405915
0.91940029508481
3.26457990486908
0.89504943994327
1.10508188997391
0.843238275292687
0.840641293949559
1.03831012685438
1.00037549972793
0.934557060326914
0.885512630835384
0.856871145856094
0.91981050330386
1.20515704206147
1.72493369337142
0.871219275958788
1.33050563819566
1.14744816788752
1.27673202814681
0.879498193449744
0.98768993126668
0.811765256296992
1.04397899273938
1.08695841764419
1.05487689168996
0.850238586106043
1.01399374567397
1.04384934094829
0.868882119878847
0.864507908939889
1.143039119297
1.01632590723787
1.53363624652913
0.866205596558762
0.975150982507632
0.966430177795978
2.67155088228245
1.14083980532532
0.887415499231669
2.13587905659053
0.890443362707411
0.821642661093649
0.972760256880967
3.020946126861
1.33528526562886
1.16052524038962
1.24868017401388
0.90353313953778
0.859996118177098
0.918271527271781
1.16911197098917
0.91761178136345
0.893005076535576
0.875054512272477
0.930534489589146
1.11362787795974
0.906220281654476
0.862286694164423
2.2284800245958
1.48686061587677
0.880711748833624
1.15041630936843
0.959163759399787
0.98074912818941
1.5129045026529
1.86334926706489
0.98141231606044
0.930176940156381
0.895592786256213
1.47836886022818
0.969236661870655
0.879281888878046
0.938313727739727
1.13594484081299
1.94416436678231
0.852560136103923
0.84435810078217
0.924010471529668
1.23661908512713
0.95193341321014
1.21308136840274
1.59315879114231
1.11769663848909
1.59875710305607
1.20593380827084
3.9534148462571
1.46969105919616
1.30425288976784
0.937728415015856
0.914805169002772
0.922760891135079
1.10914816451272
0.90558114802231
0.977634516873222
0.917986899887823
1.05681235730705
1.01640545201453
0.910954185332385
0.823785905590572
1.67888797483953
1.47697907275266
1.06485580102281
0.914220945147778
0.930904410627714
0.94923203011594
1.67575127407623
0.828194019030303
1.0373475333482
0.95473976401359
0.839737212934049
0.856618104297412
1.10732816901377
2.27420019333072
1.17453682729914
1.42358047059422
1.00186772767614
1.58217337247495
2.07133848135994
1.50587405892584
0.942559866563549
0.960433971342746
0.85375900394313
0.986605874400067
1.41405860213074
0.883573475840031
1.00810337823752
1.0059399546025
1.76934608098452
2.30023725761873
1.68650615750911
1.24886638369011
1.86451060799523
2.10691823068181
1.24071880809713
0.930576021453397
1.11978334173349
1.18933425503274
1.04842811987574
0.934111775938061
1.87382310491496
2.54275085934285
0.939025218649861
5.73065461990666
1.69891175686858
1.09009738158388
1.45214026893216
0.889888112487129
1.03843670160919
1.46278017984341
0.999384893305816
1.38368341837118
0.997146404602705
1.01760213990108
0.846663838519292
0.944799729230022
0.953352714866212
0.977070999210888
1.01618706161302
0.904270777956005
1.02724877741136
1.18972951069296
0.870206016593692
0.998556645730647
1.18972890762018
1.01597678750333
0.965243610081125
1.11530053852901
1.28900712775356
1.15592842786424
1.15208118972339
1.49493320697967
1.38603277591928
1.42512706081985
2.82726901431322
3.06716814586364
0.966611538056269
1.25685389759353
1.03943433287687
4.39544187759329
1.15964498418881
1.96612451647073
1.12268734950248
0.929479107087037
1.34133113320007
1.33925071295011
1.16920441440883
0.892482643599575
1.21597466015143
0.948314907522642
1.04471173044374
0.831489362737649
1.47643509919398
1.41264158122647
0.885171444662633
0.851266088568817
1.00135478019625
0.919995692129703
0.911572942164203
0.944448377950711
0.946209669834986
0.882608374897614
0.834449140392815
1.22105663976257
0.874348226242065
1.05174429092459
1.00205519315058
1.37558498992035
1.1795227520412
0.918660391003987
0.957919346324321
0.952112316727102
1.08443920031758
1.0034321133047
1.66060797903149
0.953701564716489
1.19253674016565
0.88839372062456
1.23097983257057
0.919701722502846
0.869541117577305
0.921621425338926
0.992336425512436
0.885738872953382
0.862116918628237
0.908826030395738
0.931173408117237
0.838158384245845
1.03449618717958
0.998465733564016
1.06887661362692
0.960557098145675
0.824207407429344
1.32834474467994
0.865224033567727
0.958347184512749
0.975483363253557
1.06445256855276
0.904763497257698
0.956779326515715
1.10607726004126
0.885301630464345
0.917407674460394
1.25915948043565
0.984715664010965
1.06132886701915
1.12057016437277
1.40761061405792
1.43988700161313
0.942174032553094
0.993252296892618
1.29983494418463
0.874410227147694
0.903291547726396
1.21342017803604
0.866170547364005
1.33109037105739
0.897801975697883
1.02848177798825
0.928510370916813
0.880157242730146
0.919396573495851
0.923619713493513
0.889917019998261
1.34139994589289
0.887373385203854
0.947990129740425
0.868490261343865
1.44035963245641
0.88742294918075
0.992724800908398
1.47691196503057
1.07350374392183
1.12562593552494
0.945920163914785
0.96924733607871
0.983927967308512
1.08961191429463
1.70598802615064
1.22421470134579
0.950928236252483
0.842044121940547
0.867596450828914
0.941764133800455
0.912725768484178
0.877105777760667
0.918508792399759
1.28257050280745
0.946737878088606
1.36067062325203
1.17163281116238
0.971343503733177
1.16605489477905
0.987454222103233
0.895180689490015
0.868705071873168
0.941647435310676
1.10987344133478
0.869960894362495
0.869182193370602
0.981174551644789
0.928844256165268
0.883582029002659
1.70132084622841
2.03767312582995
1.09016799322841
0.948475943399205
0.906045052962812
0.865321299404534
0.892419048765378
0.950712927378799
0.894196020470491
1.35671383068881
0.887877817811551
1.0268095206103
0.989466463817537
1.07906041220924
0.905055896413838
0.965848379928889
0.971241414185453
0.990369499053871
0.876402138732779
0.917841259150125
0.906948396174032
0.843310355096123
0.894919735399424
0.885429358311301
0.867984299792246
1.80800734897178
1.2191046559755
0.943443162234774
0.949094272406667
0.884720097773703
0.939212844478217
0.876413897603197
0.856717692158213
0.901086198383718
0.91972426219732
0.929048763954822
1.42789782070724
1.37603830592747
0.875426999733421
1.38864451109694
1.80319113847837
1.14522107000748
1.07732423340032
0.852500977549528
0.87882217888902
0.977457113787465
1.52581950823782
1.04259097644189
1.65254227612151
1.04161698811986
1.04823378912767
0.934466444015444
0.906319671734647
1.48362024914795
1.51871990838561
0.983226973776643
0.87479698694513
1.1088928540475
1.00351773505747
0.960844495852817
0.89554911346077
0.883919692257592
1.28366185456137
1.03268419918843
1.06778501372481
0.919819162516419
0.830285011077142
0.86777898385017
1.01663949090447
0.862684682432197
0.861789546389097
0.95089210157489
1.07758177993555
0.970168477345475
0.919684501314725
0.867349284500954
0.938735934156653
1.64018778094297
0.947013046057997
2.51680335610432
1.48952770178409
1.35468705526157
0.975263535373703
0.91784398990066
1.35404217052329
0.960265221576754
0.995606157443748
0.858054693052127
1.75133209759585
0.887469711269396
5.75420705199018
1.15435846583906
0.941786625710078
1.29993545520099
1.11992115261804
0.938712698459976
1.62721309290618
0.906849732441097
1.13838351164481
0.864006132712853
0.884214846391756
0.873525060862332
0.922674991467765
0.934642539174458
0.846700551027275
0.895618510070644
1.12760523871061
1.01395503468482
0.845437934751732
0.904605622244684
0.991997637010619
0.907369406758258
0.835062128135667
0.858971047417758
0.880860677222943
1.08926806437151
1.45929236398299
0.920358750894525
0.912083330974017
0.96195469371615
0.898258543612185
0.933116814880656
0.916643792876589
0.952014927195553
0.979721241485984
0.894968200818212
0.946362421636724
1.03943523771265
0.902668143409411
0.988903928051709
0.91077938544712
0.852211736611646
0.881557456508988
0.868685910104059
1.41670219789226
1.30918604509317
1.23965632279592
0.940638969966763
0.991862192156213
0.865930748651069
1.06440192012425
1.02330645965166
1.66233850479976
0.980249905817519
1.02310926267441
1.21917043126851
0.856833544367433
0.869778456862435
1.36901209605502
1.48882522877728
0.890839582569474
1.01826643544448
1.65575569418249
0.89436854856899
0.870422369986581
1.32541515213074
1.57946069888363
0.884296513548253
0.920452660545697
1.29734636744633
0.882276562807421
0.920141549967689
0.849623009558736
0.978671692218518
0.901857578086924
0.957032724139611
0.928641488696732
0.87581478897564
0.946483202364847
0.915508941682365
0.987740904507717
0.858706314410042
0.938513840557325
1.00931301042445
1.59333760912587
1.00032274062462
1.0889424327685
0.872083326959531
0.886768467639286
0.992121745127158
0.996855067785724
1.08842779365798
0.989354521167978
1.36989181939893
1.68717727776851
0.929125064745746
0.875881513455238
1.02300702479487
1.08670320893175
0.987145224333306
1.10771149731791
1.03331962146252
0.843549406431144
0.888886876896751
0.86570761157711
0.888514627731607
0.935945682743573
0.955260945324648
1.02604251626839
0.904571252152437
1.04660435576722
1.02760457644459
0.992849335716113
1.46440866023247
0.893631401274676
0.907443951830864
0.976412670579592
0.869723525250129
1.02719528494076
0.991696831584089
1.29214930861603
0.977374011963297
1.12670910411899
1.56798872227242
0.878396025728745
1.00936905462621
0.908118300777206
1.35485573134219
0.84451520319801
1.16747799966888
0.913922164696071
1.35239020570998
0.932293881691393
0.915252180875752
0.877854170476266
0.831333285763871
0.876368979087492
1.30076052182343
0.940546904073259
0.925211033858538
0.897485814199477
0.849439795389128
0.94879475713487
0.927757395199952
0.976767777981651
1.47297408819532
1.03574961704631
0.911053411183851
0.890848994931028
0.961146064087724
0.9062870896573
1.17836103407055
1.63571276892864
0.859128709012805
0.99607809346152
0.950668821386353
0.952489279042685
1.43521959842881
0.997177557705021
0.853306818678919
0.860162250463699
0.94590256639662
0.876261824137552
1.43580926191032
1.67516268075616
0.845352663280957
0.885335797242492
0.919025029050338
0.884298878339524
0.88998338197826
0.958387256255364
1.03364783526897
1.04968551813108
1.05875452134059
1.00276162947036
1.23120292266117
1.68560427124113
0.905955338469674
1.10314574680446
0.891458370011524
0.898536814331664
1.06790484995984
0.880468330927369
0.851474025399382
0.895680348330055
1.1709992245177
1.50465272450889
0.890110090750163
0.866361031774903
0.956982335745783
1.20107340670145
0.898198339363914
0.809714517375371
0.867909238755072
0.843992356560887
0.846633756874594
0.980569372786023
0.876004878099273
0.954389471612223
0.937318817617698
1.30312694382652
1.89167812153701
0.929940010856181
1.28267822338034
1.44321895639349
1.0189447855766
1.19320867758315
1.7774977283993
2.14670160132391
0.888232941402278
1.42193009265793
0.888597889946258
0.870184481877134
0.998791410002096
1.20007004544554
1.02955511907021
1.12884315259243
2.11241372303195
1.02438918113694
0.829664230629805
0.898834668913459
0.943756490656723
0.914814752565474
0.906691589214196
1.01428046891793
0.897933984153488
1.01007945741732
0.929385605453493
1.27032041002968
3.35680577916696
0.955958081985957
1.04916072578794
0.989950890924873
1.01408679645896
0.947831748366373
1.01112602866929
1.0025324164584
0.862731312295455
0.852474451839826
0.931148566250492
1.0617386477585
1.52701149631738
1.07635295147129
1.81862360443288
0.899343298671959
1.45947733823246
0.862932928618247
0.903711313873305
0.952518032668926
0.888442542620592
1.00452670760471
0.910739363067756
1.86239422372907
1.312883851134
1.01831040598897
1.0467903075851
1.2468929324405
1.04043584700197
1.10673048836272
1.06608300615486
0.851970231818813
0.950639253712453
1.34702806192216
1.3408788417804
0.888937069803558
0.965898619480257
0.897928649291943
0.876789502480645
1.21896209653185
1.22335832632771
0.877966673333037
0.914801122380111
0.893010023091316
0.972513182843718
0.937788862940661
0.873762534611937
0.857486482185172
1.01622737638403
0.908543285127168
0.844669688290668
0.8759361568031
0.831173897955815
0.933250721669808
1.03284441216686
0.836661828344793
1.03181459454739
1.01217079018464
0.942619565311396
0.978859961308224
0.942217800192343
1.6882747876804
1.03075168031642
0.924751943483838
1.25078248218232
0.941452935269419
0.863791485719819
1.11653848134258
0.900946423716565
0.938090241363012
0.922180650591101
0.986589812521005
0.890070015644951
0.942488880303021
0.854986122559563
0.938476849541549
1.18618201169689
1.37996266796453
0.961675711719759
1.12982066513267
1.4645761611079
0.871193287586975
0.851146819876637
1.46226901630813
1.02504550800064
1.15605436977732
1.05437247875747
1.05483368605108
0.974550085324572
0.94378594809249
0.940589183122531
0.861199887059565
1.76739368584075
0.931002268340261
1.15992098576383
0.88247559953762
0.876007543182035
0.983267221927309
0.943147721593984
0.874270389285619
0.915741257440068
0.908225580676381
1.80811105981524
1.50496086327488
0.871500592469685
0.90632981560812
0.951450157839805
0.919326797606191
0.94299650683364
1.39142214278194
0.876340198811048
1.28136466841902
0.868428887531031
0.956819397180983
1.67640630965944
1.46841529787676
0.890646513391249
0.9035630764366
0.918988795109258
0.956790946125476
0.882885171781791
1.37649117192367
1.22117048824237
1.10743920170717
1.00114445910551
1.61041495646666
1.03519834948905
1.96369630091553
0.92323288014222
0.967455230310521
1.0026523855037
0.8732144222953
0.947964509968927
0.858042089257205
0.815695548327263
0.869274458129401
0.924369997956924
0.897428184749746
0.932801135003505
0.948124701213989
0.967910367222552
0.906041751392496
0.916840735412779
1.11524308594419
0.894573853597657
0.838790231293578
0.885609114450117
0.932520017178769
0.934169089456466
1.08994993014967
1.08753781135971
0.904644323273019
1.11878669569732
2.17129517023534
0.920507807061269
0.996680008784628
0.99098302250812
0.930941991161248
1.25049022107982
1.30564457803531
1.61280103834512
1.39381509542144
0.864862652437617
1.35940627226318
1.11678651370435
1.35915042665527
1.51520785728786
0.868045456478856
0.951739452093331
1.04368455690185
1.35302322837519
0.908061932053775
1.10526396041149
1.70854126365633
0.950541723147462
0.989235363669654
0.855324910801046
0.930642917309721
0.978152133339881
0.915851073267694
0.909665412020248
0.959631189251216
0.852138324307932
0.927066541010455
1.61205459255272
1.08619630272667
0.878762470387084
0.835009521981122
0.923128408131347
0.891666989321481
0.854670708109
0.937401565717555
1.01287536756469
1.15670951233513
0.934546192535525
0.946740383468068
1.00400656635611
1.85954320309744
1.10382584369229
0.960941295053091
1.17610901149842
2.05121567385358
0.981764640703959
0.900738370545577
0.946318102177581
1.60734375994975
4.31281347001611
0.997531154894741
0.894962244148176
0.92370330438649
0.968695291907719
1.20903746574242
0.903519786242845
1.36007603548273
0.974859258446783
1.15806092831423
1.33480573293014
0.944999049504351
0.982564153012282
0.947182562320698
0.935797210475281
0.896871887604342
0.971263739864323
0.994249720017835
0.91062753918866
0.908871365451891
1.14425322086803
0.881939715146442
1.50764648662398
1.02139428346157
1.94742395338715
1.07376605679315
0.839405303979604
0.910323868873777
0.869982241440444
0.892792720894555
1.14698953052462
1.34739538310768
1.04701591891324
0.92011952930645
0.939289466152239
0.859427788630899
0.976990327114537
1.06681568903824
0.918908046362743
0.979967860204413
0.920201071631568
0.848365014388935
1.07979733506052
1.47134126639402
1.37527104611781
0.992479052832172
1.14002394623525
0.915682703025871
1.57435011558653
1.32693160380678
1.11884270091384
1.36943831530172
1.00491925210787
1.036678626996
1.19088879182239
0.904573548939794
0.981756563842838
1.18733913956595
1.69220282579419
1.39733280022361
1.02994162041221
1.60286694193442
0.883426752653646
1.63506167465715
0.931411094356736
0.943906168123817
0.998234080115698
1.03793897916365
0.88155996830315
1.31547509453763
0.978965808479717
0.902786234513992
1.40785961874321
0.890775839271065
1.12529797527191
0.852477817967507
0.889564356479823
0.841588919620941
0.845539798468504
1.06191233686264
0.943718224613937
1.44203830492807
0.913319153111691
0.941717294638386
1.08696252833743
1.09739947989962
1.33369298282522
0.918419902227305
0.827515746517594
0.919408159814998
0.848304865419038
1.29393886979621
1.18495456082773
0.833829032282311
1.08098846873477
1.56561069981006
0.894807171459039
0.900932869491304
0.916766792944953
1.01241848469613
1.49179688858331
1.41190734112014
0.878710395743567
0.903006453522406
0.953017695832897
1.14301836887931
1.4500705180396
1.210691338942
1.25975195665704
1.05277820573524
0.904969800616954
0.856780509575778
0.897564846189511
0.905348354830755
0.822602207510807
1.27825936655832
0.988279286183951
0.943657727477193
1.08519220939344
1.31370698935957
0.888455654636904
1.35098364398804
0.924108031472259
1.00917769733721
0.838846953908299
1.03260544218448
1.01139948412937
1.39156645465275
0.884718500122928
0.92521800706075
1.02770419298831
2.57536353442483
0.93336979963279
0.900173174448541
0.831908948045995
0.980393680402818
1.22893676622652
0.869451697132525
0.954355688114963
0.974406157867481
0.912810465116089
0.904618452228577
0.863863151058071
3.10831075119223
0.995720700034271
1.23465919221571
1.18799681319226
1.42704168614423
0.927779690474132
0.853833339294956
1.18545164808211
0.889631133826532
0.942948005043743
0.920875063089969
1.02575343937596
1.05073360309038
0.924435395430073
0.924516244364644
1.21991090024401
0.878038997408771
0.873925594185434
1.39780894803715
1.01944621557514
1.0395415646044
0.898446227221636
0.8579318748113
0.927568382019124
0.905675755006518
0.936074430454799
0.895308275383656
1.44929159282547
1.0143408081271
0.832034489133347
0.973914369498109
1.11102392760765
0.849308379833906
0.851245317877024
0.891980381993873
0.953135759273538
0.979900683464526
0.902600006348694
0.918187782176363
0.851947102078121
1.00311266370916
0.953171724285959
0.957184753607838
1.04537086875637
0.93774557286703
1.35797652291775
0.909565516930018
1.17245648695076
1.04664817375165
0.896661967991035
1.45018432543433
0.840440959344709
0.930206675256287
1.03424988826592
1.20256246119991
0.951621947521691
0.906016030962948
1.14142171191775
0.874936414538129
0.898679041787341
1.16908535403026
1.46631867720336
1.22440416358021
1.20460348252811
1.01912224751646
1.08199746662975
1.413955467405
0.968354141514139
1.08859590150197
1.112519312287
0.887639859790534
1.18459461859693
1.20849821820384
0.945767464966767
0.836927978196522
0.859465899376453
0.909509712185959
0.962144469985534
0.892420491830493
1.20704111477526
0.881453018557525
0.864349953342516
0.871974427926604
1.05610360833294
0.834907125414786
0.949065408262883
1.0164577210094
0.938514968868937
1.47768744324699
1.09022259828962
1.26707896545959
1.29136657965982
0.948422217339044
0.945986384020354
0.968260926520753
1.48627680382841
0.971702368812522
0.96812530736302
1.08667197227457
0.887259916199346
0.836034148600973
1.28962731785269
1.05270004121899
0.991564586189206
0.954212433433969
1.34264681325934
1.96488805482365
1.50760660028417
1.39658784386289
0.831198059949395
0.84362962342594
0.980854930888972
0.845431595713301
0.881889135380032
1.03417458781891
1.14343024040217
1.51871783412602
0.879425007117974
0.929752186985057
0.974570107427957
0.857442065106291
1.36421305698119
0.930012519294719
1.07603632623498
0.898518635895374
1.12414348019283
1.0372648728767
1.18094143437096
1.30762515238412
1.47593881649701
1.26053542414251
1.00327849809625
1.13268551388467
1.02684335384557
1.20116132165723
0.928462256889238
0.910222791064779
1.10022251903541
0.847012753881679
0.970774242309419
0.928699368856047
1.36645182102461
1.03012598842271
1.12015577000673
1.37695125020726
0.904147684743569
0.852818322638913
1.15445347410308
0.988482164978733
0.834218303425837
0.929051224529963
0.94918736922459
1.38356884970662
1.73095062544356
1.06674749569024
1.01704208328461
1.0073486597968
1.42454508914356
0.84572246959997
1.05158092200708
0.957578689449238
1.0267647655643
1.44825451132576
2.12718674714821
1.98496565311298
1.54322257123324
1.05364104493742
0.849514999831836
1.60780412071965
2.73409616650097
0.889674353776811
1.38618970316497
1.46626961541357
0.901194963579679
1.22709744392802
0.944745544630073
0.967544784515927
1.57542902094982
1.42116853666691
1.60695940694646
0.874931059146502
0.89584927623637
1.30642338455343
1.30984774888698
0.923621077757573
0.859844226667974
1.24357479404004
0.848563797495612
1.08945805202557
0.927068762188677
1.01904698387328
0.984990837713096
1.41132378206805
0.954491794471249
0.937962578788518
0.90963142443889
1.10478088235477
0.845111515761857
0.896467595457976
1.17806503180449
0.859218579836147
1.11177065567129
1.21734936132157
0.949620977803573
0.883313268328624
1.64972367093234
1.02889979019883
0.941442860256304
0.881187623924494
0.930313825529622
0.959885154467617
1.06257279718139
1.40273031049098
0.910296812283705
1.39247074900616
0.819010354104569
1.14556395644099
0.826717633532983
0.957859288983183
0.833543045565957
0.865933536073372
0.864219402910732
1.18163902775679
1.22120239222275
0.874383304534368
1.53121494849237
1.61318817365888
1.01038619005143
1.27782658111454
1.05744270479448
0.882012613302993
1.16626406285298
0.912800991691228
0.974696222340345
1.27775030477203
1.335885415537
0.890934994004154
0.848617390429195
1.27752517162643
0.841557870752492
0.942990505766519
1.55545931994352
0.835344932409596
0.987703175100835
0.88235426616075
0.854292223046694
1.63452897004108
0.882309879934628
0.909089723335268
1.14404614304477
1.2235237940338
0.894899650716291
0.821844236648446
1.01285868161214
0.839347368127095
0.85535910412237
0.901701114726981
0.880841477451377
1.05164822151533
1.02138139212199
1.13776323005136
0.982304659641505
1.05758793623505
0.928354137790455
1.02322701000161
0.994478849895876
1.00846886550043
1.14323960380686
0.900176713958923
1.03503962219736
0.904848498703006
0.968460995862454
0.833272032383612
2.09208697233999
1.0402311633708
0.918719743617555
1.18751121977609
1.21500670855329
1.17099789385453
1.1160756412497
0.871445613279937
0.962403838759913
1.32031227639548
0.87252257546546
0.955380904757097
1.42005637656987
0.983297457266159
1.5006270687655
0.87182693854187
0.848824528315431
0.828787521768065
0.892913876251705
0.946088305375601
0.895021239028735
0.896536663465518
1.05203514327447
1.26508556120281
1.41999068270969
0.899026229534543
0.943265395804735
1.01019056349576
0.88455254250089
1.07015381960313
0.972822200759279
0.849095154324324
1.27796261564828
0.867610957510319
0.988368219550278
1.08422256681142
1.06352977798337
0.833154012872747
0.959048181042102
0.834959181313383
0.859487004984913
0.845141346841998
1.22817546170249
1.13012952197566
1.03510476257053
1.11289614626444
0.882265736329506
0.92302616993361
0.977903039687187
0.889156961398051
2.16058591635664
0.926438465135812
0.991415226984296
0.970135621519399
0.95715268845015
0.909179589477637
0.911094999963226
1.17760683900558
0.87386025506541
0.858735191512203
1.10235244138156
0.938973964748981
0.868239064986152
0.980260308495777
1.13242261445485
0.88693853333133
0.937603625509661
1.11190120095613
0.86693825009955
0.941766848157718
0.885360469935513
0.925430363457465
0.841934473758298
0.864104050741696
1.90684801192477
1.11713885781849
1.00241583917971
0.950056237369279
1.04554952144849
1.04264591463047
0.943880016663048
1.15889630019204
1.21536968828062
0.877886605220917
0.855168743915751
0.901973473325183
0.948193176455101
0.853522667132033
1.34575278968071
0.996193070912122
0.933244484024852
0.873968535184819
0.968534702273426
0.909153658733728
1.03768775255302
1.13702085788021
0.82162886879145
0.88458791389358
1.01533564326955
1.00044210721155
1.45470709980144
1.12878473818424
0.963747838033152
0.917368466302467
1.00216690327134
1.45183407822051
0.89080622722379
1.36935380858224
0.869083505231662
1.11083242942366
1.04870798107711
0.862993063139427
0.946618260094224
0.887825764026325
0.935668443147058
0.843639245640938
0.895897973903004
0.838872350063076
0.901897868699622
0.921499340318109
0.920609940728593
0.911979442015481
0.925396515838903
1.18035406003074
0.890988796290738
0.986930090388088
0.910595034443595
0.918317745584915
0.877419726704468
0.977872584953126
1.00892638826579
1.15039976838782
0.888170581983967
0.960546001935975
1.06957589817892
0.839130302531229
0.899219202038579
0.887254406591689
0.972958610298257
0.998339835264397
0.823408698019555
0.971796516261078
1.44282168150346
0.99912340194734
1.27635694674723
0.812306733687657
0.879816870958678
0.968699425850242
3.73248437019384
1.69613370152328
1.20887329720678
1.2023302165903
1.40624163927789
1.35734120745266
0.965007027102198
0.8595256095384
0.890744265678933
1.45155733714749
1.41364427997433
1.41300162633872
1.09619454272082
0.988389974212811
0.996401548968076
0.815218394074091
1.5699753485373
1.39131121841279
0.920316076102483
0.850905920527105
1.18061238214694
0.890384714020514
0.999902791156032
0.979601734134646
0.956877416100795
1.16981031834416
1.10239267343889
0.92030792974033
0.996567877010674
0.921236914288119
0.957719238310804
1.21809624957384
1.43616098376122
4.1581946910128
1.01149904143186
1.03411642520912
0.942286986440057
1.00416824500675
0.890997318399976
0.961342693206214
1.0588638425184
1.24240796972859
3.45914635213893
1.44870136239325
3.43161419319939
1.04501160843298
1.35267178965465
0.892498270103818
0.844398041319104
0.883394988587324
1.24238329511406
1.13936063088899
0.837546588102244
0.928442460334268
0.899101807728889
0.893905078450362
0.862620084990796
1.2210091072582
1.47567408520294
2.79276332193691
1.81058170168961
1.5578233811531
1.31941517335561
0.937353850540155
1.14334698269757
1.61062618407184
1.05431358917336
0.912528738606606
0.879837345102342
0.925281221756432
1.49776362755813
1.38451315463235
1.26101525921626
1.27271060472553
1.98037227275347
1.10304521802353
1.04845177952598
1.097323067924
0.946249828753319
0.868860946215369
0.888435994233885
1.05956323648064
0.968771945124967
0.940821004166229
0.98639229715523
1.37640426846026
0.906970792557967
0.87575751102943
1.56380389038157
0.927249714176069
0.965175881836809
0.827629932081772
0.99874975893428
0.848688354847207
0.969956391254359
0.950965545517509
0.96049947893861
0.999634335780712
1.21324426946123
1.23470573984421
2.0360406987999
1.01490790385976
0.885409613902903
0.937002387623485
0.995593292861268
0.893790033640176
0.925068791875324
0.864053383027395
4.42776876372053
1.33560960519658
1.32348228224559
1.02467740294898
4.45021358785119
1.05298019747955
1.32083947370719
0.895252428112822
1.48503646016269
1.32180202018908
1.08286646993327
0.846769007574513
1.46869337682479
1.49722921463816
1.2188210556343
1.35424889303762
1.34681008417278
1.49098687407531
1.07181080598762
1.58625315317583
1.4709299289425
1.02031849181664
1.16403640581855
1.27224034099573
1.28480991069911
1.87210018706433
0.925945739604709
0.960668579006849
0.870570812646399
0.939568896002292
1.2330736823791
1.95157754735377
1.85491831968518
1.18805610307367
0.939460162099152
1.88020277043818
1.29227038390234
1.17102161578413
0.867671181977319
1.06302477905361
1.52441817192018
0.967081227415833
0.87291051948672
0.982786150761785
1.0352325441475
1.0690597013878
0.887754839302212
0.890013585616295
0.882125357859418
1.15245032206515
1.05173478412168
1.09375556488068
1.27291753592647
0.90204131388191
0.894147500205643
0.994663463427356
0.991017562948838
0.96411970773971
1.08750742320319
0.867453262208687
0.987336164601854
1.15625815779142
1.01307805134847
1.02580955389016
1.30858004097124
0.963933105482553
0.879978646846148
1.73170424013553
1.0771439735963
0.90444612941371
0.856262298163385
1.2129103861446
1.16434731113392
1.03188563200267
1.07624131163679
1.5530465284742
1.2539694948195
1.26964144125221
1.19859236718029
1.06404755176862
0.844272968258745
1.15055426916893
0.847387680374989
1.05811137242752
0.883853569919358
0.922661007358413
1.40626445446666
0.851508218629409
0.967347417997818
0.929004987558411
0.869719202437928
1.44530384991013
1.13944687878139
1.1548048719902
0.908588562249273
0.908365290632768
0.888285172513006
0.916136768772421
0.841976569633199
0.927862254252599
0.997854795812747
1.3015624270606
1.17984339636962
1.54313280513398
1.00209183335145
1.29744229722269
0.827104441333979
1.45523212030517
0.906102946227942
1.02650217096168
0.906787762011225
0.858379441872305
0.927068270235387
0.832002510307614
0.905203862121085
0.993559159438086
1.37933004221264
1.63175067739713
0.996244586990596
0.901499054242557
1.16404276027942
1.26053004095372
0.947469670465715
1.19785738174334
0.928550329258887
1.06929860768055
1.33913269693692
1.25168703669259
0.860792083633696
0.839342909058685
0.909034810030468
0.90832222565726
0.867791683596432
0.910787028947249
0.825177670513918
1.04630970816113
0.850646449826243
0.837631975906808
0.971964077457727
0.961633296549046
1.09289410963195
0.889881217739806
1.62203450539147
2.45251819368296
0.870687703082872
1.17446729589485
0.875615455001672
0.863987180341091
1.54336126181688
1.32799707618297
0.88555856957746
0.883251291801978
0.873613582585006
0.884792474746212
0.827539244730086
0.961650069122153
0.839269083428192
0.953562509258583
1.96002961627371
1.378672739205
0.899557796775323
1.44998672379335
1.0179397583201
0.997862543085738
0.959099161817634
0.937625128839046
1.19361040420404
1.18536331934924
0.849572423995539
0.900831076200035
0.8207720228836
0.843341950767181
0.988852721111224
1.45147376000471
0.922002167513622
0.826890766186808
0.857616919993562
1.04735465896057
0.85790638182894
0.86635213981287
0.905286417121779
0.849168130397016
0.878282317871336
0.905618950260278
1.03589669677732
1.5957355660442
0.8370145389602
0.868744892015465
0.962280319240211
1.09033138703191
0.900779540703624
1.11759910035526
0.873647593507168
0.980200163010138
0.875295548896279
0.928616520381888
1.11486284498952
0.836765954364497
0.823780162298502
0.914750441401284
0.97099835759808
1.02144806586515
0.851017840858618
0.830181846752241
0.855796157731486
0.960156609941347
0.996571543346992
0.859266519108226
0.820878737560061
1.66412357127515
0.914835249075876
1.06285923557826
0.85644409991975
0.892191126959393
1.1015526525787
0.850917782691976
0.881062635663786
0.858866330918628
1.39594268231164
0.860666485847832
0.884272563991994
1.54123021084279
1.03022570438275
1.18301280423237
1.03856148344949
0.920869478470408
0.943317648079418
0.933047791643247
1.14283070584721
0.992067815844338
0.946538380389721
0.878964046636597
0.870313655439168
1.25507300472903
1.2179475535703
0.923068954641552
0.938464037642966
0.916506465612062
0.95227900323626
1.30931581524597
1.18243808800407
1.01929078937016
0.875362897923735
1.18639784501798
0.967573571226251
1.7806862892806
1.30110632369018
0.89173382798885
0.966569232389104
0.903631878049948
0.894902017600949
0.994720794058267
0.884550534058997
0.860586375127418
0.91221131541386
1.7165559241632
0.925927362821972
0.893430390543917
1.12501609579342
0.838904411065495
0.846737357719232
0.842377582346043
1.18249276966365
1.08617475138248
1.06747083985226
1.13248783193619
0.896694733842231
0.880832832470879
0.828689852352785
0.820582859707703
0.848766820088925
0.85729238783151
0.90040123750245
1.01516680527766
0.871690858053492
1.31051452967806
0.852717027685179
0.888917692454961
0.944389503307982
1.4179753268153
1.01962552460378
1.46033593400075
0.879302713162223
0.956012148475904
0.855647263605876
1.03455954911641
1.72118960394243
1.34673458352513
1.16783600289773
0.878084821387685
0.974061462484722
0.85252289332204
0.93135354684791
1.75349484388271
0.945695603291634
0.897193008183476
0.929664366340691
0.869834613356297
1.17385228509709
1.09062661797851
1.09490432634063
0.891302661741239
1.17416294421239
0.868504380719801
2.13588073197226
1.14371494946528
1.4867754031476
1.45889247701262
1.13636578983012
0.942568427044985
1.73302966642724
0.890411983640077
0.902482792890601
1.14237617198136
1.02265980214435
0.863974645554169
0.842622664790644
1.04559927111366
0.832606505108798
1.64156008804987
1.16264503594749
1.41338025349555
1.42923125958087
0.858895701151464
1.0739062275458
1.40592800303637
1.93446515011644
0.958379611554763
1.09990284810077
1.08687157717309
0.841472084291298
1.02274876226697
1.14514680466825
0.945358525734767
1.1001305420159
1.0147467916328
0.997387472880862
0.963347629424208
0.851758582831138
1.20680242147158
0.890481163112068
0.993888354671842
1.39112464708749
1.11273978525827
0.913597840032575
0.871840006590842
0.900309260012996
0.859734832036121
1.14073325406961
0.977369675050019
0.879934250943508
0.866177010728034
0.858876739840268
1.05494446174059
1.3969542078139
0.99648824973475
0.8876721494384
0.941554933061627
0.879435736292728
0.923402616625925
1.12396730262374
0.930761461221841
0.846539087261568
0.992304915808997
0.872941106501329
1.60505742838471
0.816820832775571
2.00003485791177
2.7004020035743
1.63778396449139
0.907262046056056
1.49960826687528
1.11060126646989
0.88446280443635
0.884188679240749
0.966088335585776
0.953911465104185
1.70090498812768
0.908905394171238
0.914589185740028
1.55413397589844
0.890080806221123
0.877857954644523
0.953643253409828
0.860903375945958
0.926007601365978
0.882453090808084
0.835427890024856
0.992438967390404
1.21935186814286
1.29289372339172
0.960214748011285
0.838540353172941
1.00281058865333
1.08511203579999
1.12044128456472
1.16806676833263
0.986171811723133
0.920809968577676
0.949712707494439
1.4830130813861
0.845492576310059
1.84464890777672
0.893124440151801
0.85876350112254
1.10718630342293
0.886634689389552
0.985123185796788
1.005038308279
1.31469220234132
0.980855343115708
1.26115578528506
0.961921361483928
0.910588069667794
1.37858710879184
0.878494914496779
0.93881603105283
0.901248475401463
0.938527453666587
6.00135137329674
1.0351085713588
1.55422042066936
0.927107018301703
1.22310110245952
2.02236802107675
0.850009987883011
1.04539973192643
0.830956655860504
0.929475065243051
1.12676604487199
1.1906553894789
0.903534980807954
1.06344756841265
0.939353987952253
1.12964311401969
1.16845803274356
0.841687267516955
1.30258445641106
0.836687042784316
0.846272383423289
1.03867463643078
0.907135730436068
1.04131702319199
1.15888157640708
0.937684404167694
0.977446285272115
1.47131557488344
2.55004482053736
1.12834598996237
1.56532075227821
2.47254960807835
2.3147470463838
1.04963355036295
3.94818597994671
3.3150983349372
4.33456677523182
4.78900832474216
1.30498245585549
1.48085347968364
1.24708427972623
1.7925773779574
1.76709028837183
2.82463258269073
1.94459281369397
1.10284195373773
1.27452970690075
1.07479225637085
1.16479673901222
1.24205064672885
1.12100139699515
5.89420950643897
2.63759459734659
1.1875418830589
1.35403806215642
0.94392316983154
2.66564701497339
0.967456603810396
3.6405376072285
1.00724432895462
2.81976843611115
1.08871839931924
9.13136569199648
1.36601593804611
1.50910162590491
0.811478923844036
1.77662543615856
1.11277648588807
1.64751133672898
2.7482102762102
1.42974797416122
1.14896522354638
1.62522818077074
0.947129313776343
1.5255494379536
1.28159628684959
1.61356826747635
1.61149917333585
1.77704106712881
1.88710111787664
6.08275483756668
9.18184069324154
6.9273109381913
1.12029567384229
1.46916323419485
0.874385187470677
2.58314585795703
0.936567685763299
1.23548677817998
2.23970817099982
0.972477948548064
7.55946276338697
1.81655117870983
1.77437860559203
0.969182993054818
1.45365848196359
2.23706130798157
1.92438258146872
1.60657230375157
2.1975431153033
1.61549129960969
1.4002674570062
1.56264391497867
2.29593653075223
1.07101221247357
1.52461054420168
0.89865354965173
3.76766027295985
3.13074124779794
3.66346897568729
5.15844830528465
1.02059481909143
1.50048321462766
1.32273488155974
4.37730798612918
3.57792087375522
5.34960637195191
1.7376020496498
4.38929779767787
4.24040298415756
1.43300839462938
2.11586010105106
1.94811487288739
1.44376330289502
2.40655111945782
2.48127663355645
4.70565269620712
2.05882807252567
1.43705414140283
1.14646330000442
1.26961194282515
1.35638907225691
1.42983553285575
5.37515234301787
1.23644495118068
1.18187608223184
5.31655208943214
0.921489063371806
1.05303664858161
0.8727593261119
1.0555648960058
1.24442601469146
2.101290107957
1.39726632334094
3.17652480510557
3.21803617616497
3.19788802209663
1.85706974323935
1.24572825000889
1.61621069489043
3.65245767795129
1.6332165172513
1.19549559653697
1.82008349223056
1.03243888440363
1.3782891258036
1.70041395236331
1.64343146714946
1.10770191822491
1.27570383482603
1.70746950092829
2.25935621877214
1.25814155560446
0.865754553793803
3.37153123064345
0.892064457404084
0.99279797564039
4.85820003219269
5.45517363332393
1.38503643752256
1.8507274736136
1.68264210441625
1.09230464051441
1.37308042295533
2.02207684959283
1.37888357910573
1.08891394857443
1.00515759031814
1.13980500074217
1.14963102307446
1.1182992598103
0.893722992318286
1.26157877994126
0.892393941694762
0.900917853750476
1.59481707121769
0.945675599861719
9.94169049123475
1.60780147812435
1.64423708712147
3.08545418293459
1.51790605913154
1.73692869268672
1.57218366361817
0.91801056183324
1.44537222300772
0.854714067696736
1.54707718008442
1.58099828971107
0.898568677021278
1.76605603684671
1.17134747092319
1.74297491405258
1.02137947938265
9.95078491796997
1.54139176243511
1.55299402252227
9.90975958865086
3.20019645173043
1.01714884780493
4.03470420173063
5.91145540790608
1.22483259152053
1.8648845297199
1.17353202824613
1.09943358916719
2.31735219777411
1.30126455765833
1.26536937087645
1.1098040840433
0.890380363759975
1.41539889858292
1.30739045381302
1.17485578359576
1.01035123781002
1.23386729702387
1.59177111034901
1.60928626759739
1.98757716338288
1.62530477678987
1.6742453235916
1.02724493970504
1.40814824372087
1.01598633833136
1.62960537036922
1.22696956375476
0.914698507199929
1.04446612547893
1.92777475756021
2.07418605389655
1.66302589964111
1.56838222794667
2.14818875737431
2.41228349437262
1.38718021396013
3.74835591510149
4.71690799669611
5.40244427816251
1.15195694868532
1.23246645722715
1.38799824088663
1.09058411299891
5.85921129206722
1.62644456033292
1.10822318177358
1.32788635523227
1.128203171429
1.04720898474233
1.17056972851585
1.12505836402184
0.948580489340766
1.6702200316725
1.56074501096468
1.60302720876914
3.47830918343022
0.92974939984495
1.6107149635789
2.35616176875819
2.17333267877625
2.75527578020591
1.02549900085408
1.03811217553175
1.37812043378322
1.84233702867136
1.2539901238825
1.41547063639618
1.82164041100783
1.5250628662357
1.11835798868537
1.34263650189214
1.60953433653365
0.983355648801341
1.47258786043612
0.908556628629545
1.21329562941242
1.83607418408174
0.9502049955651
3.31460922313858
1.03513631999575
3.74001490933753
2.96596960290403
4.03649491184059
5.12494646336194
2.90841696316859
2.05996695101536
1.46898485080665
1.53750268182086
1.24203249963077
1.90332799948302
1.17986653121899
1.33827121754078
1.0777205291011
0.952234382580048
1.40967766692201
1.10988005219848
0.958382587220421
1.34736702144877
0.943058304299324
0.884613018919895
1.00375356896154
1.98541548557677
0.852830332605765
1.86073327528046
1.49299925057235
1.27703862276957
1.31424179917766
1.40782568431266
3.37005505707127
1.6245229043099
1.51594342653455
9.82121144073464
9.55362205600925
2.08407220115328
1.83376986306736
0.945412483928957
1.70570361242366
9.72563717479213
1.4951583276569
1.02843728402804
1.67008787188433
2.15335117040153
1.5769938754937
0.883418027299062
1.51003098452716
7.80379727487011
1.28042873191289
1.25884990560267
9.2239695440803
3.13219862368573
1.53731643929974
6.06091247838351
1.85407171839742
1.36741440010307
1.44871646451238
0.944845667700048
3.17649859250496
1.6129460986029
2.53089143857084
1.10046101880427
1.00489931932609
1.0319843715875
3.40904168566013
3.78378933543192
1.82428439523775
4.28781299437845
4.0081184280834
2.18497916098482
1.85996561069557
1.39164295822626
1.25818189662153
1.90560935397582
1.3684498979403
1.36080674351702
1.09050115932184
1.24108784794584
1.08178901446954
0.966254507769181
1.07621969338605
1.13542366086003
3.36640024661409
0.90041586678183
0.938092889159923
1.28217517384317
4.05394409392484
1.04378236257186
0.993865145085111
1.53268481463835
0.958354710626321
1.49824754009658
1.03403931802418
0.961199034215298
1.48430278036967
0.871879277125432
2.10861713435961
0.980571124248818
1.14221234170055
1.32890651663002
1.06611454297295
0.86470440586712
1.23399395089926
2.11837977931756
2.01809782292199
1.38660483412032
0.920030843261697
1.35268613231545
1.5051145097041
0.923883054618079
1.15417442350699
1.60249832845006
0.931030225351244
1.20048736799454
1.25299067312184
1.51097616652262
0.947872741466947
1.49670777780535
4.0906091198013
0.921195074821231
0.908700085206651
1.50076619489287
2.3840084736598
5.63412994252166
0.899651720678828
3.13713507691002
2.45506568591166
0.895170762344186
3.23493990677858
1.60019901277252
1.00758637291639
3.72343700634308
4.49745420950348
3.53843624890512
4.30611931863831
4.89656432347747
1.58436601828389
1.18261194113478
1.98693184518328
1.85934424560282
5.64918404659504
1.90614903354098
1.11642913179336
1.61404258588941
1.15497320053441
1.25535136908195
1.31001122956076
1.16542206752364
1.03438539395548
0.910959101701087
1.56821480849682
2.39950758437401
9.88614050529794
1.64487887517927
1.30557069415844
1.58989021085956
1.51971291365845
2.99815260490388
1.86288734922315
0.894544896897645
1.330526611544
1.52466391761842
1.22610670031796
1.16187327735189
1.74063619476469
1.58337283042436
1.23516261997936
1.48675625064354
1.04802188563029
8.9887203755612
0.943629712248822
1.00306006226803
1.60919808698523
1.34916481498805
1.81054332015951
1.5524059732111
1.27232935246648
1.119800140906
0.9341568569324
8.07844332934724
1.37177955136996
1.38057641294608
1.34804352108748
2.89791358576471
1.71398237454766
6.80698362253315
1.60148402594286
1.71160004596288
2.38990558445888
1.93398225505387
2.86037062725238
1.17571315731803
1.30429938700401
0.998682163434233
2.5504117114319
2.99325315530695
2.72326074448832
1.76799231210018
5.21087186875695
4.13164454168183
1.28803799140015
1.62938735284136
1.32029659481784
1.29762514715829
1.17784830690951
2.23895895011431
1.11329254899942
1.57859001993218
1.14157257735586
1.28653323862745
1.34073265273011
1.13708719911738
2.33905562291354
6.47910165859094
0.898661275783483
0.868983361629187
1.09733238712405
0.87733609158047
1.20408055885316
0.896210065302057
2.06494752793697
5.38363363717393
0.910909931674727
4.12054969359639
1.21729494535314
2.74535939586994
1.26914011017464
0.9006346612341
2.06442639157023
1.49251137702014
1.32992869500297
0.88092875144332
0.817981689694905
1.87343937067712
0.902527147095224
1.6839175105877
0.919338159936588
1.37340609404488
1.33445264767073
1.63579248612544
0.890977226487142
1.61289776986516
1.04525881588732
1.56551111070199
3.71729159422639
0.911587799320065
1.17879750475638
1.18231468777427
1.40806466716848
1.01629287271598
1.20136180821963
1.03771470344626
1.25204259461916
1.2407078202694
1.27683060672422
9.88858634917314
1.07785029553305
0.823803440688796
2.06126302621783
2.90874383456209
1.59110479570049
1.28380918573977
1.50153081165529
1.08796745968451
1.07575446475439
1.09080354691149
1.21089480837425
0.890202691796245
0.915529113778164
2.56794054235292
1.0113899405105
5.29478169836014
2.06364557094894
1.5968689102041
1.05820558394304
1.10240046150351
4.38984440644841
3.28324875105972
4.18672342548913
3.79688576683425
1.27727349168929
1.63112831407803
1.43097362005105
1.52684966924224
1.11672084947796
1.78030387324646
1.59653429259003
1.21347581504071
1.07088470172356
1.25595170763096
1.14579063600031
1.10284600638488
0.87597729969752
1.32607570083855
1.73103557781866
6.51875351893904
4.00738009037059
2.94370620920187
1.59914421078221
1.2745217124617
2.77351537435112
1.7121928381672
1.65083518816308
1.00835031433116
1.34825907238363
0.981975017701408
1.20533778617738
0.918380201607963
1.33960548472635
9.37161047229726
1.74125543779112
1.43169979222754
1.61131071619908
0.81399039919758
2.09184240720393
8.31924919895508
1.1890681932881
1.38465758953497
1.2598013132565
1.21798971670432
1.73977912435065
1.26340864938981
3.36315620372796
9.49547592622531
1.30897885227455
0.908717605502417
1.58794918534823
1.65301759522203
0.998920286013233
8.62373710944798
1.00892497275628
1.56156478005241
2.34458725524508
1.5413061521823
3.68919997401912
7.44468992605752
1.49614404540684
1.38708328939725
9.6729762284974
7.38801317445722
2.51455805555924
1.06011600034667
2.27494405704449
0.891883004493471
0.967037386806894
1.35227865113071
2.46700551229247
1.45174557045816
1.5413277026672
1.3566886094783
1.84874088929773
1.22913472264096
2.45988454538381
3.46304818758004
2.08742128420103
3.28854405027496
1.86065871704348
1.20706340694683
1.72364096979919
3.72355974804944
1.96435043543678
1.99521058930401
2.37054931655553
3.26916084816745
1.08297204765612
2.76123986704892
3.87325277233748
1.31517722292871
1.80697281277603
2.17585478316143
1.1000358918337
1.16786434674994
1.71784594646918
3.23570199811875
3.90226532587208
1.60789920005758
2.69436972845599
2.69421291646773
2.87325083813271
2.46540789308927
3.65845408097907
1.13012819444503
1.27648394529978
2.1294237127095
1.30522131633193
1.7234243361202
0.861977043474473
1.34722538837255
0.979396594571909
1.38035877200859
3.61512594635803
1.39752005935612
5.9524821505885
3.03111916465509
2.68525751870046
2.4221418853823
1.86348223761584
1.92393157790579
4.06081454686265
1.42960609723827
1.82259161755071
2.00512456002912
0.973639348032731
2.55272378296149
0.851048877254198
1.8918961248919
1.08480391428215
1.28298230733074
0.987245633910357
2.00264072438166
1.66756878826087
1.27963450134142
1.43857477555438
1.6393722362163
1.80900595383589
3.67249996294866
2.9512047513152
6.10955173536258
1.3708844090149
8.88443646418989
1.23354053975863
1.13255142298832
1.12369786410746
4.32962639748531
1.15026751403398
1.44805874213798
1.26580177999053
1.20779792456319
1.18730692405215
1.27463916951118
2.12162761654898
1.53788026077412
1.33236893268697
1.16791934598049
1.27574515144632
1.84102427159095
1.38216415476758
1.27531284234869
1.73079970225623
0.99109455197006
4.41826603101326
1.64381935273575
1.43127659984764
1.66110904904518
2.02577827473682
5.61635865399746
1.34430872350112
1.23983916639005
1.80040253157505
5.20963999279247
1.70650443292188
6.02858062322694
1.77805874769576
1.23899284883288
6.6415993282942
1.46858467350896
1.18978456508447
1.2339142014982
1.69875597108292
1.33359688194631
1.49661780687703
1.21925464349883
8.97394479816898
1.44940112732106
1.11448991903223
3.18912698445653
3.77474281149422
1.41197890788239
1.73193541040172
1.80279225704288
1.40879200302742
1.09591947638962
1.11675674379731
1.34930996568692
4.5308389835247
1.11609501136783
1.64703832706892
1.45181409328438
1.14583081022304
1.11357332111415
1.648150099148
2.28834728126556
3.69771351846073
6.18513883137347
1.18836172547623
1.30303071917081
1.70070869335676
4.03957302803194
1.46053001998482
5.60196183723212
1.40138920070516
1.26166774153943
1.90473611150445
2.1653948166874
1.33931376276608
1.40303257572244
1.09746586711793
4.20987133140372
1.35922809799988
1.41041329043724
1.28296445765495
1.59715786591722
1.05152702718116
1.54229592626634
1.35544360577597
1.2934566619504
3.65141915844102
1.55407551346112
1.08006832246553
1.48014492528193
1.30566028364729
1.43168710355503
1.07737582125152
1.04242566075413
1.13734378760626
1.12052510994606
1.09306588735896
1.45092721033063
6.20727379797112
1.61373740008604
1.59751862598651
1.86703839184375
6.32364638715771
2.06228474563143
2.62443285742083
2.21056685027529
1.23661480280515
2.44261159298449
1.99306339112402
1.43624798830187
1.01479534646371
1.43546719872767
1.44983230460171
1.0738591409557
1.48589311290058
1.15935465628537
1.12854538980967
3.67876980011872
1.91309931965271
1.11544369787051
1.88118831280768
8.38217159100985
1.39573727654355
1.0304567528183
2.20766489508125
2.11700719492109
1.30986852620323
1.1728638806115
8.13196530389584
1.50197943437533
1.08129034889125
1.27326132216805
1.10740874744002
3.5763703041058
1.45252344310132
1.39942192596673
1.28145483254174
1.17156374780147
1.03596192588287
1.19704683642957
1.4718465929043
1.64887744953817
7.24858890759338
1.3618386313318
1.25985755249228
1.78618921405487
5.86370058522646
1.98064043552802
1.08765039206618
1.37334689334796
1.18087464117748
1.12480769142004
1.39250370438657
2.10562604377282
1.09585614556044
1.15394995960164
1.25886033541089
1.48141976213937
1.25891087727967
1.40360265309209
1.4434606926722
9.10448210126829
2.54292091244189
1.14684820562691
1.44349729107574
1.29277098949262
1.29343195512489
1.13627802630714
1.22735986965288
1.16808768075113
1.04517757267652
1.53167158027231
1.03481394631961
1.57709062379648
1.18988128674581
1.17465334814103
1.2047282093014
1.52430849739166
1.2526430664155
1.20596312900663
1.29190230207167
1.41742193589286
1.45159286849493
1.21530993482249
1.75327841610426
8.8320108495578
2.55073362225074
6.31997614529632
1.62322297593306
1.55272313812428
1.10732309347628
1.1903399125548
2.08424650150941
1.18071915986775
1.2921641376546
1.93214216564834
1.62764308554685
1.15927730916889
1.53300933685289
1.66051664087271
1.25828471742862
1.22720135696289
1.54030535999853
1.99105957348496
1.23190896831973
1.78829095249797
1.33733296045473
1.28011628035487
2.5057528210881
1.29823006644451
1.44705802140632
1.50373792913623
8.67310332445127
2.42999562504124
1.02884116856849
1.18174497053427
1.22041662756634
4.15671392835009
1.39717505528811
1.22862895411422
1.67719995535517
1.07553320653868
1.29335156474922
1.98949498826762
3.91814174696631
1.18135591837479
3.73304044262762
1.35206239942517
7.42145874636813
1.21032458403522
1.15280613878218
1.14614687572058
0.93716112093325
1.62290705401623
1.17815051408348
1.43723013734314
1.18199142993887
1.24356712927501
1.07216255234148
1.71601229309513
1.36389630151344
1.145166008323
5.62666932613615
1.6878692459606
0.997351908466883
1.09993277259198
1.58628609167297
1.09511721754522
1.52557439349007
2.26023032002361
1.36166272439919
1.27016260590409
2.58771189477643
7.51337377818304
1.50201436315142
0.952783428133826
1.18286436560607
8.0835232348263
1.16618871761349
1.12294850590701
2.27161325777073
1.24162500460779
8.11410193062513
1.4401896393345
1.30060725734759
1.6016241089729
1.08836791174322
1.40719016080987
1.81199069891486
1.58983945595129
1.00281024785479
1.36961411688604
0.984968087228261
1.21972900011454
1.12894851724782
2.41361129795276
1.63804029441916
1.16366748560233
2.27745242987759
3.87985861607353
1.4183600233279
2.066562318
1.87727990588384
1.59561008816015
6.58166068091178
1.22969443909907
4.33111381389285
0.937086677388112
1.7669101853896
3.62261452145978
1.22323794734685
1.15406208660711
1.30348527647054
1.11039319565095
5.5734297234065
1.33265730693571
1.13676699501939
1.46569509602365
1.54435301115217
8.33111029112163
1.2308035222407
1.28664834242421
1.26011347256046
1.48592619277076
1.83924262511513
1.22116913813954
1.18687018981269
1.70000997442206
8.92766413485836
1.41004221593874
1.04387961607635
1.23339061233826
1.39397987180228
1.3810715754473
1.23430326206754
1.5600761698378
2.20419270346858
3.78125589675284
1.31135930497524
1.17746141173425
2.35289671871045
1.26759907097388
6.56465743980223
1.45883896582011
1.11679784738226
1.2251953029827
1.12180987666012
1.45384974703252
1.14530836137221
1.23385781202001
1.16302570695403
1.19168612708455
9.67558025792449
1.21119147215536
1.15475756063018
2.26280191478397
5.70200143423328
1.24270181119862
1.26461408390774
1.2941726807216
1.33493740002889
1.25213310789342
1.02916437563679
1.29586268737285
1.6975601939092
1.19156237748457
1.49699045284373
0.994278005899307
1.36852698587724
1.2171203607471
1.36199040489432
1.2805263787721
8.95689993929264
1.41816120223639
1.23193957533679
3.62129516285
1.27005002633369
1.42438960585519
1.6288716051619
6.23754705909196
4.53483193316782
1.11132916061524
1.19686658895529
1.93261317259528
3.82489647825759
1.32871333599889
1.7858978510688
1.5066649271207
1.22133019878428
4.69704006325741
1.05168459789597
1.43906826970314
1.22105994268531
1.2524412594129
4.47725175311546
2.01756678950292
1.18642609839463
1.3520927211162
1.66198083452331
1.38939557199108
1.12331622337267
1.55261042961827
1.45247457544022
1.11228695369823
1.30499055599296
1.53200460021788
1.81728873223815
1.25677369143554
1.04177325281497
1.30369835111467
1.26372105907084
1.48579420106989
2.77639056463126
1.72053021946768
8.63148514034141
1.80873290027305
1.80366934989554
1.11169203230959
1.45668545570774
2.97240785575446
1.06011859563827
1.43504523581158
1.05463009254898
1.14081111581913
1.63794792230025
1.28133714080037
1.0459997587583
3.62394069664416
1.18824959487748
1.3561433642295
3.55687826626507
2.00290680530673
1.61354582639767
1.02656335977499
1.2292373892468
2.51573180784235
2.58738472352383
1.33582027510706
1.48040224910265
1.59772515266678
1.66438185795911
1.17469153733432
1.04711029203654
1.02040213452558
1.40400698531989
1.12034325867892
1.15065749400413
1.31840279749514
1.62070557550185
1.58419981319977
2.3066469534116
1.96081492188056
1.70058067633
1.30507751871496
1.50713925877511
3.37825647805751
1.11992825861631
6.01487112052491
1.38758515764572
4.59113746483421
1.75423479162061
1.34347468965969
9.62986140652942
1.41944166964453
9.06094585931822
9.92446442117642
1.68422190168454
1.42538919878654
7.30143113668221
1.24660571507839
1.26540062482456
1.17984849494464
1.13501838109171
1.3816946246761
0.964328075688502
1.12988075347189
1.00233478391507
0.917404154190239
1.25640781540535
1.0173130120007
1.85045088245668
1.14013800335533
2.18727338324702
1.29746454435977
1.11514756980042
1.32004919917166
1.37527338245664
1.70270084528741
1.61270528715924
1.92317302748362
0.989644736725187
1.00415542235584
0.93712614106288
0.864049171064489
0.994591180804204
2.04170625748236
2.38073409201244
2.48474223340413
1.72230877289293
1.16434232669985
2.3335299964413
1.02104573730549
1.22125283774567
1.34059690741227
1.15456162797869
1.24669019126451
1.87389671198349
1.12423334412279
1.89809593251303
1.20169089545757
1.23176681199987
3.17704226087327
1.89676867556431
1.17840805748147
0.938273308457483
1.26453210333819
1.09139954671513
1.06614124341012
1.7310203675975
1.41092976633639
1.33424377363894
1.86364730069291
1.44662629923851
2.03888442788667
1.36418960090695
1.24141456991466
1.85082766043494
1.53972462090523
3.30503273524443
1.35630325392005
0.989102201081763
1.40857038108901
1.29094487281941
1.32719896019681
2.11774533382399
1.8235090227435
0.893141788835932
1.36775549614192
1.0557116429369
2.35435037575603
3.98277645780063
1.3282971349406
1.12253901838738
1.46172338997433
1.37503408724484
1.37276169749618
1.39183728782184
1.00251236236537
2.71857363075646
0.863452375638329
0.949659878544903
1.14250475666591
0.985973444958854
0.986107492197727
0.887929556790105
1.29385418646392
8.13810552023864
1.55502337880588
1.25453895346256
1.12322730978256
1.51568824400775
1.371286619896
0.914637094222354
2.01285740606205
1.62730385248186
6.08056349510598
1.2146088618886
1.10397417908344
1.10541083804456
1.26380872587351
1.45587930490792
1.06439214905062
8.25605135608774
7.94532916549474
9.8894255089104
1.69355922544343
1.26639280183531
1.17503750770443
1.3353749542531
0.851863342647606
1.06429739817736
1.00921717520558
1.0829928014724
1.07623051247447
1.22358896182123
1.14073158065828
1.00888222971059
1.32046213049948
1.53978375396676
0.986899361787657
1.02459561682526
0.95254649779967
0.860730677448309
0.960700219121148
1.27095236939852
2.67418623844467
0.92416044050939
1.87759808334183
0.911401251043353
1.31011498725089
1.31410709463605
1.5506813542208
1.98309864741246
1.25734323702491
1.18320765863707
1.0360236022229
0.916048855508133
2.38218597320821
1.95901840038159
0.993069203685918
1.11194450237854
1.3164987024875
0.89421851671726
1.29725001031241
1.27460664288977
1.22578997332015
1.02879029251468
1.05998459825816
0.84962685193472
1.31869585839208
1.08306168481816
1.12108048591374
1.33559521641009
1.07221808464584
1.6870000717749
1.22322201790675
1.17614257471484
1.06860733302389
0.930643066685667
1.13711189853174
1.41271369780081
1.31821429798512
1.05064482287724
1.07339629300117
1.6370366030172
1.14329330727676
0.980475497757346
1.21936094129742
1.14172631535869
0.911701931027773
1.04890541590426
1.05296938919849
2.02115603019836
1.07392808310969
0.840495705673734
1.03362849799806
1.13455090877225
1.07997338452989
1.01436609661149
1.72634124677744
1.04492804380353
1.21734374198448
1.08176572800385
1.36959422917843
1.11919161113341
1.03913337353687
0.848507053275125
1.9730941982354
1.24178102161886
1.757245541053
1.15410164133047
0.886467924199489
1.10182484566111
1.20263820233901
0.863263244091211
1.89658482186827
1.04911481050542
1.1973498522312
1.3339838861342
1.73649170954276
1.08080748085722
1.05609574363354
1.68621103984151
1.07412834294222
1.73920020606336
0.983812586246481
1.04743103480753
1.99541018073258
1.47472367617576
0.995831363990021
3.62377153451196
1.12146195206615
0.915603968302126
1.03631734982327
1.43766108036893
1.90594452313819
1.47925886196112
1.21284853324569
1.14448606393451
1.06978383515996
1.30289082324885
1.39019453444351
8.22381289456266
8.08352173424863
8.39645532092145
1.28061323331824
1.05406292954606
1.02333898103243
2.13969559582883
1.04370681644398
1.49797393925217
1.79511392532086
1.08022615607429
7.14470908515295
0.826471318244503
1.04037901082106
1.06752605986799
1.2492550342836
0.917038983705438
1.05320186966601
1.03610252391538
6.05168926981532
1.15995733976829
1.05728900350248
1.13086636317399
1.18233838935189
2.10076219504367
0.983340562051465
3.94272468285262
9.1309559871271
1.24067391908626
0.925482669361337
1.10307277508051
1.09823028667587
1.80299606463169
1.09104154008152
1.31075304433813
1.40317098920944
1.13652873307382
1.19518262408252
1.75783700402849
1.53790959353057
1.00197563397108
1.69744271591165
9.04769872911726
4.06084840692885
2.21309829699483
0.953983192155783
1.97999064087572
0.967580997996461
1.81430159259804
2.18956575585377
1.17985123551929
0.899679877391116
7.52479099587246
1.20923448019097
1.04360006944729
1.16641273740826
1.26311927889209
0.965094393263438
0.963913584218988
8.70098282892717
8.90190344764967
8.03381485081533
0.98682653545447
2.80672545488967
1.7286088031019
3.65889863999645
1.71410814369167
7.92143503203702
1.37620921739807
8.76251120015743
1.15132419678806
1.27230669154295
1.43666174975625
0.892635207176247
1.4477620719482
0.985691148366009
0.970620677135615
1.17595456541929
0.887757636674087
0.937993142182112
1.03057316807226
1.47333059974934
1.54835124440421
1.0310749762519
0.854382710254207
1.10914057721174
2.09050792556655
0.866925665062843
1.65977993480313
1.1149722292515
1.30440157155036
1.86748661743936
1.74512989903361
1.37938100888911
1.29629904391791
1.27960871508299
0.933248496748775
3.54008655567983
0.858155544663307
1.04258716407486
1.58291279592287
1.41002577701088
1.53227260740166
1.41862566526489
0.880377482563942
2.15610171385254
0.988749557681068
0.859477429049904
0.872368468591368
0.978142062761878
1.14981301361384
0.92886873897084
2.21263123326325
0.950189217444263
0.890796844269627
1.46875635953743
1.07943130141507
0.8469385371095
1.07451094969257
1.08414065317687
1.71786338276847
1.25215388895795
0.905644926071976
1.15055133279736
2.42747996021049
4.67870930224412
1.11133152179797
1.03197398602329
2.92396680832363
0.918326377501869
1.04001380728284
0.995956344466026
1.02822216171793
0.893608935591086
0.959327130401987
1.19976840571281
0.876389836896592
0.869495464462923
1.00681922325184
1.7575688723841
1.12862233208015
1.1008369686127
1.13677718480712
0.942528051685464
0.946172234863074
1.00591278608052
1.36021300863993
0.849130487902848
1.20625761338101
0.823946588306663
0.931542579157975
0.891492436296777
0.92527383682391
0.955448826697198
0.944777164568548
0.945316496159643
0.910437396971026
0.926922488643678
0.949809721129343
1.15523089472474
0.889757092786994
1.62641462004028
1.39415633837106
1.76933569453028
2.56573899777171
2.71650153904696
1.74130533128213
0.996255011327366
1.0430282665962
2.76933111547247
1.25914014736902
0.928511004453754
1.41591575528992
1.23996071592826
1.64781372332965
0.860406031117719
0.852235754055558
1.61267634171215
1.88936252990556
1.1445160912293
1.39682602337617
1.82325732550333
1.13840325601538
4.81865765622313
1.23125977934118
0.94376108257868
1.86123182307099
1.12915296805456
0.923536709694856
0.889893472971194
2.31093744946525
1.84260859881874
1.07378088692879
0.91498645645257
0.859128676742768
1.85346816027779
1.29493031058512
2.22098071908593
0.886730037236839
0.967992989242794
1.82170153136729
1.31666968431343
1.73361546084873
1.14829299681054
0.901025493147274
0.863712728918786
1.39171870049917
1.3515299950242
1.06127578005322
1.08572130121871
1.11701088855495
1.05863962779313
0.853944930456641
1.63960478225407
5.98359197032465
3.56103556119996
2.74431215470002
1.20435360703665
1.22699325059947
1.73932167700506
1.32923266664062
1.9882732694191
1.08437886285543
1.01138026293578
1.08270557480447
3.26861773780462
0.891488871529435
1.09320423800798
1.04890799251713
1.28763884764535
1.1490635739176
1.18083673354071
0.973153336701337
0.951966472008876
0.957463393547907
0.883100326291653
0.922374808831771
1.17006539681599
2.63043736090278
1.95426925114582
1.79978842176194
1.5606045900943
1.14616139450119
1.17318974774047
1.43191941582928
1.4574174616973
1.46914092706569
1.05085252415536
1.84896114434976
0.860380193019781
0.899993668420438
1.45844399563842
1.97671050624238
1.76462515526842
1.15569916860978
1.5665155450354
1.6193531913826
0.887132675323812
1.20745347556878
1.17713473731906
0.933260379081996
2.11497042858852
0.976887115092225
1.36786873217829
2.37250309925088
1.45457537515203
1.18136976343472
1.43878580448819
1.8884033730611
1.25544322870037
1.18915134819784
1.29480201425943
1.59400025256105
1.55106899784512
1.45100515791505
1.76752087384312
1.61987593382324
1.42928658208777
1.3017446594115
1.44272709088399
1.2493206936257
2.41756759663829
1.48345458015372
2.13518561117591
1.19893877850654
0.973358098829726
1.87012203321869
2.51950829402232
3.37676607529153
3.79597606579223
3.3224092663592
3.11955060160717
2.219572849781
1.02476854092522
1.50882661635418
4.71021621037592
2.0050285569482
4.07919919369277
1.19067269046851
0.984327120218277
0.888498242855226
3.56156249566189
0.992806698499308
1.26807118179789
0.960495994081062
3.48313695665941
1.72158585329782
1.16651575184319
1.15729853410451
1.78795881342977
1.15118964527448
1.12697902905521
0.902037265395818
1.36582199704082
0.882042942305343
2.93201695815201
1.42553981148154
0.905697603207676
1.06213836341773
1.31813000685188
1.13302896346457
1.7151687069833
0.936285128822317
0.980534030987578
5.1563057400699
2.22615901217573
6.72566190914931
1.13161434950825
1.31184651578219
1.04130145514012
1.33613210090198
1.17756839436223
1.11967428482798
0.943792518093008
1.09786217849347
1.07794612712835
1.14745301089218
1.15835775486059
1.36891846267353
1.21728371146271
1.21033670334374
2.42420185571334
1.20574277888095
1.68463521858604
6.8395850123757
3.64836280984068
5.63218318979757
3.50280699873602
3.12561777883913
1.64633900664197
1.14161250471289
1.40279489851734
1.76720088607688
1.39183213955785
1.12067066934871
2.66616831172397
1.16875593431452
1.19812938609474
1.05059642803276
1.59877115193138
1.42344798673359
0.955373549848962
1.06060402321226
1.27895544892225
1.32000575247922
1.68416760716823
1.52786307791557
1.36049010416237
0.980815786332469
1.16644084191368
1.23315854249682
1.52186594959601
1.39114536602435
1.01415275187438
1.17721594733883
1.1331825945368
2.09858998336194
1.23210414882668
1.35924459230422
5.22940027179186
4.72977278476515
3.17344201024561
9.10480700862837
4.33162136155648
1.82698479195806
4.80531499191381
3.43629972928451
4.76182072124947
3.93834624686613
7.86661389232283
3.30808797786919
9.41338868884413
1.91488181699085
2.87310624793139
3.37446959920752
6.5669525808104
4.03711308335293
4.53653936666667
9.43236363484694
4.12734105100336
4.93114089411225
4.20303673929696
3.85177297270704
3.63240149156091
4.28350311229095
4.96892983793364
2.0391821634474
9.40618073097819
1.41875155786107
9.86078640849833
6.01960369959954
2.27368391958181
3.76719141238345
3.30222882614854
9.9862900315317
3.2286115620429
4.67275477718406
7.01499163951492
3.82771378262534
8.78439225636696
4.75216801726817
4.47451550408273
5.38135552367481
7.82991789500275
6.71569706174667
1.986017400742
7.68924046196495
1.59397904223212
9.94767872530326
3.96762348993035
1.32891390037436
7.98917148806793
6.9959360088474
9.60150663698779
9.81038971041474
1.17632191211879
3.46448495665203
4.44484381950123
9.28936728492606
5.21588588004525
7.64644446544383
8.31392457857978
4.58247243902898
2.09082899856591
4.98254294347667
6.62732189722965
1.90361751105581
5.6960935720801
8.48688180649489
3.13911211346306
5.3312185216822
7.99514307146509
6.74594160630098
3.71227544005379
4.64923283318507
8.74488191943909
3.81464032460375
4.51331590636413
4.51386386876962
9.20859397058678
1.96138229252055
9.13308384808296
6.56602471870431
2.93569520384526
1.45769537674532
4.41381780243114
9.99198027985128
9.15615594342591
3.94625755127595
4.96402366855156
3.90472034802357
9.06314930467567
7.74710537720559
5.97071172790325
2.20917057223916
1.77761814601866
4.39871888143471
7.67460185642458
9.20008214894898
9.18493857563188
3.71091037350998
5.96097518171288
3.46064041468015
3.04674877859618
9.95322755540965
4.66989573571871
5.15566716505523
9.99179683686098
9.81623051351361
9.77466706746781
1.71097341981693
3.38651897864926
4.19910021730666
3.28608267863561
2.59282390670712
5.4720911410959
2.06359582104368
2.97398034384027
2.00426542972537
9.860158299046
5.83424018617984
8.9274345539099
9.78695019267976
3.440294280855
3.68850635613556
9.33112042248189
3.74943618021231
2.27111173890606
9.31220780173926
9.42178434412096
9.85953001782132
3.69768044803887
7.2666545440181
3.64509804102111
2.35982188881156
3.75927917235919
3.89907099459892
5.01635977031942
8.52782531321106
4.00494174726678
1.4968343782962
2.40656074491161
9.74171352560119
9.30620151979313
6.51917393978443
3.78719320718056
7.58534793515583
9.24185248391484
9.93372214536642
4.76905450866383
7.23750165147822
2.37292032003259
9.44937692199587
9.72612146932169
4.34027014534699
6.83978058440286
6.35103683102593
9.29482207147613
7.6104831216154
4.86276795893495
4.72687992386414
6.17277818882151
6.41580733744014
6.12429754382778
4.77021283395533
4.56806191572198
3.03156752639652
8.0981464028072
3.74279393074468
4.06822665496523
3.66052735851946
4.07109069963244
6.93362312045557
8.16727684153125
7.39567287217836
5.93189910350459
5.05928555178871
1.77597829405396
8.60535812924311
4.24639921499454
1.26571169253856
4.16914453117551
1.91076379212275
3.91877277276839
6.7192359933367
3.71984879148688
1.85652211363793
3.56014456817268
9.52917105343689
1.09500928759357
3.70703947918404
3.3561660749227
3.37612604477498
6.29665032127748
9.41571967537431
9.68790342880228
9.25661138350081
2.25039543394757
7.21527283528531
8.67670811661241
3.87378573099514
2.70155395963349
4.97906175516148
1.77799156680481
4.75087597431383
7.73452157479087
3.48802535667882
2.72452511661802
3.74949518204404
1.74787416173773
3.57222487527255
3.94748630722608
3.67843362979118
2.98065264781868
6.71361208423449
4.77109452688631
4.08374806150937
5.11727282259971
3.76041090455465
3.16941077170732
5.81259576795619
6.87706630725071
3.49874570987953
9.94575698007087
1.39154691483565
1.42167097909086
3.68180039017051
9.97982459752624
2.57197192689115
1.78977087706688
1.33444192166469
2.19139731932277
6.85625284066525
9.95374330031624
4.95091462979225
1.85077179559506
7.60002933825782
9.3617048547481
0.933838353631333
4.28922137758801
1.06957533881767
1.25742972679962
1.30874063514986
1.81706028491487
1.70909473715232
7.84962703506907
5.28726799890427
4.33770363451922
6.21436217738921
4.95945184823071
3.12069894999943
3.70580135245708
1.02285513406145
6.78084777221526
3.78692384453634
