0.030673717765498154
0.20744369954459457
0.4318899665872341
0.0
0.2357721483085376
0.05710722658676021
0.0
0.2857263886392691
0.0
0.580964069224024
0.34714660055243124
0.0
0.07689858046975045
0.07310102175908491
0.3415562308429387
0.42359836540833656
0.35394461478166317
0.0
0.7618772721755895
0.8225880615176722
0.0
0.0
0.4603184358200276
0.5455707599366066
0.6115056089450218
0.45346123991851445
0.4205436252977757
0.4584813270210012
0.21240484283672095
0.17004988317782424
0.2011048490684089
0.3743758591912297
0.3480423300858378
0.0
0.2770229126506317
0.14363183829351245
0.18274128191696273
0.2823151217337128
0.14472100673646343
0.2714906269330543
0.22798861097522777
0.10105273279803037
0.14018429714653222
0.5632835443882357
0.0
0.20637500586281415
0.43896333246298597
0.5137342079056243
0.0
0.37697103727391645
0.28808423532221406
0.0
0.24877139720233546
0.0
0.47606952833599997
0.0
0.4438180503721543
0.28879872749598384
0.0
0.06555937693881254
0.0
0.6893086252546006
0.0
0.11270931899924136
0.08803122119261411
0.4506935478529364
0.0
0.0
0.11343893651982453
0.0
0.0
0.0
0.3347065103560353
0.16291860906385228
0.5165801968465839
0.13438854783339213
0.19294740416649703
0.0
0.45897171294463973
0.3370640705069748
0.0
0.0
0.1594256973845104
0.0
0.1277246070876097
0.20682718922470314
0.0
0.33062218076848804
0.291018987453341
0.3776485623801004
0.3057609654992914
0.0
0.0
0.004605273983411399
0.051143503840867556
0.0
0.0
0.0
0.7591003836440071
0.0
0.31159412891820226
0.7285814162422115
0.26065943489294635
0.0
0.0310718769423484
0.4330829758119446
0.429598077706522
0.0
0.5551791100653597
0.0
0.1365616211359947
0.0
0.4375213148713135
0.42169563172604785
0.05523470631361028
0.0
0.3423656956077716
0.21264619823106326
0.0
0.438512383784198
0.0
0.0
0.5134064746847171
0.4131349452292096
0.1046791254122445
0.17150081082568674
0.027911806090285828
0.14017877533112802
0.37318585553412625
0.0
0.5975040828279451
0.6631644080403837
0.27725519688864986
0.18462885515131724
0.7491788616764972
0.022355128909061595
0.0
0.0
0.22494770834456254
0.4742950290759798
0.0
0.0
0.24620153643397247
0.13207161093749173
0.0
0.0
0.07187181310765885
0.2716575029530459
0.0
0.0
0.36844963488698584
0.0
0.29585394891544026
0.8275153406236095
0.0
0.0
0.3469063351228993
0.0
0.0
0.05631090291247901
0.0
0.0
0.14401755389915222
0.4440498604695822
0.21477072982037507
0.0
0.0
0.18469000931134555
0.13523929374119323
0.638439822024842
0.023588229315866533
0.0
0.0
0.0
0.23829008928274592
0.0
0.6247923555249156
0.0
0.0
0.2987994468332181
0.0
0.0
0.0
0.4510992942344544
0.0
0.1079441945034598
0.7127644757770856
0.4965051356003915
0.0
0.0
0.0
0.42449233250231433
0.0
0.0
0.0
0.501981449481099
0.172594109380037
0.0
0.26862716303608153
0.464991921022595
0.25759086381314356
0.17371073804220757
0.0
0.28353935158585614
0.0
0.0
0.3016001855394599
0.23856796359265656
0.48072339683351195
0.05749036847760963
0.0
0.0
0.056801908589247656
0.4967820224133344
0.019384590521172265
0.0
0.2734344848282127
0.0
0.38845166027457917
0.030875985266087657
0.0
0.4191717752473608
0.0
0.0
0.06402326226062502
0.0
0.2700244496385247
0.5090787316308077
0.06445931783244242
0.0
0.0
0.3642177866557147
0.6343199816764695
0.0
0.39246851414296025
0.39133809096302036
0.0
0.014922755293003475
0.2753567354891754
0.0
0.0
0.31724431466715136
0.4707194136022611
0.0
0.6885778484504167
0.0
0.0
0.0
0.0
0.0
0.5240840881370168
0.5673361010175898
0.46628775631126435
0.0
0.0
0.05288793344298176
0.0
0.0
0.0
0.0410432602620522
0.0
0.5843370009374024
0.0
0.29146959049180227
0.0
0.0
0.0
0.0
0.0
0.42056164733269585
0.0
0.0
0.0
0.1692850372962756
0.3566603313305195
0.0
0.0
0.0
0.26047028103635994
0.6236655226762371
0.06856466350028972
0.0
0.5743080812334289
0.0
0.591786227029472
0.36023647501169714
0.0
0.0
0.0
0.0
0.0
0.7458322509964359
0.3964801087666193
0.5475905823446973
0.454397689986636
0.0
0.0
0.2756608164232231
0.0
0.0
0.43896873369488754
0.0
0.0
0.4562780196266059
0.0
0.2682490254013824
0.0
0.0
0.0
0.43920710786107475
0.16768466256954934
0.0
0.0
0.3960358674243758
0.20374670793365443
0.0
0.0
0.4409552189868101
0.08366166800022981
0.0
0.30851809896257093
0.6935912368901778
0.0
0.21992311378447
0.05741929816472253
0.3901679186825407
0.0
0.46073760553923976
0.0
0.0
0.4011651690662083
0.0
0.0
0.8912124026944158
0.21802888118391475
0.38741847222285586
0.4601318726379557
0.6382883458907912
0.32323872779945856
0.0
0.41462494343738604
0.3243949098435834
0.0
0.3396636401627963
0.0
0.0
0.0
0.2457780053963266
0.49248087656713413
0.0
0.0
0.16480348052269075
0.0
0.0
0.0
0.0
0.0
0.0
0.0
0.0
0.43061836972256107
0.6209183820948952
0.0
0.24914269866980537
0.0
0.561162224163773
0.24330911087588164
0.0
0.0904815115113748
0.0
0.3505170099254143
0.0
0.25383013540971544
0.0
0.0
0.0
0.42959347680243226
0.3055446949761326
0.48056872747568974
0.0
0.4426731647149877
0.0
0.0
0.0
0.19577811072779608
0.0
0.36107991958851215
0.12947209269989726
0.0
0.0
0.0
0.0
0.460782763932324
0.17191717688794578
0.2895551044526502
0.0
0.0
0.018868815001042906
0.3335586300827682
0.0
0.0
0.2087361454414
0.2870625378205252
0.0
0.3156052881248498
0.24383598044942947
0.12618947849962028
0.0
0.0
0.0
0.3281350660489261
0.4329410667418129
0.0
0.0
0.22042922464752282
0.32970922570362104
0.0
0.2062623715715137
0.054852077019628194
0.0
0.0
0.0
0.16510984550451047
0.5687740740189584
0.0
0.5012797193512915
0.0
0.0
0.0
0.0
0.245207058565883
0.13496724404939028
0.25084306808194745
0.29902232050131167
0.2898677167393618
0.340170727460102
0.22158981675016157
0.19227983217097022
0.0
0.4332093676151593
0.0
0.0
0.0
0.0
0.0
0.0
0.1091009379366342
0.0
0.2487330266551379
0.4396811253082101
0.0
0.5361385716300254
0.512187678814818
0.0
0.24913877931080847
0.6798132841821483
0.0
0.0
0.4682230356071814
0.0
0.0
0.5947839386218691
0.0
0.2868089763879093
0.36486915926936925
0.6445072763040695
0.3161899076433506
0.4691424140410554
0.8541758881014722
0.08751225873658744
0.40504348759773995
0.274387258407345
0.0
0.3054320843035389
0.5161276216278193
0.0
0.0
0.0
0.0
0.0
0.5300155485391289
0.10788023137900815
0.21195921353597394
0.20157602094298502
0.1973103659777175
0.43176114053620596
0.0
0.0
0.45378391754241043
0.10928976615689799
0.1824470525723228
0.5861235163080888
0.35372383381856753
0.0
0.4263983758319903
0.5178086876938064
0.14620015363155825
0.3205699674350144
0.44944458034662393
0.0
0.0
0.5905659795314414
0.0
0.0
0.0
0.3200396773528021
0.0
0.28387394051918785
0.6754851416608806
0.0
0.46578249000083033
0.7191115924849304
0.12660442361048693
0.0
0.20800980667390565
0.2791283361738645
0.5176748553774443
0.02643601327196244
0.0
0.0
0.5481126020320748
0.0
0.0
0.0
0.40549804272890133
0.0
0.25646835651847855
0.574306357868896
0.05764298282500642
0.0
0.0
0.04099787515728377
0.0
0.0
0.06460576901810394
0.6724582721178072
0.0
0.0
0.0
0.15850033152743173
0.0
0.0
0.0
0.0
0.2131015171574416
0.0
0.0
0.0
0.37131287198887447
0.0
0.0
0.0
0.5471398033119123
0.3900269754786181
0.5879503812802161
0.0
0.0
0.10442486097800768
0.0
0.0
0.09538951447273966
0.0
0.0
0.0
0.0
0.0
0.0
0.7059141551112168
0.5539149415603969
0.0
0.0
0.0
0.30394830377198295
0.06640791999312819
0.26666741485146866
0.0
0.6471287812963106
0.7046573594867804
0.08078866480286348
0.0
0.0
0.09679061499418619
0.4502516405623788
0.2648346420999097
0.0
0.0
0.0
0.2529449699269173
0.0
0.6456422406330935
0.5134431136883254
0.23122263679256094
0.1088706872818217
0.0
0.0
0.0
0.0
0.4718091567795873
0.0
0.0
0.646799814871201
0.0
0.472352080779701
0.0
0.4426097529458004
0.48957153678429544
0.35124748324583416
0.0
0.0
0.16506303434406394
0.592312394190441
0.12968384242220207
0.38549903148292547
0.1523395027824631
0.10823589113974122
0.051356125974874885
0.0
0.0
0.10621145318500327
0.06617472853392753
0.0
0.0
0.0
0.6644940877068002
0.4596872995774289
0.4837816871589133
0.289742085040462
0.3247143813585278
0.0
0.22148376851776963
0.3828126211005994
0.5266539022521106
0.31798094244389596
0.6554924097055778
0.08712573294701864
0.0
0.10696259115757854
0.5854766257798351
0.5613500087542383
0.19847324478771225
0.5618777446212143
0.7257820724244671
0.0
0.0
0.7145835877192975
0.13366850241865855
0.5984945354675483
0.0
0.1349867767570847
0.22393736708537093
0.07274859031903505
0.15006229607485397
0.19115497638328796
0.5045002199400979
0.21532870154877815
0.0
0.46937642131147417
0.10217863343172347
0.0
0.5321363344293784
0.0
0.0
0.0
0.5156874118126977
0.6119020422682243
0.0
0.09972689234442265
0.6606118285490409
0.01728136401287325
0.0
0.0
0.0
0.0
0.0
0.3971437917459923
0.0
0.6103323249881225
0.0
0.0
0.49452593773990056
0.0
0.0
0.0593365913239852
0.26709328723523745
0.6495738616387728
0.0
0.23555099357419687
0.49572227387095413
0.0
0.0
0.24364704812127833
0.3917872933003752
0.1771477632579659
0.03238508265311238
0.0
0.0
0.0
0.6914616475422005
0.0
0.0
0.5222489654934062
0.21078961232900667
0.0
0.6698381719117672
0.0
0.0
0.0
0.0
0.5167796319862122
0.2663042703325432
0.0
0.21511332611577152
0.147956994586347
0.26619930615611137
0.0
0.0
0.5650245772028736
0.0
0.0
0.0
0.0
0.0
0.0
0.18535926226433008
0.0
0.0
0.571352101644969
0.0
0.0
0.45585951172906736
0.0
0.16752122915281575
0.08653039952496637
0.0
0.0
0.06800972961284532
0.3566072504786182
0.0
0.3954558030189696
0.49862401174504656
0.0
0.0
0.0
0.632083859004646
0.0
0.0
0.348382148496568
0.0
0.0
0.40205989906386624
0.0
0.0
0.16596495030934438
0.0
0.4207671260187553
0.17432573649410635
0.0
0.5069980030403958
0.48794887451711105
0.0
0.36537950148236276
0.6349158050156535
0.0
0.0
0.21980411524053334
0.0
0.0
0.5548279915849712
0.6002248063585123
0.10754931796923631
0.37127543800290835
0.0
0.08123844193294953
0.011333508203980585
0.0
0.0
0.2953625504212656
0.0
0.0
0.0
0.0
0.0
0.24699194272500957
0.16451129432759912
0.3907511163117462
0.2617652046626235
0.0
0.0
0.19147631071576338
0.24441720478114662
0.0
0.06429051731078894
0.0
0.0
0.5471666102891053
0.0
0.0
0.2267885696793876
0.5733398521888547
0.0
0.12747584534777812
0.0
0.22478461573807362
0.13524614799319987
0.15269439954512865
0.0
0.0
0.0
0.10911405757797069
0.0
0.11589987506283679
0.38121718846341207
0.0
0.0
0.3600630268928455
0.31748921581947287
0.0
0.3927925754464129
0.4165931663920577
0.0
0.09572377767999209
0.0
0.0
0.27745631228108253
0.0
0.0
0.42902148332448053
0.0
0.0
0.19128010249801994
0.0
0.0
0.0
0.0
0.7473729758096957
0.0
0.0856827135144049
0.5510298521214706
0.06646172538095561
0.3915826269781076
0.07559622174656004
0.18318402160550953
0.0
0.0
0.0
0.5016480344752561
0.5460380238546844
0.0
0.03128841021412971
0.6100235549556468
0.09323075755796527
0.3290802268244442
0.0
0.0
0.0
0.0
0.0
0.0
0.0
0.0
0.0
0.0
0.1496229479035012
0.12945939167867868
0.16048623473908882
0.3714575977298927
0.0
0.0
0.11258621999470117
0.0
0.0
0.0
0.0
0.5470059821625752
0.34203314421247755
0.0
0.0
0.0
0.2794039443169531
0.0
0.0
0.0
0.183726865515154
0.0
0.09878050279267514
0.08918580300136036
0.31489225911699575
0.0
0.0
0.6424709135118452
0.0
0.0
0.0
0.0
0.0
0.4583467611199003
0.0
0.0
0.5820014234903336
0.0
0.0
0.8311388604260838
0.3690056366196602
0.0
0.0
0.41894545848567655
0.0
0.0
0.0
0.019905459859357814
0.35884067769949884
0.0
0.5397195515397015
0.30387821830187606
0.0
0.24151664948826804
0.0010016857275557348
0.3219020361079656
0.5813701843874713
0.0
0.0
0.0659358148706646
0.0
0.0
0.32187750259647113
0.060087077888373315
0.2000438309181438
0.4996368977212926
0.4607969800676782
0.1523568282382175
0.23388950980883846
0.0
0.5697205155628756
0.5454050208888593
0.0
0.0
0.0
0.09463841725722995
0.21277667359933544
0.0
0.6107345482999686
0.0
0.5643409037220528
0.533267718484917
0.0
0.0
0.0
0.0
0.0
0.4978003608240366
0.1911570101299574
0.0
0.0
0.5121840104522094
0.18515563156878215
0.4481319889014531
0.0
0.12792361305992625
0.09686473216786955
0.2018205087447411
0.0
0.0
0.27195675066892455
0.52871657528043
0.0
0.33772084032818595
0.0
0.26069168787466873
0.0
0.0
0.03251415663286032
0.0
0.0
0.40899306767962584
0.0
0.0
0.5336651949842734
0.0
0.0
0.0
0.0
0.5314954381544583
0.36063888928603083
0.47298174932642717
0.5371092521134233
0.0
0.0
0.35933914726216387
0.0
0.5218647670910211
0.0
0.5862466163555718
0.0
0.20709566299160373
0.0
0.07009718120003394
0.22304264449701164
0.2750663055638201
0.0
0.22951687652301853
0.0
0.25727566267185953
0.4398477222933754
0.4111522300665286
0.0
0.0
0.0
0.0
0.6337546091278368
0.0
0.39943974747112354
0.0
0.0
0.0
0.0
0.0
0.02600419923751927
0.21580626873231767
0.5107284049163757
0.15271804080032012
0.4500760834637962
0.08595888812247042
0.0
0.0
0.0
0.4241044586781525
0.7744166487727585
0.0
0.0
0.0
0.0
0.0
0.2794645737320426
0.2190045078150073
0.0
0.13413843720995225
0.5965329519232383
0.3489307466653885
0.0
0.4113631827752852
0.0
0.28051156281721557
0.5195604105613867
0.0
0.589992979141395
0.0
0.0
0.028967484740832977
0.37513822985102974
0.0
0.0
0.7623057404726666
0.22583071544415662
0.0
0.49061333196572626
0.0
0.0
0.0
0.0
0.2175274109066872
0.0
0.44086021917455914
0.4053366258595525
0.02688625489774305
0.14016845406740236
0.282720151742753
0.0
0.0
0.0
0.531129414641777
0.0
0.0
0.0
0.5550601711562737
0.0
0.19434660912392304
0.0
0.3330844507918629
0.0
0.0
0.0
0.4514063455735285
0.0
0.3824097109397061
0.0
0.0
0.0
0.0
0.0
0.0
0.0
0.0
0.0
0.17782135168985522
0.2873645366460746
0.0
0.41501656193028846
0.8259670086100184
0.10048702996771722
0.0
0.7171284314942584
0.5032673908722418
0.0
0.45350153865449305
0.0
0.5912943478321369
0.0
0.0
0.6065875386655344
0.0
0.5710674211792143
0.0
0.17526990390111244
0.0
0.0
0.3248533224118909
0.3073431352947674
0.0
0.0
0.12552815468013975
0.0
0.4695366433523249
0.0
0.0
0.3193229747162812
0.11024895583252438
0.0
0.25935258473450257
0.4547366964766223
0.0
0.0
0.2257699436215773
0.0
0.5985522089323709
0.814053644493824
0.0
0.0
0.0
0.26257679163105785
0.0
0.0
0.6917038562263631
0.398472369626761
0.0
0.0
0.0
0.0490154070513928
0.0
0.1912184288092081
0.19106549847285662
0.4719138117597483
0.32811438495831197
0.5147630802096166
0.01780080954222308
0.0
0.29538233194803437
0.0
0.0
0.0
0.0
0.0
0.11582005056368769
0.0
0.22506360084479476
0.5271950212245894
0.0
0.5825864691130883
0.3027534971452295
0.07628261763874247
0.3656554892838651
0.20252722539708456
0.03594707636262813
0.020904100283904933
0.0
0.2976289200231149
0.0
0.0
0.41251305900376906
0.0
0.0
0.0
0.0
0.35331482490811805
0.0
0.030427261405489844
0.10648925538662178
0.0
0.1866753619769912
0.0
0.4970249827555375
0.4647141682403034
0.1573462202408575
0.12739987375365583
0.0
0.220794433832294
0.5802944729861508
0.0
0.715680723357472
0.3125939050570357
0.2628065911192921
0.0
0.0
0.0
0.0
0.0
0.0
0.0
0.47370233801613937
0.0
0.4797542530960301
0.34395715784303643
0.0
0.0
0.5289270296907187
0.16852695899645154
0.5229626386810703
0.0
0.04986776181519088
0.0
0.1615270017559035
0.2854232875083373
0.6535848970276465
0.19162631585206374
0.4933056470094415
0.0
0.0
0.29240037911518524
0.1460166352065838
0.045185836252464875
0.5522364780846462
0.5110458741393088
0.0
0.0
0.0
0.0
0.0
0.2891468308394311
0.0
0.05462447369113548
0.0
0.5568745025939567
0.2843642983138251
0.0
0.0
0.0
0.35714714415151605
0.0
0.0
0.0
0.07355521672476667
0.0
0.13201504007321782
0.0
0.0
0.0
0.0
0.3912110016171328
0.09621742988749274
0.0
0.5628843017945542
0.0
0.6094071648835482
0.0
0.5534622341701605
0.0
0.49249544716315347
0.0
0.5428139292858724
0.0
0.3429130293458973
0.23960466879854003
0.24075057876254494
0.0
0.0
0.0
0.6377897145353016
0.349033349732153
0.12873534269349055
0.0
0.0
0.0
0.0
0.6368949970196004
0.0
0.0
0.15202972635090553
0.23426038296878351
0.34793418071730775
0.20150877951849228
0.0
0.0
0.0
0.0
0.08107146067214975
0.3174740038432392
0.0
0.0
0.11108371163648505
0.0
0.0
0.0
0.0
0.37156012516772574
0.0
0.5311838950893379
0.43049034830062133
0.0
0.0
0.07219516660143532
0.06057213958126004
0.0
0.26350374206298105
0.7433817473378235
0.0
0.1810884057885943
0.3953202402844516
0.0
0.6170661908715379
0.466716340582322
0.0
0.0
0.0
0.33318543213589574
0.0
0.09289310005035259
0.0
0.02715497854340074
0.14738519087156826
0.0
0.15731322419653618
0.0929092762228928
0.0
0.7795017230341619
0.0
0.1321436738881772
0.0
0.0
0.0
0.3902525043464166
0.35423475187079195
0.2532944085395826
0.4010436372802818
0.5028162299556671
0.0
0.0
0.0
0.0
0.1901321002510447
0.0
0.6874137103094079
0.0
0.0
0.0
0.0
0.46265182256892357
0.37046239676320925
0.0
0.0
0.6259971041021571
0.0
0.0
0.10145171894822663
0.0
0.534692100755201
0.0
0.0
0.0
0.5707346413081201
0.33900871103269575
0.42976004763731557
0.0
0.0
0.0
0.0
0.0
0.46919129062248444
0.0
0.0
0.42735306596750666
0.48318134948912883
0.0
0.0
0.7936077988782367
0.0
0.05767099867810792
0.41961194723750195
0.0
0.6007007651131303
0.35868315044921645
0.0
0.09213456663376496
0.3359691390904393
0.0
0.0
0.0
0.43522716975144116
0.549191468395275
0.0
0.0
0.7775747176594588
0.5547586159068925
0.0
0.27968722195711954
0.21067243075785952
0.3019792869111165
0.3525549810168158
0.0
0.0
0.1830724320622408
0.0
0.0
0.0
0.2545914658953961
0.0
0.0
0.43357773689995327
0.6545365254314066
0.8669997755896128
0.4556464734118944
0.0
0.1666525120406666
0.0
0.0
0.4534810701211552
0.42335167361280984
0.4109268272335078
0.07730303334938396
0.0
0.0
0.10354497163482025
0.5131123358611773
0.0
0.5248039472032309
0.5006290489825942
0.0
0.3929741407578072
0.0
0.0
0.0
0.4494508829825201
0.5510819534701552
0.0
0.18628187629615867
0.0
0.0
0.3441866237382149
0.38793004681686155
0.0
0.0
0.0
0.0
0.0
0.0
0.010410730987302457
0.4980345373218376
0.22280353689406932
0.0
0.0
0.32919392516303914
0.3626144878255238
0.49239250026783776
0.0
0.706606421863397
0.8324284140294439
0.0
0.30312565945006303
0.0
0.4352590875166785
0.5203745726413539
0.0
0.0
0.3415078169753379
0.0
0.03870454423701509
0.4288193539419602
0.3506813766564187
0.0
0.0
0.25088208952906826
0.14492956349413172
0.6593721884717263
0.3280448554117285
0.0
0.0
0.2858606614248373
0.8709588300940433
0.0
0.28044036886866747
0.324400932754276
0.0
0.0
0.24889438704356148
0.15917089495419512
0.0
0.0
0.11999653478881075
0.6650331540058069
0.37488427519237255
0.0
0.0
0.18853028477052317
0.30004431636143397
0.0
0.29578040119948684
0.0
0.5499357192407252
0.0
0.0
0.0
0.0
0.21180308999852535
0.0
0.0
0.3674005231789122
0.3668745990896313
0.0
0.0
0.0
0.4947720776882162
0.6732131474174106
0.1308635325068002
0.42040333578839795
0.0
0.4176992014120782
0.4709481648064378
0.0
0.4556936177806443
0.15577550609937565
0.0
0.0
0.0
0.0
0.5346599207383044
0.4671495770061224
0.0
0.0
0.0
0.0
0.0
0.22414380806488848
0.0
0.39453824163293943
0.0
0.0
0.0
0.5661178089112225
0.4954554049748049
0.31029680589237596
0.20905956579858406
0.3621728084043374
0.0
0.0
0.0
0.201726791851422
0.23013078374717927
0.0
0.46951435304044914
0.5192385260362573
0.0
0.0
0.17989579433755534
0.0
0.14996149905908754
0.336238209071858
0.0
0.0
0.0
0.35927389765624135
0.16019270716586254
0.4020571268286591
0.08959414453035563
0.1513188507332392
0.5005621508150272
0.0
0.0
0.0
0.6874533734076362
0.5663300637518405
0.19811679645893573
0.0
0.0
0.0
0.0
0.0
0.1605075101105168
0.2184675900358202
0.5452461831380995
0.17595332088220364
0.26443263319356325
0.0
0.0
0.31684396244165874
0.0
0.08089500529121743
0.27794018449002544
0.0
0.0
0.7160701392720529
0.0
0.0
0.0
0.7752013515042291
0.0
0.0
0.0
0.0
0.002290353545910537
0.0
0.5662451764186076
0.30689300562866956
0.1745804399013676
0.18065033978846767
0.5471472421948417
0.2514142368651106
0.0
0.2627866359772528
0.556802239163999
0.0
0.34425956918148914
0.0
0.0
0.0
0.0
0.3648146420669474
0.4296798068813456
0.0
0.0
0.5255755602402371
0.0
0.0
0.0
0.0
0.0
0.13586261474857156
0.0
0.0
0.0
0.0
0.3940995620013748
0.5748863314539858
0.3316332415250558
0.0
0.20699638933677958
0.5229128255941657
0.0
0.0
0.0
0.5594200733633857
0.0
0.0
0.4903506086881153
0.006875210973021714
0.27737276516983383
0.5991959012211477
0.3304655532890069
0.0
0.0
0.054832840282900884
0.0
0.0
0.2958083083628173
0.0
0.20108131553426575
0.0
0.3978248866413927
0.38048027331300704
0.532429300022981
0.5092883880176196
0.6919504900691684
0.06019619837417916
0.0
0.404468915591007
0.0
0.0
0.0
0.4736258633354233
0.18326477571409527
0.0
0.0
0.0
0.3102535245768171
0.4257141891066782
0.5727005347377687
0.0
0.5239590440637836
0.19430472631182616
0.39470602552178946
0.0
0.1774268357597431
0.4958902396042279
0.0
0.0
0.0
0.0144564748971012
0.1461558747871732
0.0
0.0
0.0
0.3756431517978839
0.507891094826401
0.0
0.0
0.0
0.0
0.0
0.5915123399068293
0.0
0.0
0.3165011543226506
0.42285923688859633
0.5109270925736484
0.0
0.0
0.0
0.0
0.0
0.0
0.08064152723951439
0.47556863582117204
0.0
0.0
0.0
0.0
0.4303544682351123
0.5115561896172077
0.0
0.0
0.0
0.0
0.0
0.0
0.36020167867768643
0.0
0.39202890168505766
0.7094964612807987
0.0
0.5367347003021427
0.0
0.16455115900742673
0.0
0.0
0.0
0.27111289650044823
0.0
0.2879636110959289
0.0
0.0
0.4653537782283745
0.0
0.26639580613273667
0.0
0.006670683836630831
0.0
0.3378620111398833
0.31058351233868575
0.10462454202093796
0.0
0.0
0.0
0.620120035600753
0.3274052707449729
0.2683504036929513
0.07047290915917309
0.0
0.0
0.0
0.0
0.0
0.20221817724415303
0.0
0.27581720332252607
0.02595747748259216
0.35717350600602554
0.5099596232911012
0.4118361199747729
0.0
0.0
0.6268315876276365
0.0
0.0
0.0
0.4253347051202496
0.0
0.41299419929176495
0.4391394210119794
0.0
0.0
0.0
0.11693707459399928
0.0
0.12281810386002569
0.0
0.21764149856818654
0.3087750930521647
0.2977933033293581
0.6295069424232335
0.17061778507872924
0.0
0.13933175526695438
0.4261741737233933
0.0
0.11104200326807519
0.0
0.0
0.03755159477638289
0.14153706788312792
0.2632660655699716
0.2792009006566466
0.0
0.0
0.0
0.3902598613624846
0.0
0.3572659782217529
0.30209331420946106
0.4545727886762901
0.0
0.720579215864977
0.2767471502602461
0.6171464202282975
0.0
0.0
0.0
0.0
0.670972331781986
0.0
0.70893202287969
0.0
0.0
0.0
0.4730590174883498
0.0
0.0
0.7637189111137953
0.0
0.0
0.33910421026821064
0.4924905808562138
0.6074162652184674
0.500543364946819
0.3213972703886323
0.3983362962231489
0.0
0.47938786264929867
0.02675958975676082
0.20930740326798852
0.14811905158828675
0.6382042777099487
0.0
0.10948133997285775
0.0
0.15085152564713628
0.2957314191477779
0.3732007982705002
0.0
0.0
0.0
0.2678862541508546
0.0
0.0
0.26363641058903103
0.47100693096949037
0.0
0.0
0.0
0.0
0.0
0.0
0.3128544437565164
0.10249937523275011
0.10468832624944512
0.0
0.27453405191473784
0.5152936356039866
0.7087881552476991
0.0
0.0
0.0
0.07177148528747161
0.2891159238087435
0.4391344960840545
0.1390897150337561
0.2540047168482584
0.0
0.27822438652735765
0.023852417962778167
0.0
0.0
0.17047618211615484
0.3702262424628529
0.0
0.0
0.045041176752052776
0.0
0.0
0.0
0.26401386659872816
0.3202574181959155
0.5245963255111772
0.0
0.0
0.25524683512264895
0.18274404795622629
0.2517021560062373
0.23926680273321455
0.45361063444057703
0.0
0.0
0.0
0.5417621701413359
0.14985138684638524
0.40297489504913425
0.0
0.38385851580658575
0.45628754988622483
0.21402529269716092
0.0
0.19293154185044814
0.0
0.0
0.0
0.0
0.0
0.0
0.34687631850732237
0.0
0.34293880120460946
0.38936881249860705
0.0
0.42568419206458763
0.8024498967886999
0.15571914561675515
0.44204360773455287
0.0
0.0
0.0
0.0
0.0
0.27696011439728585
0.0
0.0
0.10248339060647711
0.0
0.0
0.0
0.0
0.3995426276048188
0.0
0.3060728029468913
0.0
0.0
0.0
0.6014322398876981
0.21667458580615576
0.0
0.0
0.029907201714405657
0.0
0.0
0.0
0.2749476025964613
0.15159806648040508
0.27984456912788497
0.5797751939434723
0.0
0.29047761958282803
0.30366205246510086
0.6573097142859922
0.3855506929223026
0.5675829600631375
0.0
0.0
0.2020273767601507
0.0
0.03617317745020669
0.19961844133295073
0.0
0.0
0.3741959084765795
0.0
0.3968676773395874
0.0
0.4628551392801261
0.7709746098593588
0.0
0.5948875737431779
0.710097294935733
0.0
0.0
0.0
0.0
0.07260735431231674
0.12844327292852142
0.0
0.3291919709490697
0.0
0.019558097003605824
0.0
0.6324010179440545
0.0
0.0
0.0
0.015195364536610335
0.0
0.0
0.0
0.0
0.45134765818656364
0.0
0.0
0.0
0.5570781928465937
0.5900413791669341
0.3558250115287994
0.4572842617496592
0.27317998891032313
0.0
0.08901609827189604
0.0
0.0
0.849406211652267
0.5304651098010003
0.01587631182560585
0.4456503315186605
0.5964153888437327
0.27689797616775536
0.29880251808591235
0.2342930654393478
0.7826522228297211
0.0
0.0
0.253776230250625
0.0
0.0
0.18987109241504949
0.0
0.0
0.0
0.7463588464996967
0.22412885869906804
0.28215028577130835
0.0
0.23167379477443445
0.7379689647692732
0.484648861956244
0.0
0.25630382551333514
0.0
0.0
0.5519453181269469
0.35334702857959877
0.0
0.6740016866490642
0.0
0.0
0.17541723336526788
0.0
0.0
0.0
0.37207385346104843
0.0
0.5618916320693468
0.0
0.0
0.0
0.0
0.0
0.0
0.0
0.13535916399193698
0.0
0.0
0.1359675444979274
0.12211904395119019
0.6723441109707297
0.0
0.0
0.0
0.0
0.0
0.0
0.21670092066574706
0.12480031160605229
0.0
0.3832127228950797
0.15548745073987702
0.0
0.25963293106752033
0.17744574240489483
0.06213682977340226
0.0
0.0
0.4524311985160056
0.0
0.07083118390373636
0.0
0.32380006846779685
0.0
0.5098574428935908
0.0
0.0
0.0
0.0
0.0
0.0
0.0
0.0
0.0
0.5370391224564733
0.0
0.5252775601034877
0.0
0.31683903730932605
0.0
0.0
0.0
0.0
0.3541437436009859
0.32232921940979875
0.1813228422930626
0.5792133919432066
0.0
0.43194118172963547
0.0
0.0
0.0
0.0
0.0
0.0
0.31263819013582583
0.09408104930240517
0.0
0.23182847648277774
0.0
0.0
0.3761038737297443
0.20687267600510473
0.0
0.0
0.4182929466553762
0.38926987126725426
0.10793914726299259
0.0
0.0
0.1737838023900931
0.0
0.19105305134682005
0.13651036434302707
0.0
0.4017316518733285
0.5603080043188794
0.14629732619406224
0.0
0.0
0.5052899077278735
0.0
0.10819934743462363
0.18694823303861466
0.0
0.394137447828195
0.0
0.0
0.4487083754277479
0.0
0.0
0.04273462778468052
0.08375723805993021
0.19501687282913696
0.0
0.0
0.2010402834008784
0.18268454025075168
0.45685168663944364
0.0
0.4314746130374434
0.0
0.17228144088610406
0.24727655653305905
0.4264074485358062
0.0
0.11704555784682481
0.0
0.4078679137118823
0.0
0.0
0.0
0.0
0.41675876541759155
0.0
0.009238043241272413
0.22470339715117
0.0
0.0
0.0
0.267534757222134
0.5919687529773829
0.0
0.0
0.5315165457141444
0.0
0.0027503344255942795
0.020067139369168794
0.0
0.0
0.0
0.4702317861394049
0.6189569651248189
0.0
0.0
0.0
0.0
0.0
0.0
0.0
0.0
0.0
0.4314055030587995
0.2681472423609893
0.0
0.0
0.0
0.034246748791675746
0.08891222478361012
0.30692461936142346
0.41689396151627833
0.0
0.0
0.5778749639328626
0.6192014402863045
0.09597036155754114
0.561365125364329
0.0
0.3967434002101458
0.6042015194595581
0.6451529500807993
0.0
0.0
0.0
0.6811736432106191
0.5744245803279023
0.0
0.0
0.4062138422974652
0.4531582304296964
0.0
0.0
0.2015099280743267
0.020211536556384673
0.0
0.0
0.0
0.6265946147761529
0.3430457185363368
0.0
0.0
0.5705428964719963
0.7296419767138417
0.0
0.5309676901375453
0.27284568443538254
0.5760496635620453
0.5590476602280736
0.10134964140818496
0.0
0.0
0.0
0.0
0.05814474354170758
0.20128888793444555
0.4743648559514052
0.0
0.16706144555762786
0.0
0.0
0.0
0.0
0.4488085994522296
0.0
0.0
0.11607527614291091
0.3230098616940677
0.0
0.07793323314316637
0.02354272348546522
0.05118154853493396
0.3621890236366379
0.2683616194501968
0.0
0.0
0.0
0.0
0.24896046309706107
0.0
0.3744836300892051
0.4639604089989993
0.2538802197932635
0.0
0.0
0.0
0.0
0.44929903315929315
0.0
0.5434037190672945
0.0
0.0
0.12847767102226473
0.16579894510084023
0.0
0.6011676122957814
0.5500495510036051
0.0
0.3297785045212716
0.23366682231855498
0.0
0.0
0.0
0.0
0.2539425055906233
0.0
0.0
0.0
0.1344699660200166
0.069066149097296
0.0
0.0
0.0
0.06333201043082279
0.0
0.17510254945839268
0.0
0.5081810479161533
0.0
0.0
0.3352278019294271
0.0
0.4563034864940506
0.0
0.0
0.15741242387989532
0.0
0.0
0.0
0.0
0.0
0.0
0.0
0.30884847014129463
0.01704117720303224
0.0
0.1681106702671865
0.0
0.3401393119366832
0.0
0.0
0.0
0.10144490148109907
0.0
0.0
0.0
0.24811874555540142
0.15347826500166833
0.0
0.6997913307529668
0.0
0.1382616578510631
0.0
0.22185568099854816
0.7535075943085013
0.21689319991234
0.20602036984485392
0.0
0.04871750251794137
0.5016410118868951
0.5460537471326188
0.0
0.0
0.22323360642826245
0.0
0.0
0.0
0.4918254418850315
0.452764675574158
0.6474586575898829
0.4979070405322624
0.0
0.3352997233709059
0.4148603678951643
0.0
0.08060893489408384
0.6060334079516377
0.2457084487061212
0.0
0.0
0.0
0.29693884697346035
0.703064709283756
0.0
0.3667570107329659
0.17604162800143877
0.0
0.27236957702389847
0.36478572210556154
0.0
0.36649184148462266
0.0
0.0
0.3643722344743396
0.0
0.0
0.0
0.0
0.5473153468804552
0.31653633643603685
0.24375440798202133
0.0
0.0
0.04908541193808121
0.0
0.11415556218201234
0.0
0.19906720357568503
0.6582818047785625
0.0
0.0
0.0
0.0
0.23857684828348272
0.0
0.48212707413541706
0.0
0.0
0.0
0.21103019414557767
0.08132684466070392
0.0
0.0
0.0
0.38984256684315644
0.0
0.0
0.0
0.0
0.0
0.10472815529398594
0.0
0.0
0.017749873175291624
0.0
0.0
0.23122749204633533
0.5017918617867118
0.3294416577725593
0.0
0.0
0.34976694814129766
0.0
0.4082800687994929
0.0
0.0
0.1525426147194895
0.6376942565568727
0.0
0.2384445909438202
0.0
0.4320124449617384
0.38906555693519745
0.0
0.3441088944055407
0.0
0.0
0.7105657661515001
0.06580866398995124
0.37601587540532994
0.0
0.0
0.18685303517525464
0.0
0.0
0.0
0.11927989695169368
0.5890908729646068
0.3857753333652979
0.19548648288184808
0.26422729357445357
0.0
0.30048149133644464
0.0
0.0
0.3165493078298928
0.3262213559229108
0.4977690523960374
0.0
0.8034638576632963
0.0
0.10176689179102838
0.0
0.1448124196362181
0.0
0.0
0.16376965727597123
0.21309968200038923
0.0
0.0
0.0
0.4398288487021873
0.3057576801553966
0.2724449819113158
0.0
0.1876326971697271
0.030129680004907348
0.1808435915870582
0.0
0.0
0.0
0.0
0.0
0.6716201689501117
0.6296532912781457
0.0
0.39823994271949176
0.0
0.0
0.44120669705223475
0.0
0.4946706312349077
0.3750347269119947
0.36830430205667586
0.0
0.0
0.1823447005455581
0.07984599837221487
0.0
0.0
0.47288814240773547
0.051232142298114236
0.0
0.15429564220024963
0.11160691336288257
0.0
0.0
0.28121722657398524
0.13619593246387948
0.0
0.7462768789294658
0.6737028574039162
0.38976478528506314
0.0
0.07197741144004448
0.0
0.03358906840229685
0.0
0.0
0.0
0.41534439216325114
0.0
0.5085885243328372
0.0
0.542447462894826
0.0
0.0
0.6417043528481812
0.0
0.5631576723630664
0.2956382931341205
0.0
0.0
0.0
0.48596103151992665
0.49928942438550616
0.015293151767256544
0.0
0.4888520923609867
0.0
0.0
0.0
0.0
0.0
0.0
0.0
0.0
0.29552005100386436
0.17882893140613426
0.43345081745585845
0.10875039473933579
0.31299822730655324
0.42927754712775096
0.24635022035423018
0.5266198131920896
0.0
0.0
0.33215525382034644
0.24274111235259702
0.7510784023949562
0.04037434608570162
0.22082001481656932
0.2715001368952755
0.6489424582409322
0.0
0.05842869204653774
0.0186256743765235
0.0
0.0
0.40485279820828374
0.0
0.0
0.0
0.5265379221933386
0.28626558571274213
0.0
0.18507407217467609
0.21381594716918959
0.0
0.0
0.2676766718239493
0.15506720215495343
0.0
0.7333307273839264
0.01687849090751604
0.7311664731944106
0.27395068956617774
0.0
0.23052628277060325
0.0
0.0
0.0
0.0
0.0
0.46617710178474103
0.0
0.0
0.3179868031646457
0.4670709315563031
0.0
0.0
0.5141903566370896
0.0
0.5933418181579169
0.39377368560117926
0.0
0.0
0.48342810052154633
0.4101135748940261
0.19375463251104838
0.27012495516505985
0.592622730568032
0.22795310904022476
0.0
0.0
0.4172075226058164
0.0
0.0
0.14505289554105544
0.0
0.33375848994913343
0.39208770264769255
0.35251665326691944
0.3626060397312273
0.0
0.0
0.0
0.0
0.2699312687500768
0.27991296659390985
0.0
0.18784839781251608
0.20971658132317111
0.0
0.25116704080616453
0.0
0.5437874652750099
0.0
0.0
0.0
0.0
0.0
0.0
0.29282690700112174
0.20692805196864378
0.0
0.0
0.3259957604924672
0.0017920681502944429
0.24807463865741697
0.08281999854212606
0.0
0.0
0.0
0.39656680446681475
0.26592490711840694
0.0
0.0
0.372975488895378
0.3226109254063792
0.0
0.0
0.0
0.0
0.0
0.0
0.2477610963621517
0.0
0.0
0.0
0.0
0.6197892056208596
0.13043419866026412
0.0
0.3918798941987305
0.0
0.0
0.849096321674467
0.0
0.06970100417651635
0.6837949044207782
0.0
0.5069527963367156
0.0
0.5695394240213277
0.0
0.0
0.0
0.0
0.0
0.2852414621801053
0.0
0.15794151688946548
0.0
0.34682854643330335
0.0
0.1789306491085591
0.5346815682408004
0.49476786949313656
0.41759464515070893
0.05500457933535706
0.0
0.49293507336483
0.44879841746640875
0.0
0.0
0.0
0.30504499716515526
0.23734531496477
0.0
0.0
0.0
0.22865269468577676
0.0
0.26033191761862196
0.3333697365638922
0.6454487965189608
0.24815156215099923
0.05551152860316175
0.41184851431554936
0.1609536099107974
0.0
0.0
0.1634259043785278
0.10468319104291317
0.0
0.0
0.6805409348945033
0.0
0.3547461567427345
0.0
0.0
0.0
0.0
0.0
0.4117962269043271
0.0
0.0
0.23638067946927183
0.4053583850815031
0.0
0.0
0.0
0.0
0.0
0.0
0.14331007656432565
0.8278514131063824
0.0
0.0
0.0
0.23410100942652787
0.2645423041459072
0.489912147268759
0.0
0.36438201697053346
0.0
0.06257669374534645
0.2710922184200511
0.3282586323516032
0.40644511457758337
0.0
0.0
0.0
0.7153319290467656
0.10187377403682117
0.41015084060194257
0.0
0.0
0.3598063604291012
0.0
0.031451970164577236
0.0
0.522709026759275
0.0
0.4239307974622059
0.0909638299200995
0.22419451291170503
0.0
0.0
0.0
0.0
0.1390873278760868
0.343469427542493
0.13881175459002137
0.0
0.0
0.12603448483150795
0.011108291986524074
0.0
0.0
0.0
0.4917047932190079
0.0
0.4119215004906558
0.0
0.0
0.6026744621087071
0.0
0.0
0.3743678293252681
0.0
0.0
0.0
0.0
0.09643776823749953
0.0
0.0
0.0
0.0
0.0
0.0
0.0
0.11515557871624821
0.0
0.0
0.0
0.0
0.0
0.0
0.4520729073629099
0.3638177204356832
0.3322825456713818
0.38417970195704365
0.014504651710754839
0.0
0.0
0.4398169833045079
0.0
0.8626327663029955
0.0
0.0944301243731644
0.0
0.05613437847730433
0.5564960568573115
0.4871470232140925
0.01618526541546459
0.0
0.0
0.3868259358044022
0.29318288642428414
0.3175608640927839
0.24873653494263523
0.0
0.0
0.40293579840078386
0.0
0.8236728622270586
0.0
0.30448899990969325
0.3985225145515696
0.0
0.2593345039837112
0.5828699853004897
0.0
0.0
0.0
0.0
0.38126773132441055
0.0
0.0
0.4235294060086639
0.0
0.0
0.0
0.28293602281261404
0.42852141836195135
0.41645360238089957
0.3043485704358316
0.0
0.330104246426451
0.40653631120888056
0.0
0.0
0.06602309352240888
0.0
0.0
0.5897004017411532
0.31411431940603657
0.3207110287645498
0.0
0.14432004853854064
0.5739906125647914
0.0
0.0
0.0
0.12523470484181057
0.0
0.06939663741444504
0.23072209548615466
0.06880532523728863
0.6737595573078505
0.13319236348345542
0.0
0.0
0.0
0.5566754255720944
0.0
0.0
0.0
0.23730886951464397
0.0
0.19916595022177414
0.0
0.0
0.002960434282089648
0.4661334362916661
0.5004340535678331
0.0
0.0
0.6552830630995828
0.0
0.0
0.0
0.6985275880106897
0.0
0.748332669783929
0.25588081589283795
0.0
0.0
0.4710149705786457
0.0
0.13083636627398587
0.0
0.6079077538908746
0.0
0.0
0.0
0.0
0.0
0.0
0.0
0.0
0.515144693418482
0.01466016732932825
0.4658655428062467
0.0
0.15263643473908922
0.0
0.0
0.0
0.23826478012648947
0.0
0.16288233818670692
0.6615781618257739
0.09923298246723829
0.0
0.0
0.20459457612411316
0.0
0.28628648102624904
0.30048545249529185
0.0
0.0
0.5978122632301192
0.3865432951831885
0.1910944329963094
0.0
0.007177717343850411
0.0
0.17307734880591322
0.1579772124417135
0.29533343250514704
0.0
0.0
0.0
0.30149729103072426
0.28026039459194974
0.6495988529105596
0.0
0.0
0.0
0.5203005427498327
0.3494497995086651
0.0
0.0
0.10804929322615117
0.5674266477417228
0.0
0.0
0.0
0.0
0.0
0.0
0.235425142470147
0.0
0.27878176727030823
0.6434387569024204
0.87471496638401
0.0
0.00816942031216479
0.5500855446077265
0.0
0.21121193505410088
0.1475213747302582
0.0
0.0
0.40006327280445103
0.0
0.0
0.0
0.12192749838500787
0.03388693204171724
0.37509275580792717
0.36442868068939566
0.0
0.0
0.5433158931225582
0.37480780754407994
0.16818418748030148
0.635538742666383
0.0
0.0
0.0
0.6365392260742513
0.5369174924499457
0.0
0.0
0.0
0.0
0.09533042509022246
0.0
0.39998644973887343
0.0
0.0
0.0
0.5277523979816416
0.06147752138151673
0.0
0.5554518591601304
0.0
0.0
0.34598777539775727
0.0
0.21503736835230192
0.11388356527419027
0.0
0.0
0.11332304446976207
0.25581673700487295
0.2221253200004167
0.0
0.5310275954729841
0.0
0.0
0.29415472183768854
0.04294458619385708
0.4704426133389981
0.3326985854594589
0.8144309008912051
0.6092829965079839
0.19885644441222936
0.0
0.0
0.0
1.0613385952749496E-4
0.0
0.0
0.0
0.5651505503396506
0.0
0.0
0.21231524711918967
0.0
0.4537382669904189
0.5385090858180605
0.4000495856754734
0.2859728807490864
0.23583206235170404
0.07359284545957268
0.15002854176398203
0.10353867280380338
0.0
0.0
0.0
0.0
0.0
0.1839169776399087
0.2519516313290494
0.8200759756195805
0.0
0.24878451894752018
0.0
0.0
0.3126846913739682
0.0
0.5751783375880771
0.0
0.5713645666946631
0.44711034643935943
0.251925842860902
0.19056734685494464
0.0
0.0
0.04420187843353774
0.43009099509499177
0.3126788774744526
0.25941828340116035
0.41205045551068975
0.0
0.0
0.0
0.20269717656794733
0.3354747727150584
0.07820151959214626
0.397016192430105
0.0
0.07076425487029606
0.45558469422814557
0.0
0.0
0.0
0.4938801783516043
0.2560903801977312
0.16052920423018377
0.08331955740925771
0.6338327259567982
0.0
0.04469860929951032
0.43745347732926965
0.4243461475131787
0.3904601878518064
0.0
0.0
0.0
0.0769930596639706
0.0
0.5465357491101277
0.0
0.0
0.5000620176892527
0.0
0.38811195849330066
0.22892143321210726
0.0
0.30874816712031466
0.0
0.0
0.8122774405069255
0.37418906141250413
0.5766545703492933
0.05991946894874056
0.0
0.0
0.0
0.09251710589715931
0.2533316131201412
0.45616017399477504
0.08594436155402
0.44189240887014947
0.0
0.17923278724595246
0.0
0.4547466711091017
0.0
0.0
0.37153181591517503
0.06670779842759736
0.07820695113158473
0.43776212505731305
0.0
0.0
0.0
0.02894020805920002
0.6658670092272514
0.0
0.0
0.5951002720792115
0.0
0.0
0.0
0.0
0.0368270858403506
0.5240329945127676
0.30106809698496234
0.20813174642264384
0.46661563718631416
0.5317938755398632
0.1610250151920939
0.0
0.0
0.0
0.3462928156429931
0.0
0.32283633083067786
0.4818445436434798
0.0
0.1682293460543477
0.0
0.0
0.0
0.35810091292009577
0.0
0.0
0.0
0.0
0.0
0.0
0.0
0.0
0.048205601488510566
0.4204160753697422
0.0
0.0
0.4403789157717196
0.25754000432609675
0.0
0.07226301427193939
0.3749476290004249
0.2965057337072344
0.0
0.03190380800401834
0.0
0.06349319258364047
0.1621005737429587
0.6991713546385296
0.5337458490673893
0.10275986548582032
0.3319991297995484
0.6472719046329418
0.2837616274395818
0.6165569067659771
0.3194255533803714
0.0
0.42722203791527646
0.3894217152678102
0.8404316589963753
0.0
0.0779146606601318
0.0
0.0
0.0
0.042135799072110396
0.0849351797170235
0.0
0.0
0.3696671480350314
0.026306986009980694
0.5148449204825427
0.12712805391859247
0.49424279650046077
0.0
0.0
0.08548914135406012
0.0
0.05462051714686266
0.0
0.0
0.1927002918918156
0.08183527086040535
0.41359606776432584
0.15174432447936037
0.0304003430148715
0.0
0.1816297657425775
0.408348910306529
0.0
0.27683157412056686
0.0
0.0
0.0
0.0
0.3419697493957328
0.0
0.45169370465952163
0.7668393254037282
0.0
0.0
0.3662066837550438
0.6139401132624327
0.0
0.0
0.3935807186517814
0.18846920894459418
0.3354296531127121
0.0
0.0
0.0
0.0
0.0
0.015232275316957703
0.42803282790347524
0.0
0.0
0.0
0.32199968767306114
0.0
0.2377356027135893
0.0
0.0
0.30257964092440226
0.6539260275934935
5.642569554933974E-5
0.6973614647887797
0.1316946930581455
0.45786005885111336
0.0
0.0
0.09483978213980683
0.35665343948737754
0.40596438443078076
0.19873683102474815
0.0
0.0
0.0
0.0
0.16670586279598884
0.06914806103592445
0.26690028419809564
0.5639028492914608
0.0
0.0
0.06288547470191633
0.43858112006020533
0.1780899304846719
0.0
0.3729741990509078
0.4134168365339207
0.5211399401212249
0.3367155301762939
0.0
0.0
0.5550862884350607
0.0
0.4215517719885337
0.0
0.0
0.0
0.0
0.0
0.0
0.3556598821034763
0.0
0.14903285148354234
0.0
0.0
0.0
0.0
0.0
0.0
0.12721401385163245
0.06404606863669818
0.0
0.0
0.32382682853902006
0.6079192185543049
0.0
0.0
0.45370814303600304
0.39209824744963845
0.09003634490315443
0.0
0.0
0.4108395070105679
0.0
0.4947877796529555
0.22205155555733574
0.0
0.3243035369514723
0.0
0.05967917408752816
0.06284665628645744
0.0
0.0
0.0
0.0
0.571876378701658
0.0
0.6049407122667793
0.0
0.0
0.35830322892114513
0.24770028027947408
0.3387675331401704
0.0
0.5407469645051002
0.0
0.05410319862391746
0.0
0.0
0.0
0.5104321944467394
0.0
0.0
0.46052882854964866
0.0
0.05225077214047852
0.0
0.6713743804144292
0.6536556875173305
0.027631275267296362
0.4063372356197921
0.0
0.0
0.7034233547016817
0.0
0.15718333792077194
0.15349777974215492
0.0
0.3191952487912514
0.0
0.4124823515279157
0.0
0.0
0.19049100344731784
0.0
0.2371843746250091
0.0
0.0
0.0
