0.9858086321494479
0.9486663275790134
0.76093718847527
0.0
0.9999999986675301
0.09639297782469025
0.9999971626668572
0.9873680395117059
0.5064910153464912
0.4659253236419587
0.333455992154004
0.9998928818288133
0.04736747421895704
0.04714724541077853
0.9758878241778665
0.9825628189399128
0.7056666881307216
0.0
0.6803669151685576
0.8843165772254835
0.0
0.1860783581153278
0.40094235111850773
0.6889685661847745
0.9108215290493481
0.9983046296667064
0.5913864123576975
0.9843489689550615
0.0
0.9737038010998158
0.6350803948328148
0.9999996824910398
0.8919576351268829
0.0
0.468432096201981
0.35262079094901955
0.9686391633629201
0.8056008331889999
0.9999999862759097
0.8964901213417956
0.0
0.8579645926369046
0.7688344301052124
0.8027925277312179
0.049892169040182455
0.8807133600386413
0.23350668356179904
0.9927745158378171
0.9154974586708259
0.0
0.9882146033305176
0.98200823577199
0.45441538976814033
0.0
0.8860052620233089
0.0
0.0
0.6906243503858903
0.0
0.7211448301803283
0.9932019569062932
0.8757974147029258
0.8475334329909212
0.5285414346860597
0.982594853050835
0.7964443644684019
0.0
0.0
0.36803950875468383
0.969676499923635
0.7665830354045433
0.9999999701566249
0.9233620332810965
0.9940026935421048
0.30662206450449103
0.9761173693537701
0.0
0.9999999983721475
0.23876126611049786
0.034000534186916176
0.5043327496993977
0.8369440175726119
0.5670850018909834
0.798308056031308
0.06608423224993543
0.9168249747345382
0.0
0.7385910810517848
0.0
0.9664874572850607
0.9187260771840027
0.0
0.9999679710112772
0.8903156008086941
0.9999690607368842
0.999983207427343
0.20435132496061725
0.18155187015705498
0.8803742312234966
0.24519442826124105
0.6721686874404875
0.9536002546916793
0.3112804373310367
0.0382970166249309
0.712592850982025
0.0
0.0
0.0
0.764475711233522
0.0
0.5834202768840999
0.0
0.868868453778838
0.5868595106628676
0.5217606987914716
0.8616593895271496
0.0
0.1279332824853604
0.0
0.0
0.0
0.0
0.0
0.3360967700108446
0.8786780376689283
0.6776717676369413
0.08728553178475129
0.7891647128660533
0.6862267049554334
0.2844062858752213
0.841754587713564
0.9750150188633842
0.6299439710593697
0.0
0.5977329583640753
0.0
0.0
0.37602871029822005
0.0
0.8484979801630066
0.0
0.09858343705263728
0.0
0.33530544250358496
0.0
0.0
0.5713135652623279
0.03783558600445103
0.5172481905737218
0.40374263307496583
0.0
0.0
0.466115816274594
0.9920955270471243
0.0
0.0
0.9662966079387936
0.0
0.0
0.0
0.0
0.0
0.7824014449649996
0.9667891857614019
0.0
0.0
0.0
0.058884258796426336
0.7327240545606963
0.0
0.0674140384430616
0.13985562486327985
0.0
0.3545605466464732
0.0
0.0
0.6798230203148956
0.7844948792007681
0.557063404141945
0.03520504157874804
0.0
0.0
0.899786132177583
0.24310158902668288
0.0
0.11466212512323182
0.004814595142287992
0.8049892677027395
0.0
0.0
0.0
0.2854551702181969
0.0
0.0
0.0
0.9992084375498108
0.7022758598064043
0.0
0.3771143221759865
0.8393534331076375
0.6964760399339549
0.0
0.0
0.3468197237621623
0.0
0.0
0.0
0.0
0.3476909827371153
0.05023900780244639
0.0
0.0
0.7476656302047305
0.9329078153706305
0.0
0.293868392313939
0.0
0.0
0.0
0.0
0.0
0.7798585598376409
0.0
0.1911004342444751
0.0
0.0
0.7140336427495633
0.39477827836004753
0.002391109609450548
0.2652142699786697
0.0
0.7433446115109696
0.944902051725538
0.0
0.4894737249971479
0.7238164239710343
0.0
0.0
0.0
0.0
0.42282931932789736
0.27575539543476935
0.819438406112588
0.6507842126868347
0.2847769471730086
0.0
0.0
0.0
0.0
0.0
0.6025737933046711
0.9059265084907818
0.4163904893541305
0.0
0.013179827852831671
0.0
0.0
0.0
0.0
0.0
0.0
0.5700705645753033
0.0
0.7350535431275358
0.0
0.3684829720842966
0.0
0.0
0.09342061662178947
0.4621932167562608
0.0
0.0
0.039229106528146596
0.45659115202974987
0.9974127577483606
0.0
0.0
0.21214278548339915
0.0
0.873959792130096
0.6413157546901864
0.0
0.898990123556034
0.0
0.8383071039120518
0.6739448776073774
0.0
0.0
0.0
0.0
0.0
0.8708491698733898
0.16395559727625897
0.0
0.342742358019432
0.0
0.7978882264125972
0.3067599401926143
0.0
0.0
0.5242766421720436
0.0
0.0
0.0574397667078248
0.3984658058446189
0.0
0.025451606968634133
0.0
0.5741137793077655
0.9295476858102234
0.0
0.19777171662502713
0.0
0.9807359936109757
0.6414775925630787
0.22726154377937346
0.0
0.5605518465093243
0.0
0.0
0.8855009640428262
0.0
0.24426082658220627
0.0
0.08637137308777543
0.0
0.0
0.0
0.0
0.0
0.4272346034074904
0.0
0.11393802660634755
0.9795608683173896
0.6792824791344934
0.04918190572413095
0.8977139890902057
0.8467260042936121
0.469150057466845
0.032506802474058794
0.5960315622389571
0.6975388604353208
0.0
0.0
0.0
0.0
0.2814987640586223
0.9125550662386195
0.6329787106611273
0.0
0.0
0.8404806771852859
0.0
0.0
0.22975825615324597
0.0
0.0
0.0
0.0
0.927960821849554
0.0
0.7996607562393822
0.0
0.3547218923542854
0.0
0.7660951529891203
0.5936638976075015
0.0
0.0
0.0
0.0
0.3292290115917549
0.2714032962561177
0.487180895424308
0.0
0.0
0.2774806451831826
0.6134506392216942
0.0
0.0
0.0
0.38936587662639266
0.6584472953910636
0.0
0.0
0.0
0.39282349703453234
0.7580420023353847
0.0
0.0
0.0
0.0
0.21657155091725744
0.10810260296996255
0.8487369557214148
0.0
0.0
0.9881220645936702
0.9099056962847231
0.0017989308975211449
0.0
0.3198445708541231
0.5404460838301826
0.0
0.2266681556214667
0.36566677971773975
0.0
0.6642384820042178
0.0
0.10075917541708346
0.9974197932781231
0.3039774946020155
0.0
0.0
0.4547890992482193
0.4245933334360945
0.009338797396079457
0.5713090322871783
0.32263660153200024
0.48822889371243783
0.0
0.0
0.0
0.0
0.0
0.0
0.20656027711378688
0.0
0.0
0.0
0.8547205874954292
0.8962704464719122
0.7529833389169883
0.0
0.0
0.49703539075768155
0.3542216461590664
0.5463895517019954
0.3965711018919902
0.0
0.0
0.09807018182544847
0.0
0.0
0.0
0.18062049113001022
0.0
0.0
0.8467955921692601
0.0
0.0
0.8910926482695184
0.9531713729394143
0.0
0.8510082285380767
0.49412617259356373
0.0
0.0
0.8380358861518643
0.0
0.0
0.9944663150461145
0.0
0.8254967449174151
0.523998297120837
0.0
0.14779435602367053
0.0
0.0
0.0
0.5710331821507986
0.0
0.0
0.32843986795982494
0.12509992168483874
0.9029142202479472
0.0
0.0
0.9756323191333879
0.0
0.844496491520068
0.0
0.0
0.12857835925137184
0.9098669136549364
0.0
0.0
0.4073155970626705
0.6928412361315779
0.0
0.0
0.5809862011519327
0.5708084204025559
0.5388955174134207
0.8267385238054277
0.9701594527747319
0.7703986293713434
0.19896274142048975
0.2638507062682296
0.0
0.25048315632969675
0.0
0.1471065350998082
0.0
0.9321177897164751
0.9490575672457672
0.0
0.5018573134283063
0.0
0.0
0.0
0.17201225436573986
0.5327493073680569
0.0
0.01139520759820778
0.5127507105191815
0.0974785302496608
0.0
0.0
0.0
0.8106551286190846
0.9156056587028863
0.7175154682422988
0.0
0.0
0.0
0.5932357708052818
0.262454181306637
0.35326756135653636
0.0
0.0
0.05829911591189407
0.0
0.28876443752183867
0.0
0.19251852802144265
0.47741709723817627
0.0
0.0
0.8342196361475807
0.9821060827846482
0.0
0.0
0.0
0.2770135843979278
0.0
0.0
0.0
0.0
0.5535414437523523
0.14313015995503375
0.0
0.6289330737172023
0.0
0.728055541856041
0.0
0.0
0.0
0.0
0.0
0.0
0.0
0.3907521729346126
0.32748839252383677
0.4194531898506588
0.0
0.0
0.5250179202940549
0.9611308745755344
0.2379360910263335
0.0
0.2964964515683446
0.0
0.15997166921747052
0.8622977207750544
0.35382065745250224
0.8695056497237742
0.4936794633025099
0.0
0.0
0.0
0.9264628220096528
0.3904211659155281
0.25778925670779473
0.0
0.0
0.22843718095988141
0.418590427180487
0.0
0.7642774311113034
0.9116426489678469
0.6882613006507936
0.3524323004394311
0.42068511918139373
0.0
0.0
0.0
0.26009741055668645
0.0
0.6313418863377389
0.9441573501266368
0.14138394904447393
0.9604404747560312
0.0
0.0
0.0
0.045158339362009636
0.0
0.45286033028443196
0.0
0.9853237089192518
0.0
0.8239242997422996
0.6139469477665287
0.43145901013450216
0.1336108550539079
0.0
0.0
0.6230580344774621
0.6116924139196771
0.0
0.5233279393470174
0.17892967081185462
0.5233444548272472
0.017846990582956135
0.0
0.6031442580682025
0.9923180918140821
0.0
0.5956387748132127
0.0
0.8240105057667058
0.0
0.7577769268712328
0.1627135103657018
0.0
0.8142777085711137
0.0
0.9049989666390913
0.0
0.0
0.9934706902257922
0.0
0.0
0.6923825006823991
0.4155010328354136
0.8531253103704238
0.27604481741814624
0.06442512886309903
0.0
0.5280553426632921
0.36528003809232135
0.0
0.6761505414644831
0.463266502699216
0.4285108767688741
0.18859746887174866
0.5567440710793599
0.0
0.8068858984010508
0.0
0.0
0.01979390527576874
0.37653143868281624
0.38118314416386867
0.3796583317521167
0.0
0.587893272317093
0.4620517472311172
0.0
0.0
0.0
0.0
0.0
0.0
0.9824023342210433
0.18319538544050706
0.2822308417346392
0.0
0.8161321096835998
0.0
0.0
0.0
0.0
0.9936575921456565
0.0
0.33432956791697344
0.9165073995698337
0.0
0.3698601606379448
0.7168095665456208
0.9145186547383406
0.07283035614507682
0.0
0.0
0.870017257116176
0.0
0.0
0.0
0.0
0.9332540226362794
0.9396954180838458
0.0
0.5513277029656185
0.012858792802463492
0.0
0.0
0.0
0.9475108688050592
0.0
0.0
0.66450131810853
0.24218753098461632
0.8544329362021437
0.0
0.0
0.8903928384998941
0.09806685350706612
0.10272187272765354
0.1385779909316719
0.0
0.0
0.24209629687253997
0.9715520787998484
0.0
0.0
0.7576863532344629
0.0
0.31075870016409435
0.23415084480063109
0.0
0.0
0.0
0.0
0.0
0.9978671838501691
0.3331580631772082
0.8027596380054409
0.0
0.0
0.0
0.0
0.0
0.2625921862502745
0.0
0.7570061610025395
0.7458758136310131
0.0
0.0
0.11031778872434383
0.8231146546750681
0.0
0.8423869912663027
0.251746246963206
0.35580252543035096
0.015648694017345144
0.8442495331276226
0.0
0.0
0.0
0.8430356557453458
0.7861056667874249
0.0
0.8684096768163683
0.0
0.0
0.11741444698897707
0.38639230276609493
0.41577532100620695
0.7219253616025536
0.0
0.0
0.0
0.7462848398545494
0.0
0.0
0.0
0.0
0.0
0.0
0.0
0.2307256470731155
0.3586587724938558
0.0
0.6945870543420052
0.05044173113219763
0.1575874512607226
0.8334901916574321
0.9058964138552866
0.6579805041545074
0.0
0.0
0.0
0.042294754014071456
0.3684693122078113
0.0
0.0
0.6611930567559625
0.0
0.0
0.7252734131606593
0.0
0.7070477738671754
0.0
0.0
0.0
0.6849007557658988
0.0
0.006351922753630834
0.0
0.17101895609104267
0.6427035018301906
0.0
0.0
0.0
0.0
0.5713165351598246
0.6748994213330777
0.0
0.0
0.07228181613825546
0.0
0.0
0.0
0.0
0.04833321450806671
0.0
0.0
0.3690467368548379
0.0
0.02275133644772287
0.0
0.0
0.0
0.25664946889960283
0.0
0.057881997646890726
0.0
0.026282293987417882
0.33307037781197146
0.38218095072563696
0.0
0.0
0.0
0.0
0.2121772454892913
0.0
0.0
0.0
0.1421235810579229
0.0
0.39809303072898183
0.0
0.0
0.0
0.0
0.0
0.0
0.0
0.1955813623559559
0.0
0.0
0.0
0.5017521642858629
0.0
0.0
0.0
0.13090140801676609
0.23160912553101287
0.0
0.04434819922583744
0.0
0.0
0.5060165030977339
0.0
0.4863351490547747
0.0
0.0
0.8153785087691048
0.0
0.0
0.0
0.8553848181027597
0.0
0.3423954194579364
0.21978941976516564
0.0
0.0
0.9684673859615114
0.6860728759648791
0.7419087257861909
0.05712476583257908
0.0
0.0
0.0
0.0
0.11229247351387228
0.0
0.9159059473117432
0.0
0.10075669815325716
0.8829276711945124
0.8657614705382145
0.20718508549726855
0.25416606336756187
0.8102416379830768
0.740005906714237
0.0
0.0
0.0
0.0
0.0
0.3613221499747885
0.3125794843653945
0.0
0.7549284394574575
0.6871759442128964
0.0
0.7813167909542978
0.18720665076358844
0.0
0.15334670036289533
0.0
0.3152575776357859
0.0
0.4859439180524019
0.7015306720335074
0.0
0.51727657810321
0.0
0.4649681209378247
0.0
0.37484407291816635
0.3209150107153669
0.0
0.8306768862990367
0.0
0.0
0.0
0.0
0.0
0.5462997140821285
0.0
0.14999734692234834
0.0
0.0
0.0
0.023230794289046508
0.0
0.582848045529744
0.0
0.0
0.0
0.7155828111893276
0.0
0.0
0.03739133733576694
0.8328815432442467
0.8282858981229735
0.5972582318365791
0.0
0.0
0.0
0.9081152410130672
0.0
0.0
0.0
0.992086567626068
0.0
0.24434560442883013
0.20931840442653937
0.2092657508168696
0.0
0.9134342872127686
0.0
0.0
0.9741725420399537
0.31767148206623275
0.0
0.0
0.0
0.0
0.0
0.8112169902139478
0.7914605027512889
0.0
0.0
7.373556817770188E-4
0.3829189404706461
0.0
0.0
0.46404402030013914
0.0
0.33091524661781113
0.0
0.05922920784493069
0.9776341827461559
0.19966481148587512
0.0
0.772623507708774
0.0
0.6088520104556978
0.448515531270525
0.9674804455366047
0.0
0.1797990926308508
0.0
0.0
0.32442334818797747
0.5540920626334382
0.0
0.0
0.0
0.0
0.0
0.0
0.0
0.0
0.0
0.0
0.0
0.3922131094150646
0.6964945657731292
0.0
0.0
0.7239952391684578
0.4117723374264086
0.0
0.0
0.0
0.0670230864410799
0.0
0.8311737868394149
0.0
0.0
0.0
0.2469118255824274
0.5393493593421124
0.0
0.7011873462186675
0.0
0.1070679587226937
0.9561973114535903
0.18790993059087058
0.0
0.0
0.0492349812976709
0.8862134750269555
0.650474845393832
0.0
0.0
0.9629042738226883
0.0
0.0
0.7651325181821307
0.0
0.3470268580462603
0.0
0.0
0.4126584729764381
0.0
0.4516523742180445
0.3697547140741314
0.670989925206062
0.0
0.8907721474048702
0.0
0.0
0.0
0.0
0.0
0.0
0.0
0.0
0.0
0.058338023410374196
0.0
0.9203844146767629
0.0
0.0
0.0
0.6549027305905695
0.8577930943698282
0.39333198388207946
0.0
0.0
0.30198895105479495
0.0
0.0
0.0
0.0
0.0
0.642156377781422
0.26120473025718494
0.0
0.1512077086260296
0.0
0.5252820461230412
0.7820818506853637
0.7869431581457024
0.7272455542105076
0.6017414656023595
0.012173712451817198
0.4757368634199486
0.3457816943693981
0.87785862789219
0.512559450473772
0.0
0.6436005397061668
0.0
0.8341229907346625
0.0
0.2990471380202768
0.0
0.0
0.0
0.7089311081458844
0.0
0.17127092687186574
0.4515425787259648
0.0
0.08395315670157477
0.0
0.0
0.0
0.0
0.0
0.0
0.0
0.0
0.6159542285937172
0.5826311465735986
0.3236722008170584
0.9659725521880769
0.0
0.3413559230930674
0.9074437805910185
0.0
0.0
0.009362985624791986
0.0
0.9789938880881844
0.9988088222441792
0.8969379906561812
0.2858571592466047
0.0
0.5376511238853753
0.0
0.0
0.46067664968965705
0.47010689814644224
0.4927609920693172
0.9687931280969069
0.0
0.4007100057728398
0.0
0.09720238102465428
0.0
0.0
0.32736912511132865
0.0
0.0
0.0
0.0
0.0
0.0
0.7337977059021932
0.10667641988768661
0.0
0.20443216738338832
0.16393058974444696
0.0
0.4053352890901887
0.23118779655363164
0.6542563384740283
0.24964198994828113
0.0
0.32514733704125576
0.0
0.0
0.0
0.17870585474912704
0.32319076675122704
0.15124916093607488
0.0
0.0
0.0
0.5759492199688118
0.0
0.0
0.0
0.0
0.0
0.0
0.0
0.6297433637529211
0.0
0.9457706008720053
0.0
0.0
0.0
0.271027309823745
0.8317484637991078
0.0
0.6318597360569433
0.0
0.0
0.0
0.0
0.865658846930729
0.0
0.0
0.0
0.8456168545369289
0.0
0.19130225197183826
0.0
0.0
0.0
0.0
0.0
0.5219732001681472
0.03318523313594002
0.0
0.0
0.8858775646073298
0.4566082800670954
0.0
0.24109664082463855
0.4618885840409642
0.0
0.0
0.0
0.0
0.0
0.0
0.9961839184747666
0.8539244075999172
0.0
0.1381406185549825
0.8996151674685835
0.49272398329775036
0.0
0.0
0.7367614274625938
0.1945212186058125
0.39332364661902597
0.2366407575938373
0.0
0.0
0.49422774165053907
0.9411265511488229
0.034279405551014164
0.4083419014771581
0.0
0.460877583786529
0.0
0.6641537882478087
0.0
0.6946824018248112
0.0
0.666893605335853
0.11055148480876831
0.0
0.0
0.466799277244744
0.0
0.9520659276159562
0.9681434150832476
0.1803052039850741
0.13172418267282004
0.0
0.8147332820347004
0.0
0.0
0.7214225270646293
0.2475773266508542
0.3633183982402486
0.4153275354181927
0.3562261260726428
0.4485869784544818
0.0
0.0
0.0
0.0
0.5492526439244753
0.33383941772207015
0.012261112896016502
0.12753319801978047
0.0
0.0
0.0
0.0
0.0
0.0
0.14673113023394524
0.0
0.2595643166185102
0.0
0.0
0.0
0.0
0.0
0.6039672623452969
0.8286800818814322
0.010054777295501194
0.0
0.0
0.9525389145290776
0.8659659326868838
0.0
0.0
0.0
0.0
0.0
0.23766707668463616
0.0
0.2919438824374565
0.7172485757982185
0.18451933803829002
0.0
0.7663899941313126
0.3234338896780402
0.0
0.0
0.0
0.0
0.8813528978965498
0.0
0.0
0.0
0.0
0.768713782390589
0.0
0.0
0.0
0.0
0.36986289837616293
0.8918319251819311
0.0
0.7722041884167911
0.0
0.9067192944953014
0.0
0.0
0.0
0.0
0.5043038887755458
0.40720895393863865
0.6931383393371208
0.0
0.05568433547376839
0.0
0.0
0.7096769468643411
0.26604954833943417
0.0
0.0
0.4908812771708817
0.0
0.13333741641238217
0.11766616521056916
0.0
0.3439667380931757
0.0
0.28779700030022903
0.0
0.31305007745328617
0.7067961175844426
0.0
0.731242831644364
0.0
0.0
0.0
0.0
0.753482151041951
0.0
0.0
0.3854974788084925
0.8261667277212768
0.02584030321949582
0.0
0.6366522366700147
0.3651232582461035
0.0780790124932329
0.7141390219726007
0.0
0.9252704986371353
0.0
0.15802069548005726
0.825770914701103
0.9896837978704816
0.2582648930997704
0.0
0.0
0.0
0.9219378736812256
0.0
0.0
0.890566717442024
0.0
0.0
0.5628541476958742
0.9375350022912694
0.8586361911270491
0.21466097179153298
0.0
0.9122397448449822
0.0
0.0
0.12996332790400733
0.0
0.0
0.24709125312832303
0.0
0.34249818984563807
0.1353402782399703
0.0
0.5335808471563066
0.13752983590863666
0.5408690663902856
0.5000396446817408
0.037838310532174346
0.5682853526510168
0.0
0.05193438388176985
0.6343039313414154
0.0
0.0
0.0794631108419569
0.8114971248635454
0.0
0.5537340229307657
0.6674785992393162
0.2069008395378229
0.3006301838736746
0.0
0.4404503959746031
0.0
0.5816036660465862
0.7276640588893079
0.0
0.0
0.713597725098185
0.0
0.0
0.7643465270464903
0.0
0.22453992154993685
0.0
0.6372489401604072
0.0
0.0
0.301806527818981
0.41558375194669384
0.25209146798791515
0.0
0.0
0.6822787213982895
0.389853222096468
0.1762961202287726
0.0
0.49519069619086487
0.594312016824915
0.0
0.6083428391109158
0.0
0.2540570895046439
0.13122445548224648
0.0
0.0
0.43769405833270203
0.0
0.6067557150947731
0.3410635007452716
0.5564429808189998
0.0
0.0
0.0
0.15510390400022178
0.0
0.5748299569813827
0.0
0.0
0.0
0.5509778249108508
0.0
0.2844218375021852
0.5246476378813918
0.6616539206454131
0.0
0.573351824249657
0.34473577387598087
0.0
0.035535339091747
0.7176581046168282
0.8131280240753916
0.4477884111317729
0.22846626600103592
0.0
0.0
0.9152850267052682
0.0
0.0
0.6642358037610625
0.9859164572911301
0.0
0.16098433426546732
0.0
0.6551421380990009
0.0
0.2838965968560103
0.0
0.0
0.6676612954144607
0.0
0.0
0.27768943446364713
0.9074461692715086
0.7013704989462572
0.21043160861189836
0.0
0.0
0.846829555744579
0.8861658937568258
0.7421311289623327
0.7879650839748334
0.0
0.0
0.0
0.0
0.0
0.9913421754688213
0.6899117110875506
0.13914010036985758
0.4153697526206337
0.11816574878799424
0.13408150524095785
0.0
0.12624331911326425
0.0
0.2476017596722111
0.03741539629382884
0.0
0.6314095843929515
0.29333093869882165
0.3417910855255517
0.683135089191077
0.9389009106907006
0.4052415803782323
0.0988275657128419
0.0
0.0
0.29939255602866743
0.8529473889181423
0.0
0.9687172049258568
0.8373688427986146
0.13527818051826057
0.3688650650520582
0.5987885773667432
0.0
0.0
0.5166974902789908
0.0
0.0
0.04837931353015512
0.4723212389909508
0.0
0.0
0.43954094094192175
0.0
0.9292740562670831
0.0
0.0
0.0
0.6848310213329846
0.15259902965528227
0.6090081149331252
0.0
0.0
0.0
0.0
0.0
0.42274956479492865
0.0
0.0
0.0
0.17515658392800004
0.0
0.0
0.15095030596382153
0.030990287012651052
0.0
0.0
0.0
0.15793060619767607
0.4408966892278753
0.0
0.023203741639629683
0.0
0.0
0.0
0.0
0.3580434899727927
0.0
0.0
0.0
0.8182668830010966
0.22313703839687227
0.0055190068890739186
0.344248642172151
0.4056152396744419
0.0
0.0
0.1360967869152433
0.9970668634510577
0.0
0.15951592373164314
0.0
0.0
0.2595319783699127
0.0
0.0
0.0
0.0
0.16162628873321172
0.1012825783832838
0.0
0.23596595408239618
0.0
0.0
0.0
0.45808397851788496
0.0
0.0
0.0
0.0
0.04543017684878914
0.419588365001628
0.2791683720748709
0.0
0.3081646841781951
0.0
0.2757670327279469
0.0
0.0
0.5339545336617461
0.0
0.0
0.30809664012542104
0.45928916523752206
0.9736462928305388
0.5825770813059752
0.0
0.0
0.0
0.0
0.0
0.0
0.0
0.04007972025823481
0.4029054996582847
0.7018060090096777
0.8087585560611714
0.3046633678617994
0.06805807551958376
0.2366532023832164
0.49502092441058687
0.0
0.049534336651615773
0.0
0.5874931282934654
0.2387763933766618
0.867490701234577
0.7798559018796805
0.9622453654296879
0.0
0.0
0.0
0.0
0.0
0.9443888444506149
0.0
0.7618813259526093
0.6289570647144511
0.8356091713951942
0.0
0.9891045941894953
0.9796711608644112
0.8262415994409666
0.0
0.03445581404724862
0.0
0.37857130914565174
0.0
0.0
0.5931965412736984
0.0
0.0
0.0
0.3856078707456696
0.0
0.0
0.07840087668694873
0.0
0.0
0.0
0.999316404774949
0.7714423919268009
0.7264575117889892
0.18473545907571753
0.18481521915885857
0.0
0.0
0.006529450614287002
0.025094872808612112
0.0
0.9942191705523251
0.0
0.0
0.0
0.32232009252166605
0.0
0.6340932718779644
0.0
0.0
0.0
0.0
0.0
0.0
0.2810973504229495
0.0
0.0
0.0
0.5009307864405457
0.426545631413237
0.0
0.0
0.0
0.0
0.36524066882701645
0.2520546893608193
0.0
0.948218550113519
0.0
0.08039556734451125
0.0
0.0
0.0
0.18568689418814566
0.3646570992386916
0.0
0.13910428550809084
0.37525325048178404
0.0
0.0
0.0
0.8993619901673223
0.516204074966369
0.06100094681960366
0.6264323329527046
0.0
0.0
0.0
0.0
0.7014030849492559
0.0
0.0
0.08035593513657968
0.8537312927413967
0.5733918132838609
0.9291652581134245
0.8522948839132569
0.9212528347229973
0.0
0.0
0.3893287602259754
0.0
0.0
0.0
0.0
0.02819396726275425
0.9333411482765991
0.652143695055956
0.0
0.0
0.0
0.0
0.44163770558727966
0.5466620079938246
0.0
0.0
0.23785830356067006
0.4998775618194794
0.642763170892727
0.32399074485437285
0.0
0.6821664136260792
0.8790500334210477
0.0
0.2836706654986708
0.0
0.0
0.10324817811444509
0.0
0.6764441768414919
0.7362901291119626
0.4424329580616373
0.0
0.0
0.0
0.0
0.5908119127303992
0.6546503953732284
0.9687340842281865
0.0
0.822268626147016
0.3158946483963142
0.276984891316743
0.0
0.0
0.0
0.0
0.9141744077644594
0.0
0.9999997128096368
0.016741754558648014
0.0
0.5439143712371621
0.6963491491807012
0.0
0.5102177525203474
0.3002595969953411
0.0
0.0
0.34689753328624673
0.9725672953528481
0.5341243481924169
0.33505976633373347
0.9752515535646801
0.0
0.2391067749817144
0.0
0.2593711973353444
0.7968021741762421
0.16313925306559907
0.17054096407481012
0.02218876615044907
0.2686682951335231
0.37729311297105883
0.0
0.66790123278472
0.6292096107147884
0.0
0.0
0.0
0.0
0.49159961800407737
0.21000169605387942
0.0
0.9962684693640944
0.21321651843361167
0.0
0.5872566765438176
0.0
0.0
0.0
0.08917714793012865
0.0
0.8389033780902081
0.5906080582717216
0.7073339380221451
0.8825039673826697
0.8789297050447606
0.06676711838297911
0.0
0.0
0.0
0.26674961987529155
0.5202710244793274
0.0
0.0
0.0
0.0
0.6006149480289347
0.4941774188921776
0.0
0.5459103651650846
0.0
0.0
0.0
0.0
0.0
0.13278312451723084
0.0
0.6478572196390151
0.8891883265541692
0.7068343330371994
0.0
0.16311528808048115
0.8353828201105395
0.0
0.0
0.28511702366445113
0.8881888348472546
0.0
0.6926733372281886
0.08266999609101533
0.900835025902053
0.6100388112962967
0.016340216202734403
0.14566380746831753
0.4025422911227925
0.7040650735206473
0.7080707833303097
0.0
0.0
0.0
0.3345018161881128
0.0
0.0
0.0
0.0
0.846431415476846
0.0
0.0
0.951741340516224
0.09476090742543963
0.0
0.5054541461600631
0.8868426003801242
0.06838921834229372
0.0
0.0
0.6957983971617676
0.0
0.0
0.7781060560960038
0.0
0.011095920148473604
0.5649833352854778
0.0
0.0
0.0
0.0
0.0
0.0
0.37682301554055886
0.0
0.7851177316246299
0.0
0.32534357006155756
0.6094607051184271
0.0
0.19487672103771714
0.5550744664720657
0.6877775973069675
0.0
0.18463622956027959
0.8443682580834606
0.31328821447673083
0.0
0.42498391018639503
0.0
0.8657651478176291
0.0
0.9053296280818863
0.4210779840207064
0.7430384108909749
0.0
0.8485474228566865
0.044519544639233466
0.21810339060202855
0.0
0.2755054890418853
0.0
0.0
0.0
0.0
0.8666898240437771
0.0
0.17450089075509712
0.4611298741109833
0.0
0.09179224248234885
0.5121514021944608
0.0
0.0
0.22237458951205424
0.0
0.0
0.0839780853307055
0.5915562060131448
0.8714555500425586
0.0
0.0
0.0
0.0
0.0
0.0
0.0
0.0
0.35796000455401744
0.9604450355547653
0.7031780443047638
0.0
0.14778139471204932
0.0
0.0
0.20994273804077346
0.8192592856427291
0.7400518195665557
0.995989927540759
0.48682616303734305
0.20916939819726388
0.0
0.54173563327009
0.0
0.0
0.0
0.6176403594058462
0.0
0.824382608893211
0.9640360048291419
0.521390582807097
0.14815793786697373
0.6073510291636091
0.540791511306601
0.0
0.7953358272581574
0.005090248023859711
0.0
0.2730288650499657
0.6295137135728599
0.0
0.0
0.0
0.2814561135157767
0.32817552006954154
0.9523779605775162
0.0
0.09207312551421531
0.5390542160387668
0.08872657022633745
0.1532973463234364
0.0
0.0
0.0
0.0
0.0
0.0
0.9114559581507848
0.5549892219863124
0.0
0.3174710611313496
0.6945795480715082
0.056637963341437336
0.0
0.5162871398604003
0.0
0.49518707849114596
0.5058621817490379
0.8190132664110481
0.0
0.10303130962312845
0.0
0.0
0.2892171154035237
0.6860998768380635
0.0
0.0
0.29656187692095826
0.08027774093858464
0.0
0.0
0.5376783592896938
0.9853161624687903
0.0
0.0
0.0
0.0
0.657835319188879
0.20743376449259243
0.4334564820944937
0.0639067133593072
0.0
0.779649259808026
0.21188944569438128
0.0
0.0
0.0
0.6851213685723194
0.0
0.004222146023994289
0.0
0.7305319803398107
0.0
0.0
0.0
0.0
0.0
0.0
0.7024244571007202
0.0
0.3885677918179149
0.0
0.0
0.33156597325410553
0.0
0.20556117450575584
0.0
0.4275151852912268
0.4617615596582787
0.11762753002270054
0.3602520778033915
0.0
0.0
0.7805741389506728
0.0
0.5195901999415866
0.0
0.5447734454802884
0.0
0.0
0.0
0.0
0.0
0.1633255542812575
0.29095822727287257
0.2799230840052742
0.0
0.5499015250699131
0.3859309836978777
2.4181929023425752E-5
0.0
0.0
0.0
0.0
0.6383657314106799
0.0
0.0
0.0
0.2834779925269404
0.546388604619493
0.7956587434937112
0.0
0.0
0.0
0.0
0.0
0.3358364917824639
0.0
0.0
0.6067121714152408
0.0
0.0
0.2925342193077106
0.0
0.4251059378124147
0.0
0.0
0.38720659060365326
0.0
0.0
0.0
0.0
0.5787996754742915
0.0
0.0
0.5093193982299831
0.9998411638530869
0.0
0.0
0.49855771718957986
0.0
0.3607812454485233
0.9757609766150533
0.0
0.0
0.0
0.0
0.0936029923008066
0.0
0.42784095433997726
0.0831964806158888
0.0
0.0
0.0
0.0
0.0
0.9403115538164628
0.0
0.0
0.18451606428920875
0.5342996350447475
0.0
0.4598374942423027
0.4359920590571047
0.0
0.8455865897904282
0.7156540693389932
0.0
0.4436798070596425
0.0
0.9873597189471967
0.3775921990075415
0.5167169909540306
0.0
0.7113458349973522
0.0
0.0
0.0
0.0
0.0
0.0
0.4834628972217465
0.8026629821330511
0.0
0.3395124617650854
0.6141191490743081
0.0
0.3828033801444448
0.8346758281590165
0.0
0.0
0.0
0.0
0.09528079805896239
0.9747599173811707
0.6809418268233081
0.0
0.20080366001995653
0.4297504656119895
0.994429793367665
0.0
0.0
0.0
0.30839694634671033
0.89941185273203
0.0
0.25688097944551536
0.865690517644857
0.1343616797919357
0.22814432139387053
0.0
0.28530722991799495
0.8398662194304864
0.0
0.0
0.0
0.0
0.914845131456216
0.49943893504416315
0.0
0.0
0.883344263158746
0.0
0.821518308909165
0.0
0.8709057891216524
0.22486266070501315
0.9709423570294865
0.0
0.0
0.22300343281211366
0.0
0.09591256722615804
0.0
0.0
0.44729005674679867
0.6888662331207838
0.0
0.0
0.4747445492236386
0.0
0.5879399282192366
0.06424429381779584
0.4851988403250177
0.7708046297419341
0.6438208855143096
0.0
0.09589110749501861
0.0
0.0
0.14149644260862093
0.021502822337225336
0.0
0.0
0.0
0.0
0.7346922010387893
0.0
0.21770326978580434
0.1574167779031257
0.0
0.0
0.0
0.0
0.0
0.0
0.3908267180354681
0.0
0.0
0.0
0.4356857497197193
0.3944782641478074
0.0
0.1449889918097902
0.028963146401464357
0.24874095994886491
0.0
0.0
0.0
0.7190278567607166
0.0
0.0
0.14455282433644223
0.6436728893885312
0.0
0.5456433603794475
0.9700356040924771
0.0
0.0
0.0
0.6007141289203131
0.7271930490358598
0.0
0.0
0.30132418123643234
0.0
0.1950874666281689
0.0
0.739181924311215
0.5198127484404218
0.0
0.6201457786187563
0.0
0.9542517493368471
0.0
0.0
0.0
0.3350628481375745
0.0
0.0
0.0
0.0
0.9316446352237593
0.21101855679359094
0.0
0.0
0.04471898948040376
0.2683397253802935
0.0
0.45959154765551935
0.0
0.0
0.0
0.10341515410239366
0.0
0.0
0.0
0.8714869718928809
0.0
0.0
0.26523829798889587
0.5996126638922732
0.0
0.924838441075506
0.0
0.0
0.9073777174715547
0.6314150385874295
0.9497956096682755
0.0
0.33704249813639375
0.8088288876732239
0.0
0.0
0.0
0.48856619155484504
0.01025954133995377
0.9991406746582688
0.875930400227043
0.0
0.0
0.4287013076352775
0.0
0.8347702096810947
0.007844029275969389
0.0
0.0
0.0
0.0
0.0
0.6147949807924152
0.7997212432325373
0.9799398355564559
0.38940504033395873
0.46287754191207053
0.29874482444347916
0.0
0.0
0.37629675342761604
0.0
0.0
0.34115009553625775
0.0
0.0
0.0
0.28934413669652437
0.7030425971063707
0.8750492230622917
0.0
0.4032738685237268
0.7514296151904813
0.5895371239269493
0.0
0.639063145261024
0.0
0.0
0.906382399195115
0.0
0.0
0.0
0.0
0.41764013587373994
0.0
0.0
0.0
0.019205783932780385
0.4653713543945269
0.0
0.03347866107505071
0.0
0.8867353284316095
0.0
0.7966172296761875
0.0
0.0
0.6907062431283302
0.0
0.0
0.028180958036510773
0.11650723897625237
0.0
0.29685493826607634
0.9795158550077755
0.12165504467174593
0.9303948362347922
0.6942883578609973
0.0
0.0
0.0
0.9199754963497324
0.0
0.9992355008036594
0.058825738330081756
0.0
0.0
0.7726145086721927
0.0
0.7252665415434543
0.0
0.5165934015706186
0.2910954168727087
0.0
0.0
0.0
0.6092974896535008
0.9703443869645705
0.8812083431105409
0.0
0.0
0.045668872909469305
0.388978495314232
0.525231407467281
0.0
0.188464149664747
0.0
0.0
0.6021874049454694
0.1752014955987573
0.0
0.0
0.0
0.0
0.0
0.24906534266310876
0.5022754237444029
0.0
0.08692472586574018
0.0
0.0
0.38452194130740147
0.1658917367503283
0.0
0.0
0.0
0.37010765149092273
0.570065449321821
0.0
0.0
0.04021140720252714
0.2368236786529273
0.0
0.9196493207621975
0.0
0.737215198481302
0.0
0.8310887556230313
0.2892574912375294
0.0
0.0
0.0
0.4116064348289946
0.08917555510196318
0.0
0.0
0.3163139813985384
0.0
0.0
0.26449161787380837
0.0
0.0
0.5694306723593247
0.44905812673706014
0.0
0.0
0.0
0.6786969061643835
0.47783789606482663
0.0
0.3206780948607634
0.07323374200372679
0.12073461878735237
0.8428055535203374
0.12449340721878
0.0
0.0
0.06414740479858105
0.7329835200974107
0.2875627564527794
0.9677148389588223
0.0
0.6541554025320626
0.0
0.12340752818466827
0.0
0.7601838245398187
0.0
0.11629106119275978
0.0
0.753031238255403
0.0
0.0
0.4062541359046501
0.0
0.0017185823848898663
0.0
0.9893485851593526
0.0
0.4423445242355035
0.7838771879995567
0.37602838527744864
0.0
0.08198741865450021
0.0
0.9714926100025886
0.09678944873562201
0.0
0.0
0.0
0.2963360435896796
0.8331032884944136
0.0
0.300174867689349
0.0
0.0
0.0
0.004743330558719339
0.0
0.2145969258219913
0.8436059538650325
0.0
0.7733651156038873
0.0
0.0
0.1751636789320331
0.0
0.717486118182328
0.47666101685149465
0.9253878154938895
0.0
0.689138196666817
0.7827040928076912
0.0
0.0
0.0
0.4538074416510599
0.9844258830433558
0.6683109348171354
0.7313130016917935
0.0
0.7371291462042511
0.0
0.7065602595695043
0.9323430074506757
0.0
0.298901507830166
0.04114360829187502
0.0
0.0
0.9885896315138726
0.0
0.0
0.0
0.018820677665143393
0.0
0.0
0.0
0.7539629445548786
0.22757312890434922
0.0
0.0
0.13688767893929676
0.9056476385256997
0.0
0.0
0.3908722802601581
0.925974294061068
0.7473036978456754
0.0
0.09705209097827339
0.927875735061705
0.3131192877584963
0.49229373527384046
0.0
0.0
0.6124919125708868
0.7954996778205426
0.0
0.0
0.486747064013655
0.762885020150491
0.0
0.0
0.0
0.0
0.0
0.0
0.4446223210593747
0.0
0.4518361406232486
0.0
0.0
0.0
0.0
0.0
0.0
0.9607585971146164
0.1141718038594619
0.0
0.0
0.021254346665651513
0.0
0.0
0.0
0.0
0.48869104850873346
0.0
0.0
0.0
0.0
0.0
0.0
0.2344293065768982
0.0
0.0
0.0
0.0
0.0
0.13445487596839045
0.5763685236351821
0.49547518862059436
0.0
0.0
0.9049902125980029
0.8862047938436823
0.0
0.0
0.8414073541553393
0.0
0.4279486754517685
0.0
0.0
0.0
0.011880364264040377
0.0
0.8487587246022898
0.0
0.0
0.0
0.0
0.7349549558690257
0.9002831162170775
0.0
0.586583240367042
0.602439694805142
0.0
0.5693723429800042
0.0
0.6673255238728641
0.541235816918985
0.0
0.11238407112214255
0.0
0.0
0.0
0.21430803312295155
0.0
0.0
0.0
0.2532993801849335
0.0
0.6885955764973561
0.9292427680251335
0.5545574851445001
0.0
0.17327544775841486
0.8464138566577802
0.4836757765034565
0.6817047207222608
0.0
0.1481375405215144
0.15214959152286667
0.01629368477221027
0.0
0.0
0.0
0.20483291558067818
0.0
0.14166972353581708
0.0
0.5907184515710642
0.28281722337949167
0.0
0.5371538989486844
0.3249174454893533
0.7709100814314873
0.0
0.6542381562126105
0.7458919096752514
0.2436941311021743
0.0
0.0
0.0
0.08741506728118176
0.04284208126230715
0.0
0.8695953224754447
0.0
0.6528481441593104
0.0
0.0
0.6535130439997241
0.0
0.0
0.616659046630694
0.0
0.0
0.8103410534438071
0.0
0.0
0.45597383446920015
0.0
0.0
0.0
0.4121070566249203
0.9026706513202785
0.5648789165671505
0.6374401171182419
0.0
0.0
0.3098193768621067
0.0
0.00739767564115279
0.0
0.8431184519606927
0.6081731546767362
0.15397030549643032
0.0
0.889060672076531
0.7339269446506395
0.0
0.0
0.0
0.6836427385798689
0.0
0.5216863515630019
0.0
0.0
0.564618281667493
0.0
0.0
0.0
0.7482911466459643
0.0
0.0
0.0
0.0
0.0
0.0
0.0
0.0658206070718611
0.44013316627216037
0.6910507214653268
0.2048819599512287
0.0
0.49940136382917555
0.8824269881376448
0.8735107896321768
0.27506401711225115
0.0
0.0
0.09479040583879217
0.1494088190747913
0.7154009031507622
0.0
0.0
0.24264718940910512
0.0
0.0
0.0
0.45012183616259405
0.0
0.0
0.0
0.2771254627253552
0.0
0.0
0.0
0.0
0.0
0.053054738842864824
0.0
0.09352014794032748
0.0
0.6504794512903629
0.0
0.27061814612424473
0.482760951607633
0.0
0.0562401842224024
0.9542938009799962
0.0
0.7178831547529371
0.3914801975303215
0.0
0.0
0.5587601820150351
0.055962025456804176
0.8298265998323149
0.43092822937448183
0.4066648616670263
0.0
0.0587014442697783
0.9778661983044223
0.0
0.5273821221651555
0.12864190236568906
0.218537111976707
0.7607209121545955
0.23349730756696596
0.0
0.6050187179771054
0.0
0.06887681872851692
0.0
0.0
0.8887129577626816
0.0
0.0
0.8900434785565638
0.0
0.0
0.8242456049721246
0.0
0.0
0.0
0.0
0.33182712931261227
0.0
0.0
0.0
0.0
0.266151390032459
0.06680663723592584
0.15855271045798092
0.12671927775215208
0.6831571873089891
0.3362954538633707
0.0
0.7042156544618998
0.0
0.0
0.0
0.5086056720566376
0.0
0.0
0.4930852838456935
0.4575131782261921
0.0
0.3300213998389342
0.0
0.0
0.0
0.0
0.0
0.0
0.0
0.18804924360027941
0.8902036067347079
0.46335799720135196
0.6577579328891414
0.4316218270104506
0.16397790859569128
0.0
0.09713342768813427
0.7368796916846102
0.0
0.0
0.0
0.5674046188319949
0.0
0.48793755202289457
0.0
0.0
0.0
0.0
0.0
0.0
0.0
0.9928016971458226
0.0
0.0
0.0
0.898801635313702
0.25855127984203685
0.2206378596791997
0.11965063391628339
0.7324457863080023
0.0
0.3873682986113014
0.0
0.7558565765942709
0.0
0.9234618499278328
0.0
0.0
0.0
0.05587229341278488
0.0
0.0
0.0
0.9643425518725954
0.47163923224701043
0.6817126072494049
0.0
0.1431897401046709
0.12880309680011248
0.0
0.0
0.0
0.0
0.0
0.0
0.5361795627074218
0.1995928644325743
0.0
0.0
0.3989962215496432
0.0
0.5445213926981773
0.3558786510005635
0.0
0.6031357861992265
0.8160281415566131
0.0
0.4970243221143492
0.5410193838351233
0.1766358474562929
0.0
0.0
0.0
0.0
0.20452824999932584
0.0
0.0
0.6555033748639415
0.0
0.7681568396182918
0.0
0.0
0.008141981800708575
0.0
0.33718205610314844
0.0
0.0
0.5313394114985683
0.5203354012462293
0.0
0.0
0.0
0.022673794765248223
0.0
0.0
0.0
0.0
0.7192761738830382
0.0
0.05524112991608543
0.0
0.5213031413222198
0.4969166059978909
0.0
0.0
0.022605222186319662
0.7528234376228157
0.5803633265536868
0.17254109629128211
0.0
0.6333357878287488
0.0
0.0
0.0
0.0
0.6988428649447633
0.0
0.0
0.0
0.26189794637961983
0.862105410542723
0.862828334139564
0.0
0.0
0.0
0.5471348801166072
0.16353156738220198
0.0
0.0
0.0
0.1575253143709161
0.0
0.0
0.5276462151720932
0.0
0.0
0.0
0.0
0.0
0.0
0.8937558349437273
0.6316053125831792
0.0
0.339507607445547
0.0
0.4143786203894573
0.8203750568733021
0.8222363832832488
0.0
0.7602466488734826
0.4100987109422285
0.5623749539875715
0.0
0.559113866069034
0.0
0.0
0.9679368985559536
0.0
0.18671217557737618
0.3920571403428508
0.7977596885445006
0.0
0.19989819118959218
0.9978407516285959
0.0
0.0
0.5246018328952055
0.4032977128876609
0.0
0.0
0.9066287929080924
0.440437429070743
0.0
0.0
0.0
0.17957883054001533
0.05491616338881722
0.7272654701764939
0.0
0.578624420918195
0.9205345635316857
0.0
0.08859750905609909
0.4731618840827331
0.0
0.691287056896874
0.0
0.0
0.11871542826236159
0.17161469410972374
0.552928493416635
0.0
0.7222353494754425
0.0
0.0
0.0
0.0
0.8779298925723157
0.0
0.853064371020834
0.0
0.503595251017978
0.5201585212036637
0.6055744314940606
0.0
0.0
0.8677916901303235
0.18971973266318254
0.0
0.9992860998616365
0.0
0.7969044610241799
0.939389432157109
0.0
0.0
0.6505816991191631
0.8702754411279993
0.6413949849566964
0.29557472533121243
0.2848026082634374
0.8417546246908976
0.0
0.5294546510394071
0.0
0.7475227933777117
0.0
0.45869218087688424
0.9377987009595389
0.7460992936886465
0.8812903991224802
0.9501342375512986
0.7378772063466854
0.11168155179785733
0.0
0.0
0.0
0.4212770639949346
0.23497458243317326
0.03236172660662551
0.0
0.0
0.13263413145778213
0.0
0.0
0.0
0.28754377710125034
0.16396434990588782
0.0
0.0
0.9383572547685383
0.0
0.945516392344
0.23174615056286474
0.0
0.0
0.0
0.04735683396105794
0.0
0.48647447429507196
0.8735542005472208
0.0
0.0
0.0
0.0
0.3065963892581749
0.0
0.5106942909412355
0.9197083861624624
0.4771191115349973
0.8009746021585143
0.44740014333915035
0.0
0.0
0.0
0.5142009410051955
0.33862887445958356
0.16318713115831418
0.0
0.2662370875645568
0.12137587216604495
0.0
0.10418089073644665
0.3372291569611927
0.6512783868434717
0.6478367156200213
0.43417573078689364
0.6636710297400688
0.5352299090952662
0.10235882768158444
0.1754796908698124
0.0
0.0
0.0
0.27200152115023046
0.0
0.0
0.5843771152368941
0.0
0.9767154825999299
0.0
0.0
0.0
0.6289694627614728
0.0
0.0
0.0
0.0
0.0
0.0
0.7528608299743159
0.0
0.0
0.8022342400831337
0.0
0.1368225244329706
0.735798681469062
0.0
0.019132835287252514
0.6636925471394519
0.9339369142085037
0.0621520563531851
0.0
0.0
0.0
0.0
0.23957271260122703
0.3978200446562983
0.25976915641259946
0.3915900346602579
0.3407157204275095
0.9013754681173664
0.0
0.741931110682287
0.3459762693883638
0.0
0.0
0.7254954441329413
0.49702408523459063
0.0
0.33924004237493444
0.0
0.11266569032532159
0.004336973464748373
0.0
0.3174868768416991
0.0
0.0
0.09599442310901296
0.13574040961392175
0.6196049920008754
0.9710992894951446
0.9185599083606337
0.0
0.0
0.49908588955873323
0.8611826849596405
0.9400197084225578
0.0
0.0
0.6290542218127743
0.17190941219775913
0.4444646861323325
0.40044726484931514
0.0
0.21540339062407654
0.0734752076623465
0.3093698261081753
0.0
0.6632320390390609
0.0
0.0
0.0
0.0
0.0
0.0
0.0
0.5360679883587596
0.0
0.016080300081737997
0.0
0.0204047140011977
0.0
0.0
0.8999974634880199
0.9924473479301475
0.13016722912303935
0.0
0.1968559524999487
0.0
0.0
0.0
0.7059471414577013
0.22364326436622717
0.0
0.9366212855395599
0.0
0.07240468270059286
0.0
0.836352083087477
0.0
0.0
0.0
0.0
0.9968463351821765
0.0
0.9113719479482001
0.0
0.0
0.0
0.3332259969129501
0.5765427577262601
0.6854076982921629
0.651132285497044
0.0
0.5658551573693867
0.0
0.0
0.0
0.0
0.5854318340804685
0.1289561882175828
0.0
0.0
0.7294012773825547
0.0
0.44863381164099336
0.5979249524912362
0.0
0.19397511504786935
0.5524344725796606
0.9525435380689146
0.0
0.0
0.2041616490877397
0.0
0.21594832245626172
0.0
0.6568738624167427
0.0
0.0
0.0
0.0
0.0
0.40390519285185356
0.0
0.0
0.0
0.0
0.0
0.007388108588681552
0.3961055132500484
0.48658246513364634
0.4071235859659026
0.0
0.0
0.36678316295779256
0.7445902449980902
0.18578985477226517
0.8744868913782324
0.49803861286039564
0.16714426410252758
0.5377133350120151
0.0
0.0
0.5791505851270005
0.3203958581553912
0.0
0.0
0.22613121934245972
0.631024143670244
0.0
0.928732465906143
0.670768431410776
0.0
0.438239225070281
0.0
0.2842015242138126
0.0
0.3849136863364526
0.9469224771020369
0.0
0.29766201139081105
0.1315887774487956
0.0
0.004004745750462835
0.0
0.5447714883623767
0.0
0.5207389505834652
3.630213441777608E-4
0.1352261577086704
0.0
0.4732575016499059
0.0
0.7185031403929668
0.15295842180980468
0.0
0.0
0.0
0.16974504713311211
0.0
0.0
0.8588529883078271
0.0
0.8865248343338752
0.16350480832502845
0.19600174814054871
0.0
0.7332070833231208
0.0
0.3355553101536817
0.0
0.8029428098721141
0.0
0.0
0.35872641274123274
0.5612923505024114
0.37968083630417304
0.0
0.0
0.0
