0.0
0.8292683545552233
0.0
0.0
0.9999999941747081
0.0
0.0
0.0
0.11341391469124873
0.9990159288466203
0.9852431014400805
0.1159176459745811
0.0
0.0
0.0
1.0
0.6170578411871568
0.18266452391340737
0.0
0.2431610064487455
0.0
0.006763473955787136
0.0
0.6227113616009621
0.0
1.0
0.0
0.0
0.0
0.0
0.7040600651312272
0.0
0.0
0.0
0.0
0.0
0.0
0.10939100030393922
0.0
0.23726572152784042
0.1596251870884282
0.0
0.5737128778482938
0.0
0.0
0.9999999922925802
0.0
0.0
0.0
0.0
0.0
0.0
0.0
0.0
0.10806895091384017
0.0
0.0
0.0
0.0
0.0
0.06278432982082116
0.0
0.0
0.0
0.0
0.01029362939026357
0.0
0.0
0.26573940767126525
0.0
0.0
0.9731513072442236
0.0
0.0976875428278996
0.0
0.0
0.0
0.0
0.0
0.0
0.0
0.0
0.0
0.0
0.0
0.5803697149078261
0.0
0.0
0.0
0.0069731983810692455
0.0
0.0
0.0
0.0
0.8030711667597671
0.0
0.0
0.0
0.0
0.8933990556458608
0.0
0.37451070884764315
0.5298630289031112
0.0
0.0
0.0
0.0
0.9592991105103605
0.22405627378741455
0.5043690555971814
0.0
0.0
0.2756249266389905
0.0
0.0
0.47771127430603844
0.9654185461381437
0.0
0.0
0.0
0.0
0.0
0.0
0.0
0.0
0.333857045505241
0.0
0.0
0.0
0.428166808999318
0.0
0.0
0.03602944593524082
0.0
0.0
0.08767275911861672
0.0
0.0
0.0
0.0
0.0
0.33235483295507007
0.39170975955673304
0.0
0.24880395885123185
0.9999935317659986
0.0
0.0
0.579428626206411
0.0
0.0
0.853797655737923
0.0
0.0
0.9671265304254826
0.0
0.0
0.3367639294639905
0.9999999765415999
0.0
0.0
0.0
0.0
0.7170021458157065
0.0
0.0
0.0
0.0
0.0
0.0
0.0
0.0
0.0
0.14956053674511827
0.32650727003174307
0.0
0.0
0.24700447097787803
0.6634385172513815
0.03131061663719681
0.0
0.0
0.24809417954568191
0.0
0.0
0.19768490701096963
0.0
0.0
0.0
0.0
0.0
0.0
0.0
0.5157320384961939
0.4906454084836971
0.004053179896827297
0.0
0.0
0.046852837533237324
0.0
0.0
0.0
0.0
0.6972029710347672
0.0
0.5414656751211875
0.0
0.0
0.4841952896102293
0.0
0.4931084991509983
0.0
0.9894074763096489
0.4282169258842108
0.0
0.0
0.0
0.0
0.0
0.24237996582440857
0.20774131517256378
0.0
0.11352414958304402
0.0
0.0
0.0
0.27096582297929683
0.0
0.0
0.8563405767324793
0.0
0.7666673631534353
0.0
0.0
0.0
0.0
0.0
0.24272510300137407
0.7114407171100097
0.0
0.9999999795699914
0.0
0.0
0.2861751562039957
0.24715054872647535
0.0
0.26732386163847033
0.0
0.924185043219193
0.795257720938778
0.0
0.0
0.0
0.0
0.0
0.9946771536164732
0.5072279501880073
0.0
0.0
0.0
0.20615354030945
0.10061706653555558
0.7301810624728962
0.0
0.0
0.0
0.0
0.08103496118972964
0.0
0.23085203683721733
0.8539031241218448
0.6667933598864166
0.0
0.0
0.8677460256560043
0.4138559055743882
0.03041740208981536
0.5858228935780728
0.13257616449752263
0.0
0.0
0.0
0.0
0.0
0.0
0.3650950904397201
0.0
0.0
0.0
0.0
0.0
0.0
0.0
0.5748165072787943
0.0
0.0
0.0
0.16970983291356
0.0
0.0
0.0
0.0
0.0
0.0
0.8609619951204167
0.0
0.9178933679655723
0.0
0.3488806097256416
0.0584207321168585
0.0
0.0
0.0
0.07905864974912558
0.8294201642941105
1.0
0.13182465384449793
0.0
0.3010961438414663
0.9482020212715142
0.053938872153449724
0.0
0.0
0.0
0.0
0.840484834017625
0.0
0.0
0.0
0.0
0.0
0.0
0.6816001053717589
0.0
0.0
0.9993465722684683
0.0
0.0
0.37277170705067664
0.275362826747791
0.5790105761484958
0.6269957981764446
0.1499347628507608
0.0
0.0
0.0
0.0
0.6887176697097414
0.0
0.0
0.0
0.36279266448671343
0.0
0.0
0.0
0.0
0.0
0.0
0.0
0.0
0.09057946473448686
0.0
0.0
0.0
0.48497318849944593
0.7737188517281797
0.0
0.0
0.0
0.0
0.3727454893854335
0.03497548833315989
0.0
0.8706781932649905
0.7719616108049326
0.0
0.0
0.0
0.0
0.0
0.0
0.0
0.0
0.008122081453580177
0.0
0.5319655363388462
0.4220263645806077
0.0
0.0855388901826194
0.0
0.0
0.0
0.6854998406675662
0.892264391102817
0.0
0.975556844727746
0.0
0.0
0.0
0.2700079926665109
0.0
0.45655173378098535
0.0
0.0
0.0
0.0
0.0
0.40252208923708177
0.0
0.0
0.0
0.0
0.5542972097470402
0.3488384513700904
0.1028260392488376
0.8168882869701742
0.0
0.0
0.0
0.03190770918299668
0.0
0.0
0.0
0.5564417114749027
0.48876234514372574
0.0
0.07498515144190565
0.0
0.6829960531833796
0.0
0.3979569837329947
0.0
0.6660475095572524
0.6542662322296713
0.2671561029259524
0.0
0.2067119188844705
0.0
0.0
0.0
0.0
0.0
0.4930067389827504
0.0
0.7542106627121616
0.0
0.0
0.0
0.021217612023327725
0.3088865961498669
0.0
0.013114184400340845
0.0
0.0
0.0
0.0
0.31709375143272944
0.0
0.9972335938954807
0.0
0.7002886537576136
0.06784742371694064
0.0
0.0
0.0
0.0
0.22854985438939435
0.0
0.0
0.0
0.6600985519631173
0.0
0.0
0.0
0.0
0.0
0.0
0.0
0.0
0.0
0.0
0.21531220012238916
0.0
0.0
0.6546242177285524
0.0
0.11597720909923626
0.0
0.0
0.0
0.21284990472461762
0.0
0.0
0.0
0.0
0.9058648068220047
0.0
0.0
0.999368682449691
0.12183792086735412
0.0
0.05211476146810212
0.0
0.0
0.0
0.0
0.2157561512395103
0.833962631414658
0.8682435370612894
0.0
0.0
0.0
0.0
0.0
0.7408249683641159
0.03378627377289711
0.0
0.0
0.0
0.2941445206338307
0.7712356427458873
0.998869649086844
0.0
0.0
0.9789120848236095
0.0
0.0
0.09952941758316358
0.0
0.0
0.0
0.0026794830112263357
0.0
0.0
0.0
0.0
0.0
0.0
0.0
0.0
0.38795692849196595
0.04624697714523651
0.0
0.0
0.6328677686480688
0.5387370947544696
0.0
0.0
0.0
0.0
0.01690392077465197
0.0
0.33593510538992644
0.3153905682311071
0.0
0.7925229124409844
0.0
0.0
0.8452046496326062
0.8365196370125795
0.0
0.0
0.0
0.0
0.0
0.018118966422263294
0.0
0.7118699526193261
0.8641119179241703
0.0
0.0
0.0
0.568885091240306
0.0
0.0
0.0
0.0
0.0
0.0
0.0
0.0
0.8320010032550851
0.0
0.0
0.0
0.0997311122990634
0.0
0.0
0.0
0.47099566285033556
0.0
0.8991969873064
0.7124943174244917
0.0
0.0
0.0
0.0
0.0
0.2692945887856203
0.0
0.27260181204961986
0.9949152180946594
0.97509988815798
0.0
0.0
0.06791942178157573
0.0
0.574723547919872
0.0
0.0
0.0
0.0
0.6807884072879193
0.9963380512635857
0.0
0.07926514007329999
0.0
0.47020217602703407
0.0
0.0
0.997564334302747
0.0
0.0
0.3727033748163471
0.0
0.8799740863926971
0.0
0.0
0.592879513707233
0.0
0.0
0.0
0.0
0.03906921679115216
0.0
0.0
0.0
0.7961974096692214
0.0
0.0
0.1578318788911055
0.0
0.0
0.0
0.27305853046177864
0.6342322369770468
0.0
0.0
0.0
0.0
0.731583998225436
0.0
0.0
0.0
0.0
0.5294863034356613
0.0
0.7048696503128029
0.04663386702104577
0.0
0.0
0.0
0.0
0.0
0.0
0.6188879680664608
0.0
0.2628493386677636
0.2645187416990131
0.0
0.7061896931807852
0.9997708444129798
0.0
0.671619922217852
0.0
0.0
0.0
0.0
0.0
0.7513419956503543
0.0
0.1833717180819695
0.0
0.04220825091802294
0.3040096513614394
0.14937456483857847
0.0
0.0
0.0
0.0
0.0
0.0
0.4610286503047367
0.0
0.0
0.0
0.489145849866812
0.0
0.0
0.3688803990765076
0.0
0.0
0.8707285929480423
0.0
0.08776686293997749
0.0
0.0
0.0
0.0
0.0
0.5233936762248761
0.0
0.7675712543889381
0.0
0.0
0.0
0.0
0.0
0.0
0.0
0.0
0.0
0.0
0.0
0.4778801193068746
0.0
0.0
0.1350508193083635
0.06130693337067539
0.0
0.0
0.018018296381965948
0.9908504171680396
0.0
0.9997577510015291
0.5637379337793821
0.0
0.0
0.0
0.24306737080275875
0.0
0.0
0.0
0.0
0.0
0.0
0.01419588386524906
0.0
0.9989805047417931
0.3060821370916854
0.0
0.0897441015994539
0.6271784651876565
0.0
0.0
0.0
0.0
0.0
0.2287433006788061
0.3945372305635928
0.0
0.8762844714427684
0.29206432027751594
0.0
0.0
0.0
0.058589743299710784
0.8162352524764218
0.842308065649848
0.0
0.0
0.6087082192802211
0.0
0.0
0.15979419918677473
0.0
0.9213818309794759
0.0
0.0
0.0
0.0
0.8052402843297718
0.0
0.28724365982580213
0.8925680812179148
0.3214665800239578
0.0
0.0
0.0
0.9215315330447384
0.0
0.0
0.8403151215294467
0.8854953323921697
0.13258042769553802
0.0
0.0
0.22063850512720706
0.0
0.44794337552936137
0.0
0.0
0.0
0.0
0.0
0.0
0.0
0.8796104511020747
0.0
0.0
0.9584768397719199
0.23215529030233806
0.0
0.0
0.0
0.5473896620032417
0.1854125760884382
0.8500582711275573
0.0
0.0
0.0
0.15151190232518807
0.0
0.0
0.0
0.0
0.0
0.0
0.0
0.0
0.0
0.0
0.0
0.0
0.0
0.27831353378875834
0.0
0.0
0.026584528171325505
0.0
0.0
0.4891566925654345
0.0
0.0
0.9765129303403136
0.0
0.0
0.0
0.1581022810788787
0.0
0.0
0.5336838366517308
0.0
0.0
0.0
0.0
0.311354289968516
0.0
0.0
0.0
0.08876905645283517
0.9494335180793562
0.0
0.0
0.0
0.09029607854592747
0.9961201543962686
0.0
0.0
1.0
0.0
0.0
0.983446257219713
0.0
0.0
0.0023334986583865014
0.0
0.0
0.0
0.0
0.0
0.004492238688498906
0.0
0.0
0.0
0.274849499608538
0.0
0.0
0.05360177184546422
0.0
0.0
0.22209315191643308
0.68010695291471
0.0
0.0
0.0
0.0
0.0
0.0
0.30269870924137177
0.0
0.0
0.05542442266640235
0.0
0.0
0.0
0.4130667990228958
0.0
0.5330450969864211
0.0
0.0
0.0
0.9861200602176455
0.06067736993467154
0.0
0.0
0.8839702757287737
0.7908659725489559
0.9999999999999841
0.0
0.0
0.7169568835889242
0.0
0.0
0.0
0.1755765159422662
0.0
0.0
0.0
0.1559585668307748
0.0
0.0
0.0
0.6397944500116988
0.0
0.0
0.0
0.0
0.0
0.13264180631182243
0.0
0.0
0.0
0.0
0.48635624684367584
0.0
0.0
0.0
0.34516748994728874
0.0
0.14315465924789328
0.0
0.0
0.0
0.0
0.022543793443936422
0.3139799565787236
0.0
0.0
0.0696574996556153
0.5835307786862507
0.0
0.0
0.8482156089194134
0.2503242484922845
0.0
0.0
0.0
0.9592885635796737
0.9503251814998185
0.3732774367977022
0.0
0.0
0.43347693759383676
0.0
0.0
0.0
0.0
0.0
0.1370637588699024
0.9999826169041551
0.9926606405194391
0.0
0.0
0.0
0.0
0.0
0.0
0.0
0.0
0.0
0.0
0.0
0.0
0.8411729038626654
0.0
0.0
0.14120997622944098
0.050240233327342065
0.0
0.3778089175384002
0.0
0.22073611225635514
0.0
0.0
0.0
0.0
0.42062564860023577
0.0
0.0
0.22186669807635284
0.0
0.4925164928393918
0.0
0.0
0.3831086160855186
0.9999999994290394
0.40228467182902106
0.4047313738129028
0.9425748151219391
0.13979295582207718
0.0
0.0
0.0
0.9235994849147836
0.0
0.0
0.0
0.4827331377248243
0.011714672748567412
0.6382562987118425
0.500525060280618
0.0
0.0
0.0
0.0
0.0
0.44385074370432753
0.8633845291943748
0.03961623720637286
0.0
0.0
0.0
0.0
0.0
0.0
0.0
0.0
0.0
0.0
0.13022840763272514
0.0
0.0
0.5981755762872254
0.0
0.986983251990611
0.0
0.0
0.5397431919740314
0.0
0.0
0.574376467616525
0.0
0.0
0.0
0.0
0.0
0.08252612320706154
0.8458365656661744
0.3526238201866094
0.08498614318616626
0.08982803145674434
0.954180923061772
0.4571071500476158
0.0
0.0
0.0
0.0
0.2764145947923399
0.0
0.4448655611869925
0.0
0.8989327724200731
0.0
0.0
0.4991510801965814
0.0
0.0
0.3589425674656248
0.0
0.04016189385722613
0.9999999999043319
0.0
0.2945558884558477
0.9417170270821185
0.0
0.0
0.0
0.0
0.0
0.3336590892985689
0.40323588963343693
0.0
0.0
0.0
0.8577184645001257
0.0
0.0
0.0
0.0
0.8783386446920673
0.9123716222460219
0.9850194006680398
0.0
0.9999954042933996
0.09963017638353522
0.7917527030282938
0.0
0.6326017025073557
0.0
0.0
0.0
0.0
0.3871481169021955
0.6719711385561699
0.0
0.0
0.13370115493317192
0.0
0.0
0.9920032739678928
0.0
0.0
0.0
0.8124328687990477
0.09487453700312565
0.0
0.0
0.33369690362550164
0.22501671157261915
0.0
0.0
0.913146925413748
0.0
0.0
0.0
0.6036100394684336
0.0
0.0
0.6302789480560707
0.0
0.0
0.3334212451617433
0.0
0.0
0.8598777904924723
0.2733207973649572
0.0
0.0
0.9380422645642442
0.0
0.0
0.9996559872710872
0.0
0.15004578998947804
0.2348914619055601
0.0
0.0
0.0
0.0
0.493283419267747
0.0
0.0
0.7560956626297783
0.0
0.9735667390782966
0.14397681611346125
0.12168775263585685
0.5310941415146646
0.0
8.858927752214418E-4
0.0
0.0
0.156885165067427
0.0
0.0
0.0
0.0
0.0
0.0
0.12294218599075923
0.42279457624993944
0.0
0.0
0.13251335420206645
0.02543882448799828
0.06270823197358666
0.13241642926704167
0.0
0.0
0.7712346712721605
0.0
0.0
0.0
0.0
0.17550794977962636
0.0
0.0
0.19833007107797496
0.0
0.0
0.0
0.0
0.0
0.0
0.0
0.0
0.0
0.0
0.9999996571866222
0.27323261966998813
0.0
0.0
0.03376655959064878
0.0
0.0
0.0
0.6892520818012742
0.0
0.7420216076542605
0.4294353636920887
0.0
0.0
0.31423584298112517
0.0
0.0
0.0
0.9810768435644222
0.0
0.8953222081223485
0.26567849472923566
0.0
0.03562770140490157
0.0
0.0
0.0
0.0848809834874088
0.0
0.0
0.0
0.0
0.0
0.16523051192028215
0.0
0.0
0.0
0.6480663039686347
0.0
0.08494651919221219
0.0
0.0
0.057688606201698245
0.8375896907983013
0.0
0.0
0.0
0.0
0.0
0.19299595694730687
0.0
0.0
0.049598132097042
0.0
0.09902796440991568
0.0
0.0
0.0
0.0
0.22616961818680947
0.0
0.0
0.0
0.0
0.0
0.0
0.0
0.0
0.0
0.0
0.0
0.0
0.8893380751287849
0.0
0.0
0.0
0.0
0.0
0.0
0.0
0.0
0.0
0.9900949573494378
0.0
0.25333424557059425
0.5526232093015512
0.10921384258197653
0.9941161241159132
0.0
0.0
0.0
0.0
0.0
0.0
0.0
0.0
0.08566716947244157
0.0
0.0
0.0
0.0
0.7367542919012455
0.0
0.3686059190064641
0.0
0.0
0.0
0.0
0.3304656995801858
0.0
0.0
0.9563429163733269
0.22618059523763678
0.0
0.0
0.2610390524658046
0.0
0.6317452995870575
0.0
0.0
0.0
0.0
0.32648705707035863
0.0
0.0
0.47898711387577997
0.0
0.9839262399568062
0.0
0.0
0.21103252495423452
0.16920840627313283
0.9999928478369049
0.0
0.0
0.20006268311457864
0.0
0.5281075016350458
0.0
0.0
0.5352000076647512
0.0
0.5188572776154516
0.0
0.9841735578860414
0.0
0.1768853005466613
0.2179659447049933
0.0
0.0
0.0
0.0
0.49187512319871196
0.46202583894687455
0.6651049402783067
0.0
0.0
0.0
0.0
0.9929321139650338
0.0
0.0
0.0
0.0
0.8488694824220029
0.0
0.0
0.0
0.0
0.0
0.2590189231069342
0.0
0.0
0.0
0.08995426737651024
0.0
0.17514647534335936
0.0
0.0
0.7209747705922385
0.0
0.0
0.7321374011036237
0.0
0.2890241967940481
0.2710429323034379
0.9072681429770493
0.12325273885687382
0.9603305450415534
0.0
0.0
0.18224457367625835
0.1169414495967891
0.0
0.18164779123932795
0.0
0.30090161926908876
0.0
0.0
0.2303374437053166
0.0
0.0
0.7454321829139061
0.0
0.0
0.7593323898719004
0.0
0.8041185052756729
0.05595369992446442
0.38681942458927043
0.09660779920800855
0.0
0.0
0.0
0.0
0.6033061335246287
0.0
0.9767128030306168
0.36355506658677306
0.0
0.0
0.0
0.0
0.0
0.0
0.9431701997824185
0.0
0.0
0.0
0.0
0.13338275394350962
0.0
0.0
0.21286770218836037
0.0
0.0
0.992918059446164
0.0
0.0
0.9987596087970786
0.0
0.9943300504835373
0.0
0.5552181695550003
0.0
0.0
0.0
0.9559686245167172
0.0
0.9762975230445414
0.0
0.0
0.0
0.0
0.0
0.0
0.0
0.0
0.0
0.0
0.0
0.0
0.0
0.0
0.0
0.0
0.3764057916801279
0.0
0.841729352395232
0.5808263369277158
0.4648973263455609
0.0
0.0
0.2966287631547563
0.0
0.0
0.8818632304500856
0.10029247886203962
0.0
0.0
0.050704043549593014
0.0
0.0
0.26515941017782807
0.0
0.0
0.0
0.7785124305071964
0.7884725802803393
0.0
0.0
0.0
0.0
0.17505973815533826
0.0
0.0
0.9725780055394352
0.0
0.0
0.0
0.03614673898084331
0.0
0.975522370585602
0.7953778025561232
0.0
0.21132487079734952
0.0
0.0
0.0
0.0
0.7776861442803221
0.2303034810046265
0.0
0.0
0.2932707924752347
0.5784089750996142
0.4289604254542275
0.0
0.0
0.761861881800217
0.0
0.0
0.0
0.0
0.0
0.7460127177876377
0.0
0.012388482076925889
0.0
0.3069835206213768
0.0
0.0
0.0
0.0
0.8774984931968518
0.0
0.0
0.0
0.0
0.0
0.0
0.0
0.0
0.0
0.08880327407405164
0.0
0.9952186692375866
0.0
0.0
0.0
0.0
0.48152642281762115
0.0
0.0
0.9999960201036405
0.0
0.0023068055615256267
0.0
0.9999999779076615
0.0
0.0
0.0
0.1577521387062839
0.0
0.0
0.0
0.0
0.4928458676451295
0.0
0.0
0.9551977990420926
0.0
0.0
0.8409299128220994
0.07396424241979305
0.6374389952238129
0.2965477797490199
0.0
0.0
0.0
0.9491888695739005
0.0
0.6901488103481512
0.0
0.0
0.0
0.0
0.0
0.0
0.3167267710093904
0.3491091594957192
0.07233294594375472
0.12731232674181092
0.0
0.8172568234459588
0.0
0.0
0.0
0.0
0.0
0.07812104787243968
0.0
0.8135547687239247
0.0
0.7581273351046407
0.47440126023914875
0.7327859771887111
0.0
0.0
0.0
0.0
0.0
0.0
0.0
0.0
0.0
0.0
0.14264197190876815
0.053049887410642316
0.0
0.0
0.5949721309529765
0.0
0.0
0.0
0.0
0.0
0.11105029981020575
0.0
0.0
0.0
0.0
0.0
0.0
0.36782288861319135
0.6201238561958745
0.5975011291996943
0.9314768020875752
0.0
0.0
0.0
0.5590267618185734
0.0
0.0
0.0
0.0
0.9971819670409804
0.0
0.0
0.0
0.22020690311590696
0.0
0.9995828995584412
0.427892300250164
0.1723734290815928
0.0
0.8361279876176994
0.0
0.0
0.0
0.0
0.0
0.0
0.07398159132260196
0.0
0.9882233608397663
0.0
0.0
0.0
0.5542336270229242
0.3375990195589488
0.0
0.39149661951999604
0.0
0.0
0.0
0.0
0.9859609403072491
0.0
0.0
0.0
0.4490148353323308
0.061953626078348756
0.5661090345051932
0.2443641542428806
0.0
0.0
0.8899034512494347
0.0
0.0
0.0
0.0
0.0
0.0
0.031314399088228306
0.0
0.0
0.0
0.999908597215859
0.0
0.0
0.4618488397882998
0.8146336662517695
0.0
0.0
0.0
0.8482150351095963
0.0
0.0
0.0
0.0
0.18600009007605967
0.13411643873293366
0.0
0.0
0.8418120894819288
0.0
0.7969606678490433
0.3206634066119286
0.4018655128919312
0.0
0.0
0.5426455122466327
0.0
0.4186096014491588
0.0
0.0
0.0
0.0
0.16874163576842638
0.7955099944267678
0.5764290467728814
0.0
0.0
0.0
0.024575723045551334
0.04145883480897938
0.0
0.0
0.0
0.49331929572993505
0.9911161300138133
0.23003057338907373
0.0
0.0
0.0
0.0
0.0
0.11400802566216506
0.0
0.0
0.0
0.0
0.4491967737700251
0.0
0.09553516017868657
0.0
0.0
0.0
0.0
0.0
0.0
0.0
0.0
0.2827823814381909
0.0
0.4037232995605321
0.0
0.0
0.0
0.9999999999999093
0.0
0.2504335554611661
0.0
0.0
0.7197026492912564
0.0
0.0
0.0
0.0
0.0
0.0
0.0
0.8036090819709341
0.4717112039449608
0.0
0.0
0.0
0.0
0.0
0.0
0.0
0.0
0.0
0.0
0.0
0.0
0.10700366402338424
0.0
0.0
0.0
0.02946586250364902
0.0
0.0
0.0
0.39770569713562853
0.742346117067664
0.0
0.0
0.0
0.0
0.0
0.0
0.09520321390853503
0.0
0.0
0.0
0.012246994451175053
0.0
0.0
0.0
0.9580964886285231
0.0
0.10585850239356154
0.0
0.0
0.322416303316471
0.0
0.0
0.4851796684424017
0.0
0.0
0.0
0.0
0.0
0.0
0.13196488648719118
0.0
0.0
0.0
0.0
0.7395712283030809
0.0
0.0
0.0
0.022348933265798232
0.0
0.0
0.0
0.24395426232561868
0.0
0.0
0.0
0.4187775766658115
0.0
0.11964229425507977
0.5294892870982233
0.0
0.913124378774952
0.0
0.0
0.25164760504319283
0.0
0.9977101987100153
0.0
0.3904836680429935
0.0
0.0
0.0
0.0
0.0
0.0
0.0
0.0
0.0
0.0
0.0
0.0
0.0
0.0
0.0
0.4701051213605525
0.0
0.0
0.9695884889097046
0.3322423120549989
0.0
0.6920499567671025
0.0
0.0
0.0
0.0
0.8140780956332372
0.18663922627548157
0.0032153809303677727
0.0
0.6698027768001382
0.0
0.0
0.3087785815946267
0.0
0.0
0.0
0.0
0.0
0.9394421828638335
0.0
0.8638343919863993
0.0
0.0
0.0
0.0
0.0
0.0
0.0
0.2720652551996925
0.9999999893812596
0.10037083877386543
0.0
0.005787168514988172
0.0
0.0
0.0
0.42776228298160945
0.07996362012336267
0.0
0.870219803945888
0.0
0.3051170762698163
0.6854049260613198
0.0
0.6807758109837929
0.0
0.0
0.0
0.1389167467054102
0.9970748791277747
0.0
0.0
0.0
0.0
0.0
0.0
0.50299926244996
0.0
0.0
0.0
0.07626876872408872
0.0
0.0
0.0
0.0
0.0
0.42873043271640043
0.0
0.0
0.0
0.06380348681073111
0.0
0.7315886567517993
0.9665874136635995
0.0
0.0
0.0370987914055495
0.0
0.7432995177617896
0.0
0.0
0.0
0.0
0.0
0.0
0.0
0.0
0.4760081959550344
0.005935069312949848
0.5122556940965147
0.5151320353238177
0.0
0.0
0.0
0.0
0.0
0.0
0.7293488350356387
0.0
0.15930603502525342
0.0
0.3738017266187511
0.19610190637706315
0.0
0.9439569328107056
0.0
0.16986679228795276
0.12671357479462397
0.0
0.0
0.0
0.9915886455378548
0.0
0.0
0.4643582752997747
0.061849634632664685
0.0
0.7027064885530143
0.6901672056693746
0.07098719988568525
0.0
0.025564776518055776
0.0
0.2736193415501349
0.0
0.0
0.0
0.08156071004023291
0.0
0.0
0.0
0.0
0.11788330269039393
0.0
0.0
0.0
0.0
0.3174080088271869
0.0
0.0
0.9995831040162321
0.0
0.31373058086854
0.0
0.0
0.0
0.0
0.03299280747004285
0.0
0.0
0.0
0.3423253713038571
0.0
0.0
0.0
0.0
0.0
0.7711120748682239
0.0
0.0
0.0
0.0
0.025158620034319346
0.0
0.2943777829252009
0.0
0.0
0.0
0.13496499893075398
0.0
0.0336794627813668
0.0
0.0
0.0
0.0
0.2150028283643991
0.0
0.0
0.33080684042250175
0.0
0.0
0.0
0.0
0.7486695361144988
0.19900537932485896
0.35011412321199686
0.0
0.2545831059782673
0.9281596408614178
0.9925525127068093
0.0
0.1448837714226816
0.0
0.0
0.48969869977887703
0.08159662986718275
0.9809650511980379
0.0
0.10523244183006975
0.3452019026345705
0.0
0.0
0.8887090414034148
0.0
0.0
0.0
0.19422970497510572
0.0
0.0
0.0
0.0
0.028673575170130583
0.0
0.0
0.0
0.0
0.0
0.0
0.0
0.0
0.0
0.0
0.0
0.0
0.0
0.1061422983589736
0.0
0.5409699848838099
0.01975740958110972
0.4467300075918499
0.0
0.4314540568521017
0.3585017297880404
0.999369821236327
0.0
0.0
0.0
0.0
0.0
0.9302437889601756
0.30412628983430134
0.7104836816879365
0.8131762120297099
0.0
0.0
0.0
0.8726236166100234
0.0
0.0
0.0
0.0
0.18925763356249592
0.0
0.0
0.0
0.9999962940801558
0.9999999342067523
0.5420990486429973
0.0
0.0
0.0
0.0
0.0
0.0
0.0
0.0
0.0
0.0
0.18010023954580978
0.39476777793012374
0.0
0.0
0.0
0.0
0.0
0.7254042085889877
0.0
0.0
0.0
0.0
0.41669600269418217
0.0
0.036342384075508494
0.0
0.041683687037964434
0.0
0.0
0.0
0.0
0.0
0.0
0.9398196225955698
0.0
0.0
0.3608967977150983
0.0
0.9996287897348233
0.0
0.34707184480223985
0.0
0.0
0.2407304068815116
0.0
0.07145745614628773
0.03179749808514698
0.0
0.0
0.0
0.9915132053713261
0.0
0.0
0.19046669504390912
0.9999999999999462
0.0
0.9999966664509182
0.0
0.0
0.713402531932275
0.0
0.0
0.0
0.0
0.0
0.0
0.8166008245229529
0.0
0.0
0.0
0.8491553331117826
0.5329646166129909
0.0
0.0
0.6031999695603532
0.0
0.5097294157934497
0.0
0.14879776099850717
0.0
0.12766718764981944
0.0
0.0
0.0
0.0
0.0
0.0
0.20684605504253029
0.6315488682732643
0.0
0.0
0.053085089325406454
0.0
0.0
0.0
0.5843205393188642
0.0
0.2591714840946231
0.0
0.0
0.1437213356628606
0.6444194859128016
0.0
0.4745903663418152
0.0
0.0
0.0
0.0
0.0
0.0
0.0
0.0
0.006403934639076403
0.0
0.0
0.0
0.0
0.8628438944128571
0.06186820816006999
0.0
0.18444482068053425
0.0
0.0
0.0
0.09706043344573956
0.0
0.0
0.9923291761256552
0.44693838808305797
0.0
0.0
0.0
0.15523420361102336
0.0
0.0
0.8026680986888473
0.2568838713075208
0.9026433958375039
0.8994061409043385
0.02546155613196388
0.36991220996778207
0.021645514414383227
0.0
0.0
0.18940868471569228
0.9999965905942481
0.0
0.0
0.0
0.11115759170526696
0.0
0.0
0.0
0.09191475041764652
0.0
0.7494315731236163
0.9957129069369444
0.0
0.9885642713586512
0.0
0.0
0.0
0.0
0.0
0.12248135484843603
0.9704088450136269
0.06290619282210885
0.0
0.0
0.0
0.37925353358046865
0.0
0.0
0.0
0.48166209553589523
0.019948568425139035
0.0
0.0
0.6240363761737819
0.7085492095788252
0.0
0.0
0.0
0.0
0.9323538233278643
0.0
0.0
0.0
0.439717095643659
0.0
0.0
0.3627920538762448
0.0
0.0
0.0
0.0
0.0
0.5570900414582927
0.07068792368684329
0.0
0.0
0.9992953198590635
0.0
0.026465155471405155
0.0
0.0
0.9821113746797441
0.0
0.7907098382190217
0.0
0.7938635767316513
0.0
0.4102164431982257
0.0
0.0
0.0
0.0
0.0
0.0
0.0
0.0
0.2829876078805441
0.5617619974389882
0.0
0.0
0.0
0.0
0.9647885796601215
0.0
0.0
0.03738952076505375
0.8941359514228657
0.24985903922673358
0.0
0.1774404677418836
0.0
0.0
0.0
0.0
0.9797412838582813
0.0
0.9267501677981832
0.0
0.0
0.0
0.0
0.23394514072842942
0.43743869175528693
0.23929659086458566
0.7412568367534156
0.0
0.0
0.19829287587059452
0.0
0.0
0.0
0.18572075226951956
0.0
0.0
0.0
0.0
0.0
0.0
1.0
0.9743172323674976
0.9687302135002052
0.36832255695415983
0.2700170729075029
0.6856595746451819
0.0
0.0
0.020622603511154858
0.02787519653987902
0.0
0.0035543861926711218
0.0
0.0
0.0
0.0
0.0
0.8423695350172652
0.0
0.0
0.0
0.0
0.0
0.9998249836258222
0.0
0.33379378951636207
0.06205371061646181
0.0
0.0
0.6070882898803838
0.0
0.0
0.0
0.0
0.0
0.0
0.0
0.0
0.0
0.12190745999914665
0.0
0.0
0.0
0.0
0.26639696744855357
0.0
0.0
0.13714979714613185
0.41722518541197806
0.0
0.0
0.0
0.0
0.0
0.0
0.0
0.0
0.0
0.09491824574273533
0.0
0.4240696276338982
0.10900390325915577
0.0
0.0
0.0
0.8151564895713643
0.655404328923147
0.0
0.060468777586037525
0.0
0.0
0.0
0.0
0.2428161624693027
0.15752070638086968
0.0
0.0
0.0
0.0
0.0
0.38320973633411204
0.0
0.0
0.9594763599268661
0.0
0.0
0.0
0.6822869461494128
0.023705763108142985
0.0
0.7599191627022637
0.0
0.0
0.0
0.0
0.0
0.0
0.6925762766832317
0.13212218922937913
0.23614582985723875
0.0
0.5716315240541096
0.0
0.0
0.0
0.5309364625906408
0.2311028840432805
0.0
0.0
0.2440415641438245
0.7783389829970575
0.0
0.0
0.71477571795504
0.0
0.0
0.0
0.6446521770622777
0.0
0.0
0.0
0.02252239287683455
0.0
0.0
0.0
0.7854979470683311
0.2698360754821716
0.2906210686094822
0.0
0.6837799121727623
0.0
0.0
0.24791500133784306
0.0
0.0
0.0
0.6445540280189119
0.9995073308665057
0.0
0.0
0.0
0.07232400958632945
0.4734135811755942
0.0
0.0
0.0
0.0
0.0
0.0
0.0
0.0
0.0
0.0
0.0
0.13008476090762977
0.7376026001964817
0.6430823891603394
0.8940300237488896
0.0
0.3825624304178302
0.0
0.0
0.18791557140230997
0.0
0.0
0.0
0.0
0.0
0.0
0.0
0.0
0.0
0.0
0.0
0.0
0.29995197106520455
0.0
0.51976747864528
0.0
0.0
0.0
0.0
0.0
0.26517562943059436
0.0
0.0
0.0
0.6308534225340113
0.0
0.8552125440810388
0.0
0.0
0.0
0.0
0.0
0.0
0.775156470217932
0.0
0.24645645611372502
0.6524774242640259
0.0
0.0
0.07098850116316968
0.0
0.0
0.0
0.0
0.0
0.0
0.0
0.0
0.0
0.0
0.0
0.6222543286239891
0.034378774361379594
0.0
0.10124715157569852
0.0
0.0
0.0
0.0812052535178438
0.0
0.0
0.757425735118978
0.0
0.40155112327370324
0.0
0.0
0.8837442082660475
0.0
0.0
0.9999954402805161
0.0
0.0
0.0
0.0
0.5652683244111634
0.6050778331091389
0.042095927793402876
0.0
0.9383218584883869
0.0
0.0
0.1728845930622046
0.0
0.8862406646166688
0.0
0.0
0.7162202544332412
0.0
0.7982375512797837
0.0
0.0
0.0
0.0
0.0
0.0
0.0
0.0
0.6237544332461448
0.7212431918942396
0.0
0.0
0.0
0.0
0.0
0.45259573811672005
0.0
0.0
0.0
0.0
0.0
0.0
0.0
0.0
0.0
0.0
0.0
0.0
0.0
0.7259869328160232
0.0
0.9436604903514053
0.0
0.0
0.8874260185875638
0.9975495968017377
0.0
0.0
0.8832550319813988
0.0
0.0
0.0
0.4702071831434125
0.0
0.0
0.0
0.0
0.0
0.0
0.9952780093681457
0.0
0.04783199628174595
0.0
0.0
0.0
0.7466028077518017
0.6885107280519542
0.0
0.6381823032930491
0.0
0.6461732767080517
0.0
0.6979488594531701
0.5542220320740316
0.0
0.48657148849985
0.0
0.2874529349333351
0.19849400433733566
0.0
0.29167558254392967
0.0
0.0
0.0
0.6676583690913703
0.0
0.06722544070879943
0.0
0.32698075205431776
0.0
0.0
0.0
0.12794030932768263
0.0
0.0
0.0
0.0
0.516125852168461
0.0
0.0
0.9725489730939448
0.0
0.0
0.0
0.0
0.0
0.0
0.6027692665783341
0.8740160773118387
0.0
0.9997053634486941
0.21985659664393675
0.13595519145748736
0.0
0.0
0.0
0.0
0.0
0.0
0.03148889946204414
0.05521749378114904
0.0
0.0
0.0
0.0
0.0
0.0
0.0
0.0
0.606760048469655
0.12763245397205947
0.5586123646247299
0.0
0.04774672182977824
0.020262874883138715
0.0
0.9999997644690714
0.0
0.0
0.0
0.23422582206025644
0.0
0.9979428575024223
0.0
0.0
0.49382960978347934
0.3376450727847372
0.0
0.0
0.0
0.0
0.0
0.0
0.0
0.0
0.0
0.19664762677408332
0.0
0.2984895731114712
0.0
0.0
0.9848073640772147
0.11888734895544617
0.0
0.0
0.29202108772456836
0.01564227116523298
0.33783859857270127
0.0
0.09399993440854448
0.8175453425953049
0.8926501277916801
0.5424321628444964
0.0
0.0
0.978597247866852
0.0
0.008782298678494116
0.9199756577378928
0.0
0.14835740637515282
0.0
0.0
0.9866842086535951
0.0
0.0
0.0
0.00394559599780675
0.0
0.0
0.0
0.9955477582478088
0.0
0.0
0.0
0.0
0.09284506833747586
0.0
0.0
0.10422222328959285
0.0
0.0
0.7726678664723975
0.0
0.044790600016988646
0.0
0.0
0.0
0.0
0.0
0.0
0.8091682034428572
0.0
0.4046253424194197
0.0
0.0
0.0
0.0
0.0
0.9999137679591219
0.0012242880347476115
0.9894771161289198
0.0
0.0
0.0
0.0
0.08124045765067178
0.0
0.0
0.0
0.0
0.11846170205983775
0.8993523929554349
0.6081097581786068
0.0
0.0
0.0
0.0
0.0
0.967367025531727
0.0
0.5170268859613473
0.0
0.0
0.023818197868026303
0.15162689777753946
0.0
0.0
0.0
0.0
0.11052670157394362
0.27156753358903307
0.0
0.0
0.0
0.0
0.0
0.0
0.9999968357026003
0.0
0.9932697718638545
0.13437807666102053
0.0
0.0
0.22722507068616593
0.92321839476982
0.0
0.41066929613216474
0.0
0.5151511628819275
0.0
0.0
0.5023004197509042
0.0
0.0
0.06519412628696963
0.0
0.0
0.0
0.0
0.0
0.0
0.0
0.3694020480100124
0.0
0.0
0.0
0.39976417133579867
0.014216248670227749
0.0
0.0
0.0
0.0
0.6406103594889492
0.07313375767101116
0.6395801774094156
0.5865369078145668
0.0
0.24087247976646542
0.371107853576669
0.0
0.7569409768269126
0.0
0.0
0.0
0.9360800109646085
0.0
0.0
0.0
0.0
0.10945026204178598
0.0
0.0
0.0
0.29742492654237207
0.0
0.0
0.0
0.0
0.0
0.0
0.0
0.0
0.0
0.0
0.0
0.0
0.21521349042796534
0.0
0.0
0.09863352947729909
0.0
0.0
0.0
0.5719950765235884
0.0
0.0
0.268203591601907
0.3355603462210943
0.0
0.20262602212379244
0.0
0.0
0.6282641318996736
0.027566573312668874
0.73211744573602
0.0
0.0
0.0
0.4264686232079311
0.0
0.0
0.23934713505730598
0.4455408128236127
0.38544927706180454
0.0
0.03210350891823388
0.6169961320948149
0.0
0.0
0.0
0.0
0.0
0.0
0.0
0.0
0.0
0.0
0.0
0.867795096217818
0.0
0.0
0.0
0.0
0.7183242252850488
0.0
0.0
0.9975775091295805
0.20285743692583524
0.0
0.0
0.0
0.0
0.0
0.788042025104852
0.5486834533114524
0.0
0.9999936489974992
0.0
0.0
0.10395225992886292
0.9999999998443766
0.0
0.0
0.0
0.0
0.0
0.0
0.0
0.0
0.0
0.0
0.0
0.0
0.0
0.0
0.0
0.14838048231292877
0.0
0.9548902273235614
0.0
0.0
0.0
0.3477935123620858
0.0
0.0
0.35562105296395075
0.0
0.252380658718767
0.010889077491556098
0.5837712946475788
0.0
0.20900433753875713
0.0
0.0
0.0
0.0
0.08169311760558806
0.0
0.5176600122948798
0.6981968095739923
0.2185282582644792
0.0
0.0
0.9423785888419978
0.0
0.48413794253936526
0.0
0.0
0.0
0.0
0.0
0.0
0.3483356355196148
0.0
0.0
0.0
0.0675255444545304
0.48317919872855164
0.20777223538064715
0.579762772388823
0.0
0.0
0.0
0.0
0.0
0.8754925054539429
0.0
0.0
0.0
0.0
0.0
0.0
0.0
0.0
0.0
0.0
0.1307146543902269
0.0
0.0
0.0
0.0
0.0
0.0
0.970689369287233
0.0
0.06930911526465255
0.08183111498262063
0.0
0.0
0.0
0.6242732889080792
0.0
0.0
0.0
0.8590664673383964
0.0
0.0
0.0
0.0
0.07962342399231137
0.0
0.0
0.0
0.0
0.0
0.0
0.0
0.0
0.0
0.3807554030809006
0.0
0.0
0.15071672227547395
0.0
0.0
0.0
0.0
0.0
0.0
0.0
0.0
0.0
0.0
0.9948404423746989
0.0
0.38924381723248946
0.5939969289283171
0.0
0.0
0.0
0.4416234490773846
0.0
0.0
0.0
0.0
0.0
0.0
0.0
0.0
0.8616469261495454
0.7184486279071911
0.0
0.9804958213231071
0.0
0.9133760130525367
0.0
0.0
0.0
0.0
0.0
0.5942774289213375
0.0
0.0
0.0
0.0
0.0
0.0
0.0
0.0
0.0
0.6187734051756312
0.8146265863563432
0.0
0.0
0.0
0.0
0.0
0.0
0.0
0.6741121865290431
0.0
0.0
0.13490773221858954
0.0
0.0
0.8018359499935931
0.0
0.0
0.0
0.0
0.0
0.0
0.0
0.0
0.3660096585398507
0.0
0.0
0.14090519616719122
0.0
0.0
0.33285381094466904
0.0
0.0
0.9992111587017659
0.0
0.0
0.0
0.3377361652517289
0.0
0.6129125336231913
0.08547072176357351
0.0
0.0
0.09473468029825927
0.0
0.0
0.0
0.0
0.0
0.0
0.1701865437428588
0.0
0.0
0.47763179034047787
0.0
0.0
0.0
0.0
0.7717090917386025
0.7289727685579102
0.0
0.5926877170264495
0.21742242743300655
0.0
0.2720315257760376
0.0
0.0
0.0
0.0
0.0
0.0
0.8663315965826159
0.0
0.4070958226598862
0.0
0.0
0.46017810614253185
0.637125300725839
0.0
0.0
0.0
0.0
0.0
0.3308526111889001
0.0
0.0
0.0
0.0
0.16422470929791033
0.0
0.7066578466712834
0.6045513091165459
0.0
0.0
0.0
0.04133692087705454
0.0
0.0
0.0
0.0
0.0
0.0
0.0
0.290726444585621
0.0
0.0
0.0
0.31111852154563335
0.38211646299976043
0.3105683544777077
0.0
0.0
0.0
0.0
0.0
0.0
0.0
0.0
0.0
0.0
0.9916752713559119
0.014435862253804665
0.0
0.2223647151459487
0.0
0.0
0.0
0.0
0.0
0.0
0.0
0.0
0.0
0.03919431320357891
0.0
0.023350119450102236
0.0
0.3892567041934756
0.0
0.0
0.0
0.0
0.0
0.8407452786970562
0.43350529246451686
0.0
0.9999760702218694
0.0
0.0
0.0
0.16021007380721264
0.47558804540829946
0.39422803871661416
0.0
0.6823690408195767
0.0
0.0
0.0
0.0
0.03690694323708166
0.0
0.06789652913908717
0.0
0.0
0.0
0.165346987893499
0.9785418587840315
0.0
0.0
0.8090732963129457
0.27388423785080296
0.4973459926928049
0.0
0.0
0.0
0.022179750481969407
0.0075053123129377175
0.0
0.007723864722025464
0.01662716377503981
0.6059167697346409
0.0
0.0
0.0
0.0
0.018374948414822012
0.22318575320069822
0.026363228406512396
0.24465345311703035
0.0
0.0
0.0
0.17799375115777627
0.0
0.0
0.08042163583215478
0.3113454990776887
0.6291089801246326
0.9528375847004792
0.0
0.14497090184153805
0.0
0.0
0.9999999999897473
0.9999999362223045
0.0
0.0
0.0
0.0
0.3693528780732709
0.0
0.12568097549564106
0.0
0.0
0.0
0.955145650376797
0.0
0.0
0.2051166060806482
0.21975229142159547
0.0
0.4047548995920289
0.0
0.0
0.0
0.0
0.0
0.0
0.0
0.0
0.06005754370697802
0.7779727478046858
0.0
0.0
0.8258737412016437
0.16106111543880441
0.0
0.0
0.9172812188510273
0.0
0.0
0.14083775103336726
0.03408418544791714
0.0
0.7821896207511232
0.0
0.0
0.0
0.0
0.0
0.0
0.0
0.0
0.0
0.6849282218412385
0.0
0.0
0.0
0.0
0.0
0.0
0.5774074090071468
0.9206974030942439
0.0
0.0
0.0
0.03236066738492027
0.0
0.0
0.8554286543453352
0.0
0.0
0.0
0.07485597145245648
0.9999995520665635
0.0
0.0
0.599778946263435
0.28442686083650115
0.2489944905197381
0.0
0.0
0.0
0.0
0.14388926838882465
0.0
0.0
0.24821790913749098
0.0
0.0
0.0
0.0
0.0
0.9999999999999929
0.0
0.0
0.0
0.2066790099256487
0.0
0.0
0.0
0.0
0.0
0.5632708405000346
0.0
0.0
0.16476576877102522
0.17708434688659025
0.0
0.0063837829238820865
0.9672829157296591
0.0
0.9618835332096433
0.039326503291059245
0.0
0.0
0.0
0.0
0.0
0.35477180507408346
0.0
0.0
0.0
0.12827716292528812
0.7275551632832278
0.0
0.0
0.0
0.0
0.049578673008270346
0.0
0.0
0.7028979096185269
0.0
0.0
0.0
0.0
0.0
0.3451878517387654
0.0
0.17546691271642234
0.9372007901944251
0.3148513260974317
0.0
0.0
0.4815470650003779
0.377496379657013
0.0
0.0
0.0
0.6773636422697557
0.9992869419779442
0.0
0.0
0.0
0.0
0.1610391992882988
0.0
0.8651994707920134
0.0
0.0
0.0
0.914544754444105
0.0
0.22650544966441366
0.0
0.0
0.0
0.0
0.0
0.37555505856756244
0.0
0.8825038977067535
0.0
0.8036446213590231
0.0
0.0
0.0
0.0
0.5798796329090541
0.0
0.0
0.0
0.0
0.23435968400945406
0.0
0.9889294499882312
0.0
0.2682039748207614
0.0
0.5898557278083918
0.0
0.9533414730139073
0.9677682545138511
0.009746405928083512
0.0
0.0
0.0
0.0
0.0
0.6660394811132471
0.4656877335715075
0.0
0.5642367702309274
0.0
0.3605423517532296
0.5739841006997717
0.0
0.0
0.0
0.5528704651602991
0.0
0.0
0.0
0.03468790665392352
0.47148789958458703
0.0
0.0
0.0
0.0
0.0
0.2682205005608045
0.11895880272101844
0.0
0.5389439902723279
0.0
0.0
0.0
0.05943002996498581
0.0
0.38199653347285545
0.7395770622378186
0.059040176760366214
0.0
0.5228746653321047
0.0
0.24589471045706945
0.0
0.6692587301681461
0.03718812648832981
0.0
0.0
0.8547274474100728
0.0
0.0
0.0
0.0
0.00802777903051588
0.0
0.0
0.0
0.0
0.0
0.0
0.6676023317065314
0.0
0.0
0.7033850614074749
0.0
0.0
0.0
0.2034576149483005
0.0
0.0
0.0
0.020004022554783174
0.0
0.0
0.0
0.0
0.932976273448453
0.0
0.0
0.03488948871501196
0.7998909285672804
0.0
0.30843904235888786
0.0
0.0
0.0
0.0826089647188113
0.0
0.0
0.0
0.0
0.0
0.0
0.0
0.0
0.0
0.0
0.0
0.0
0.0
0.0
0.0
0.0
0.0
0.0
0.130149222462972
0.9999938979466648
0.0
0.0
0.0
0.36009046408807055
0.3538528840617119
0.29693108002052204
0.0
0.0
0.0
0.0
0.0
0.32145419437887823
0.0
0.0
0.0
0.0
0.09216814048749233
0.0
0.0
0.0
0.0
0.0
0.0
0.0
0.9962781839497915
0.9000418810589996
0.09214940984594233
0.0
0.0
0.0
0.5789112459970053
0.0
0.0
0.3969921187463068
0.02882774295423829
0.0
0.0
0.0
0.0
0.6728062937774844
0.0
0.14721217424106392
0.0
0.0
0.5793675658269448
0.0
0.08711145362614547
0.0
0.0
0.0
0.163237408080667
0.15861661785832415
0.0
0.9393642171176544
0.0
0.0
0.28167183499224646
0.2815232727693122
0.5384305204229308
0.2788028014892079
0.6067565914375013
0.0
0.0
0.827025150291041
0.0
0.0
0.0
0.11793023409856984
0.0
0.0
0.0
0.5241537695986438
0.0
0.4578011731487762
0.0
0.37911514614013453
0.48998884327345515
0.0
0.9255464253619734
0.0
0.0
0.0
0.24936464861925434
0.0
0.0
0.5786893291963525
0.0
0.0
0.0
0.48124077176777813
0.0
0.0
0.271748330947174
0.0
0.0
0.0
0.4611438582602867
0.0
0.3369020410789938
0.0
0.0
0.0
0.03745049306832371
0.0
0.2571207869033697
0.0
0.42398261234586876
0.0
0.0
0.6409675140628603
0.23887326372867212
0.04673835826375572
0.4106839239596771
0.0
0.0
0.0
0.875398663767907
0.0
0.030463171373045106
0.0
0.0
0.9999982854184802
0.0
0.0
0.0
0.0
0.0
0.0
0.02623978112968728
0.0
0.18185041907771726
0.0
0.0
0.0
0.0
0.4519935381867848
0.5803584113307144
0.0
0.0
0.0
0.054684452615947454
0.0
0.044961723231335626
0.29653343569629775
0.0
0.0
0.0
0.0
0.0
0.0
0.6714030765412594
0.3003509416669583
0.0
0.0
0.2630672294593007
0.0
0.0
0.0
0.9352019674744743
0.19126589501431668
0.0
0.0
0.0
0.0
0.0
0.9996868499870641
0.0
0.26323367153626553
0.9999890998697448
0.0
0.0
0.0
0.9929103062751007
0.0
0.0
0.3381882925240791
0.0
0.0
0.0
0.0
0.3105706199384243
0.0
0.4134645069569849
0.0
0.0
0.0
0.0
0.0
0.7714308633792918
0.0
0.0
0.0
0.0
0.24699378014227658
0.0
0.0
0.29591396346342935
0.3223860391318373
0.0
0.0
0.0
0.0
0.8610320384776038
0.0
0.0
0.676520414670502
0.7481964712503626
0.0
0.0
0.0
0.0
0.42498184320470234
0.0
0.0
0.0
0.11574740905339875
0.38570830081100804
0.0
0.0
0.0
0.0
0.2679841796597313
0.0
0.0
0.0
0.0
0.0
0.0
0.0
0.37814534292495294
0.0
0.9999952269842469
0.2432970124526589
0.0
0.0
0.0
0.0
0.0
0.0
0.24183653102942004
0.0
0.0
0.9865513099394323
0.2029118177216579
0.9999932148773004
0.14609800766980363
0.0
0.8150370360124605
0.0
0.11908727422091703
0.4807583724504477
0.0
0.0
0.16368310115836548
0.0
0.0
0.0
0.0
0.0
0.46356194057896105
0.0
0.0
0.0
0.0
0.0
0.0
0.996140019345644
0.4406118520672324
0.0
0.0
0.0
0.45164061959497004
0.0
0.8808343612742223
0.0
0.0
0.0
0.0
0.0
0.0
0.3064444260377439
0.9909315860192425
0.0
0.0
0.0
0.7840995314684256
0.0
0.0
0.0
0.6784513067337896
0.0
1.0
0.9710959199689924
0.0
0.0
0.5341328015950364
0.0
0.0
0.0
0.0
0.0
0.0
0.0
0.0
0.0
0.0
0.8359557233947854
0.79557690445622
0.0
0.0
0.9094625324617287
0.12190453115263689
0.0
0.21634808125673866
0.0
0.0
0.18596553016998008
0.0
0.0
0.1970201551273909
0.0
0.0
0.1048613049652628
0.0
0.0
0.052820002046656156
0.7833509324891843
0.08669063376498143
0.0
0.0
0.69154267549427
0.0
0.010606065419909383
0.8359488085723903
0.0
0.0
0.0
0.0
0.0
0.0
0.39528607255479264
0.9986887341662699
0.0
0.5642936428994872
0.9999999743326269
0.44072415624119565
0.21648968773330513
0.0
0.0
0.0
0.0
0.0
0.31012919531664696
0.10022635505129329
0.4015536644283797
0.0
0.0
0.0
0.0
0.0
0.0
0.0
0.0
0.0
0.0
0.0
0.04691416306027307
0.0
0.0
0.0
0.0
0.0
0.0
0.0
0.0
0.0
0.0
0.0
0.0
0.0
0.0
0.0
0.22586315422698577
0.0
0.0
0.0
0.0
0.0
0.0
0.05951404493398682
0.0
0.9998401924022973
0.0
0.0
0.0
0.0
0.0
0.39529314368676327
0.9999993956837028
0.26437879847352996
0.0
0.0
0.0
0.0
0.0
0.031966889857679925
0.0
0.0
0.0
0.1852993307007187
0.0
0.0
0.0
0.0
0.0
0.0
0.5587312909500298
0.0
0.0
0.0
0.0
0.0
0.0
0.0
0.9999998418570044
0.0
0.15607476967127365
0.11611213718981417
0.0
0.0
0.998531267455638
0.0
0.0
0.0
0.528334153691445
0.0
0.0
0.0
0.0
0.0
0.0
0.0
0.0
0.0
0.7780723422898457
0.20558504551163947
0.9089687539837914
0.0
0.0
0.0
0.0
0.0
0.0
0.5724923555601666
0.6812634115625544
0.8804889157467142
0.9739663265381633
0.0
0.9217719834969108
0.0
0.0
0.0
0.9479391409671847
0.0
0.0
0.0
0.0
0.0
0.45353206379252076
0.4488580199005491
0.0
0.0
0.0
0.0
0.0
0.21453701623406107
0.0
0.0
0.0
0.0
0.06817863248014955
0.3292521843396081
0.0
0.0
0.0
0.0
0.0
0.4479755147852331
0.0
0.8710868518873016
0.0
0.9863193300071481
0.24095543653737272
0.1285562297739672
0.0
0.0
0.0
0.0
0.04104845341982033
0.9021596119055554
0.0
0.852142939893539
0.013288429323174311
0.0
0.9742897803474794
0.0
0.0
0.0
0.4455278109929437
0.26753185565228554
0.0
0.0
0.8607979967428725
0.0
0.0
0.40178748428270716
0.7639597998706551
0.9892873978679854
0.0
0.0
0.0
0.2161479010279449
0.0
0.8086363410181154
0.0
0.9830258102791225
0.4745681636805439
0.0
0.0
0.0
0.5199715695523233
0.6617911716811946
0.0
0.058594564379024106
0.0
0.0
0.9203459059982827
0.0
0.12745844567928544
0.0
0.0
0.8986622343626981
0.0
0.0
0.0
0.0
0.0
0.019198724247174948
0.0026002288899606985
0.0
0.0
0.9998907096175613
0.0
0.0
0.0
0.0710190875302158
0.0
0.0
0.0
0.0
0.20325543543502322
0.6415686015242712
0.0
0.0
0.5047270872409835
0.702075529966268
0.0
0.0
0.0
0.0
0.0
0.5761973343311355
0.28832015949486667
0.9999355895916159
0.0
0.9998494188491198
0.0
0.0
0.0
0.9332154404280082
0.0
0.0
0.0
0.02261582617900071
0.0
0.0
0.0
0.0
0.3584276893777436
0.0
0.0
0.0
0.0
0.0
0.0
0.0
0.0
0.21285823732983755
0.0
0.0
0.0
0.0
0.0
0.0
0.0
0.0
0.0
0.0
0.0
0.0
0.668231858233737
0.0
0.9023064662630147
0.0
1.0
0.0
0.0
0.2619125094402104
0.23682982281748444
0.0
0.2767388523389577
0.0
0.0
0.0
0.0904524272153473
0.0
0.0
0.0
0.0
0.0
0.876008679595923
0.0
0.7248460082055467
0.0
0.0
0.06342590977886664
0.21443965768434903
0.4227823396670607
0.10661873948457212
0.1378418837417562
0.0
0.7999946986191968
0.884414888549436
0.0
0.0
0.0
0.9586093743551403
0.0
0.0
0.0
0.5989553169671382
0.17785565132670644
0.0
0.85681962008721
0.0
0.0
0.0
0.0
0.33489326028874844
0.0
0.1332065380113434
0.3538195022545443
0.5434079696869946
0.9999999999999895
0.02022064004829205
0.0
0.3408189312313489
0.7223232937928293
0.0
0.0
0.0
0.13586355623303248
0.0
0.999711841861565
0.0
0.0
0.5292924596688662
0.0
0.0
0.0
0.0
0.0
0.21514026750599735
0.0
0.0
0.0
0.0
0.049554073201944604
0.9625289560802506
0.0
0.0
0.0
0.0
0.0
0.657762420048697
0.0
0.03326199659630891
0.0
0.0
0.20711581544433
0.5578680187660616
0.0
0.0
0.0
0.9119190980649301
0.5141399417962728
0.444003827794623
0.3257898184122774
0.0
0.0
0.0
0.0
0.0
0.508521953912064
0.0
0.0
0.0
0.0
0.0
0.0
0.3008751449891198
0.0
0.0
0.9848811634947503
0.0
0.0
0.0
0.431233682634959
0.0
0.01932287845514491
0.1927914123873835
0.0
0.8358880833322287
0.9694829791563004
0.0
0.2766692450936994
0.0
0.0
0.0
0.2891555957657437
0.022838458199616718
0.06152710065278466
0.0
0.0
0.39302858833067056
0.0
1.0
0.2631217951512923
0.2753551139577177
0.0
0.0
0.46347781401626365
0.13161088801880383
0.0
0.33477578443518485
0.5094410284271551
0.24782870699899373
0.0
0.0
0.0
0.15387139029564745
0.14083223152121715
0.0
0.0
0.0
0.0
0.0
0.999444950267968
0.8501309907054752
0.35371988258887965
0.0
0.8065861812517651
0.0
0.0
0.0
0.0
0.8157443585590196
0.6897998599196171
0.0
0.0
0.6038035846371811
0.0
0.9969865883401612
0.9947734401767883
0.0
0.0
0.0
0.016095964147804676
0.0
0.3189999864064581
0.1440000492822039
0.0
0.0
0.0
0.0
0.0
0.0
0.0
0.18432561060448693
0.0
0.0
0.0
0.0
0.0
0.0
0.0
0.0
0.0
0.0
0.0
0.10809010268622143
0.8397983993987709
0.0
0.0
0.7184554914507684
0.0
0.0
0.5347486910070751
0.0
0.0
0.2578950131345856
0.0
0.6022495702008654
0.0
0.0
0.0
0.014328450899839584
0.0
0.0
0.0
0.9645127652708421
0.0
0.0
0.07503510233827848
0.0
0.7670095894642992
0.0
0.999116209061385
0.0
0.99926795860307
0.0
0.10154165576247587
0.2795983282087364
0.0
0.0
0.0
0.0
0.0
0.24971754702367066
0.9400959806025959
0.0
0.4396742378534316
0.0
0.0
0.0
0.0
0.0
0.0
0.0
0.0
0.41463239447410094
0.0
0.0
0.22032654244163097
0.0
0.0
0.2406268405666293
0.9984971640226203
0.0
0.0
0.08134098668118073
0.0
0.0
0.0
0.0
0.0
0.0
0.0
0.0
0.0
0.0
0.0
0.7594960246133006
0.0
0.6302387569955314
0.0
0.0
0.0
0.9274365730331988
0.0
0.3952835188401502
0.0
0.0
0.0
0.0
0.0
0.995107484254242
0.11701015925276448
0.2018127430691603
0.0
0.0
0.9890320131994597
0.0
0.8157727557745169
0.0
0.0
0.0
0.0
0.0
0.0657506479477118
0.9517099670478014
0.0
0.32878338847964517
0.0
0.8094892184240379
0.9916338527794418
0.8911055822453524
0.0
0.07698532693238169
0.0
0.0
0.0
0.010159032457296435
0.77384904457021
0.997012263852946
0.0
0.9311344455273173
0.7249073944805381
0.0
0.0
0.9999127335721696
0.12619987353267792
0.1606570271760891
0.754237414063377
0.0
0.0
0.0
0.0
0.0
0.0
0.8939421977000781
0.0
0.0
0.0
0.022020759649499233
0.41839701181105293
0.0
0.4193407245445472
0.0
0.0
0.0
0.90430342926418
0.11480322086874373
0.0
0.030916190134404387
0.0
0.0
0.0
0.0
0.2821024405545851
0.21712950287190447
0.0
0.0
0.0
0.05059025201532452
0.9904148227535724
0.0
0.0
0.0
0.0
0.18711830470188617
0.0749533292921637
0.0
0.0
0.0
0.0
0.0
0.0
0.0
0.0
0.0
0.0
0.6260921226607282
0.0
0.0
0.0
0.0
1.0
0.0
0.2645740025815033
0.0
0.12337904400761956
0.0
0.0
0.0
0.0
0.0
0.22104225918646536
0.17297027504273754
0.564338560605218
0.3867928676599248
0.0
0.005175249983872643
0.0
0.36288081492294655
0.0
0.0
0.0
0.0
0.8543948412483985
0.0
0.0
0.9920601741552886
0.0
0.0
0.0
0.0
0.8616671112367551
0.8829886445179719
0.0
0.43738142816502035
0.0
0.0
0.0
0.0
0.8274516695748407
0.0
0.0
0.0
0.0
0.0
0.09787000685637715
0.0
0.39611142617996764
0.0
0.0
0.0
0.0
0.0
0.0
0.0
0.0
0.34999323030367535
0.0
0.0
0.0
0.0
0.0
0.7175445363211825
0.06614438619245733
0.0
0.0
0.5215650036296339
0.0
0.0
0.0
0.39919390872098637
0.0
0.0
0.0
0.0
0.0
0.5824654080580378
0.08581705991319699
0.0
0.0
0.0
0.0
0.0
0.6518020363534296
0.0
0.0
0.0
0.0
0.0
0.26664956241592874
0.0
0.0
0.0
0.0
0.0
0.0
0.0
0.0
0.0
0.0
0.7995310484054283
0.0
0.0
0.0
0.5141251920920586
0.0
0.5658655172778848
0.047680502168776395
0.9240319119479986
0.0
0.0
0.0
0.0
0.0
0.0
0.0
0.11570814738186308
0.24783773518071206
0.0
0.7579694089855112
0.0
0.0
0.38125360862402724
0.0
0.0
0.17493863454610392
0.0
0.0
0.0
0.0
0.0
0.29594791438879775
0.0
0.0
0.028787780047866196
0.4206690075977537
0.06739376791209173
0.0
0.9999468283927709
0.0
0.0
0.0
0.0
0.0
0.0
0.19650647280043443
0.0
0.7518782291322579
0.21939066669814133
0.0
0.3549932461056182
0.0
0.0
0.0
0.8012069846460828
0.0
0.0
0.046644516109439205
0.0
0.0
0.3008692875528298
0.0
0.0
0.0
0.21776614039988584
0.0
0.0
0.0
0.1565062240034465
0.0
0.0
0.06834491751604999
0.6172986789631003
0.02514305078969503
0.0
0.5522206109973972
0.0
0.0
0.8578380681779495
0.0
0.7355786194021613
0.39410153122372515
0.6931635998023966
0.8379630935832502
0.0
0.0
0.8207142464206613
0.0
0.221840592636255
0.0
0.6449542985037762
0.019066170438242436
0.0
0.0
0.40032068278282906
0.26010455675134225
0.0
0.0
0.0
0.0
0.0
0.0
1.0
0.0
0.0
0.0
0.27381251738708867
0.1934465009352795
0.0
0.0
0.0
0.0
0.0
0.10265004726407223
0.0
0.0
0.0
0.9998539900053367
0.0
0.0
0.9035111349805915
0.0
0.1349452482629907
0.0
0.9196088972254872
0.0
0.13628444544925988
0.7990273226239142
0.0
0.0
0.5656297674539621
0.4837674628551797
0.0
0.4510324278455504
0.4290023083195893
0.13996895617164395
0.39774752819131476
0.0
0.0
0.0
0.0
0.0
0.0
0.170435461899048
0.0
0.41278155243302583
0.0
0.0
0.6863043436991539
0.0
0.0
0.0
0.11191394420434164
0.0
0.27659996240050533
0.9188296050406478
0.0
0.0
0.9669435664808341
0.0
0.0
0.0606771775024082
0.0640036281046722
0.8056767878030618
0.0
0.019841583190603584
0.0
0.0
0.0
0.0
0.5701500075383059
0.0
0.0
0.3604217030273682
0.9999988801888577
0.2204095089771443
0.0
0.0
0.0
0.0
0.0
0.18927108343388876
0.0
0.7624348072969194
0.0
0.015843233386492184
0.0
0.3835023141098981
0.0
0.8728559780389323
0.0
0.0
0.0
0.0
0.7613322350287468
0.0
0.31472864665247036
0.10976723995130333
0.0
0.9453336081234283
0.0
0.0
0.0
0.0
0.0
0.48978185830844323
0.7807022688528364
0.0
0.0
0.7413143027169733
0.5859219370114512
0.5992652500802642
0.0
0.38498232590231396
0.0
0.0
0.0
0.8480681333352349
0.5246814232069885
0.0
0.0
0.0753622327805693
0.0
0.03744803881350822
0.9031953197469145
0.38958992668295545
0.0
0.21666938367200428
0.0
0.0
0.48393079508466585
0.0
0.0
0.0
0.23959402053400236
0.0
0.0
0.0
0.0
0.11920642392608438
0.7391344482821424
0.0
0.0
0.01153239058599731
0.0
0.0
0.0
0.15689663469359771
0.41563028313025197
0.8220911539725211
0.0
0.0
0.6318822903725354
0.0017756281293330733
0.0
0.0
0.41749790660577046
0.0
0.0
0.0
0.0
0.0
0.9728154363287903
0.027694215445272286
0.0
0.6078577431833048
0.0
0.9882044841852479
0.0
0.0
0.0821042417814063
0.0
0.0
0.8986100545261915
0.0
0.0
0.9920309854651952
0.0
0.6148303389826535
0.0
0.0
0.0
0.34958479191512415
0.0
0.0
0.0968354779505175
0.0023212276025683654
0.0
0.18873088447456898
0.4324321224476688
0.0
0.0
0.0
0.0
0.13601322827368112
0.0
0.0
0.0
0.0
0.0
0.3964362508076178
0.0
0.0
0.0
0.07044396651297913
0.0
0.0
0.0
0.0
0.0
0.0
0.0
0.0
0.07598870658833978
0.0
0.0
0.9999401062741426
0.4136594154120692
0.0
0.35395353757433146
0.25648632818844186
0.0
0.0
0.0
0.0
0.0
0.0
0.10016197590931064
0.0
0.0
0.0
0.0
0.0
0.6159252298322175
0.18972230611649266
0.45154630398794227
0.4805159354588876
0.0
0.0
0.5434403890653347
0.8499584077480722
0.0
0.0
0.8757700892427018
0.02916585952649764
0.37764305906342
0.0
0.0
0.0
0.0
0.0
0.0
0.0
0.0
0.0
0.0
0.4886223223974784
0.0
0.0
0.0
0.0
0.0
0.0
0.0
0.0
0.0
0.0
0.0
0.0
0.08991792782467867
0.1547199823143668
0.0
0.0
0.0
0.0
0.0
0.0
0.04988518634375938
0.0
0.0
0.905427016451716
0.41196901407332254
0.0
0.0
0.20812794482703056
0.0
0.0
0.96186572181129
0.0
0.2371336886560218
0.7066175767152894
0.0
0.0
0.9898738404964063
0.0
0.0
0.0
0.0
0.103559710690034
0.0
0.0
0.62542195962825
0.0
0.6212409602525784
0.0
0.0
0.0
0.0
0.9888689902392691
0.9887661707495123
0.0
0.0
0.0
0.0
0.0
0.0
0.0
0.31504380745160376
0.0
0.0
0.0
0.999843884974798
0.0
0.0
0.0
0.0
0.0
0.0
0.2385883454915838
0.0
0.0
0.0
0.0
0.0
0.0
0.8112548721468555
0.0
0.0
0.8773260665012202
0.0
0.0
0.0
0.03127941319796812
0.9934635281550193
0.0
0.0
0.0
0.0
0.44646340066266554
0.0
0.23203535090288085
0.11010871607812756
0.0
0.0
0.0
0.0
0.0
0.0
0.0
0.0
0.0
0.5327486835730235
0.0
0.556222001703613
0.8801092153172587
0.0
0.4775645456736697
0.0
0.7915682668228121
0.0
0.17148210614595383
0.2344471812002651
0.023370183054830074
0.36070377762865147
0.0
0.0
0.0
0.31313850834007595
0.0
0.0
0.07024656791004369
0.0
0.7791713514920038
0.0
0.0
0.0
0.21734380496306516
0.0
0.0
0.999999998015635
0.0
0.0
0.0
0.0
0.608318498199198
0.0
0.0
0.9899705095866498
0.0
0.20114288809944236
0.0
0.0
1.0
0.4709033097557296
0.9999840518035417
0.0
0.9987186260483929
0.07208229973607228
0.05448896172614148
0.0
0.0
0.0
0.0
0.8466218960001504
0.44370294911151853
0.0
0.0
0.0
0.0
0.0
0.0
0.0
0.0
0.0
0.0
0.20617731396421624
0.0
0.0
0.3857441757521831
0.0
0.5561879541723682
0.0
0.7742341503415997
0.0
0.0
0.0
0.0
0.4856902966564649
0.0
0.0
0.01709720491243738
0.999643916676162
0.0
0.0
0.3335480787983929
0.0
0.0
0.0
0.9999999999670757
0.0
0.0
0.0
0.9919202648129763
0.0
0.0
0.0
0.0
0.0
0.0
0.0
0.0
0.0
0.0
0.8355323293022369
0.43371474436887225
0.0
0.0
0.0
0.0
0.0
0.0
0.0
0.0
0.5426555855796369
0.9999999999999964
0.0
0.1161150806685406
0.0
0.0
0.0
0.0
0.0
0.530566736315472
0.0
0.0
0.9928460727491133
0.0
0.0
0.0
0.41284088203691716
0.4600620794798951
0.0
0.0
0.0
0.8975038542098177
0.0
0.0
0.0
0.10483715745484978
0.1444687520337251
0.0
0.0
0.0
0.07530238693945623
0.0
0.0
0.37113291119448966
0.0
0.4966821149320636
0.5380332121612441
0.5937022162572916
0.0
0.0
0.0
0.0
0.9873350096815157
0.48658416851940633
0.31475711985744503
0.0
0.0
0.0
0.0
0.0
0.0
0.0
0.0
0.0
0.0
0.0
0.9994510508946378
0.0
0.3514260854474829
0.626703372643276
0.0
0.0
0.0
0.0
0.0
0.9999870533966622
0.0
0.0
0.16143010133773417
0.0109206068351414
0.0
0.001478479641821906
0.47876319059220795
0.07885763603249585
0.0015149100799556336
0.0
0.0
0.0
0.0
0.0
0.9990975824722854
0.0
0.0
0.0
0.9999978720657902
0.0
0.046778041733974596
0.0
0.0
0.0
0.0
0.0
0.0
0.030448373912315696
0.04763551213803052
0.5923211503105821
0.0
0.4894539234989317
0.0
0.05486630048572716
0.8512964125391979
0.0
0.0
0.0
0.0
0.0
0.2563794223598296
0.0
0.9995324128502188
0.0
0.8796610296741909
0.9296928219784402
0.0
0.0
0.0
0.0
0.0
0.2546561862993477
0.0
0.6714935468365779
0.0
0.0
0.7050784316020816
0.0
0.0
0.0
0.0
0.0
0.0
0.0
0.8039050739689817
0.0
0.5014493447462796
0.0
0.0
0.25324781718959866
0.7239559172778496
0.4758315340555097
0.0
0.0
0.0
0.07436424995272639
0.8665690847411884
0.0
0.0
0.0
0.9175652320044594
0.31657989461817904
0.0
0.4005258477677027
0.0
0.0
0.0
0.09724026230791172
0.0
0.0
0.0
0.0
0.5948070136593501
0.21698296665038408
0.6340707176698229
0.0
0.0
0.0
0.0
0.0
0.0
0.07057930061912643
0.0
0.6535738299617955
0.0
0.0
0.0
0.0
0.0
0.06259557827642248
0.0
0.0
0.0
0.0
0.8883916882020063
0.0
0.10160411039229977
0.1684470037427206
0.0
0.41202803884716843
0.9900562171435447
0.4202221649117903
0.43484649923471896
0.6846204183791644
0.0
0.0
0.40462831206625927
0.6030152023538249
0.7209828148025689
0.0
0.0
0.0
0.0
0.0
0.0
0.0
0.0
0.9542381096181627
0.0
0.0
0.0
0.5169102889270842
0.0
0.0
0.7820140258596193
0.0
0.0
0.0
0.0
0.0
0.0
0.0
0.0
0.0
0.0
0.0
0.0
0.0
0.0
0.7073979668292356
0.0
0.4717378376780226
0.0
0.0
0.02585667388775581
0.0
0.0
0.0
0.0
0.0
0.0
0.23719767332561514
0.0
0.0
0.0
0.9999999466610281
0.0
0.0
0.0
0.7413358476789176
0.2005445453544491
0.0
0.0
0.9995148495758048
0.3449876680776023
0.0
0.0
0.0
0.0
0.691380964907526
0.0
0.0
0.0
0.2265682925303274
0.0
0.0
0.0
0.12903194664262285
0.0
0.0
0.7631188471363155
0.08169106069135634
0.0
0.0
0.0
0.01244562348157674
0.0
0.0
0.0
0.0
0.0
0.0
0.0
0.0
0.0
0.0
0.0
0.0
0.0
0.030641674128344287
0.7702409270760578
0.24506416806490894
0.0
0.0
0.9999770177782197
0.755980373941871
0.0
0.0
0.0
0.0
0.6018519551289918
0.0
0.9052587106839085
0.6734797310421424
0.0
0.0
1.0
0.34299672802446646
0.35996497214779033
0.4327857385726581
0.0
0.0
0.0
0.438426156045439
0.7061627921645602
0.0
0.0
0.6144762453193919
0.0
0.0
0.0
0.0
0.0
0.0
0.0
0.08987200416388919
0.7951426936680026
0.0
0.0
0.0
0.18355030742164202
0.0
0.0
0.1074518999235392
0.0
0.3167822954245544
0.0
0.48632216346061585
0.0
0.0
0.03706117651505192
0.0
0.0
0.0
0.0
0.0
0.06814665852943425
0.1272123675204051
0.0
0.0
0.0
0.0
0.030265824117359563
0.029035872078411296
0.5386427394677633
0.0
0.448803668386625
0.0
0.0
0.9580570868142665
0.11361744152506958
0.0
0.20517603873994428
0.0651212768673658
0.0
0.0012921820248985583
0.0
0.0
0.05144143804770984
0.6110011605662862
0.9319900120567984
0.13133382038940622
0.0
0.7232691980397634
0.0
0.10181113222964489
0.0
0.8043233588051097
0.0
0.06978038429524325
0.041112650692324615
0.0
0.0
0.3529364436813216
0.0
0.9709930791820232
0.0
0.0
0.0
0.0
0.0
0.0
0.0
0.4130580334393601
0.0
0.0
0.0
0.7659989161677865
0.0
0.0
0.0
0.0602409231446035
0.0
0.31690029521307683
0.27880058059679413
0.0
0.5740130465245261
0.0
0.0
0.0
0.0
0.0
0.0
0.9661022570166076
0.0
0.14548453483983792
0.0
0.5065755385400956
0.0
0.03641365701428578
0.0
0.08877967011102006
0.0
0.0
0.4351726193535077
0.0
0.6991676751810322
0.02674114117375148
0.6738183896321125
0.9050615061457119
0.9999664140364989
0.0
0.04096121081021842
0.10042925350450971
0.0
0.5518715313679039
0.0
0.0
0.3933595790088573
0.5823529935772591
0.0
0.1974818636001694
0.0
0.0
0.4007265962476687
0.09167250191094234
0.0
0.05185550443250442
0.0
0.0
0.0
0.0
0.0
0.0
0.0872177471083192
0.6039893357267334
0.0
0.0
0.0
0.0
0.0
0.6368906647890814
0.0
0.33777157743884356
0.0
0.0
0.0
0.0
0.10364781641641252
0.0676389644232841
0.20864823215525463
0.0
0.4349738013286113
0.0
0.0
0.0338746080436102
0.0
0.0
0.0
0.929042388606119
0.0
0.0
0.7256686487715858
0.09496947274642265
0.0
0.9697485754943327
0.0
0.0
0.0
0.0
0.0
0.07639769113565098
0.0
0.15183920123892802
0.0
0.0
0.0
0.0
0.0
0.0
0.0
0.0
0.0
0.0
0.0
0.0
0.0
0.4800231386418681
0.34193533085504946
0.0
0.0
0.0
0.2700413750644898
0.0
0.015778806207514484
0.0
0.3673122045969124
0.0
0.0
0.0
0.999998268957013
0.0
0.8770986400227838
0.0
0.0
0.0
0.0
0.0
0.0
0.0
0.0
0.0
0.33341405291312864
0.0
0.9774000970903796
0.0
0.0
0.0
0.0
0.9999999128658565
0.0
0.0
0.0
0.0
0.0
0.0
0.0
0.0
0.0
0.0
0.587083222904479
0.7594575574749625
0.42421594768449966
0.05548613550951309
0.8249667776856373
0.3105960417065694
0.0
0.5063621517764143
0.9999260463732895
0.0
0.2933930971010239
0.0
0.0
0.0
0.0
0.0
0.0
0.5717196598010217
0.0
0.0
0.0
0.0
0.0
0.0
0.0
0.7933244425549496
0.9205592526147899
0.3966312453853338
0.0
0.0
0.40552962473202137
0.4491121910051603
0.767125025274294
0.0
0.0
0.0
0.12355239548267816
0.0
0.0
0.0
0.0
0.0
0.0
0.0
0.0
0.7947671302281627
0.0
0.33421915140081315
0.0
0.18279576857718127
0.0
0.0
0.0
0.6188784138832495
0.0
0.5726729483133747
0.0
0.014576843150838736
0.0
0.0
0.0
0.4282541349094684
0.0
0.0
0.0
0.0
0.0
0.0
0.0
0.0
0.37598370160190453
0.0
0.0
0.0
0.9533856057850034
0.0
0.0
0.0
0.1596949085051309
0.0
0.0
0.043900413788275805
0.0
0.2948831154455076
0.0
0.0
0.0
0.0
0.6339775163965656
0.0
0.06964740071686015
0.9999999758913174
0.0
0.0
0.6431478685479833
0.0
0.0
0.0
0.0
0.0
0.0
0.0
0.1748106404998786
0.0
0.7600133013063974
0.0
0.5484700592742036
0.8207243885818695
0.0
0.0
0.0
0.0
0.0
0.0
0.0
0.0
0.0
0.0
0.0
0.0
0.0
0.1551225207917818
0.0
0.0
0.0
0.999488406953201
0.0
0.0
0.0
0.0
0.0
0.0
0.6149024323497221
0.7888365359306622
0.32660336127591305
0.0
0.0
0.0
0.17327006152416602
0.22580296395739774
0.0
0.0
0.8187382504463074
0.2553366008439666
0.0
0.8496485475876592
0.0
0.5108439988499056
0.43692228904967334
0.8890525970828879
0.0
0.0
0.16680225947710192
0.0
0.8849532862872492
0.0
0.0
0.0
0.0
0.0
0.9799332268186989
0.2777465408491838
0.0
0.6032844073874957
0.0
0.0
0.0
0.9631261652740828
0.0
0.7604117323084654
0.0
0.0
0.0
0.0
0.9384823234119768
0.0
0.0
0.350318723548496
0.0
0.0
0.9904685797149883
0.0
0.0
0.0
0.0
0.9999999994180635
0.0
0.8294455526293046
0.0
0.0
0.0
0.08390206136238121
0.6404104068926113
0.34107563541659913
0.0
0.0
0.19217987127951153
0.12255392412436295
0.1272223488393226
0.26501217888689754
0.0
0.0
0.48981782853954725
0.29706031513670217
0.04405901142640678
0.36751233906682135
0.7405197349523751
0.0
0.0
0.0
0.0
0.0
0.0
0.11074759423717984
0.0
0.0
0.0
0.0
0.0
0.0
0.0
0.0
0.8513578419759307
0.3251448939909847
0.9999947618158693
0.791638377651748
0.0
0.0
0.8037295139447772
0.0
0.6940223815572881
0.0
0.0
0.0
0.9988296605472577
0.0
0.0
0.0
0.0
0.0
0.0
0.0
0.0
0.8526652714619929
0.0
0.7816042290759289
0.0
0.9476410337393538
0.2757537785845139
0.0
0.0
0.0
0.9799372118404306
0.0
0.0
0.33143020167654946
0.9997192546029678
0.0
0.0
0.0
0.0
0.19623282636747474
0.0
0.0
0.0
0.0
0.0
0.0
0.7362151433722927
0.8209544955698607
0.0
0.23829006189493962
0.0
0.0
0.0
0.5444751582578959
0.0
0.9587475596617289
0.3603255088360249
0.0
0.0
0.2433002011924985
0.0
0.0
0.0
0.0
0.0
0.0
0.0
0.9422533624653332
0.0
0.726103336742804
0.0
0.0
0.0
0.2956637564057545
0.0
0.0
0.14852738607756044
0.0
0.999993746968823
0.0
0.0
0.9896968283672456
0.0
0.02166239280062421
0.0
0.0
0.7720254683696173
0.33903136662187383
0.017222368178370973
0.7628066361605228
0.0
0.0
0.0
0.25808677584576967
0.0
0.6889479549497319
0.33961880724000526
0.0
0.0
0.0
0.0
0.0
0.6056317596565459
0.0
0.5404073208709204
0.0
0.06199920355474842
0.6761565825759284
0.5483029358496669
0.0
0.0
0.0
0.0
0.0
0.0
0.0
0.0
0.0
0.0
0.5327296554885683
0.0
0.0
0.0
0.0
0.7368846190153914
0.0
0.0
0.0
0.0
0.0
0.0
0.09699164885563216
0.0
0.0
0.0
0.9494056187735992
0.010118068504316735
0.0
0.0
0.0
0.14184844549116649
0.0
0.4541977179532175
0.0
0.0
0.0
0.0
0.0
0.5610606641412424
0.0
0.0
0.0
0.7217663392876532
0.12829277371935088
0.0
0.0
0.12468176933028485
0.0
0.9131811246897534
0.0
0.0
0.0
0.9903982328475126
0.0
0.0
0.0
0.0
0.0
0.0
0.0
0.0
0.0
0.0
0.0
0.0
0.0
0.0
0.0
0.0
0.0
0.0
0.0
0.43693249705274795
0.0
0.0
0.0
0.0
0.0
0.9204866280304003
0.0
0.0
0.0
0.2708960947444352
0.0
0.0
0.0
0.30560004008132835
0.18364656689713776
0.0
0.0
0.02926203730673027
0.0
0.0
0.0
0.9742755492177406
0.0
0.0
0.3890112097126275
0.04041699577617164
0.0
0.0
0.016394194657768146
0.01043836321662317
0.0
0.0
0.44172994058939496
0.0
0.0
0.9999837958626284
0.0
0.4475481583255978
0.48246720665753484
0.0
0.0
0.0
0.0
0.06216286301363272
0.0
0.0
0.0
0.0
0.0
0.0
0.3282688475887825
0.7131884161180659
0.0
0.9999990525179216
0.0
0.4542979346822318
0.0
0.2760159924998413
0.0
0.0
0.0
0.0
0.0
0.9722003309629641
0.0
0.0034618965807761137
0.0
0.1334719150175372
0.0628422033710283
0.5826914994910404
0.0
0.0
0.0
0.0
0.5149041393987857
0.0
0.8388895810463832
0.0
0.0
0.0
0.0
0.7807867748756632
0.0
0.9852095980694937
0.0
0.12409367769842938
0.0
0.0
0.0
0.46580436024047556
0.5747532411193658
0.0
0.0
0.03884314707243086
0.0
0.25371518989297237
0.0
0.0
0.0
0.11496328752801477
0.7131912639878528
0.0
0.0
0.0
0.0
0.0
0.2753638151485782
0.0
0.0
0.0
0.5097855422570772
0.0
0.534100649291982
0.0
0.0
0.0
0.0
0.0
0.0
0.0
0.9999990925914635
0.5480757463922818
0.5160531378220659
0.11479601001015383
0.0
0.0
0.0
0.0
0.0
0.0
0.0
0.0
0.0
0.1848312793659872
0.41131022290560315
0.0
0.3786021414398193
0.4245689052714273
0.8574081022789107
0.0
0.0
0.0
0.9426974048809607
0.0
0.9555734293948963
0.0
0.0
0.0
0.0
0.0
0.0
0.5758450020060079
0.0
0.029011027394711508
0.0
0.9683310970532658
0.0
0.18342510973440174
0.0
0.0
0.0
0.0
0.5518367810406721
0.0
0.26974244724913987
0.0
0.0
0.0
0.0
0.6670107739628283
0.0
0.0
0.0
0.0
0.0
0.9028837759635936
0.0
0.0
0.0
0.7306964317892931
0.0
0.36739190451957826
0.47121461882082905
0.9935137396084793
0.6126999268258198
0.0
0.0
0.0
0.7598967912788095
0.0
0.0
0.0
0.0
0.0
0.0
0.0
0.0
0.4665070293204864
0.0
0.0
0.9998672245452287
0.0
0.04310476385075157
0.0
0.0
0.6467763399501021
0.0
0.0
0.8143200668518307
0.0
0.5063092283933871
0.0
0.5968065152297948
0.3831914865693382
0.0081152598015648
0.0
0.9766061601535425
0.0
0.0
0.0
0.21095599498425166
0.0
0.0
0.0
0.0
0.0
0.0
0.4086195882524368
0.07088797187196971
0.0
0.0
0.6086778191363386
0.0
0.0
0.0
0.05344032106545327
0.0
0.0
0.08577305249466927
0.0
0.0
0.02573362723745931
0.0
0.0
0.761203222998196
0.6443642635339073
0.07050166690817328
0.0
0.0
0.0
0.2917750031861257
0.0
0.0
0.0
0.0
0.0
0.0
0.9998642095523991
0.0
0.5557482254243423
0.0
0.30820090008174195
0.16409679643044395
0.0
0.0
0.0
0.0
0.0
0.23700481654175998
0.0
0.0
0.0
0.3729655399959676
0.0
0.0
0.22761203286041132
0.0
0.0
0.0
0.0
0.0
0.9987602848341934
0.0
0.0
0.0
0.8316422399256819
0.6801552070065038
0.0
0.0
0.0
0.0
0.0
0.0
0.0
0.0
0.0
0.0
0.5368206309168688
0.5876124513268204
0.0
0.0
0.986691600704054
0.998501727197957
0.0
0.0
0.0
0.0
0.0
0.38883361584728937
0.0
0.0
0.0
0.0
0.0
0.0
0.0
0.0
0.2751224044172551
0.5764858308756189
0.0
0.6597005496527426
0.0
0.9549702477967473
0.0
0.34987096785310545
0.0
0.0
0.0
0.48823956426852333
0.0
0.0
0.0
0.7531036135088062
0.0
0.0
0.0
0.4373600768867467
0.0
0.0
0.0
0.0
0.0
0.0
0.0
0.0
0.0
0.0
0.9943527401446484
0.0
0.004083621463925158
0.0
0.6479494833974919
0.0
0.25447206459041705
0.0
0.0
0.0
0.0
0.0
0.0
0.294223286467296
0.5269571753868898
0.0
0.21560877001861534
0.0
0.4436324106156587
0.0
0.0
0.8664546387785237
0.09837448980874652
0.0
0.0
0.0
0.0
0.0
0.0
0.0
0.9937289954149561
0.6505033509520473
0.0
0.0
0.035895511553023285
0.4654385689396212
0.0
0.0
0.0
0.0
0.0
0.0
0.0
0.2128805140828014
0.0
0.0
0.0
0.510494745099878
0.0
0.0
0.0
0.13529127752201497
0.0
0.0
0.0
0.5662068755748807
0.0
0.0
0.0
0.05860182446731277
0.02775922810297582
0.0
0.0
0.0
0.0
0.0
0.0
0.0
0.0
0.0
0.0
0.0
0.0
0.0
0.9146221276500469
0.0
0.0
0.0
0.0
0.0
0.10409969383319195
0.0
0.0
0.0
0.0
0.0
0.0
0.0
0.0
0.0
0.0
1.0
0.9751888834806937
0.0
0.0
0.0
0.12061828391370799
0.0
0.0
0.0
0.0
0.0
0.4995903535974975
0.0
0.0
0.018011220108363646
0.0
0.0
0.0
0.842709795830398
0.0
0.0
0.0571515217941867
0.0
0.0
0.0
0.0
0.0
0.12769359025939853
0.0
0.0
0.0
0.771940464396553
0.21774743691828158
0.7365200032682319
0.049276096657566604
0.0
0.0
0.0
0.0
0.0
0.0
0.0
0.1589880814122525
0.0
0.0
0.0
0.0
0.8325264964609255
0.0
0.0
0.0
0.1186850030451545
0.0
0.0
0.0
0.0
0.0
0.0
0.0
0.0
0.0
0.0503294150921314
0.0
0.0
0.35312013527782526
0.22299310274398332
0.3884354189766538
0.0
0.5351423560843338
0.8006394365656795
0.0
0.0
0.0
0.5944118995025129
0.0
0.0
0.11451475248063314
0.0
0.0
0.11733538186338266
0.0
0.1350534827149702
0.0
0.2571866605902027
0.9366430046627975
0.0
0.6650700703754509
0.1505695146016941
0.2597616374515861
0.0
0.3951718089039933
0.0
0.0
0.0
0.4321526470209285
0.0
0.8064246938992266
0.0
0.06249509633634409
0.6753560236969447
0.015603298700073598
0.9129352593628637
0.2165892501933887
0.5650659297601781
0.0
0.0
0.0
0.501142660036832
0.007198062162175889
0.0
0.0
0.0
0.0
0.0
0.1011681293911213
0.3944608260815934
0.0
0.0
0.7397608132019942
0.2725978556898735
0.9992175275878533
0.05617084829551666
0.26702248977408827
0.0
0.0
0.0
0.0
0.0
0.0
0.0
0.19058701795612576
0.22032547135830982
0.0
0.0
0.6089466915506554
0.0
0.0
0.0
0.0
0.0
0.9983171012857893
0.0
0.0
0.0
0.0
0.0
0.0741445554992568
0.0
0.0
0.7540786864509452
0.0
0.0
0.0
0.0
0.0
0.0
0.0
0.3559954512042198
0.0
0.0
0.0
0.9868629961508023
0.0
0.6417410669775869
0.0
0.0
0.0
0.0
0.8362863332297407
0.855973821486955
0.0
0.8479994670401161
0.0
0.9534569824792205
0.30489887536314686
0.6499144803297793
0.3713933037391052
0.0
0.35951285835246616
0.0
0.1354843332800465
0.0
0.2503675923113875
0.0
0.0
0.0
0.007916005712109153
0.9175122187504423
0.0
0.0
0.8495988437831566
0.0
0.0
0.8810243424494548
0.0
0.0
0.0
0.0
0.1689258427890339
0.0
0.0
0.0
0.0
0.0
0.0
0.0
0.0
0.0
0.0
0.0
0.05463940138224821
0.0
0.0
0.0
0.0
0.0
0.0
0.0
0.0
0.0
0.0
0.0
0.0
0.0
0.0
0.0
0.0
0.8860162185573524
0.0
0.0
0.0
0.508992207956779
0.0
0.3460003237964171
0.38940929743104413
0.17760134839764607
0.39248377278515645
0.0
0.0
0.6873103597592302
0.0
0.0
0.0
0.0
0.0
0.0
0.0
0.0
0.9997439095212985
0.0
0.0
0.9101135707044747
0.0
0.6904642470465627
0.0
0.0
0.0
0.0
0.7433522789302628
0.0
0.0
0.6659611043518301
0.0
0.0
0.0
0.0
0.0
0.0
0.0
0.0
0.0
0.03890891799641427
0.0
0.0
0.0
0.0
0.0
0.36743770854841806
0.0
0.0
0.10805889147583359
0.0
0.5131721610268267
0.3137375926904947
0.0
0.0
0.0
0.0
0.0
0.0
0.0
0.0
0.0
0.34469092042035987
0.0
0.0
0.0
0.0
0.0
0.29034735604036266
0.0
0.0
0.0
0.0
0.9999972558059315
0.47586599397887497
0.31393979632696944
0.0
0.0
0.9595854976571666
0.0
0.9976550348795359
0.0
0.0
0.059335702596359674
0.0
0.0
0.0
0.0
0.23168610443804705
0.0
0.6725192053016722
0.0
0.044795444851952304
0.21577347691327498
0.0
0.0
0.6455005080076226
0.0
0.0
0.9995355734035499
0.0
0.42349600586833036
0.0
0.0
0.7014908982525269
0.0
0.0
0.9097425397218454
0.0
0.0
0.0
0.0
0.0
0.0
0.25910169724977794
0.0
0.0
0.0
0.0
0.0
0.0
0.077855527099008
0.0
0.01351337827586685
0.0
0.0
0.0
0.0
0.0
0.0
0.0
0.8199222117748074
0.0
0.0
0.9284669712722858
0.651065438432418
0.6770659269651871
0.0
0.07199949280722906
0.0
0.8367948371866544
0.0
0.0
0.0
0.0
0.0
0.0
0.19306981065855755
0.0
0.0
0.0
0.49852357219832877
0.9999979742843056
0.8335125092261988
0.15185234399528125
0.22611250238550995
0.36103945208856614
0.0
0.0
0.23938847503552685
0.052695118862253754
0.0
0.0
0.0779082578236755
0.3035165075359968
0.0
0.0
0.03649358304084693
0.0
0.0
0.0
0.7734293365840973
0.0
0.0
0.0
0.0
0.4850119728491238
0.6626822326840937
0.0
0.0
0.8595238361185542
0.0
0.0
0.0
0.8590152291580986
0.08556436421617541
0.0
0.0
0.0
0.03297389836987008
0.0
0.0
0.4985297737389124
0.0
0.0
0.0
0.0
0.0
0.0
0.8261312494287011
0.0
0.0
0.8653947709610791
0.22570315533108742
0.7655315162368285
0.0
0.0
0.0
0.0
0.0
0.0
0.0
0.0
0.0
0.0
0.0
0.6371211784763451
0.3230701309879789
0.8362145273102016
0.0
0.8974404828956436
0.0
0.573691832525197
0.0
0.0
0.0
0.0
0.0
0.0
0.0
0.0
0.0
0.0
0.0
0.0
0.11549319192885088
0.0
0.0
0.5066710828447283
0.0
0.16175513161109
0.0
0.0
0.0
0.0
0.9606982464397577
0.0
0.0
0.4365997477085368
0.0
0.0
0.0
0.0
0.0
0.0
0.0
0.0
0.0
0.4950337566961359
0.0
0.0
0.0
0.0
0.0
0.0
0.0
0.0
0.010868361349243627
0.0
0.0
0.0
0.43201312531700775
0.9127585860204851
0.1595121254923343
0.0
0.9998610999376585
0.07893251459869821
0.0
0.6940088724388671
0.03849262008665244
0.992965605909818
0.22734891730994156
0.0
0.2376518947997196
0.0
0.0
0.181646275193179
0.0
0.8963160389643332
0.0
0.0
0.0
0.0
0.0
0.11006021458708781
0.0
0.0
0.9987359539853301
0.6248173116503388
0.0
0.0
0.0
0.0
0.0
0.0
0.0
0.0
0.0
0.0
0.0
0.0
0.1388774338284562
0.0
0.0
0.5486323088321147
0.0
0.5003069295278866
0.0
0.0
0.0
0.0
0.12249037117750738
0.0
0.0
0.0
0.23513511029658152
0.0
0.0
0.0
0.0
0.0
0.0
0.3569810081006859
0.13817515336563502
0.0
0.5314654306979251
0.0
0.0
0.0
0.0
0.0
0.0
0.0
0.0
0.0
0.0
0.0
0.9858439528246674
0.0
0.0
0.0
0.0
0.0
0.06081547238715057
0.0
0.6255147827106338
0.0
0.02127486461145045
0.0
0.28202881005101044
0.0
0.0
0.0
0.0
0.0
0.10049841981425767
0.6066318322131241
0.2539545326490187
0.0
0.0
0.0
0.0
0.0
0.0
0.9999997068953099
0.0
0.0
0.0
0.0
0.03827318795026424
0.4992348011437485
0.526007001684628
0.0
0.3918298942974209
0.6647960474529175
0.31751930473411716
0.0
0.0
0.996464157724256
0.0
0.12397160711146182
0.0
0.0
0.5215352362748598
0.0
0.0
0.433186986501666
0.05076999489055045
0.0
0.0
0.0
0.0
0.3907411085299456
0.0
0.0
0.0
0.0
0.05446642873929797
0.0
0.7115434773329157
0.0
0.0
0.6509555176430808
0.08483385439428293
0.29734273458709404
0.7436525009489687
0.7732588979962813
0.049488965945307606
0.0
0.0
0.0
0.0
0.0
0.0
0.0
0.0
0.9999936551443116
0.0
0.0
0.0
0.0
0.0
0.0
0.0
0.0
0.0
0.1953115563299721
0.1865878264700841
0.013988614063996763
0.0
0.09723990003475202
0.03917286656727592
0.0
0.0
0.5608845309757327
0.0
0.0
0.5692168884540274
0.0
0.466600112424449
0.0
0.0
0.0
0.7248093951514607
0.0
0.0
0.16364904313820183
0.0
0.0
0.04686294583042672
0.4695366892063775
0.0
0.0
0.0
0.777062948832673
0.788473240252248
0.0
0.0
0.0
0.0
0.0
0.0
0.0
0.0
0.9484002278870525
0.0
0.9998841016744044
0.0
0.0
0.0
0.0
0.0
0.7002629569253092
0.46317725693323386
0.0
0.29025967371686257
0.0
0.0
0.0
0.0
0.0
0.0
0.09717200714313057
0.0
0.0
0.0
0.0
0.0
0.34517452679653493
0.0
0.0
0.0
0.0
0.0
0.0
0.0
0.9652182982474441
0.0
0.0
0.10284812417060907
0.7720418802375799
0.0
0.0
0.0
0.10685226661095049
0.9450323311850898
0.7398033752370432
0.27462913350730034
0.0
0.27282938655277145
0.09676645351740687
0.839432897096217
0.0
0.0
0.0
0.0
0.11267935708925814
0.0
0.0
0.0
0.0
0.0
0.0
0.0
0.0
0.7767926147802805
0.0
0.0
0.0
0.0
0.0
0.0
0.0
0.0
0.0
0.33062174623314944
0.0
0.0
0.0
0.0
0.0
0.0
0.0
0.0
0.0
0.3344705509334267
0.0
0.5793128938848602
0.0
0.0
0.9773546062678301
0.11550510382524326
0.0
0.0
0.0
0.05371707989224728
0.8173174833144425
0.7367227543321966
0.0
0.4992998487703463
0.0
0.0
0.0
0.3050437882317437
0.0
0.0
0.1350466723073651
0.0
0.0976906187168386
0.0
0.019318315959905075
0.1314498603152563
0.0
0.0
0.0
0.0
0.07597030241961855
0.9988889190677759
0.24889116112091236
0.0
0.10495529170078544
0.13168368846282585
0.0
0.0
0.0
0.32019296161551425
0.795449883555395
0.0
0.0
0.05263530110100245
0.0
0.0
0.0
0.0
0.3894823584957734
0.0
0.0
0.0
0.0
0.0
0.0
0.9354761497982952
0.0
0.0
0.0
0.9781676400594906
0.2290631907112448
0.41461586852564125
0.2295616464512188
0.0
0.0
0.0
0.3275378441448764
0.715081447339236
0.0
0.0
0.6627460196811978
0.0
0.0
0.0
0.0
0.0
0.0
0.0
0.0
0.0954843548438884
0.0
0.0
0.952480146968763
0.4474626322983871
0.0
0.0
0.15939377426997015
0.0
0.0
0.0
0.7475594276070456
0.0
0.0
0.0
0.0
0.0
0.0
0.0
0.0
0.0
0.0
0.09298535826359489
0.0
0.3609864444901121
0.0
0.0
0.0
0.0
0.15236784535149184
0.0
0.0
0.0
0.7891587480559533
0.0
0.0
0.0
0.4282058769123227
0.0
0.0
0.0
0.0
0.0
0.613817206088446
0.0
0.17804654797624286
0.0
0.6295014299196771
0.20556316270802844
0.0
0.0
0.0
0.0
0.08941231159882301
0.0
0.5447622890596562
0.0
0.0
0.21589630766398782
0.0
0.0
0.0
0.0
0.0
0.0
0.09460553852715747
0.03588820459568132
0.9966714581489254
0.0
0.0
0.04595172571150907
0.0
0.0
0.0
0.9552800054275173
0.0
0.0
0.0
0.0
0.0
0.0
0.0
0.0
0.8915998416292521
0.0
0.4308557782431569
0.0
0.0
0.39721783697156443
0.2507716492567085
0.0
0.0
0.28004687974148257
0.3586102387059811
0.0
0.0
0.1876953364397388
0.43460639163830894
0.0
0.0
0.9462781024989487
0.99419325273577
0.06735585252621545
0.0
0.0
0.8396067179745187
0.20937572563458262
0.3292107553695056
0.0
0.0
0.0
0.0
0.0
0.0
0.0
0.0
0.9999930148350537
0.0
0.0
0.0
0.0
0.0
0.0
0.0
0.28442852407004016
0.0
0.0
0.47452243796193605
0.0
0.0
0.08682198433998356
0.28720921691971046
0.0
0.05153611634645516
0.0
0.0
0.0
0.0
0.903423996846319
0.0
0.0
0.0
0.4562639880680933
0.8987718680581486
0.0
0.0
0.29786483167019207
0.0
0.771955249661936
0.0
0.0
0.0
0.0
0.0
0.0
0.0
0.0
0.0
0.0
0.0
0.0
0.0
0.0
0.0
0.0
0.11708447015002854
0.4177030019314757
0.0
0.0
0.001470676512729363
0.0
0.4456215882012473
0.16312323188623234
0.08026066545182065
0.0
0.0
0.9935402490575809
0.0
0.035108572782734715
0.9999598551865103
0.0
0.0
0.0
0.0
0.0
0.0
0.0
0.0
0.0
0.0
0.0
0.0
0.0
0.0
0.0
0.0
0.07117926293952448
0.6265411628143871
0.0
0.1139644844229819
0.25971578086595615
0.0
0.0
0.08151676554378873
0.0
0.06365027388603672
0.0
0.48420159744669033
0.0
0.0
0.0
0.0
0.9599053323056056
0.0
0.0
0.0
0.0
0.0
0.23805773841666866
0.0
0.0
0.0
0.9999999994941198
0.0
0.0
0.0
0.0
0.0
0.0
0.9640464257720834
0.0
0.0
0.0
0.006843204369636924
0.5720750145685503
0.0
0.0
0.5394804102161306
0.9761935609040144
0.0
0.0
0.0
0.0
0.0
0.007295739153683645
0.0
0.0
0.0
0.0
0.0
0.0
0.0
0.0
0.4145138369862895
0.0
0.0
0.16793124812583482
0.0
0.0
0.0
0.0
0.37330895143199694
0.0
0.0
0.0
0.0
0.0
0.0
0.0
0.0
0.0
0.9448089432945388
0.0
0.11301590395248606
0.0
0.0
0.0
0.0
0.0
0.0
0.9908443191953297
0.0
0.0
0.0
0.0
0.0
0.4637885914120903
0.0
0.1073626283560759
0.6054948759562208
0.5791817592329733
0.0
0.0
0.652481798523203
0.0
0.0
0.0
0.0
0.0
0.0
0.9999869283547023
0.0
0.09699062404770264
0.0
0.6726889437610728
0.0
0.0
0.11436322002565602
0.0
0.054828927878213585
0.0
0.020601416122431826
0.0
0.0
0.0
0.4366014726993521
0.0
0.0
0.07624763578944804
0.9789642637544282
0.009803868980269193
0.132827442234001
0.811614884271697
0.4292995044052318
0.0
0.0
0.0
0.0
0.0
0.0
0.0
0.11433559246073677
0.0
0.0
0.0
0.8985957363650512
0.5828375559746787
0.6942093900406899
0.0
0.0
0.0
0.0
0.08659834286167356
0.28694073643265283
0.9317275775724129
0.0
0.0
0.4917431546193406
0.0
0.0
0.8210083516289243
0.0
0.7517161326048867
0.9077916453077148
0.6636221805034731
0.0
0.0
0.0
0.9117257521780222
0.0
0.0
0.0
0.0
0.0
0.0
0.0
0.0
0.9545910826666084
0.0
0.0
0.8356938658203947
0.0
0.0
0.0
0.0
0.0
0.0
0.4995674204906546
0.15619670014651466
0.0
0.0
0.0
0.0
0.4030353323818858
0.0
0.6292209660625574
0.0
0.0
0.0
0.0
0.0
0.07995750262574242
0.0
0.0
0.0
0.0
0.0
0.0
0.0
0.0
0.7443115727344759
0.630117946910072
0.0
0.0
0.264766762952526
0.4037327283880512
0.0
0.0
0.0
0.25464729470421943
0.0
0.0
0.0
0.0
0.0
0.0
0.0
0.0
0.7681618059245525
0.0
0.024423484118145877
0.0
0.0
0.17052110916888663
0.0
0.0
0.09770079587640623
0.0
0.0
0.0
0.0
0.0
0.07709876531872362
0.0
0.23209602402544882
0.668458653439391
0.0
0.0
0.33089350022497377
0.0
0.0
0.0
0.0
0.0
0.0
0.0
0.0
0.0
0.0
0.0
0.0
0.0
0.6531957320064414
0.2306117884350587
0.0
0.0
0.0
0.0
0.0
0.0
0.0
0.0
0.0
0.0
0.0
0.22752068997963648
0.0
0.10591974411734228
0.8305338566805316
0.0
0.0
0.0
0.0
0.0
0.0
0.9772051917420348
0.9548232944619022
0.0
0.0
0.0
0.5147320506649922
0.03060032650981226
0.0
0.0
0.0
0.021482898956180163
0.0
0.0
0.9993207720092907
0.0
0.0
0.9079335731680126
0.0
0.0
0.0
0.0
0.2152146820748132
0.3600455662159058
0.0
0.0
0.0
0.0
0.0
0.0
0.0
0.0
0.0
0.0
0.0
0.0
0.0
0.1724098867812438
0.36987908103045486
0.0
0.0
0.0
0.6242364052553118
0.0
0.7618233009359756
0.0
0.793865800183341
0.0
0.0
0.3115875488492057
0.0
0.0
0.0
0.0
0.0
0.9974412987566164
0.0
0.0
0.0
0.7107361932787508
0.10938626124545414
0.9707704575345728
0.0
0.0
0.0
0.0
0.0
0.0
0.0
0.0
0.08544886640982652
0.0
0.0
0.0
0.0
0.0
0.7642825406092575
0.0
0.0
0.5852359513950274
0.0
0.0
0.0
0.3453073910558113
0.9552596778169432
0.0
0.9319122157919054
0.0
0.0
0.9840875428153745
0.4207060894767387
0.0
0.08737822766191206
0.0
0.0
0.0
0.0
0.2991141067241556
0.0
0.0
0.6594431367150804
0.0
0.0
0.0
0.8581417227506843
0.0
0.13682146796931094
0.7395732004066815
0.0
0.6146155468248926
0.0
0.0
0.0
0.0
0.28454322547290434
0.15750659355412466
0.07845722092613105
0.0
0.0
0.0
0.0
0.9147089910180088
0.0
0.0
0.0
0.0
0.0
0.20060985066226056
0.0
0.0
0.9242279317813874
0.0
0.0
1.0
0.999999991487088
0.0
0.7121975137802767
0.9038756254875807
0.0
0.0
0.0
0.0
0.0
0.8284117863911646
0.0
0.16396234625014194
0.0
0.0
0.0
0.0
0.0
0.0
0.0
0.0
0.0
0.0
0.2542483954694875
0.0
0.5731499904935613
0.2573172234616792
0.024406548292072006
0.0
0.0
0.0
0.0
0.0
0.9151852531612298
0.0
0.0
0.0
0.0
0.0
0.260169691642159
0.9811422218350423
0.0
0.0
0.0
0.2513717170080513
0.0
0.0
0.0
0.0
0.0
0.0
0.0
0.1447162422915479
0.0
0.0
0.0
0.0
0.0
0.5984556458897572
0.2748265578678639
0.0
0.0
0.0
0.0
0.0
0.0
0.9999171637201402
0.7016792280792337
0.0
0.0
0.0
0.019531351799914498
0.08009850625521464
0.0
0.0
0.0
0.0
0.2686716629488106
0.0
0.0
0.0
0.0
0.0
0.9005163322898687
0.0
0.0
0.0
0.225111393323429
0.0
0.0
0.0
0.3267470469292484
0.0
0.0
0.0
0.0
0.0
0.0
0.0
0.9194052283393389
0.0
0.0
0.0
0.5588241374693769
0.2159796364693194
0.16573088638542455
0.0
0.03681040497478949
0.0
0.5498753439855557
0.0
0.0
0.0
0.0
0.4506941670842779
0.0
0.0
0.0
0.6539339732639422
0.9998186170825769
0.0
0.0
0.0
0.0
0.0
0.0
0.0
0.7879891446075102
0.0
0.0
0.0
0.0
0.0
0.0
0.0
0.20424175739349293
0.0
0.0
0.0
0.5870993334064389
0.0
0.0
0.0
0.0
0.0
0.45954084826838915
0.0
0.0
0.0
0.4373603784931166
0.23087790163477395
0.0
0.0
0.0
0.0
0.0
0.4222258231753291
0.0
0.5151781187043949
0.4740218462415047
0.08530388336810601
0.0
0.21476000185945
0.501529339810034
0.13909614736048825
0.0
0.0
0.9002414360735324
0.0
0.04717970147834083
0.0
0.011628978246217225
0.017124763846256275
0.0
0.582683783704213
0.0
0.0
0.7285124260369003
0.0
0.0
0.0
0.45231141000088837
0.0
0.0
0.0
0.0
0.0
0.0
0.999999997306049
0.12725158778292123
0.0
0.0
0.0
0.0
0.0
0.0
0.0
0.7302832144545224
0.0
0.0
0.23893150960556087
0.0
0.0
0.0
0.9996888245499892
0.0
0.0
0.708211894595012
0.05943838104760624
0.947109610367641
5.715451669061622E-4
0.0
0.035574244426446744
0.0
0.0856242792798243
0.5138566349546749
0.10876351258033368
0.0
0.9999999838757545
0.0
0.4451567295682699
0.0
0.2569661910575076
0.16950226320750417
0.9288288823600686
0.0
0.0
0.1636503827040997
0.3006792763402353
0.0
0.05739559190382171
0.0
0.0
0.0
0.0
0.0
0.5493853290795717
0.0
0.0
0.1621582027291213
0.0
0.9555041181760494
1.0
0.0
0.0
0.34955363274127627
0.0
0.0
0.0
0.9940169467212578
0.0
0.0
0.0
0.0
0.0
0.0
0.0
0.44349746458314454
0.0
0.769360513510759
0.20877715228825144
0.9948024482848695
0.0
0.0
0.6376070300581717
0.0
0.0
0.6838588664609513
0.0
0.0
0.0
0.09601390167591317
0.785865697846985
0.0
0.0
0.8680965111685388
0.0
0.0
0.0
0.0
0.23561721866029306
0.0
0.0
0.0374938315067701
0.0
0.0
0.0
0.0
0.0
0.0
0.0
0.3694110694271926
0.8329276494429567
0.04938827900664711
0.0
0.0
0.0
0.0
0.0
0.0
0.3489002929843721
0.9968983499065105
0.0
0.017665809306602553
0.6448504133578961
0.0
0.0
0.0
0.0
0.0
0.0
0.2623633946957564
0.0
0.0
0.9996981751826434
0.0
0.8891686384743748
0.0
0.0
0.6376086032917337
0.0
0.0
0.0
0.0
0.0
0.0
0.04082234691163167
0.6644075010062582
0.0
0.0
0.0
0.0
0.0
0.0
0.02801197394376198
0.0
0.0
0.0
0.0
0.12398443115125513
0.0
0.0
0.0
0.8332277527594553
0.0
0.0
0.14710379272460916
0.0
0.4759203576439308
0.0
0.12898788599367517
0.7444871425498536
0.0
0.0
0.0
0.0
0.0
0.955664506073898
0.0
0.0
0.0
0.0
0.0
0.0
0.020385890332493273
0.4298866801422865
0.0
0.0
0.0
0.0
0.0
0.2050280384493134
0.0
0.7829367739742429
0.0
0.5487313840514871
0.0
0.0
0.0
0.0
0.0
0.0
0.0
0.28876723970108487
0.0
0.0
0.0
0.0
0.0
0.0
0.0
0.0
0.08806221258666536
0.41865491234766483
0.0
0.0
0.4166232860051461
0.026822032160635167
0.0
0.0
0.0
0.0
0.0
0.0
0.0
0.0
0.18040148691572933
0.0
0.0
0.670807114285876
0.0
0.0
0.0
0.33914073866856076
0.0
0.0
0.0
0.0
0.057451719776014154
0.0
0.0
0.49185739332659617
0.0
0.0
0.0
0.0
0.0
0.46497357578707865
0.0
0.0
0.0
0.0
0.0
0.0
0.9717669929371096
0.005040866263693489
0.0
0.19880185370033254
0.11407927815533647
0.0
1.0
0.6082590025998849
0.0
0.0
0.8196135556859547
0.13152479444586918
0.0
0.0
0.0
0.0
0.0
0.0
0.0
0.0
0.0
0.7724389400850926
0.0
0.0
0.490869858550097
0.0
0.0
0.0
0.0
0.5465709609866936
0.3767756945125249
0.45948454980484454
0.0
0.6202481477600035
0.3800839287934985
0.0
0.5117013170979973
0.7462005429640466
0.1127935362257636
0.9999607273723959
0.0
0.0
0.8981208496737751
0.0
0.48837513095410134
0.0
0.0
0.0
0.0
0.0
0.0
0.027719724862070083
0.0
0.6199242122960267
0.0
0.29438286723670704
0.0
0.0
0.0
0.0
0.0
0.0
0.9995686586211109
0.0
0.9999791251779548
0.0
0.08841954882195835
0.0
0.06877566693636028
0.0
0.0
0.0
0.0
0.0
0.0
0.0
0.0
0.0
0.0
0.0
0.0
0.0
0.0
0.9192902562175553
0.0
0.0
0.0
0.5015524660855681
0.0
0.8191171918157191
0.0
0.0
0.777190550994449
0.0
0.0
0.23774541866432364
0.0
0.1262993303857155
0.6294605878871684
0.0
0.0
0.0
0.0
0.04306065519195146
0.0
0.0
0.0
0.0
0.0
0.15057051176618153
0.8029284943124287
0.3555147327612105
0.0
0.0
0.0
0.0
0.0
0.0
0.9999999574110013
0.048128020265016946
0.0
0.0
0.3122589239018567
0.28765029114329166
0.0
0.2697840877057206
0.0
0.0
0.9065224976700155
0.0
0.0
0.0
0.0
0.0
0.336483966499289
0.0
0.0
0.0
0.0
0.1767496276421615
0.0
0.9537019701622805
0.0
0.34970950679716717
0.23967748480110573
0.0
0.0
0.0
0.0
0.06428713461507629
0.0
0.41803496344947555
0.0
0.0
0.0
0.0
0.0
0.0
0.0
0.7138790195609139
0.0
0.0
0.0
0.9470690832962424
0.0
0.2381469345542725
0.018480594499042158
0.031848715094280555
0.0
0.0
0.0
0.0
0.8198287066333629
0.0
0.0
0.0
0.0
0.19949171425057088
0.0
0.0
0.4279052424921391
0.0
0.0
0.844053860922551
0.0
0.0
0.3199493352762477
0.20102548569377388
0.0
0.0
0.0
0.0
0.318849295934996
0.6704808031965312
0.0
0.0
0.0
0.0
0.0
0.0
0.0
3.180379040053083E-4
0.0
0.0
0.0
0.46200910739343226
0.0
0.0
0.0
0.0
0.0
0.0
0.30881988742035804
0.4762015407048663
0.40341189796857735
0.21366109128032684
0.0
0.9978714142645794
0.0
0.0
0.0
0.0
0.923932868015345
0.0
0.24680922619524193
0.13029376902543088
0.0
0.6788460297908848
0.0
0.11461011465518156
0.0
0.11401390910244957
0.0
0.0
0.0
0.0
0.0
0.0
0.45729004638816806
0.0
0.0
0.0
0.0
0.0
0.0
0.0
0.0
0.0
0.9333399972522797
0.0
0.0
0.006984851081934473
0.584187031485676
0.32370412055126385
0.8897993840545942
0.0
0.0
0.0
0.0
0.0
0.0
0.6052479544735461
0.0
0.2191133681482521
0.0
0.259550491778881
0.0
0.9999999939937714
0.5320990208061345
0.0
0.0
0.0
0.3723801707285608
0.0
0.9588042628745861
0.10876989137228532
0.0
0.21454730284669687
0.8522455322759155
0.0
0.0
0.0
0.4281646804136747
0.5052163025635075
0.0
0.0
0.17600263066987232
0.0
0.0
0.0
0.0
0.0
0.12457878831617109
0.0
0.0
0.0
0.0
0.0
0.0
0.0
0.0
0.0
0.23348340153445046
0.0
0.0
0.0
0.0
0.13853827293516008
0.7774619189148991
0.0
0.7867250847905375
0.0
0.800632973623392
0.0
0.0
0.3381616664043974
0.0
0.8554561520685917
0.0
0.0
0.0
0.0
0.0
0.0
0.0
0.007251240402135095
0.0
0.0
0.12912817091641926
0.9978420463256304
0.0
0.870080268900888
0.0
0.0
0.591837552280138
0.0
0.0
0.38041420159447425
0.21009740105661556
0.0
0.0
0.0
0.0
0.0
0.4088702465328068
0.07747802340492149
0.9942986122994734
0.0
0.0
0.16556565398746426
0.3994952340496687
0.0
0.0010290162685718807
0.0
0.4547925596123563
1.0
0.0
0.0
0.0
0.0
0.0
0.0
0.0
0.0
0.0
0.0
0.0
0.0
0.8740591598216008
0.0
0.0
0.0
0.0
0.0
0.0
0.0
0.7438325218780817
0.0
0.0
0.7931442156842912
0.0
0.0
0.0
0.0
0.39602933786259364
0.0
0.793959744758735
0.0
0.0
0.0
0.0
0.0
0.0041691291064845926
0.0
0.9999942083657651
0.0
0.4349443382591034
0.0
0.19643367202478934
0.0
0.0
0.0
0.499453764079529
0.0
0.0
0.0
0.0
0.0
0.0
0.0
0.0
0.0
0.0
0.0
0.47717950291100375
0.0
0.3837107962683318
0.9174541497672126
0.0
0.0
0.0
0.020719246982339956
0.0
0.5950879831069955
0.25660207778921484
0.0
0.07980054153004879
0.0
0.4143184746265298
0.09979160918356778
0.0
0.0
0.0
0.0
0.029106940557576233
0.0
0.0
0.0
0.0
0.0
0.0
0.0
0.0
0.0
0.0
0.0
0.0
0.0
0.40796535648649124
0.0
0.0
0.0
0.0
0.0
0.0
0.0
0.0
0.0
0.22158396155038873
0.0
0.09928414467269153
0.3078803767163756
0.022745169757752537
0.5890535459841619
0.0
0.0
0.0
0.0
0.0
0.0
0.0
0.0
0.3549199086880285
0.0
0.47076378374556527
0.2554491530836951
0.0
0.0
0.0
0.0
0.0
0.0
0.7317256932750591
0.0
0.08767105332369873
0.0
0.057973479599673694
0.0
0.24218903971459604
0.0
0.0
0.0
0.0
0.0
0.0
0.0
0.0
0.0
0.0
0.582926875754491
0.0
0.0
0.0
0.9045598235691212
0.0
0.0
0.0
0.6079416783094359
0.0
0.0
0.0
0.0
0.0
0.0
0.0
0.0
0.9774404312300767
0.0
0.48152790688692604
0.0
0.0
0.0
0.0
0.0
0.0
0.0
0.0
0.5124550229402876
0.0
0.0
0.0
0.0
0.7101016755502967
0.9999999949144959
0.0
0.0
0.0
0.0
0.0
0.8903597154060782
0.0
0.0
0.0
0.0
0.0
0.0
0.0
0.0
0.0
0.8856684799695392
0.05348909252498402
0.0
0.0
0.22563259305859562
0.0
0.0
0.0
0.0
0.33983301077065553
0.0
0.6608125355761603
0.0
0.0
0.520865000801261
0.0
0.0
0.0
0.0
0.0
0.0
0.0
0.0
0.0
0.0
0.0
0.0
0.9896424253873437
0.49631871943568284
0.0
0.3373925511952207
0.0
0.04164510713773961
0.8541850315434434
0.10581413820466512
0.0
0.0
0.0
0.4031706276022289
0.0
0.0
0.17393610744386567
0.7458710017504929
0.0
0.0
0.0
0.0900253098544116
0.0
0.0
0.0
0.0
0.0
0.0
0.0
0.49454925493909074
0.0
0.0
0.0
0.0
0.9869158891586124
0.0
0.0
0.0
0.15694357710597917
0.0803677266890005
0.0
0.0
0.0
0.0
0.05265464246205853
0.0
0.0
0.0
0.0
0.0
0.7711368549337136
0.0
0.0
0.0
0.18281568619974653
0.0
0.0
0.9706091959021532
0.0
0.0
0.0
0.0
0.8663503533052963
0.0
0.22500324153336848
0.0
0.0
0.0
0.0
0.0
0.0
0.3051042735743068
0.6512864501500415
0.6521563506039306
0.33781482436258825
0.8388258090726896
0.0
0.0
0.0
0.971114207794381
0.0
0.0
0.9628988521854716
0.2135403394949562
0.0
0.0
0.4760160108745951
0.0
0.0
0.0
0.0
0.0
0.0
0.9974277822026995
0.0
0.0
0.0
0.0
0.0
0.0
0.0
0.0
0.0
0.0
0.5695819184948808
0.3639621730127913
0.0
0.0
0.3059393648250459
0.0
0.7584988707110571
0.13135807319184056
0.8526643754122502
0.051295350804491546
0.0
0.0
0.0
0.8738285240084663
0.0
0.4128354452690113
0.0
0.0
0.0
0.0
0.0
0.0
0.0
0.1913503428057588
0.0
0.0
0.7519684598375694
0.36368998130063535
0.1727093608292134
0.9461488597838841
0.0
0.0
0.5517439339661032
0.2991043794766368
0.0
0.0
0.06582383625440635
0.0
0.0
0.043202592897327974
0.0
0.0
0.0
0.0
0.0
0.39804826570571383
0.1578642373750967
0.3037262273456083
0.0
0.0
0.4055683064916812
0.09493912838706142
0.0
0.0
0.0
0.08256595997490301
0.0
0.0
0.0
0.0
0.9298431820368229
0.030363544501698425
0.9885830143859882
0.0
0.0
0.04859601732270791
0.05730173453123644
0.44474872616451333
0.0
0.0
0.5747804956585717
0.0
0.4689540567258961
0.5492307299592751
0.0
0.0
0.0
0.21834901073331892
0.7368851419797566
0.0
0.0029443209146644556
0.0
0.0
0.0
0.03895245079390153
0.0
0.0
0.24225963784155924
0.0
0.0
0.0
0.20840078192723555
0.0
0.0
0.0
0.0
0.0
0.9415269382689168
0.9556467428337742
0.0
0.0
0.0
0.0
0.0
0.0
0.05794336799431299
0.0
0.0
0.0
0.2422779349667502
0.7666702039564635
0.0
0.0
0.9957408361373473
0.0
0.0
0.0
0.0
0.7596215376490595
0.0
0.705211755106872
0.0
0.0
0.0
0.0
0.45945462786669233
0.0
0.0
0.0
0.0
0.0
0.0
0.0
0.9884079689258369
0.0
0.0
0.0
0.0
0.0
0.9974069480279885
0.0
0.0
0.0
0.0
0.9321235032258675
0.5673731414557428
0.0
0.0
0.0
0.0
0.0
0.0
0.15573794016206377
0.0
0.06547784881912988
0.02088180005659579
0.0
0.0
0.0
0.0
0.2908290432887538
0.4519918569310367
0.36570264185615975
0.0
0.25277842799430583
0.433381905834876
0.0
0.0
0.0
0.0
0.0
0.0
0.0
0.5065652273887828
0.6368474967525066
0.0
0.6148984023296377
0.5279017151775118
0.0
0.0
0.0
0.0
0.9975956680950614
0.0
0.0
0.9817297288613113
0.0
0.0
0.0
0.0
0.1642914546235923
0.0
0.0
0.013797868209025621
0.0
0.0
0.0
0.005369631113291251
0.0
0.8166456232723774
0.5738018449893516
0.8841352104779355
0.03691508404485888
0.44691566719406084
0.1454377774695942
0.4338537747661685
0.0
0.0
0.4373606686794965
0.0
0.0
0.0
0.427319932778213
0.0
0.0
0.9972780660368763
0.0
0.7245288921689204
0.0
0.0
0.0
0.0
0.0
0.0
0.6071621692749918
0.0
0.0
0.0
0.2074785884667537
0.38138620315616345
0.0
0.0
0.3127113523325822
0.0
0.09027020207317893
0.0
0.0
0.0
0.0
0.0
0.09176635705501957
0.0
0.0
0.09340956351505825
0.0
0.0
0.0
0.0
0.0
0.0
0.04877586037264292
0.0
0.0
0.49520890450624144
0.1575525634089483
0.0
0.0
0.0
0.0
0.0
0.0
0.07854375764468702
0.0
0.0
0.0
0.0
0.0
0.0
0.0
0.0
0.0
0.0
0.0
0.0
0.0
0.9786622078952749
0.0
0.0
0.0
0.5882603505581676
0.0
0.0
0.0
0.0
0.0
0.0
0.0
0.30404520476508246
0.3766221325246797
0.0
0.745403841174942
0.18194465779913527
0.0
0.0
0.280933899316994
0.0
0.0
0.0
0.0
0.667623128821309
0.0
0.0
0.0
0.1270698876163564
0.0
0.0
0.0
0.0
0.003381065424593599
0.0
0.5253804834633886
0.37750591209678774
0.0
0.7569187935616482
0.0
0.9961982156670243
0.0
0.0
0.0
0.0
0.3049436282867748
0.35516032374766193
0.0
0.0
0.9991582434243516
0.0
0.0699587463863165
0.5035351751152148
0.7576155753036986
0.0
0.0
0.0
0.2521479841441647
0.0
0.358677312616682
0.0
0.0
0.0
0.06082484619975004
0.0
0.0
0.33010303511807104
0.0
0.0
0.0
0.0
0.0
0.0
0.9929777370649951
0.0
0.0
0.0
0.0
0.0
0.0
0.0
0.0
0.0
0.0
0.0
0.0
0.0
0.04849177969471463
0.0
0.0
0.0
0.5483863037659709
0.0
0.0
0.9426578897800171
0.0
0.0
0.0020318538443389045
0.0
0.0
0.0
0.7240823509205365
0.0
0.0
0.0
0.0
0.037661577344296204
0.0
0.0
0.0
0.34643272273413794
0.9404683819529349
0.9424653872836299
0.5274945410568244
0.0933542494164944
0.9957634597874805
0.20580105822799877
0.0
0.5626259867757464
0.0
0.0
0.0
0.9643889854978447
0.0
0.0
0.0
0.0
0.0
0.0
0.0
0.0
0.0
0.22339768411203043
0.9932714699686043
0.0
0.0
0.0
0.0
0.0
0.0
0.0
0.0
0.8976658790644438
0.22072859842686232
0.0
0.0
0.0
0.0
0.6077694700066797
0.0
0.0
0.0
0.0
0.0
0.0
0.10915731956313168
0.0
0.5198183243449652
0.0
0.0
0.0
0.44293435751025534
0.9305192757983552
0.0
0.24966797782328154
0.0
0.0
0.0
0.0
0.0
0.0
0.0
0.16994646651000012
0.0
0.268576050741834
0.0
0.0
0.0
0.0
0.0
0.0
0.0
0.07822430305373695
0.035940143084376985
0.0
0.0
0.0
0.0
0.6892312244301666
0.0
0.0
0.0
0.8504684847038397
0.4573566196968861
0.0
0.8932654956301928
0.053441888056684816
0.7031033213223385
0.0
0.0
0.0
0.9999995373390919
0.36159199490762006
0.8866561054451972
0.28028903217772627
0.0
0.0
0.0
0.0
0.7141705610680003
0.0
0.0
0.0
0.0
0.0
0.0
0.0
0.0
0.0
0.0
0.0
0.0
0.9793945998605731
0.0
0.0
0.0
0.0
0.009908403013628497
0.16978332314661126
0.0
0.0
0.1486331175696609
0.9990064720412011
0.004878229586767757
0.06834291137212711
0.0
0.0
0.07299804063767223
0.0
