0.0
0.5217433676193967
0.0
0.4113595504712236
0.5861907764735261
0.6925654754275377
0.016334179670843132
0.0
0.0
0.0
0.6543595203711157
0.3590414844654823
0.0
0.0
0.5643936134142037
0.0
0.0
0.0
0.0
0.0
0.0
0.1436726370003459
0.25325048335205036
0.0
0.0
0.0
0.0
0.0
0.0
0.4087205012696508
0.7214070544212523
0.0
0.0
0.6371497937748667
0.3749817747784814
0.0
0.0
0.0
0.2903791978345042
0.07006338330901021
0.648911366328293
0.8509623979719767
0.7506200705727935
0.3087512227175906
0.7779146957045893
0.0
0.0
0.0
0.0
0.0
0.0
0.0
0.0
0.0
0.743193692282444
0.0
0.0
0.007895643011300402
0.0
0.4294780829099069
0.0
0.0
0.7486596569198303
0.0
0.0
0.0
0.0
0.0
0.5741520570022727
0.4854958052984954
0.06868099411824012
0.0
0.0
0.0
0.0
0.0
0.0
0.34745588903697455
0.06572149981296022
0.0
0.0
0.5244053682260592
0.0
0.0
0.0
0.0
0.5445549202502866
0.0
0.0
0.684374448575464
0.30309730395658785
0.3486501458336303
0.0
0.0
0.42303263311715733
0.32043517763957036
0.0
0.01621051148220887
0.0
0.44326699643110934
0.0
0.5797049554924211
0.5856592594781104
0.013396880099016142
0.370400874394511
0.0
0.14870808758101223
0.0
0.0
0.0
0.8243131613176792
0.0
0.0
0.061173317347009044
0.0
0.0
0.0
0.0
0.0
0.0
0.7508880328378067
0.6340689740842987
0.0
0.4069818519082106
0.0
0.0
0.0
0.0
0.3815850294990759
0.5095353697685887
0.0
0.0
0.5287804257393318
0.0
0.0
0.7151008781918682
0.0
0.8609262835708695
0.08521685164062547
0.29567310870269886
0.5563088679224848
0.0
0.43272652540949685
0.40594399319539665
0.8819416592163685
0.36723162255652747
0.0
0.0
0.3866470862664147
0.42657315635533377
0.5029156674387313
0.5482115041588749
0.0
0.5165504375021883
0.0
0.0
0.0
0.0
0.8675128767912268
0.0
0.1310827129240558
0.0
0.0
0.7667648109040472
0.0
0.8848575123719195
0.9305781077007452
0.0
0.8387979677383891
0.0
0.0
0.5534042296734847
0.0
0.565444198557083
0.45292519064384656
0.0
0.27108267076503256
0.48837633838888383
0.0
0.5273729298848252
0.4932893092621748
0.4375719941781602
0.6295648299843838
0.7517977567312903
0.2969423153786545
0.0
0.5901600400326789
0.0
0.7267066912331022
0.0
0.0
0.6705677989648743
0.05730720012623959
0.7646092301828811
0.0
0.0
0.4770689004396045
0.0
0.0
0.0
0.0
0.5246180140007144
0.0
0.7693232107573797
0.0
0.0
0.0
0.0
0.5875222292054577
0.0
0.0
0.859815389329538
0.0
0.0
0.0
0.03233608658777665
0.0
0.0
0.0
0.704675276457864
0.0
0.0
0.5700096773207923
0.08399373543701452
0.0
0.21896831529208954
0.0
0.0
0.34935615773254186
0.0
0.33339804356058045
0.2648491126954645
0.2719947131308936
0.11642493458403792
0.0
0.0
0.0
0.0
0.6368993609317285
0.6848497586415501
0.0
0.0
0.19107904664254463
0.0
0.0
0.8522744292025928
0.0
0.0
0.0
0.16252055549378042
0.0
0.37772392023755086
0.2965084500796414
0.0
0.5414836639470968
0.20764658643947823
0.2900110836541478
0.07785885836367196
0.4958904473571509
0.0
0.45152460179612736
0.0
0.0
0.0
0.0
0.2386460691540885
0.0
0.0
0.2965226414898126
0.0
0.35510002300352395
0.7832165011973815
0.799465868753432
0.0
0.06528478499267111
0.0
0.7756259440055345
0.6471051389669795
0.0
0.11183104149750614
0.727915288435474
0.0
0.0
0.785200865235865
0.572745733452987
0.0
0.6016757420656151
0.0
0.0
0.0
0.0
0.0
0.0873141080665817
0.6878847590828727
0.3678594686586585
0.47825400703303955
0.0
0.29267144441901455
0.14283608815775217
0.42708594080596707
0.0
0.1095537614666198
0.0
0.0
0.0
0.0
0.0
0.0
0.0
0.0
0.0
0.044525262290669
0.15766126675183462
0.44972851151425486
0.0
0.0912967977136539
0.6047707485564573
0.4988728927893772
0.0
0.6989115660214393
0.0
0.0
0.25983562721170395
0.0
0.0
0.0
0.5097656995825102
0.4057157170867922
0.4800655412016612
0.0
0.0
0.0
0.6170736405981022
0.3940650781947125
0.0
0.0
0.0
0.36842100452765975
0.0
0.5477269781861245
0.6864319405977813
0.0
0.0
0.0
0.17167891425709808
0.0
0.0
0.1399822200726002
0.869838373737083
0.5723238776561322
0.5769026111490192
0.7486751816914418
0.0
0.3930484124399721
0.6217183047046148
0.6715111929099475
0.2913764781428202
0.4694854058437636
0.0
0.7154178004183971
0.0
0.4729619525405883
0.7255032503111382
0.0
0.0
0.4400972925908734
0.7716042428695106
0.44760053448632187
0.5777220660260162
0.633102372960183
0.32356465740028095
0.5991598698029753
0.0
0.4098547340585345
0.23128401700053788
0.0
0.0
0.0
0.0
0.0
0.06680850955074583
0.2767587587768841
0.6887770674828884
0.0
0.5686530582790605
0.7932209859983368
0.0
0.38110102006470853
0.050196700056535856
0.7603174390407266
0.0
0.0
0.3766843862938249
0.0
0.35215149891223335
0.0
0.6260195113636783
0.3038525116249767
0.40096095368803586
0.7001554358524904
0.0
0.0
0.4235458082535216
0.0
0.0
0.049490498975305316
0.4178900225910888
0.5403729595939984
0.38000352581702035
0.6140616834325946
0.1529071145142136
0.5550529519006422
0.0
0.32173305364267996
0.0
0.5072429749166268
0.0
0.0
0.0
0.0
0.6051012780143502
0.3028344062044474
0.0
0.0
0.0
0.0
0.7056400247369421
0.9040580973561682
0.0
0.7176423158805707
0.2587978752811391
0.501569917646038
0.46817980857940594
0.0
0.0
0.7246651311313461
0.0
0.02232482100970479
0.0
0.5133154648343841
0.0
0.0
0.6767439765173342
0.7088266558289913
0.5304617185329537
0.0
0.0
0.3659403859191435
0.1287782607961838
0.9670819804221187
0.0
0.043991588928015635
0.6616214444909178
0.612414441082596
0.5202630211594255
0.11632954809543673
0.5635040816947182
0.0
0.0
0.0
0.4821658785770742
0.028190690360464433
0.7925723940182904
0.35231698775064163
0.0
0.0
0.0
0.0
0.37558205811046835
0.0
0.0
0.0
0.0
0.0
0.0
0.5054410754711611
0.0
0.4499493494367678
0.0
0.11828722863643283
0.0028515336120559552
0.7957985277285359
0.674471753054667
0.7178554231709207
0.42185934846231654
0.0
0.2205878439042847
0.5383085171429601
0.5417648783970153
0.8132540165762355
0.0
0.4402814009809677
0.7834924048370472
0.1598741342124863
0.5486635206687661
0.7516188896040672
0.31261099029067063
0.11977988378116655
0.6412733225711637
0.04106143000074035
0.02588049249403778
0.0
0.0
0.0
0.0
0.0
0.0
0.0
0.05414926520962288
0.0
0.0
0.0
0.4104770256695825
0.0
0.0
0.0
0.3493234134605577
0.0
0.0
0.0
0.0
0.0831211388342964
0.0
0.0
0.3605049514714172
0.0
0.7612804543158329
0.0
0.5720858924852981
0.0
0.0
0.0
0.0
0.0
0.31393019074832673
0.7612447384564925
0.43555502764463505
0.0
0.0
0.0
0.0
0.7820900690117814
0.0
0.0
0.0
0.6438946619369105
0.0
0.0
0.10154584538936307
0.0
0.0
0.638280584276759
0.0
0.7621736194327687
0.0
0.33762006914242054
0.0
0.5548274660035519
0.0
0.0
0.7830895996143239
0.4981208688080207
0.0
0.5082866331249893
0.15598338376520984
0.0
0.6247725017356484
0.9024244129803031
0.16987819945673868
0.8321573568639898
0.5648511888109858
0.0
0.18825619117598574
0.0
0.5540216383468919
0.0
0.6811335020124423
0.5416679364544914
0.3958890166492875
0.0
0.8299869042399274
0.0
0.5030838389229978
0.49613077494823604
0.0
0.0
0.0
0.2657726784343886
0.0
0.0
0.0
0.0
0.0
0.0
0.28516276592862505
0.0
0.0
0.7912911297774239
0.3563114362335968
0.7785245920341355
0.0
0.0
0.0
0.40710476921941063
0.6380717373161997
0.35899988217859485
0.6320407829346634
0.0
0.0
0.5185147065426635
0.0
0.527914739939448
0.0
0.0
0.4538181813239792
0.7704651747052008
0.0
0.0
0.0
0.3868502806084425
0.0
0.0
0.1839334866878497
0.0
0.17879434683757786
0.0
0.0
0.9074049341568774
0.2783260649994795
0.6119673179631925
0.0
0.22937683105036788
0.0
0.0
0.19957490423841387
0.330505791935062
0.0
0.2264754385535189
0.0
0.0
0.15669403320466907
0.6610137944016902
0.4106730539362027
0.3398872112013095
0.526897141210273
0.0
0.6108253138890721
0.31432650546168345
0.25589353658358627
0.0
0.0
0.5194811438360205
0.003975684317451467
0.0
0.5021054248891132
0.0
0.22854927791783788
0.30791832972783945
0.22380984862423153
0.4093621167706429
0.0
0.5436897430771981
0.6731309390898839
0.0
0.0
0.7327971952233108
0.9314020193779013
0.0
0.6183783742384327
0.2329789779533348
0.6448555368274325
0.0
0.5917141770578215
0.3963793464043575
0.0
0.9361493427619759
0.18320227227385943
0.0
0.0
0.0
0.0
0.0
0.5614700134702935
0.5401079762211699
0.0
0.0
0.6611299111106245
0.0
0.0
0.0
0.4844582880421151
0.0
0.1815742584687839
0.538762328027443
0.0
0.17227222514638463
0.5066229068034389
0.0
0.8308090791648333
0.0
0.0
0.007035126772875424
0.22107546276230022
0.0
0.7788055140870613
0.0
0.0
0.2224499185953986
0.0
0.683478877702231
0.5856449483989107
0.3964245945594655
0.0
0.6590303934283226
0.3919552042888122
0.7108545421944551
0.0
0.36429683779536026
0.6087613213247124
0.0
0.11721724669763985
0.0
0.0
0.0
0.0
0.0
0.0
0.2246608463408415
0.5253177335124035
0.0
0.0
0.0
0.0
0.0
0.0
0.0
0.8843141220378647
0.2850843005763996
0.0
0.0
0.2712037709015697
0.0
0.43626757937164334
0.7331660883427847
0.0
0.0
0.0
0.19660756282839623
0.0
0.5499435021373211
0.6526598855563661
0.8245345258739447
0.06430190154352293
0.3806291339373902
0.0
0.8289803145528768
0.0
0.1571164342376784
0.0
0.0
0.0
0.6363422709735064
0.439859511827391
0.0
0.0
0.16100360137279107
0.2150426635188425
0.4046390650488166
0.061926755359683124
0.0
0.0
0.0
0.9059704336569008
0.0
0.48329886597669025
0.0
0.0
0.4714380760049562
0.7131346292950063
0.0
0.3859373382640793
0.0
0.12951836445395667
0.0
0.0
0.0
0.04480865082885031
0.0
0.032557292464787786
0.0
0.6316439852149224
0.66693813290416
0.20845213042032976
0.4117713645479948
0.0
0.4347317656920381
0.0
0.37902650770319235
0.0
0.0
0.0
0.09303257117383205
0.0
0.6262531222161732
0.0
0.07231921254485707
0.0
0.0
0.45386219700953456
0.5925650136836124
0.0
0.0
0.6424920397109903
0.0
0.17774201733112416
0.0
0.0
0.0
0.009465192533456375
0.0
0.0
0.4322064427200528
0.0
0.7536535182826986
0.0
0.0
0.0
0.9140541456671071
0.0
0.0
0.8904922894947627
0.0
0.13814312813911947
0.0
0.49211048507175226
0.0
0.0
0.0
0.0
0.0
0.0
0.0
0.6355386198564725
0.0
0.0
0.0
0.0
0.0
0.0
0.6956804251468214
0.0
0.6740639859466688
0.0
0.5416815817972621
0.0
0.4623472319502702
0.0
0.0
0.0
0.6573793065962817
0.6847607631461093
0.20127067289397407
0.0
0.0
0.0
0.0
0.0
0.46686316806092615
0.024862867176389667
0.0
0.8244326056854572
0.4780035675512209
0.5986460809513221
0.6200127628857894
0.054317493907879225
0.0
0.0
0.0
0.4346874117395387
0.0
0.509625733613884
0.7728049072046363
0.47925219913365064
0.10717661605307637
0.020441936346967386
0.12261211538588589
0.9114644240094352
0.7118484809816127
0.0
0.2004752609291319
0.1535721121794841
0.6999672030476457
0.20508887901654524
0.0
0.23868902610087203
0.0
0.0
0.0
0.7013854245880468
0.6466858507380292
0.46045096194278395
0.0
0.0
0.8546083113944188
0.0
0.2099204073876646
0.15253299910250717
0.0
0.0
0.0
0.6013835535910463
0.0
0.0
0.0
0.0
0.0
0.0722855332960787
0.0
0.5743066201332137
0.00677059754961051
0.0
0.04423557877632612
0.3346685025455534
0.6853080934848492
0.0
0.21802153996689239
0.24685486993032058
0.2684276408577016
0.0
0.0
0.8011756983410295
0.0
0.7522404657427817
0.524524833519757
0.7104564942579475
0.0
0.004601343193031093
0.2752415109350828
0.7055828680955548
0.0
0.2656275629556169
0.6445492910441311
0.0
0.0
0.0
0.0
0.10753754564251009
0.7526302568623268
0.0
0.0
0.0
0.4004653339695681
0.24380671010683702
0.1878267507973069
0.13559261720466115
0.4566889194655497
0.0
0.0
0.0
0.0
0.21848772451761173
0.0
0.5285035438514597
0.0
0.7143342527167224
0.6941428410790697
0.2752618938755545
0.20008070244430118
0.0
0.762797697911314
0.0
0.3129455954841005
0.7737882480980622
0.20506534955701639
0.29779599935125795
0.8024894357377457
0.9181497296579285
0.8110880172983717
0.0
0.02011916522747791
0.7112578946231096
0.36202562062623267
0.31572798057162355
0.5475709062698635
0.5746884690453561
0.6591366037532538
0.04971219939270573
0.4928294443282529
0.0
0.9095513120354582
0.0
0.6091399844869213
0.0
0.3576605100954971
0.7013224700404276
0.0
0.0
0.617467076544665
0.2963640195229941
0.18699038025425826
0.6568114293824324
0.4428345752418519
0.757774628819955
0.5388403754899048
0.44670260919876204
0.0
0.0
0.5297954752786256
0.6854438319802766
0.4483270712201413
0.7143608237215842
0.0
0.5768489971510157
0.0
0.07799943377827243
0.5663692683938661
0.5379447887602954
0.7465047097544445
0.4781932685592226
0.6185090657897337
0.45615636625628186
0.0
0.0
0.8435536337928684
0.08572936701069167
0.19788767468378154
0.0
0.638388807006968
0.0
0.0
0.2701240147143357
0.7268182381355157
0.9012780039323961
0.0
0.632217390461174
0.4427162942437823
0.2743970604849059
0.31921508983038976
0.7341719895998792
0.5398296585288637
0.0
0.0
0.2951315406681374
0.5528266133457711
0.0
0.0
0.025385980866562106
0.041035710048719774
0.5914127051763379
0.5902783554774005
0.6371606665157451
0.0
0.0
0.0
0.6101143932384043
0.735365273236562
0.0
0.0
0.0
0.0
0.0
0.0
0.0
0.0
0.21278890979882417
0.0
0.0
0.008104582317454308
0.0
0.0
0.0
0.7014857296513498
0.0
0.0
0.0
0.0
0.0
0.0
0.0
0.7235935049610777
0.32446967274664296
0.0
0.40807532138178715
0.0
0.5925684327027068
0.0
0.0
0.901387787647062
0.0
0.7088657804592403
0.2522693776155394
0.0
0.28048314859899354
0.0
0.4649774640772445
0.49929363420755096
0.0
0.0
0.0
0.4113572639813112
0.218328180575217
0.3049544753147233
0.0
0.0
0.0
0.3496813847496214
0.8667029584948013
0.29652119408973526
0.0
0.0
0.0
0.0
0.15227982115476793
0.0
0.0
0.22863594411478175
0.0
0.5040500833390029
0.0
0.9414466186620304
0.6363088587645575
0.0
0.0
0.0
0.1699719947370392
0.0
0.6221657125671397
0.0
0.45577259121090263
0.0
0.6242173690686365
0.2712578218288853
0.0
0.7133364504866772
0.3211261210049022
0.10877689772191458
0.0
0.13339376348503654
0.39375451495306785
0.23504626344446716
0.0
0.2756356523308273
0.3759837034432512
0.0
