0.8048427171457003
0.0
0.4991093279007677
0.8698137600640272
0.7920815341777184
0.1847200340044023
0.45320385407232133
0.0
0.947015005242544
0.9683011768199655
0.0
0.056129366994297825
0.097163503924661
0.0
0.22404125823463805
0.866476014363044
0.0
0.09949095543355779
0.0
0.9865102439939686
0.9942380770839759
0.0
0.9964546017845008
0.9180634269871
0.9979892691699552
0.9394772784476694
0.0211922959410884
0.37602101175441427
0.4389283640119863
0.785540253417743
0.0
0.0
0.1255259560058516
0.04064671686601695
0.31311948529262157
0.0
0.0
0.0
0.9990622872641568
0.9915543438513577
0.9994226418006699
0.9968730920719342
0.9478215630729002
0.2536022558463371
0.0
0.9953618834214869
0.0
0.0
0.9984670236318567
0.0
0.9534330757745347
0.0
0.0
0.9958153676342029
0.45594354839634166
0.03789161952746678
0.12792958044968938
0.4580761458392786
0.0
0.0
0.0
0.99535001134633
0.9962354871259788
0.989767831687978
0.9968177475992201
0.6625309058704485
0.9503160184383256
0.9076277473805858
0.2713232054853906
0.9704133620305847
0.9977936270013287
0.5157769381445094
0.5952871660851653
0.0
0.6224053340695899
0.4785170474971885
0.0
0.997993129046837
0.16317216453357053
0.0
0.0
0.0
0.0
0.0
0.0
0.0
0.0
0.0
0.0
0.0
0.3290469573476813
0.12275062705953754
0.4953474797215174
0.8969797839876501
0.43325224634332304
0.0
0.7664767117892536
0.33535216956539826
0.7746782454697034
0.3259062297772991
0.36544825886608023
0.0
0.0
0.4722693666951455
0.0
0.0
0.0
0.0
0.0
0.0
0.0
0.0
0.0
0.0
0.0
0.0
0.0
0.0
0.0
0.0
0.3002219390358559
0.0
0.0
0.7553889625999781
0.0
0.0
0.20721707776225884
0.0
0.0
0.4137410413860815
0.0
0.11019618396375919
0.8546252808675567
0.0
0.0
0.0
0.0
0.09405241676860154
0.0
0.0
0.0
0.0
0.5502948488939189
0.0
0.0
0.0
0.0
0.0
0.5211216039412506
0.05745795225679917
0.3117819211868369
0.7389850227146576
0.0
0.0
0.0
0.0
0.07703064731094844
0.0
0.14991764825551557
0.4121887593875819
0.0
0.0
0.0
0.0
0.0
0.0
0.5652212932371896
0.0
0.0
0.0
0.0
0.6679378727157181
0.0
0.4426190795411805
0.7328056855713121
0.1274629323253066
0.0
0.0
0.140118937733406
0.0
0.42898153900932257
0.8179181064876027
0.06769146683131222
0.6393367931089137
0.9002401211337218
0.9937153584261006
0.8709654154561621
0.181862301622985
0.8490978761834033
0.4067063996817225
0.0
0.19477849347466103
0.0
0.766600918488842
0.0
0.048246377856175915
0.543219147882209
0.3662733115397163
0.0
0.0
0.42068292613994096
0.7075364831266597
0.0
0.41826994066067424
0.4180442894599038
0.0
0.0
0.0
0.0
0.0
0.0
0.0
0.0
0.0
0.0
0.0
0.0
0.0
0.0
0.5309501796824244
0.0
0.0
0.0
0.1527365054753207
0.0
0.0
0.0
0.0
0.19020921470021446
0.006901606068210997
0.0
0.0
0.0
0.0
0.0
0.0
0.0
0.0
0.02609759800843159
0.3930925622079484
0.0
0.0
0.0
0.1377057164878207
0.0
0.0
0.0
0.0
0.0
0.17240303376857868
0.0
0.0
0.2874124095287388
0.0
0.0
0.629869518986145
0.0
0.09791868566340578
0.9944757244367988
0.0
0.24260460619581048
0.6148526145947942
0.9972864669237459
0.0
0.30824024468988276
0.9606209286591376
0.0
0.0
0.1306614128398731
0.8559712727499658
0.0
0.3420814926992788
0.4390321247677156
0.40827735391019826
0.9032637821849913
0.0
0.0
0.7473062962439556
0.425747062846053
0.8086637367850273
0.20373300869093047
0.3738359088610903
0.35907370065107247
0.967727334213108
0.9954154532464483
0.8480072079767572
0.2593771446951494
0.857361056299942
0.49194623627483236
0.9949941646587529
0.9818111429469241
0.45967340210037133
0.5211830097548846
0.0
0.0
0.8278429262776457
0.9839765872351321
0.5242755332101074
0.353495772944721
0.10679157791897742
0.9965723624611237
0.9370210043473265
0.0
0.0
0.0
0.2338519932452955
0.0
0.0
0.020539321425744328
0.0
0.0
0.0
0.0
0.0
0.0
0.04963982015229784
0.0
0.0
0.0
0.0
0.0
0.0
0.8145540801557796
0.0
0.0
0.0
0.0
0.11785742489588558
0.9959783109806188
0.0
0.0
0.9973470836774828
0.0
0.0
0.6439878222994218
0.97981796928034
0.9933779276184198
0.0
0.9967015547309436
0.0
0.700267961350128
0.9885293559625358
0.5398655530127956
0.0
0.5523838563087425
0.9272598779764799
0.08934898258636803
0.10228959821402717
0.09403230849152511
0.6680704377428959
0.9036006289320847
0.4290912588429774
0.0
0.24180085110596639
0.0
0.9982120506448066
0.0
0.23007307429361512
0.0
0.20187345848022686
0.0
0.0
0.0
0.0
0.0
0.6688069522841521
0.6421211519497573
0.0
0.0
0.17359693830331668
0.0
0.0
0.0
0.0
0.0
0.0
0.0
0.3401317272521712
0.0
0.9976488927595881
0.0
0.8340289255282152
0.9992099146710184
0.993402165366408
0.9950815657411256
0.0
0.994261556221736
0.7094380335568691
0.0
0.963213991284084
0.6161310483817564
0.7402843539270303
0.0
0.0
0.0
0.0
0.0
0.5179916359404849
0.0
0.0
0.0
0.0
0.4329664507631852
0.0
0.0
0.9610854681967946
0.0
0.7346528519805593
0.0
0.9940243556852731
0.9951353494774967
0.9820308233068831
0.9131153114731454
0.9931616757469364
0.0
0.0878810927944692
0.0
0.0
0.0
0.0
0.6812257431213221
0.0
0.07617012519506838
0.9915266283348
0.9937700801250502
0.9692793301075846
0.8066831495326774
0.9994172823445332
0.9969528224965468
0.28833298868840085
0.8951503496379895
0.9292401855981736
0.9517661656818095
0.8211370535243402
0.23688389262546827
0.8297521482654039
0.2577114871358658
0.20210524406141084
0.0
0.0
0.0
0.0
0.9373636488376393
0.4476337820077735
0.23064096104250575
0.0
0.6759997490853007
0.0
0.0
0.0
0.0
0.0
0.0
0.0
0.0
0.0
0.24149172866654034
0.0
0.0
0.0
0.1985861059842623
0.0
0.033588173167318214
0.055273266172823465
0.0
0.0
0.0
0.0
0.0
0.0
0.0
0.08761132809018823
0.1544823974282653
0.0629865588756614
0.1121588131743747
0.0
0.0
0.0608999436933475
0.0
0.08116820217624365
0.5459694782157608
0.3189503031571217
0.0
0.18731682764683044
0.0
0.07234197940775888
0.0
0.6396893455079128
0.9970300713273327
0.790557190871557
0.0
0.9367190851242889
0.410729779348602
0.0
0.6357851207753809
0.03489432749350163
0.6691561262467449
0.9938316198367794
0.8048009287183475
0.49644306530011084
0.19083461981096494
0.33986936660521105
0.0
0.0
0.0
0.0
0.0
0.15787787038856504
0.2563501341507064
0.0
0.0
0.0
0.0
0.0
0.0
0.0
0.570039499915344
0.030808186110932723
0.0
0.0
0.0
0.2255810629886308
0.0
0.4537150894260986
0.9924331416143752
0.2852506218588302
0.0
0.0
0.285749778374362
0.861579212727918
0.6716512861214896
0.9950749372483517
0.0
0.0
0.9129167546124908
0.9978360719951884
0.9949127229358198
0.15492603253838966
0.0
0.0
0.0
0.0
0.0
0.0
0.0
0.21511526863818997
0.0
0.0
0.03617878466969904
0.0
0.8478193881037324
0.051534430619380345
0.94176608468147
0.0
0.8149640308807282
0.7971078541527102
0.7868095966109738
0.861417710316519
0.39032252244054
0.24696256354160762
0.11724852580063116
0.48894180876307636
0.9872547691777984
0.0
0.0
0.9974380883315697
0.33621688889665935
0.6726785706280769
0.0
0.0
0.14179823800878721
0.0
0.1398870246371129
0.0
0.0
0.0
0.0
0.9948944863125491
0.0
0.19490750737599338
0.31012097127255756
0.5006867277994704
0.0
0.0
0.0
0.9456746459610786
0.9570590496352498
0.0
0.0
0.2222637659997353
0.0
0.0
0.6047052623335692
0.10016759715949752
0.8916547062903024
0.0
0.0
0.0
0.12227274533252241
0.26889273150937654
0.0
0.0
0.8879694860820356
0.9606406642903909
0.0
0.0
0.02362421495053446
0.30011225208851333
0.9827527064170568
0.6085264573974664
0.26594289942977445
0.43307189398243406
0.03372141288628283
0.9976940025410225
0.7085280722128166
0.0
0.0
0.0
0.0
0.0
0.0
0.0
0.0
0.0
0.013070811936582993
0.05303795697271119
0.047266353118229354
0.8310837601675708
0.312462989414774
0.6981708944023326
0.8524577899558186
0.1599102542133064
0.0
0.04294236105821381
0.0
0.0
0.0
0.0
0.0
0.0
0.7462128209428771
0.0
0.0
0.0
0.0
0.1114314759047631
0.8271044545123772
0.0
0.0
0.0
0.13058811245235802
0.0
0.12508984607627482
0.0
0.21255726646387285
0.0
0.4083726661701892
0.0
0.7129347112916395
0.0
0.0
0.4271530075728617
0.3173973623385704
0.05365275656322033
0.021703965035635653
0.012211116700153957
0.0
0.0
0.0
0.9990223610477171
0.0
0.9975488805195158
0.9936283082006107
0.5583678262610399
0.9354934649529549
0.9726527880903232
0.025339446457018244
0.4381000012054582
0.0
0.0
0.0
0.3785038409626016
0.8530650186660697
0.7655928185108791
0.1086923984415129
0.0
0.0
0.0
0.0
0.0
0.3248773990691072
0.0
0.0
0.0
0.0
0.0
0.0
0.2706081894516499
0.3039149491972366
0.0
0.0
0.0
0.0
0.0
0.0
0.0
0.0
0.0
0.0
0.0
0.0
0.0
0.0
0.07500941307824494
0.9271810263204876
0.6894396909910123
0.5416969648219004
0.9773925035272005
0.49569770495544196
0.7591725109425226
0.9489873680460554
0.2638758342805323
0.0
0.0
0.9968161082457729
0.07554153411128328
0.040966314132925175
0.0
0.0
0.3337873532868162
0.9887604319580396
0.9656049910686991
0.0
0.0
0.0
0.0
0.0
0.0
0.0
0.0
0.1725996933546582
0.0
0.0
0.0
0.9960173312204815
0.9917858312468649
0.0
0.0
0.0
0.7693696259369242
0.8039707765374812
0.8241217654054553
0.8847747424874944
0.0
0.028514944256340602
0.3104537720426377
0.0
0.0
0.0
0.948175088381627
0.7903050450545924
0.6136612715265615
0.17221373954081964
0.1776726292179892
0.0
0.30069302682942856
0.0
0.0
0.0
0.0
0.044039299126658826
0.0
0.5515410338511197
0.0
0.8547716960182429
0.40041979626992896
0.41376705580195017
0.684141931146155
0.8602219034518664
0.0
0.0
0.0
0.0
0.0
0.16687103618838628
0.9990036531674178
0.07351004596539412
0.3723798170930357
0.0
0.5825700378212106
0.2946239745034305
0.22164979054758338
0.9241998326992309
0.0
0.4310271466138238
0.06217028287236093
0.15528114191874454
0.6440150789151537
0.0
0.0
0.0
0.4786774423887121
0.0
0.3042086937722943
0.01872802192575851
0.0
0.2899902049664739
0.0
0.0
0.4591643100536237
0.0
0.0
0.0
0.3518382593337399
0.598929423658556
0.19588738344602818
0.0
0.5819019711926162
0.8299894383567922
0.0
0.0
0.0
0.0
0.9959421593280845
0.0
0.9921122741745464
0.0
0.0
0.2375421076077796
0.0
0.040629758925994075
0.0
0.0
0.0
0.0
0.0
0.6398801425480399
0.9587893699372672
0.0
0.0
0.0
0.9861508638313585
0.0
0.0
0.975693839105425
0.6687545412535751
0.9798730625007647
0.9421617245879536
0.02739957141350391
0.01609728843857927
0.0
0.0
0.0
0.3786998626570919
0.0
0.0
0.0
0.0
0.0
0.09562114891280493
0.0
0.0
0.0
0.0
0.0
0.0
0.0
0.0
0.0
0.0
0.2527458989571455
0.09739353873458889
0.0
0.48412673371690684
0.0
0.4611886266231614
0.39834029269659244
0.17725919184602956
0.3025056539985078
0.7088841323769933
0.36453860604312516
0.9017286920037139
0.0
0.488718207679647
0.009761568656761255
0.8061442868610336
0.3697622355761878
0.7231841438285431
0.49150358118884174
0.46821595709531505
0.0
0.9161810008071511
0.595454701396011
0.5183890628130448
0.37219493383737334
0.0
0.14271018949658743
0.49431434668436713
0.0
0.0
0.0
0.0353789478766664
0.9611726855055962
0.14464652495323016
0.9645616289647553
0.0
0.9848513005842476
0.9961811317968992
0.9950795757267326
0.8635017859999328
0.21595941226686133
0.049918680609873256
0.0
0.0
0.0
0.9869341765373024
0.9982072565675031
0.10368398505346854
0.0
0.0
0.9972109974867277
0.0
0.0
0.9670634750808783
0.888657478013669
0.9948172880568931
0.19335376104636226
0.1310513499491366
0.0
0.0
0.2572661304710038
0.0
0.08102356780612463
0.0
0.8729214361222721
0.0
0.0
0.0
0.18488940451220903
0.384621747743384
0.27218943092578707
0.0
0.0
0.0
0.0
0.0
0.0
0.0
0.03842766007647047
0.0
0.45378519536803585
0.4018852071214889
0.14341558372031682
0.0
0.19008505232487005
0.0
0.0
0.0
0.07608157482659195
0.0
0.10390751777027929
0.0
0.09339366401586491
0.0
0.0
0.5508903847657414
0.43163319195306493
0.10606196293515913
0.21605803591832207
0.845966661705148
0.0
0.5344696819112839
0.0
0.0
0.3950630541735466
0.0
0.0
0.6091728068306628
0.0
0.0
0.06719492244074887
0.0
0.5236351272349782
0.08651246872174478
0.0
0.2375702931633692
0.5876286186885072
0.03266995888021185
0.0
0.1076731363761565
0.0
0.0
0.0
0.4126796122154943
0.7148679382035353
0.0
0.0
0.8744903522668889
0.9769013408913388
0.0
0.013783366556003651
0.06401422992742445
0.0
0.866291448021822
0.038996756042619096
0.0
0.04671118760976323
0.0
0.6606081444059684
0.0
0.24647141134963246
0.0
0.0
0.0
0.9795726531055855
0.29010302403836263
0.16186651747104075
0.15850637042993143
0.14409938238479725
0.0
0.0
0.15919403271796184
0.11549218937800876
0.5732874527276715
0.03467498612192221
0.0
0.3247503872068892
0.0
0.0
0.0
0.0
0.0
0.08879160846115397
0.0
0.0
0.0
0.0
0.0
0.0
0.17741032662445022
0.08662894542153177
0.07297203072151814
0.0
0.2626937223719049
0.19034818829563271
0.23535872303901206
0.0
0.0
0.0
0.0
0.0
0.0
0.0
0.0
0.29711050625767466
0.5913471746732517
0.0
0.0
0.0
0.0
0.0
0.0
0.0
0.0
0.0
0.0
0.0
0.0
0.0
0.0
0.0761482932913411
0.011265350998311607
0.0
0.0
0.0
0.0
0.0
0.0
0.30268305753428515
0.0
0.8451430953050303
0.0
0.048297791650765975
0.9974587342667589
0.335780187429901
0.9945675262514408
0.3526416839404065
0.9978924492950408
0.9536834950837567
0.985078041477423
0.9909343199481088
0.8839204432232484
0.969239734178458
0.9252991008380381
0.5566228171664938
0.8241207581936383
0.7847226999855845
0.017154293880714988
0.21008222303598967
0.0
0.6939296595006923
0.9538786980792384
0.0
0.0
0.5803668931327641
0.2728597086336877
0.9994926704547477
0.8093317001883912
0.029755266711312123
0.0
0.8907607376808984
0.0
0.9802429131702257
0.0
0.0
0.0
0.0
0.9740431985288608
0.6755159459576607
0.9789008411312478
0.4894333232114909
0.9156968199352993
0.0
0.0
0.4100213293065953
0.23046303358724862
0.0
0.0
0.9713571744569598
0.0
0.0
0.44795853959172927
0.0
0.24011290990987688
0.8070312991011356
0.8328433117510724
0.1984681102896314
0.8269249659391466
0.14729431468272625
0.6964644291063732
0.408954732467108
0.28475499014179995
0.8071604968875294
0.0953466568518212
