2.37302336050716
0.110708713460737
0.56261817055435
5.59401988582797
4.71813671481347
6.77927100337296
8.14602624483187
5.09156854631476
6.7246236882583
2.4725956725991
2.0837286453576
3.3488138160549
2.18560420834553
5.59401988582797
0.746368149137622
5.84346917369922
9.7379424976325
1.15062908164008
0.162912644429242
0.146890880590175
4.25013331764839
1.43645310591717
0.240415997169859
0.348013823606737
2.81779178577333
0.664593851308067
3.5420204933223
0.926831956174097
0.865530245510269
1.86930351907801
4.25858180092069
0.573657746078748
7.54723410599604
5.60357562954136
7.5781101617122
9.9908142652935
2.06987283517394
0.367275919838744
2.0697712924474
0.134341004796576
4.624070419956
2.98762888051525
1.41129562840865
2.9419782407985
1.72199347099223
0.0241809912804794
0.748804248827277
6.75566891667234
5.58598699282247
0.565112939441237
0.714164163866074
3.7875533030892
0.276334326395827
1.38273459082645
1.06265594710882
9.96505463849778
1.07178252689321
0.342700449736374
9.85065925465787
0.0467270860569656
7.54059935721495
2.19847105599772
9.94847257009226
1.03391461660545
0.55340269652634
0.14885142213347
0.586644625723358
0.788726325281851
0.234286632332184
5.18025153821354
1.58281863960801
3.98246797024463
0.909090909090909
1.04573855449823
0.747467014084658
4.56232991164358
2.35700147758388
0.0743761212286256
0.0705131434386003
0.504932787357835
3.87748349318407
1.45810374035738
0.078146822301125
1.43069498746089
3.42032785394374
3.66147135989337
1.38065212399025
0.587611120069377
0.495172065341928
1.61038636166876
8.75612041073235
3.21463585627944
0.954614792746549
0.367275919838744
0.584791480697566
0.922822071962475
1.8577943922818
5.16189620102042
0.0405182636266118
1.15062908164008
7.10817410193102
6.43348187192234
0.483922840813399
0.0694467600512874
0.483922840813399
1.64329933628425
0.225733606746857
0.0694467600512874
5.88469234742128
9.33286470379012
0.309468362443789
0.40777862901214
0.145266162014644
1.94779321933041
0.396989897563458
0.859158579525674
0.961619904831945
1.37172138403939
6.67848880603138
9.98785490582234
1.66193670841588
0.0691095200643043
0.0691095200643043
1.21544505543932
4.30627804374026
1.55359100217574
9.75328210657709
0.21743187346062
3.10304003183724
5.89655822275679
1.66393096187343
6.32184239148863
0.399823275204873
1.98205445615637
7.37843835868662
0.0354042423876811
0.0354042423876811
8.37575695900318
4.22405459931734
3.15705677847212
3.68221347685914
0.233411581661402
0.168681612843546
3.68221347685914
0.0890451017425398
0.217095475807268
3.10642832498411
0.465756512563919
1.09291889390514
8.27497949448545
0.226995171939097
8.83799673684847
0.839420885464897
8.87881865148156
0.568245850540105
0.982540363309925
1.42352479217051
2.38463565497411
0.396989897563458
2.3798479653977
0.309468362443789
3.11309127221124
2.44066619049342
0.336647560012762
5.09350246308176
0.600748015469865
7.55417204300484
9.9807847201605
0.0141473744135086
8.75906647546804
0.0141473744135086
1.02721447297851
6.89724449208537
0.00264145643874463
8.33775565857854
0.815797773191861
9.97579918825702
1.01187742899198
9.82358002506267
0.855585636295213
0.965588892501234
0.855585636295213
1.53563544606019
0.572433074532804
1.41404579035675
2.53478502485513
8.1712199388569
0.712179774137177
1.1536833989825
0.712179774137177
0.377685039901774
2.03041753091339
0.377685039901774
0.214499380566127
2.75949814161406
0.255676181309812
4.67145999784432
0.88603775256539
0.932682487359472
0.122595500283697
1.60447033773078
0.122595500283697
4.46195274385392
1.58993078230563
5.73917413672427
0.0719016336626812
3.06968991582681
0.2207813157714
6.14741214487252
4.08170181049356
8.85648400719887
5.14360635790543
0.270068570614242
0.156057733656261
3.86799695866849
0.156057733656261
4.04191475125048
0.863772004506949
0.526818462889185
1.21125845635754
0.246389129669044
1.52412151815394
1.2713896242385
0.987636466976759
5.54986582054768
0.398991460227914
0.63311849901643
0.297143380524242
0.0578451820278789
0.515636442161268
0.179060028566743
0.498865123269913
2.34283234535709
0.478580419539291
2.14852042688051
2.22170324475348
0.352553003805295
0.352553003805295
0.31648982911992
2.34283234535709
1.97610278369224
8.9446689235766
0.390202513442143
0.700695280951616
4.42153030594958
2.57974771193502
8.04896312742742
4.19909061170761
5.50410951515136
1.88471113297845
0.279592744080989
1.17165698288856
0.303801992527921
0.131820420290199
4.28116473117658
0.700695280951616
0.212256103571103
0.212256103571103
3.15597720143797
7.44667256776976
0.569679237458889
1.16701421698854
1.42026657969004
0.703630658732944
0.0341709996510931
2.22170324475348
0.338262378509604
1.19449685490354
0.297143380524242
2.50565185944989
0.859191086154795
2.82733736945938
9.88722314789053
0.281316547385701
0.00465912799969168
9.55463005240226
0.241432109379199
0.00465912799969168
9.19896784614862
0.101784302843984
4.93021379479924
0.0193124819392206
8.37872849500076
5.01591537018318
0.0902150627832247
5.2346059359557
4.28116473117658
0.0902150627832247
0.0420146605627343
7.03274799365025
0.00173834552775005
0.0630851696405373
0.00173834552775005
6.11674405218135
9.82910646022876
5.19313327474599
0.389707274857805
0.990631207603884
0.885433940636135
0.833641274451791
2.10463456112839
1.11546008521627
0.600748015469865
9.99902032584619
0.286085254237646
1.09960983533521
2.46157969897153
6.06732704002829
0.234286632332184
5.26745146083948
0.0890451017425398
2.06308582210865
0.370458857323633
9.99595764257627
1.86748701253536
1.9343946398806
0.0317947307186542
7.58172280355004
1.55592556905506
0.400268111676283
0.370458857323633
9.71989086844061
0.024920713222801
0.024920713222801
8.00108990383927
9.41796316498908
4.96103988094407
0.142923517224746
2.59807380445708
0.840628936052787
5.79053988505732
0.387880613543395
9.98366895589243
0.236675802541925
1.98596766361962
0.950692501071866
2.9204487158217
0.131820420290199
1.97377205401337
0.390754322612263
6.08703647638217
0.0638729582633557
0.472739669403457
0.0638729582633557
0.686561162848936
9.7236533300081
0.00284119707974503
0.00284119707974503
4.33932861792587
6.69508854473111
0.73432115876486
0.792485264855107
9.46627682303253
0.50506299146245
1.00388898073052
2.75471479312857
9.67423542289181
0.0129325976377169
0.0129325976377169
1.83109562196848
8.85352636964791
1.56427122198093
3.81272883344971
1.35099998300217
0.714453874218978
2.07758691675596
0.367320683566711
0.0682252845785463
0.714453874218978
5.92789482958809
1.15018441107176
1.12862110156068
8.58366293875441
0.728754179917331
1.12862110156068
1.31620709550531
0.618924749565913
0.622485908721851
0.622485908721851
1.30923133347285
1.28531416837487
0.389701151638913
9.78355710690538
0.982530417647197
0.0168846433080472
8.55335406516265
0.0649147653226528
0.0587208944290081
8.48570365467231
0.42574512272052
0.391186784323268
2.88541071765723
0.248450562890761
3.34109402555502
0.195408604842718
0.195408604842718
4.35581506107103
0.402630960136162
1.92484547217314
0.372456182636905
2.05395654782475
3.97021345550168
6.08703647638217
2.68975619006394
0.264589861219059
1.18315679735913
3.37514103496007
0.193121122571798
0.226995171939097
0.477739096158982
0.642435144450188
0.489698182161337
1.6262452628883
1.66193670841588
0.489698182161337
1.59737506900024
8.21117157610629
1.14976601990768
0.836212392139206
1.18396377897842
0.833641274451791
0.868911026386963
0.950935280719265
8.83031508665121
2.2874218031779
0.326175639063972
0.326175639063972
1.28880641147859
5.40539036482953
0.0670376144090804
5.97050386192605
5.97050386192605
1.93959162847407
0.084284095613773
0.084284095613773
0.188015035740454
0.0012671124489444
2.41677869143624
1.99807161413053
9.89701167978215
0.0012671124489444
9.87485858078224
1.0295671457828
7.17734461516606
0.30422804035748
0.771976064127689
0.747886982600933
1.10090715174675
1.06774158298255
1.4483922052057
5.16316466709338
2.21048483322569
0.368984864448774
0.64778474428087
1.26158481670812
0.64778474428087
0.0892740520809092
2.30547134839772
0.322971580152724
0.322971580152724
0.424639929990324
0.134894820950913
0.212152301220644
1.84002288754546
0.168681612843546
7.50296474342083
1.69920894183906
0.0331702548539562
0.217095475807268
5.17718210965366
7.17384773621935
3.32699818194465
0.196627467627171
2.86158637987925
1.12098724711621
0.210617373996042
0.210617373996042
3.17310445062553
1.24621822119536
0.933315220580709
2.64855253523857
0.214499380566127
3.13281997442797
2.80713891098577
5.26099211532309
8.40304833919467
1.21544505543932
1.18765704896349
0.690741322643391
3.85232362169759
0.157076901548403
8.96533978033704
8.00309217745824
1.19005021046829
9.99088626422508
8.44930607706439
0.064304959366991
0.0183192932903623
0.0183192932903623
9.97157913308521
5.71645969555292
0.909943629827016
2.92701942747764
0.235943036668395
8.64773057141521
9.93222242445344
0.235943036668395
5.05290083375273
0.192505344866024
3.68925175177863
6.22198654281848
5.83300738814155
0.206713963546283
4.67909213179163
9.63874029176339
0.206713963546283
2.07779517008813
1.38674390513624
0.419870902735399
0.895543902215592
0.895543902215592
0.894191236866917
5.17875844217575
9.85504164782223
0.22700260095305
3.00955252202424
9.78787566644049
0.802296576890766
1.02851110764308
1.12681361626029
2.14121945415932
0.729975679974283
2.71142930930883
9.42524167380546
0.0130155283951065
8.84701374178119
0.0130155283951065
1.90434888279145
0.40777862901214
0.338262378509604
0.143577179605018
9.32663870990553
0.030299811959264
6.28662961664276
0.030299811959264
7.66918810820751
0.802296576890766
1.02851110764308
0.152263197130353
3.92746055933272
1.04091417704038
0.0659388949850417
9.99999999993306
0.0767266582680857
0.0659388949850417
6.01046151656564
9.95549556970705
0.089749136839927
5.24763808036515
0.089749136839927
2.85823914664072
1.27559533980829
0.142923517224746
2.89135978947066
0.0202432945368303
4.97434503178601
1.59985036014943
0.31648982911992
7.44667256776976
0.569679237458889
0.0341709996510931
0.0719880401397613
5.79676454457541
0.0719880401397613
0.961584752999036
0.859190342985563
0.838143368058201
0.909090909090909
0.826925627312976
0.998531623125176
0.826925627312976
1.11671905505788
2.49378949039317
0.8850539903452
0.93371376689256
0.838143368058201
0.128800976031987
1.36098586167704
0.128800976031987
4.33874129713604
0.59687421375351
0.985398121087279
0.938686642447678
8.51886098627387
0.938686642447678
0.880337640076206
0.122830125726822
4.45716992534518
0.0268735655624868
7.87736648102157
0.746368149137622
0.401207915726475
1.93058577290346
0.401207915726475
0.909090909090909
0.909090909090909
4.6253866842299
0.114863448538971
0.114863448538971
0.010915679059367
1.10306145785893
5.29513571451598
0.125445290034988
8.07744079288249
0.0625883368359776
6.55320252734926
6.13562677670283
1.38068390926685
1.17521250123242
0.261822723908488
5.31822909686309
0.0625883368359776
3.0329241717518
2.71103991358274
8.71744745780162
0.0214180228179797
8.23289242648301
0.0214180228179797
4.78448401825864
4.43698875519341
0.13110164732707
0.422166040974264
1.84920124986907
0.422166040974264
2.858008294011
0.189766032986528
3.94964588181054
0.150876026800882
5.55758819707077
3.08708101118681
4.92579339483689
0.00550974223680272
0.00140471386078951
0.118595199842533
4.54507105753059
9.86145530883641
0.00140471386078951
0.118595199842533
9.01488839863688
0.280816962202289
0.280816962202289
2.57115263680909
0.415986482433422
1.87251174281179
0.415986482433422
0.294068140111301
2.48152658263773
0.367103783885232
2.07859636555565
1.41941841993432
0.367103783885232
0.122318730410699
0.775438781216729
1.0631240216951
0.460652140969122
1.71556928487075
6.48318473657644
0.292201017870682
0.294068140111301
2.12330852055005
0.0778889254929773
2.98642153293248
0.0418987572108461
0.0384948496740819
9.37384495011775
0.357693989634715
0.932682487359472
5.60222971281597
7.21273787426346
0.229460066941172
1.10776145057119
0.113490138389552
0.167728563139169
4.79236960409849
3.69563022924158
0.743073339961302
0.168317855445156
0.167728563139169
0.366928045043551
0.107496925236381
0.132954789455584
3.68732314161257
0.478252451015327
1.66037434726732
0.478252451015327
2.03253353554687
0.729975679974283
8.1387188892571
1.97377205401337
1.81374389123468
0.431854201526706
0.593229219434959
1.36866184144483
2.41467414161179
0.304567051050804
2.64459461405983
0.270603498357241
1.87923028493245
0.132954789455584
0.789107689461436
0.414232420983732
0.385746318230868
0.893940837941145
0.924471669661485
3.98815705575247
2.58926297165166
0.27824658522569
0.791999250261832
1.04153566198089
0.706008210622077
1.16327849802247
0.148503800352362
3.38713047327262
2.89536384212105
1.20437054659565
0.680604099015354
0.680604099015354
1.17400422594194
1.20437054659565
1.02150974853899
0.807930663838672
3.9321993323964
0.151965616579977
4.13056867957029
3.54222207724058
0.384836136893618
1.99904537129198
0.504722850522968
0.672219374298935
1.21852579769487
2.15355872634483
0.832950238797858
2.15355872634483
0.248947209594123
1.14621978388255
0.351539423416752
0.991438911136256
0.148021898564328
1.58340222627829
4.43137349523408
0.820549300602322
1.0061394205746
2.30530949065611
0.434984824858412
2.32900204975797
0.323000098691008
1.80256025267152
0.434984824858412
0.00573703501879641
9.4571297101683
0.00573703501879641
7.31400294107458
9.4571297101683
0.401001393196321
1.93142155121725
0.401001393196321
1.93142155121725
0.86709247533543
0.952911327913892
8.46008286635599
0.235777235729325
5.13222236438351
1.07669478973673
0.765339405240199
0.0182147973638299
0.765339405240199
8.45680009235279
0.0182147973638299
2.06177017555307
1.09681275211987
4.07058770207853
2.81449993318652
4.08961724260131
0.0360186032666304
0.351539423416752
3.55557099597064
7.34490465088423
0.0360186032666304
0.0935507892120735
1.20228979787058
0.88603775256539
0.0363928633814812
7.32462336421365
0.863178975005573
1.19345749397462
0.687193523831604
0.957189038543824
0.687193523831604
0.378947849847836
0.964115509104417
2.02480956461532
0.378947849847836
0.839420885464897
0.983922302622695
0.240818148327292
2.88383404977282
2.93620060327861
4.89704362298718
9.60893724432953
0.349883933622377
8.00034594265993
0.0505700687612063
1.18648954927679
0.691459279761947
0.240818148327292
0.384836136893618
6.63010817222075
0.0505700687612063
0.0122700208893357
8.90590155744349
0.0122700208893357
0.0282363365452302
0.0511776770056469
6.60323424705774
0.552196563543098
1.84220908025509
0.851303954090464
1.03799803528974
0.794772833360865
9.19886274715401
0.424048554464255
0.424048554464255
1.46098261274303
0.0511776770056469
0.970384409175234
0.943210400837136
0.876086258237924
9.64505139905169
1.56384687978725
0.00367875721233193
0.443211273863746
1.77378588774281
1.16361972028503
0.70579046104067
0.380105881323962
0.70579046104067
3.2242069582318
2.95504170190632
0.205828229369358
0.23285336610567
1.57325922178271
0.372137127016265
0.511837766629812
2.05540969851628
0.338342950701262
0.372137127016265
2.22127728639464
2.58991656701742
0.571227777629169
0.377834381503454
6.46971598048752
3.09855700635981
1.56384687978725
0.338342950701262
0.909090909090909
0.909090909090909
0.909090909090909
0.477535919927783
0.477535919927783
0.0865917379499443
0.0865917379499443
2.61567129460826
1.66255582751026
5.33765753819348
0.165484893044136
1.28843913257431
0.633312554287616
1.28843913257431
1.16361972028503
2.51189770641696
0.443211273863746
1.84659858486135
0.349221829217126
9.97537609231072
8.99219258918078
0.349221829217126
2.16516424626941
9.58939603997505
0.774683647090906
1.0641278856658
0.990623440395831
0.774683647090906
0.297189508249974
6.72619210360044
0.048436776353228
4.83503189631056
0.0776419483914231
1.03424529849193
8.70535270159484
8.44120893105805
0.782534367136054
1.07668309789353
0.510384963691299
8.12574591206245
0.310628284054252
2.37763156028097
0.691459279761947
0.765348006141173
1.56780292924455
0.0752195760680555
2.81449993318652
0.50889658812907
1.5718753891411
1.49657445142303
6.80272329123438
1.5718753891411
0.999433811312951
0.826164868274072
3.15266684976725
0.212574826455828
2.02480956461532
2.00645198231163
0.212574826455828
0.909001026421003
6.04649156563194
2.51237750017035
1.51032786279996
0.366928045043551
3.99607000255362
0.884942056421641
3.54089265517889
0.93383123780782
0.884942056421641
2.07941493852086
7.25988415932948
7.47860611003674
0.0336014706312241
5.36528366481699
0.0457926672165743
6.84915891100505
2.00601119112205
1.61838684286344
0.492397985611532
0.261772487963568
0.893682140444299
0.276373010176568
0.109406776128333
4.74795479421462
0.521873412938091
2.71142930930883
4.54249883845908
0.440186355302164
0.11871684770634
6.80071953922066
0.332715219816628
2.2514097407973
6.34652249250041
2.98714034807857
0.0609755403977388
0.0572371099670136
2.4616778664449
4.90594853811653
2.6028964005943
0.0299680048960131
0.261772487963568
7.68887236483072
0.613017157997532
1.32793261474156
4.04238617824519
0.613017157997532
1.32793261474156
3.64267253719651
0.171530108513602
1.6088770588794
0.0363928633814812
0.338830678834265
2.07941493852086
2.21870216161391
0.47553795017454
0.47553795017454
1.668667289297
6.45818709277879
0.0545430894890715
0.765674424250841
2.0517877516533
0.372933167441593
0.450419930752155
1.07623954504754
0.23212043130487
2.96176545281513
1.54614400019121
3.22465019131059
0.0724218078090997
6.92665267665268
5.78201371827293
0.0795883860452832
0.205787334964666
0.205787334964666
1.80924303874832
1.74927731867649
2.40700584509067
0.450419930752155
0.0449614048128152
1.50284277704719
0.535148030802433
1.61291128028305
0.4942937803367
0.535148030802433
3.25956161628559
0.633312554287616
1.32420351228084
0.0145201361652943
1.04536350024554
8.73047917446052
0.789017416624227
4.04576978483311
0.145037212494607
0.384541340051543
0.372933167441593
2.00032039525249
0.384541340051543
0.23212043130487
6.60570279989585
0.737494401808832
0.971416900424756
0.016864666353913
8.55482077292272
0.245337284542466
0.016864666353913
2.84488784182921
3.39946270155387
0.245337284542466
5.10754265902997
2.77941835030585
0.253209442315457
0.253209442315457
0.797733962268197
0.310260525239166
0.4942937803367
1.81700128119646
0.430949229404967
9.56237670758886
2.87848255396127
0.241432109379199
4.42547245613113
1.5572644841598
5.69514602304675
0.55033817481394
1.46543919881535
4.70706146103693
0.111196401626205
0.851303954090464
2.37821065157759
2.54179744202578
0.285058136647124
2.68934527858877
1.11759577334398
0.736261466507898
0.26464369995978
5.68861663793344
1.47151147855094
9.09755723272851
0.547822998559759
0.417274495052884
3.52606697345456
0.180291903237402
0.278782952191527
1.47151147855094
0.0745142789197704
0.00990978614067279
5.71188068381837
1.86760725392878
1.06715642938415
0.0640952803532645
1.04802024226168
0.0217379439966629
8.21117157610629
0.0217379439966629
0.26464369995978
9.15771031451103
2.58546360356662
0.547822998559759
0.0745142789197704
0.417274495052884
0.0640952803532645
6.07870398330303
0.78695953058539
2.83596833907581
0.78695953058539
9.87912046284912
0.235881687173971
2.31070815642098
2.92757084513515
3.81752311817259
0.370745657845082
0.235881687173971
0.145469520626911
1.27932653936967
4.03849662100878
1.10055755564177
0.145469520626911
1.42506357540761
2.08183562234039
9.66521790388614
0.366409121380475
1.88094974672537
0.00346258282398086
9.66521790388614
9.95715679379263
0.00346258282398086
1.03929689272499
0.175756206780767
0.107496925236381
1.59156471013971
0.048436776353228
0.0268462748312491
7.87906945226239
0.0268462748312491
9.72683307824452
0.288318012689447
2.51966899897
8.16970461620807
0.288318012689447
9.96691946526053
0.143577179605018
4.18161319890609
4.07052346378154
3.00962297337071
0.162912644429242
3.70243822273912
0.00188491267799357
9.81496166512354
0.00188491267799357
0.637967272873535
9.99985301637479
1.57532727383896
2.63725153212212
0.507640678907603
0.283767468236509
6.66744715518815
0.0497338590958348
1.73763514644023
3.19220974666701
0.453911546883613
7.00382438792802
0.453911546883613
0.060868564289155
1.04091417704038
0.684866451295699
6.20188379004652
0.060868564289155
0.0148458979018728
0.674028870586107
8.70564695765716
2.21499718178056
4.21659923949006
0.332715219816628
2.3163687166392
6.71309679171071
0.176260610633598
2.29997146515465
0.176260610633598
3.57880174986509
3.57880174986509
0.307596624940038
6.24350581179787
0.0598065892825887
1.89152252028666
4.91637695528377
1.4164394771337
0.571370757835406
0.571370757835406
6.61125045559019
3.83350137073259
4.80464582399611
0.179060028566743
0.106975144226149
1.51303714376208
2.77538534267227
2.2742987264219
0.924329735481576
0.531130038574904
0.22512580673437
3.02745268514375
0.22512580673437
3.83463347387415
4.33792798624734
0.460652140969122
0.933232585219614
4.94395706628083
1.01813837139952
6.7975455392534
3.95657832667853
2.33845821297802
1.61782847502064
1.35291544206013
0.946715269613391
1.03073297500292
2.40338639719161
0.0743396601058179
2.17399881268246
8.85614532342412
0.194745298435075
0.758636452885184
0.0813254211107316
1.08587774956502
8.65373576528472
0.264824542411367
0.0402579224099221
7.1214598246395
5.69301680878841
2.68796592669654
6.00641254649183
4.89947426013727
0.892682630803825
0.869134927239588
5.84747841951943
0.103030943200458
0.925770127868677
9.96542858848932
0.103030943200458
0.0660495753043273
0.198551246769597
6.00641254649183
3.30498355661434
4.13210048327944
0.140019286314143
0.0660495753043273
3.35464385123949
0.041484799305152
7.06767047108217
0.0413179104483998
2.82202623001017
1.17176792900135
0.413785419077177
0.950692501071866
6.46485839701441
5.84747841951943
0.19199972894417
3.38113945952278
9.93515606949668
6.36318377306961
0.189766032986528
6.06716496575098
3.40788877794297
2.85522178284281
0.244126576589527
0.350835536835332
0.0572371099670136
2.15707090088308
0.195598669052111
9.78276880198218
3.19843916677354
9.92809033472837
1.55359100217574
3.76490925697709
0.253706095209736
0.601338915352677
0.515636442161268
1.94211134326215
0.39837482467184
6.58462735928706
0.0516012328628743
0.0516012328628743
0.175085777261026
1.51411798659909
0.530707010737611
0.530707010737611
0.497257000476306
1.93620247119901
0.399823275204873
6.26106197608897
0.50889658812907
2.21141288545917
0.340217155671399
1.27968717967247
3.51959888573542
1.0452472387815
4.25991793642434
2.63550487750333
1.13352085500905
2.03811607800062
0.168317855445156
5.02401704320621
0.160708582268953
1.99511849694061
0.098072561753649
0.375962253691733
0.191496473446661
2.40083699490987
5.36149959528593
7.06637574107538
0.601358639838187
0.0413436208470448
0.0413436208470448
0.521844226599229
0.191496473446661
0.521844226599229
0.557106034764771
1.53710013661683
7.42937761540298
0.187791647255144
2.60261923576326
5.69098155221826
1.88094974672537
0.598470974647617
0.588159411133485
0.385451480468574
4.78082416354744
8.81847806053784
0.358273610327323
0.107990040189808
1.99638893203524
2.12050140793494
0.107990040189808
0.0462921936084247
1.02837548847582
0.80240504799274
0.80240504799274
7.73788731646093
0.0462921936084247
6.82558974082808
0.67615465523435
1.86110529365573
0.418991960734515
2.84925276392242
0.679843801274796
1.2056415627922
0.316645577849839
0.244824862624713
2.34192100767773
2.09628948104666
0.363334433043847
3.91418851757804
0.158925280678976
3.8242117905888
0.158925280678976
0.9369502482798
0.099545998237088
1.86528352144605
0.417886995005799
8.17571980745
0.0222637114607121
0.0222637114607121
4.73221380176749
1.82806435317986
0.427898489527178
1.40295669367442
1.44621162377733
0.558432585361989
0.558432585361989
9.90436569288599
0.0467270860569656
0.005801166835756
0.005801166835756
0.513387995923903
1.55964616680493
9.45139079436656
1.1767678966011
9.24064938005381
0.0915689787888837
5.19709419812811
0.143845587377935
0.0915689787888837
9.79076812309906
1.87037515165661
0.00610851550283201
0.00610851550283201
9.42398269502637
9.55331179835156
9.5818883193288
0.00242368965531943
9.76331029219178
0.00242368965531943
0.0422433711222122
0.314083163599624
1.92422910132214
0.402784240632166
7.02135863058125
0.241713047390691
2.87604019561563
0.025772810025715
0.0253741153921553
7.97202369744818
1.12930230333606
0.289411346542727
2.51233006511646
0.0253741153921553
2.51233006511646
0.289411346542727
3.55562522942055
1.13456873273547
0.999791815488652
1.21973188023935
0.0870250529961775
5.32512447472467
0.0870250529961775
6.26821284689661
0.234330321952795
2.94158178693528
0.234330321952795
0.387397808949126
3.14433540695595
1.04835879372794
1.53142913928573
0.873070729821392
0.946443065413604
0.0347264285908104
7.41578772494691
0.264358648399182
3.09974557706243
1.02713639614523
0.0347264285908104
1.19462579542403
0.686482784464265
0.881979327540904
0.197542211972532
3.31649499353737
0.197542211972532
4.43948244618003
5.19254789930126
0.0996353400012575
4.9840994607333
0.0996353400012575
0.0181640739305592
8.46044250493507
0.0181640739305592
1.39489620050136
2.51988963568491
1.96237970544763
0.288285237656192
0.393469442997465
0.288285237656192
9.88286544858318
0.00650065758266831
9.38924058610301
0.00650065758266831
9.40060728574718
0.664323300148384
0.664323300148384
1.23213967275209
9.97399952362651
0.361208341546374
0.361208341546374
2.10639652033521
8.1801687837437
0.022197483900971
1.14649194606479
3.03929520950756
7.96768740582136
0.025442036989028
0.223895903253189
4.01555801686435
0.716867555382901
1.14649194606479
0.619108609064221
1.31584525399349
6.80519997962386
0.0497338590958348
3.37724359527295
0.192327918495895
1.08957748750299
0.100208395819874
0.755965110600603
4.69267003901611
4.9696174341375
0.100208395819874
0.112295182102298
4.68229407092379
4.70097273131549
0.112295182102298
4.73419959697571
0.225300797342319
2.20964509921222
3.02577498572378
0.340554720305045
0.340554720305045
1.54680104327394
6.82363063497377
0.0463338680863858
0.518177391528916
0.654471879395881
6.06669025645003
4.32967609369026
0.129271170506597
0.098897297679962
5.00287328346114
7.48422534515452
6.90936776790708
0.0461599468492175
6.83181397187734
0.349906878193956
0.0461599468492175
2.1617213942822
0.14043787991522
4.12476162297319
0.14043787991522
0.337741568377827
2.22446036849361
0.572993335172555
0.337741568377827
1.41278641074919
0.572993335172555
1.41278641074919
9.57481409549066
0.0711346930809973
5.8260006807806
0.0123601381710395
8.89874202068086
0.0123601381710395
0.0711346930809973
9.42403618773767
0.00610791392410431
0.00610791392410431
4.87573845599089
0.10400408423978
0.10400408423978
4.87573845599089
0.268594291032406
0.268594291032406
0.796339993364378
1.03600883619557
1.03600883619557
2.65952000245723
0.322554658528182
2.30784008690281
0.362213395833727
2.10160711845074
0.322554658528182
0.0482628621185349
6.73414630790927
0.0482628621185349
0.339586874708044
2.21472084322539
0.019732781413165
0.249008537867647
2.81398909411403
0.019732781413165
8.34921098142513
0.249008537867647
4.62747746823983
0.193069468203382
3.84062278713664
2.27388113229939
0.328611279664774
3.49170938276482
0.182982026740166
0.182982026740166
2.8808053325966
0.00617977181730497
9.41765079198251
3.95433422685891
4.55039168532317
3.75828987285983
0.163365318759087
0.0710478054416513
5.82899376599144
1.18589018565264
0.163365318759087
0.0187678632011655
4.94836911842708
0.17453483771946
4.41101660030897
0.125119777678073
0.125119777678073
4.63159143750041
0.736476822240394
1.11728241470707
0.736476822240394
1.24748864672214
0.0500709059240996
6.65234739449195
0.0500709059240996
0.958524416163526
0.861963765408904
1.76320208634655
0.446301013854893
1.74791450592004
0.277125378045556
0.220920350931672
0.0545322922192667
6.45864241187434
0.0545322922192667
1.3462180622715
0.14243041503639
0.70665474108788
1.16226644320191
0.70665474108788
4.0901741241015
3.55853128106914
6.95604728931783
1.78693783581409
0.439420082845173
4.01822393488635
0.146682562654016
0.146682562654016
0.645680002515971
4.28971058196065
0.279802310818946
2.0521651142339
2.57827245101216
2.57827245101216
0.279802310818946
1.07937966153092
0.763368838036845
0.0359440981282258
7.34895534018496
9.30117135598724
0.0075076993826733
3.27245485514613
0.201439772893326
0.00719683640946197
9.3281824714674
0.00719683640946197
9.45739547084972
9.75344426993108
0.283444298918687
2.55289124800833
7.37116375611328
2.10622151668623
0.361244989224591
0.367580988105537
0.00329634585076641
0.00329634585076641
9.68078269620834
1.19847821756313
0.684148207859748
0.0751210718367731
5.69185458112154
0.118381120753168
9.88050634656425
0.365674057407458
0.611326186004148
1.33132469535929
0.714876297490846
1.14953660804366
0.830824842723855
0.993930647314511
0.545760999041924
1.47652490407131
0.231666099514134
3.35239730532932
0.194438402613916
1.73903983765794
0.453487920573839
9.23527203963521
8.60247333300808
0.0162192886178668
0.0162192886178668
0.0222157771004125
8.17893942137865
0.0222157771004125
0.716536025811487
1.14699783044909
0.838794604143204
0.58623774299138
1.38361303678891
0.838794604143204
0.984645296342527
5.40536488990791
0.084284952866529
0.084284952866529
0.375505882034828
0.250371604657055
2.04016477435789
1.56951579399637
0.509758073046325
1.5047733018612
1.10164033883581
0.74736945867127
0.107023122477566
0.107023122477566
4.80351444320323
0.0435783698432928
6.95559714149697
0.0435783698432928
7.26827856620742
0.534383220892889
1.48343067180228
2.14731297271948
0.446097137435098
1.76389677448041
7.48357708686374
0.0335132455259284
6.36097901062776
4.89922347024258
0.103041177008792
0.124162795778469
0.392327884705507
2.0288147262633
0.378045283048537
0.378045283048537
2.40698315626435
5.28852964622445
0.00233834222339525
9.77145646630816
0.00233834222339525
2.9979446281563
0.228231252858123
1.59849810059663
2.0837286453576
0.366004113986275
0.229330886301791
5.60357562954136
0.0778467167852287
0.146890880590175
4.01476243050917
0.0392276804231782
7.17451893388489
0.0392276804231782
0.140695722259158
1.80551473717626
0.528163521350843
1.52064728312886
0.528163521350843
4.48031791271115
5.38045144353804
0.0805071711234901
0.0851271257705692
0.0851271257705692
1.67620008451994
0.473094222110678
1.38590565743833
1.38590565743833
0.585178100849937
1.67729832405759
0.105620273837213
0.681139989258639
4.23423211979843
0.0761977858000163
0.0761977858000163
5.65665717313533
3.33699661779866
9.93280645737617
