110
18
27
19
73
93
45
2
113
29
118
119
63
120
86
30
71
36
57
16
83
53
121
56
122
52
14
123
124
101
105
8
106
78
5
50
95
69
103
12
125
126
38
75
10
91
17
13
26
42
87
82
127
98
54
128
9
129
20
130
3
40
7
131
132
133
77
67
94
11
134
80
6
64
28
114
99
39
97
31
15
135
81
136
89
44
32
68
137
138
23
139
140
141
115
142
116
4
143
72
58
107
109
47
144
46
51
62
25
37
55
111
96
48
102
66
145
24
146
92
90
74
1
85
147
79
59
148
117
112
149
35
22
43
60
41
84
33
150
151
152
153
154
61
108
155
21
49
70
34
65
156
157
100
88
104
76
