0.0
0.6952410621392742
0.045640821313192866
0.0
0.7576057295636089
0.2576254196877432
0.642642028881105
0.7995069873684879
0.03933296544400267
0.25727772388362147
0.0
0.0
0.0
0.3243212969085148
0.0
0.996965840960933
0.0
0.9718932097841426
0.0
0.0
0.0
0.312250327915569
0.0
0.0
0.0
0.0
0.0
0.0
0.0
0.0
0.0
0.0
0.0
0.0
0.9798081916964363
0.023868337552485595
0.0
0.0
0.0
0.0
0.9684035423235957
0.39519022445011964
0.21504135743156463
0.0
0.056825767747578845
0.0
0.86916810545395
0.0
0.0
0.7082454764221068
0.0
0.0
0.0
0.0
0.3430911418331436
0.829827199935155
0.19850791716039728
0.202708067407072
0.8879223334973024
0.1527215532500978
0.0
0.0
0.0
0.0
0.9999995611259194
0.0
0.0
0.33467736352070726
0.0
0.0
0.0
0.0
0.9417375808021888
0.03146244801385758
0.0
0.0
0.0
0.999961475395922
0.0
0.0
0.0
0.0
0.0
0.04112090842125106
0.0
0.11647418887308099
0.0
0.9624936652201367
0.8656319270339436
0.5419413530926358
0.295902521159804
0.730415810203635
0.0
0.8778397993486067
0.0
0.19774576704707428
0.0
0.16701826199015676
0.0
0.0
0.979232660326835
0.6804815179935902
0.0
0.8996592722920709
0.48279019585550426
0.22982538102651887
0.08024732451560293
0.0
0.4437965653574892
0.5205271257164352
0.0
0.37522598804470236
0.0
0.3468915105088981
0.30657139794175997
0.0
0.0
0.0
0.32513064175090745
0.4500940737759873
0.0
0.8525534290442165
0.016982208096357473
0.0
0.04108657180180124
0.0
0.0
0.0
0.0
0.0
0.0
0.0
0.0
0.30942169262541425
0.0
0.0645231077156568
0.0
0.8649864879839168
0.32898322305938715
0.7328764349606572
0.2595464173085279
0.45339761242683135
0.6887984182182192
0.3051714296453086
0.6721709150657013
0.0
0.016800598214827597
0.0
0.04351868213129246
0.0
0.6711495288160326
0.10292986495380943
0.0
0.667150780113782
0.0
0.0
0.22838386988039583
0.0
0.0
0.04539293200467166
0.10758830865500237
0.0
0.0
0.11176497334858017
0.0
0.0
0.0
0.23530540367231312
0.4230573836916358
0.0
0.9997947408097364
0.0
0.16879943650956786
0.0
0.0
0.0
0.0
0.0
0.0
0.0
0.0
0.0
0.0
0.0
0.0
0.2145983412953521
0.7055729674319642
0.9798206864451162
0.0
0.0
0.0
0.0
0.6931783323941042
0.0
0.0
0.0
0.022936828797490694
0.0
0.0
0.8288107407598847
0.4784817261240361
0.0
0.2544240615566322
0.0
0.0
0.20605286342929788
0.16693053752228373
0.0
0.0
0.0
0.2080521140191532
0.7404343578952743
0.0
0.0
0.08145565034331484
0.0
0.0
0.0
0.0
0.0925280072681288
0.9999999960823159
0.18230820368664535
0.0734749890919316
