338
47
48
158
159
49
100
222
296
324
187
71
72
101
73
12
223
1
122
188
384
123
385
189
160
124
50
102
125
25
386
126
224
51
297
258
161
367
162
2
52
225
393
298
163
299
164
190
53
127
103
165
13
368
374
74
300
26
27
104
191
192
75
128
403
339
166
259
346
404
260
3
226
227
228
129
167
130
261
168
262
14
193
194
195
395
131
282
76
77
229
196
28
375
29
15
358
230
340
54
376
105
55
132
263
301
78
30
197
377
347
378
231
56
264
198
16
325
199
106
359
133
265
107
31
134
135
348
387
266
232
341
349
32
108
233
311
109
267
79
33
302
136
57
4
58
369
360
388
312
80
361
303
400
17
326
18
268
110
350
234
235
407
236
111
34
200
81
59
269
82
313
35
396
405
5
169
201
342
202
270
83
6
314
283
271
351
327
406
7
237
8
203
284
112
343
204
397
238
205
206
207
398
36
113
137
37
315
362
208
60
84
328
85
329
370
86
330
38
19
61
138
379
139
140
39
87
141
239
331
240
142
241
242
363
88
170
304
89
40
171
209
305
41
90
9
306
332
114
364
365
115
371
344
172
10
173
352
143
285
174
316
91
144
145
62
272
394
307
11
317
146
372
42
243
116
244
353
245
147
286
117
63
64
287
148
380
381
333
390
273
210
308
373
65
246
288
318
366
118
399
92
289
408
149
247
274
93
66
248
211
119
290
249
150
212
43
250
251
175
176
20
354
151
319
275
213
252
152
177
67
291
178
334
335
253
320
153
94
382
21
321
120
276
179
277
254
214
154
278
44
22
95
68
180
279
391
355
215
45
181
216
69
401
402
309
345
392
336
121
280
356
292
96
182
70
255
293
256
155
46
294
337
156
217
322
310
323
389
383
157
97
257
98
281
99
357
295
218
183
23
24
184
219
185
186
220
221
