336
59
122
199
296
75
128
187
303
333
140
72
62
103
41
32
175
18
93
179
397
204
391
322
182
131
184
64
117
45
345
147
294
60
289
186
195
302
169
15
160
312
400
321
255
262
280
225
14
106
89
233
40
381
388
130
267
48
31
97
218
318
166
153
404
355
244
207
275
406
287
3
213
261
200
194
197
167
264
256
243
94
176
313
155
401
183
171
138
114
202
208
38
339
100
92
372
222
272
102
357
91
30
85
253
326
52
47
210
368
308
392
99
24
250
95
26
295
107
146
286
235
245
221
39
157
108
311
380
306
292
328
376
33
105
173
249
188
228
53
42
307
83
98
8
46
347
282
356
343
67
284
211
389
25
375
71
231
142
337
238
177
408
252
127
133
223
80
58
314
54
254
115
366
396
13
266
229
362
300
163
28
6
344
258
269
348
338
394
5
232
23
239
346
192
350
304
373
316
164
283
217
399
34
113
120
43
299
331
334
104
193
370
77
383
364
68
189
57
17
50
141
363
170
73
1
78
137
246
276
257
35
270
382
390
56
116
219
82
27
124
332
268
7
61
12
361
278
65
359
330
126
320
365
152
2
209
369
158
234
198
227
144
119
70
51
319
379
310
10
352
180
341
111
241
145
279
386
129
132
340
36
136
63
212
178
384
374
335
405
297
214
265
367
81
224
324
351
360
101
398
215
305
402
150
323
277
123
96
285
181
37
349
236
110
216
22
151
165
159
121
16
378
109
298
329
185
143
161
55
49
259
288
271
327
154
315
139
87
354
9
342
74
260
118
290
242
251
156
309
90
20
88
44
203
317
371
353
125
29
191
206
11
407
393
247
291
403
325
220
248
385
273
172
134
86
162
240
196
190
4
263
387
84
230
377
274
237
395
358
112
66
226
135
301
148
293
281
79
76
19
21
205
174
69
201
149
168
