0.22886958160847756
0.9959319621317941
0.0
0.0
0.22388536960311486
0.0
0.0
0.0
0.0
0.3775118762343553
0.0
0.6884635756269379
0.9484364280979398
0.0
0.15749704968151598
0.5107570900971178
0.0
0.0
0.0
0.0
0.0
0.0
0.0
0.45268422417499
0.5771058383854147
0.0
0.0
0.44786151686949865
0.0
0.1999015166817484
0.0
0.0
0.0
0.0
0.0
0.0
0.9031363414319086
0.3059277756129171
0.0
0.8403862960276092
0.0
0.7699070645280645
0.0
0.17974195348242106
0.3523031708840791
0.0
0.0
0.39612286195358387
0.5948186623727325
0.6519724545314609
0.0
0.46987386696295674
0.0
0.9520243453925197
0.4600473028562744
0.0
0.05678208765222826
0.225769575002514
0.39983526854608026
0.3987713551574692
0.02372519336595192
0.5812033870463493
0.3368463535152707
0.43495420403717683
0.5773303658769365
0.0
0.0
0.0
0.32420511124969803
0.0
0.0
0.693764967618453
0.2602574679913681
0.0
0.0
0.0
0.25100718946829537
0.2773095442453088
0.0
0.4030394167692768
0.0
0.0
0.0
0.0
0.0
0.0
0.0
0.0
0.3242503113908843
0.0
0.20710420863879458
0.0
0.0
0.9808150320858661
0.0
0.6120919283984242
0.0
0.0
0.0
0.0
0.017690144920558662
0.0
0.0
0.0
0.21494220746576423
0.0
0.9294777025004513
0.5538823811690872
0.0
0.31225376086981993
0.34254875429940096
0.8978067049047828
0.0
0.23179791096236996
0.0
0.4425210912487222
0.0
0.0
0.7575297107418945
0.0
0.0
0.0
0.7457431615561582
0.30284621564411623
0.0
0.4826245175399969
0.6158560463807586
0.0
0.0
0.0
0.7349799134317848
0.0
0.0
0.0
0.2936117789381724
0.0
0.0
0.0
0.0
0.0
0.0
0.0
0.0
0.8647299454155822
0.0
0.0
0.0
0.0
0.0
0.0
0.0
0.0
0.0
0.8600362558804487
0.0
0.0
0.054487574072580716
0.7852353423441726
0.7948801579716629
0.0
0.8716155281285906
0.0
0.0
0.0
0.0
0.0
0.6622193854376939
0.3982782528026031
0.0
0.7122263247798701
0.0
0.8857479112022133
0.5958131997609847
0.0
0.1206143382377486
0.9223932611496809
0.0
0.9056670617914386
0.0
0.6843463676924044
0.0
0.0
0.0
0.27477148515901156
0.0
0.0
0.08644182419715014
0.612420362324143
0.08487895982988639
0.0
0.0
0.9694351966683541
0.0
0.0
0.020540345569717147
0.3547338188998719
0.5672681214458054
0.0
0.0
0.8258690996956266
0.7196492909997102
0.6506143145409122
0.5495254149944772
0.7094383069855672
0.0
0.6463879297021049
0.28212630065703753
0.0
0.8128691881067874
0.6995575479910574
0.16452216841829756
0.5265315225756872
0.0
0.0
0.0
0.0
0.7385666974018689
0.0
0.8602115465261732
0.0
0.0
0.0
0.08645010944878037
0.0
0.32516664929742667
0.406093719941583
0.6069994681384245
0.0
0.2757621831112897
0.0
0.8101793661386765
0.0
0.0
0.0
0.8954586013706994
0.22748171361531894
0.2735019252454267
0.05094280731912802
0.0
0.2616868996965728
0.0
0.6558970468311981
0.0
0.14346996369377552
0.7160659421077614
0.9892220835301441
0.6880212816972041
0.0
0.4539536891251608
0.5332520541979656
0.43322322515701384
0.0
0.0
0.0
0.6408182391654565
0.0
0.0
0.0
0.0
0.0
0.31062999772151706
0.0
0.9167463676774354
0.0
0.8700549121352292
0.10052368012137254
0.0
0.22319096991901977
0.17326213758028405
0.01174356782162448
0.48697621867912716
0.0
0.5286244961965191
0.0
0.0
0.0
0.0
0.0
0.24706039267983027
0.6331907225659198
0.0
0.0
0.4551990896547337
0.0
0.0
0.17373058670007402
0.9836040424213329
0.15405589581203497
0.0
0.0
0.12788748427274327
0.0
0.3510336198411402
0.3679616505480631
0.0
0.0
0.9590955423603934
0.0
0.0
0.8526935608614952
0.9835308923166141
0.0
0.0
0.18208491535906984
0.0
0.7655962831320391
0.0
0.8801729880564024
0.3228041847763921
0.0
0.0
0.014244288362970283
0.0
0.7103018387873075
0.04190827597767437
0.321369724111415
0.699775212222077
0.7587098593289949
0.0
0.4692895582151879
0.29815249182669834
0.0
0.6105657650685432
0.5508515477800664
0.6134416744711658
0.6997751698192273
0.0
0.7175262174546335
0.0
0.0
0.4332248385301456
0.7349291408209228
0.20360361733350477
0.0
0.8779684978208774
0.7425215027148074
0.795560775645285
0.08945499316637824
0.0
0.0
0.7679466349838301
0.26619512991490774
0.9083819508855241
0.0
0.0
0.7321826766112686
0.22092132435027134
0.0
0.0
0.0
0.0
0.0
0.0
0.0
0.8257998685186018
0.2803673245547259
0.0
0.0
0.3222903263223987
0.0
0.0
0.04824423715471733
0.0
0.7575196603120327
0.0
0.0
0.0
0.0
0.6164352715603963
0.686214158734654
0.0
0.27015911932201175
0.0
0.0
0.0
0.0
0.9333358778078895
0.0
0.0
0.5563763356085666
0.0
0.0
0.8386395721673174
0.0
0.0
0.31006479507986484
0.5111303252915087
0.0
0.0
0.0
0.5322333637290728
0.35119295265138323
0.0
0.0
0.0
0.9700033549615751
0.0
0.984097623800341
0.0
0.0
0.8158723654672884
0.11772979360416634
0.26806652303846107
0.11106555946523644
0.914394624874833
0.0756416751011643
0.6797003241138915
0.6303730830240857
0.0
0.0
0.0
0.13783832576266278
0.0
0.6741004546214876
0.0
0.0
0.7643089054597918
0.0
0.44506969151559644
0.0
0.6477436162104191
0.4026031319163113
0.04908958675187647
0.7714695569974326
0.0
0.0
0.008081992431701622
0.0
0.0
0.13174003613651053
0.0
0.8334456998202037
0.0
0.0
0.13031484723770365
0.34873843219405853
0.0
0.0
0.1909233574993873
0.11684482304373078
0.0
0.0
0.0
0.0
0.0
0.0
0.0
0.5021078659116262
0.0
0.21624134668445932
0.0
0.0
0.0
0.6434496435125371
0.0
0.0
0.0
0.7696261113527391
0.6327129271159672
0.0
0.0
0.4939135913516012
0.0
0.471519920071461
0.0
0.0
0.0
0.25623574642969016
0.19124400746781026
0.0
0.8351589872636092
0.0
0.0
0.0
0.0
0.0
0.06188249692067274
0.12099717286926258
0.9266378023704798
0.675355968143221
0.0
0.9562060120905427
0.0
0.7041363689935378
0.0
0.8153240839528741
0.44820521110176303
0.0
0.05612195671343257
0.4591724327127472
0.7500467463775978
0.0
0.0
0.0
0.661176515682563
0.0
0.710344639590557
0.0
0.0
0.0074961320228371115
0.11039845512548924
0.0
0.0
0.0
0.8775675096764968
0.0
0.11410015923923393
0.5211111741916166
0.5371534772593494
0.0
0.0
0.8111176475183345
0.0
0.0
0.24310497468637673
0.0
0.0
0.8502756471440849
0.15158206381698366
0.0
0.0
0.5924842781484286
0.0
0.0
0.07814780182350788
0.7405867851475342
0.0
0.06959740191972934
0.4706958759608735
0.0
0.0
0.0
0.0
0.23729948317669322
0.4943485264118346
0.0
0.0
0.5066782708091307
0.5162249539231039
0.826843045398843
0.3208814899810478
0.17617468947259288
0.0
0.0
0.0
0.7342959417885297
0.5133229716321902
0.0
0.0
0.0
0.0
0.7367769542917073
0.2227480784457852
0.0774880612911169
0.7236583509786716
0.40606334205632216
0.36614838664644545
0.061396108529147043
0.9661410555564127
0.6809214624945685
0.0
0.0
0.5778391950548268
0.0
0.4859489707944061
0.16037494019278123
0.0
0.36235398276305947
0.0
0.0
0.0
0.0
0.7848363873888732
0.0
0.0
0.760273497518424
0.8360352261434401
0.12160665113992716
0.0
0.0
0.27574238168406434
0.028320773111443702
0.0
0.5250551574912246
0.9507692369548943
0.0
0.0
0.29682680988744026
0.26378645871005846
0.0
0.0
0.0
0.0
0.0
0.0
0.9363215694520823
0.0
0.25060523929970135
0.8589249769967024
0.12044216301049192
0.0
0.0
0.10468903049414745
0.0
0.6727508787658921
0.1137066777577028
0.1103097965778316
0.0
0.0
0.0
0.01460908712723115
0.8423831938001084
0.5248875521339237
0.0
0.2932633634422254
0.0
0.0
0.0
0.444874593885614
0.7399957657281218
0.2728558507227232
0.16255091038236882
0.40985029696701947
0.21742562738405
0.4197199335033219
0.0
0.0
0.0
0.07771551901497849
0.0
0.8377802059797225
0.0
0.9048685827930559
0.028077854510585896
0.1657505209101808
0.0
0.6975776584666712
0.8739900302396192
0.9410881676397009
0.017655797041824753
0.0
0.9767698844282732
0.0
0.6955065635608911
0.0
0.06848244785824875
0.0
0.6317209736572675
0.0
0.0
0.0
0.12455958913525209
0.0
0.0
0.9102414280932187
0.0
0.0
0.0
0.0
0.0
0.2013166096998057
0.0
0.0
0.0
0.0
0.33848470021668725
0.0
0.17095605106649164
0.2761212576453342
0.2785728885411637
0.38923022782114364
0.1038961332993128
0.0
0.0
0.0
0.597086625757304
0.0
0.42068772041426283
0.0
0.35079383336056136
0.0
0.0
0.0
0.0
0.0
0.22832602335092864
0.0
0.0
0.0
0.6674661759645396
0.0
0.0
0.0
0.0
0.9118339066632963
0.32614939653598446
0.0
0.02120519409181843
0.7799615097161092
0.0
0.0
0.0
0.0
0.5773477252037622
0.0
0.05578587512595826
0.4248263806393052
0.11795238652631838
0.02928329056505351
0.0
0.5879570830845848
0.025753065100839755
0.0
0.11156217330181653
0.0
0.49538388004688927
0.0
0.0
0.0
0.0
0.0
0.6469663523939941
0.13979173809290762
0.49359528031242095
0.0
0.14454147593909247
0.0
0.0
0.9754331974177799
0.0
0.0
0.8055254626678623
0.0
0.5827507615426211
0.27603526984273075
0.40359453780674814
0.5883784985661278
0.0
0.8418344376829805
0.0
0.0
0.0440584529407226
0.5420040692677034
0.0
0.7504544765630411
0.0
0.051032906298028285
0.6928413522491599
0.667489934351822
0.2117725500279093
0.0
0.0
0.8396536268165603
0.5508970226554127
0.8680262387073563
0.9850281171330978
0.9656283892114098
0.0
0.0
0.0
0.7348419181806429
0.0
0.2831792788784573
0.0
0.0
0.0
0.0
0.0
0.33487132290052096
0.0
0.9453690194455248
0.0
0.15723294981396982
0.023476218997659313
0.35722749664793785
0.0
0.1097761357814705
0.30377744719991767
0.365371768186264
0.771022437893374
0.0
0.0
0.857615847708976
0.0
0.0
0.0
0.6103363480789895
0.0
0.0
0.0
0.45435253057585123
0.21334716853693197
0.19752939763924104
0.0
0.49121984373636607
0.0
0.0
0.0
0.03031758887877121
0.0
0.5300794769683519
0.7834473922638371
0.7882550491282363
0.0
0.0
0.0
0.035670286417485576
0.0
0.0
0.0
0.0
0.09968402210348426
0.20236226371913107
0.24764622298504377
0.0
0.9738173064790172
0.0
0.0
0.9663963178318612
0.0
0.0
0.6604757959785497
0.0
0.6414838663968823
0.46844039212227123
0.6827569350978296
0.46786660934297786
0.0
0.599381906132868
0.0
0.7219355308925495
0.7320725242107554
0.03372192018343708
0.6064522515355798
0.0
0.0
0.0
0.0
0.0
0.8496804302905938
0.0
0.0
0.0
0.8513306598650797
0.8373525890051233
0.0
0.0
0.0
0.0
0.7733661208882141
0.9505650365853519
0.657628411794705
0.0
0.0
0.9394779950581704
0.0
0.0
0.0
0.11853170040682622
0.006664478466557973
0.7719060713012205
0.5515600952023715
0.0
0.0
0.28421869132185423
0.0
0.2550998588120482
0.43440464774905263
0.0
0.0
0.0
0.0
0.0
0.8772521453555471
0.0
0.0
0.70763210518049
0.0
0.0
0.0
0.0
0.04011808999680351
0.0
0.0
0.8396013738638078
0.6769045119162153
0.6093130483749479
0.17539746975864082
0.7810595542937595
0.0
0.3265372988413259
0.0
0.0
0.0
0.9156295591857878
0.0
0.0
0.0
0.0
0.6230910616302259
0.0
0.0
0.671633733306124
0.0
0.0
0.0
0.0
0.0
0.0
0.0
0.0
0.6477675910289571
0.9185130210056035
0.5075208000062369
0.5617237693277626
0.36624820900924415
0.3070680015213379
0.7193409326470876
0.0
0.0
0.0
0.0
0.6168256545447868
0.0
0.0
0.0
0.0
0.0
0.0
0.0
0.24681958872307969
0.0
0.5725442084113358
0.16364443224017297
0.0
0.0
0.5780678192005255
0.0
0.0
0.048417607955152035
0.0
0.0
0.8098681319267944
0.014263306356592861
0.0
0.14541856433551575
0.0
0.0
0.48628471655891276
0.0
0.0
0.0
0.0
0.0
0.9239690174793032
0.36814554090448787
0.6741476224677637
0.0
0.10636618620954767
0.0
0.6127318721103974
0.0
0.0
0.5885917977602922
0.0
0.6850841859313404
0.0
0.7420533228801937
0.0
0.5908651125181731
0.0
0.0
0.23432162753543928
0.0
0.9152262927582262
0.9651801690070659
0.1534587996715053
0.2067906024060325
0.0
0.0
0.0
0.568896441907495
0.0
0.46429846479424824
0.0
0.0
0.0
0.033354177597219176
0.6652164783288842
0.0
0.3302325130877329
0.17729139235130947
0.20771848605111567
0.4165409003964527
0.4708239198858327
0.0
0.9901373834180816
0.985322200157988
0.2539456324302768
0.3475982784010071
0.687518084455645
0.7698937071820031
0.5466642307744344
0.0
0.4798122256285854
0.39808151959552
0.0
0.7507526033721946
0.14072888381765425
0.19817553421212067
0.0
0.0
0.9153746381570779
0.7114411280912941
0.0
0.0
0.7269229611245421
0.0
0.5926740637646359
0.0
0.9738533371786914
0.3012168081483153
0.0
0.965280064991921
0.7837929607098146
0.4786028688402797
0.0
0.0
0.25225609922046033
0.0
0.0
0.2419398812495407
0.0
0.0
0.4842572057766932
0.0
0.0
0.7607315920280755
0.14038847788393996
0.0
0.0
0.0
0.0
0.6729946387137524
0.0
0.0
0.0
0.0
0.3050647538597599
0.8615566193920429
0.0
0.8863383480462182
0.0
0.387254536190259
0.0
0.0
0.0
0.619347265036037
0.0
0.0
0.55832496551753
0.0
0.9307205840221775
0.44877638528900415
0.0
0.2870723542532194
0.0
0.6156134513017766
0.0974172608026279
0.07473311702121918
0.8687273718064512
0.0
0.0
0.0
0.637111045454225
0.15854823430960197
0.47588296273663894
0.9990970741033547
0.0
0.4114938253890776
0.0
0.0
0.08538330428597991
0.06155577598140802
0.0
0.0
0.0
0.17217124341708018
0.5172206764361905
0.0
0.0
0.5388223320773381
0.0
0.0
0.9645420039979098
0.8910379898070462
0.0
0.3333249981775813
0.5716910933978943
0.0
0.956107228546981
0.0
0.0
0.0
0.0
0.0
0.0
0.30659470319807874
0.9377998993116261
0.5094815943853317
0.0
0.041703164601840294
0.0
0.22494246837782764
0.0
0.14139136510688896
0.0
0.0
0.0
0.0
0.0
0.058730083447715464
0.22641403086725084
0.037927781995109905
0.0
0.0
0.6154608500992442
0.7736473550769982
0.0
0.0
0.2183957764687524
0.0
0.20810134842948777
0.0
0.0
0.0
0.0
0.0
0.16146181832730777
0.48797697839144033
0.0
0.6979100962951303
0.0
0.0
0.0
0.0
0.199057738415125
0.0
0.0
0.0
0.4930643057664759
0.0
0.4359345287967285
0.14245376094853715
0.0
0.0
0.0
0.0
0.0
0.0
0.9818405214369916
0.8035286729426685
0.0
0.0
0.2627667535010828
0.7250309322922036
0.5440820367179358
0.4049367218942622
0.0
0.003478449088661977
0.2246619062714917
0.0
0.0
0.0
0.0
0.0
0.0
0.6474514890570126
0.833955737765931
0.23184322426930506
0.9860374574363973
0.0
0.9233718726926377
0.11777295966483403
0.0
0.0
0.0
0.3647948485148171
0.0
0.8747500639059337
0.32598084127236066
0.4549283619426731
0.45441392872339986
0.0
0.0
0.0
0.004681853409159564
0.0
0.0
0.0
0.884310056154606
0.0
0.2007916228054658
0.0
0.0
0.0
0.0
0.0
0.23832280289130237
0.4758552951304718
0.43352348225619575
0.0
0.7229381001674924
0.0
0.984641072007267
0.11843213432588787
0.38731793536184145
0.0
0.6204845438545088
0.008618635392572668
0.38511424437219044
0.4313565137428662
0.0
0.9674579767604535
0.0
0.0
0.0
0.0
0.7939523545966696
0.0
0.8724783709008948
0.2897646285014543
0.7860432983852592
0.0015446499209394954
0.0
0.6427201912970291
0.0
0.0
0.0
0.0
0.8442841276489155
0.0
0.0
0.674417233341959
0.0
0.0
0.0
0.0
0.2772799309744619
0.0
0.0
0.0
0.0
0.8848484800281171
0.2803950188942118
0.7611710899741727
0.0
0.0
0.5874617739602725
0.48363513149954385
0.0
0.0
0.0
0.0
0.9402502519638279
0.16347402676259767
0.0
0.5562113713400648
0.0
0.59596760298747
0.5682571863725043
0.7328729851802895
0.0
0.7141075290546841
0.0
0.0
0.0
0.8449961911378719
0.8136099175222921
0.7504105371097094
0.0
0.0
0.0
0.15001969272732654
0.871496706961064
0.0
0.5126150137796308
0.6630304736248831
0.3397136875377971
0.0
0.899550898222075
0.18829550036435724
0.04162718237668226
0.0
0.32649387588065015
0.05521528150868659
0.0
0.0
0.5256397114989088
0.23874778791941179
0.0
0.14628594441811626
0.6068426698308445
0.0
0.0
0.1482594199359167
0.0
0.0
0.0
0.0
0.6091880885986979
0.911017252326911
0.745691289860166
0.10878681846748106
0.0
0.9496501531052838
0.014223016642601784
0.8991559978178892
0.02048558711091399
0.0
0.3548156101678953
0.8075887993465637
0.0
0.07491206254416254
0.0
0.11861744792380338
0.7215484876396693
0.7092654202946672
0.0
0.8192447985873563
0.2311021839331648
0.0
0.0
0.0
0.8076435308966112
0.6620469507353567
0.86903390918515
0.0
0.9622435371812487
0.0
0.27194352773121
0.039776200494185815
0.0
0.0
0.0
0.0
0.0
0.5164188066948405
0.7237822508053524
0.7841963835884205
0.11251764378521459
0.6098157349098302
0.547097631032131
0.821799965465886
0.0
0.0
0.0
0.0
0.0
0.0
0.12304091311424908
0.0
0.5656269771083531
0.0
0.9156683544298344
0.0
0.0
0.0
0.0
0.0
0.0
0.0
0.0
0.5165427353874669
0.0
0.9899534897712976
0.6535183109595949
0.0
0.24612178872877483
0.0
0.7678031644578714
0.0
0.0
0.0
0.0
0.0
0.0
0.0
0.0
0.0
0.0
0.7889145391983927
0.6490014184436572
0.0
0.0
0.7597568948863603
0.1891494545390102
0.0
0.8583066694397786
0.0
0.6651586392492503
0.0
0.0
0.0
0.0
0.0
0.9017077571958868
0.35268503588865163
0.0
0.0
0.26488669432586365
0.0
0.8775574682551394
0.32518591491201587
0.0
0.0
0.0
0.3275855610842467
0.48626246865403877
0.0
0.3482506082853947
0.13391882845472727
0.639571819178436
0.1835925341513345
0.0
0.46068436143796254
0.0
0.7127995684201471
0.6998877002853626
0.12522288839778714
0.0
0.21194809062570882
0.0
0.3831550893667455
0.20470204491485655
0.17306451717808202
0.47932382805008683
0.3219650921539294
0.0
0.4628353579056543
0.9235877217689921
0.22577891260804533
0.0
0.0
0.0
0.3587985054476952
0.0
0.6154496309255311
0.0
0.0
0.0
0.5174544411720846
0.0
0.5160264732008857
0.0
0.083743364194924
0.1942430078934762
0.8597846935661884
0.0
0.1650216052760187
0.0
0.7197402628230811
0.1587963403282634
0.5545024985384118
0.7330000039665602
0.0
0.0
0.9288388622564975
0.0
0.43230498372000814
0.871446233087583
0.0
0.0
0.7671873083978697
0.5879926488196593
0.7932642180282015
0.15326739577607948
0.0
0.0
0.0
0.0
0.0
0.0
0.0
0.7992122050291515
0.0
0.7028005116869626
0.7041603411162186
0.0
0.8825317691215468
0.887868238034513
0.0
0.0
0.0
0.0
0.16332243510343328
0.0
0.6454017651598898
0.46874036288673065
0.7188935667781025
0.3320556651174841
0.6650946295385136
0.0
0.0
0.0
0.0
0.0
0.04788241773275599
0.0
0.0
0.0
0.0
0.07251305847301731
0.0
0.0
0.1705169435157984
0.365597095281022
0.0
0.0
0.0
0.8243292246374935
0.0
0.0
0.44701078089270324
0.15582747609238093
0.0
0.8168948473207834
0.017314877813411882
0.0
0.2911318286356592
0.0
0.145107563675585
0.0
0.0
0.3073166588993584
0.0
0.41835159564573654
0.0
0.0
0.06960497282827897
0.7043461322040822
0.8522883531312861
0.0
0.75034892271444
0.45724959647313634
0.08385887509286245
0.0
0.2862456503998975
0.0
0.0
0.5358995792079004
0.0
0.0
0.06742111149208428
0.0
0.43152517509431676
0.1270853571167524
0.8700721897040425
0.7048612367194633
0.29613147514495497
0.0
0.0
0.64740952688655
0.37722065419036344
0.030696527538726124
0.3613084179655839
0.26900971918832034
0.17449515337634877
0.8318883379416185
0.0
0.0
0.0
0.0
0.11324696687815827
0.0
0.0
0.0
0.0
0.8100588498521898
0.0
0.14252417361809505
0.0
0.8981057354234505
0.0
0.0
0.0
0.0
0.03117308142421358
0.4107875931946437
0.0
0.0
0.35682195527493943
0.0
0.7065144563518526
0.0
0.0
0.0
0.9373281261827531
0.0
0.0
0.0
0.025410553217286014
0.3067954388422163
0.0
0.46687429028183086
0.0
0.0
0.0
0.0
0.0
0.09242030743524667
0.942320826495831
0.0800200272214402
0.39326882562354254
0.0
0.0
0.0
0.9469095050458188
0.0
0.0
0.1916590777156384
0.0
0.0
0.5994979145227094
0.0
0.626630322388253
0.0
0.9886384750778308
0.8772047913687426
0.7633468258773455
0.6788699270525449
0.6335421310633587
0.9133143575635881
0.36105843827306605
0.028148806519232326
0.0
0.0
0.9390874235195279
0.24857220645199868
0.02207303619777646
0.0
0.0
0.0
0.8095641761528207
0.0
0.9772111667147233
0.0
0.3635046964134502
0.0
0.6387967852104521
0.0
0.0
0.0
0.0
0.14478187614709218
0.0
0.6438247677995161
0.0
0.0
0.3479572163571087
0.6605836451094244
0.11170756349827446
0.46084167595430947
0.5401923362922569
0.0
0.04741987517123404
0.0
0.0
0.1874410970296249
0.0
0.0
0.0
0.6424782401596094
0.4504860204255315
0.0
0.0
0.0
0.11888870496668831
0.13007539144298524
0.0
0.5144582578145916
0.0
0.23663218415691772
0.6148061200045251
0.0
0.0
0.0
0.0
0.0
0.7769985952315376
0.0
0.015423843736148893
0.9656056147231091
0.3700070909019105
0.0
0.3234229036961009
0.2283750530498314
0.0
0.0
0.0
0.0
0.9184460967304232
0.0
0.0
0.35970862607569287
0.0
0.0
0.0
0.0
0.0
0.0
0.0
0.0
0.0
0.0
0.0
0.0
0.7645570612532337
0.6902980370686461
0.0
0.9694381310869142
0.0
0.0
0.6784278777479281
0.0
0.0
0.6544051793044684
0.0
0.0
0.0
0.4921295504335345
0.0
0.0
0.0
0.263206649319723
0.0
6.847268712819523E-4
0.0
0.0
0.0
0.0
0.0
0.0
0.0
0.5664730635822494
0.6999163245952962
0.0
0.0
0.0
0.47467426070381913
0.0
0.0
0.0
0.0
0.5405141396026736
0.5149582031629915
0.2471735019516241
0.3690367100862356
0.0
0.15386940897398596
0.02798580686617368
0.0
0.0
0.646506232265784
0.0
0.0
0.5636043740465188
0.26017321852095193
0.9903684559827408
0.0
0.0
0.0
0.0
0.48297332734917237
0.0
0.0
0.0
0.0
0.0
0.6974231253992108
0.0
0.0
0.22648419656948848
0.0
0.47456808445114407
0.0
0.0
0.0
0.13809986054347675
0.0
0.0
0.0039523607634145185
0.9282173431723733
0.08381928080224375
0.0
0.0
0.6302974297690562
0.0
0.0
0.19768653079608695
0.0
0.0
0.0
0.0
0.2536264787471805
0.0
0.3776754327787733
0.0
0.5528032321958259
0.14841040730541272
0.7014431117997368
0.6298863831556349
0.25108988862334486
0.6365302269045857
0.0
0.0
0.0
0.33328966952880784
0.17916941695460176
0.0
0.8132540055086835
0.0
0.3020416909952872
0.0
0.03995306746670332
0.0
0.2763118638148238
0.0
0.7822374735412242
0.0
0.9477754742838319
0.0
0.0
0.0
0.06697444872658848
0.21945823206929077
0.0
0.0
0.7073048288531752
0.45826470368991196
0.37193245298894007
0.0
0.0
0.0
0.8504325105635208
0.0
0.47642941051745535
0.0
0.6862972365691425
0.2200099321519246
0.0
0.0
0.18313308939902986
0.27157707872975595
0.5547905225111295
0.0
0.9426625652782157
0.8295819934303604
0.0
0.0
0.7330157391439701
0.0
0.0
0.0
0.4276801820458039
0.4057005793743177
0.08928718354706375
0.008091286262747273
0.0
0.0
0.0
0.5841997962501602
0.0
0.0
0.8896687778547188
0.1845913414217546
0.0
0.0
0.025077764044976636
0.5003572529735321
0.3379005662555935
0.32145350932211497
0.7283419974422869
0.25989811498872833
0.0
0.91778897965404
0.0
0.0
0.0
0.027121275518931245
0.871185174485523
0.3665712604949168
0.0
0.0
0.36409450181402364
0.5645072287185352
0.615082488831542
0.0
0.0
0.0
0.0
0.0
0.0
0.0
0.9268827916974286
0.0
0.0
0.22344074076992423
0.0
0.0
0.6874961252580543
0.46752798403487295
0.1267705712941356
0.0
0.0
0.0
0.0
0.0
0.7826393447525095
0.0
0.7429806316410688
0.0
0.0
0.0
0.0
0.0
0.0
0.11120062541371993
0.28006990011981037
0.25938773448920394
0.0
0.0
0.0
0.264685873900629
0.0
0.0
0.0
0.6817506284097642
0.40622132337003186
0.007190489752560439
0.0
0.6635906498109433
0.697411409623065
0.4328557500830192
0.0
0.0
0.360982210205077
0.0
0.5504277127016526
0.0
0.0
0.0
0.745794831819003
0.0
0.0
0.03593297983011223
0.0
0.16654611309563808
0.0
0.0
0.920602233807925
0.0
0.0
0.41163729432945134
0.7185236000883088
0.32611953137366206
0.0
0.0
0.0
0.6763553227763862
0.0
0.0
0.5015965342629172
0.0
0.20296661246900666
0.0315308839636277
0.0
0.0
0.5879409277053824
0.5423668943864185
0.0
0.9551132748358615
0.0
0.08652681741870037
0.0
0.628970977063245
0.32372789720642015
0.0
0.0
0.12283769177649378
0.0
0.0
0.0
0.0
0.0
0.0
0.3567150045272106
0.05850817134379464
0.0
0.0
0.06587862797712274
0.0
0.0
0.0
0.0
0.0
0.6794928077559653
0.6875062244103087
0.0
0.659705928105723
0.0
0.6550256897434215
0.11868614233425581
0.0
0.8500976556090646
0.0
0.9601023803129092
0.29565460197132964
0.4693131629175594
0.0
0.0
0.7168337458899376
0.0
0.0
0.0
0.5574659499698226
0.30318651540520775
0.09845851960415808
0.0
0.972632309941211
0.7898061815976515
0.0
0.0
0.0
0.0
0.8797056980305316
0.5205585530893113
0.44435439568351126
0.0
0.7915703328728826
0.0
0.0
0.915507955612203
0.0
0.0
0.5422109997445149
0.0
0.0
0.0
0.0
0.0
0.0
0.0
0.0
0.0
0.0
0.6711127308446696
0.16706391973363569
0.0
0.04636806697695078
0.0
0.9271708267627936
0.34273536028697793
0.0
0.4503704660856756
0.5887877559483045
0.30262784764972905
0.0
0.0
0.9783845747828482
0.16496879785238155
0.0
0.0
0.5102510924249343
0.9017449205215304
0.40568095974499535
0.5493822573269788
0.4082249952421855
0.0
0.0
0.0
0.0
0.0
0.053002924018763886
0.0
0.0
0.28295044472900716
0.2693777823667766
0.0
0.9520654534768527
0.2571103029000041
0.0
0.0
0.0
0.0
0.24170880231905262
0.3726189518916147
0.7908750977102376
0.0
0.0
0.3416832222325947
0.0
0.4661420915419843
0.0
0.7787335247865328
0.0
0.5510517310349732
0.27848451991306106
0.0
0.0
0.0
0.0
0.0
0.0
0.6754809851644439
0.0
0.14822108482267898
0.0
0.0
0.0
0.0
0.0
0.0
0.0
0.6483091847958841
0.5194762727306177
0.0
0.0
0.0
0.2304222782185283
0.0
0.0
0.41599043441151895
0.2837685396956868
0.0
0.0
0.1604687621204033
0.0
0.0
0.0
0.2545198331899352
0.0
0.0
0.0
0.06649123899948664
0.0
0.4042823835408172
0.0
0.0
0.0
0.0
0.0
0.0
0.0
0.8259040043438199
0.446396918907015
0.7745389015662826
0.10802317183943737
0.0
0.0
0.0
0.0
0.8595303162013939
0.2422196691652359
0.32422191304225456
0.0
0.8514968280662831
0.0
0.05412527673593274
0.8721206519049167
0.0
0.5769459773988342
0.0
0.0
0.9075548240993873
0.7437572325024199
0.0
0.6669156514116784
0.8540474716094892
0.07480841295664574
0.0
0.007777353182161078
0.9366187332596095
0.0
0.6064771079733321
0.6900559465751662
0.44365529081132343
0.0
0.0
0.44855667472495486
0.0
0.7207584420736783
0.0
0.0
0.0
0.7439820142286773
0.0
0.0
0.0
0.5413220620214031
0.0
0.0
0.0
0.804104938052276
0.009473154774011087
0.06435935918478672
0.0
0.0
0.0
0.0
0.0
0.6879414199087354
0.0
0.06684421344100255
0.034209804482667666
0.8423325718461676
0.6784979209747956
0.7730824758303649
0.0
0.0
0.0
0.0
0.0
0.0
0.0
0.0
0.0
0.9196749058425506
0.30741674699047905
0.49084262366236286
0.7677999150288837
0.2954096122345539
0.0
0.0
0.0
0.0
0.0
0.0
0.2488097855095267
0.7830208796819962
0.679243779573639
0.0
0.42838232586811864
0.0
0.0
0.42800691836049104
0.18618989470147101
0.0
0.0
0.6095554581567335
0.0
0.0
0.020996004520976125
0.0
0.0
0.34237147391023265
0.016429559591822167
0.324096546128095
0.9076490528276682
0.0
0.0
0.5596885825123903
0.0
0.5605378457095607
0.8416284213918216
0.0
0.0
0.6751828783170151
0.5025416015180025
0.0
0.0
0.0
0.5576059335202929
0.0
0.0
0.7847094752934007
0.0
0.0
0.0
0.05757726127659687
0.0
0.8612002031219689
0.0
0.0
0.053084011332866866
0.06670589418930269
0.0
0.0
0.7835166540275526
0.47542033701869174
0.32203647501543986
0.0
0.5442304385442335
0.012836626608535679
0.13634782827689287
0.17749926142471392
0.5349517842178443
0.0
0.2267721594572755
0.0
0.0
0.0
0.0
0.0
0.5329744769972846
0.0
0.47902780958125174
0.0
0.0
0.10709218649490594
0.0
0.929320157083116
0.10120349504179758
0.747714048203638
0.6797473607112189
0.0
0.0
0.2158368090994679
0.2811500786180549
0.0
0.0
0.0
0.0595004760940932
0.8974851135721269
0.6367025366541562
0.0
0.0
0.0
0.665429225406309
0.7766952750974614
0.9117855267980417
0.8977466096532355
0.0
0.0
0.0
0.7423661721909327
0.0
0.434296681399689
0.0
0.0
0.0
0.434300928591303
0.0
0.0
0.0
0.0
0.0
0.0
0.0
0.0
0.09189160103117228
0.6182070574024169
0.8110237945860814
0.0
0.0
0.3882447078359208
0.48501597025481963
0.0
0.0
0.0
0.0
0.0
0.33921885629940624
0.0
0.0
0.0
0.0
0.22560453634209726
0.3660835670270023
0.0
0.0
0.0
0.37486419182537056
0.0
0.0
0.0
0.9270776188420744
0.0
0.0
0.0
0.18140445335065558
0.0
0.023336299885481738
0.9854939378749221
0.0
0.21203425630577444
0.739699490719473
0.0
0.9305687798817007
0.0
0.0
0.0
0.9473144160262518
0.21345227415228465
0.0
0.0
0.0
0.0
0.424206522228099
0.0
0.7151633838056635
0.0
0.034525570980226086
0.9272604256292059
0.0
0.0
0.7752726807212801
0.13027061994969122
0.55635999976367
0.0
0.11277298633013184
0.0
0.41073546065043764
0.027506395297443594
0.0
0.6040886271811314
0.5965022331222352
0.5109620767173646
0.6373990154394594
0.0
0.0
0.8399491599750838
0.0
0.7686575631673506
0.030849952085992567
0.11286258429121312
0.35672939303069245
0.7811721975309978
0.0
0.0
0.5148207428578061
0.0
0.6075126049865945
0.0
0.0900278984411457
0.2704846751830324
0.5864003076627702
0.0
0.47261992692150195
0.21050305203798372
0.0
0.8410467135736475
0.5976168017860642
0.0
0.48340646227105766
0.0
0.0
0.0
0.5003082548944069
0.0
0.23224736392807666
0.0
0.4192397767545011
0.0
0.5916430455764597
0.0
0.46343690786726915
0.1488293915456283
0.045679956176885556
0.0
0.0
0.0
0.5944393787221954
0.0
0.0
0.0
0.0
0.0
0.0
0.0
0.0
0.0
0.0
0.0
0.5200554322537219
0.0
0.5672765044237292
0.0
0.0
0.17240322275136405
0.3398010705678873
0.0
0.19766160097259808
0.0
0.0
0.0
0.0
0.12043390999558126
0.0
0.0
0.5609238793173078
0.9413740620092814
0.0
0.0
0.0
0.0
0.41968751354876876
0.023387944850754943
0.4598889173733076
0.0
0.5501703192063003
0.0
0.0
0.6806164508207214
0.14967340550109795
0.9424797044460831
0.0
0.0
0.0
0.0
0.06887599730692472
0.889379336180239
0.6547850624016509
0.1672652059667471
0.9764911400137768
0.8198446499845465
0.0
0.0
0.8607792933406186
0.0
0.0
0.6022825480480284
0.0
0.22458759565047684
0.7306680024442805
0.0
0.0
0.0
0.0
0.0
0.0
0.24989364972539604
0.5180224641234266
0.0
0.0
0.3750943500050922
0.32351738088747956
0.0
0.0
0.2650495374523598
0.0
0.0
0.11090001077189687
0.6342647024473788
0.0
0.0
0.0
0.0
0.5635249362374355
0.0
0.8964751920350319
0.0
0.0
0.0
0.0
0.9971371152624432
0.0
0.0
0.0
0.8534908412940082
0.8455174583767407
0.0
0.0
0.0
0.6979498210298366
0.27003670864254903
0.5487992729708225
0.8581734271795557
0.0
0.0
0.0
0.0
0.0
0.4954140159403352
0.903452584999151
0.0
0.5111165490327823
0.0
0.0
0.7111768511370451
0.0
0.0
0.0
0.0
0.0
0.808751781509524
0.0
0.0
0.0
0.4844911778636255
0.0
0.9928743499678946
0.0
0.0
0.7141377306004404
0.0
0.09337273128333516
0.0
0.6351170266761487
0.07199342670309926
0.0
0.7928182289721744
0.503135700414296
0.19907461702086038
0.0
0.0
0.0
0.0
0.027079126935798607
0.5238639516299773
0.0
0.031056154501703966
0.0
0.3307915580918394
0.0
0.0
0.0
0.0
0.0
0.31110451398561256
0.05335471826211099
0.7415115992843575
0.0
0.8044779072122694
0.0
0.1752916681855112
0.18810455456537087
0.45585866490372157
0.3658722584666233
0.0
0.018753167246276462
0.0
0.0
0.0
0.0
0.0
0.0
0.0
0.0
0.0
0.0
0.7064649026945514
0.8792683373468835
0.34265437306260793
0.0
0.0
0.03606238148319177
0.0
0.0
0.8219086553206656
0.0
0.4349814278570743
0.0
0.6742339685270845
0.485472592751151
0.7500353028728325
0.10009229129016267
0.0
0.6667244306389771
0.0
0.0
0.971333308561611
0.0
0.6419934732889803
0.4252122098313918
0.09154864603067411
0.0
0.0
0.0
0.5320765367467235
0.095978637833099
0.0
0.05801277288051449
0.51929054150454
0.53547232894305
0.0
0.29255533050695653
0.6695130796285824
0.6732954908945424
0.20825523309102498
0.06423717825131965
0.6578425677548247
0.0
0.517916472751301
0.0
0.8893664946849252
0.0
0.47061191900238125
0.0
0.0
0.0
0.3014077396649336
0.9646145143264249
0.7640469606824211
0.72510096575682
0.0
0.0
0.0
0.37343370377869806
0.0
0.33098998881079206
0.0
0.0
0.984460924075641
0.0
0.1656551839608288
0.0
0.06071080315695597
0.0
0.0
0.8789547308011164
0.8643278987438484
0.5923142882827555
0.0
0.6776275071895561
0.0
0.08777936284692706
0.0
0.7977645529236084
0.4648149762819798
0.0
0.0
0.5656910904219459
0.0
0.8939916549305863
0.49655842916508475
0.5561068136441374
0.0
0.0
0.0
0.11175668607444986
0.0
0.7687261017888788
0.9382550380156778
0.0
0.1324877642625484
0.0
0.6020797559001709
0.0
0.0
0.0
0.6299529117816737
0.5747392688583008
0.20310893591777274
0.5539770493346311
0.0
0.0
0.16007314737640432
0.0
0.5054745143740269
0.0
0.4069403574982509
0.0
0.0
0.0
0.0
0.8232117678336314
0.5260330388507898
0.19152649139535852
0.0
0.0
0.6680182294428678
0.723763026539511
0.20307352542254517
0.0
0.8305179534103285
0.0
0.0
0.0
0.0
0.0
0.48370532980582215
0.05281962939326821
0.0
0.7537698234422092
0.2574298294993024
0.6482473583696734
0.0
0.8399228691648558
0.0
0.5637395148183367
0.0
0.1258822747260586
0.4304942338862624
0.2979273962907385
0.33566702524917214
0.5192552986547383
0.0
0.0
0.0
0.5145535218047645
0.8360011535522371
0.6773707338234738
0.0
0.0
0.3038562985264747
0.0
0.617272946984389
0.0
0.7012511480088858
0.8458830525664722
0.8596802023961135
0.4936446424221832
0.6184499009890015
0.0
0.6858509258678563
0.3233507700826599
0.9120138243313815
0.5498074037161986
0.0
0.7351366326630204
0.581721829469909
0.0
0.8562814553986368
0.0
0.8344692594008953
0.0
0.0
0.7030964355563891
0.0
0.0
0.0
0.0
0.9147455563234053
0.0
0.8880452994483038
0.6184315942733071
0.7806313371851009
0.0
0.0
0.0
0.0
0.0
0.979792354658754
0.0
0.0
0.8091677329392382
0.0
0.16940439522791045
0.42005509271360775
0.0
0.12886631926186215
0.0
0.0
0.0
0.7357632036951975
0.7536208156846453
0.0
0.15359363125556807
0.3499078336243247
0.0
0.15548007384960752
0.0
0.9551702560206027
0.0
0.35964484681424874
0.0
0.0
0.6947422980124425
0.0
0.018373812041874483
0.9503490387844103
0.8274711849533674
0.6313159225869925
0.5102745995111273
0.03685507256212458
0.744566380783175
0.0
0.7761668476507104
0.0
0.0
0.0
0.01093544812048877
0.0
0.0
0.6294681275942678
0.0
0.0
0.6673682985304601
0.0
0.40543194764253093
0.0
0.8672322212286128
0.0
0.3166938345042022
0.5255121214304149
0.0
0.0
0.0
0.4372193285403156
0.0
0.0
0.0
0.11713292145371698
0.7217292926534108
0.22427699446146154
0.0
0.0
0.5341449131457503
0.0
0.4471863012100948
0.6555037068004049
0.0
0.0
0.0
0.4202119514178231
0.0
0.0
0.0
0.5305460933070602
0.0
0.8463581411343698
0.520155958123563
0.7631145310233457
0.0
0.0
0.0
0.0
0.0
0.0
0.0
0.11754089705903004
0.9974349445375696
0.0
0.0
0.43415197148573387
0.7787956290101677
0.771896615972147
0.0
0.9998111736856736
0.5301369776491002
0.0
0.0
0.677593550424362
0.0
0.0
0.0
0.0
0.0
0.0
0.49214832932716535
0.0
0.4644019424527533
0.0
0.0
0.817048318823841
0.0
0.0
0.27557958915465913
0.0
0.5772143114412189
0.0
0.6183301203787601
0.0
0.7450755117880553
0.0
0.5093339386645331
0.0
0.0
0.31881386812897156
0.0
0.0726960364043705
0.4466934928019266
0.9661996912939922
0.0
0.0
0.9292413262585792
0.9415339127612553
0.0
0.21969410098694528
0.5530839588647513
0.0
0.0
0.0
0.14327820036085373
0.5469447341843894
0.31838867636890406
0.0
0.0
0.0
0.649042897116201
0.17913757695420507
0.023182346215519834
0.0
0.0
0.0
0.21753969507510765
0.0
0.39409445540597937
0.0
0.0
0.0
0.24398566542630065
0.0
0.0
0.8268198474675952
0.18606461241332486
0.0
0.22690736961166486
0.3155242758237861
0.0
0.8727908356563043
0.0
0.0
0.0
0.0
0.1993837862176995
0.0
0.0
0.0
0.021480089024947437
0.6005344065920317
0.0
0.0
0.0
0.6168137213970734
0.0
0.5316412033970671
0.0
0.4860401397154982
0.09716163671416594
0.0
0.8371418784478957
0.0
0.1800638790892509
0.0
0.0
0.0
0.0
0.0
0.9962748271734604
0.0
0.0
0.0
0.0
0.0
0.0
0.0
0.0
0.0
0.5670619776841629
0.0
0.7260514215075115
0.0
0.0
0.0
0.917599784325211
0.06377386124538352
0.0
0.018353615700571254
0.0
0.6584618443698158
0.24140678589074904
0.0
0.0
0.7814234111749562
0.0
0.0
0.6391026551773797
0.0
0.1040763409640527
0.0
0.5708588136871614
0.005458560372346093
0.0
0.9995896579779275
0.6684632199076496
0.881784144433018
0.0
0.0
0.9179793026225773
0.6906407730687568
0.9702500417176806
0.7298576536186108
0.8474876410629141
0.7898796733153955
0.38308957857003173
0.6459311789011186
0.0
0.6368449491869669
0.0
0.0
0.6841105382584345
0.0
0.5313178941098271
0.0
0.0
0.0
0.0
0.0
0.09295343553390212
0.0
0.8428574870670471
0.0
0.8068324979830773
0.8156327289237432
0.0
0.9629231648030316
0.0
0.0
0.5971128590828209
0.0
0.7115969696369178
0.6150322987118609
0.0
0.09858015245169566
0.0
0.7443316090463368
0.0
0.18879180893976463
0.0
0.9425287785510116
0.0
0.0
0.0
0.503519390058207
0.2460335462341836
0.0
0.9933908149258812
0.0
0.0
0.0
0.0
0.604544334043684
0.03237030113368513
0.5602455904232669
0.0
0.42664485808911806
0.19875388940998803
0.0
0.0
0.0
0.5195508409768714
0.11449330821434764
0.056460844705641666
0.0
0.0
0.0
0.0
0.0
0.0
0.0
0.2360646708826225
0.2303099015531815
0.8477062270064968
0.9597081675629245
0.0
0.0
0.7690027026174513
0.0
0.8522809584564662
0.06530801338882194
0.6431706628879533
0.0
0.0
0.7301582818933325
0.1356333204680186
0.0
0.2578677321552929
0.0
0.0
0.0
0.0
0.3237799763552025
0.2654430528671945
0.28870466722734356
0.16221893778667257
0.34895706840341684
0.0
0.0
0.0
0.6907771062960607
0.9526433213750639
0.8511468307408724
0.09652058738612079
0.0
0.22321711344684092
0.0
0.0
0.5211302206230656
0.5488308844976205
0.5897126727250861
0.0
0.18835716648330558
0.6461672619245081
0.15376145969336932
0.9397170531705811
0.0
0.0
0.0
0.0
0.9759189496304105
0.0
0.0
0.0
0.17106919521367436
0.7630421113407211
0.0
0.3107419627331389
0.0
0.06848141152662893
0.4008629530023901
0.0
0.0
0.0
0.0
0.4808299135160675
0.0
0.0
0.7942117983533623
0.0
0.0
0.17370499599485
0.0
0.6796887875793066
0.0
0.0
0.7226920565821222
0.0
0.0
0.22866387145656175
0.0
0.0
0.0
0.0
0.06252840620657218
0.3416084332638314
0.5619130653545757
0.7848881622716453
0.0
0.4953588105227992
0.0
0.0
0.0
0.0
0.15996014114219598
0.14437117344681402
0.0
0.13755998946978656
0.13145550758437438
0.0
0.0
0.5571739976833285
0.775551694045448
0.5062017955487873
0.5181757629296766
0.8142291149399397
0.0
0.6390629517197144
0.0
0.0
0.0
0.0
0.0
0.0
0.4120258978613343
0.6978696360105927
0.6447793817893618
0.0
0.7586322849973282
0.6573467580040473
0.0
0.0
0.08217055474224363
0.0
0.0
0.3822165186239646
0.0
0.6686618966679122
0.0
0.0
0.3087676770768939
0.9454999972175416
0.3128625375275932
0.0
0.8234089768447648
0.0
0.0
0.6253016035662481
0.005372685155607974
0.0
0.9838901564329807
3.6588746522153823E-4
0.0
0.0
0.5501085973208347
0.0
0.47160637713718156
0.0
0.0
0.7225938802429918
0.47650184460994227
0.0
0.0
0.15731312044842216
0.0
0.9264746912719807
0.0
0.0
0.2901088095742362
0.9036588534955918
0.34168859079220687
0.0
0.12044653663447209
0.0
0.3937688472833688
0.0
0.35400134750143447
0.8187658017251378
0.4676179740434509
0.0
0.15303286323520646
0.369326380290885
0.0
0.0
0.6427383759929244
0.6072246371468566
0.0
0.0
0.35818657189361963
0.0
0.7063369708170233
0.9057032096535645
0.0
0.4944945195009968
0.4763550411134447
0.0035919362362101304
0.1251639674848357
0.0
0.0
0.3609787499320072
0.0
0.0
0.9927134344533022
0.40684854200743903
0.7551747054931781
0.0
0.11292372538910068
0.0
0.8565941909864595
0.06776734816933852
0.7539721187499236
0.0
0.0
0.0
0.22197160645499384
0.0
0.0
0.898060296175797
0.0
0.0
0.0
0.0
0.2713195009349694
0.0
0.6086230330106599
0.4076399989518961
0.0
0.8635563893025824
0.0
0.0
0.0
0.21030091545384955
0.5947946882516458
0.932119902970612
0.9078937505170199
0.0
0.7335449854894384
0.08655425674074704
0.0
0.0
0.0
0.01521941171210514
0.0
0.11562147123580346
0.5884508583753072
0.0
0.0
0.0
0.12770250139460596
0.016295303324728
0.7256666919962074
0.12049025115268279
0.0
0.0
0.754419771608156
0.0
0.06081336746526482
0.0
0.1589801640700711
0.9654357424346833
0.0
0.0
0.0
0.0
0.10869453201402485
0.0
0.0
0.37138344702048504
0.5659409173993248
0.29277861649059606
0.42513997228081407
0.0
0.0
0.0
0.0
0.0
0.5467842969263504
0.9754013195258583
0.0
0.0
0.0
0.0
0.4852891115261036
0.9783674196391454
0.665649991421279
0.0
0.6525236306312626
0.0
0.0
0.7004061512705163
0.22863624463246
0.9524787619147823
0.0
0.474906333339074
0.9593639957374276
0.0
0.19887406729446316
0.0
0.0
0.6604857486807246
0.0
0.32296912668676714
0.0
0.48981441426743155
0.0
0.10957149585810519
0.0
0.0
0.0
0.04266179324651051
0.1984155687122451
0.3304312453889428
0.6045723502036535
0.5843542554140208
0.15827390125840618
0.0
0.0
0.6511921066711319
0.14253122572937357
0.0
0.0
0.1582357906396721
0.0
0.5975237411199291
0.0
0.0
0.9731324238609257
0.0
0.3897835658925985
0.21386482024090323
0.0
0.1980185141914805
0.0
0.0
0.0
0.15860907081007503
0.9529213165753787
0.8318945197947114
0.0
0.3833689316561779
0.5528839247792374
0.0
0.0
0.34348245945505135
0.0
0.2947092145622366
0.9100078437907216
0.2728303418883692
0.0
0.0
0.0
0.0
0.0
0.4856762302779946
0.0
0.0
0.08161530803991841
0.9744467672115427
0.9552020996233582
0.0
0.0
0.0
0.0
0.8071704408609539
0.0
0.0
0.4325384832733681
0.0
0.3116632577168631
0.6680044717674306
0.3255712591580855
0.717148581825621
0.09468913810822542
0.0
0.0
0.0
0.8915507909245244
0.4913583907010644
0.0
0.7775221071378685
0.41398376385073665
0.0
0.6254448018670195
0.0
0.0
0.3989522355918007
0.0
0.0
0.0
0.0
0.0
0.9534830819442451
0.0
0.0
0.030481193265029915
0.0
0.7041002419330102
0.0
0.0
0.0
0.030097569888645884
0.9543004900420904
0.9192549651945174
0.7777328704955282
0.43082620075706957
0.5587119634092889
0.5624163244596808
0.0
0.0
0.6270208426240036
0.0
0.9301515073633424
0.0
0.9729464571660429
0.0
0.0
0.0
0.16450684022463327
0.8538256643285616
0.8886639153542003
0.1268001804300202
0.0
0.011190801216707834
0.0
0.0
0.8312301803254442
0.11948352555286701
0.0
0.053154669873694584
0.0
0.0
0.7006803072127626
0.6793880047310893
0.4226663621687746
0.0
0.0
0.0
0.7842992625320045
0.0
0.0
0.0
0.05173064064715152
0.0
0.20519299201043031
0.0
0.0
0.0
0.0
0.4959548219035566
0.0
0.0
0.5188044095190049
0.5692498124885543
0.0
0.0
0.2201307419481249
0.0
0.9328990905734853
0.5334224838423172
0.6832262259191633
0.0
0.7762460166165577
0.20926241400935353
0.31548746020826085
0.0
0.0
0.22396192391595446
0.1565007963632912
0.7348395995283207
0.0
0.0
0.6156284583720046
0.0
0.0
0.4188742018669839
0.5815993671055962
0.0
0.7347256980838517
0.0
0.0
0.4898474383884795
0.3689726962780426
0.9099786856833205
0.10994100697698415
0.1823710298008164
0.0
0.0
0.0
0.0
0.0
0.90351089178935
0.1281953860700832
0.0
0.1706427828588742
0.0
0.212248446446455
0.6278622276414669
0.0
0.0
0.6195001198665087
0.0
0.0
0.0
0.9580631000914583
0.0
0.0
0.9985579284539663
0.9632022380345137
0.00361111386807618
0.16626156319980667
0.9125392269213136
0.6031531941353134
0.0
0.2807791310644194
0.0
0.10216182322617308
0.45084173744052636
0.4631680251027105
0.0
0.5165363818133424
0.8703713203875865
0.9160620802136606
0.9955833239630691
0.8806966539601246
0.8703501640484675
0.5508771155433613
0.9710300705817877
0.085168158169383
0.0
0.0
0.0
0.28147687575316793
0.0
0.0
0.8772388750318858
0.0
0.0
0.0
0.0
0.0
0.0
0.0
0.0
0.0
0.0
0.3410495709735407
0.6001099912430174
0.1276398476025726
0.8954616979179058
0.7176636070496363
0.0
0.21578394055219693
0.0
0.7930424178979935
0.4255502898959714
0.0
0.0
0.0
0.9628757255162785
0.04578659720341271
0.0
0.0
0.8793021886271594
0.3713191145107009
0.0
0.0
0.0
0.0
0.7064789578732751
0.7164724642291946
0.0
0.7082541876389077
0.751928267187709
0.24702048985434333
0.8194886055332973
0.2919445602765249
0.0
0.0
0.8598102339625987
0.0
0.797492020194414
0.0
0.9502869330536283
0.0
0.0
0.7509096425364229
0.0
0.13259674179795064
0.5140658477545121
0.7155443075014056
0.8843904596190346
0.7945279932270523
0.0
0.41733827937111334
0.0
0.32170459015188746
0.0
0.0
0.10849709534425667
0.9346304631427877
0.0
0.0
0.8374421435104841
0.44390071076476695
0.0
0.0
0.9742596184831583
0.17430726118588835
0.9541780438446146
0.0
0.7210606060433019
0.9706843426806202
0.0
0.0
0.11625751017519925
0.0
0.43471870783559
0.926711635560079
0.10626348378076221
0.0
0.0
0.9713922186310572
0.8693441211459312
0.0
0.0
0.8920356311553048
0.960227282419967
0.45576521692883026
0.0
0.0
0.18899677127600023
0.4070927710413185
0.9480864367600601
0.6424961518349084
0.0
0.0
0.7640264127912899
0.0
