0.0
0.0
0.17523182801783732
0.0
0.9025689502029135
0.0
0.0
0.20206162955522566
0.0
0.9266445406914531
0.0
0.0
0.0
0.3030611633205196
0.0
0.4380818803984582
0.0
0.0
0.6473585580417272
0.8855092167715096
0.0
0.9093564874293558
0.042089914685724095
0.0
0.4954185427988256
0.0
0.0
0.5980554266496219
0.9461139201496432
0.34096231068289673
0.0
0.6745277968864156
0.0
0.4715343349568277
0.0
0.0
0.0
0.4424830539896363
0.47084278187626105
0.8656745742499599
0.0
0.0
0.0
0.0
0.0
0.012841764820649249
0.0
0.0
0.0
0.0
0.0
0.0
0.0
0.0
0.0
0.41962738426801693
0.0
0.9884799592940696
0.0
0.0
0.9034526265057463
0.19015776233342851
0.0
0.9492585849337765
0.9353766725952212
0.13453241800376348
0.1816023033349955
0.0
0.37783938242259496
0.0
