21
264
338
125
176
682
246
398
707
853
551
221
643
462
578
705
352
668
343
288
447
736
519
612
477
569
686
402
117
330
468
591
46
811
600
700
444
539
758
577
576
134
841
370
861
531
568
644
607
318
254
245
22
556
881
763
440
262
894
895
678
740
660
720
340
504
702
131
199
274
378
310
834
349
838
752
388
496
186
565
732
618
480
374
777
619
822
471
793
714
410
737
429
464
158
17
345
302
427
428
475
48
582
655
263
275
219
150
418
893
805
812
132
195
344
111
361
473
333
382
41
421
173
229
86
218
640
654
438
332
865
877
210
249
206
581
59
304
73
284
414
34
300
234
28
29
166
141
549
122
761
42
554
788
633
500
113
37
57
457
12
72
868
824
698
738
827
647
767
792
869
814
360
795
802
87
491
373
60
250
395
659
699
823
40
156
810
836
146
259
372
389
27
355
328
63
279
298
363
138
10
74
317
656
393
863
425
408
768
753
718
524
611
308
179
104
368
135
494
390
232
71
764
856
285
641
212
791
488
379
347
56
213
178
252
327
214
511
391
387
766
664
629
695
560
505
458
833
544
436
735
588
5
3
157
217
68
81
432
800
626
484
365
801
182
208
7
508
84
96
632
675
820
712
198
228
452
400
313
38
26
127
319
321
293
587
110
744
849
867
650
426
14
445
649
567
522
593
241
691
746
233
376
133
353
227
715
615
356
413
424
153
739
886
422
870
62
184
636
837
662
663
469
489
139
545
242
296
61
121
100
772
762
548
384
617
559
651
112
315
307
348
147
2
169
423
798
857
882
606
816
690
773
774
866
880
706
794
888
754
25
306
114
286
174
175
83
189
517
407
466
92
855
750
692
572
781
267
871
906
860
604
181
303
667
666
680
784
449
470
501
396
623
538
713
634
93
446
295
76
256
161
583
790
710
745
239
852
797
910
835
875
142
305
716
130
553
864
160
579
265
375
884
885
898
899
657
314
502
770
495
530
756
80
697
547
751
831
562
257
248
476
493
105
703
658
207
191
163
512
728
711
529
590
807
550
733
670
828
844
237
681
602
603
819
858
460
594
411
696
377
808
362
717
487
335
351
679
459
514
721
555
456
575
412
543
49
614
31
230
672
461
281
397
533
840
95
292
499
890
689
99
485
708
271
85
674
516
66
225
455
386
91
322
162
688
329
299
526
638
324
107
75
90
608
566
172
44
52
54
537
652
116
255
152
904
731
734
291
235
325
399
646
642
850
492
216
266
126
11
203
900
334
369
15
65
190
648
102
481
589
693
645
730
337
177
637
36
789
58
439
622
465
367
115
520
215
283
760
598
261
818
709
694
779
140
571
231
463
905
222
151
467
829
839
599
903
78
47
19
584
671
143
848
755
815
507
748
676
193
336
197
6
4
145
701
154
431
775
727
846
278
50
403
243
290
417
294
832
625
149
742
749
845
592
902
595
639
897
862
851
364
240
601
722
889
535
404
106
785
148
129
534
628
804
479
287
320
787
51
661
16
165
564
251
483
277
244
33
776
597
498
783
350
610
506
443
55
620
513
563
557
546
312
605
103
171
405
188
155
786
765
170
723
596
497
346
289
236
876
528
486
205
159
223
97
482
67
357
586
523
297
269
185
573
536
32
194
448
82
270
253
521
552
872
119
420
273
380
23
416
887
35
441
406
101
450
224
136
385
677
454
358
18
847
635
509
9
624
260
276
323
474
609
580
503
247
437
574
187
124
53
684
826
726
627
20
200
896
778
282
780
366
854
771
570
907
30
13
211
202
167
8
909
842
813
719
359
123
301
540
311
238
88
118
874
409
510
830
759
873
442
69
24
859
817
168
558
799
339
280
743
268
806
729
908
434
782
687
843
825
433
435
653
518
879
89
309
515
901
616
741
192
878
316
478
430
665
585
453
527
1
45
183
821
371
381
43
39
757
354
120
883
226
725
541
180
220
704
137
683
109
796
98
630
79
201
747
383
532
331
891
326
685
128
77
204
392
525
673
631
272
451
419
490
209
401
561
621
542
892
196
258
94
144
472
64
108
415
164
341
342
724
803
769
809
613
70
669
394
