0.0
0.0
0.09745846005603256
0.0
0.5339859196581203
0.0
0.982241766366003
0.4297061584244229
0.17659792539388364
0.0
0.0
0.027590412630853236
0.0
0.0
0.2948231391888285
0.18813860123408907
0.641389692529936
0.0
0.0
0.0
0.0
0.0
0.0
0.0
0.3422500252033181
0.0
0.0
0.11853015992585705
0.7296166489113075
0.30684842445224136
0.0
0.0
0.6315616002251092
0.7242784551718802
0.07885142799416003
0.2300959571647459
0.0
0.6617585228065509
0.8966582751221446
0.5381498098818616
0.0
0.09451539500292236
0.0
0.0
0.0
0.7825559073124944
0.0
0.0
0.0
0.0
0.0
0.2791845375415882
0.32450294411393393
0.9882772587945586
0.4355849993828827
0.43024578829469856
0.0
0.0
0.3599879210218086
0.5001325583229022
0.0
0.9316037630424636
0.0
0.23929659454674795
0.0
0.0
0.0
0.0
0.0
0.0
0.13360419828813325
0.18218484818062594
0.0
0.37067782944399036
0.0
0.0
0.6380664402678919
0.36859620929962333
0.9359398830810379
0.0
0.7347349464250298
0.0
0.0
0.0
0.0
0.0
0.0
0.0
0.0
0.0
0.7698098728688387
0.0
0.0
0.0
0.4837951048966502
0.0
0.0
0.0
0.0
0.0
0.0
0.0
0.0
0.0
0.0
0.0
0.0
0.0
0.0
0.0
0.7262220709326258
0.0
0.41753416392014603
0.0
0.0
0.0
0.0
0.0
0.0
0.6419985650505292
0.0
0.3782789983808358
0.6798033341654507
0.0
0.0
0.0
0.0
0.0
0.0
0.0
0.15825709608158953
0.0
0.6587438287940568
0.0
0.17806343935107427
0.384829678051836
0.44224271476400656
0.0
0.7050933003901144
0.0
0.0
0.0
0.0
0.7619540231680411
0.0
0.3070311298616095
0.0
0.0
0.0
0.0
0.0
0.4751186057444917
0.2763394443335514
0.0
0.0
0.040090689843573814
0.0
0.0
0.0
0.2695388195928982
0.0
0.21978507612943965
0.0
0.0
0.19222677764990648
0.0
0.0
0.8446751665883333
0.0
0.0
0.0
0.0
0.0
0.2104013196836276
0.0
0.0
0.0
0.640252030502878
0.8442827471082202
0.0
0.7373923192632077
0.8527216032956008
0.0
0.0
0.019054323384980372
0.0
0.5221267785993798
0.0
0.0
0.0
0.9111625672590362
0.21723914032459093
0.0
0.0
0.5226731367551979
0.0
0.0
0.0
0.0
0.0
0.0
0.0
0.0
0.0
0.0
0.1730127331951744
0.0
0.0
0.0
0.0
0.9780201899419889
0.0
0.0
0.0
0.2609832305173731
0.27012279814805806
0.3611997944670031
0.0
0.4271177886670469
0.0
0.0
0.04458829227172585
0.0
0.27679753739157287
0.0
0.0
0.3883148550213231
0.7157104154505465
0.7560202715916936
0.34552436093311045
0.0
0.932588372191966
0.0
0.0
0.7246671556052365
0.17991328269791898
0.0
0.0
0.0
0.2975460642100361
0.8279083036784087
0.0
0.44152671728967835
0.5826622287401023
0.5307448521596745
0.0
0.05469172458137187
0.26625262877658434
0.9077896105761637
0.4240827020604818
0.7933571934433923
0.05869590545541685
0.0
0.703464076910855
0.0
0.0
0.7161333007225145
0.0
0.8100723424599072
0.0
0.0
0.0
0.49937868228201004
0.0
0.0
0.0
0.839646354350313
0.0
0.0
0.0
0.7045328523213057
0.36318709523674647
0.3795627830340642
0.0
0.3027859782257544
0.0
0.3421808651437478
0.0
0.0
0.0
0.0
0.9131568759471971
0.7668628877356441
0.21783993150336034
0.41923797045507744
0.019276549303969662
0.0
0.0
0.0
0.0
0.0
0.20297215542198166
0.0
0.45819229099019143
0.8616014047660625
0.0
0.0
0.0
0.0
0.0
0.5628141873844212
0.0
0.0
0.9053128559797643
0.1936546171366577
0.0
0.0
0.0
0.0
0.0
0.8119726238228628
0.2667145068055189
0.9080102784116193
0.0
0.0
0.0
0.0
0.0
0.5745316452672433
0.0
0.0
0.0327066691784307
0.9636028803970461
0.0
0.49531889830052883
0.0
0.6738492822206663
0.0
0.0
0.0
0.0
0.0
0.0
0.7805647388348002
0.0
0.30594695808333827
0.0
0.0
0.8466172544240312
0.46932869330982
0.0
0.0
0.0
0.0
0.0
0.8380194807294904
0.963300494857538
0.8951130136123049
0.15972417471592118
0.0
0.0
0.0
0.0
0.17653060121349057
0.643295697217782
0.0
0.06502900784365655
0.4700903886104251
0.3918328741320684
0.24529273222693548
0.057410550120880276
0.0
0.0
0.0
0.6169064049412243
0.0
0.0
0.0
0.8472153166576364
0.0
0.0
0.7511887050027276
0.5598274319675728
0.6913774422897145
0.0
0.0
0.0
0.4822396489606774
0.08354796766682318
0.0
0.0
0.0
0.0
0.0
0.9733535075923845
0.2510056241530096
0.0
0.0
0.0
0.2095259500952311
0.8910952597293083
0.42091537584668465
0.0
0.0
0.0
0.0
0.07684763472022996
0.6963633395189879
0.052214100347727825
0.0
0.5652826463514561
0.0
0.0
0.36072066466631186
0.0
0.6924466607311428
0.20228448801585355
0.5218954510627727
0.0
0.9600742334894433
0.0
0.0
0.22083397073212468
0.9287513263494636
0.9316499841105504
0.7896283437429279
0.0
0.0
0.0
0.403021861546145
0.4695918985739505
0.7140040875776907
0.942206273945533
0.6934347711442703
0.7994608702984566
0.09597636896014045
0.0
0.0
0.0
0.0
0.0
0.0
0.0
0.0
0.6268429145437039
0.0
0.0
0.7966477194109934
0.7223793106654508
0.0
0.1055668284165103
0.0
0.0
0.0
0.0
0.6186348173946065
0.5271646080366071
0.6608558042851594
0.0
0.45296413094009225
0.5198520859428118
0.0
0.985058291886201
0.0
0.8932620147560126
0.9796502247214767
0.0
0.1505991281371009
0.48227993155578625
0.8086800606476183
0.6197783608610761
0.2553256207436889
0.0
0.67357237934601
0.3288333512394122
0.0
0.4210618582643599
0.26679763134319245
0.0
0.0
0.935748078222465
0.7839070405052958
0.0
0.0
0.8409502210590528
0.6246603542058858
0.0
0.0
0.5766026238910471
0.31055355588626676
0.695283217044801
0.0
0.0
0.48959503377911784
0.0
0.11825104902895177
0.0
0.6065495350026275
0.0
0.0
0.6292576072145051
0.0
0.5327597619230904
0.0
0.0
0.0
0.6636714311753458
0.4442128857738044
0.8912906021356225
0.6437239832340214
0.7148014745778424
0.0
0.22520444648041524
0.6623023221434623
0.0
0.018473439882273526
0.0
0.0
0.0
0.4805907214661543
0.0
0.0
0.0
0.6005268720804589
0.20913124505416764
0.0
0.0
0.0
0.15598654147824828
0.0
0.0
0.0
0.5554911286011962
0.0
0.0
0.5883174967166043
0.0
0.0
0.0
0.5001232104606039
0.0
0.282706261119798
0.19956521356412657
0.7420226011969667
0.5173623581995228
0.0
0.02832351348286147
0.0
0.0
0.48088915073770966
0.0
0.8010427505724769
0.780667560260289
0.0
0.0
0.5005219222445567
0.0
0.24759634445114548
0.03843579048899436
0.795250942761184
0.8645942802235176
0.2595208659913774
0.0
0.0
0.9354420601755079
0.5784502470581432
0.0
0.4101608987029358
0.8828728914194394
0.9464738013435153
0.979504561785018
0.0
0.0
0.0
0.0
0.5249389648638629
0.6088145056968155
0.0
0.40851442220452344
0.0
0.0
0.0
0.0
0.6021647341058973
0.0
0.4393550494665473
0.0
0.0
0.8803010728907569
0.8947748264278457
0.5186210569429911
0.5748484815791911
0.0
0.5450926766640175
0.0
0.2298154541480307
0.3582484934911793
0.18021574604558463
0.10332217910330134
0.0
0.7793679480569718
0.0
0.6887072852504742
0.0
0.9065579152907182
0.0
0.8894774434004415
0.0
0.743080684919612
0.19846989734116063
0.0
0.0
0.0
0.0
0.0
0.9403819466946635
0.23813481773090092
0.11044564791710958
0.0
0.7383453285998032
0.0
0.5856405548487438
0.0
0.0
0.2644124288492031
0.2896274970761766
0.0
0.737851490946243
0.0
0.0
0.0
0.0
0.0
0.3469933439026617
0.9751513599510332
0.4201443474572063
0.46701303177851017
0.9344814283091587
0.9419193384475542
0.2439112192477855
0.0
0.0
0.08728090884402483
0.7758769533557147
0.0
0.0
0.23816843161952758
0.0
0.0
0.0
0.758501491455326
0.0
0.08060828471311988
0.0
0.35750532524591866
0.0
0.19613965406369976
0.0
0.0
0.51480080581311
0.1547622961432067
0.04582850810043849
0.0
0.0
0.0
0.33252141306409794
0.5324495523568891
0.0
0.0
0.8887968709225881
0.0
0.0
0.71560124930882
0.0
0.2942850800712029
0.1590814669254084
0.0
0.20978360458661913
0.8829724560699774
0.8702505397503058
0.5514192287029688
0.042397470905506836
0.0
0.38315842501417297
0.0
0.24388477182634755
0.0
0.5118299163986846
0.4051434261935721
0.842153423168158
0.0
0.06425934598890208
0.3621640858549944
0.0
0.0
0.0
0.0
0.5958297681343531
0.0
0.0
0.0
0.7176611571042781
0.0
0.0
0.3915747425665082
0.0
0.982180782596255
0.0
0.5174298508519863
0.0
0.21074982874032736
0.0
0.4477704809745619
0.0
0.6580855596756083
0.0
0.0
0.0
0.6081970889116433
0.0
0.0
0.7801487937499219
0.03097506535486082
0.42446272196822193
0.7171166640326871
0.0
0.0
0.0
0.05829682968174651
0.0
0.0
0.0
0.5764620580919999
0.6847674037692417
0.0
0.0
0.0
0.0
0.798284090264947
0.0
0.0
0.0
0.0
0.0
0.0
0.0
0.1387883169853544
0.0
0.0
0.17409658830456007
0.4929054028781341
0.0038441147614333916
0.6748238937277239
0.5414934166470525
0.0
0.0
0.7688600212917803
0.0
0.8486379840860862
0.0
0.06620034190985324
0.8252165754462861
0.0
0.0
0.0
0.7494196140069601
0.0
0.8249296898310498
0.0
0.0
0.0
0.0
0.0
0.028528756570650054
0.7660530018860439
0.9492002711059213
0.3194160778832256
0.8769100957854079
0.0
0.30696994900344043
0.0
0.47544484517467295
0.0
0.7109639100478943
0.0
0.0
0.2879179486195397
0.0
0.0
0.6913444545696079
0.45647814557977834
0.0
0.7712903583752719
0.20011823388486957
0.4704962980630686
0.0
0.0
0.0
0.0
0.5720924537865828
0.0
0.2386496946356415
0.04461082022715108
0.31071521248044204
0.03282193812655488
0.0
0.8074555426497847
0.0
0.0
0.36695691632714006
0.9162711302947852
0.042489317062155335
0.0
0.44551811236609307
0.4378665454502432
0.0
0.0
0.0
0.0
0.3116655629598334
0.9213376125545069
0.0
0.0
0.6329796549620351
0.0
0.5618010453521767
0.0
0.6852331616178675
0.0
0.28317570310755485
0.4701838847168185
0.2692936847353217
0.29225293626176224
0.0
0.0
0.0
0.5697437335647517
0.0
0.23073810722482407
0.0
0.0
0.6180327677933032
0.5201553486536344
0.0
0.04554594384660423
0.04648911904844635
0.0
0.8766427211118777
0.04868350171018479
0.0
0.0
0.3999535987596429
0.013207838014291314
0.0
0.17098372468645234
0.0
0.0
0.0
0.0
0.411481268940793
0.0
0.0
0.0
0.0
0.0
0.0
0.0
0.0
0.4085152249173083
0.145331798515856
0.31025818937349836
0.0
0.0
0.0
0.0
0.5022183080115643
0.0
0.1171881559646063
0.0
0.0
0.0
0.4194817827499548
0.0
0.8502637029329669
0.0
0.0
0.0
0.3693989350465158
0.4748225486716269
0.0
0.7417550732043404
0.0
0.0
0.0
0.0
0.6347443484143314
0.0
0.0
0.0
0.0
0.6324743182291624
0.0
0.0
0.0
0.0
0.3842474801435818
0.24301524698785182
0.0
0.0
0.0
0.2010633031184439
0.0
0.0
0.0
0.4278291214188728
0.0
0.0
0.0
0.0
0.7234463417048854
0.0
0.37796545418556643
0.0
0.40777142685702933
0.7055205178467329
0.0
0.0
0.0
0.0
0.0
0.0
0.5922374225362386
0.18995546137648614
0.0
0.060791585301704205
0.0
0.6718201452379823
0.39221908374018594
0.0
0.0
0.0
0.37729038195820236
0.0
0.0
0.0
0.19631112111776583
0.44198185110124
0.0207381979230653
0.624025112626397
0.207709860901492
0.0
0.0
0.8014421946747046
0.6928112932801677
0.18824055464969022
0.0
0.19580647766594395
0.0
0.0
0.0
0.0
0.17256609004982526
0.0
0.6080043179871628
0.0
0.5037074217979393
0.3020575580193853
0.674699615214622
0.2689359727694254
0.0
0.0
0.14517963305983736
0.0
0.2732095934844878
0.37201919964020064
0.10884811532065125
0.16637207587389394
0.0
0.0
0.8656846482105065
0.0
0.0
0.1269192426289321
0.0
0.0
0.0
0.0
0.0
0.0
0.8594304604667617
0.0
0.0
0.0
0.006703211777299725
0.022023060078353262
0.0
0.7406010684906041
0.13614016189928377
0.7832308507623722
0.0
0.0
0.6283421438361898
0.0
0.2264401380976196
0.0
0.0
0.6282680568310868
0.0
0.0
0.0
0.0
0.0
0.8995731512634533
0.48666338335288045
0.0
0.0
0.4728323071018632
0.6185161152646306
0.0
0.15948594988869658
0.0
0.44214706229557055
0.0
0.5854985711671651
0.0
0.0
0.7778879583828271
0.8780410622456342
0.0
0.0
0.0
0.0
0.0
0.0
0.043217280317943634
0.10543062486350625
0.1359869956883395
0.163040467108683
0.7305281371529946
0.29270430805801845
0.11005791629616835
0.0
0.6249064960253335
0.0
0.0
0.0
0.422308278929154
0.7231639457138564
0.37455771447660696
0.48124624518772224
0.0
0.3347994961041876
0.0
0.0
0.18008704551482352
0.0
0.0
0.43730150948136537
0.0
0.33745038324495374
0.0
0.0
0.0
0.0
0.6648156406128821
0.14218609568144758
0.0
0.07520682139817952
0.0
0.14638320204993568
0.1568748826662699
0.0
0.0
0.0
0.0
0.4588728098999458
0.0
0.859001144274403
0.0
0.054759743362157276
0.0
0.8708755234286593
0.0
0.0
0.7549178352184117
0.0
0.0
0.7469713671915926
0.18539588353703976
0.0
0.5092720214591699
0.0
0.3179691868754194
0.0
0.9895805648678838
0.0
0.7988840706322317
0.4901668715788666
0.13663882923781245
0.0
0.0
0.0
0.0
0.0
0.8751735866151681
0.0
0.21578896612116902
0.45480205521226597
0.6404052703928231
0.7631897188129169
0.16488322509121903
0.0
0.0
0.0
0.0
0.0
0.0
0.5853404145599542
0.0
0.6675077983494042
0.6500443659513466
0.26014383004610353
0.0
0.867630636041751
0.0
0.6748640164296889
0.6810456859059946
0.0
0.97946999868293
0.0
0.2035517916080479
0.0
0.0
0.0
0.0
0.0
0.0
0.5928885361978733
0.0
0.6347974398334681
0.0
0.9617930561892502
0.19895654900028845
0.3047719212367567
0.4740229477358268
0.0
0.0
0.0
0.0
0.0
0.0
0.0
0.0
0.9081962159853373
0.9391568871004695
0.5039183372789354
0.0
0.0
0.0
0.030384230665962172
0.048780989003400534
0.0
0.0070108016974955965
0.0
0.985563123029097
0.0
0.0
0.37801228869252096
0.3274904055459285
0.07372031507587495
0.48465171958454306
0.0
0.5170638088002919
0.9041363962819093
0.0
0.2743650622066431
0.0
0.0
0.0
0.3690154352590874
0.0
0.73531611871945
0.0
0.0
0.0
0.7106382712037604
0.0
0.0
0.0
0.36811451333277273
0.0
0.0
0.0
0.5918253683968826
0.42395052464033517
0.7213593331165126
0.0
0.0
0.0
0.0
0.7578636320559716
0.0
0.9668488074346901
0.9007553463469267
0.0
0.9398902577549944
0.0
0.0
0.0
0.8198262904356769
0.07389254147519932
0.0
0.0
0.2858900836699352
0.0
0.0
0.0
0.0
0.8865092340174148
0.0
0.0
0.0
0.0
0.0
0.9449050896634906
0.0
0.4218082592713235
0.0
0.0
0.6182886901475112
0.0
0.0
0.471034205729694
0.2700859478073007
0.33626992839116526
0.0
0.0
0.18885967844755094
0.14128865711924674
0.4173730955445668
0.9580600103250695
0.8344033924984312
0.6984936568610169
0.0
0.0
0.0
0.0
0.4012278246494187
0.5077431950330352
0.4536051914235175
0.0
0.762545833196224
0.0
0.8832155992023354
0.0
0.0
0.0
0.0
0.6134763492472097
0.0841376136723288
0.7771919829015296
0.0
0.0
0.4252403768927478
0.0
0.0
0.0
0.0
0.06549744507646775
0.0
0.32267547889980897
0.19112263741647514
0.30408328018601205
0.0
0.0
0.0
0.0
0.5394859485398814
0.0
0.8094688102102934
0.665083477548008
0.30882301318335337
0.0
0.0
0.0
0.0
0.44637639008093144
0.0
0.8746330197075598
0.0
0.0
0.181289747176367
0.349577028721355
0.0
0.0
0.0
0.0
0.0
0.0
0.0
0.5409852565659178
0.1754229262935796
0.49671402648696017
0.0
0.0
0.2741308703673373
0.0
0.39574093730263116
0.7317691535633362
0.9278911509424207
0.25795827507326136
0.0
0.6801903421167392
0.0
0.0
0.6867004366033514
0.14577461502760455
0.0
0.0
0.0
0.250044100811199
0.7747399674800077
0.5382292225328553
0.2024154667015261
0.05068007804358228
0.21276573434082102
0.7618502773190526
0.0
0.6339495637254259
0.5704268296865618
0.0
0.0029749557898926314
0.9149281616124849
0.009077135376666755
0.0
0.43563893484239197
0.0
0.0
0.0
0.0
0.6721517569489803
0.0
0.0
0.0
0.0
0.08915982792118034
0.0
0.0514466827034347
0.480324163654939
0.17783418148515295
0.0
0.34309630419053216
0.6358311854168645
0.4666682544344254
0.22035610163601255
0.0
0.0
0.27666093891138555
0.0
0.7483997810102664
0.0
0.0
0.0
0.0
0.9449303041876694
0.3306501046899664
0.3192847823544697
0.0
0.5675511712944057
0.3238592890689533
0.9437017210152822
0.0
0.6250763815936928
0.6978293870013038
0.9229156105684815
0.0
0.0
0.056912811307052155
0.2816729176316357
0.9980349332080545
0.8807377149681114
0.0
0.37792331000941004
0.0
0.398948024848635
0.24366266172742004
0.0
0.0
0.9033040474343553
0.3678705258642581
0.0
0.6285194038321956
0.4986021010877602
0.0
0.4803276230178297
0.0
0.46335432708645585
0.6250266302348673
0.0
0.9568475253244286
0.8508208395434742
0.14888942195684612
0.5632703133962117
0.679878341826477
0.0
0.0
0.7407812791428324
0.0
0.007439469066489498
0.0
0.3521864137070244
0.0
0.0
0.0
0.281290074467494
0.0
0.7422484222544418
0.0
0.4156358231200365
0.09776510393170229
0.0
0.0
0.0
0.8114741849688539
0.7836408058201016
0.0
0.0
0.0
0.0
0.0
0.48849685447205665
0.0
0.0
0.4488267226993061
0.0
0.0
0.38529013996089034
0.6029439664227476
0.0
0.3284218470208538
0.4084465936002786
0.0
0.6818249923684175
0.0
0.2575951230151604
0.8401226291503535
0.8378648995556007
0.004932264059468249
0.0
0.7798980697642006
0.0
0.0
0.693879488127576
0.27462331400742185
0.0
0.0
0.0
0.0891644007864033
0.47838771014778164
0.0
0.518708304580553
0.778234674517536
0.0
0.0
0.0
0.0
0.14404563002362472
0.10122540309189267
0.01227226545287007
0.0
0.13747262352816914
0.7124722468349898
0.17608583356873286
0.0
0.0
0.0
0.0
0.6201590381882129
0.0
0.0
0.0
0.0
0.0
0.0
0.0
0.0
0.0
0.2528132528859136
0.01785295380170156
0.7471754564536224
0.2810893880098158
0.0
0.20873586836570973
0.0
0.0
0.0
0.039141963957986296
0.5845466200352709
0.0
0.0
0.0
0.0
0.0
0.3254759972020887
0.0
0.7101839813573796
0.5541158683902726
0.0
0.0
0.9212312577988147
0.03198779768372892
0.0
0.2131546614883288
0.0
0.0
0.0
0.0
0.5371672254156881
0.0
0.0
0.0
0.956607129671065
0.4861743750578074
0.7661769795004738
0.021540648713163864
0.0
0.0
0.8080309262889813
0.0
0.056880686892718496
0.0
0.0
0.6591711142270166
0.0
0.6934539981536524
0.0
0.0
0.0
0.9203122579524848
0.0
0.8211528434603013
0.22443346993975669
0.5169924659069741
0.8479336304288533
0.36161463345565753
0.25323830170484696
0.0
0.21081174334914526
0.8445005280603421
0.0
0.0
0.0
0.0
0.0
0.0
0.0
0.0
0.0
0.7300822261696199
0.0
0.0
0.0
0.0
0.0
0.0
0.0
0.0
0.7786788159655829
0.7655049873622803
0.0
0.3010217141450424
0.017952852538515435
0.0
0.0
0.5638919849649568
0.0
0.646789667254155
0.0
0.8611111581946963
0.0
0.814760584717951
0.0
0.0
0.8426322747720686
0.0
0.015379039683102445
0.31083570330181354
0.5869704713550905
0.09359014350329506
0.5048416208601474
0.31915953228361066
0.0
0.0
0.2203063422992325
0.0
0.0
0.6854985083044054
0.0
0.0
0.32076199499328534
0.0
0.015854341360193844
0.0
0.4039886010777542
0.0
0.9137265553313818
0.0
0.038703594890766975
0.0
0.49885334149754723
0.5314941835840261
0.0
0.24079423731822214
0.0
0.5306583541677727
0.0
0.0
0.0
0.9173221113508622
0.759221078156552
0.0
0.0
0.12529781231706352
0.12110544936819362
0.3198409614964008
0.5399734382857047
0.0
0.0
0.04526076018676097
0.1517795726100696
0.0
0.0
0.7323769698017689
0.0
0.0
0.0
0.0
0.0
0.013164078119243337
0.0
0.40220394600954185
0.3951932906790057
0.0
0.3587079665833256
0.5736385328390516
0.0
0.0
0.0
0.3405497714374854
0.0
0.0
0.0
0.209556568363531
0.0
0.5080156541118058
0.13516421879054327
0.0
0.0
0.8796503231557595
0.0
0.1327764999228118
0.0
0.6802028770567049
0.3816612618168891
0.0
0.6412770941892052
0.6122235223640603
0.0
0.7394011602242752
0.6947856158816806
0.4451832172562494
0.0
0.5756194365660551
0.0
0.0
0.7743136651917895
0.0
0.8331733369944306
0.0
0.9299423885233875
0.0
0.0
0.0
0.6068691175370414
0.6149224256980781
0.0
0.14907290255192832
0.026810367878349402
0.9430892787611622
0.8415353187237905
0.29195745812663026
0.023077457315628377
0.4517805532214386
0.0
0.0
0.10659381883125178
0.7163420361564544
0.0
0.9376082242616884
0.42164299259492455
0.0
0.0
0.0
0.02994209099376949
0.08303187117810877
0.0
0.35616619926077386
0.6070232127227658
0.3593681840115158
0.0
0.0
0.0
0.01437881576285286
0.0
0.0
0.25697507408827747
0.44796208111087393
0.0
0.6820524297771895
0.3715562289127267
0.0
0.6054051800174833
0.0
0.0
0.0
0.0
0.37348117889216886
0.0
0.0
0.0
0.0
0.0
0.0
0.8901949240848104
0.0
0.6939315230574955
0.0
0.0
0.0
0.636828347191951
0.32451746465642556
0.34102012519694896
0.0
0.0
0.8732599437071463
0.16068178885464407
0.0
0.0
0.0
0.0
0.24319341019631974
0.0
0.0
0.0
0.8047933142566746
0.0
0.6703922619272115
0.8658686086431943
0.0
0.0
0.7352207173330144
0.043248017495767926
0.0
0.0
0.0
0.0
0.0
0.15866930090910494
0.0
0.0
0.0
0.8719676239886897
0.0
0.7516131261442182
0.0
0.5726566509644511
0.536757452652973
0.0
0.0
0.0
0.0
0.0
0.010611061533656237
0.0
0.0
0.03955278833595511
0.0
0.6552790460564579
0.0
0.0
0.32519784055934925
0.0
0.0
0.0
0.0
0.253509735144518
0.0
0.8058527162032143
0.9916602202859639
0.0
0.7680515986638836
0.0
0.47018352076379855
0.5764360774816872
0.3797528960010096
0.18309454859258434
0.03140703828449625
0.0
0.042519761751218105
0.09526262205925537
0.0
0.0
0.0
0.37390396610141796
0.6330741792959333
0.0
0.011863332227132772
0.9906283183839744
0.929312968692017
0.0
0.0
0.0
0.0
0.8905370795083871
0.0
0.21330119560955185
0.0
0.0
0.0
0.0
0.0
0.6609938256087715
0.49464685001809533
0.0
0.0
0.0
0.0
0.0
0.1623301436708254
0.9903212044686202
0.0
0.0
0.0
0.0
0.0
0.0
0.2769025680603566
0.0
0.0
0.0
0.13725281832044306
0.0
0.0
0.42233985029190935
0.0
0.0
0.0
0.6085840430153816
0.8085067583700897
0.0
0.29437290000732447
0.4688762845815671
0.12951225745652487
0.19696338764947213
0.14673871339898045
0.8151468921542875
0.0
0.4719314182724937
0.0
0.24943122767894504
0.0
0.1384894603142976
0.5048476860184788
0.0
0.0
0.0
0.0
0.8621135750658858
0.18869829592247464
0.1210497115479386
0.08064768124179006
0.7120342383472889
0.8261899043460039
0.0
0.0
0.08628374260499479
0.0
0.7805214012141175
0.5118156615116268
0.0
0.0
0.07189745916013698
0.7120192797994399
0.1134781570575438
0.0
0.0
0.0
0.728718831774296
0.8757693882779959
0.7190958009697109
0.0
0.0
0.473233667475955
0.0562213961000264
0.0
0.0
0.8409307461797918
0.7341089474511518
0.6661279859299105
0.0
0.0
0.8715317431881467
0.0
0.0
0.0
0.024300691058530742
0.6136908845005502
0.25645939900996745
0.8175725766986286
0.0
0.673221490856628
0.0
0.0
0.6898828071978836
0.8114762419196156
0.0
0.8036057632157728
0.0
0.0
0.5649315645067686
0.7725592503197306
0.02630139135658892
0.0
0.0
0.402371854250862
0.49523160495058727
0.7619840455340566
0.0
0.8284499387897585
0.1894491928163324
0.0
0.25844740292080565
0.15629946470366113
0.0
0.0
0.3114697143034075
0.0
0.15480466031030332
0.0
0.6737214980491076
0.8670806349490038
0.7415160850898314
0.6770010392884724
0.0
0.137064524284665
0.0
0.8471876863855632
0.5864551042907868
0.0
0.0
0.8197805432692873
0.0
0.16469689147711847
0.08329218249937456
0.9022363456282444
0.0
0.0
0.9131928865073735
0.21627856370390403
0.02875389337742039
0.6939026624569403
0.3857896928545396
0.0
0.1792751005824226
0.5373523233140625
0.3756046200660957
0.0
0.0
0.6663059401672549
0.7855491091759563
0.438725709246251
0.0
0.0
0.0
0.07128738439680697
0.0
0.5099615409567241
0.0
0.0
0.0
0.0
0.0
0.9344126337190167
0.20368709798775933
0.8078159474840154
0.0
0.6571583506314412
0.7064074870856503
0.0
0.5998451961739802
0.9668628897846703
0.8726613299608524
0.0
0.26340833983391637
0.316185589116601
0.5127391558211234
0.0
0.819485787825179
2.1892457219974004E-4
0.0
0.0
0.23581895239889966
0.21254757251769338
0.0
0.0
0.15805318273157565
0.0
0.0
0.0
0.0
0.3845463545513042
0.5803065723210742
0.0
0.8146455893873935
0.0
0.0
0.0
0.0
0.0
0.27549692960119027
0.0
0.9458627630766031
0.8169295282563068
0.6317836514898367
0.0
0.2932942122016294
0.25540636712382386
0.2025784739585189
0.0
0.687850750723746
0.0
0.0
0.26670874140886613
0.07212727141430997
0.5091770932482749
0.0
0.0
0.010639911170469862
0.2562942223900623
0.0
0.0
0.0
0.0
0.0259692375506349
0.931462307128571
0.0
0.0
0.0
0.8916384199430104
0.0
0.0
0.6072606432414849
0.0
0.9676558102212687
0.0
0.0
0.6256302968328524
0.0
0.0
0.0
0.15208025601286873
0.022849749749599597
0.25565340982573226
0.0
0.0
0.0
0.9285238311334678
0.0576617312202918
0.0
0.0
0.5639005399164483
0.05406036065434345
0.0
0.20369080393835653
0.6689336197130159
0.31738788451505306
0.45976323219490445
0.061109528930678204
0.0
0.0
0.0
0.8761644698393056
0.0
0.0
0.0
0.7192922242349861
0.0
0.0
0.21958858125007746
0.8358618910110635
0.6939941684985369
0.0
0.0
0.0
0.0
0.0
0.19760132772224648
0.0
0.40107662195600974
0.1923044705179093
0.20082336290229105
0.0
0.0
0.2437797121333365
0.0
0.0
0.0
0.7922062462901245
0.0
0.0
0.2919537459055057
0.0
0.0
0.0
0.11446504837522536
0.0
0.08367756896198313
0.0
0.07434594698740725
0.6174727011909573
0.0
0.0
0.5070321438971666
0.0
0.17514778032825068
0.20769199050689566
0.9770065974237213
0.0
0.0
0.0
0.0
0.0
0.8113675508440388
0.0
0.7820248686618142
0.0
0.0
0.9768632707662783
0.3687932991115533
0.0
0.0
0.6118546738413955
0.0
0.0
0.0
0.0
0.0
0.0
0.0
0.0
0.2373843278929692
0.0
0.41386528583487614
0.8305822185479208
0.28000166325657583
0.7474616103135486
0.7984701290308092
0.9507042405025766
0.4668308363982969
0.0
0.7027298332976819
0.2148432124414861
0.9158102560767836
0.0
0.08117203503373875
0.30357376121317625
0.0
0.20005601930928799
0.0
0.0
0.0
0.0
0.0
0.3207605844322944
0.0
0.0
0.5673029953240277
0.9041386297456953
0.0
0.0
0.26706060825431527
0.0
0.0
0.0
0.0
0.0
0.0
0.0
0.0
0.040419468673689965
0.0
0.9860968671656583
0.01980207385976309
0.8391201732902294
0.0
0.0
0.0
0.7889117711673888
0.2812013071263363
0.0
0.27463449330069334
0.0
0.0
0.0
0.8690498792157038
0.0
0.0
0.0
0.1989900068077817
0.0
0.0
0.0
0.4310751068740667
0.064280083024914
0.0
0.0
0.5020775904619512
0.18899675024292412
0.39631016050913104
0.0
0.0
0.8256090037189696
0.11696191950926062
0.5973371309993051
0.2539829152846569
0.5072492902155272
0.0
0.0
0.0
0.042156961685149
0.0
0.0
0.0
0.501590217633992
0.10094920062057394
0.8821044297072399
0.035023149758884875
0.0
0.0
0.0
0.507040250311554
0.0
0.0
0.43771671533853
0.0
0.41379185343745967
0.0
0.8744326575785212
0.8592555288499579
0.0
0.0
0.0
0.4611189517052541
0.0
0.0
0.0
0.7375139766650523
0.0
0.0
0.0
0.5459117042758764
0.19319939979146022
0.0
0.0
0.0
0.021807737151774878
0.0
0.15948224419629542
0.0
0.0
0.23362444704766158
0.9150393322771397
0.5778539129794331
0.0
0.0
0.9915707349816524
0.0
0.0
0.0
0.9216613542814608
0.7735661189479556
0.26198375456028156
0.0
0.5559148802661905
0.29686630546068987
0.0
0.0
0.4577362486422559
0.0
0.0
0.05988398860095091
0.36398295071649983
0.8009532474300545
0.0
0.9022717145225
0.0
0.5046893215559136
0.0
0.0
0.21364068046177154
0.0
0.0
0.23846073034945073
0.39578056726912414
0.0
0.0
0.4037973872542274
0.1407771930079326
0.0
0.0
0.0560992562137061
0.630544844428342
0.0
0.0
0.9336340835963641
0.1719791817994469
0.26632838185911417
0.0
0.0
0.0
0.753525430914671
0.3744154058752495
0.0
0.0
0.870171372769119
0.21743647798734522
0.6353664107474823
0.0
0.0
0.0
0.7903252070802236
0.0
0.8963864695461483
0.0
0.658883917731149
0.0
0.3066820965142226
0.803522669662589
0.0
0.0
0.7124507856152257
0.26148704225648517
0.0
0.0
0.0
0.0
0.0
0.47578353673701196
0.0
0.0
0.4318276734438147
0.5258299712632895
0.36316415073457825
0.3850908983939995
0.5276723229527266
0.0
0.508530539210847
0.8771186346895334
0.32683940066691625
0.0
0.21409234838861066
0.9314050943184644
0.0
0.0
0.8166592673581416
0.0
0.0
0.6947005939952925
0.12741737963889052
0.48985333256822716
0.0
0.0
0.035827953409445314
0.0
0.0
0.0
0.0
0.7917037638581362
0.0
0.0
0.0
0.7715203352041835
0.8832666163736594
0.0
0.21988584563242908
0.0
0.0
0.0
0.0
0.0
0.0
0.0
0.6238397020520743
0.0
0.6704290053404457
0.0
0.013620645195116516
0.7261413863765668
0.871424368256638
0.0
0.0
0.07108523400009914
0.0
0.0
0.0
0.4798506729854261
0.7421807913201778
0.0
0.0
0.0
0.0
0.0
0.0
0.0
0.0
0.0
0.9430876467010789
0.0
0.15436244293576862
0.004313650932693499
0.0
0.0
0.2433469551844689
0.621246007264983
0.0
0.3013922885611104
0.19088890043849768
0.0
0.0
0.5306736172937951
0.0
0.0
0.899525260799088
0.08625089323939951
0.5847676965320021
0.5303833700293218
0.9124990560203645
0.0
0.8135969643358042
0.0
0.9858548016338169
0.0
0.0
0.0
0.11800177489204153
0.7255426909797817
0.0
0.22515557307509523
0.0
0.9868158371392831
0.0
0.13524399823510086
0.0
0.4313884980549201
0.8945488998316729
0.6204789173981982
0.819982543475264
0.0368880345178189
0.22852060770379545
0.0
0.09207893521543654
0.2501391358558212
0.0
0.0
0.0
0.880808659270894
0.061157217151820355
0.03958704044147659
0.0
0.0
0.0
0.0
0.0
0.7164483735860999
0.013465284804763103
0.36616186421828956
0.8488962877378302
0.18121724728505878
0.0
0.0
0.0
0.0
0.023841439470098855
0.04211362072287555
0.0
0.0
0.0
0.08461250444160764
0.0
0.0
0.0
0.7144416534060872
0.0
0.0
0.0
0.0
0.0
0.9992594460618387
0.0
0.0
0.2371866786032779
0.0
0.0
0.0
0.0
0.0
0.8245755538018074
0.0
0.0
0.0
0.0
0.48701503456438866
0.0
0.014184390339417482
0.0
0.0
0.0
0.8089785456293964
0.22552354526776827
0.0
0.473885634370965
0.0
0.0
0.0
0.3913802677348188
0.1024398547651369
0.0
0.0
0.0
0.0
0.10940401989799348
0.6427359684160446
0.0
0.0
0.6810419233154331
0.2835059908219262
0.7578821125848431
0.0
0.0
0.0
0.24308141851980006
0.0
0.7094282445695858
0.0
0.0
0.75752529431731
0.0
0.0
0.8431665794782865
0.9113190313291734
0.0
0.11052707391807823
0.23516216078998467
0.0
0.0
0.0
0.0
0.9451023535851387
0.7177017107494137
0.41906241280165135
0.0
0.9185399273017317
0.004954484188656958
0.0
0.7836552120657475
0.0
0.7872516090607671
0.0
0.0
0.5194317651287403
0.04944327979566275
0.0
0.44923775243901126
0.0
0.0666947887609812
0.0037412760240371503
0.9159550554556172
0.7955038134052793
0.0
0.8794405565599999
0.3327318337522547
0.0
0.0
0.0
0.10258173658320686
0.39149843443836896
0.0
0.0
0.0
0.8156311141242407
0.3768457520752088
0.7270280584256069
0.8687951941215087
0.0
0.038067095709685056
0.14946097414645965
0.13979719676142577
0.0
0.0
0.0
0.0
0.0
0.7599335701549467
0.0
0.0
0.0
0.006062222351342585
0.0
0.0
0.0
0.34858456921590864
0.5638858366622642
0.7159728647595869
0.0
0.1737785050850028
0.11974269738508043
0.5148445397627283
0.0
0.6883260296321091
0.0
0.25205650494882675
0.0
0.0
0.7113253357335103
0.6014342860285316
0.0
0.0
0.08225258058932068
0.0
0.0
0.0
0.0
0.0
0.829395174477071
0.3256466456463686
0.0
0.4780799175908258
0.14498633240437334
0.5402098360666228
0.0
0.926393218541024
0.10012861695208816
0.0
0.7696697621577481
0.0
0.0
0.0
0.0
0.0
0.10804069345997458
0.0
0.5784648369347425
0.0
0.0
0.8692237274637209
0.7193136941972069
0.0
0.0
0.0
0.009568863262563784
0.9039970744760044
0.10042459349664257
0.0
0.0
0.0
0.7042223152626663
0.0
0.0
0.0
0.7200273986314694
0.0
0.7217725521463902
0.9780960599190006
0.0
0.5910400527648463
0.0
0.6647250447780937
0.010654089788784108
0.4635386243408406
0.21774738480875133
0.570824194337055
0.8730360589655968
0.0
0.13130678703161616
0.9813660432647106
0.0
0.7469315311159984
0.04147695203396103
0.0
0.9705366906718227
0.310314606074194
0.6500956443385204
0.0
0.9790273810540514
0.0
0.8408812257651758
0.0
0.0
0.0
0.0
0.0
0.0
0.0
0.7942433308054324
0.4413071058410109
0.4556408751994008
0.0
0.7589973776889104
0.0
0.7649163055730914
0.11883772153773124
0.0
0.288247356551339
0.0
0.03949514563048368
0.18386588202615184
0.7976150849298155
0.017610709459850448
0.0
0.0
0.0
0.0
0.0
0.0
0.7413764343611917
0.0
0.8130952454797915
0.0
0.0
0.0
0.0
0.8260736420129539
0.606025420535386
0.596685577407307
0.0
0.0
0.011911268504616934
0.0
0.0
0.0
0.0
0.7126980211099461
0.0
0.0
0.5729940807723692
0.6088400298093491
0.292218281464667
0.0
0.7861148738345956
0.35396679667684977
0.8851543156447349
0.0
0.0
0.3504163538927725
0.9261385540499009
0.0
0.6577044865259227
0.0
0.4517870279383732
0.0
0.47597247556014943
0.0
0.3421847609311582
0.0
0.561407451008532
0.0
0.7938055364979498
0.0
0.0
0.0
0.0
0.0
0.09623292395273335
0.5370755610412057
0.1947132045059445
0.19357491611188601
0.0
0.9884688058362446
0.0
0.9322338544011538
0.597278101610223
0.0
0.0
0.0
0.3827908580920485
0.0
0.0
0.3310676021714524
0.01255308468307948
0.0
0.8375552814130294
0.0
0.0
0.0
0.0
0.6434269284583858
0.0
0.9660723993509444
0.35311114522440734
0.0
0.0
0.1090902538630061
0.5879630122835271
0.0
0.736119351283793
0.18651854100145251
0.0
0.0
0.0
0.22393258835848542
0.0
0.0
0.8865075604368464
0.0
0.8360696135570311
0.5357070127567538
0.0
0.0
0.0
0.9236875151094365
0.4773839309369307
0.7242682762359003
0.0
0.0
0.448085409757642
0.0
0.0
0.0
0.0
0.0
0.8260782717326192
0.5897884550212624
0.0565269819654377
0.21997660519530407
0.0
0.31869735953783607
0.0
0.13911580087243733
0.0
0.8538081355603562
0.24375437387615972
0.0
0.0
0.0
0.0
0.0
0.8950895439331834
0.0
0.0
0.5293076875005686
0.10579503762889474
0.8673315399200873
0.0
0.6987730733330402
0.020770196249009085
0.0
0.8958952554949591
0.0
0.0
0.6722808841473791
0.0
0.4449006668645504
0.0
0.0
0.1934056634676556
0.27565879603191407
0.071767076082778
0.6884183407864314
0.0
0.0
0.0
0.6474716916255701
0.0
0.24933851305473373
0.0
0.0
0.6917324944041031
0.2541294312126952
0.21323322007117776
0.4058580425733303
0.3805590860346923
0.0
0.08396627137102704
0.10231693613876221
0.38775492344317747
0.21523280699919953
0.0
0.1886510204730286
0.7016332459774635
0.0
0.18665617690110378
0.9819842817990548
0.0
0.0
0.0
0.0
0.9083882752510642
0.0
0.40359646856278386
0.6112224206514894
0.44805430025245124
0.0
0.0
0.06342404253120305
0.2153515370762828
0.0
0.0
0.49386114507837225
0.2901912753275189
0.44267485643421567
0.8118097471913861
0.5759418456750167
0.0
0.0
0.860001928847427
0.43420518382793377
0.2620130007729798
0.8358870573860471
0.321440902965932
0.0
0.0
0.0
0.0
0.0
0.0
0.9847750005681455
0.0
0.0
0.0
0.0
0.40718659594514284
0.0
0.0
0.0
0.0
0.7404931639940875
0.0
0.0
0.3510698850435248
0.496376933280333
0.204712826131821
0.0
0.0
0.0
0.6247433198213699
0.8475051148201765
0.0
0.0
0.0
0.6507331940132393
0.08635803492212396
0.7519531925851511
0.5988962153363249
0.7197092563551398
0.0
0.0
0.0
0.1599066716603838
0.0
0.26100537362356624
0.12752484248159657
0.0
0.0
0.481987237420755
0.0
0.0
0.6736292972737703
0.7000890736370784
0.0
0.0
0.0
0.6955820323445052
0.12528198926347114
0.0
0.5465104855364505
0.0
0.8199764390354187
0.41179846625565086
0.08720821684799858
0.5664074552929788
0.0
0.046410870221194465
0.0
0.22339721227876744
0.8739769972576534
0.0
0.0
0.0
0.0
0.0
0.36695066728399295
0.0
0.5916173910609928
0.0
0.0068920283256737845
0.4340224656840309
0.0
0.0
0.0
0.0
0.0
0.0
0.0
0.0
0.0
0.0
0.38774660505901093
0.8317178127298808
0.0
0.8981341347304576
0.0
0.0
0.6504400867607734
0.0
0.0762477739178731
0.13800061597995789
0.7851752480909927
0.0
0.0
0.0
0.0
0.13958315580644634
0.0
0.0
0.0
0.3322659217818251
0.42253776390114406
0.0
0.0
0.07140926670595718
0.49079964298120277
0.09814887741288737
0.5132506288566139
0.0
0.1043664745705084
0.0
0.0
0.8171592119397059
0.10792946483191661
0.0
0.0
0.0
0.05664089473272297
0.6755063779436021
0.8584635388094498
0.8907842142163094
0.47637785466400406
0.573688606476379
0.0
0.6934927465319648
0.8936268317157074
0.8422505790421537
0.0
0.0
0.0
0.6033193255502363
0.04901213950847613
0.23348638084523113
0.0
0.1323162104304074
0.0
0.0
0.0
0.0
0.7681433382394128
0.1460279462352832
0.0
0.7626984279807499
0.0
0.0
0.0
0.9270283708061504
0.0
0.2759287395304701
0.921442713096759
0.0
0.0
0.25537575779093985
0.0
0.0
0.0
0.22630230692285375
0.0
0.6606910817891762
0.0
0.0
0.40971199052891405
0.0
0.0
0.3373429048207056
0.9317851124328883
0.5823753502384567
0.8219352412343303
0.0
0.0
0.0
0.0
0.48404621887632854
0.0
0.8748428902136961
0.0
0.0
0.0
0.0
0.0
0.23459559674300126
0.0
0.25407903643860635
0.3145034032109518
0.21547752183990576
0.015318715629693504
0.0
0.0
0.33504943957423544
0.604603448188023
0.0
0.0
0.3440143004343759
0.19825595901800203
0.6413865882331545
0.0
0.1119389838317804
0.0
0.0
0.2907475535861266
0.0
0.0
0.9931806917293521
0.0
0.0
0.0
0.14856315980384077
0.0
0.034415811116183345
0.0
0.0
0.0
0.5789763816095683
0.8145140332489247
0.44149347876648315
0.947312553001151
0.0
0.5950103130549579
0.0
0.0
0.0
0.4427944075387836
0.08760936313756253
0.0
0.8425835264881886
0.0
0.3314213211210015
0.0
0.14454697690295468
0.16589489167070703
0.29111346629656454
0.0
0.0
0.0
0.8919857048691316
0.0
0.0
0.0
0.0
0.0
0.0
0.3511965023436292
0.9202109526306492
0.5112518388435866
0.0
0.0
0.9121936949838285
0.0
0.7169982746702879
0.0
0.0
0.0
0.902300817318015
0.4994403969218608
0.9637970203051339
0.702860539171913
0.6174694921522235
0.0
0.4488117722658632
0.8975010196589752
0.0
0.0
0.0
0.5218225745530851
0.0
0.0
0.5370563745736703
0.0
0.0
0.7446588505167171
0.5081125104190497
0.0
0.07230245870380865
0.0
0.34887172676467065
0.0
0.14919844181347036
0.0
0.955104120813492
0.915846032795285
0.6685094653632148
0.6285919549814266
0.0
0.04519104855630277
0.0
0.0
0.0
0.49739508048802594
0.0
0.0
0.29055951542300656
0.0
0.0
0.9435250187177202
0.46472068539541245
0.23298598531026563
0.0
0.0
0.578584157411824
0.0
0.0
0.0
0.0
0.0
0.020464281327677847
0.0
0.0
0.0
0.0
0.0
0.6160085815815126
0.0
0.2356023773378387
0.0
0.0
0.5476772374584887
0.0
0.7946009091390563
0.0
0.589463026991328
0.0
0.0
0.7172010614450464
0.1627272727726122
0.0
0.0
0.591891409627201
0.3651419292512678
0.6793190856199169
0.0
0.0
0.6466744586927956
0.3117527708311952
0.4164094596310809
0.0
0.0
0.0
0.0
0.0
0.9436318780894215
0.0
0.01643059277232639
0.0
0.0
0.0
0.23806430713802185
0.0
0.0
0.5528735217164259
0.9851267166715414
0.18889236955269395
0.0
0.8577778345298815
0.0
0.0
0.0
0.5565650047113827
0.0
0.4942485705222408
0.0
0.6272515578164983
0.0
0.0
0.8937688105638267
0.6965591845613488
0.0
0.0
0.0
0.11093869157716323
0.04347617422958078
0.0
0.320952576812292
0.6459035580630623
0.0
0.0
0.0
0.07800719089322986
0.3074972007092438
0.2589051432445113
0.0
0.0
0.0
0.0
0.1589027828808309
0.0
0.0
0.9124540257394269
0.0
0.840026898480559
0.22041690172984377
0.0
0.12103733981775411
0.04871769171753717
0.0
0.6198377516390007
0.7368518870104863
0.6467365407142058
0.5586794045567769
0.3969454008022651
0.259068122032584
0.11370310538623724
0.05905778994202072
0.20292353654575704
0.0
0.0
0.0
0.0
0.22800679821753161
0.0
0.30909987005385237
0.0
0.1030063234611561
0.0
0.0
0.0
0.0
0.42835328532723654
0.0
0.9293646540535826
0.0
0.720369945431454
0.7878565702541616
0.5221458795185181
0.698329222740614
0.0
0.0
0.1300003731961918
0.5461282313078953
0.0
0.0
0.0
0.0
0.36534138251746706
0.7947466895321114
0.0
0.0
0.0
0.0
0.0
0.0
0.0
0.0
0.08189356638110046
0.0
0.8807062743226449
0.9048963905514255
0.6226861565013584
0.0
0.0
0.0
0.0
0.12475283179876615
0.18047712160254423
0.9747052372060356
0.9215696570400594
0.0
0.6178783312870956
0.0
0.0
0.5221646389407276
0.8667910814998413
0.21094745473508153
0.7627419047143198
0.22761868471611518
0.9674446920879964
0.0
0.0
0.5167375212237202
0.4217175384421587
0.0
0.0
0.0
0.0
0.5585453597458
0.9455847007241013
0.9356146540205591
0.5595547861094393
0.5825302421297801
0.8192768683631165
0.4758003274017742
0.0
0.0
0.14530959565556545
0.6514533059590448
0.0
0.8964731197367948
0.8611154734058882
0.48936705616034365
0.904858217681124
0.20864668195136415
0.0
0.0
0.0
0.0
0.4508507447984445
0.0
0.0
0.0
0.20799225898870527
0.0
0.741998159706059
0.7954664435152503
0.0
0.922071358514377
0.0
0.0
0.43793958806699257
0.283818602045455
0.0
0.0
0.0
0.0
0.7832777220742054
0.0
0.3556985150637921
0.0
0.0
0.9651446386804918
0.306022145138702
0.8027942177706673
0.7713267718763968
0.4649903570008172
0.0
0.0
0.23294314789898832
0.21968062528712726
0.0
0.0
0.005751881938439346
0.0
0.0
0.45809577173105653
0.0
0.0
0.11004642886226174
0.0
0.0
0.6154502603135665
0.0
0.10824516108549402
0.41823250933591705
0.0
0.33472625455074045
0.2002387400894811
0.0
0.48380419324019874
0.34164175061099894
0.0
0.04552149244060696
0.0
0.0
8.937944437308895E-4
0.3555409384617267
0.2875131370966538
0.0
0.15826426227178234
0.0
0.6633512023151727
0.3482180672543549
0.0
0.0
0.0
0.015508271293646018
0.0
0.3600058986197409
0.7207128413292646
0.2413727549458284
0.0
0.0
0.0
0.6891262474613674
0.7936857274424496
0.0
0.01604624702994093
0.0
0.5175608424821689
0.0
0.228566782986538
0.19932520557195182
0.1770974029730747
0.0
0.7625419635274536
0.9926957340162462
0.22793507106387909
0.7647798456996308
0.2952129084944096
0.7230535458954698
0.0
0.0
0.01838192648792287
0.0
0.8681726984394472
0.13340123294000533
0.7002620689874671
0.0
0.0
0.8332364173877621
0.9054466964312717
0.0
0.09252964593277316
0.0
0.0
0.0
0.0
0.0
0.0
0.0
0.0
0.0
0.0
0.547543546823012
0.0
0.0
0.0
0.0
0.0
0.0
0.0
0.0
0.4866478873683332
0.0
0.0
0.0
0.9822909187334109
0.0
0.97591699280498
0.0
0.13889089144011918
0.30913346921132634
0.0
0.0
0.0
0.039932085396692296
0.0
0.9083229516355593
0.0
0.0
0.0
0.0
0.12251559441837637
0.0
0.0
0.0
0.7276341676287233
0.0
0.6327871779050256
0.8937683295976471
0.4856261660828483
0.7456766444272144
0.18403287446494088
0.0
0.9961403178566232
0.6516913892144015
0.18762461933456032
0.37449811695836993
0.0
0.0
0.6541474098079989
0.0
0.0
0.0
0.21416369436697866
0.7328557071382412
0.0
0.0
0.15413753069645825
0.3358198118973237
0.0
0.0
0.0
0.36396684986739924
0.0
0.6595153517991
0.0
0.6997621974442311
0.0
0.0
0.7798330202074768
0.0
0.0
0.8241412279964665
0.0
0.7207206654485876
0.0
0.4144339004100128
0.788392813099347
0.9650891499904988
0.0
0.16447155018873777
0.0
0.24997458507877976
0.0839382112528631
0.0
0.0
0.9868808402675485
0.1378577270230002
0.0
0.5447468963880334
0.6421682765025531
0.0
0.0
0.895091907461691
0.0
0.0
0.0
0.5555514003281312
0.0
0.0
0.16360310528408617
0.0
0.8876900157001478
0.48164298907275294
0.0
0.0
0.0
0.0
0.0
0.29629438512057393
0.0
0.7952330209996847
0.4510181019209633
0.6371079154083099
0.0
0.29618215852714014
0.0
0.0
0.0
0.795678649090491
0.0
0.0
0.0
0.9160946441474682
0.0
0.0
0.0
0.0
0.0
0.0
0.0
0.9014974818275219
0.0
0.0
0.0
0.0
0.9576477639319267
0.0
0.0
0.18049321389292403
0.0
0.9094060428082016
0.0
0.9007411198477804
0.0
0.9335612691119609
0.0
0.0
0.0
0.9151775348204715
0.0
0.004284222702348826
0.0
0.9579151291272046
0.6734766898204013
0.0
0.112907979344432
0.03279217833098146
0.0
0.0
0.0
0.0
0.21252083181897446
0.0
0.0
0.9972443677904615
0.0
0.0
0.9802039203546118
0.0
0.34485392539752213
0.0
0.24132864052370476
0.0
0.2561450912526277
0.18085904953037674
0.6711823259394168
0.0
0.0
0.602857541613184
0.0
0.0
0.5636188350204001
0.08321491912094085
0.0
0.6786826462022135
0.6336343870465314
0.9822756680471136
0.0
0.167942773322802
0.9604175504418265
0.2896666764638641
0.01090929282182608
0.07741309027879767
0.3097172991443218
0.0
0.9450834888941609
0.262828879939213
0.0
0.9845836271044487
0.0
0.0
0.12678456881745528
0.0
0.0
0.0
0.0
0.15785985673134253
0.9989074873931199
0.0
0.7398061863736594
0.0018329640049049906
0.616971385320571
0.0
0.9579499026060391
0.7067097019064164
0.0
0.0
0.6714094184324494
0.41462794787997864
0.025190014789182986
0.20595689161498051
0.855810906621898
0.6196437644683269
0.6798561394864211
0.9361071202450867
0.0
0.8626702506379859
0.0
0.0
0.05863675554136391
0.9428767304356942
0.0
0.0
0.0
0.0
0.0
0.0
0.0
0.0
0.1586784470914904
0.7804750011503755
0.0
0.0
0.0
0.0
0.594329224262289
0.3416721928296973
0.6514117318105234
0.8456167517466984
0.9972553577764411
0.0
0.0
0.0
0.0
0.992773589021122
0.0
0.467206242736972
0.0
0.0
0.4605081938132818
0.0
0.3979584166653803
0.0
0.0
0.0
0.0
0.0
0.45746797396358263
0.0
0.0
0.7794966889302642
0.0
0.0
0.0
0.0
0.6071817607315502
0.3549640491892621
0.8069008823787491
0.0
0.9102556966457531
0.7983174690214337
0.918883665260186
0.3997780885330593
0.0
0.0
0.0
0.7176849912452461
0.0
0.0
0.7568639242011646
0.0
0.0
0.0
0.0
0.010159284820911933
0.06236051194650465
0.7518830008361795
0.0
0.8205737498733418
0.0
0.0
0.0
0.8096851854405255
0.0
0.1112834474050711
0.0
0.0
0.669298451096786
0.47640914599661577
0.0
0.1047157286060791
0.0
0.566868219978192
0.7189683794980821
0.700533714145015
0.8247080624581699
0.0
0.17159146142017487
0.07095681594539376
0.0
0.24503820961037295
0.0
0.644504963622777
0.0
0.0
0.0
0.040300318401343065
0.0
0.0
0.0
0.36724602980609483
0.613994354275773
0.4777255921354599
0.7336198697999434
0.0
0.406651365322678
0.11035192068516562
0.0
0.784462274667811
0.0
0.0
0.9766341612312315
0.07453198337442261
0.0
0.0
0.0
0.0
0.0
0.0
0.4150393282490561
0.2530408134608934
0.0
0.0
0.0
0.8397618206067953
0.8642624260530822
0.5876895483374608
0.0
0.46961121427622216
0.0
0.0
0.0
0.0
0.20363820232042476
0.550872170187543
0.0448687219910201
0.0
0.34126230606804697
0.0
0.0
0.9249340214074988
0.0
0.7303621189041362
0.0
0.0
0.5902569777855639
0.0
0.0
0.0
0.0
0.10793278415983598
0.8072863825523766
0.29097432967971776
0.8214028182233127
0.0
0.9407492015290081
0.0
0.0
0.0
0.23411112630475567
0.0
0.0
0.16496182679129798
0.0
0.0
0.6322526236382986
0.0
0.20823442990352042
0.0
0.5311053998091996
0.9768703161535717
0.0
0.5301789182173826
0.7839044592712106
0.0
0.0
0.6940762497935515
0.6587669468608038
0.22462230545018738
0.11255356811889944
0.0
0.0
0.0
0.4636561736724149
0.1202598184641048
0.13227961432194707
0.9130135719198493
0.27090211643738105
0.501916741453516
0.0
0.7960199094633504
0.0
0.6548728033822703
0.6391717684118069
0.30298203257172857
0.11864460655004176
0.032038522938728976
0.8371213698214321
0.0
0.0
0.0
0.008942905840949531
0.0
0.0
0.0
0.0
0.0
0.2592371914412393
0.0
0.0
0.0
0.45866273975656763
0.15912350228237343
0.543803140589883
0.0
0.0
0.0
0.0
0.4209056093921774
0.0
0.05156144876381033
0.0
0.0
0.0
0.969802340931934
0.05056360560963273
0.9089672790618868
0.0
0.3547999430706361
0.6002985436021567
0.0
0.0
0.0
0.0
0.0
0.19626778893390093
0.5543163014158544
0.9054076789243545
0.0
0.0
0.0
0.0
0.0
0.4472600584585645
0.405272205726901
0.0
0.0
0.0
0.38666484598590783
0.7997448467389872
0.7983318307788414
0.0
0.1046513104834974
0.7063473661371108
0.056606603052206925
0.9911173970453401
0.0
0.0
0.9145082458175635
0.67627663668921
0.7005792980305672
0.5831592358524871
0.0
0.0
0.0
0.0
0.8489809723603737
0.0
0.0
0.0
0.8626228456690084
0.0
0.9038542534006256
0.0
0.0
0.0
0.44012804556741886
0.0
0.46729747299073976
0.0
0.0
0.336262238974281
0.0
0.8542242951599855
0.0
0.0
0.5520595816287561
0.8042192629761037
0.0
0.0
0.0
0.0
0.0
0.0
0.0
0.0
0.0
0.0
0.0
0.0
0.0
0.9441678442877169
0.5283008516370403
0.48913920526076365
0.0
0.6168057195219463
0.3298136613031691
0.6534008071005076
0.0
0.7231506999637167
0.2713309316299665
0.0
0.0
0.8205965934113014
0.0
0.0
0.357043233109392
0.0
0.0
0.11750619202786236
0.6372212480744873
0.49126910437650084
0.0
0.9948629053514414
0.5245088596001918
0.9589705056595639
0.22887259531510254
0.0
0.2037316499582138
0.0
0.4387816720631747
0.0
0.0
0.5679891629462929
0.0
0.3879936882655181
0.9941070988586594
0.0
0.0
0.0
0.0
0.0
0.4304195499656734
0.41276948665291724
0.6961814932831467
0.0
0.0
0.6305571313454924
0.28035871425779185
0.6892432608074166
0.9514963541484045
0.0
0.25281189897711004
0.5860077575729098
0.7954969450618498
0.0
0.26369979744130156
0.0
0.005689297189473025
0.0
0.0
0.0
0.0
0.0
0.0
0.0
0.0
0.8484666074778313
0.0
0.8967599300745124
0.0
0.0
0.05762392613761804
0.0
0.0
0.0
0.0
0.0
0.0
0.0
0.6415150933674977
0.9739619528430878
0.46553499991032327
0.6112875166741394
0.0
0.8658889669782035
0.0
0.0
0.0
0.0
0.0
0.0
0.7039490779735298
0.7902536029355564
0.0
0.0
0.02691231589764589
0.0
0.8715919250339853
0.0
0.0
0.0
0.7475387870746707
0.0610008397025068
0.3665905991558109
0.0
0.7495503212505531
0.655332434500857
0.08380431302430962
0.0
0.0
0.0
0.07718653898275714
0.21267122504102023
0.14722279323359708
0.0
0.0
0.4504660218383182
0.0
0.0
0.04375429890622388
0.0
0.0
0.0
0.0
0.0
0.0
0.780791931958464
0.0
0.07595059078055934
0.0
0.0
0.0
0.0
0.0
0.6413397130273427
0.0
0.5770799709435054
0.0
0.0
0.0
0.8917983905787819
0.0
0.6359384630742222
0.5661458907188944
0.9790873974616506
0.8515761606838899
0.0
0.0
0.11657408757199011
0.132006489725451
0.6573642959909676
0.0
0.6014935300980468
0.0
0.7343122578669414
0.15321576632626888
0.8676062452039999
0.7222771380573818
0.0
0.0
0.0
0.3013928961287591
0.002345372542495324
0.0
0.9912406653405041
0.1667897619112939
0.0
0.0
0.0
0.0
0.8877220927538287
0.35580247399557396
0.8437110942971531
0.0
0.0
0.0
0.8330155213807925
0.0
0.0
0.0
0.9693350404175349
0.0
0.0
0.7798008342499675
0.0
0.0
0.48163441241511157
0.0
0.9037871246045242
0.0
0.0
0.0
0.0
0.0
0.0
0.0
0.4005364179982127
0.0
0.0
0.0
0.111725901057634
0.0
0.9819178679392777
0.2000483951534605
0.5293413135393873
0.9480601085039579
0.0
0.0
0.0
0.12582561623375932
0.6400371308267591
0.0
0.9812003012991188
0.0
0.0
0.3512544184756471
0.9190393222939932
0.29998558776270307
0.0
0.0
0.9915039379322285
0.5515011742545927
0.6128542709005721
0.0
0.0
0.4370556775245651
0.07039965549252082
0.0
0.9029893002950166
0.0
0.6752068008731528
0.2747807453307279
0.0
0.8137195204205755
0.0
0.0
0.0
0.35105975380080556
0.5140077395009454
0.2624531234906204
0.0
0.0
0.9511250806809701
0.42777935585747057
0.0
0.0
0.8948124972529796
0.0
0.610742606946537
0.0
0.4788286175596074
0.0
0.0
0.4695892078329922
0.0
0.8850164921569352
0.0
0.5357630039599184
0.6886051320487137
0.6627556989012543
0.31630810952143495
0.0
0.0
0.0
0.015677167597025237
0.16425533348610738
0.40927873937040304
0.0
0.5058153720076732
0.8644190019551963
0.0
0.0
0.6541466301545825
0.0
0.0
0.0
0.0
0.0
0.8381946903689717
0.3827714702032149
0.0
0.0
0.08555090074296418
0.0
0.837346461287002
0.3051611173886124
0.0
0.9896787079319251
0.4767862128134986
0.3287911764201479
0.0
0.21749417464523765
0.9310925279574214
0.0
0.0
0.0
0.4365073413372943
0.0
0.0
0.0
0.0
0.6100836029175983
0.2125297388382363
0.0
0.8544159018754621
0.3339983926777649
0.3720231108172357
0.0
0.9409854533671865
0.0
0.9757274837492285
0.0
0.6554706152759829
0.0
0.7884917910747209
0.0
0.0
0.0
0.15310326767659838
0.0
0.9304775934714253
0.9217483046261145
0.0
0.8042121590690916
0.3524499672447396
0.9500842921296636
0.6834805872765097
0.0
0.47718091211067026
0.1680078959642072
0.0
0.9710448926417953
0.0
0.6644001196612426
0.21851180126713812
0.2191900590586526
0.0
0.0
0.5534902862488276
0.07336815606257145
0.0
0.5390944506196145
0.6663948275197994
0.0
0.2365551059828991
0.07233170106616434
0.9174979120944571
0.0
0.3425728518918592
0.2838147178073982
0.0
0.5320921206440401
0.09286819397610575
0.0
0.52820276465288
0.26831001472628363
0.0
0.27737298193697435
0.0
0.0
0.0
0.17382771562698432
0.0
0.36252518957286084
0.0
0.533350791540803
0.0
0.0
0.11304441150521181
0.2477703377827406
0.7281417690315194
0.0
0.12976500915467148
0.9950598137083979
0.9325809245642762
0.0
0.0
0.595708200592756
0.0
0.0
0.0
0.3592881194138214
0.13016923831736443
0.0
0.4469485288522137
0.39560777842119665
0.017574167051859636
0.0
0.0
0.8676021475654996
0.3377378388007888
0.0
0.0633890211479055
0.044737231764383975
0.2170855240122709
0.5017242330053936
0.0
0.0
0.7284585037168155
0.7121895436873207
0.9203963740925745
0.0
0.0
0.13266237802692715
0.45829693754339074
0.0
0.0
0.0
0.0
0.0
0.0
0.08628945839726772
0.0
0.0
0.0
0.8789622070535278
0.0
0.19852162845872062
0.11629298981390446
0.0
0.0
0.0
0.0
0.5533007211157993
0.0
0.0
0.0
0.8179702256767861
0.0
0.0
0.0
0.0
0.0
0.3379309073833361
0.0
0.0
0.0
0.0
0.21431929404058622
0.43883530476600086
0.0
0.1459021227848794
0.0
0.9824502650638584
0.11265474368694775
0.0
0.0
0.3643085522552966
0.0
0.0
0.4978468762849494
0.0
0.0
0.36236499680272255
0.3123930374669856
0.0
0.0
0.85027685153728
0.028841003878916173
0.9896996331301766
0.9945216332182395
0.0
0.1704722947862187
0.26367925730513275
0.9705604018963669
0.3040733454290071
0.0
0.9177722977689221
0.0
0.0
0.0
0.23050166867004007
0.0
0.6582036350890564
0.0
0.1701655044918913
0.40462178608507565
0.7977799365382067
0.25136205352506663
0.6070281083918082
0.0
0.5556959655280996
0.6425532221657962
0.0
0.9141851753719507
0.654801694859048
0.8698760625501037
0.0
0.0
0.5769702094517447
0.0
0.8734715554020984
0.19663769485216273
0.0
0.09196395367106307
0.9744004930147379
0.3036233810293477
0.8564380844976536
0.7975230720720866
0.0
0.8516786919196457
0.6895581456957928
0.0
0.0
0.713635189928152
0.0
0.9070808331123079
0.46935509529305525
0.725566660639519
0.0
0.0
0.0
0.0
0.0
0.0
0.6006391837967793
0.8352861636829019
0.0
0.0
0.16855606981329158
0.0
0.14773420140910085
0.0
0.4214687537533569
0.0
0.0
0.0
0.8854852725067199
0.0
0.6600855653309073
0.0
0.0
0.0
0.0
0.0
0.0
0.0
0.23320977138518537
0.0
0.0
0.0
0.0
0.0
0.48601622716124054
0.0
0.8123705653936547
0.0
0.0
0.0
0.0
0.0
0.029615634063074135
0.7384001100201849
0.0
0.38988903328402535
0.3676494070724037
0.8388772058563496
0.8594649755590763
0.0
0.0
0.19049130183805513
0.2385460394927431
0.9840454564818409
0.0
0.0
0.1714724580159211
0.0
0.9829555857370941
0.0
0.7687834248352627
0.0
0.0
0.5423217635842312
0.06812215131912659
0.0
0.0
0.0
0.37003076544636854
0.8000628787439837
0.0
0.0
0.0
0.013429009042400276
0.0
0.0
0.844838210812348
0.0
0.0
0.0
0.0
0.9994371030992981
0.02708440371704656
0.6765166619879072
0.0
0.17093614983949365
0.0
0.0
0.19755264904161043
0.21819144196083606
0.0
0.0
0.0
0.3357266733262167
0.0
0.27624741782536016
0.0
0.8868955271852516
0.0
0.3113908857147945
0.0
0.6053345697735336
0.0
0.0
0.6976851652910568
0.0
0.0
0.0
0.0
0.09782255249640107
0.0
0.0
0.49321002354104515
0.0
0.29689624506800316
0.0
0.3495477226825209
0.0
0.0
0.8198098095427919
0.13404661732679823
0.0
0.6977821117226047
0.0
0.8860969410251723
0.5515779921931547
0.12765667315414783
0.8962937591830484
0.23168977812062677
0.038280576558840505
0.0
0.0
0.0
0.0
0.9472793023261762
0.0
0.0
0.5736180998806527
0.0
0.6881498231928446
0.427077984786296
0.9501184548203336
0.6971856597857451
0.0
0.0
0.0
0.9567451060607985
0.0
0.0
0.0
0.3197675663577697
0.0
0.6279401775602413
0.0
0.09362431331085147
0.0
0.5583648252480906
0.9786083977124589
0.0
0.05700673833984597
0.0
0.0
0.24977319595349087
0.0
0.015063856345212836
0.0
0.0
0.7421476890456375
0.0
0.0
0.0
0.0
0.6568472297472886
0.0
0.39016346251323153
0.4355628700314
0.3751015009077172
0.0
0.0
0.0
0.26853357367561337
0.8938177940746505
0.7647796543750962
0.0
0.0
0.0
0.11385597415728019
0.9976918764795917
0.0
0.22683768491385511
0.0
0.414430075203554
0.24537838696449707
0.8501741819755168
0.713127541619532
0.0
0.0
0.0
0.0
0.7652606600051655
0.9125084630078355
0.9212219557334833
0.0
0.0
0.9840515073450266
0.0
0.0
0.13485641679404925
0.11708659903519807
0.0
0.3701675401399116
0.0
0.7216304272817761
0.0
0.48740539996646415
0.46839966385223036
0.0
0.0
0.33479567741085625
0.0
0.0
0.0
0.6788294576942653
0.0
0.2893366196861952
0.4497001908166765
0.4926287759891447
0.0
0.0
0.21441985005405653
0.09121133605917692
0.8481059558357721
0.0
0.0
0.0
0.0
0.0
0.07093664030586064
0.0
0.48634662680202156
0.5423071216458544
0.727730629346433
0.9889841578893717
0.4466697432831645
0.0883270155570089
0.0
0.05369137261668834
0.768659345463704
0.0
0.9460810627327132
0.0
0.0
0.0
0.06296848438207252
0.7252886955816091
0.0
0.0
0.0
0.0
0.0
0.23736712354618555
0.0
0.9848086472887392
0.6747096080519137
0.0
0.0
0.0
0.0
0.7176298353272941
0.0520106420375808
0.0
0.0
0.0
0.0
0.0
0.0
0.0
0.6436819484990339
0.0
0.46353324805252144
0.8433799489676773
0.6728486742648977
0.4173959203451713
0.0
0.0
0.0
0.0
0.0
0.740568601484737
0.2899342977599612
0.36144487695530725
0.0
0.0
0.9451085743256971
0.0
0.15432230210555256
0.250182896290245
0.0
0.8777936774716618
0.0
0.8386367016306168
0.0
0.30664660478190875
0.0
0.0
0.0
0.0
0.0
0.0
0.0
0.8822664100245279
0.9580765702823753
0.0
0.0
0.0
0.5570479211159131
0.17161222995991252
0.06374036189907654
0.0
0.5520644949919973
0.0
0.4076071457301702
0.8267441069233775
0.0
0.7423857890298869
0.0
0.0
0.24066405310730216
0.840525143783239
0.0
0.0
0.8976006487045705
0.0
0.6218567294938449
0.0
0.0
0.0
0.24072736317791193
0.0
0.0
0.00862415670853424
0.0
0.0
0.8811484911086439
0.0
0.0
0.4494156182299927
0.0
0.0
0.0
0.09168451983758207
0.9757088451440665
0.6015602968703164
0.8612228647989022
0.0
0.0
0.0
0.0
0.8768608033263425
0.0
0.0
0.0
0.0
0.0
0.0
0.4124838610774191
0.9866421970530064
0.45040583069499673
0.0
0.0
0.12568097809779075
0.9672635730846043
0.0
0.0
0.4262745242769833
0.0
0.367185419103218
0.0
0.0
0.10691944186397215
0.0
0.41163622153771345
0.0
0.0
0.0
0.9336393170070272
0.0
0.2218463232996054
0.0
0.9752387187860246
0.4578801421694147
0.0
0.0
0.0
0.8039974436932088
0.0
0.0
0.890757643567174
0.0
0.0
0.0
0.8136342718439166
0.2847060015841624
0.0
0.0
0.0
0.0
0.978186520723669
0.0
0.0
0.33812324643483566
0.23203314846826067
0.0
0.0
0.0
0.0
0.9943837305556767
0.0
0.8827692447921274
0.0
0.0
0.4703000975420767
0.0
0.0
0.0
0.06381745834800111
0.4442379730659143
0.0
0.444470117292533
0.866822012704536
0.8533420288246569
0.0
0.8346693721119777
0.22284047966520562
0.0
0.014049132194073721
0.7676147731102222
0.0
0.7928400261008428
0.75889727595276
0.0
0.0
0.0
0.6896870279476862
0.0
0.8655272513784039
0.4693050457367683
0.0
0.0
0.0
0.0
0.0
0.0
0.2449741949278172
0.0
0.0
0.6826980950463976
0.0
0.0
0.7561061590431826
0.0
0.9644461968492429
0.6400523933713131
0.0
0.35702276674801203
0.0
0.0
0.0
0.7387339393309432
0.1297085806391244
0.0
0.6813832419202671
0.0
0.0
0.9496286730528191
0.6180245939250724
0.555888084101411
0.47353207674920605
0.0
0.0
0.0
0.0
0.0
0.0
0.7121384323316032
0.0
0.9982338839688499
0.0
0.0
0.0
0.0
0.20508341830590332
0.0
0.0
0.0
0.0
0.8616090958411203
0.09726580752266427
0.0
0.4248366727904182
0.4173426960874926
0.0
0.0
0.8363376304640067
0.5117959956509645
0.0
0.0
0.0
0.0
0.0
0.0
0.0
0.0
0.0
0.9455576516332084
0.139245766252115
0.8199020096308088
0.24060229157068494
0.0
0.12452246315049847
0.8987229400349043
0.0
0.0
0.0
0.622979957631153
0.0
0.10769058097584226
0.3945532538477462
0.0
0.21510673290638863
0.11151892149085064
0.0
0.0
0.8056416307026625
0.0
0.7227479235264848
0.14668164989993704
0.0
0.10147115799164852
0.0
0.9567767698284728
0.0
0.0
0.053342764742718145
0.4260038862654257
0.9201795080146123
0.0
0.0
0.9798730639603308
0.801798287483245
0.0
0.01964443521070703
0.0
0.7797221471930806
0.0
0.14748074272025247
0.0
0.0
0.0
0.2895801185909068
0.7413365466809203
0.0
0.38032902706088845
0.43399140124034646
0.11287116076574207
0.8001407694825721
0.0
0.4297508795362471
0.0
0.0
0.0
0.1629026892075553
0.0
0.0
0.0
0.0
0.2131702232310743
0.139005158433689
0.5228944305741697
0.0
0.0
0.0
0.0
0.0
0.0
0.84401789150623
0.0
0.29356325622468543
0.9691840786072459
0.0
0.0
0.0
0.0
0.0
0.0
0.5886692867638204
0.9342381603779282
0.8077731848409807
0.2832075413090646
0.1119934648367995
0.0
0.0
0.8206019606023339
0.8131211576354089
0.16835509418341263
0.0
0.0
0.0
0.552344975664974
0.0
0.0
0.0
0.0
0.880608370625296
0.0
0.0
0.0
0.0
0.0
0.14372658147491613
0.7642356740773866
0.3977794343155393
0.0
0.4547296176401608
0.20240404550630073
0.6250031804485693
0.6351987030262658
0.0
0.0
0.0
0.0
0.17333976487860478
0.0
0.0
0.2345386068386629
0.0
0.9841640460494977
0.14264633734446375
0.0
0.809692067755053
0.0
0.0
0.0
0.24041051085772752
0.0
0.0
0.0
0.0
0.33035296102110523
0.0
0.0
0.0
0.0
0.0
0.9517330548262513
0.32254845901914475
0.16913024031414295
0.0
0.9225582147029113
0.7002428799245266
0.6265021984767098
0.44264783322616535
0.0
0.7669344265910111
0.34100062262084097
0.6398170572660303
0.0
0.0
0.0
0.6105335081620252
0.0
0.7056660145359576
0.0
0.0
0.6704318110762104
0.7983987267918904
0.1221421162789711
0.0
0.16483027067029285
0.0
0.0
0.0
0.22011697049811002
0.0
0.0
0.0
0.0
0.0
0.0
0.4398928679252843
0.8406487194056816
0.0
0.0
0.0
0.0
0.0
0.6654044637540976
0.0
0.0
0.5989594907988537
0.1365143916109711
0.6384788272890596
0.22302478783773574
0.0
0.0
0.0
0.4097203191074082
0.0
0.0
0.713827672632266
0.2203711701303173
0.0
0.36500962047823626
0.4351082699787135
0.0
0.7296888934535036
0.0
0.0
0.0
0.6420024642002168
0.0
0.9507852389233324
0.0
0.0
0.0
0.01241758934913289
0.0
0.5662074949376651
0.0
0.0
0.0
0.2855700234742259
0.43120729233593097
0.11298596095681444
0.0
0.06309954080743743
0.0
0.0
0.0
0.0
0.0
0.35982317807857994
0.0
0.0
0.18589413780371095
0.9713953222416064
0.0
0.0
0.0
0.0
0.9319487701079191
0.0
0.0
0.3807021729950603
0.0
0.0
0.8837047197556034
0.5371696736943946
0.0
0.7126007600072436
0.0
0.0
0.0
0.0
0.0
0.814787614785996
0.0
0.0
0.0
0.2998728928244993
0.48991852320859774
0.0
0.0
0.4058395802996872
0.8949383366843036
0.0
0.0
0.4746007105382353
0.0
0.0
0.9835427482244077
0.0
0.6538908162666576
0.9750665326479276
0.20693116147610333
0.29016241970459616
0.3220484686094949
0.0
0.0
0.5243973299522346
0.8712603908414043
0.7975302083465728
0.0
0.8369203873396613
0.024008887695171566
0.9636245644669478
0.45056398264511516
0.0
0.0
0.0
0.0
0.0
0.9787110236618547
0.8618640730061458
0.02426189887319572
0.0
0.0
0.0
0.21716203696636555
0.4137305081398487
0.0
0.3851936693479975
0.0
0.0
0.0
0.0
0.0
0.9113345005075415
0.0
0.0
0.6214069208131735
0.0
0.5879407041362826
0.0
0.9864745571623189
0.12494369255183481
0.9782828985728254
0.0
0.0
0.0
0.29774075351893553
0.9123118007289438
0.0
0.2763264351406116
0.21285851415791526
0.0
0.4279995227606437
0.23518596837960648
0.6606638803152027
0.6678778876264861
0.9237716761505752
0.5322971987489994
0.48836294923260143
0.0
0.7749771609088316
0.17552508473760098
0.3471575206600184
0.9571003154936014
0.0
0.0
0.42008618809187426
0.0
0.0
0.0
0.9127180942903372
0.0
0.9830026684198752
0.0
0.5432795516684651
0.0
0.6193291754445223
0.0
0.5441460615074005
0.0
0.8590798781295489
0.0
0.0
0.43394500791668306
0.558942554746718
0.0
0.0
0.5705309066482341
0.306512348197062
0.8953388355849798
0.0
0.9355277623365211
0.0
0.0
0.0
0.0
0.7121890435000173
0.0
0.06471681089902695
0.0
0.0
0.0
0.0
0.0
0.33989656944528557
0.0
0.07772403960915805
0.6276381184693101
0.47537436515033815
0.5121276123839487
0.0
0.0
0.34997456679921624
0.0
0.9153671413296092
0.21382484371428076
0.8194107604464811
0.2428688073008226
0.0
0.0
0.0
0.7904357222933555
0.9187063337961434
0.11107130534656434
0.47821432554232857
0.2554425778363627
0.0
0.6431907165667385
0.9686595051422937
0.0
0.0
0.0
0.6300271414960901
0.0
0.0
0.0
0.0
0.0
0.0
0.0
0.0
0.0
0.0
0.8275835475720215
0.0
0.8615299313170883
0.0
0.0
0.0
0.48678333103813554
0.1482839801923598
0.0
0.907398729302257
0.0
0.2038015258161756
0.7326800410945002
0.0
0.0
0.0
0.7116254607044453
0.8940741472311083
0.7178252111793214
0.0
0.0
0.1689431697493065
0.3913462663634137
0.0
0.0
0.48076765160001816
0.15244328300080426
0.0
0.0
0.0
0.650620569906378
0.6874582117978627
0.9560608712434152
0.7077696728847651
0.014898271379849027
0.0
0.7848743989259009
0.0
0.0
0.6717526466000844
0.15771021610575942
0.6803286185398184
0.0
0.24876939180148933
0.0
0.8511258269980857
0.0
0.22669902150337062
0.6909360990611276
0.45012474477931913
0.0
0.15594826556910332
0.44697669972152365
0.0
0.8305086763556979
0.9342839594729371
0.0
0.0
0.0
0.0
0.0
0.0
0.0
0.0
0.0
0.27880098911680845
0.18970717266049852
0.9681739239752911
0.0
0.0
0.0
0.5501099720357348
0.8029806352825531
0.0
0.0
0.0
0.2352607419110755
0.7278280437487599
0.7455980214596157
0.0
0.45438476694095087
0.9024736788355391
0.0
0.7195566519649076
0.0
0.0
0.24880238710892028
0.8241802250006759
0.5854667042268685
0.0
0.0
0.0
0.6403689480306863
0.0
0.8589374787108199
0.39234048207445316
0.280389072307802
0.0
0.0
0.050728613956435145
0.0
0.23700258019993942
0.0
0.0
0.0
0.5843642082488246
0.0
0.0
0.0
0.0
0.0
0.0
0.15207356857505624
0.0
0.0
0.9049622093899594
0.0
0.0
0.6335826941214908
0.34539874320603325
0.04410062542767801
0.28358649358487825
0.9366439909230773
0.0
0.4026147543522451
0.0
0.0
0.0
0.0
0.0
0.0
0.4545214755052676
0.0
0.6487351539140477
0.8476575867898136
0.5448374722365589
0.0
0.2876056384572671
0.024028553862745154
0.2244568305789326
0.6750125823000336
0.0
0.11397158272327959
0.3240677131960966
0.36163093357646275
0.0
0.10901297362719602
0.0
0.0
0.7377185886416505
0.0
0.0
0.410048029348868
0.5601638282019478
0.16309847367919347
0.5102792290813277
0.799049864193341
0.2776033554816454
0.09916605407948127
0.2440327402920311
0.0
0.0
0.28535518477871585
0.0
0.9655918102026724
0.9379920703010973
0.0
0.0
0.9196173118272944
0.0
0.1483062102057555
0.0
0.0
0.0
0.747037101809077
0.0
0.8296198759347232
0.0
0.6107925950915906
0.0
0.3847867576822992
0.5357900315307994
0.904659075609649
0.0
0.7012936373324739
0.0
0.8171899052348842
0.0
0.5886994151652061
0.0
0.7422100475796135
0.0
0.12747863288800096
0.5704004176584296
0.0
0.0
0.7780038315425437
0.9201559362162675
0.1323360216181055
0.0
0.19849674144378485
0.0
0.07772472122154944
0.07222952439084548
0.5058095689964153
0.04710284649028447
0.0
0.6110717985026316
0.0
0.0
0.32560013271143745
0.0
0.0
0.0
0.0
0.0
0.0
0.0
0.3757676615208999
0.0
0.0
0.6626536604553401
0.8419454126609474
0.0
0.0
0.5208285873254382
0.8198042632381078
0.7834964603847322
0.11489623761139443
0.9002023243171311
0.6800436607739557
0.6723476106514598
0.15959124640785638
0.9486072685797202
0.2004214284083936
0.43410818194969303
0.0
0.0
0.0
0.0
0.07511554141096463
0.0
0.0
0.4629408474818687
0.0
0.0
0.9077117235916633
0.0
0.8304347302245269
0.0
0.014003725961988464
0.9858935203374464
0.0
0.0
0.0
0.0
0.9593247764157296
0.3705943683634195
0.3629872514971978
0.0
0.05464191710980365
0.0
0.0
0.0
0.0
0.0
0.0
0.0
0.7851978103470384
0.8227421884436021
0.0
0.3493527157414174
0.0
0.6957599918326307
0.5050061868486291
0.0
0.9439733520825377
0.0
0.0
0.0
0.0
0.0
0.2303774496332675
0.593969874304738
0.0
0.0
0.0
0.0
0.0
0.0
0.0
0.9698695993184492
0.0
