0.0
0.0
0.09745846005603516
0.0
0.5339859196581216
0.0
0.3020575580193873
0.4297061584244245
0.176597925393886
0.0
0.0
0.02759041263085603
0.0
0.0
0.2948231391888305
0.18813860123409143
0.641389692529937
0.0
0.0
0.0
0.0
0.0
0.0
0.0
0.34225002520332
0.0
0.0
0.11853015992585958
0.7296166489113083
0.30684842445224336
0.0
0.0
0.6315616002251103
0.7242784551718809
0.07885142799416268
0.2300959571647481
0.0
0.6617585228065519
0.8966582751221448
0.5381498098818629
0.0
0.09451539500292497
0.0
0.0
0.0
0.7825559073124949
0.0
0.0
0.0
0.0
0.0
0.2791845375415902
0.3245029441139359
0.3555409384617286
0.43558499938288436
0.43024578829470017
0.0
0.0
0.35998792102181043
0.5001325583229036
0.0
0.9316037630424638
0.0
0.23929659454675015
0.0
0.0
0.0
0.0
0.0
0.0
0.13360419828813574
0.1821848481806283
0.0
0.3706778294439922
0.0
0.0
0.638066440267893
0.36859620929962517
0.9359398830810381
0.0
0.7347349464250306
0.0
0.0
0.0
0.0
0.0
0.0
0.0
0.0
0.0
0.7698098728688394
0.0
0.0
0.0
0.4837951048966517
0.0
0.0
0.0
0.0
0.0
0.0
0.0
0.0
0.0
0.0
0.0
0.0
0.0
0.0
0.0
0.7262220709326266
0.0
0.4175341639201477
0.0
0.0
0.0
0.0
0.0
0.0
0.6419985650505302
0.0
0.37827899838083756
0.6798033341654516
0.0
0.0
0.0
0.0
0.0
0.0
0.0
0.15825709608159194
0.0
0.6587438287940578
0.0
0.17806343935107666
0.38482967805183776
0.44224271476400817
0.0
0.7050933003901152
0.0
0.0
0.0
0.0
0.7619540231680417
0.0
0.3070311298616115
0.0
0.0
0.0
0.0
0.0
0.4751186057444932
0.27633944433355345
0.0
0.0
0.040090689843576575
0.0
0.0
0.0
0.2695388195929003
0.0
0.2197850761294419
0.0
0.0
0.1922267776499088
0.0
0.0
0.8446751665883337
0.0
0.0
0.0
0.0
0.0
0.21040131968362988
0.0
0.0
0.0
0.640252030502879
0.8442827471082206
0.0
0.7373923192632085
0.8527216032956011
0.0
0.0
0.01905432338498319
0.0
0.5221267785993812
0.0
0.0
0.0
0.9111625672590364
0.21723914032459318
0.0
0.0
0.5226731367551992
0.0
0.0
0.0
0.0
0.0
0.0
0.0
0.0
0.0
0.0
0.1730127331951768
0.0
0.0
0.0
0.0
0.5167375212237215
0.0
0.0
0.0
0.2609832305173752
0.2701227981480602
0.36119979446700495
0.0
0.4271177886670485
0.0
0.0
0.0445882922717286
0.0
0.276797537391575
0.0
0.0
0.38831485502132485
0.7157104154505474
0.7560202715916943
0.34552436093311234
0.0
0.9325883721919662
0.0
0.0
0.7246671556052373
0.17991328269792134
0.0
0.0
0.0
0.2975460642100381
0.8279083036784093
0.0
0.44152671728967996
0.5826622287401035
0.5307448521596758
0.0
0.054691724581374584
0.26625262877658645
0.9077896105761639
0.4240827020604835
0.7933571934433928
0.058695905455419556
0.0
0.7034640769108559
0.0
0.0
0.7161333007225154
0.0
0.8100723424599077
0.0
0.0
0.0
0.4993786822820115
0.0
0.0
0.0
0.8396463543503134
0.0
0.0
0.0
0.7045328523213066
0.3631870952367483
0.379562783034066
0.0
0.3027859782257564
0.0
0.3421808651437497
0.0
0.0
0.0
0.0
0.9131568759471973
0.7668628877356448
0.2178399315033626
0.4192379704550791
0.019276549303972483
0.0
0.0
0.0
0.0
0.0
0.20297215542198396
0.0
0.458192290990193
0.861601404766063
0.0
0.0
0.0
0.0
0.0
0.5628141873844225
0.0
0.0
0.9053128559797645
0.19365461713666
0.0
0.0
0.0
0.0
0.0
0.8119726238228633
0.266714506805521
0.9080102784116195
0.0
0.0
0.0
0.0
0.0
0.5745316452672445
0.0
0.0
0.032706669178433484
0.0
0.0
0.4953188983005303
0.0
0.6738492822206672
0.0
0.0
0.0
0.0
0.0
0.0
0.7805647388348008
0.0
0.30594695808334027
0.0
0.0
0.8466172544240317
0.4693286933098216
0.0
0.0
0.0
0.0
0.0
0.8380194807294908
0.0
0.8951130136123051
0.1597241747159236
0.0
0.0
0.0
0.0
0.17653060121349293
0.643295697217783
0.0
0.06502900784365924
0.4700903886104266
0.3918328741320702
0.24529273222693765
0.05741055012088299
0.0
0.0
0.0
0.6169064049412254
0.0
0.0
0.0
0.8472153166576368
0.0
0.0
0.7511887050027283
0.5598274319675741
0.6913774422897154
0.0
0.0
0.0
0.4822396489606789
0.08354796766682582
0.0
0.0
0.0
0.0
0.0
0.9733535075923846
0.25100562415301175
0.0
0.0
0.0
0.20952595009523337
0.8910952597293086
0.4209153758466863
0.0
0.0
0.0
0.0
0.07684763472023261
0.6963633395189888
0.052214100347730545
0.0
0.5652826463514574
0.0
0.0
0.3607206646663137
0.0
0.6924466607311437
0.20228448801585586
0.5218954510627741
0.0
0.0
0.0
0.0
0.22083397073212693
0.9287513263494638
0.9316499841105507
0.7896283437429286
0.0
0.0
0.0
0.4030218615461467
0.469591898573952
0.7140040875776915
0.9422062739455331
0.6934347711442712
0.7994608702984572
0.09597636896014304
0.0
0.0
0.0
0.0
0.0
0.0
0.0
0.0
0.626842914543705
0.0
0.0
0.796647719410994
0.7223793106654516
0.0
0.10556682841651287
0.0
0.0
0.0
0.0
0.6186348173946076
0.5271646080366085
0.6608558042851604
0.0
0.4529641309400938
0.5198520859428132
0.0
0.0
0.0
0.893262014756013
0.36811451333277456
0.0
0.15059912813710336
0.48227993155578774
0.8086800606476189
0.6197783608610772
0.2553256207436911
0.0
0.6735723793460109
0.3288333512394141
0.0
0.42106185826436154
0.26679763134319456
0.0
0.0
0.9357480782224651
0.7839070405052965
0.0
0.0
0.8409502210590533
0.624660354205887
0.0
0.0
0.5766026238910483
0.31055355588626876
0.6952832170448019
0.0
0.0
0.4895950337791193
0.0
0.11825104902895431
0.0
0.6065495350026286
0.0
0.0
0.6292576072145062
0.0
0.5327597619230917
0.0
0.0
0.0
0.6636714311753467
0.44421288577380597
0.8912906021356227
0.6437239832340224
0.7148014745778432
0.0
0.22520444648041746
0.6623023221434633
0.0
0.018473439882276347
0.0
0.0
0.0
0.4805907214661558
0.0
0.0
0.0
0.60052687208046
0.2091312450541699
0.0
0.0
0.0
0.1559865414782507
0.0
0.0
0.0
0.5554911286011974
0.0
0.0
0.5883174967166054
0.0
0.0
0.0
0.5001232104606054
0.0
0.2827062611198001
0.19956521356412887
0.7420226011969675
0.5173623581995243
0.0
0.028323513482864264
0.0
0.0
0.48088915073771116
0.0
0.8010427505724774
0.7806675602602897
0.0
0.0
0.5005219222445582
0.0
0.24759634445114764
0.03843579048899713
0.7952509427611846
0.864594280223518
0.2595208659913795
0.0
0.0
0.9354420601755081
0.5784502470581444
0.0
0.4101608987029375
0.8828728914194397
0.6852331616178684
0.2047128261318233
0.0
0.0
0.0
0.0
0.5249389648638644
0.6088145056968166
0.0
0.40851442220452516
0.0
0.0
0.0
0.0
0.6021647341058984
0.0
0.4393550494665489
0.0
0.0
0.8803010728907572
0.8947748264278459
0.5186210569429925
0.5748484815791923
0.0
0.5450926766640187
0.0
0.22981545414803292
0.35824849349118115
0.180215746045587
0.10332217910330391
0.0
0.7793679480569724
0.0
0.6887072852504751
0.0
0.9065579152907184
0.0
0.8894774434004419
0.0
0.7430806849196128
0.19846989734116294
0.0
0.0
0.0
0.0
0.0
0.9403819466946636
0.23813481773090311
0.11044564791711214
0.0
0.7383453285998038
0.0
0.5856405548487449
0.0
0.0
0.2644124288492052
0.28962749707617863
0.0
0.7378514909462438
0.0
0.0
0.0
0.0
0.0
0.34699334390266356
0.0
0.42014434745720797
0.46701303177851167
0.9344814283091589
0.9419193384475544
0.24391121924778766
0.0
0.0
0.08728090884402745
0.7758769533557154
0.0
0.0
0.23816843161952977
0.0
0.0
0.0
0.7585014914553267
0.0
0.08060828471312252
0.0
0.3575053252459205
0.0
0.1961396540637021
0.0
0.0
0.5148008058131115
0.15476229614320913
0.04582850810044123
0.0
0.0
0.0
0.3325214130640999
0.5324495523568904
0.0
0.0
0.8887968709225884
0.0
0.0
0.7156012493088209
0.0
0.2942850800712049
0.15908146692541084
0.0
0.2097836045866214
0.8829724560699778
0.8702505397503061
0.5514192287029701
0.042397470905509584
0.0
0.38315842501417474
0.0
0.2438847718263497
0.0
0.511829916398686
0.40514342619357374
0.8421534231681584
0.0
0.06425934598890477
0.9855631230290971
0.0
0.0
0.0
0.0
0.5958297681343542
0.0
0.0
0.0
0.717661157104279
0.0
0.0
0.3915747425665099
0.0
0.9314623071285711
0.0
0.5174298508519877
0.0
0.21074982874032963
0.0
0.9798730639603309
0.0
0.6580855596756093
0.0
0.0
0.0
0.6081970889116444
0.0
0.0
0.7801487937499225
0.030975065354863607
0.4244627219682236
0.7171166640326879
0.0
0.0
0.0
0.058296829681749214
0.0
0.0
0.0
0.5764620580920011
0.6847674037692426
0.0
0.9633004948575381
0.0
0.0
0.7982840902649476
0.0
0.0
0.0
0.0
0.0
0.0
0.0
0.13878831698535687
0.0
0.0
0.17409658830456246
0.9916602202859639
0.9994371030992981
0.6748238937277248
0.5414934166470539
0.0
0.0
0.768860021291781
0.0
0.8486379840860866
0.0
0.06620034190985592
0.8252165754462866
0.0
0.0
0.0
0.7494196140069608
0.0
0.8249296898310502
0.0
0.9868158371392831
0.0
0.0
0.0
0.028528756570652847
0.7660530018860445
0.0
0.3194160778832276
0.8769100957854082
0.0
0.30696994900344243
0.0
0.47544484517467445
0.0
0.7109639100478952
0.0
0.0
0.28791794861954173
0.0
0.9650891499904989
0.6913444545696088
0.9514963541484047
0.0
0.7712903583752725
0.20011823388487188
0.4704962980630701
0.0
0.0
0.0
0.0
0.5720924537865841
0.0
0.2386496946356437
0.044610820227153826
0.31071521248044404
0.03282193812655766
0.0
0.8074555426497853
0.0
0.0
0.36695691632714184
0.9162711302947855
0.04248931706215809
0.0
0.4455181123660947
0.43786654545024484
0.0
0.0
0.0
0.0
0.3116655629598354
0.9213376125545071
0.0
0.0
0.6329796549620361
0.0
0.561801045352178
0.0
0.9464738013435154
0.0
0.2831757031075569
0.47018388471682004
0.26929368473532383
0.2922529362617643
0.0
0.0
0.0
0.5697437335647529
0.0
0.2307381072248263
0.0
0.0
0.6180327677933043
0.5201553486536359
0.0
0.04554594384660698
0.046489119048449094
0.0
0.876642721111878
0.048683501710187524
0.0
0.0
0.39995359875964465
0.01320783801429415
0.9460810627327134
0.17098372468645473
0.0
0.0
0.0
0.0
0.41148126894079473
0.0
0.0
0.0
0.0
0.0
0.0
0.0
0.9492002711059215
0.40851522491731
0.14533179851585848
0.3102581893735003
0.9473125530011511
0.0
0.0
0.0
0.5022183080115658
0.0
0.11718815596460884
0.0
0.0
0.0
0.4194817827499565
0.0
0.8502637029329674
0.0
0.0
0.0
0.3693989350465176
0.47482254867162843
0.0
0.7417550732043412
0.0
0.0
0.0
0.0
0.6347443484143325
0.0
0.0
0.0
0.0
0.6324743182291636
0.0
0.0
0.0
0.0
0.38424748014358356
0.24301524698785398
0.0
0.0
0.0
0.2010633031184462
0.0
0.0
0.9705604018963669
0.42782912141887447
0.0
0.0
0.0
0.0
0.7234463417048862
0.0
0.3779654541855682
0.0
0.40777142685703105
0.7055205178467338
0.0
0.0
0.0
0.0
0.0
0.0
0.5922374225362398
0.18995546137648847
0.0
0.060791585301706905
0.0
0.6718201452379832
0.39221908374018766
0.0
0.0
0.0
0.37729038195820414
0.0
0.0
0.0
0.19631112111776813
0.4419818511012416
0.020738197923068115
0.6240251126263981
0.20770986090149426
0.0
0.0
0.8014421946747051
0.6928112932801685
0.18824055464969255
0.0
0.19580647766594625
0.0
0.0
0.0
0.0
0.17256609004982765
0.0
0.608004317987164
0.0
0.5037074217979407
0.982241766366003
0.6746996152146228
0.2689359727694275
0.0
0.0
0.14517963305983983
0.0
0.2732095934844899
0.3720191996402024
0.10884811532065382
0.16637207587389632
0.0
0.0
0.865684648210507
0.0
0.0
0.1269192426289346
0.0
0.0
0.0
0.0
0.9705366906718228
0.0
0.8594304604667621
0.0
0.0
0.0
0.00670321177730258
0.022023060078356072
0.0
0.7406010684906048
0.13614016189928627
0.7832308507623729
0.0
0.0
0.6283421438361909
0.0
0.2264401380976218
0.0
0.0
0.6282680568310879
0.0
0.0
0.0
0.0
0.0
0.8995731512634536
0.4866633833528819
0.0
0.0
0.4728323071018647
0.6185161152646317
0.0
0.159485949888699
0.0
0.44214706229557216
0.0
0.5854985711671663
0.0
0.0
0.7778879583828278
0.8780410622456345
0.0
0.0
0.0
0.0
0.0
0.0
0.04321728031794638
0.10543062486350882
0.135986995688342
0.16304046710868542
0.9713953222416064
0.2927043080580205
0.1100579162961709
0.0
0.6249064960253345
0.0
0.0
0.9636028803970462
0.4223082789291557
0.7231639457138572
0.37455771447660874
0.48124624518772374
0.0
0.33479949610418946
0.0
0.0
0.18008704551482588
0.0
0.0
0.437301509481367
0.0
0.33745038324495563
0.0
0.0
0.0
0.0
0.6648156406128831
0.14218609568145005
0.0
0.07520682139818219
0.0
0.14638320204993813
0.1568748826662723
0.0
0.0
0.0
0.0
0.45887280989994733
0.0
0.8590011442744034
0.9980349332080546
0.05475974336215999
0.0
0.8708755234286597
0.0
0.0
0.7549178352184125
0.0
0.0
0.7469713671915933
0.1853958835370421
0.0
0.5092720214591714
0.0
0.31796918687542136
0.0
0.9895805648678838
0.0
0.7988840706322322
0.4901668715788681
0.13663882923781492
0.0
0.0
0.0
0.0
0.0
0.8751735866151684
0.0
0.2157889661211713
0.4548020552122675
0.6404052703928242
0.7631897188129175
0.1648832250912214
0.0
0.0
0.0
0.0
0.0
0.0
0.5853404145599553
0.0
0.6675077983494052
0.6500443659513476
0.26014383004610564
0.0
0.8676306360417513
0.0
0.6748640164296899
0.6810456859059956
0.0
0.0
0.0
0.20355179160805018
0.0
0.0
0.0
0.0
0.0
0.0
0.5928885361978744
0.0
0.6347974398334693
0.0
0.04526076018676372
0.19895654900029075
0.3047719212367587
0.4740229477358283
0.0
0.0
0.0
0.0
0.0
0.0
0.0
0.0
0.9081962159853376
0.9391568871004696
0.5039183372789369
0.0
0.0
0.0
0.03038423066596496
0.04878098900340327
0.0
0.00701080169749845
0.0
0.3621640858549962
0.0
0.0
0.37801228869252274
0.32749040554593045
0.07372031507587762
0.4846517195845445
0.0
0.5170638088002933
0.9041363962819096
0.0
0.2743650622066452
0.0
0.0
0.0
0.3690154352590892
0.0
0.7353161187194508
0.0
0.0
0.0
0.7106382712037613
0.0
0.0
0.0
0.9796502247214767
0.0
0.0
0.0
0.5918253683968838
0.42395052464033683
0.7213593331165135
0.0
0.0
0.0
0.0
0.7578636320559723
0.0
0.0
0.900755346346927
0.0
0.9398902577549946
0.0
0.0
0.0
0.8198262904356773
0.07389254147520198
0.0
0.0
0.28589008366993723
0.0
0.0
0.0
0.0
0.8865092340174151
0.0
0.0
0.0
0.0
0.0
0.9449050896634907
0.0
0.4218082592713251
0.0
0.0
0.6182886901475123
0.0
0.0
0.4710342057296955
0.27008594780730283
0.3362699283911672
0.0
0.0
0.18885967844755328
0.1412886571192492
0.4173730955445685
0.6541474098079999
0.8344033924984317
0.6984936568610177
0.0
0.0
0.0
0.0
0.4012278246494204
0.5077431950330367
0.4536051914235191
0.0
0.7625458331962247
0.0
0.8832155992023357
0.0
0.0
0.0
0.0
0.6134763492472108
0.08413761367233144
0.7771919829015302
0.0
0.0
0.4252403768927494
0.0
0.0
0.0
0.0
0.06549744507647044
0.0
0.3226754788998109
0.19112263741647745
0.30408328018601405
0.0
0.0
0.0
0.0
0.5394859485398827
0.0
0.8094688102102939
0.665083477548009
0.30882301318335537
0.0
0.0
0.0
0.0
0.44637639008093305
0.0
0.8746330197075601
0.0
0.0
0.18128974717636934
0.3495770287213569
0.0
0.0
0.0
0.0
0.0
0.0
0.0
0.5409852565659191
0.175422926293582
0.4967140264869616
0.0
0.0
0.2741308703673394
0.0
0.39574093730263293
0.7317691535633369
0.9278911509424209
0.2579582750732635
0.0
0.6801903421167401
0.0
0.0
0.6867004366033523
0.14577461502760702
0.0
0.0
0.0
0.2500441008112011
0.7747399674800084
0.5382292225328567
0.2024154667015284
0.05068007804358501
0.2127657343408233
0.7618502773190533
0.0
0.6339495637254269
0.570426829686563
0.0
0.002974955789895497
0.9149281616124851
0.009077135376669604
0.0
0.43563893484239363
0.0
0.0
0.0
0.0
0.6721517569489813
0.0
0.0
0.0
0.0
0.08915982792118295
0.0
0.05144668270343743
0.4803241636549405
0.1778341814851553
0.0
0.34309630419053405
0.6358311854168655
0.4666682544344269
0.2203561016360148
0.0
0.0
0.2766609389113876
0.0
0.748399781010267
0.0
0.0
0.0
0.0
0.9449303041876695
0.3306501046899683
0.31928478235447166
0.0
0.5675511712944069
0.3238592890689552
0.9437017210152824
0.0
0.6250763815936939
0.6978293870013046
0.9229156105684817
0.0
0.0
0.05691281130705487
0.2816729176316378
0.0
0.8807377149681117
0.0
0.3779233100094118
0.0
0.3989480248486368
0.24366266172742224
0.0
0.0
0.9033040474343557
0.3678705258642599
0.0
0.6285194038321966
0.49860210108776165
0.0
0.4803276230178312
0.0
0.4633543270864574
0.6250266302348684
0.0
0.29329421220163143
0.8508208395434746
0.14888942195684857
0.5632703133962129
0.679878341826478
0.0
0.0
0.7407812791428332
0.0
0.007439469066492351
0.0
0.3521864137070263
0.0
0.0
0.0
0.28129007446749604
0.0
0.7422484222544425
0.0
0.41563582312003816
0.09776510393170487
0.0
0.0
0.0
0.8114741849688545
0.7836408058201022
0.0
0.0
0.0
0.0
0.0
0.48849685447205815
0.0
0.0
0.44882672269930773
0.0
0.0
0.3852901399608921
0.6029439664227488
0.0
0.3284218470208557
0.4084465936002803
0.0
0.6818249923684184
0.0
0.2575951230151625
0.840122629150354
0.8378648995556012
0.00493226405947111
0.0
0.7798980697642012
0.0
0.0
0.9750665326479276
0.27462331400742396
0.0
0.0
0.0
0.08916440078640592
0.47838771014778314
0.0
0.5187083045805543
0.7782346745175367
0.0
0.0
0.0
0.0
0.1440456300236272
0.10122540309189525
0.01227226545287291
0.0
0.1374726235281716
0.7124722468349907
0.17608583356873522
0.0
0.0
0.0
0.0
0.620159038188214
0.0
0.0
0.0
0.0
0.0
0.0
0.0
0.0
0.0
0.2528132528859158
0.01785295380170438
0.747175456453623
0.28108938800981786
0.0
0.208735868365712
0.0
0.0
0.0
0.03914196395798906
0.5845466200352721
0.0
0.0
0.0
0.0
0.0
0.32547599720209064
0.0
0.7101839813573805
0.5541158683902738
0.0
0.0
0.9212312577988149
0.0319877976837317
0.0
0.21315466148833107
0.0
0.0
0.0
0.9676558102212688
0.5371672254156894
0.0
0.0
0.0
0.5175608424821703
0.48617437505780886
0.7661769795004745
0.021540648713166678
0.0
0.0
0.8080309262889819
0.0
0.0568806868927212
0.0
0.0
0.6591711142270176
0.0
0.6934539981536533
0.0
0.0
0.0
0.9203122579524852
0.0
0.8211528434603017
0.2244334699397589
0.5169924659069755
0.8479336304288537
0.3616146334556594
0.2532383017048491
0.0
0.21081174334914754
0.8445005280603426
0.0
0.0
0.0
0.0
0.0
0.0
0.0
0.0
0.0
0.7300822261696207
0.0
0.0
0.0
0.0
0.0
0.0
0.0
0.0
0.7786788159655835
0.765504987362281
0.0
0.3010217141450444
0.01795285253851826
0.0
0.0
0.5638919849649581
0.0
0.646789667254156
0.0
0.8611111581946967
0.0
0.8147605847179515
0.0
0.0
0.842632274772069
0.0
0.015379039683105276
0.3108357033018155
0.5869704713550916
0.09359014350329765
0.5048416208601488
0.3191595322836126
0.0
0.0
0.22030634229923474
0.0
0.0
0.6854985083044063
0.0
0.0
0.3207619949932873
0.0
0.015854341360196676
0.0
0.4039886010777559
0.0
0.913726555331382
0.0
0.03870359489076974
0.0
0.4988533414975487
0.5314941835840274
0.0
0.24079423731822433
0.0
0.5306583541677741
0.0
0.0
0.0
0.9173221113508624
0.7592210781565527
0.0
0.0
0.12529781231706605
0.12110544936819614
0.31984096149640273
0.539973438285706
0.0
0.0
0.9617930561892503
0.15177957261007202
0.0
0.0
0.7323769698017697
0.0
0.0
0.0
0.0
0.0
0.013164078119246175
0.0
0.40220394600954357
0.39519329067900744
0.0
0.35870796658332743
0.5736385328390529
0.0
0.0
0.0
0.34054977143748727
0.0
0.0
0.0
0.20955656836353326
0.0
0.5080156541118073
0.13516421879054577
0.0
0.0
0.8796503231557599
0.0
0.1327764999228143
0.0
0.6802028770567059
0.38166126181689086
0.0
0.6412770941892063
0.6122235223640614
0.0
0.7394011602242759
0.6947856158816815
0.445183217256251
0.9906283183839744
0.5756194365660563
0.0
0.0
0.7743136651917901
0.0
0.8331733369944312
0.0
0.9299423885233876
0.0
0.0
0.0
0.6068691175370425
0.6149224256980792
0.0
0.14907290255193076
0.026810367878352198
0.9430892787611624
0.841535318723791
0.2919574581266323
0.023077457315631184
0.4517805532214402
0.0
0.0
0.10659381883125435
0.9768632707662784
0.0
0.9376082242616885
0.4216429925949262
0.0
0.0
0.0
0.029942090993772277
0.08303187117811141
0.0
0.3561661992607757
0.6070232127227669
0.35936818401151766
0.0
0.0
0.0
0.014378815762855693
0.0
0.0
0.25697507408827963
0.44796208111087554
0.0
0.6820524297771904
0.37155622891272855
0.0
0.6054051800174844
0.0
0.0
0.0
0.0
0.37348117889217064
0.0
0.0
0.0
0.0
0.0
0.0
0.8901949240848107
0.0
0.6939315230574964
0.0
0.0
0.0
0.636828347191952
0.9961403178566232
0.34102012519695085
0.0
0.0
0.8732599437071467
0.16068178885464648
0.0
0.9674446920879965
0.0
0.0
0.9579499026060392
0.0
0.0
0.0
0.8047933142566751
0.0
0.6703922619272125
0.8658686086431946
0.0
0.0
0.7352207173330152
0.043248017495770674
0.0
0.0
0.0
0.0
0.0
0.15866930090910736
0.0
0.0
0.0
0.8719676239886901
0.0
0.7516131261442189
0.0
0.5726566509644523
0.5367574526529744
0.0
0.0
0.0
0.0
0.0
0.01061106153365908
0.0
0.0
0.03955278833595787
0.0
0.6552790460564589
0.0
0.0
0.3251978405593512
0.0
0.0
0.0
0.0
0.2535097351445202
0.0
0.8058527162032149
0.49290540287813556
0.0
0.7680515986638843
0.0
0.47018352076380004
0.5764360774816885
0.37975289600101136
0.18309454859258667
0.031407038284499034
0.0
0.04251976175122086
0.09526262205925798
0.0
0.0
0.0
0.37390396610141974
0.6330741792959343
0.0
0.011863332227135611
0.0
0.9293129686920172
0.0
0.0
0.0
0.0
0.8905370795083875
0.0
0.2133011956095541
0.0
0.0
0.0
0.0
0.0
0.6609938256087724
0.4946468500180968
0.0
0.0
0.0
0.0
0.0
0.1623301436708278
0.5966855774073082
0.0
0.0
0.0
0.0
0.0
0.9517330548262514
0.2769025680603587
0.0
0.0
0.0
0.13725281832044556
0.0
0.0
0.422339850291911
0.0
0.0
0.0
0.6085840430153828
0.8085067583700902
0.9841640460494977
0.29437290000732647
0.46887628458156866
0.12951225745652736
0.19696338764947444
0.14673871339898292
0.8151468921542879
0.0
0.47193141827249524
0.0
0.2494312276789472
0.0
0.13848946031430007
0.5048476860184803
0.0
0.0
0.0
0.0
0.8621135750658863
0.18869829592247697
0.12104971154794113
0.0806476812417927
0.7120342383472897
0.8261899043460044
0.0
0.0
0.08628374260499741
0.0
0.7805214012141182
0.5118156615116283
0.0
0.0
0.07189745916013965
0.7120192797994408
0.11347815705754634
0.0
0.0
0.0
0.7287188317742967
0.8757693882779962
0.7190958009697117
0.0
0.0
0.4732336674759566
0.05622139610002911
0.0
0.0
0.8409307461797922
0.7341089474511526
0.6661279859299114
0.0
0.0
0.8715317431881471
0.0
0.0
0.9992594460618387
0.024300691058533545
0.6136908845005513
0.2564593990099696
0.8175725766986291
0.0
0.673221490856629
0.0
0.0
0.6898828071978845
0.8114762419196162
0.0
0.8036057632157734
0.0
0.0
0.56493156450677
0.7725592503197313
0.02630139135659172
0.0
0.0
0.40237185425086375
0.4952316049505887
0.7619840455340573
0.0
0.828449938789759
0.1894491928163347
0.0
0.25844740292080776
0.15629946470366354
0.0
0.0
0.3114697143034095
0.0
0.15480466031030576
0.0
0.6737214980491086
0.8670806349490041
0.7415160850898321
0.6770010392884734
0.0
0.13706452428466748
0.9472793023261764
0.8471876863855635
0.586455104290788
0.0
0.0
0.8197805432692878
0.0
0.16469689147712088
0.08329218249937718
0.9022363456282446
0.0
0.0
0.9131928865073737
0.21627856370390627
0.028753893377423182
0.6939026624569412
0.3857896928545414
0.9835427482244077
0.17927510058242496
0.5373523233140638
0.3756046200660975
0.0
0.0
0.6663059401672559
0.7855491091759569
0.4387257092462526
0.0
0.0
0.0
0.07128738439680965
0.0
0.5099615409567255
0.0
0.0
0.0
0.0
0.0
0.934412633719017
0.20368709798776163
0.807815947484016
0.0
0.6571583506314422
0.706407487085651
0.0
0.5998451961739814
0.5729940807723705
0.8726613299608528
0.0
0.2634083398339185
0.316185589116603
0.5127391558211247
0.0
0.8194857878251794
2.1892457220261378E-4
0.0
0.0
0.23581895239890185
0.21254757251769565
0.0
0.0
0.15805318273157806
0.0
0.0
0.0
0.9747052372060356
0.384546354551306
0.5803065723210754
0.0
0.8146455893873941
0.0
0.0
0.0
0.0
0.0
0.2754969296011924
0.0
0.9458627630766032
0.8169295282563073
0.9941070988586594
0.0
0.9568475253244287
0.255406367123826
0.2025784739585212
0.0
0.6878507507237469
0.0
0.0
0.26670874140886824
0.07212727141431263
0.5091770932482763
0.0
0.0
0.010639911170472707
0.25629422239006444
0.0
0.0
0.0
0.0
0.0259692375506377
0.9821807825962551
0.0
0.0
0.0
0.8916384199430107
0.0
0.0
0.985854801633817
0.0
0.0
0.0
0.0
0.6256302968328535
0.0
0.0
0.0
0.15208025601287115
0.022849749749602407
0.2556534098257344
0.0
0.0
0.0
0.928523831133468
0.05766173122029451
0.0
0.0
0.5639005399164495
0.05406036065434617
0.0
0.2036908039383588
0.6689336197130169
0.317387884515055
0.459763232194906
0.061109528930680904
0.0
0.0
0.0
0.876164469839306
0.0
0.0
0.0
0.7192922242349868
0.0
0.0
0.2195885812500797
0.8358618910110639
0.9915707349816524
0.0
0.0
0.0
0.0
0.0
0.19760132772224878
0.0
0.40107662195601146
0.1923044705179116
0.20082336290229336
0.0
0.0
0.24377971213333868
0.0
0.0
0.0
0.7922062462901251
0.0
0.0
0.9759169928049801
0.0
0.0
0.0
0.11446504837522792
0.0
0.08367756896198575
0.0
0.07434594698740991
0.6174727011909584
0.0
0.0
0.507032143897168
0.0
0.17514778032825307
0.20769199050689793
0.7255426909797825
0.0
0.0
0.0
0.0
0.0
0.8113675508440393
0.0
0.7820248686618149
0.0
0.0
0.7163420361564552
0.3687932991115551
0.0
0.0
0.6118546738413967
0.0
0.0
0.0
0.0
0.0
0.0
0.0
0.0
0.2373843278929714
0.0
0.4138652858348778
0.8305822185479212
0.2800016632565779
0.7474616103135493
0.7984701290308097
0.0
0.4668308363982985
0.0
0.7027298332976828
0.21484321244148835
0.9158102560767838
0.0
0.0811720350337414
0.30357376121317825
0.0
0.2000560193092903
0.0
0.0
0.0
0.0
0.0
0.3207605844322963
0.0
0.0
0.567302995324029
0.9041386297456956
0.0
0.0
0.2670606082543174
0.9507042405025767
0.0
0.0
0.0
0.0
0.0
0.0
0.0
0.04041946867369272
0.0
0.0
0.019802073859765908
0.8391201732902298
0.0
0.0
0.0
0.7889117711673893
0.28120130712633834
0.0
0.2746344933006954
0.0
0.0
0.0
0.8690498792157042
0.0
0.0
0.0
0.198990006807784
0.0
0.0
0.0
0.4310751068740683
0.0642800830249167
0.0
0.0
0.5020775904619527
0.18899675024292645
0.3963101605091328
0.0
0.0
0.8256090037189701
0.11696191950926316
0.5973371309993062
0.25398291528465905
0.5072492902155286
0.0
0.0
0.0
0.042156961685151755
0.0
0.0
0.0
0.5015902176339935
0.10094920062057652
0.8821044297072402
0.035023149758887644
0.0
0.0
0.0
0.5070402503115553
0.0
0.0
0.4377167153385316
0.0
0.4137918534374614
0.0
0.8744326575785215
0.8592555288499584
0.0
0.0
0.0
0.46111895170525563
0.0
0.0
0.0
0.7375139766650529
0.9822756680471136
0.0
0.0
0.5459117042758778
0.19319939979146256
0.0
0.0
0.0
0.02180773715177769
0.0
0.15948224419629783
0.9819178679392777
0.0
0.23362444704766377
0.91503933227714
0.5778539129794343
0.0
0.0
0.6939941684985378
0.0
0.0
0.0
0.921661354281461
0.7735661189479562
0.26198375456028367
0.0
0.5559148802661917
0.29686630546069187
0.0
0.9794699986829302
0.45773624864225754
0.0
0.0
0.05988398860095361
0.36398295071650166
0.800953247430055
0.0
0.9022717145225003
0.0
0.5046893215559151
0.0
0.0
0.21364068046177379
0.0
0.0
0.23846073034945292
0.39578056726912586
0.0
0.0
0.40379738725422915
0.14077719300793506
0.0
0.0
0.056099256213708815
0.630544844428343
0.0
0.0
0.9336340835963644
0.1719791817994493
0.2663283818591163
0.0
0.0
0.0
0.9790273810540515
0.3744154058752513
0.0
0.0
0.8701713727691194
0.2174364779873475
0.6353664107474833
0.0
0.0
0.0
0.7903252070802242
0.0
0.8963864695461486
0.9571003154936015
0.65888391773115
0.0
0.3066820965142246
0.8035226696625896
0.0
0.0
0.7124507856152266
0.26148704225648733
0.0
0.0
0.0
0.0
0.0
0.47578353673701346
0.0
0.0
0.43182767344381634
0.5258299712632909
0.3631641507345801
0.38509089839400124
0.5276723229527279
0.0
0.5085305392108485
0.8771186346895338
0.3268394006669182
0.0
0.21409234838861294
0.9314050943184646
0.0
0.0
0.8166592673581422
0.0
0.0
0.6947005939952934
0.12741737963889302
0.4898533325682286
0.9660723993509445
0.0
0.03582795340944808
0.0
0.0
0.0
0.0
0.7917037638581368
0.0
0.0
0.0
0.7715203352041841
0.8832666163736598
0.0
0.2198858456324313
0.0
0.0
0.0
0.0
0.0
0.0
0.0
0.6238397020520754
0.0
0.6704290053404466
0.0
0.01362064519511935
0.7261413863765676
0.8714243682566385
0.0
0.0
0.0710852340001018
0.0
0.0
0.0
0.4798506729854276
0.7421807913201786
0.0
0.0
0.0
0.0
0.0
0.0
0.0
0.0
0.0
0.943087646701079
0.0
0.15436244293577103
0.004313650932696361
0.0
0.0
0.24334695518447105
0.621246007264984
0.0
0.30139228856111244
0.1908889004385
0.0
0.0
0.5306736172937965
0.9780960599190007
0.0
0.8995252607990883
0.08625089323940213
0.5847676965320033
0.5303833700293231
0.9124990560203649
0.0
0.8135969643358048
0.0
0.607260643241486
0.0
0.0
0.0
0.11800177489204405
0.9770065974237213
0.0
0.22515557307509745
0.0
0.0
0.0
0.13524399823510333
0.0
0.43138849805492174
0.8945488998316732
0.6204789173981992
0.8199825434752646
0.03688803451782167
0.22852060770379767
0.0
0.09207893521543915
0.25013913585582337
0.0
0.0
0.0
0.8808086592708944
0.061157217151823054
0.03958704044147935
0.0
0.0
0.0
0.0
0.0
0.7164483735861007
0.013465284804765939
0.3661618642182914
0.8488962877378307
0.18121724728506114
0.0
0.0
0.0
0.0
0.02384143947010166
0.0421136207228783
0.0
0.0
0.0
0.08461250444161027
0.0
0.0
0.0
0.7144416534060881
0.0
0.0
0.0
0.0
0.0
0.0
0.0
0.0
0.2371866786032801
0.0
0.0
0.0
0.0
0.0
0.8245755538018078
0.0
0.0
0.0
0.0
0.48701503456439016
0.0
0.014184390339420316
0.0
0.0
0.0
0.808978545629397
0.2255235452677705
0.0
0.4738856343709665
0.0
0.0
0.0
0.39138026773482054
0.10243985476513948
0.0
0.0
0.0
0.0
0.10940401989799603
0.6427359684160456
0.0
0.0
0.681041923315434
0.28350599082192823
0.7578821125848437
0.0
0.0
0.0
0.24308141851980222
0.0
0.7094282445695866
0.0
0.0
0.7575252943173106
0.0
0.0
0.843166579478287
0.9113190313291736
0.0
0.11052707391808078
0.23516216078998686
0.0
0.0
0.0
0.0
0.9451023535851388
0.7177017107494145
0.419062412801653
0.0
0.9185399273017321
0.004954484188659818
0.0
0.7836552120657481
0.0
0.7872516090607677
0.0
0.0
0.5194317651287417
0.04944327979566548
0.0
0.4492377524390128
0.0
0.06669478876098388
0.003741276024040014
0.9159550554556175
0.7955038134052799
0.0
0.8794405565600002
0.3327318337522566
0.0
0.0
0.0
0.10258173658320945
0.39149843443837073
0.0
0.0
0.0
0.8156311141242413
0.3768457520752106
0.7270280584256077
0.8687951941215091
0.0
0.03806709570968782
0.1494609741464621
0.13979719676142824
0.0
0.0
0.0
0.0
0.0
0.7599335701549473
0.0
0.0
0.0
0.006062222351345442
0.0
0.0
0.0
0.34858456921591047
0.5638858366622654
0.7159728647595877
0.0
0.1737785050850052
0.11974269738508296
0.5148445397627296
0.0
0.68832602963211
0.0
0.2520565049488289
0.0
0.0
0.7113253357335111
0.6014342860285328
0.0
0.0
0.08225258058932332
0.0
0.0
0.0
0.0
0.0
0.8293951744770716
0.3256466456463705
0.0
0.4780799175908273
0.14498633240437578
0.5402098360666241
0.0
0.9263932185410242
0.10012861695209074
0.0
0.7696697621577487
0.0
0.0
0.0
0.0
0.0
0.10804069345997715
0.0
0.5784648369347437
0.0
0.0
0.8692237274637212
0.7193136941972078
0.0
0.0
0.0
0.00956886326256663
0.9039970744760046
0.10042459349664516
0.0
0.0
0.0
0.7042223152626672
0.0
0.0
0.0
0.7200273986314701
0.0
0.721772552146391
0.0
0.0
0.5910400527648475
0.0
0.6647250447780947
0.010654089788786951
0.46353862434084214
0.21774738480875358
0.5708241943370562
0.8730360589655971
0.0
0.13130678703161866
0.9813660432647107
0.0
0.7469315311159992
0.04147695203396379
0.0
0.0
0.310314606074196
0.6500956443385215
0.0
0.7535254309146716
0.0
0.8408812257651762
0.0
0.0
0.0
0.0
0.0
0.0
0.0
0.7942433308054331
0.4413071058410125
0.45564087519940233
0.0
0.7589973776889111
0.0
0.7649163055730921
0.11883772153773377
0.9511250806809702
0.288247356551341
0.0
0.03949514563048644
0.1838658820261542
0.797615084929816
0.01761070945985327
0.0
0.0
0.0
0.0
0.0
0.0
0.7413764343611925
0.0
0.8130952454797921
0.0
0.0
0.0
0.0
0.8260736420129544
0.6060254205353871
0.9903212044686202
0.0
0.0
0.011911268504619774
0.0
0.0
0.0
0.0
0.712698021109947
0.0
0.0
0.9668628897846704
0.6088400298093503
0.292218281464669
0.0
0.7861148738345961
0.3539667966768516
0.8851543156447352
0.0
0.0
0.3504163538927743
0.9261385540499011
0.0
0.6577044865259237
0.0
0.4517870279383748
0.0
0.47597247556015093
0.0
0.34218476093116007
0.0
0.5614074510085332
0.0
0.7938055364979505
0.0
0.0
0.0
0.0
0.0
0.09623292395273594
0.537075561041207
0.19471320450594684
0.19357491611188835
0.0
0.2589051432445134
0.0
0.932233854401154
0.5972781016102242
0.0
0.0
0.0
0.38279085809205027
0.0
0.0
0.33106760217145437
0.012553084683082317
0.0
0.8375552814130298
0.0
0.0
0.0
0.0
0.6434269284583868
0.0
0.0
0.35311114522440923
0.0
0.0
0.10909025386300866
0.5879630122835283
0.0
0.7361193512837938
0.18651854100145485
0.0
0.0
0.0
0.22393258835848767
0.0
0.0
0.8865075604368468
0.0
0.8360696135570316
0.5357070127567551
0.0
0.0
0.0
0.9236875151094367
0.4773839309369322
0.7242682762359012
0.0
0.0
0.4480854097576436
0.0
0.0
0.0
0.0
0.0
0.8260782717326197
0.5897884550212635
0.9551041208134922
0.21997660519530632
0.0
0.318697359537838
0.0
0.1391158008724398
0.0
0.8538081355603566
0.2437543738761619
0.0
0.0
0.0
0.0
0.9822909187334109
0.8950895439331836
0.0
0.0
0.52930768750057
0.1057950376288973
0.8673315399200877
0.0
0.6987730733330411
0.0207701962490119
0.0
0.8958952554949594
0.0
0.0
0.67228088414738
0.0
0.44490066686455193
0.0
0.0
0.1934056634676579
0.2756587960319161
0.07176707608278067
0.6884183407864323
0.0
0.0
0.0
0.647471691625571
0.0
0.2493385130547359
0.0
0.0
0.691732494404104
0.2541294312126973
0.21323322007118
0.405858042573332
0.38055908603469407
0.0
0.08396627137102967
0.10231693613876479
0.38775492344317924
0.21523280699920178
0.0
0.18865102047303092
0.7016332459774642
0.9850582918862011
0.18665617690110614
0.0
0.0
0.0
0.0
0.0
0.9083882752510646
0.0
0.4035964685627855
0.6112224206514905
0.44805430025245285
0.0
0.0
0.06342404253120575
0.21535153707628504
0.0
0.0
0.4938611450783737
0.290191275327521
0.4426748564342173
0.8118097471913867
0.5759418456750179
0.0
0.0
0.8600019288474274
0.43420518382793544
0.2620130007729819
0.8358870573860475
0.3214409029659339
0.0
0.0
0.0
0.0
0.9829555857370941
0.0
0.9847750005681455
0.0
0.0
0.0
0.0
0.40718659594514456
0.0
0.0
0.0
0.0
0.7404931639940882
0.0
0.0
0.35106988504352665
0.49637693328033444
0.9795045617850181
0.0
0.0
0.0
0.6247433198213709
0.847505114820177
0.0
0.0
0.0
0.6507331940132403
0.9943837305556767
0.7519531925851518
0.598896215336326
0.7197092563551406
0.0
0.0
0.0
0.15990667166038622
0.0
0.26100537362356835
0.1275248424815991
0.0
0.0
0.4819872374207565
0.0
0.0
0.6736292972737713
0.7000890736370793
0.0
0.0
0.0
0.695582032344506
0.12528198926347367
0.0
0.5465104855364519
0.0
0.8199764390354192
0.4117984662556526
0.0872082168480012
0.5664074552929801
0.0
0.046410870221197206
0.0
0.22339721227876966
0.8739769972576538
0.0
0.0
0.0
0.0
0.0
0.3669506672839948
0.9860968671656583
0.591617391060994
0.0
0.006892028325676639
0.4340224656840325
0.0
0.0
0.0
0.0
0.0
0.0
0.0
0.0
0.0
0.0
0.3877466050590127
0.8317178127298812
0.0
0.8981341347304578
0.0
0.0
0.6504400867607744
0.0
0.07624777391787575
0.13800061597996036
0.7851752480909933
0.0
0.0
0.0
0.0
0.1395831558064488
0.0
0.0
0.0
0.332265921781827
0.4225377639011457
0.0
0.0
0.07140926670595985
0.4907996429812042
0.09814887741288997
0.5132506288566152
0.0
0.10436647457051099
0.0
0.0
0.8171592119397063
0.10792946483191916
0.0
0.9567451060607987
0.0
0.056640894732725676
0.675506377943603
0.8584635388094501
0.8907842142163096
0.47637785466400556
0.5736886064763802
0.0
0.6934927465319657
0.8936268317157078
0.9851267166715415
0.0
0.0
0.0
0.6033193255502375
0.049012139508478866
0.23348638084523332
0.0
0.1323162104304099
0.0
0.0
0.0
0.0
0.7681433382394135
0.14602794623528564
0.9600742334894434
0.7626984279807506
0.0
0.0
0.0
0.9270283708061506
0.0
0.27592873953047214
0.9214427130967592
0.0
0.0
0.25537575779094196
0.0
0.0
0.0
0.22630230692285597
0.0
0.6606910817891771
0.0
0.0
0.40971199052891577
0.0
0.9896787079319251
0.3373429048207075
0.9317851124328885
0.5823753502384578
0.8219352412343308
0.0
0.0
0.0
0.0
0.48404621887633
0.0
0.8748428902136965
0.0
0.0
0.0
0.0
0.0
0.23459559674300345
0.0
0.2540790364386085
0.3145034032109538
0.215477521839908
0.015318715629696335
0.0
0.0
0.3350494395742374
0.6046034481880241
0.0
0.0
0.3440143004343778
0.19825595901800433
0.6413865882331555
0.0
0.11193898383178295
0.0
0.0
0.29074755358612864
0.0
0.0
0.9931806917293521
0.9819842817990548
0.0
0.0
0.14856315980384321
0.0
0.03441581111618612
0.0
0.0
0.0
0.5789763816095695
0.8145140332489251
0.44149347876648476
0.0
0.0
0.595010313054959
0.0
0.0
0.0
0.4427944075387852
0.08760936313756515
0.0
0.842583526488189
0.0
0.33142132112100336
0.0
0.14454697690295712
0.16589489167070945
0.2911134662965666
0.0
0.0
0.0
0.891985704869132
0.0
0.0
0.0
0.0
0.0
0.0
0.3511965023436311
0.9202109526306494
0.511251838843588
0.0
0.0
0.9926957340162462
0.0
0.7169982746702888
0.0
0.0
0.0
0.9023008173180153
0.49944039692186226
0.0
0.7028605391719138
0.6174694921522246
0.0
0.4488117722658648
0.8975010196589754
0.0
0.0
0.0
0.5218225745530866
0.0
0.0
0.5370563745736716
0.0
0.0
0.7446588505167179
0.5081125104190511
0.0
0.07230245870381131
0.0
0.34887172676467254
0.0
0.1491984418134728
0.0
0.056526981965440405
0.9158460327952853
0.6685094653632158
0.6285919549814276
0.0
0.04519104855630552
0.0
0.0
0.0
0.4973950804880274
0.0
0.0
0.2905595154230086
0.9751513599510332
0.0
0.9435250187177203
0.464720685395414
0.23298598531026785
0.0
0.0
0.5785841574118251
0.0
0.0
0.0
0.0
0.0
0.02046428132768066
0.0
0.0
0.0
0.0
0.963797020305134
0.6160085815815137
0.0
0.2356023773378409
0.0
0.0
0.5476772374584901
0.0
0.7946009091390569
0.0
0.5894630269913291
0.0
0.0
0.7172010614450472
0.16272727277261462
0.0
0.0
0.5918914096272022
0.36514192925126965
0.6793190856199178
0.0
0.0
0.6466744586927966
0.3117527708311972
0.41640945963108256
0.0
0.0
0.0
0.0
0.0
0.9436318780894217
0.0
0.01643059277232922
0.0
0.0
0.0
0.23806430713802404
0.0
0.0
0.5528735217164271
0.8422505790421542
0.18889236955269628
0.0
0.8577778345298819
0.0
0.0
0.9668488074346903
0.5565650047113839
0.0
0.49424857052224225
0.0
0.6272515578164994
0.0
0.0
0.8937688105638271
0.6965591845613497
0.0
0.0
0.0
0.1109386915771658
0.043476174229583525
0.0
0.32095257681229394
0.6459035580630633
0.0
0.0
0.0
0.0780071908932325
0.3074972007092458
0.9884688058362446
0.0
0.0
0.0
0.0
0.15890278288083332
0.0
0.0
0.9124540257394271
0.0
0.8400268984805594
0.22041690172984602
0.0
0.12103733981775663
0.0487176917175399
0.0
0.6198377516390018
0.7368518870104871
0.6467365407142068
0.5586794045567782
0.3969454008022668
0.2590681220325861
0.11370310538623979
0.059057789942023424
0.20292353654575931
0.0
0.0
0.0
0.9500842921296637
0.22800679821753383
0.0
0.30909987005385436
0.0
0.10300632346115868
0.0
0.0
0.0
0.0
0.4283532853272382
0.0
0.9293646540535828
0.0
0.7203699454314548
0.7878565702541621
0.5221458795185195
0.6983292227406149
0.948060108503958
0.0
0.13000037319619429
0.5461282313078967
0.0
0.0
0.0
0.0
0.36534138251746884
0.7947466895321119
0.0
0.0
0.0
0.0
0.0
0.0
0.0
0.0
0.0818935663811031
0.0
0.8807062743226453
0.9048963905514257
0.6226861565013595
0.0
0.0
0.0
0.0
0.12475283179876866
0.1804771216025466
0.0
0.9215696570400597
0.0
0.6178783312870967
0.0
0.0
0.5221646389407291
0.8667910814998416
0.2109474547350838
0.7627419047143205
0.2276186847161174
0.0
0.0
0.0
0.9780201899419889
0.42171753844216037
0.0
0.0
0.0
0.0
0.5585453597458013
0.9604175504418266
0.9840454564818409
0.5595547861094405
0.5825302421297813
0.8192768683631171
0.4758003274017757
0.0
0.0
0.1453095956555679
0.6514533059590458
0.0
0.896473119736795
0.8611154734058887
0.48936705616034515
0.9048582176811242
0.20864668195136643
0.0
0.0
0.0
0.0
0.45085074479844606
0.969335040417535
0.0
0.0
0.20799225898870755
0.0
0.7419981597060596
0.7954664435152509
0.0
0.9220713585143773
0.0
0.0
0.4379395880669942
0.28381860204545706
0.0
0.0
0.0
0.0
0.783277722074206
0.0
0.35569851506379396
0.0
0.0
0.9083229516355595
0.306022145138704
0.8027942177706678
0.7713267718763974
0.46499035700081875
0.0
0.0
0.2329431478989905
0.2196806252871295
0.0
0.0
0.005751881938442204
0.0
0.0
0.45809577173105814
0.0
0.0
0.11004642886226429
0.0
0.0
0.6154502603135676
0.0
0.10824516108549659
0.4182325093359187
0.0
0.33472625455074234
0.2002387400894834
0.0
0.48380419324020024
0.3416417506110008
0.0
0.045521492440609705
0.0
0.0
8.937944437337614E-4
0.9882772587945586
0.2875131370966558
0.0
0.15826426227178478
0.0
0.6633512023151737
0.3482180672543568
0.0
0.0
0.0
0.015508271293648847
0.0
0.36000589861974275
0.7207128413292654
0.24137275494583058
0.0
0.0
0.0
0.6891262474613683
0.7936857274424501
0.0
0.01604624702994376
0.0
0.9566071296710651
0.0
0.2285667829865402
0.19932520557195413
0.17709740297307705
0.0
0.7625419635274543
0.9121936949838287
0.2279350710638813
0.7647798456996314
0.2952129084944116
0.7230535458954706
0.0
0.0
0.01838192648792569
0.0
0.8681726984394476
0.13340123294000783
0.700262068987468
0.0
0.0
0.8332364173877626
0.9054466964312721
0.0
0.09252964593277577
0.0
0.0
0.0
0.0
0.0
0.0
0.0
0.0
0.0
0.0
0.5475435468230133
0.0
0.0
0.0
0.0
0.0
0.0
0.0
0.0
0.48664788736833464
0.0
0.0
0.0
0.0
0.0
0.29195374590550777
0.0
0.13889089144012168
0.3091334692113283
0.0
0.0
0.0
0.03993208539669506
0.0
0.9651446386804918
0.0
0.0
0.0
0.0
0.12251559441837889
0.0
0.0
0.0
0.7276341676287241
0.0
0.6327871779050266
0.8937683295976474
0.4856261660828498
0.7456766444272152
0.1840328744649432
0.0
0.3245174646564275
0.6516913892144025
0.18762461933456268
0.3744981169583717
0.0
0.0
0.9580600103250696
0.0
0.0
0.0
0.2141636943669809
0.732855707138242
0.0
0.0
0.15413753069646066
0.33581981189732557
0.0
0.0
0.0
0.3639668498674011
0.0
0.659515351799101
0.0
0.699762197444232
0.0
0.0
0.7798330202074775
0.0
0.0
0.824141227996467
0.0
0.7207206654485884
0.0
0.41443390041001454
0.7883928130993475
0.0
0.0
0.16447155018874018
0.0
0.24997458507878192
0.08393821125286574
0.0
0.0
0.9868808402675485
0.13785772702300267
0.0
0.5447468963880348
0.6421682765025541
0.0
0.0
0.8950919074616913
0.0
0.0
0.0
0.5555514003281324
0.0
0.0
0.16360310528408858
0.0
0.8876900157001482
0.48164298907275443
0.0
0.0
0.0
0.0
0.0
0.29629438512057593
0.0
0.7952330209996853
0.45101810192096486
0.6371079154083109
0.0
0.29618215852714214
0.0
0.0
0.0
0.7956786490904917
0.0
0.0
0.0
0.9160946441474686
0.0
0.0
0.0
0.0
0.0
0.0
0.0
0.9014974818275222
0.0
0.0
0.0
0.0
0.9576477639319269
0.0
0.0
0.18049321389292639
0.0
0.9094060428082018
0.0
0.9007411198477807
0.0
0.9335612691119611
0.0
0.0
0.0
0.9151775348204717
0.0
0.004284222702351688
0.0
0.9579151291272047
0.6734766898204023
0.0
0.11290797934443456
0.032792178330984245
0.0
0.0
0.0
0.0
0.21252083181897674
0.0
0.0
0.9972443677904615
0.0
0.0
0.9802039203546119
0.0
0.344853925397524
0.0
0.24132864052370695
0.0
0.2561450912526298
0.1808590495303791
0.6711823259394177
0.0
0.0
0.602857541613185
0.0
0.0
0.5636188350204013
0.08321491912094349
0.0
0.6786826462022145
0.6336343870465325
0.0
0.0
0.16794277332280438
0.9455847007241014
0.2896666764638662
0.010909292821828924
0.07741309027880032
0.3097172991443238
0.0
0.945083488894161
0.26282887993921517
0.0
0.9845836271044487
0.0
0.0
0.12678456881745778
0.0
0.0
0.0
0.0
0.15785985673134495
0.9989074873931199
0.0
0.73980618637366
0.0018329640049078596
0.6169713853205722
0.0
0.24319341019632193
0.7067097019064171
0.0
0.0
0.6714094184324504
0.41462794787998036
0.02519001478918579
0.2059568916149828
0.8558109066218984
0.619643764468328
0.679856139486422
0.9361071202450868
0.0
0.8626702506379863
0.0
0.0
0.05863675554136662
0.9428767304356944
0.0
0.0
0.0
0.0
0.0
0.0
0.0
0.0
0.1586784470914928
0.7804750011503762
0.0
0.0
0.0
0.0
0.5943292242622902
0.3416721928296992
0.6514117318105244
0.8456167517466988
0.9972553577764411
0.0
0.0
0.0
0.0
0.992773589021122
0.0
0.4672062427369735
0.0
0.0
0.46050819381328334
0.0
0.39795841666538206
0.0
0.0
0.0
0.0
0.0
0.4574679739635842
0.0
0.0
0.7794966889302649
0.0
0.0
0.0
0.0
0.6071817607315513
0.354964049189264
0.8069008823787497
0.0
0.9102556966457533
0.7983174690214343
0.9188836652601862
0.399778088533061
0.0
0.0
0.0
0.7176849912452469
0.0
0.0
0.7568639242011652
0.0
0.0
0.0
0.0
0.010159284820914778
0.06236051194650735
0.7518830008361803
0.0
0.8205737498733422
0.0
0.0
0.0
0.809685185440526
0.0
0.11128344740507365
0.0
0.0
0.669298451096787
0.47640914599661727
0.0
0.10471572860608166
0.0
0.5668682199781933
0.7189683794980829
0.7005337141450159
0.8247080624581704
0.0
0.17159146142017725
0.07095681594539642
0.0
0.24503820961037515
0.0
0.644504963622778
0.0
0.0
0.0
0.04030031840134582
0.0
0.0
0.0
0.36724602980609666
0.6139943542757741
0.4777255921354614
0.7336198697999441
0.0
0.40665136532267965
0.11035192068516818
0.0
0.7844622746678116
0.0
0.0
0.9766341612312316
0.07453198337442528
0.0
0.0
0.0
0.0
0.0
0.0
0.41503932824905776
0.2530408134608956
0.0
0.0
0.0
0.8397618206067957
0.8642624260530826
0.587689548337462
0.0
0.46961121427622365
0.0
0.0
0.0
0.0
0.20363820232042706
0.5508721701875442
0.04486872199102284
0.0
0.34126230606804886
0.0
0.0
0.924934021407499
0.0
0.7303621189041369
0.0
0.0
0.590256977785565
0.0
0.0
0.0
0.0
0.10793278415983854
0.8072863825523772
0.29097432967971976
0.8214028182233132
0.0
0.9407492015290083
0.0
0.0
0.0
0.23411112630475786
0.0
0.0
0.16496182679130036
0.0
0.0
0.6322526236382996
0.0
0.2082344299035227
0.0
0.5311053998092009
0.9768703161535718
0.0
0.530178918217384
0.7839044592712112
0.0
0.0
0.6940762497935524
0.6587669468608048
0.2246223054501896
0.11255356811890199
0.0
0.0
0.0
0.46365617367241646
0.12025981846410733
0.13227961432194957
0.9130135719198496
0.27090211643738316
0.5019167414535174
0.0
0.796019909463351
0.0
0.6548728033822712
0.6391717684118079
0.30298203257173056
0.11864460655004429
0.03203852293873176
0.8371213698214327
0.0
0.0
0.0
0.008942905840952382
0.0
0.0
0.0
0.0
0.0
0.25923719144124147
0.0
0.0
0.0
0.4586627397565692
0.15912350228237584
0.5438031405898843
0.0
0.0
0.0
0.0
0.4209056093921791
0.0
0.05156144876381306
0.0
0.0
0.0
0.9698023409319341
0.050563605609635465
0.908967279061887
0.0
0.35479994307063795
0.600298543602158
0.0
0.0
0.0
0.0
0.0
0.19626778893390323
0.5543163014158558
0.9054076789243547
0.0
0.0
0.0
0.0
0.0
0.4472600584585661
0.4052722057269027
0.0
0.0
0.0
0.3866648459859096
0.7997448467389878
0.798331830778842
0.0
0.10465131048349997
0.7063473661371117
0.05660660305220964
0.9911173970453401
0.0
0.0
0.9145082458175638
0.6762766366892109
0.7005792980305681
0.5831592358524882
0.0
0.0
0.0
0.0
0.8489809723603742
0.0
0.0
0.0
0.8626228456690087
0.0
0.903854253400626
0.0
0.0
0.0
0.44012804556742047
0.0
0.46729747299074126
0.0
0.0
0.3362622389742829
0.0
0.854224295159986
0.0
0.0
0.5520595816287573
0.8042192629761042
0.0
0.0
0.0
0.0
0.0
0.0
0.0
0.0
0.0
0.0
0.0
0.0
0.0
0.9441678442877172
0.5283008516370418
0.48913920526076515
0.0
0.6168057195219474
0.32981366130317097
0.6534008071005086
0.0
0.7231506999637175
0.27133093162996863
0.0
0.0
0.820596593411302
0.0
0.0
0.3570432331093939
0.0
0.0
0.1175061920278649
0.6372212480744884
0.4912691043765023
0.0
0.9948629053514414
0.5245088596001931
0.958970505659564
0.22887259531510473
0.0
0.20373164995821608
0.0
0.4387816720631763
0.0
0.0
0.5679891629462941
0.0
0.3879936882655199
0.6317836514898378
0.0
0.0
0.0
0.0
0.0
0.430419549965675
0.4127694866529189
0.6961814932831476
0.0
0.0
0.6305571313454934
0.2803587142577939
0.6892432608074175
0.4564781455797799
0.0
0.2528118989771122
0.586007757572911
0.7954969450618503
0.0
0.2636997974413037
0.0
0.005689297189475883
0.0
0.0
0.0
0.0
0.0
0.0
0.0
0.0
0.8484666074778318
0.0
0.8967599300745127
0.0
0.0
0.05762392613762075
0.0
0.0
0.0
0.0
0.0
0.0
0.0
0.6415150933674988
0.973961952843088
0.46553499991032476
0.6112875166741405
0.0
0.8658889669782039
0.0
0.0
0.0
0.0
0.0
0.0
0.7039490779735307
0.7902536029355569
0.0
0.0
0.026912315897648687
0.0
0.8715919250339856
0.0
0.0
0.0
0.7475387870746715
0.061000839702509496
0.3665905991558127
0.0
0.7495503212505538
0.655332434500858
0.08380431302431225
0.0
0.0
0.0
0.07718653898275979
0.2126712250410225
0.14722279323359952
0.0
0.0
0.45046602183831974
0.0
0.0
0.04375429890622663
0.0
0.0
0.0
0.0
0.0
0.0
0.7807919319584645
0.0
0.07595059078056199
0.0
0.0
0.0
0.0
0.0
0.6413397130273437
0.0
0.5770799709435066
0.0
0.0
0.0
0.8917983905787822
0.0
0.6359384630742233
0.5661458907188957
0.9790873974616506
0.8515761606838903
0.0
0.0
0.11657408757199265
0.1320064897254535
0.6573642959909686
0.0
0.6014935300980481
0.0
0.7343122578669422
0.1532157663262713
0.8676062452040003
0.7222771380573826
0.0
0.0
0.0
0.3013928961287611
0.0023453725424981914
0.0
0.9912406653405041
0.1667897619112963
0.0
0.0
0.0
0.0
0.8877220927538291
0.35580247399557585
0.8437110942971535
0.0
0.0
0.0
0.8330155213807929
0.0
0.0
0.0
0.0
0.0
0.0
0.7798008342499682
0.0
0.0
0.48163441241511307
0.0
0.9037871246045245
0.0
0.0
0.0
0.0
0.0
0.0
0.0
0.40053641799821443
0.0
0.0
0.0
0.11172590105763655
0.0
0.0
0.20004839515346282
0.5293413135393886
0.0
0.0
0.0
0.0
0.12582561623376182
0.6400371308267601
0.0
0.9812003012991188
0.0
0.0
0.3512544184756489
0.9190393222939934
0.29998558776270506
0.0
0.0
0.9915039379322285
0.5515011742545939
0.6128542709005732
0.0
0.0
0.4370556775245667
0.0703996554925235
0.0
0.9029893002950169
0.0
0.6752068008731538
0.27478074533073
0.0
0.8137195204205759
0.0
0.0
0.0
0.35105975380080745
0.5140077395009467
0.2624531234906225
0.0
0.0
0.0
0.42777935585747223
0.0
0.0
0.89481249725298
0.0
0.6107426069465381
0.0
0.47882861755960887
0.0
0.0
0.46958920783299374
0.0
0.8850164921569356
0.0
0.5357630039599197
0.6886051320487145
0.6627556989012553
0.3163081095214369
0.0
0.0
0.0
0.015677167597028068
0.16425533348610977
0.40927873937040476
0.0
0.5058153720076747
0.8644190019551966
0.0
0.0
0.6541466301545835
0.0
0.0
0.0
0.0
0.0
0.8381946903689721
0.38277147020321667
0.0
0.0
0.0855509007429668
0.0
0.8373464612870024
0.3051611173886144
0.0
0.0
0.4767862128135001
0.3287911764201498
0.0
0.2174941746452399
0.9310925279574216
0.0
0.0
0.0
0.4365073413372959
0.0
0.0
0.0
0.0
0.6100836029175994
0.21252973883823859
0.0
0.8544159018754626
0.3339983926777668
0.37202311081723755
0.0
0.9409854533671868
0.0
0.9757274837492286
0.0
0.6554706152759839
0.0
0.7884917910747214
0.0
0.0
0.0
0.15310326767660082
0.0
0.9304775934714256
0.9217483046261147
0.0
0.8042121590690922
0.3524499672447415
0.0
0.6834805872765106
0.0
0.4771809121106718
0.1680078959642096
0.0
0.9710448926417953
0.0
0.6644001196612436
0.21851180126714037
0.21919005905865485
0.0
0.0
0.5534902862488288
0.07336815606257412
0.0
0.5390944506196158
0.6663948275198004
0.0
0.2365551059829013
0.072331701066167
0.9174979120944573
0.0
0.3425728518918611
0.28381471780740025
0.0
0.5320921206440414
0.09286819397610836
0.0
0.5282027646528813
0.26831001472628574
0.0
0.27737298193697646
0.0
0.0
0.0
0.17382771562698668
0.0
0.36252518957286267
0.0
0.5333507915408043
0.0
0.0
0.11304441150521437
0.24777033778274277
0.7281417690315202
0.0
0.12976500915467398
0.9950598137083979
0.9325809245642763
0.0
0.0
0.5957082005927571
0.0
0.0
0.0
0.3592881194138232
0.13016923831736693
0.0
0.44694852885221525
0.39560777842119843
0.01757416705186246
0.0
0.0
0.8676021475654999
0.33773783880079067
0.0
0.06338902114790819
0.04473723176438672
0.21708552401227318
0.501724233005395
0.0
0.0
0.7284585037168163
0.7121895436873215
0.9203963740925747
0.0
0.0
0.13266237802692962
0.4582969375433923
0.0
0.0
0.0
0.0
0.0
0.0
0.08628945839727034
0.0
0.0
0.0
0.8789622070535281
0.0
0.19852162845872293
0.116292989813907
0.0
0.0
0.0
0.0
0.5533007211158005
0.0
0.0
0.0
0.8179702256767867
0.0
0.0
0.0
0.0
0.0
0.33793090738333803
0.0
0.0
0.0
0.0
0.2143192940405885
0.43883530476600247
0.0
0.14590212278488188
0.0
0.9824502650638584
0.1126547436869503
0.0
0.0
0.36430855225529846
0.0
0.0
0.49784687628495083
0.0
0.0
0.36236499680272444
0.31239303746698754
0.0
0.0
0.8502768515372805
0.028841003878918962
0.9896996331301767
0.9945216332182395
0.0
0.17047229478622108
0.26367925730513486
0.0
0.3040733454290091
0.0
0.9177722977689223
0.0
0.0
0.0
0.2305016686700423
0.0
0.6582036350890573
0.0
0.1701655044918937
0.4046217860850774
0.7977799365382072
0.2513620535250688
0.6070281083918094
0.0
0.5556959655281009
0.6425532221657972
0.0
0.9141851753719509
0.654801694859049
0.8698760625501041
0.0
0.0
0.5769702094517459
0.0
0.8734715554020988
0.19663769485216506
0.0
0.09196395367106568
0.9744004930147379
0.3036233810293497
0.8564380844976539
0.7975230720720872
0.0
0.8516786919196462
0.6895581456957937
0.0
0.0
0.7136351899281528
0.0
0.9070808331123082
0.4693550952930568
0.7255666606395198
0.0
0.0
0.0
0.0
0.0
0.0
0.6006391837967805
0.8352861636829023
0.0
0.0
0.16855606981329396
0.0
0.1477342014091033
0.0
0.42146875375335857
0.0
0.0
0.0
0.8854852725067203
0.0
0.6600855653309083
0.0
0.0
0.0
0.0
0.0
0.0
0.0
0.2332097713851876
0.0
0.0
0.0
0.0
0.0
0.48601622716124204
0.0
0.8123705653936553
0.0
0.0
0.0
0.0
0.0
0.029615634063076924
0.7384001100201857
0.0
0.38988903328402713
0.3676494070724055
0.8388772058563501
0.8594649755590767
0.0
0.0
0.19049130183805746
0.23854603949274528
0.9356146540205593
0.0
0.0
0.17147245801592348
0.0
0.0
0.0
0.7687834248352634
0.0
0.0
0.5423217635842325
0.06812215131912927
0.0
0.0
0.0
0.37003076544637037
0.8000628787439843
0.0
0.0
0.0
0.013429009042403113
0.0
0.0
0.8448382108123484
0.0
0.0
0.0
0.0
0.003844114761436255
0.027084403717049357
0.6765166619879082
0.0
0.17093614983949604
0.0
0.0
0.19755264904161274
0.2181914419608383
0.0
0.0
0.0
0.33572667332621864
0.0
0.2762474178253622
0.0
0.8868955271852519
0.0
0.3113908857147965
0.0
0.6053345697735347
0.0
0.0
0.6976851652910577
0.0
0.0
0.0
0.0
0.09782255249640366
0.0
0.0
0.4932100235410466
0.0
0.29689624506800516
0.0
0.3495477226825227
0.0
0.0
0.8198098095427924
0.1340466173268007
0.0
0.6977821117226056
0.0
0.8860969410251727
0.551577992193156
0.12765667315415033
0.8962937591830488
0.23168977812062896
0.03828057655884327
0.0
0.0
0.0
0.0
0.0
0.0
0.0
0.5736180998806539
0.0
0.6881498231928455
0.4270779847862976
0.9501184548203339
0.697185659785746
0.0
0.0
0.0
0.0
0.0
0.0
0.0
0.31976756635777165
0.0
0.6279401775602425
0.0
0.09362431331085407
0.0
0.558364825248092
0.9786083977124589
0.0
0.057006738339848685
0.0
0.0
0.24977319595349304
0.0
0.015063856345215667
0.0
0.0
0.7421476890456383
0.0
0.0
0.0
0.0
0.6568472297472895
0.0
0.39016346251323325
0.4355628700314016
0.37510150090771904
0.0
0.0
0.0
0.2685335736756155
0.8938177940746508
0.764779654375097
0.0
0.0
0.0
0.11385597415728274
0.9976918764795917
0.0
0.22683768491385733
0.0
0.41443007520355574
0.24537838696449923
0.8501741819755172
0.7131275416195327
0.0
0.0
0.0
0.0
0.7652606600051662
0.9125084630078357
0.9212219557334835
0.0
0.0
0.9840515073450266
0.0
0.0
0.13485641679405175
0.11708659903520059
0.0
0.37016754013991343
0.0
0.721630427281777
0.0
0.4874053999664656
0.4683996638522319
0.0
0.0
0.33479567741085814
0.0
0.0
0.0
0.6788294576942663
0.0
0.28933661968619717
0.4497001908166781
0.4926287759891461
0.0
0.0
0.2144198500540588
0.09121133605917953
0.8481059558357725
0.0
0.0
0.0
0.0
0.0
0.0709366403058633
0.0
0.486346626802023
0.5423071216458557
0.7277306293464337
0.9889841578893717
0.4466697432831661
0.08832701555701153
0.0
0.05369137261669106
0.7686593454637046
0.0
0.0
0.0
0.0
0.0
0.06296848438207521
0.7252886955816099
0.0
0.0
0.0
0.0
0.0
0.23736712354618775
0.0
0.9848086472887392
0.6747096080519147
0.0
0.0
0.0
0.0
0.7176298353272949
0.05201064203758353
0.0
0.0
0.0
0.0
0.0
0.0
0.0
0.6436819484990349
0.0
0.463533248052523
0.8433799489676778
0.6728486742648986
0.417395920345173
0.0
0.0
0.0
0.0
0.0
0.7405686014847378
0.28993429775996327
0.3614448769553091
0.0
0.0
0.9451085743256972
0.0
0.154322302105555
0.25018289629024715
0.0
0.8777936774716621
0.0
0.8386367016306172
0.0
0.30664660478191075
0.0
0.0
0.0
0.0
0.0
0.0
0.0
0.8822664100245283
0.9580765702823754
0.0
0.0
0.0
0.5570479211159143
0.1716122299599149
0.06374036189907924
0.0
0.5520644949919985
0.0
0.40760714573017187
0.826744106923378
0.0
0.7423857890298876
0.0
0.0
0.24066405310730435
0.8405251437832394
0.0
0.0
0.8976006487045708
0.0
0.6218567294938459
0.0
0.0
0.0
0.2407273631779141
0.0
0.0
0.008624156708537091
0.0
0.0
0.8811484911086442
0.0
0.0
0.44941561822999426
0.0
0.0
0.0
0.09168451983758467
0.9757088451440666
0.6015602968703176
0.8612228647989026
0.0
0.0
0.0
0.0
0.8768608033263429
0.0
0.0
0.0
0.0
0.0
0.0
0.41248386107742074
0.9866421970530064
0.45040583069499834
0.0
0.0
0.12568097809779324
0.9672635730846043
0.0
0.0
0.4262745242769849
0.0
0.36718541910321983
0.0
0.0
0.10691944186397472
0.0
0.4116362215377151
0.0
0.0
0.0
0.9336393170070274
0.0
0.22184632329960766
0.0
0.9752387187860247
0.45788014216941625
0.0
0.0
0.0
0.8039974436932094
0.0
0.0
0.8907576435671742
0.0
0.0
0.0
0.8136342718439171
0.2847060015841645
0.0
0.0
0.0
0.0
0.978186520723669
0.0
0.0
0.33812324643483754
0.23203314846826287
0.0
0.0
0.0
0.0
0.08635803492212658
0.0
0.8827692447921277
0.0
0.0
0.47030009754207824
0.0
0.0
0.0
0.0638174583480038
0.44423797306591584
0.0
0.4444701172925346
0.8668220127045363
0.8533420288246574
0.0
0.8346693721119781
0.22284047966520784
0.0
0.014049132194076554
0.7676147731102229
0.0
0.7928400261008434
0.7588972759527608
0.0
0.0
0.0
0.6896870279476871
0.0
0.8655272513784044
0.46930504573676984
0.0
0.0
0.0
0.0
0.0
0.0
0.24497419492781938
0.0
0.0
0.6826980950463984
0.0
0.0
0.7561061590431833
0.0
0.964446196849243
0.6400523933713141
0.0
0.35702276674801386
0.0
0.0
0.0
0.738733939330944
0.1297085806391269
0.0
0.681383241920268
0.0
0.0
0.9496286730528192
0.6180245939250734
0.5558880841014123
0.47353207674920755
0.0
0.0
0.0
0.0
0.0
0.0
0.7121384323316041
0.0
0.9982338839688499
0.0
0.0
0.0
0.0
0.20508341830590562
0.0
0.0
0.0
0.0
0.8616090958411208
0.09726580752266686
0.0
0.42483667279041987
0.41734269608749425
0.0
0.0
0.8363376304640071
0.5117959956509658
0.0
0.0
0.0
0.0
0.0
0.0
0.0
0.0
0.0
0.9455576516332086
0.13924576625211746
0.8199020096308093
0.24060229157068713
0.0
0.12452246315050099
0.8987229400349045
0.0
0.0
0.0
0.622979957631154
0.0
0.10769058097584483
0.3945532538477479
0.0
0.2151067329063909
0.1115189214908532
0.0
0.0
0.805641630702663
0.0
0.7227479235264856
0.14668164989993948
0.0
0.1014711579916511
0.0
0.9567767698284729
0.0
0.0
0.053342764742720865
0.4260038862654273
0.9201795080146126
0.0
0.0
0.4477704809745635
0.8017982874832456
0.0
0.01964443521070985
0.0
0.7797221471930813
0.0
0.1474807427202549
0.0
0.0
0.0
0.2895801185909089
0.7413365466809211
0.0
0.3803290270608902
0.43399140124034813
0.11287116076574462
0.8001407694825726
0.0
0.4297508795362487
0.0
0.0
0.0
0.1629026892075577
0.0
0.0
0.0
0.0
0.21317022323107657
0.1390051584336915
0.5228944305741712
0.0
0.0
0.0
0.0
0.0
0.0
0.8440178915062304
0.0
0.2935632562246875
0.969184078607246
0.0
0.0
0.0
0.0
0.0
0.0
0.5886692867638216
0.9342381603779284
0.8077731848409813
0.28320754130906667
0.11199346483680206
0.0
0.0
0.8206019606023345
0.8131211576354095
0.16835509418341502
0.0
0.0
0.0
0.5523449756649752
0.0
0.0
0.0
0.0
0.8806083706252963
0.0
0.0
0.0
0.0
0.0
0.1437265814749186
0.7642356740773872
0.397779434315541
0.0
0.4547296176401624
0.202404045506303
0.6250031804485704
0.6351987030262668
0.0
0.0
0.0
0.0
0.17333976487860717
0.0
0.0
0.2345386068386651
0.0
0.0
0.1426463373444662
0.0
0.8096920677550535
0.0
0.0
0.0
0.2404105108577297
0.0
0.0
0.0
0.0
0.33035296102110717
0.0
0.0
0.0
0.0
0.0
0.0
0.3225484590191467
0.16913024031414534
0.0
0.9225582147029115
0.7002428799245275
0.6265021984767108
0.44264783322616696
0.0
0.7669344265910117
0.34100062262084285
0.6398170572660313
0.0
0.0
0.0
0.6105335081620263
0.0
0.7056660145359585
0.0
0.0
0.6704318110762113
0.798398726791891
0.12214211627897363
0.0
0.16483027067029526
0.0
0.0
0.0
0.22011697049811224
0.0
0.0
0.0
0.0
0.0
0.0
0.4398928679252859
0.8406487194056822
0.0
0.0
0.0
0.0
0.0
0.6654044637540986
0.0
0.0
0.5989594907988548
0.13651439161097356
0.6384788272890606
0.223024787837738
0.0
0.0
0.0
0.40972031910740986
0.0
0.0
0.7138276726322669
0.22037117013031954
0.0
0.3650096204782381
0.4351082699787151
0.0
0.7296888934535044
0.0
0.0
0.0
0.6420024642002178
0.0
0.9507852389233327
0.0
0.0
0.0
0.012417589349135729
0.0
0.5662074949376663
0.0
0.0
0.0
0.28557002347422794
0.43120729233593263
0.112985960956817
0.0
0.06309954080744012
0.0
0.0
0.0
0.0
0.0
0.3598231780785818
0.0
0.0
0.18589413780371328
0.7305281371529954
0.0
0.0
0.0
0.0
0.9319487701079193
0.0
0.0
0.3807021729950621
0.0
0.0
0.8837047197556037
0.5371696736943959
0.0
0.7126007600072444
0.0
0.0
0.0
0.0
0.0
0.8147876147859966
0.0
0.0
0.0
0.2998728928245013
0.48991852320859924
0.0
0.0
0.40583958029968886
0.8949383366843038
0.0
0.0
0.4746007105382368
0.0
0.0
0.0
0.0
0.6538908162666586
0.6938794881275769
0.2069311614761056
0.2901624197045982
0.3220484686094968
0.0
0.0
0.5243973299522361
0.8712603908414047
0.7975302083465735
0.0
0.8369203873396618
0.02400888769517437
0.9636245644669479
0.45056398264511677
0.0
0.0
0.0
0.0
0.0
0.9787110236618547
0.8618640730061462
0.024261898873198524
0.0
0.0
0.0
0.2171620369663678
0.41373050813985035
0.0
0.38519366934799926
0.0
0.0
0.0
0.0
0.0
0.9113345005075417
0.0
0.0
0.6214069208131746
0.0
0.5879407041362837
0.0
0.986474557162319
0.12494369255183732
0.9782828985728255
0.0
0.0
0.0
0.29774075351893753
0.9123118007289441
0.0
0.27632643514061367
0.2128585141579175
0.0
0.42799952276064535
0.23518596837960867
0.6606638803152037
0.667877887626487
0.9237716761505754
0.5322971987490007
0.48836294923260287
0.0
0.7749771609088323
0.17552508473760334
0.3471575206600203
0.0
0.0
0.0
0.4200861880918759
0.0
0.0
0.0
0.9127180942903375
0.0
0.9830026684198752
0.0
0.5432795516684664
0.0
0.6193291754445234
0.0
0.5441460615074019
0.0
0.8590798781295493
0.0
0.0
0.4339450079166847
0.5589425547467193
0.0
0.0
0.5705309066482354
0.306512348197064
0.8953388355849802
0.0
0.9355277623365212
0.0
0.0
0.0
0.0
0.7121890435000182
0.0
0.06471681089902964
0.0
0.0
0.0
0.0
0.0
0.33989656944528746
0.0
0.0777240396091607
0.6276381184693112
0.47537436515033965
0.5121276123839501
0.0
0.0
0.3499745667992181
0.0
0.9153671413296094
0.213824843714283
0.8194107604464816
0.24286880730082477
0.0
0.0
0.0
0.7904357222933561
0.9187063337961436
0.11107130534656691
0.47821432554233007
0.25544257783636487
0.0
0.6431907165667395
0.9686595051422937
0.0
0.0
0.0
0.6300271414960911
0.0
0.0
0.0
0.0
0.0
0.0
0.0
0.0
0.0
0.0
0.827583547572022
0.0
0.8615299313170888
0.0
0.0
0.0
0.486783331038137
0.14828398019236225
0.0
0.9073987293022573
0.0
0.2038015258161779
0.732680041094501
0.0
0.0
0.0
0.7116254607044461
0.8940741472311086
0.7178252111793223
0.0
0.0
0.1689431697493089
0.3913462663634154
0.0
0.0
0.4807676516000196
0.1524432830008067
0.0
0.0
0.0
0.650620569906379
0.6874582117978636
0.9560608712434153
0.707769672884766
0.014898271379851858
0.0
0.7848743989259016
0.0
0.0
0.6717526466000854
0.15771021610576183
0.6803286185398194
0.0
0.2487693918014915
0.0
0.8511258269980861
0.0
0.22669902150337287
0.6909360990611285
0.4501247447793207
0.0
0.15594826556910577
0.44697669972152526
0.0
0.8305086763556985
0.9342839594729373
0.0
0.0
0.0
0.0
0.0
0.0
0.0
0.0
0.0
0.2788009891168105
0.18970717266050086
0.9681739239752911
0.0
0.0
0.0
0.5501099720357361
0.8029806352825537
0.0
0.0
0.0
0.23526074191107768
0.7278280437487606
0.7455980214596165
0.0
0.4543847669409524
0.9024736788355394
0.0
0.7195566519649084
0.0
0.0
0.24880238710892244
0.8241802250006764
0.5854667042268697
0.0
0.0
0.0
0.6403689480306873
0.0
0.8589374787108203
0.3923404820744549
0.28038907230780413
0.0
0.0
0.05072861395643788
0.0
0.2370025801999416
0.0
0.0
0.0
0.5843642082488258
0.0
0.0
0.0
0.0
0.0
0.0
0.1520735685750587
0.0
0.0
0.9049622093899597
0.0
0.0
0.6335826941214918
0.34539874320603514
0.044100625427680756
0.28358649358488036
0.9366439909230775
0.0
0.4026147543522468
0.0
0.0
0.0
0.0
0.0
0.0
0.4545214755052692
0.0
0.6487351539140487
0.8476575867898141
0.5448374722365602
0.0
0.28760563845726916
0.02402855386274796
0.2244568305789348
0.6750125823000345
0.0
0.11397158272328214
0.32406771319609856
0.36163093357646464
0.0
0.10901297362719857
0.0
0.0
0.7377185886416513
0.0
0.0
0.4100480293488697
0.560163828201949
0.1630984736791959
0.510279229081329
0.7990498641933416
0.2776033554816475
0.09916605407948387
0.24403274029203326
0.0
0.0
0.2853551847787179
0.0
0.9655918102026725
0.9379920703010975
0.0
0.0
0.9196173118272947
0.0
0.14830621020575793
0.0
0.0
0.0
0.7470371018090777
0.0
0.8296198759347236
0.0
0.6107925950915918
0.0
0.384786757682301
0.5357900315308007
0.9046590756096492
0.0
0.7012936373324747
0.0
0.8171899052348847
0.0
0.5886994151652073
0.0
0.7422100475796142
0.0
0.12747863288800348
0.5704004176584309
0.0
0.0
0.7780038315425443
0.9201559362162677
0.132336021618108
0.0
0.19849674144378715
0.0
0.07772472122155209
0.07222952439084815
0.5058095689964167
0.04710284649028721
0.0
0.6110717985026327
0.0
0.0
0.3256001327114394
0.0
0.0
0.0
0.0
0.0
0.0
0.0
0.37576766152090174
0.0
0.0
0.6626536604553411
0.8419454126609478
0.0
0.0
0.5208285873254397
0.8198042632381084
0.7834964603847329
0.11489623761139697
0.9002023243171314
0.6800436607739566
0.6723476106514608
0.1595912464078588
0.9486072685797203
0.2004214284083959
0.43410818194969464
0.0
0.0
0.0
0.0
0.0751155414109673
0.0
0.0
0.4629408474818702
0.0
0.0
0.9077117235916635
0.0
0.8304347302245274
0.0
0.014003725961991299
0.9858935203374464
0.0
0.0
0.0
0.0
0.9593247764157297
0.3705943683634213
0.3629872514971996
0.0
0.05464191710980637
0.0
0.0
0.0
0.0
0.0
0.0
0.0
0.7851978103470391
0.8227421884436027
0.0
0.34935271574141924
0.0
0.6957599918326316
0.5050061868486305
0.0
0.9439733520825379
0.0
0.0
0.0
0.0
0.0
0.23037744963326973
0.5939698743047392
0.0
0.0
0.0
0.0
0.0
0.0
0.0
0.9698695993184493
0.0
