0.5870839220109723
0.5828388658163379
0.0
0.8885700035980817
0.5843991032363989
0.0
0.99831184017444
0.0
0.0
0.9320377932232362
0.0
0.9951279852072469
0.0
0.041631050296642824
0.5216278952213471
0.6636584061518477
0.0
0.0
0.0
0.0
0.07231363270834701
0.5143719188933089
0.9443178313705296
0.0
0.0
0.0
0.0
0.13163955677722017
0.9623635249679433
0.0
0.8042763375413163
0.0
0.20026886704312852
0.5807254237115044
0.4392863406002201
0.9999577271595491
0.02323389928289421
0.0
0.9985492402634393
0.23958651460317248
0.0
0.0
0.0
0.9963492424462821
0.07751687177378874
0.0
0.7534394735244383
0.4468482053286469
0.0
0.0
0.29809238746290634
0.0
0.0
0.15886162063827292
0.9984321380223794
0.0
0.699315058008651
0.6437906327246139
0.1658582590455947
0.4425561395148394
0.007447381418615895
0.0
0.9362176918736607
0.7683464196032609
0.0
0.0
0.0
0.0
0.6144771969137869
0.0
0.98937568862411
0.0
0.7107150465343024
0.0
0.0
0.0
0.0
0.920173017017349
0.0
0.0
0.8063263714369319
0.34265646456156873
0.0
0.0
0.14468701277589457
0.0
0.0
0.0
0.8431113803728605
0.9542076095005371
0.0
0.5587299579667955
0.0
0.0
0.0
0.3576080657452365
0.0
0.8368509496168055
0.99847497099375
0.33048107203132104
0.5803759310403083
0.02247509613357701
0.7872514004020996
0.3807703743663706
0.0
0.0
0.0
0.0
0.0
0.0
0.4892776212026455
0.0
0.12842266581595974
0.07333636469273275
0.0
0.0
0.9606233437682696
0.0
0.0
0.9936807745208672
0.172466534166841
0.4824525390909622
0.0
0.0
0.42321992997745794
0.8148217639474602
0.955791441553869
0.9681150916806082
0.5341162871384051
0.0
0.21986115796126526
0.0
0.5778302857610971
0.0
0.964096558677144
0.548440939500274
0.9256369590596484
0.0
0.0597098689719342
0.0
0.0
0.9997969690262359
0.0
0.0
0.31672620818755326
0.5220253449448558
0.3378765402892756
0.0597098689719342
0.9959739681263635
0.6136643775663322
0.022879326328482996
0.3979742914071924
0.0
0.0
0.0
0.6535701542521727
0.15628321911314746
0.5341162871384051
0.13163955677722017
0.35110593784543476
0.2055432263297201
0.13163955677722017
0.0
0.0
0.5651712335312429
0.8165178593858369
0.508822457414805
0.6136643775663322
0.0
0.5874379371971817
0.028676089988025844
0.1778915428499943
0.30783769631043023
0.9925623728183168
0.05500305974275499
0.33463084702469337
0.0
0.6612260575403746
0.554085047340902
0.0
0.9844388332861375
0.8443046575283583
0.0
0.9035107842642913
0.5129880120116547
0.5354637313470999
0.0
0.9908153925829247
0.0
0.28060795746721445
0.0
0.19944431650463867
0.0
0.035123848371491406
0.0
0.0
0.9233892031439304
0.9876866300505399
0.5874379371971817
0.27343922706405643
0.0
0.7462459007917053
0.5660003137103696
0.0
0.0
0.7282267589125031
0.0
0.0
0.0
0.580594656345247
0.0
0.0
0.0
0.5413366974202056
0.7183779828167387
0.9004770951284224
0.0
0.0
0.0
0.37288023495004397
0.9188906474736863
0.13163955677722017
0.8110189230348572
0.0
0.8118053470110042
0.7347036200209711
0.7637914514181207
0.05388843194493009
0.0
0.0
0.0
0.0
0.5264956445645903
0.28768568968989383
0.0
0.0
0.0
0.9923571349554339
0.775832466046248
0.5504304817711612
0.0
0.103318532230537
0.0
0.3183117681230021
0.34352499134005277
0.713964627407512
0.4534408266306049
0.4087981463970811
0.0
0.9514390303644618
0.998709341608813
0.7167111544761726
0.9200987520548101
0.0
0.0
0.169260332171685
0.0
0.0
0.01766157383711986
0.5845094900506045
0.2997253148687524
0.0
0.0
0.800065329607861
0.0
0.0
0.0
0.0
0.0
0.0
0.871381178143984
0.0
0.8710104920641362
0.44185534375993374
0.0
0.0
0.0
0.8013714530065832
0.6483558192814269
0.6493243825413741
0.6242476115161496
0.0
0.0
0.0
0.12953066240621303
0.0
0.0
0.0
0.0
0.0
0.0
0.0
0.676966336308771
0.103318532230537
0.9940974079997028
0.0
0.0
0.4340695849916272
0.9473569021070287
0.9681997167878074
0.0
0.0
0.3300778296930911
0.0
0.0
0.23431733633467133
0.0
0.2987747430581622
0.724454931371984
0.0
0.0
0.7550627557484311
0.0
0.0
0.6803006934633486
0.0
0.24372228436833487
0.7973950252485663
0.2984296983458672
0.0
0.8370918076788983
0.0
0.0
0.0
0.6157467629677205
0.9872115026823651
0.0
0.0
0.12180528408614633
0.0
0.0
0.7181908184596093
0.0
0.3575748979239024
0.6493243825413741
0.0
0.4136934610441244
0.6144566259937333
0.47711349936192016
0.9984321380223794
0.0
0.21712930713036438
0.0
0.1391648862060857
0.0
0.206053787120818
0.0
0.0
0.8672744140253151
0.0
0.0
0.0
0.5488789213540959
0.676966336308771
0.8476153208787222
0.26748178140629286
0.0
0.23950065513468033
0.4126053021735757
0.0
0.3371252437889789
0.0
0.0
0.0
0.998328009167929
0.0
0.4199968394772772
0.5707349685147972
0.16072003084425668
0.0
0.4468482053286469
0.0729361301625634
0.1400601400029695
0.0
0.0
0.15981254170023407
0.0
0.999819069478777
0.2892802437244001
0.35243480857415876
0.0
0.6047621744275749
0.0
0.348860730223983
0.18943399449223808
0.4523041426968951
0.0
0.9680188101194569
0.0
0.694018302276247
0.0
0.9869212787134126
0.0
0.0
0.0
0.8030117095171783
0.5282658290480726
0.0
0.12077188251305371
0.0
0.4331972714210368
0.16236463519525113
0.0
0.0
0.0
0.0
0.0
0.0
0.32440130738563744
0.0
0.0
0.0
0.0
0.011551376756554599
0.5154936719763883
0.6210580893116551
0.0
0.8747777512190587
0.0
0.0
0.5853759077807456
0.46532181745302115
0.5679451043620798
0.8698305198456304
0.0
0.5688675690519296
0.0
0.0
0.7684895159255937
0.0
0.0
0.9694531215323579
0.0
0.08232098166906243
0.3164780408318587
0.5311136736868081
0.5844660457937663
0.3811528207945347
0.814610541430306
0.0
0.7949792491316067
0.0
0.0
0.0
0.13662922571512526
0.0
0.6086431685213625
0.21182583442129843
0.0
0.18001725027213544
0.0
0.9999944470387333
0.9920747362325834
0.0
0.0
0.0
0.5286557032131498
0.6157020646387283
0.0
0.5514441015858988
0.21666932695700436
0.0
0.0
0.5452299875835666
0.0
0.39063174185508664
0.9885832056509031
0.8530567244314977
0.0
0.9998682822004692
0.0
0.0
0.0
0.4207261777272375
0.0
0.0
0.0
0.0
0.8192999357735903
0.0
0.474084422320464
0.5596188539627337
0.0
0.01624284872963999
0.0
0.09946474399276961
0.45926518253732884
0.4824726961946071
0.0
0.0
0.480253255188547
0.6643221615962902
0.29513557015139025
0.0
0.0
0.0
0.0
0.5067593578598356
0.44912255778439636
0.0
0.0
0.11876031015180777
0.9999785434633283
0.6136643775663322
0.9780936977067457
0.0
0.0
0.5193813470316506
0.9981638510654117
0.13429313236983864
0.45062800549439475
0.43617969703276094
0.8541261251006687
0.6276405887341934
0.0
0.0
0.0
0.5712450599823188
0.9067914649218511
0.13489482835190802
0.0
0.0
0.9692670719318508
0.0
0.38740560312710026
0.0
0.0
0.0
0.7345123003362785
0.38585605789860833
0.21139718167370525
0.09327130428974872
0.5154834821120899
0.1823311489775722
0.0
0.0
0.4769690803528184
0.8858682332048706
0.9987826943020879
0.0
0.0
0.8973818569717386
0.027045858853876892
0.9958050239409331
0.7588293022104623
0.0
0.9953430832753425
0.0
0.0
0.0
0.0
0.0
0.5215566174547042
0.08450711902251451
0.5150982600136447
0.0
0.0
0.0
0.39818452877165544
0.4943660816094154
0.0860612871714268
0.9730714099575466
0.0
0.2988611909336085
0.0
0.7012292535468876
0.0
0.43758771930230966
0.9069200618254841
0.21616552821529544
0.8308585507412928
0.0
0.055587291884293344
0.487985590740339
0.9961460004899942
0.0
0.0
0.0
0.9336791174047796
0.4008935360338892
0.6243041307643704
0.0
0.0
0.6839429686813878
0.0
0.3272455968564385
0.0
0.3461559445089921
0.9232360350155304
0.0
0.0
0.9202856261272729
0.0
0.10971073061633396
0.0
0.08405808759955768
0.5230416801362734
0.0
0.0
0.0
0.34622583546802943
0.7886922958270467
0.0
0.49642743946337553
0.0256464443325074
0.19034708022094704
0.9650917482787885
0.9125155634864764
0.8446072592779397
0.3126469089278252
0.887293014336205
0.5178510515113579
0.983209698628607
0.0
0.0
0.0
0.9945369855496019
0.9435969522538253
0.0
0.5550536041214456
0.0
0.9336663858324676
0.9741705574566798
0.0
0.7775910571490582
0.0
0.7034324563825248
0.0
0.5202078092293789
0.0
0.9903847036636673
0.0
0.0
0.8675515324727993
0.0
0.0
0.1344797894097186
0.0
0.0
0.0
0.0
0.19917798828048883
0.0
0.4371551201778092
0.969412830429157
0.0
0.5721619376370292
0.0
0.0
0.0
0.0
0.905321223385604
0.0
0.0
0.8193422305911502
0.0
0.0
0.0
0.48505622884845545
0.8249107607952635
0.816464555434853
0.5053138808249196
0.0
0.0
0.9167434140221976
0.07144434748235517
0.0
0.792458933514933
0.0
0.053668108946160364
0.9638679093238312
0.5298300992062326
0.0
0.2093673134529308
0.0
0.4379759631444089
0.0
0.0
0.0
0.4534408266306049
0.17588102883651002
0.7502520538707014
0.4290544971530401
0.5648812686248013
0.0
0.5479156402812673
0.3930244694072407
0.0
0.4708387731884718
0.0
0.6500177825746202
0.0
0.8125851580833982
0.0
0.35990965869486247
0.5732986174086967
0.0
0.5178510515113579
0.9823282134842798
0.0
0.0
0.9943704265493895
0.0
0.4831375846102962
0.4259764553367458
0.0
0.0
0.994943609837864
0.39002386666558486
0.2970838964470073
0.4259764553367458
0.0
0.32545518698478226
0.0
0.0
0.0
0.7753260676750672
0.3092183008156113
0.29821966561217716
0.3004898398997271
0.0
0.30404039074795874
0.0
0.0
0.0
0.0
0.24429041039514365
0.0
0.9126978372183346
0.23156458684719972
0.0
0.0
0.6381989122161836
0.9925387836464128
0.17182678451978295
0.0
0.0
0.0
0.9652487523687447
0.0
0.0
0.0
0.0
0.8891026298740904
0.9999735482728874
0.0
0.0
0.0
0.25117711319306224
0.4377166803578003
0.11626579722345787
0.0
0.41574327958167456
0.0
0.7009335991182504
0.0
0.910355330571079
0.5828388658163379
0.0
0.3464322608499446
0.06820509844236
0.0
0.9486467429477111
0.27098817028998035
0.0
0.0
0.0
0.03205085498872928
0.4146646045108262
0.1968294794722829
0.0
0.0
0.5469039045839258
0.0
0.2718896846748349
0.0
0.9049631816441865
0.43744366034271387
0.0
0.8628494850067617
0.6779915540199837
0.3324128755242495
0.0
0.0
0.0
0.0
0.5810153800706319
0.39470754860382606
0.18961776705735423
0.0
0.9973022793553044
0.0
0.0
0.0
0.0
0.9840546403095682
0.0
0.3261313677728146
0.0
0.0
0.0
0.7834076283404765
0.03804115532169783
0.9414591139699776
0.03403442514773636
0.4919878284555721
0.3937495107531852
0.5598643204849371
0.0
0.33931979025901815
0.5329732163087366
0.0
0.2836238155838686
0.0
0.0
0.0
0.9684829751504231
0.0
0.0
0.30724491987335933
0.1868803319218897
0.0
0.47911944195467315
0.0
0.0
0.7298513812439056
0.18957542537515748
0.0
0.30777144685491375
0.7000627595972562
0.0
0.0
0.1708805002078735
0.5311264911263472
0.43002961556395236
0.0764339520309697
0.0
0.9439246988655382
0.17458626737926064
0.0
0.0
0.0
0.0
0.339211581568592
0.0
0.0
0.2044972983654746
0.5222688226418926
0.10345240978065329
0.3664544742345016
0.5523651236458528
0.1354713349742479
0.5173525318538461
0.0
0.0
0.43024595344049976
0.24824468433641844
0.19976634747505229
0.9626693718256635
0.0
0.0
0.0
0.0
0.5552379486306802
0.0
0.0
0.3346127725412704
0.4049122534209908
0.025490950700659765
0.0
0.25743607616102326
0.0
0.5553912350834298
0.0
0.14077154064268838
0.0
0.0
0.7986245167522554
0.0
0.6500177825746202
0.0
0.0
0.0
0.8050456226204156
0.14242142054496565
0.0
0.0
0.0
0.0
0.06456303807427788
0.5699495333483533
0.0
0.5230504830663348
0.4024988324653971
0.27208736327975824
0.0
0.6292857215159857
0.16727691884972307
0.0
0.0
0.0
0.0
0.6024914818197289
0.0
0.0
0.9818698310749822
0.4578270957955952
0.5233670844597247
0.43035406897495654
0.0
0.0
0.8576929689143817
0.0
0.5812227876909315
0.0
0.0
0.0
0.0
0.3563930645792128
0.7930579590391901
0.0
0.0
0.0
0.19107614204075019
0.0
0.905113949125017
0.0
0.5781882929326099
0.0
0.0
0.5001904173007021
0.10293770254468615
0.0
0.6507604085822635
0.6506543796722524
0.4622778357301789
0.4391400746997942
0.09337937245935035
0.9987248929101916
0.41302095757302393
0.0
0.0
0.0
0.0
0.28159770451610777
0.0
0.17523812871882327
0.0
0.0
0.0
0.0
0.4142727962642543
0.0
0.0
0.05075208541195875
0.0
0.9067774772055284
0.05046935318074586
0.0
0.7904903823392491
0.0
0.9770413675499733
0.0
0.0
0.11274261919028739
0.0
0.40827091026404083
0.0
0.0
0.0
0.0
0.0
0.9831453548690142
0.6590816202889672
0.5544908687648157
0.0
0.4329419766940745
0.0
0.6713084974193335
0.46473965119372607
0.595978542147444
0.0
0.0
0.6275868876261559
0.0
0.0
0.815466640869062
0.0
0.0
0.07477604806851224
0.8051000231941758
0.14825887029596085
0.472162356589931
0.0
0.0
0.03662768155060603
0.0
0.0
0.8833654496532418
0.5035796087584565
0.0
0.0
0.5713913683521115
0.8108525594778753
0.9922835606339611
0.0
0.0
0.9320205566418225
0.0
0.9326236138549479
0.0
0.8565939650856584
0.957319343220574
0.0
0.0
0.9665805585045185
0.6501314642923652
0.33941042842317337
0.8215963133255928
0.0
0.0
0.0
0.0
0.0
0.8386765509764813
0.6106682180630643
0.0
0.0
0.68292344343309
0.8366165569560434
0.353431452314397
0.0
0.0
0.9927827707109759
0.5733143442206383
0.0
0.6911750441509139
0.9924572822981621
0.0
0.0
0.0
0.9233892031439304
0.6588134320348744
0.0
0.6398860118586727
0.9324213964744653
0.3912859620003031
0.0
0.0
0.0
0.0
0.0
0.8379435367773944
0.0
0.9240247905424596
0.0
0.7758650525974023
0.0
0.9612655423744572
0.8715061235322784
0.0
0.0
0.0
0.0
0.0
0.99081575478614
0.9999878911444693
0.0
0.0
0.0
0.0
0.8432027878246195
0.6136643775663322
0.0
0.028304445364289
0.0
0.0
0.0
0.9313892638666176
0.0
0.5659414262927922
0.0
0.0
0.0
0.6095484632708732
0.0
0.0
0.0
0.0
0.0
0.9676788258488117
0.0
0.0
0.9829776193198031
0.8160717833938301
0.9056478277698555
0.7391089497168535
0.0
0.7193147087529534
0.0
0.0
0.9963674774693695
0.8801337777646742
0.0
0.0
0.0
0.0
0.8519460811859803
0.0
0.0
0.0
0.0
0.48289699447748724
0.0
0.4254467532848163
0.0
0.9007423008889481
0.8803361446986919
0.9338423139740524
0.0
0.0
0.0
0.8448946771525223
0.31126987279981044
0.8804035412932419
0.7942586328235666
0.8373399656593589
0.9173283386191118
0.0
0.6962793651218737
0.0
0.0
0.0
0.9156513742966692
0.0
0.4523041426968951
0.0
0.0
0.9337775899379543
0.9996969656341633
0.0
0.3646012220695827
0.9158144654740548
0.9601225011456571
0.0
0.9892733997982263
0.9155907363766964
0.0
0.0
0.018066151661809027
0.0
0.0
0.8849691170670987
0.9396980364251365
0.9776586808768467
0.0
0.0
0.686254485610388
0.0
0.39259989406778617
0.9048191890631196
0.0
0.0
0.671279958085917
0.590380815275133
0.42033865480123755
0.0
0.0
0.0
0.0
0.0
0.0
0.9068774723969559
0.0
0.0
0.0
0.9809795896470872
0.678253107260309
0.0
0.0
0.9718391189226605
0.9531775179865172
0.0
0.9948832285895215
0.0
0.04234529273907017
0.0
0.0
0.940387466004218
0.9164738688511116
0.0
0.12049026879145075
0.0
0.5326287572090778
0.39310741832578855
0.0
0.353431452314397
0.11677959834076501
0.5371535762740043
0.6682421186953795
0.0
0.0
0.58783294662089
0.0
0.5479156402812673
0.9959533958574448
0.0
0.6393715737245635
0.0
0.12066541853766766
0.0
0.0
0.0
0.0
0.0
0.9233709026230705
0.7010441859129114
0.04542417794939657
0.0
0.0
0.0
0.0
0.050830964987040206
0.0
0.5139667817761081
0.0970072383952465
0.0
0.3909442919956828
0.0
0.0
0.16140683917918153
0.0
0.841431630517444
0.6893644194502017
0.0
0.0
0.0
0.0
0.0
0.0
0.0
0.0
0.0
0.0
0.0
0.0
0.11702490459160486
0.0
0.0
0.0
0.3214341659816863
0.8859644347533385
0.9699676627490643
0.0
0.07312836407088219
0.0
0.8387688803895674
0.0
0.09624139666414533
0.9599237929385839
0.04902362305188257
0.1344797894097186
0.0
0.0
0.6719061361781569
0.0
0.0
0.0
0.8516373429691984
0.5811267332727199
0.0
0.0
0.44659373766158383
0.0
0.9580355266546277
0.5693077776811906
0.0
0.0
0.4177901502644321
0.0
0.6929367686879497
0.0
0.0
0.11702490459160486
0.0
0.0
0.0
0.0
0.0
0.0
0.9929985441383838
0.9975056380010965
0.5092633815181797
0.9975056380010965
0.0
0.0
0.18404045241978462
0.0
0.5148664607599043
0.0
0.0
0.47866642803615456
0.0
0.0
0.630401224806114
0.0
0.06237211888492211
0.0
0.09949387024180445
0.0
0.0
0.0
0.6210613568984099
0.9796304123796011
0.07784247528042576
0.0
0.0
0.0
0.05307510754380784
0.0
0.7625159758155098
0.2957383386758923
0.0
0.9969618125197417
0.0
0.9385201004150806
0.12752599649888818
0.9978019438443706
0.0
0.0
0.0
0.8074198026233068
0.0
0.5454665142327593
0.9977493797732391
0.22995676899795514
0.0
0.7153315597365535
0.16466375448292858
0.001975958077884754
0.0
0.0
0.550425185265212
0.0
0.0
0.2002700197583276
0.9050221516579584
0.0
0.0
0.9611308024936784
0.6727723964318103
0.19065229999446132
0.41338144888833583
0.9660982028851434
0.0
0.0
0.0
0.42448955401353905
0.0
0.0
0.0
0.9977493797732391
0.9736419920604205
0.0
0.6552267878188778
0.03764124528538537
0.0
0.9998919757439684
0.0
0.0
0.05484475331797589
0.9930119390521515
0.0
0.0
0.6163490883124461
0.4322844696845547
0.23507008085623848
0.0
0.0
0.0
0.20490636110116878
0.9986152421159006
0.42372454445414154
0.0
0.0
0.9982027351439567
0.990385691285836
0.5796672528262121
0.8634067508494134
0.0
0.0
0.9972375784193039
0.9965041017595607
0.0
0.2780489611461734
0.06686617152341434
0.9670580733928109
0.0
0.0
0.9594047524165321
0.7007327164194457
0.9833020054150019
0.9516715714325124
0.5240432106641192
0.0
0.942304326629269
0.847830189274209
0.0
0.3887210013087764
0.0
0.18991329171830373
0.13946138393316687
0.4165557531190578
0.0
0.0
0.0
0.06612048370941426
0.0
0.9430055531982908
0.6100552332675824
0.12574464646622308
0.0
0.0
0.0
0.0
0.0
0.0
0.0
0.0
0.0
0.4473315098593331
0.9138451234040463
0.0
0.4991468135814512
0.00719901997058936
0.0
0.0
0.0
0.0
0.5469039045839258
0.0
0.5694238007802103
0.103318532230537
0.005363580484648245
0.0
0.0
0.06068596385480429
0.007410601748428336
0.6239978661672874
0.0
0.0
0.0
0.9371203561646221
0.0
0.998790220814053
0.03750068490342029
0.0
0.704624532798512
0.4774329522196705
0.0
0.2968972907733308
0.5981021281803445
0.0
0.0
0.0
0.0
0.9775134800186355
0.0
0.9974551665352116
0.03470912644146262
0.34530283142051155
0.8799990075555941
0.377085195347013
0.0
0.0
0.999053250388826
0.6624078578064692
0.6218319927213708
0.6411966724633326
0.0
0.5872740530836754
0.9852065928368541
0.0
0.0
0.0
0.6326104137409796
0.0
0.0
0.6063793936892411
0.0
0.0
0.8596075336717592
0.0
0.0
0.0
0.9776333471841375
0.0
0.591284114684842
0.5845883757974679
0.19742782857919294
0.0
0.0
0.0
0.37267264773389575
0.0830574894089654
0.0
0.9055970888698031
0.8752002859137703
0.3986858374781628
0.014741669168876426
0.0
0.0
0.0
0.0
0.0
0.9233892031439304
0.9568168027006299
0.9897159746357873
0.6951420954011831
0.8540915360604785
0.0
0.0
0.9938401283533767
0.4985470508565337
0.5760397427090329
0.0
0.606536895928069
0.0
0.504466596084273
0.0
0.014161880314987885
0.0
0.9265943375961666
0.9733108867202713
0.3168008705909975
0.2933486371944134
0.9617682823308004
0.6203411559656423
0.9834643281737141
0.9719531166099586
0.0
0.9457038840245929
0.0
0.0
0.0
0.0
0.5829110711420846
0.9376012581440348
0.0
0.07973834317984108
0.0
0.9258419587596136
0.0
0.9897134342540622
0.0
0.9285790643259489
0.0
0.0
0.0
0.0
0.885337655402438
0.0
0.0
0.0
0.3905296359568823
0.38129834837651444
0.9999452378817605
0.0
0.0
0.4837479501492782
0.5535149189995199
0.0
0.998279148766552
0.0
0.0
0.0
0.0
0.0
0.5215504461944731
0.8894344279234236
0.0
0.0
0.6592204394717089
0.0
0.0
0.0
0.0
0.2213932811356003
0.41922258165662885
0.0
0.0
0.0
0.0
0.0
0.8511982026455014
0.9989435903642259
0.4299206133422201
0.06834592857399968
0.0
0.44827407257235863
0.0
0.0
0.0
0.0
0.0
0.5548271389868225
0.01787751466453802
0.0
0.872892216761573
0.0
0.0
0.5813869241404073
0.016508771165652525
0.47473978867571776
0.6082016887957964
0.0
0.7716650630159905
0.0
0.0
0.0
0.0
0.0
0.0
0.0
0.0
0.0
0.5933063279123784
0.0
0.7970319468597702
0.0
0.0
0.13479169651669665
0.7198222234346913
0.0
0.5302638885481423
0.0
0.0
0.0
0.0
0.0
0.0
0.8372741039494086
0.0
0.0
0.6136643775663322
0.0
0.8009470784723842
0.0
0.0
0.0
0.0
0.0
0.0
0.0
0.9790139528285183
0.4172693153022633
0.6070154606811655
0.9010041108236034
0.0
0.010997927913874772
0.4402835790759507
0.5813869241404073
0.0
0.0
0.0
0.0
0.0
0.0
0.0
0.0
0.0
0.0
0.3063070397756411
0.0
0.0
0.29731329931557293
0.0
0.0
0.0
0.9066176708216518
0.0
0.0
