474
54
45
20
31
428
288
98
36
55
175
501
429
157
223
191
46
47
158
80
32
72
11
1
192
144
251
493
388
21
252
22
23
280
437
438
106
339
319
508
63
389
112
224
88
253
439
254
145
255
37
296
497
440
73
289
38
12
281
48
24
181
484
74
485
263
340
159
402
5
229
320
509
330
49
297
298
511
50
514
502
238
367
182
123
308
445
214
160
161
33
519
64
282
6
290
377
422
201
81
357
331
230
526
239
423
430
403
465
270
466
424
202
99
240
390
467
203
3
124
170
271
468
283
368
65
410
404
517
146
391
107
518
147
350
446
351
148
108
241
453
176
183
378
7
215
392
332
309
256
393
184
162
193
494
163
352
522
499
26
113
489
82
125
490
299
114
2
126
310
379
411
100
475
333
469
394
25
27
242
311
369
405
321
164
431
28
109
312
243
257
89
204
341
334
56
194
171
504
322
115
342
395
416
39
370
412
116
51
205
272
264
231
195
486
149
323
425
371
524
284
353
225
343
117
101
476
29
413
196
523
83
40
432
258
8
380
324
396
197
127
477
172
372
102
512
84
128
259
66
373
417
325
206
4
381
447
226
344
382
52
487
232
165
90
383
479
358
75
91
374
41
103
273
326
345
118
327
129
520
104
260
150
110
291
515
292
460
42
207
130
300
418
313
151
173
301
285
233
516
419
454
346
461
472
261
13
480
131
397
34
375
244
216
359
30
314
217
448
92
185
132
198
441
328
111
384
335
274
166
462
218
85
17
500
93
414
177
286
57
208
433
473
265
219
347
455
209
234
360
210
315
76
293
434
449
456
119
10
133
491
58
302
457
361
442
420
211
435
67
68
134
105
77
18
316
94
481
362
59
35
348
426
294
525
398
245
363
385
95
227
503
492
186
386
470
262
364
212
43
427
220
135
60
167
275
276
178
365
495
415
120
235
53
246
14
121
295
303
136
137
266
399
138
179
349
139
471
247
317
354
61
19
221
304
199
236
168
406
237
450
443
122
152
444
482
336
277
337
153
400
96
267
421
513
451
436
498
78
86
140
278
401
305
338
268
505
141
15
174
154
155
69
248
9
496
279
318
222
169
355
407
142
249
70
506
87
478
187
71
97
521
156
463
287
306
366
452
376
143
228
510
188
44
307
488
180
356
189
329
250
408
483
16
190
79
458
459
269
200
387
213
62
409
464
507
