0.1648204709146885
0.7214407300334998
0.0
0.0
0.0
0.0
0.16279665937870416
0.0
0.17638524142116416
0.0
0.0
0.0
0.0
0.5526013588039633
0.0
0.0
0.0
0.3889831539523826
0.7507388718687007
0.24198027828700783
0.0
0.0
0.4471494462125821
0.8946657226037885
0.8328269514431076
0.0
0.9728799135658838
0.0
0.0
0.0
0.0
0.0
0.08911736550579719
0.03710922214572384
0.4462182160731427
0.0
0.8339482554412181
0.0
0.619654550762414
0.0
0.3228982556429787
0.0
0.0
0.9173476153340547
0.0
0.0
0.4823270409299512
0.0
0.0
0.8332148097521548
0.0
0.0
0.0
0.0
0.0
0.0
0.10012782706802799
0.7532034340158176
0.13929325204093906
0.36546891533114556
0.8184753733415336
0.0
0.0
0.0
0.0
0.0
0.0
0.080891820649964
0.09188232229576873
0.0
0.0
0.4381911591084882
0.035672632215598965
0.0
0.8437005146064892
0.48163377012061404
0.0
0.8893722853167826
0.0
0.04442442446085425
0.0
0.365114018182498
0.6080773844361149
0.2452997294832057
0.9469466868476558
0.08753519883494847
0.7652229472637937
0.7976924661085312
0.3847092446922007
0.6176092094794146
0.0
0.0
0.0
0.0
0.13177037995981145
0.5351404929201292
0.5235810755365609
0.0
0.0
0.0
0.0
0.0
0.0
0.8452169074554664
0.0
0.0
0.6398658582530099
0.0
0.0
0.5653037026227927
0.27821681093967493
0.0
0.0
0.7948454734557782
0.0
0.0
0.0
0.9283287015410674
0.0
0.04126394978487405
0.0
0.0
0.0
0.0
0.0
0.03610732246408951
0.9662424082125103
0.7333162193334382
0.357030520712095
0.715523681871084
0.47872726706907165
0.8078183205084041
0.6674533421577693
0.2702068385740019
0.0
0.0
0.0
0.4514491823363362
0.0
0.9236279723788484
0.4950903435284224
0.5325733275699762
0.0
0.28757198692953145
0.8483102500119485
0.0
0.7272059858913242
0.6850364842406107
0.0
0.0
0.24493194904400814
0.0
0.13536434433567207
0.0
0.0
0.5344000598183976
0.0
0.0
0.5663391825491062
0.16354196767233714
0.0
0.0
0.0
0.0
0.7003839232567669
0.9119787892110673
0.9171586047985164
0.0
0.8121988434574947
0.0
0.42504498785393696
0.4923153084788388
0.3331030603766483
0.48435468578929475
0.0
0.37019958830767863
0.0
0.0
0.0
0.5000534257017487
0.0
0.40162184673678697
0.0
0.0
0.0
0.0
0.7139496385063774
0.0
0.0
0.0
0.0
0.0
0.0
0.010071742905496464
0.0
0.0
0.0
0.0
0.0
0.18429248288444697
0.0
0.0
0.0
0.0
0.3141247911416928
0.0
0.4996731621547964
0.0
0.30827003676413384
0.21513298204502893
0.6265386688408573
0.0
0.599186872356454
0.0
0.7739837946772996
0.0
0.0
0.3377988991233104
0.35444751231191163
0.7122828342435186
0.0
0.0
0.0
0.2147408371633435
0.0
0.6121461936441903
0.37818528263482926
0.0
0.0
0.0
0.0
0.0
0.0
0.0
0.5096821326423572
0.0
0.1367960544888162
0.0
0.5177673781855534
0.029645199196004345
0.0
0.15191315089354884
0.31232098044600515
0.0
0.516822847465827
0.36070777759209344
0.0
0.012757986151659812
0.43875746559990986
0.0
0.03207533928514279
0.0
0.14677896002158508
0.0
0.0
0.0
0.557204868365236
0.0
0.19879624677594224
0.0
0.0
0.0
0.0
0.5156773590707979
0.7087328146904923
0.15765769412837302
0.0
0.5231699638644585
0.8104129092228599
0.0
0.0
0.0
0.0
0.0
0.0
0.5637304833537612
0.7924081945321628
0.8949425868092876
0.0
0.20777970971815518
0.6559327174549704
0.0
0.0
0.0
0.0
0.0
0.7359918259929352
0.0
0.8642228767117399
0.0
0.0
0.25082148641524815
0.0
0.7217784005241672
0.0
0.0
0.0
0.0
0.0
0.6412232833270797
0.0
0.0
0.13114007397093203
0.24566908050792213
0.0
0.0
0.0
0.0
0.8966400860964826
0.0
0.0
0.1975567316057935
0.0
0.5880883985350057
0.0
0.0
0.0
0.510771824449658
0.1828090248204767
0.6135234957267979
0.3201563637801344
0.0
0.0
0.0
0.0
0.7265051751746628
0.0
0.6317422619555434
0.47097895099374226
0.0
0.0
0.5845625131807894
0.08981599446843166
0.0
0.19113669821534862
0.0
0.13198970282782221
0.529131731039197
0.0
0.6549439352242632
0.0
0.0
0.0
0.227217045499267
0.0
0.0
0.0
0.9411056566107313
0.49460316620435596
0.0
0.0
0.0
0.6159185973100572
0.0
0.0
0.4822149902608472
0.0
0.0
0.9384164881602345
0.0
0.28855025683174773
0.0
0.0
0.0
0.0
0.7642440692197102
0.0
0.8019312566212222
0.014683642733765004
0.6936825863271265
0.0
0.0
0.07573979701124399
0.41344353825004804
0.0
0.4594578317770025
0.15385192240672316
0.0
0.0
0.40336026794365487
0.0
0.0
0.0
0.6965549738617914
0.20142261660223273
0.4989264281220464
0.0
0.0
0.0
0.0
0.33074897736846853
0.0
0.4229314719534669
0.8153753313404747
0.3348424402811383
0.0
0.0
0.0
0.0
0.8074889681012023
0.0
0.4077861191211323
0.0
0.0
0.0
0.0
0.33993814154362245
0.4192460131114882
0.40156238841520514
0.0
0.5821715546730744
0.0
0.39817596529705523
0.19322690736843132
0.0
0.46810584722219173
0.0
0.5153902859922773
0.3100452533158443
0.2555173082748088
0.0
0.0
0.0
0.9154270384721952
0.0
0.41985898553709217
0.8039013594317724
0.7269101318339266
0.6457743094907815
0.0
0.0
0.0
0.48584786920683315
0.15987948791030884
0.0
0.0
0.0
0.29432401128105296
0.0
0.8536640038398564
0.09460884238449385
0.0
0.0
0.41462265436659707
0.0
0.0
0.3462239790570727
0.22540994590116237
0.0
0.0
0.0
0.0
0.0
0.7027738519275364
0.774914355676105
0.0
0.0
0.5273223007958268
0.0
0.5013785754285793
0.4873242196918201
0.0
0.9248798762613882
0.32076190158505835
0.0
0.6106731496782369
0.2652339494688382
0.5410410625461629
0.0
0.0
0.0
0.0
0.18078709851448682
0.0
0.6377566834715273
0.0
0.22163343664932558
0.835925242382579
0.5784985268055183
0.840546952922575
0.33967412407407344
0.0
0.0
0.674577665486455
0.571438973198553
0.7369005480152462
0.0
0.0
0.6018800460480059
0.0
0.8119120491156616
0.0
0.0
0.0
0.4593063283553124
0.0
0.740184028120484
0.0
0.8465348882820886
0.9267258593848857
0.6928364319848819
0.0
0.0
0.0
0.0
0.0
0.10205764184431002
0.08854070647690818
0.25957907908760197
0.43338954190267676
0.0115772804077179
0.44445241005471925
0.0
0.6932248805878878
0.0
0.0
0.34243312891007316
0.9250203533094101
0.0
0.0
0.7378262449240588
0.0
0.7398588978255164
0.0
0.4631575924700027
0.0
0.0
0.0
0.0
0.4135249720380769
0.8182675055733734
0.8936545723547714
0.5054404645620223
0.7785548017153442
0.4971027579037277
0.27679962293577265
0.062134705490658595
0.13039407342193332
0.34802684889745356
0.0
0.0
0.8940417486877351
0.0
0.0
0.0
0.0
0.895766874122622
0.0
0.7337315717465531
0.46938792956573866
0.0
0.0
0.0675452011194121
0.0
0.11981192749702183
0.3205670405747224
0.0
0.16179109103077344
0.0
0.0
0.4703341554102139
0.7703290590780847
0.013064362309821895
0.003222673740617773
0.0
0.647291010839455
0.0
0.6560100654904358
0.0
0.7407617029914233
0.0
0.8358837147525848
0.15253759952838897
0.0
0.0
0.43727972971876294
0.0
0.22020712260531197
0.0
0.35593055701963133
0.0
0.0
0.7653319342412074
0.0
0.0
0.5111846373115456
0.0
0.0
0.06647981777722466
0.0
0.0
0.0723713572023175
0.7359426071854381
0.06865144612091244
0.11814711998651356
0.0
0.5334013137044129
0.0
0.597436877190498
0.0
0.0
0.0
0.04677795084012949
0.0
0.0
0.6029822198624288
0.7507293364112071
0.7804191007036615
0.5248252815798559
0.7645719684163761
0.008354017207506009
0.0
0.0
0.6565745860322312
0.8135705566528076
0.6516833032287677
0.6137696933974034
0.25828096641285914
0.8768456609247595
0.7980910126861748
0.30746011463334144
0.0
0.3476434075717142
0.0
0.0
0.0
0.0
0.4362670080655145
0.0
0.6067070885020124
0.3518337055169495
0.4570360060233599
0.0
0.5044863562266464
0.0
0.6117868286293285
0.07210603330017558
0.0
0.5760063686754068
0.0
0.0
0.3893988531563917
0.8368768568884019
0.15938495566203972
0.0038205535799543237
0.0
0.8315634271493783
0.12076103250700536
0.17572091985062424
0.1280616227977539
0.0
0.0
0.0
0.0
0.5066235806388343
0.0
0.0
0.37864456562818505
0.0
0.9386364617348647
0.4371886512029111
0.4216165727349908
0.4236879664440767
0.6093429781499741
0.11302591971794647
0.3118084405877006
0.9387465781026633
0.0
0.0
0.884199477411746
0.11799840258327138
0.032143498739164465
0.6045099253167598
0.04811124542063206
0.3784169745236874
0.0
0.0
0.8407876649430295
0.0
0.47488163459121324
0.0
0.0
0.9023889188250507
0.09315463911250621
0.7313404179165913
0.3487310116540914
0.0
0.0
0.7314428825380273
0.0
0.0
0.6337670271790086
0.0
0.9499027256160342
0.4135615267234396
0.6826318876888311
0.827134943017626
0.0
0.20328758772551456
0.0
0.8672380632576668
0.0
0.0
0.609957547071569
0.0
0.9536497530975434
0.3696812525997942
0.0
0.18017655942997815
0.0
0.0
0.0
0.10261686297117795
0.0
0.0
0.0
0.0
0.7564030328969458
0.5894480148536194
0.0
0.22132087129683825
0.2652247417628913
0.0
0.0
0.500287918753464
0.14808427929161236
0.6503441378477238
0.0854160575655122
0.1493674449995403
0.0
0.0
0.0
0.0
0.0
0.06049862443449382
0.7167955314404432
0.0
0.0
0.0
0.0
0.04373834004708273
0.0
0.0
0.0
0.0
0.0
0.0
0.2039877107403782
0.0
0.0
0.0
0.0
0.0
0.9898900573351632
0.0
0.7633919361643207
0.9001958164408044
0.7862683203687654
0.7990423208995888
0.0
0.9589635760941803
0.0
0.0
0.5679722146364891
0.0
0.0
0.0
0.0
0.0
0.0
0.0
0.0
0.7586006185397355
0.021549465145636687
0.9350963886805486
0.9042392946249842
0.01731361626592273
0.0
0.3947546528607555
0.6065385086717128
0.24940686193366063
0.5052811734996988
0.0
0.0
0.0
0.0
0.0
0.0
0.16442605303102684
0.9363627369660402
0.0
0.6023774774079327
0.5529683992779869
0.4608983110569387
0.0
0.0
0.24265416497425496
0.10858512687838597
0.0
0.20209995166274172
0.0
0.0
0.36014478966137836
0.23284354686882794
0.0
0.3295188838110873
0.4522182614812352
0.8049027742227026
0.5727611329002931
0.0
0.0
0.0
0.0
0.0
0.8992526593348897
0.8935903362160189
0.0
0.5351418691661511
0.0
0.0
0.0
0.7694573739999807
0.38245419205724623
0.3067129500455138
0.0
0.6992275520695856
0.3781024145970322
0.4618004754986602
0.18454485114239605
0.49548613776774875
0.8280510708823928
0.0
0.0
0.0
0.0
0.7517499059384585
0.4810136419408328
0.0
0.0
0.0
0.0
0.0
0.0
0.0
0.0
0.0
0.13766507705726144
0.0
0.0
0.0
0.11397818153111804
0.0
0.9024024859039147
0.0
0.49503665303136163
0.7517008567926603
0.0
0.0
0.0
0.0
0.0
0.899606012234005
0.0
0.0
0.0
0.0
0.0
0.0
0.0
0.3687517402209029
0.05419098458098665
0.0
0.49448157517683466
0.0
0.0
0.0
0.22146387122199387
0.0
0.0
0.0
0.6509917350270774
0.0
0.0
0.0
0.0
0.0
0.0
0.0
0.0
0.0
0.0
0.0
0.1454151261911887
0.7293077374427971
0.5258794974173027
0.0
0.9330789281924656
0.0
0.27189110288136875
0.0
0.0
0.0
0.4623105870029682
0.0
0.6438822090688034
0.28807216894058335
0.48810413815993253
0.0
0.0
0.0
0.8562781913097182
0.9311433580226043
0.0
0.6563856543289865
0.5212648790337944
0.42901826377553504
0.5266692412726085
0.5794051776554536
0.0
0.0
0.0
0.0
0.4289554988323904
0.887990068043054
0.08352295334231037
0.0
0.8597646723935616
0.0
0.0
0.0
0.7899554978298451
0.0
0.8611950540298856
0.0
0.0
0.0
0.0
0.0
0.3851046183468614
0.2803796292222228
0.0
0.3965434598983352
0.0
0.0
0.08761279009964479
0.23784078228418037
0.4315769994946746
0.0
0.0
0.0
0.0
0.6806988826224885
0.0
0.0
0.8724211386012755
0.0
0.0
0.6132580702993558
0.0
0.1464930283245345
0.0
0.0
0.0
0.09130672001978239
0.5486463535445939
0.0
0.0
0.0
0.0
0.019934137581189105
0.45776905176266774
0.0
0.0
0.0
0.0
0.20752143302657616
0.42380259516169755
0.0
0.7191725270983992
0.33503535429511416
0.2771296522156913
0.0
0.0
0.530643845777704
0.25228831939262797
0.6392541524120771
0.5264666250778804
0.0
0.0
0.0
0.7814156442737952
0.5903031889663108
0.0
0.0
0.0
0.8967375550697314
0.3923241603929215
0.7691681889203387
0.5557217775652668
0.0
0.18052467379396714
0.1271798197141918
0.0
0.5398182014578315
0.9365609404485543
0.23654180808203604
0.5588393588668021
0.0
0.5582293807691979
0.0994254945930702
0.8102697296866199
0.0
0.0
0.902057356974465
0.0
0.0
0.6863172578143077
0.0
0.27918168101479024
0.9893791304874673
0.0
0.8998643312987917
0.0
0.23965745367538357
0.4581650873584365
0.0
0.0
0.37960440553523667
0.0
0.985119141918016
0.36955354726513684
0.8238816517349823
0.9959751474149924
0.0
0.0
0.6072856416475855
0.0
0.0
0.0
0.9275022069214649
0.0
0.5683001232956646
0.0
0.0
0.3919447384266067
0.45043704084349423
0.0
0.9814352389868087
0.22725870193517386
0.0
0.5893467816355668
0.0
0.3635520352288363
0.0
0.4185647583475808
0.8092001021936972
0.43620818921169746
0.20741927667303806
0.0
0.02291575035040047
0.47104768318990975
0.09339928607194713
0.7460410867642929
0.8039450272584251
0.0
0.8804052985325341
0.0
0.0
0.5245514995595701
0.0
0.4367142330491431
0.07961984594787037
0.0
0.16062521494036813
0.0
0.0
0.10478479965534246
0.347768721125112
0.0
0.1648807964042178
0.0
0.0
0.735535376225995
0.45029871004493427
0.0
0.0
0.8353678531553242
0.20185888930956605
8.10085925347177E-4
0.5722710520296432
0.5095928069934409
0.34539010226160194
0.0
0.0
0.0
0.0
0.9397732803843764
0.0
0.0
0.9667866723056306
0.3665065434777181
0.6652442281945031
0.0
0.7494996362458127
0.8982320724711171
0.0
0.0
0.0
0.0
0.0
0.0
0.0
0.0
0.5603700799533012
0.0
0.6963927716290278
0.0
0.1745966251332724
0.0
0.36747816903059444
0.1878537412469118
0.0
0.5233432908063669
0.0
0.0
0.0
0.0
0.0
0.464151675542857
0.0
0.0
0.0
0.0
0.0
0.22219720846302665
0.0
0.6914968734826287
0.0
0.0804723252536175
0.0
0.0
0.9760983599179756
0.5243764799066258
0.0
0.88176265613115
0.2436515322063594
0.9568171082460323
0.14300110426173943
0.0
0.31308442801375946
0.20407176919156028
0.36227849414699836
0.0
0.0
0.19556187839635253
0.3596517806163464
0.8114099160779205
0.0
0.9787421525464008
0.3273644017400965
0.0
0.0
0.4074788928480444
0.0
0.0
0.0
0.0
0.0
0.0
0.4212947230560688
0.0
0.7026399382401768
0.0
0.0
0.5937427140058973
0.0
0.7279258820276134
0.0
0.0
0.0
0.820957490975763
0.0
0.0571343246209371
0.0
0.0
0.0
0.6735621514872986
0.0
0.0
0.0
0.12645534399117916
0.5375717587332476
0.0
0.5792965591866861
0.0
0.0
0.32882754613819415
0.1604365533697852
0.0
0.3119077055077237
0.0
0.7405372169771595
0.0
0.9452602323963254
0.3071809828059684
0.0
0.0
0.20821168545906832
0.0
0.0
0.0
0.6587498695938129
0.0
0.8032009015604503
0.7878592604701025
0.0
0.0
0.5821674310346738
0.0
0.11927499461542906
0.0
0.5838168437821354
0.0
0.0
0.0
0.706871994612721
0.5337895268673339
0.026828747756644546
0.0
0.0
0.0
0.7285016138535436
0.0
0.9680089346765068
0.5374591680240997
0.0
0.6096060308008543
0.13187919886185218
0.9293383556500346
0.4177117798847809
0.0
0.09991614241942791
0.4543697036566621
0.9074858888374386
0.0
0.3909377540214577
0.0
0.0
0.0
0.9796870537192938
0.0
0.043079233543030726
0.0
0.0
0.9312594088402508
0.0
0.226362337514325
0.9652346320419479
0.6762858564945099
0.0
0.0
0.9963263481386722
0.9667880919838934
0.5954691917304751
0.0
0.0
0.0
0.28342153802842873
0.0
0.0
0.0
0.0
0.0
0.0
0.0
0.4026145132368396
0.0
0.0
0.1469041303269329
0.0
0.0
0.0
4.2859941241670007E-4
0.0
0.33044714432020267
0.0
0.0
0.0
0.03887854247060613
0.0
0.37292470932961663
0.0
0.0
0.6544695021285772
0.5558958602959737
0.6175631841791276
0.2093813488187633
0.46109560148380524
0.0
0.0
0.0
0.7730659200491742
0.0
0.2907140728002832
0.9906896759691645
0.17483965789947986
0.0
0.9627407119303703
0.38636490607519636
0.0
0.6066580975390067
0.3245832076751737
0.0
0.0
0.3516508677170619
0.0
0.688687159621052
0.7176726599221895
0.6638068674035456
0.0
0.19131713195955566
0.2740837420860958
0.0
0.5549026822331422
0.2416523170621469
0.0
0.0
0.0
0.034151865019446385
0.5650913235750273
0.3898329810568251
0.7018038636680414
0.0
0.0
0.0
0.0
0.3109257786953171
0.8848682891318692
0.5729455752518895
0.0
0.8948411183087372
0.0
0.6028188667645505
0.9198698771408594
0.09714859780665594
0.0
0.0
0.0
0.0
0.10021623914797093
0.7488072237874757
0.6642008223142031
0.0
0.5585757367566633
0.0
0.5792048313440714
0.20482286422767965
0.7868379253342891
0.0
0.0
0.7385982731494454
0.05362027873820733
0.5557406444761956
0.8438868136246463
0.0
0.9135823049195974
0.0
0.0
0.0
0.0
0.0
0.0
0.0
0.0
0.20056099650578096
0.8602212412747201
0.0
0.0
0.0
0.648816149856449
0.0
0.13805801850176427
0.0
0.08943188671956256
0.0
0.8911555985807594
0.0
0.0
0.0
0.0
0.0
0.7669253958055848
0.032309363767720936
0.6172139272749249
0.0
0.9875327730763779
0.0
0.0
0.0
0.0
0.0
0.658539503508907
0.0
0.0
0.4185149054265592
0.0
0.0
0.20211545434532188
0.05921110420605159
0.0
0.7325976673408294
0.3589653686153762
0.7954022531438392
0.0
0.0
0.5917664599015714
0.0
0.2849172677891206
0.0
0.9423637423134043
0.760293228435994
0.7523342114774081
0.0
0.9522768957726506
0.0
0.6261754071831022
0.053471820313739114
0.0
0.16189843925446568
0.5309272680134586
0.4995582689872011
0.7431494113356908
0.6004850239662772
0.0
0.374037513193184
0.1779074589465222
0.5860174038207924
0.0
0.2687977389300793
0.4265475515963259
0.03226214801278523
0.6252756575026126
0.0
0.8885875677830442
0.4958959173828571
0.0
0.39957735806065026
0.0
0.08192255628118358
0.5956153550034516
0.3125107556818187
0.9146340116024145
0.0
0.0
0.7943478643844603
0.6218070518176563
0.0
0.6849910978924721
0.0
0.44833303795332824
0.3630372843622947
0.0
0.0
0.0
0.39730439159764164
0.0
0.0
0.28469084697555924
0.8244464716625157
0.7928801718348055
0.0
0.2022674402535665
0.12960395652292422
0.0
0.0
0.0
0.3722271396511806
0.0
0.0
0.5327071179143645
0.5507349444935822
0.6284005371594829
0.0
0.0
0.0
0.0
0.0
0.31945778201468
0.7574882160927973
0.5431679125190529
0.14442952844075327
0.33973768332200105
0.3195487674494899
0.16162534150712202
0.0
0.0
0.0
0.4058051791946721
0.0
0.0
0.22314570909031622
0.0
0.0
0.9791635417950345
0.11983507605404876
0.0
0.0
0.1537286842241657
0.0
0.44391099588511995
0.0
0.0
0.9460593374575526
0.437777540891918
0.0
0.0
0.4677358521797862
0.09014987155159067
0.07341243997509941
0.0
0.5602038973168962
0.9210631880081362
0.28494058818493423
0.0
0.19497666193143914
0.9404117507985578
0.0
0.4704510576455204
0.0
0.0
0.0
0.0
0.34811556032187285
0.0
0.0
0.0
0.4770781543819319
0.12351356968969611
0.8373368792272929
0.48119705022508547
0.69288652964838
0.0
0.07572960762571274
0.1857175143233275
0.0
0.0
0.0
0.16858636231969637
0.0
0.0
0.1198188906257091
0.5653836277226848
0.3192145747959724
0.9761052744183615
0.0
0.0
0.801570344938477
0.0
0.0
0.0
0.0
0.9877660226862053
0.16907158776637868
0.8751996550927578
0.0
0.0
0.0
0.29233254146257204
0.5180116899704087
0.0
0.0
0.0
0.0
0.0
0.0
0.49238747046092474
0.0
0.0
0.0
0.0
0.8918576140485817
0.553457806265411
0.41629612235260177
0.660312871728557
0.24855502779429733
0.0
0.36829652074333197
0.5783560603801688
0.939553700583658
0.0
0.0
3.416448690071487E-4
0.0
0.9690666350369211
0.0
0.3840195719629743
0.0
0.9721701936958154
0.2471581859875649
0.0
0.0
0.7822422231332287
0.0
0.0
0.0
0.28223586643064236
0.0
0.8567322924596084
0.0
0.4593772089821744
0.0
0.12703265850564235
0.0
0.0
0.6765103931959903
0.0
0.0
0.7921890257920486
0.0
0.0
0.34633775213891066
0.487542266228872
0.3442297056247276
0.5417581372208854
0.5150916388344329
0.13313269393535884
0.0
0.0
0.4606698213320952
0.0
0.0
0.0
0.9568372222263867
0.0
0.27736429227694354
0.7246278237597643
0.8511353987696475
0.0
0.6313995116402669
0.09237552232749457
0.4955690239437541
0.0
0.0
0.0
0.13591166049214393
0.8300374840961219
0.42390918584505144
0.0
0.0
0.0
0.0
0.0
0.0
0.0
0.00959593165127995
0.4709970688911955
0.0
0.9363713970460785
0.5346407532556168
0.053163520522910936
0.0
0.7607056216969195
0.0
0.9740271023388326
0.0
0.9846212637899933
0.09201086613688787
0.13844135737124957
0.0
0.0
0.5789173404706204
0.0
0.0
0.0
0.3868762255589376
0.7464869965469593
0.26488604572939917
0.26471887291461366
0.0
0.0
0.6718542149541278
0.5002896102325883
0.0
0.39571375331093545
0.0
0.0
0.0
0.6475718323789379
0.0
0.0
0.0
0.7097214946689826
0.4357430223648496
0.2636695059939839
0.6156083759091916
0.07879729354460152
0.0
0.8789527329126002
0.5650788128616582
0.2662158725277511
0.7477032786914778
0.3731339517762041
0.983196178420081
0.0
0.0
0.0
0.0
0.17763729803386366
0.0
0.0
0.0
0.0
0.16659474578190178
0.0
0.12453823129454017
0.0
0.0
0.0
0.0
0.885751037031406
0.0
0.6686031495219417
0.0
0.8505716643072948
0.0
0.0
0.0
0.0
0.0
0.5835831983758111
0.21617950811700334
0.0
0.7575957227487289
0.0
0.0
0.0
0.01816195888789454
0.0
0.5323873654945488
0.0
0.0
0.8079633806333466
0.12788118458012473
0.0
0.22549439207640853
0.29870716880190396
0.0
0.4803782066221076
0.7792403475599362
0.0
0.0
0.0
0.4918359224002345
0.0
0.8946430227109631
0.0
0.7674816664442221
0.9182826331602925
0.0
0.0
0.7991822175005315
0.0
0.16342924524974572
0.0
0.0
0.4732910859896266
0.0
0.0
0.39085338538993863
0.3246320973853565
0.04165587786228207
0.0
0.8237873449139599
0.0
0.04206231134379403
0.0
0.0
0.8261072396187037
0.0
0.23702195056905373
0.0
0.5117501649912374
0.0
0.6232126893791181
0.8155125519725841
0.3432814022536702
0.0
0.41588291785391346
0.0
0.0
0.0
0.0
0.0
0.38963354829679386
0.3480067826503004
0.16516000399095415
0.4520445915804891
0.07408547126799653
0.9497749875242739
0.0
0.9704369458880926
0.5608173069002322
0.22246956325799275
0.0
0.3226239611744133
0.0
0.0
0.0
0.9109949632596838
0.0
0.7616498933632492
0.0
0.6301385912572416
0.0
0.0
0.0
0.0
0.5521046439042635
0.8531610690670549
0.9114291618100473
0.6171491478891341
0.0
0.9617528685130416
0.7176670710888466
0.6142169614291049
0.0
0.0
0.0
0.6776698998756249
0.626842544094529
0.3438252407241362
0.0
0.0
0.0
0.10973970183205799
0.0
0.0
0.6805014515709935
0.2970086318280959
0.0
0.0
0.0
0.7376317007172921
0.0
0.0
0.1360654662012342
0.0
0.48965100616366425
0.0
0.4095197865544908
0.0
0.0
0.0
0.0
0.8777072831823867
0.2044214353623152
0.19724149317029918
0.0
0.0
0.4233051207640496
0.9014813211754285
0.0
0.9400702427076023
0.0
0.0
0.0
0.6466025636720417
0.6191930764668796
0.0
0.0
0.0
0.12196140308903924
0.2656486119577388
0.24267512519732287
0.0
0.0
0.0
0.9116466493967859
0.9730047355628907
0.0
0.0
0.2877575201964743
0.0
0.0
0.0
0.6489927991003223
0.632820774666413
0.0
0.9642455751334796
0.1772683610467762
0.0
0.9641045956945545
0.0
0.0
0.0
0.7414194783114415
0.0
0.0
0.6768583638983212
0.9795526092116112
0.828846470524393
0.0
0.8923387212642909
0.6718243437615469
0.578481632522001
0.0
0.16645936925879604
0.0
0.0
0.6460616558416263
0.5698468320380833
0.9568046956915987
0.0
0.0
0.8778420329661488
0.7735668771721029
0.0
0.0
0.0
0.5791651938989854
0.9953398584636722
0.48026659032505276
0.0
0.0
0.0
0.0
0.0
0.02115462194052578
0.0
0.0
0.0
0.0
0.0
0.10720999461733309
0.7718679106704741
0.0
0.7448549951148473
0.02777923390771095
0.7284306465341412
0.0
0.0
0.49543130219927856
0.6488535452077139
0.0
0.0
0.0
0.0
0.7819353125973552
0.744863597924041
0.8133879962782541
0.0
0.9941802406968155
0.17481089103715405
0.0
0.6628545234444275
0.0
0.4920269483801518
0.9001189042304738
0.4076700187913173
0.0
0.8656609167201168
0.0
0.4992437340372239
0.7904043415842712
0.6437900419362199
0.0
0.0
0.0
0.36302972314385906
0.0
0.0
0.0
0.15550314808963983
0.0
0.0
0.0
0.24353388783147617
0.0
0.766275429052636
0.0
0.44192636344607417
0.30166845784467855
0.0
0.6021798871144833
0.0
0.4833582858698195
0.0
0.209971788843407
0.0
0.6213714894597228
0.0
0.0
0.0
0.0
0.300645352092464
0.09421966034511806
0.7407832663466187
0.0
0.8737026223109213
0.0
0.0
0.0
0.6956465288948199
0.6127563770875849
0.0
0.0
0.0
0.0
0.37217712501929834
0.0
0.0
0.09711959941977792
0.4152472733912896
0.9663153070205996
0.4866551554385083
0.6120166552188653
0.0
0.6658767525951458
0.0
0.30390115825914865
0.3366462918640379
0.9074668462376063
0.36167925854192634
0.0
0.21611114945015605
0.0
0.0
0.5535798565235004
0.0
0.0
0.0
0.0
0.0
0.0
0.18403607262493274
0.0
0.9976259686631961
0.004679604549450656
0.0
0.0
0.0
0.0
0.0
0.0
0.0
0.1130540785583623
0.0
0.0
0.07146949022563225
0.0
0.9506653002548825
0.1842365754764796
0.42139523817230684
0.0
0.48786941038659015
0.0
0.8379338648109758
0.0
0.0
0.009824814674705017
0.5435424520872324
0.0659055455069492
0.0
0.8360289142399212
0.6962359496893534
0.0
0.0
0.0
0.0
0.0
0.9364104871995738
0.0
0.0
0.6954415288742223
0.0
0.0
0.0
0.0
0.0
0.0
0.0
0.5711360615940972
0.8613711194107129
0.0
0.7763822955818769
0.11214312164362336
0.0
0.0
0.6087597776631523
0.0
0.1889314128216673
0.0
0.0
0.0
0.5091350440209865
0.0
0.5309887553599552
0.0
0.44878115018292103
0.8505234929343681
0.0
0.6635558202043651
0.5224850745247275
0.9288377174202042
0.0
0.35020269086194034
0.0
0.6618372459536764
0.0
0.4095064728823978
0.0
0.0
0.4861614075560848
0.0
0.9676908528784015
0.0
0.4557815924415244
0.9403362337399414
0.4123352673569925
0.5325998787453154
0.0
0.0
0.0
0.14638213301419423
0.0
0.21931795725726616
0.0
0.0
0.0
0.205172020340907
0.8860191893094898
0.6685054106440416
0.0
0.18216231021926205
0.0
0.0
0.0
0.04542134409876608
0.0
0.029044834445398487
0.21252465362934334
0.523616261697521
0.0
0.0
0.07604958148947717
0.11291783092234493
0.4999845256951194
0.9966456932900085
0.0
0.9004185462568151
0.0
0.0
0.1981189353511536
0.0
0.9952100060194811
0.0
0.0
0.3119161405137395
0.0
0.578587180204912
0.2576974530037946
0.9889631328210807
0.0
0.0
0.0
0.6186013825918324
0.0917197261966264
0.0
0.804016519393828
0.0
0.26160490698007793
0.0
0.6646020007689771
0.2466697760870777
0.0
0.8326550160501532
0.036018017444896466
0.0
0.6230878056637797
0.9131079015887653
0.0
0.3099562627626318
0.0
0.4638791810642096
0.0
0.9523997936888431
0.0
0.9989332741949167
0.8804476588579807
0.0
0.0
0.0
0.0
0.7603770073752716
0.0
0.6722264757634032
0.0
0.0
0.04660535194276477
0.0
0.25309393635865146
0.37131806409564916
0.0
0.4872901459408528
0.0
0.0
0.22905546772876453
0.0
0.0
0.0
0.911027172754345
0.0
0.0
0.0
0.18392387417524456
0.0
0.0
0.3021647293873672
0.0
0.0
0.3378932446728181
0.0
0.0
0.0
0.0
0.00980815348620336
0.6395533528970712
0.0
0.0
0.13181790459986767
0.0
0.0
0.22270155985535708
0.0
0.043246972465715246
0.0
0.11489929505714651
0.0
0.0
0.2787961153686036
0.0
0.57720113287455
0.0
0.217466321067858
0.0
0.0
0.0
0.5847769968878167
0.8516779575392275
0.2910265308067388
0.0
0.0
0.0
0.3478109271076146
0.07316421076505011
0.4314680665950527
0.0
0.0
0.28740840579674265
0.0
0.0
0.0
0.28945447772431704
0.3935665801786405
0.0
0.0
0.6005912897206039
