0.1648204709146875
0.7214407300334995
0.0
0.0
0.0
0.0
0.16279665937870316
0.0
0.17638524142116319
0.0
0.0
0.0
0.0
0.5526013588039628
0.0
0.0
0.0
0.38898315395238187
0.7507388718687005
0.2419802782870069
0.0
0.0
0.4471494462125815
0.8946657226037884
0.8328269514431075
0.0
0.9728799135658837
0.0
0.0
0.0
0.0
0.0
0.0891173655057961
0.0371092221457227
0.4462182160731421
0.0
0.8339482554412179
0.0
0.6196545507624136
0.0
0.32289825564297786
0.0
0.0
0.9173476153340546
0.0
0.0
0.4823270409299506
0.0
0.0
0.8332148097521546
0.0
0.0
0.0
0.0
0.0
0.0
0.10012782706802692
0.7532034340158172
0.13929325204093804
0.36546891533114484
0.8184753733415334
0.0
0.0
0.0
0.0
0.0
0.0
0.0808918206499629
0.09188232229576766
0.0
0.0
0.43819115910848755
0.03567263221559782
0.0
0.843700514606489
0.4816337701206134
0.0
0.8893722853167825
0.0
0.04442442446085311
0.0
0.3651140181824972
0.6080773844361145
0.2452997294832048
0.6093429781499736
0.08753519883494738
0.7652229472637935
0.7976924661085308
0.38470924469219997
0.6176092094794141
0.0
0.0
0.0
0.0
0.13177037995981042
0.5351404929201287
0.5235810755365603
0.0
0.0
0.0
0.0
0.0
0.0
0.8452169074554663
0.0
0.0
0.6398658582530095
0.0
0.0
0.5653037026227922
0.2782168109396741
0.0
0.0
0.7948454734557779
0.0
0.0
0.0
0.9283287015410674
0.0
0.04126394978487292
0.0
0.0
0.0
0.0
0.0
0.03610732246408836
0.0
0.7333162193334378
0.3570305207120943
0.7155236818710836
0.47872726706907104
0.8078183205084039
0.6674533421577689
0.2702068385740011
0.0
0.0
0.0
0.4514491823363355
0.0
0.9236279723788484
0.4950903435284218
0.5325733275699757
0.0
0.2875719869295306
0.8483102500119483
0.0
0.7272059858913239
0.6850364842406103
0.0
0.0
0.24493194904400722
0.0
0.13536434433567104
0.0
0.0
0.534400059818397
0.0
0.0
0.5663391825491058
0.16354196767233617
0.0
0.0
0.0
0.0
0.7003839232567666
0.9119787892110672
0.9171586047985164
0.0
0.8121988434574945
0.0
0.4250449878539363
0.4923153084788382
0.3331030603766475
0.48435468578929414
0.0
0.3701995883076779
0.0
0.0
0.0
0.5000534257017482
0.0
0.40162184673678625
0.0
0.0
0.0
0.0
0.713949638506377
0.0
0.0
0.0
0.0
0.0
0.0
0.01007174290549529
0.0
0.0
0.0
0.0
0.0
0.184292482884446
0.0
0.0
0.0
0.0
0.31412479114169195
0.0
0.4996731621547958
0.0
0.30827003676413306
0.21513298204502798
0.6265386688408568
0.0
0.5991868723564534
0.0
0.7739837946772994
0.0
0.0
0.3377988991233096
0.3544475123119109
0.7122828342435182
0.0
0.0
0.0
0.21474083716334255
0.0
0.6121461936441899
0.37818528263482853
0.0
0.0
0.0
0.0
0.0
0.0
0.0
0.5096821326423566
0.0
0.1367960544888152
0.0
0.5177673781855529
0.029645199196003197
0.0
0.15191315089354782
0.31232098044600437
0.0
0.5168228474658264
0.36070777759209266
0.0
0.012757986151658641
0.4387574655999092
0.0
0.03207533928514165
0.0
0.14677896002158405
0.0
0.0
0.0
0.5572048683652354
0.0
0.1987962467759413
0.0
0.0
0.0
0.0
0.5156773590707974
0.7087328146904919
0.15765769412837202
0.0
0.5231699638644579
0.8104129092228597
0.0
0.0
0.0
0.0
0.0
0.0
0.5637304833537607
0.7924081945321626
0.8949425868092875
0.0
0.20777970971815427
0.6559327174549701
0.0
0.0
0.0
0.0
0.0
0.7359918259929349
0.0
0.8642228767117398
0.0
0.0
0.25082148641524726
0.0
0.721778400524167
0.0
0.0
0.0
0.0
0.0
0.6412232833270792
0.0
0.0
0.131140073970931
0.24566908050792122
0.0
0.0
0.0
0.0
0.8966400860964825
0.0
0.0
0.19755673160579257
0.0
0.5880883985350053
0.0
0.0
0.0
0.5107718244496574
0.18280902482047573
0.6135234957267973
0.3201563637801336
0.0
0.0
0.0
0.0
0.7265051751746625
0.0
0.631742261955543
0.47097895099374165
0.0
0.0
0.5845625131807889
0.08981599446843058
0.0
0.19113669821534768
0.0
0.1319897028278212
0.5291317310391964
0.0
0.6549439352242628
0.0
0.0
0.0
0.22721704549926608
0.0
0.0
0.0
0.9411056566107312
0.49460316620435535
0.0
0.0
0.0
0.6159185973100567
0.0
0.0
0.4822149902608466
0.0
0.0
0.9384164881602345
0.0
0.2885502568317469
0.0
0.0
0.0
0.0
0.76424406921971
0.0
0.801931256621222
0.014683642733763835
0.6936825863271262
0.0
0.0
0.0757397970112429
0.41344353825004737
0.0
0.4594578317770019
0.15385192240672216
0.0
0.0
0.40336026794365415
0.0
0.0
0.0
0.6965549738617911
0.2014226166022318
0.4989264281220458
0.0
0.0
0.0
0.0
0.3307489773684677
0.0
0.4229314719534662
0.8153753313404745
0.3348424402811375
0.0
0.0
0.0
0.0
0.8074889681012021
0.0
0.40778611912113155
0.0
0.0
0.0
0.0
0.3399381415436217
0.4192460131114875
0.4015623884152044
0.0
0.5821715546730738
0.0
0.39817596529705457
0.19322690736843035
0.0
0.4681058472221911
0.0
0.5153902859922768
0.31004525331584354
0.2555173082748079
0.0
0.0
0.0
0.9154270384721951
0.0
0.41985898553709144
0.8039013594317721
0.7269101318339263
0.6457743094907812
0.0
0.0
0.0
0.48584786920683254
0.15987948791030784
0.0
0.0
0.0
0.2943240112810521
0.0
0.8536640038398563
0.09460884238449277
0.0
0.0
0.41462265436659634
0.0
0.0
0.3462239790570719
0.22540994590116145
0.0
0.0
0.0
0.0
0.0
0.702773851927536
0.7749143556761048
0.0
0.0
0.5273223007958262
0.0
0.5013785754285788
0.4873242196918195
0.0
0.9248798762613881
0.3207619015850576
0.0
0.6106731496782365
0.2652339494688374
0.5410410625461624
0.0
0.0
0.0
0.0
0.18078709851448585
0.0
0.6377566834715269
0.0
0.22163343664932464
0.8359252423825789
0.5784985268055178
0.8405469529225748
0.33967412407407266
0.0
0.0
0.6745776654864547
0.5714389731985525
0.7369005480152458
0.0
0.0
0.6018800460480055
0.0
0.8119120491156614
0.0
0.0
0.0
0.45930632835531177
0.0
0.7401840281204837
0.0
0.8465348882820883
0.9267258593848856
0.6928364319848815
0.0
0.0
0.0
0.0
0.0
0.10205764184430896
0.0885407064769071
0.2595790790876011
0.4333895419026761
0.011577280407716729
0.4444524100547186
0.0
0.6932248805878874
0.0
0.0
0.3424331289100724
0.92502035330941
0.0
0.0
0.7378262449240585
0.0
0.7398588978255161
0.0
0.4631575924700021
0.0
0.0
0.0
0.0
0.4135249720380762
0.8182675055733731
0.8936545723547713
0.5054404645620216
0.7785548017153439
0.4971027579037271
0.2767996229357718
0.062134705490657485
0.1303940734219323
0.3480268488974528
0.0
0.0
0.894041748687735
0.0
0.0
0.0
0.0
0.8957668741226219
0.0
0.7337315717465528
0.469387929565738
0.0
0.0
0.06754520111941101
0.0
0.11981192749702078
0.3205670405747216
0.0
0.16179109103077247
0.0
0.0
0.47033415541021323
0.7703290590780845
0.013064362309820724
0.0032226737406165916
0.0
0.6472910108394545
0.0
0.6560100654904355
0.0
0.740761702991423
0.0
0.8358837147525846
0.15253759952838797
0.0
0.0
0.4372797297187623
0.0
0.22020712260531103
0.0
0.35593055701963056
0.0
0.0
0.765331934241207
0.0
0.0
0.5111846373115451
0.0
0.0
0.06647981777722355
0.0
0.0
0.0723713572023164
0.7359426071854378
0.06865144612091133
0.11814711998651252
0.0
0.5334013137044123
0.0
0.5974368771904974
0.0
0.0
0.0
0.04677795084012836
0.0
0.0
0.6029822198624284
0.7507293364112068
0.7804191007036613
0.5248252815798553
0.7645719684163758
0.008354017207504833
0.0
0.0
0.6565745860322307
0.8135705566528074
0.6516833032287672
0.613769693397403
0.2582809664128583
0.8768456609247594
0.7980910126861746
0.3074601146333406
0.0
0.34764340757171347
0.0
0.0
0.0
0.0
0.43626700806551383
0.0
0.6067070885020118
0.3518337055169487
0.45703600602335925
0.0
0.5044863562266458
0.0
0.611786828629328
0.07210603330017448
0.0
0.5760063686754063
0.0
0.0
0.389398853156391
0.8368768568884016
0.15938495566203872
0.0038205535799531428
0.0
0.831563427149378
0.12076103250700432
0.17572091985062327
0.12806162279775285
0.0
0.0
0.0
0.0
0.5066235806388336
0.0
0.0
0.3786445656281843
0.0
0.9386364617348646
0.43718865120291045
0.4216165727349901
0.423687966444076
0.9469466868476558
0.11302591971794541
0.3118084405876998
0.9387465781026632
0.0
0.0
0.8841994774117459
0.11799840258327032
0.03214349873916331
0.6045099253167593
0.04811124542063093
0.3784169745236866
0.0
0.0
0.8407876649430294
0.0
0.47488163459121263
0.0
0.0
0.9023889188250506
0.09315463911250513
0.731340417916591
0.34873101165409065
0.0
0.0
0.7314428825380269
0.0
0.0
0.6337670271790081
0.0
0.9499027256160341
0.4135615267234389
0.6826318876888307
0.8271349430176258
0.0
0.2032875877255136
0.0
0.8672380632576666
0.0
0.0
0.6099575470715686
0.0
0.9536497530975434
0.36968125259979345
0.0
0.18017655942997718
0.0
0.0
0.0
0.10261686297117688
0.0
0.0
0.0
0.0
0.7564030328969455
0.5894480148536189
0.0
0.22132087129683733
0.2652247417628904
0.0
0.0
0.5002879187534633
0.14808427929161136
0.6503441378477235
0.08541605756551111
0.1493674449995393
0.0
0.0
0.0
0.0
0.0
0.06049862443449271
0.7167955314404428
0.0
0.0
0.0
0.0
0.04373834004708159
0.0
0.0
0.0
0.0
0.0
0.0
0.20398771074037725
0.0
0.0
0.0
0.0
0.0
0.0
0.0
0.7633919361643204
0.9001958164408043
0.786268320368765
0.7990423208995886
0.0
0.9589635760941803
0.0
0.0
0.5679722146364886
0.0
0.0
0.0
0.0
0.0
0.0
0.0
0.0
0.7586006185397351
0.021549465145635528
0.9350963886805485
0.9042392946249841
0.017313616265921563
0.0
0.3947546528607548
0.6065385086717122
0.24940686193365974
0.5052811734996983
0.0
0.0
0.0
0.0
0.0
0.0
0.16442605303102587
0.9363627369660401
0.0
0.6023774774079322
0.5529683992779865
0.46089831105693807
0.0
0.0
0.9814352389868087
0.10858512687838491
0.0
0.20209995166274078
0.0
0.0
0.3601447896613776
0.23284354686882702
0.0
0.3295188838110865
0.45221826148123456
0.8049027742227024
0.5727611329002925
0.0
0.0
0.0
0.0
0.0
0.8992526593348896
0.8935903362160188
0.0
0.5351418691661506
0.0
0.0
0.0
0.7694573739999805
0.3824541920572455
0.30671295004551297
0.0
0.6992275520695852
0.3781024145970314
0.46180047549865955
0.18454485114239508
0.49548613776774814
0.8280510708823926
0.0
0.0
0.0
0.0
0.7517499059384583
0.4810136419408322
0.0
0.0
0.0
0.0
0.0
0.0
0.0
0.0
0.0
0.13766507705726042
0.0
0.0
0.0
0.11397818153111698
0.0
0.9024024859039146
0.0
0.495036653031361
0.7517008567926601
0.0
0.0
0.0
0.0
0.0
0.8996060122340049
0.0
0.0
0.0
0.0
0.0
0.0
0.0
0.3687517402209022
0.05419098458098553
0.0
0.49448157517683405
0.0
0.0
0.9898900573351632
0.22146387122199296
0.0
0.0
0.0
0.650991735027077
0.0
0.0
0.0
0.0
0.0
0.0
0.0
0.0
0.0
0.0
0.0
0.9497749875242738
0.7293077374427968
0.5258794974173021
0.0
0.9330789281924655
0.0
0.2718911028813679
0.0
0.0
0.9662424082125103
0.46231058700296757
0.0
0.643882209068803
0.2880721689405825
0.4881041381599319
0.0
0.0
0.0
0.856278191309718
0.9311433580226042
0.0
0.6563856543289861
0.5212648790337938
0.42901826377553437
0.526669241272608
0.5794051776554532
0.0
0.0
0.0
0.0
0.42895549883238976
0.8879900680430539
0.08352295334230929
0.0
0.8597646723935614
0.0
0.0
0.0
0.7899554978298448
0.0
0.8611950540298854
0.0
0.0
0.0
0.0
0.0
0.38510461834686066
0.280379629222222
0.0
0.3965434598983345
0.0
0.0
0.0876127900996437
0.23784078228417946
0.43157699949467393
0.0
0.0
0.0
0.0
0.680698882622488
0.0
0.0
0.8724211386012752
0.0
0.0
0.6132580702993553
0.0
0.1464930283245335
0.0
0.0
0.0
0.09130672001978132
0.5486463535445935
0.0
0.0
0.0
0.0
0.019934137581187943
0.4577690517626671
0.0
0.0
0.0
0.0
0.20752143302657522
0.4238025951616969
0.0
0.7191725270983989
0.3350353542951134
0.27712965221569047
0.0
0.0
0.5306438457777034
0.2522883193926271
0.6392541524120766
0.5264666250778799
0.0
0.0
0.0
0.781415644273795
0.5903031889663104
0.0
0.0
0.0
0.8967375550697313
0.3923241603929208
0.7691681889203383
0.5557217775652662
0.0
0.18052467379396617
0.12717981971419073
0.0
0.539818201457831
0.9365609404485543
0.23654180808203515
0.5588393588668016
0.0
0.5582293807691974
0.09942549459306912
0.8102697296866197
0.0
0.0
0.9020573569744649
0.0
0.0
0.6863172578143074
0.0
0.2791816810147894
0.9893791304874673
0.0
0.8998643312987916
0.0
0.2396574536753827
0.4581650873584358
0.0
0.0
0.3796044055352359
0.0
0.985119141918016
0.36955354726513606
0.8238816517349822
0.9959751474149924
0.0
0.0
0.607285641647585
0.0
0.0
0.0
0.9275022069214648
0.0
0.568300123295664
0.0
0.0
0.391944738426606
0.45043704084349356
0.0
0.24265416497425407
0.22725870193517295
0.0
0.5893467816355662
0.0
0.36355203522883556
0.0
0.41856475834758006
0.809200102193697
0.4362081892116968
0.2074192766730371
0.0
0.022915750350399316
0.47104768318990914
0.09339928607194604
0.7460410867642926
0.8039450272584249
0.0
0.8804052985325339
0.0
0.0
0.5245514995595695
0.0
0.4367142330491424
0.07961984594786929
0.0
0.16062521494036713
0.0
0.0
0.10478479965534139
0.3477687211251112
0.0
0.1648807964042168
0.0
0.0
0.7355353762259946
0.4502987100449336
0.0
0.0
0.835367853155324
0.2018588893095651
8.100859253459927E-4
0.5722710520296428
0.5095928069934402
0.34539010226160116
0.0
0.0
0.0
0.0
0.9397732803843762
0.0
0.0
0.9667866723056306
0.3665065434777174
0.6652442281945027
0.0
0.7494996362458125
0.898232072471117
0.0
0.0
0.0
0.0
0.0
0.0
0.0
0.0
0.5603700799533008
0.0
0.6963927716290275
0.0
0.1745966251332714
0.0
0.3674781690305937
0.18785374124691084
0.0
0.5233432908063663
0.0
0.0
0.0
0.0
0.0
0.4641516755428564
0.0
0.0
0.0
0.0
0.0
0.2221972084630257
0.0
0.6914968734826283
0.0
0.08047232525361642
0.0
0.0
0.9760983599179754
0.5243764799066253
0.0
0.8817626561311498
0.24365153220635852
0.9568171082460322
0.14300110426173843
0.0
0.31308442801375863
0.20407176919155934
0.3622784941469976
0.0
0.0
0.19556187839635156
0.3596517806163457
0.8114099160779202
0.0
0.9787421525464007
0.32736440174009573
0.0
0.0
0.4074788928480437
0.0
0.0
0.0
0.0
0.0
0.0
0.4212947230560681
0.0
0.7026399382401765
0.0
0.0
0.5937427140058968
0.0
0.7279258820276131
0.0
0.0
0.0
0.8209574909757628
0.0
0.05713432462093598
0.0
0.0
0.0
0.6735621514872981
0.0
0.0
0.0
0.1264553439911781
0.537571758733247
0.0
0.5792965591866857
0.0
0.0
0.32882754613819337
0.1604365533697842
0.0
0.31190770550772284
0.0
0.7405372169771591
0.0
0.9452602323963254
0.3071809828059676
0.0
0.0
0.20821168545906737
0.0
0.0
0.0
0.6587498695938125
0.0
0.8032009015604501
0.7878592604701022
0.0
0.0
0.5821674310346733
0.0
0.11927499461542801
0.0
0.5838168437821349
0.0
0.0
0.0
0.7068719946127207
0.5337895268673334
0.026828747756643394
0.0
0.0
0.0
0.7285016138535434
0.0
0.9680089346765068
0.5374591680240992
0.0
0.6096060308008538
0.13187919886185115
0.9293383556500345
0.4177117798847802
0.0
0.09991614241942684
0.45436970365666146
0.9074858888374386
0.0
0.390937754021457
0.0
0.0
0.0
0.9796870537192938
0.0
0.043079233543029595
0.0
0.0
0.9312594088402507
0.0
0.22636233751432408
0.9652346320419479
0.6762858564945095
0.0
0.0
0.9963263481386722
0.9667880919838933
0.5954691917304745
0.0
0.0
0.0
0.2834215380284279
0.0
0.0
0.0
0.0
0.0
0.0
0.0
0.4026145132368389
0.0
0.0
0.14690413032693186
0.0
0.0
0.0
4.2859941241551536E-4
0.0
0.3304471443202019
0.0
0.0
0.0
0.038878542470604995
0.0
0.37292470932961586
0.0
0.0
0.6544695021285768
0.5558958602959733
0.617563184179127
0.2093813488187624
0.4610956014838046
0.0
0.0
0.0
0.773065920049174
0.0
0.2907140728002824
0.9906896759691645
0.1748396578994789
0.0
0.9627407119303701
0.38636490607519564
0.0
0.6066580975390062
0.3245832076751729
0.0
0.0
0.3516508677170611
0.0
0.6886871596210515
0.7176726599221892
0.6638068674035451
0.0
0.1913171319595547
0.274083742086095
0.0
0.5549026822331418
0.24165231706214602
0.0
0.0
0.0
0.03415186501944524
0.5650913235750269
0.3898329810568244
0.701803863668041
0.0
0.0
0.0
0.0
0.3109257786953163
0.8848682891318691
0.5729455752518889
0.0
0.8948411183087371
0.0
0.60281886676455
0.9198698771408593
0.09714859780665487
0.0
0.0
0.0
0.0
0.10021623914796987
0.7488072237874753
0.6642008223142027
0.0
0.5585757367566627
0.0
0.579204831344071
0.2048228642276787
0.7868379253342889
0.0
0.0
0.738598273149445
0.053620278738206205
0.5557406444761951
0.8438868136246462
0.0
0.9135823049195972
0.0
0.0
0.0
0.0
0.0
0.0
0.0
0.0
0.20056099650578002
0.86022124127472
0.0
0.0
0.0
0.6488161498564485
0.0
0.13805801850176325
0.0
0.08943188671956148
0.0
0.8911555985807593
0.0
0.0
0.0
0.0
0.0
0.7669253958055845
0.03230936376771979
0.6172139272749244
0.0
0.9875327730763779
0.0
0.0
0.0
0.0
0.0
0.6585395035089067
0.0
0.0
0.41851490542655856
0.0
0.0
0.20211545434532094
0.059211104206050476
0.0
0.7325976673408291
0.3589653686153754
0.7954022531438388
0.0
0.0
0.591766459901571
0.0
0.28491726778911974
0.0
0.9423637423134043
0.7602932284359938
0.7523342114774078
0.0
0.9522768957726505
0.0
0.6261754071831017
0.053471820313738
0.0
0.1618984392544647
0.530927268013458
0.49955826898720057
0.7431494113356905
0.6004850239662768
0.0
0.3740375131931833
0.17790745894652124
0.5860174038207919
0.0
0.2687977389300784
0.42654755159632524
0.03226214801278408
0.6252756575026122
0.0
0.8885875677830439
0.4958959173828565
0.0
0.39957735806064953
0.0
0.0819225562811825
0.5956153550034512
0.31251075568181785
0.9146340116024144
0.0
0.0
0.79434786438446
0.6218070518176558
0.0
0.6849910978924717
0.0
0.4483330379533276
0.36303728436229393
0.0
0.0
0.0
0.3973043915976409
0.0
0.0
0.2846908469755584
0.8244464716625156
0.7928801718348053
0.0
0.20226744025356555
0.1296039565229232
0.0
0.0
0.0
0.3722271396511798
0.0
0.0
0.532707117914364
0.5507349444935816
0.6284005371594824
0.0
0.0
0.0
0.0
0.0
0.31945778201467917
0.7574882160927969
0.5431679125190524
0.14442952844075224
0.3397376833220003
0.3195487674494891
0.16162534150712102
0.0
0.0
0.0
0.4058051791946714
0.0
0.0
0.2231457090903153
0.0
0.0
0.9791635417950345
0.11983507605404772
0.0
0.0
0.1537286842241647
0.0
0.44391099588511934
0.0
0.0
0.9460593374575524
0.43777754089191734
0.0
0.0
0.4677358521797856
0.0901498715515896
0.07341243997509832
0.0
0.5602038973168957
0.9210631880081361
0.28494058818493334
0.0
0.19497666193143817
0.9404117507985578
0.0
0.4704510576455198
0.0
0.0
0.0
0.0
0.3481155603218721
0.0
0.0
0.0
0.4770781543819313
0.12351356968969507
0.8373368792272927
0.48119705022508485
0.6928865296483797
0.0
0.07572960762571164
0.18571751432332653
0.0
0.0
0.0
0.1685863623196954
0.0
0.0
0.11981889062570807
0.5653836277226842
0.3192145747959716
0.9761052744183614
0.0
0.0
0.8015703449384768
0.0
0.0
0.0
0.0
0.9877660226862053
0.1690715877663777
0.8751996550927577
0.0
0.0
0.0
0.29233254146257115
0.5180116899704081
0.0
0.0
0.0
0.0
0.0
0.0
0.4923874704609241
0.0
0.0
0.0
0.0
0.8918576140485815
0.5534578062654104
0.41629612235260105
0.6603128717285567
0.24855502779429645
0.0
0.3682965207433312
0.5783560603801684
0.939553700583658
0.0
0.0
3.4164486900596387E-4
0.0
0.969066635036921
0.0
0.3840195719629736
0.0
0.9721701936958154
0.247158185987564
0.0
0.0
0.7822422231332284
0.0
0.0
0.0
0.28223586643064147
0.0
0.8567322924596081
0.0
0.45937720898217377
0.0
0.1270326585056413
0.0
0.0
0.6765103931959898
0.0
0.0
0.7921890257920484
0.0
0.0
0.3463377521389099
0.48754226622887137
0.3442297056247268
0.5417581372208848
0.5150916388344323
0.13313269393535782
0.0
0.0
0.46066982133209455
0.0
0.0
0.0
0.9568372222263867
0.0
0.2773642922769427
0.7246278237597641
0.8511353987696473
0.0
0.6313995116402664
0.0923755223274935
0.49556902394375346
0.0
0.0
0.0
0.1359116604921429
0.8300374840961218
0.4239091858450508
0.0
0.0
0.0
0.0
0.0
0.0
0.0
0.009595931651278778
0.4709970688911949
0.0
0.9363713970460784
0.5346407532556162
0.05316352052290982
0.0
0.7607056216969192
0.0
0.9740271023388326
0.0
0.9846212637899933
0.09201086613688679
0.13844135737124855
0.0
0.0
0.5789173404706199
0.0
0.0
0.0
0.38687622555893686
0.746486996546959
0.2648860457293983
0.2647188729146128
0.0
0.0
0.6718542149541273
0.5002896102325878
0.0
0.3957137533109347
0.0
0.0
0.0
0.6475718323789375
0.0
0.0
0.0
0.7097214946689823
0.4357430223648489
0.2636695059939831
0.6156083759091912
0.07879729354460042
0.0
0.8789527329126001
0.5650788128616576
0.2662158725277502
0.7477032786914776
0.37313395177620334
0.983196178420081
0.0
0.0
0.0
0.0
0.1776372980338627
0.0
0.0
0.0
0.0
0.1665947457819008
0.0
0.12453823129453913
0.0
0.0
0.0
0.0
0.8857510370314058
0.0
0.6686031495219413
0.0
0.8505716643072946
0.0
0.0
0.0
0.0
0.0
0.5835831983758105
0.21617950811700243
0.0
0.7575957227487287
0.0
0.0
0.0
0.01816195888789338
0.0
0.5323873654945482
0.0
0.0
0.8079633806333464
0.1278811845801237
0.0
0.2254943920764076
0.2987071688019031
0.0
0.480378206622107
0.779240347559936
0.0
0.0
0.0
0.4918359224002339
0.0
0.894643022710963
0.0
0.7674816664442218
0.9182826331602923
0.0
0.0
0.7991822175005313
0.0
0.16342924524974473
0.0
0.0
0.473291085989626
0.0
0.0
0.3908533853899379
0.32463209738535564
0.041655877862280935
0.0
0.8237873449139597
0.0
0.042062311343792895
0.0
0.0
0.8261072396187035
0.0
0.23702195056905284
0.0
0.5117501649912368
0.0
0.6232126893791177
0.8155125519725839
0.34328140225366943
0.0
0.4158829178539128
0.0
0.0
0.0
0.0
0.0
0.38963354829679314
0.3480067826502996
0.16516000399095315
0.45204459158048843
0.07408547126799542
0.14541512619118768
0.0
0.9704369458880925
0.5608173069002317
0.22246956325799183
0.0
0.32262396117441244
0.0
0.0
0.0
0.9109949632596837
0.0
0.7616498933632488
0.0
0.6301385912572411
0.0
0.0
0.0
0.0
0.5521046439042631
0.8531610690670547
0.9114291618100472
0.6171491478891337
0.0
0.9617528685130416
0.7176670710888463
0.6142169614291044
0.0
0.0
0.0
0.6776698998756245
0.6268425440945286
0.34382524072413545
0.0
0.0
0.0
0.10973970183205693
0.0
0.0
0.6805014515709931
0.29700863182809506
0.0
0.0
0.0
0.7376317007172918
0.0
0.0
0.13606546620123317
0.0
0.4896510061636637
0.0
0.4095197865544901
0.0
0.0
0.0
0.0
0.8777072831823866
0.20442143536231425
0.19724149317029824
0.0
0.0
0.4233051207640489
0.9014813211754282
0.0
0.9400702427076023
0.0
0.0
0.0
0.6466025636720413
0.6191930764668792
0.0
0.0
0.0
0.1219614030890382
0.265648611957738
0.24267512519732198
0.0
0.0
0.0
0.9116466493967857
0.9730047355628907
0.0
0.0
0.2877575201964735
0.0
0.0
0.0
0.6489927991003219
0.6328207746664125
0.0
0.9642455751334795
0.17726836104677524
0.0
0.9641045956945545
0.0
0.0
0.0
0.7414194783114412
0.0
0.0
0.6768583638983209
0.9795526092116112
0.8288464705243928
0.0
0.8923387212642908
0.6718243437615465
0.5784816325220006
0.0
0.16645936925879504
0.0
0.0
0.6460616558416259
0.5698468320380828
0.9568046956915987
0.0
0.0
0.8778420329661487
0.7735668771721027
0.0
0.0
0.0
0.5791651938989848
0.9953398584636722
0.48026659032505215
0.0
0.0
0.0
0.0
0.0
0.021154621940524622
0.0
0.0
0.0
0.0
0.0
0.10720999461733204
0.7718679106704739
0.0
0.7448549951148471
0.027779233907709797
0.7284306465341409
0.0
0.0
0.49543130219927795
0.6488535452077134
0.0
0.0
0.0
0.0
0.7819353125973548
0.7448635979240407
0.8133879962782539
0.0
0.9941802406968155
0.17481089103715308
0.0
0.6628545234444272
0.0
0.4920269483801512
0.9001189042304737
0.4076700187913166
0.0
0.8656609167201167
0.0
0.4992437340372233
0.790404341584271
0.6437900419362195
0.0
0.0
0.0
0.36302972314385834
0.0
0.0
0.0
0.15550314808963883
0.0
0.0
0.0
0.24353388783147528
0.0
0.7662754290526357
0.0
0.4419263634460735
0.3016684578446777
0.0
0.6021798871144829
0.0
0.4833582858698189
0.0
0.20997178884340606
0.0
0.6213714894597223
0.0
0.0
0.0
0.0
0.3006453520924632
0.09421966034511699
0.7407832663466184
0.0
0.8737026223109211
0.0
0.0
0.0
0.6956465288948196
0.6127563770875843
0.0
0.0
0.0
0.0
0.37217712501929756
0.0
0.0
0.09711959941977685
0.41524727339128886
0.9663153070205996
0.4866551554385077
0.6120166552188648
0.0
0.6658767525951454
0.0
0.3039011582591479
0.3366462918640371
0.9074668462376062
0.36167925854192556
0.0
0.21611114945015514
0.0
0.0
0.5535798565235
0.0
0.0
0.0
0.0
0.0
0.0
0.18403607262493177
0.0
0.9976259686631961
0.004679604549449476
0.0
0.0
0.0
0.0
0.0
0.0
0.0
0.11305407855836125
0.0
0.0
0.07146949022563115
0.0
0.9506653002548824
0.18423657547647865
0.4213952381723062
0.0
0.48786941038658954
0.0
0.8379338648109755
0.0
0.0
0.009824814674703843
0.5435424520872318
0.06590554550694809
0.0
0.8360289142399211
0.6962359496893531
0.0
0.0
0.0
0.0
0.0
0.9364104871995738
0.0
0.0
0.695441528874222
0.0
0.0
0.0
0.0
0.0
0.0
0.0
0.5711360615940968
0.8613711194107126
0.0
0.7763822955818767
0.1121431216436223
0.0
0.0
0.6087597776631518
0.0
0.18893141282166634
0.0
0.0
0.0
0.5091350440209859
0.0
0.5309887553599546
0.0
0.4487811501829204
0.8505234929343679
0.0
0.6635558202043648
0.5224850745247269
0.928837717420204
0.0
0.35020269086193956
0.0
0.6618372459536761
0.0
0.4095064728823971
0.0
0.0
0.48616140755608417
0.0
0.9676908528784015
0.0
0.4557815924415238
0.9403362337399414
0.4123352673569918
0.5325998787453149
0.0
0.0
0.0
0.1463821330141932
0.0
0.21931795725726522
0.0
0.0
0.0
0.20517202034090606
0.8860191893094896
0.6685054106440411
0.0
0.18216231021926108
0.0
0.0
0.0
0.04542134409876495
0.0
0.02904483444539734
0.2125246536293424
0.5236162616975204
0.0
0.0
0.07604958148947608
0.11291783092234388
0.49998452569511886
0.9966456932900085
0.0
0.900418546256815
0.0
0.0
0.19811893535115266
0.0
0.995210006019481
0.0
0.0
0.31191614051373867
0.0
0.5785871802049115
0.2576974530037937
0.9889631328210807
0.0
0.0
0.0
0.618601382591832
0.09171972619662533
0.0
0.8040165193938278
0.0
0.2616049069800771
0.0
0.6646020007689767
0.24666977608707683
0.0
0.832655016050153
0.03601801744489532
0.0
0.6230878056637793
0.9131079015887652
0.0
0.309956262762631
0.0
0.463879181064209
0.0
0.9523997936888431
0.0
0.9989332741949167
0.8804476588579806
0.0
0.0
0.0
0.0
0.7603770073752714
0.0
0.6722264757634029
0.0
0.0
0.04660535194276364
0.0
0.2530939363586506
0.3713180640956484
0.0
0.4872901459408522
0.0
0.0
0.22905546772876362
0.0
0.0
0.0
0.9110271727543449
0.0
0.0
0.0
0.18392387417524358
0.0
0.0
0.3021647293873664
0.0
0.0
0.33789324467281734
0.0
0.0
0.0
0.0
0.009808153486202186
0.6395533528970707
0.0
0.0
0.13181790459986664
0.0
0.0
0.22270155985535617
0.0
0.04324697246571411
0.0
0.11489929505714545
0.0
0.0
0.27879611536860277
0.0
0.5772011328745494
0.0
0.21746632106785704
0.0
0.0
0.0
0.5847769968878163
0.8516779575392274
0.29102653080673796
0.0
0.0
0.0
0.3478109271076138
0.07316421076504902
0.431468066595052
0.0
0.0
0.2874084057967418
0.0
0.0
0.0
0.2894544777243162
0.39356658017863977
0.0
0.0
0.6005912897206034
