0.16482047091470473
0.7214407300335053
0.0
0.0
0.0
0.0
0.16279665937872043
0.0
0.17638524142118017
0.0
0.0
0.0
0.0
0.552601358803972
0.0
0.0
0.0
0.38898315395239447
0.7507388718687056
0.24198027828702257
0.0
0.0
0.4471494462125929
0.8946657226037906
0.8328269514431109
0.0
0.25957907908761635
0.0
0.0
0.0
0.0
0.0
0.0891173655058149
0.037109222145742554
0.4462182160731535
0.0
0.8339482554412213
0.0
0.6196545507624214
0.0
0.32289825564299185
0.0
0.0
0.9173476153340563
0.0
0.0
0.48232704092996126
0.0
0.0
0.833214809752158
0.0
0.0
0.0
0.0
0.0
0.0
0.10012782706804547
0.7532034340158223
0.1392932520409558
0.3654689153311579
0.8184753733415372
0.0
0.0
0.0
0.0
0.0
0.0
0.08089182064998186
0.09188232229578638
0.0
0.0
0.43819115910849915
0.03567263221561771
0.0
0.8437005146064922
0.48163377012062414
0.0
0.8893722853167847
0.0
0.04442442446087282
0.0
0.3651140181825103
0.6080773844361226
0.24529972948322037
0.6093429781499817
0.0875351988349662
0.7652229472637982
0.7976924661085351
0.3847092446922127
0.617609209479422
0.0
0.0
0.0
0.0
0.13177037995982832
0.5351404929201382
0.5235810755365702
0.0
0.0
0.0
0.0
0.0
0.0
0.8452169074554695
0.0
0.0
0.6398658582530169
0.0
0.0
0.5653037026228012
0.278216810939689
0.0
0.0
0.7948454734557822
0.0
0.0
0.0
0.9283287015410688
0.0
0.04126394978489269
0.0
0.0
0.0
0.0
0.0
0.03610732246410824
0.0
0.7333162193334433
0.3570305207121075
0.7155236818710895
0.4787272670690818
0.8078183205084078
0.6674533421577757
0.2702068385740161
0.0
0.0
0.0
0.45144918233634684
0.0
0.92362797237885
0.49509034352843223
0.5325733275699852
0.0
0.2875719869295453
0.8483102500119514
0.0
0.7272059858913296
0.6850364842406168
0.0
0.0
0.2449319490440228
0.0
0.13536434433568886
0.0
0.0
0.5344000598184067
0.0
0.0
0.5663391825491146
0.1635419676723534
0.0
0.0
0.0
0.0
0.7003839232567728
0.911978789211069
0.9171586047985181
0.0
0.8121988434574984
0.0
0.4250449878539481
0.4923153084788487
0.33310306037666126
0.48435468578930474
0.0
0.3701995883076909
0.0
0.0
0.0
0.5000534257017585
0.0
0.4016218467367986
0.0
0.0
0.0
0.0
0.713949638506383
0.0
0.0
0.0
0.0
0.0
0.0
0.010071742905515706
0.0
0.0
0.0
0.0
0.0
0.18429248288446282
0.0
0.0
0.0
0.0
0.3141247911417061
0.0
0.4996731621548061
0.0
0.3082700367641473
0.21513298204504416
0.6265386688408646
0.0
0.5991868723564617
0.0
0.773983794677304
0.0
0.0
0.3377988991233233
0.3544475123119242
0.7122828342435241
0.0
0.0
0.0
0.21474083716335876
0.0
0.6121461936441979
0.37818528263484136
0.0
0.0
0.0
0.0
0.0
0.0
0.0
0.5096821326423667
0.0
0.136796054488833
0.0
0.5177673781855627
0.02964519919602321
0.0
0.1519131508935653
0.3123209804460185
0.0
0.5168228474658363
0.36070777759210587
0.0
0.012757986151679002
0.43875746559992074
0.0
0.032075339285161604
0.0
0.14677896002160165
0.0
0.0
0.0
0.5572048683652445
0.0
0.1987962467759578
0.0
0.0
0.0
0.0
0.5156773590708073
0.708732814690498
0.15765769412838937
0.0
0.5231699638644678
0.8104129092228636
0.0
0.0
0.0
0.0
0.0
0.0
0.5637304833537697
0.7924081945321668
0.8949425868092897
0.0
0.20777970971817059
0.6559327174549772
0.0
0.0
0.0
0.0
0.0
0.7359918259929403
0.0
0.8642228767117426
0.0
0.0
0.25082148641526275
0.0
0.7217784005241726
0.0
0.0
0.0
0.0
0.0
0.6412232833270866
0.0
0.0
0.13114007397094893
0.2456690805079368
0.0
0.0
0.0
0.0
0.8966400860964846
0.0
0.0
0.1975567316058091
0.0
0.5880883985350137
0.0
0.0
0.0
0.5107718244496674
0.18280902482049258
0.6135234957268053
0.3201563637801476
0.0
0.0
0.0
0.0
0.7265051751746682
0.0
0.6317422619555505
0.4709789509937526
0.0
0.0
0.5845625131807974
0.08981599446844936
0.0
0.19113669821536436
0.0
0.1319897028278391
0.5291317310392062
0.0
0.6549439352242699
0.0
0.0
0.0
0.227217045499282
0.0
0.0
0.0
0.9411056566107324
0.4946031662043658
0.0
0.9663153070206003
0.0
0.6159185973100646
0.0
0.0
0.48221499026085723
0.0
0.0
0.9384164881602357
0.0
0.28855025683176155
0.0
0.0
0.0
0.0
0.7642440692197149
0.9976259686631962
0.8019312566212261
0.014683642733784155
0.6936825863271325
0.0
0.0
0.07573979701126196
0.4134435382500595
0.0
0.45945783177701305
0.1538519224067396
0.0
0.0
0.4033602679436665
0.0
0.0
0.0
0.6965549738617973
0.20142261660224825
0.4989264281220561
0.0
0.9875327730763781
0.0
0.0
0.3307489773684815
0.0
0.42293147195347813
0.8153753313404782
0.33484244028115123
0.0
0.0
0.0
0.0
0.8074889681012061
0.0
0.40778611912114376
0.0
0.0
0.0
0.0
0.3399381415436353
0.41924601311149945
0.40156238841521674
0.0
0.5821715546730825
0.0
0.39817596529706695
0.193226907368447
0.0
0.46810584722220205
0.0
0.5153902859922868
0.31004525331585775
0.2555173082748232
0.0
0.0
0.0
0.9154270384721969
0.0
0.41985898553710344
0.8039013594317762
0.7269101318339318
0.6457743094907884
0.0
0.0
0.0
0.48584786920684314
0.15987948791032516
0.0
0.0
0.0
0.2943240112810667
0.0
0.8536640038398593
0.09460884238451145
0.0
0.0
0.41462265436660845
0.0
0.0
0.3462239790570854
0.22540994590117744
0.0
0.0
0.0
0.0
0.0
0.7027738519275422
0.7749143556761094
0.0
0.0
0.5273223007958359
0.0
0.5013785754285891
0.48732421969183004
0.0
0.9248798762613897
0.32076190158507156
0.0
0.6106731496782445
0.26523394946885254
0.5410410625461718
0.0
0.0
0.0
0.0
0.18078709851450273
0.9989332741949168
0.6377566834715344
0.0
0.2216334366493407
0.8359252423825823
0.5784985268055265
0.8405469529225781
0.33967412407408626
0.0
0.0
0.6745776654864614
0.5714389731985613
0.7369005480152513
0.0
0.0
0.6018800460480137
0.0
0.8119120491156653
0.0
0.0
0.0
0.4593063283553229
0.0
0.740184028120489
0.0
0.8465348882820916
0.9267258593848872
0.6928364319848879
0.0
0.0
0.0
0.0
0.0
0.10205764184432747
0.08854070647692588
0.9728799135658842
0.4333895419026878
0.011577280407737114
0.44445241005473
0.0
0.6932248805878938
0.0
0.0
0.3424331289100859
0.9250203533094116
0.0
0.0
0.7378262449240639
0.0
0.7398588978255214
0.0
0.46315759247001315
0.0
0.0
0.0
0.0
0.4135249720380883
0.8182675055733769
0.8936545723547734
0.5054404645620318
0.7785548017153484
0.4971027579037375
0.2767996229357867
0.062134705490676824
0.13039407342195022
0.3480268488974662
0.0
0.0
0.8940417486877372
0.0
0.0
0.0
0.0
0.8957668741226241
0.0
0.7337315717465583
0.9627407119303709
0.0
0.0
0.06754520111943023
0.0
0.11981192749703894
0.3205670405747356
0.0
0.16179109103078973
0.0
0.0
0.47033415541022416
0.7703290590780892
0.01306436230984108
0.0032226737406371485
0.0
0.6472910108394618
0.0
0.6560100654904426
0.0
0.7407617029914283
0.0
0.835883714752588
0.15253759952840545
0.0
0.0
0.4372797297187739
0.0
0.22020712260532713
0.0
0.3559305570196439
0.0
0.0
0.7653319342412119
0.0
0.0
0.5111846373115552
0.0
0.0
0.0664798177772428
0.0
0.0
0.07237135720233553
0.7359426071854434
0.06865144612093053
0.11814711998653071
0.0
0.5334013137044219
0.0
0.5974368771905058
0.0
0.0
0.0
0.04677795084014802
0.0
0.0
0.6029822198624366
0.7507293364112119
0.7804191007036658
0.5248252815798651
0.7645719684163806
0.008354017207525283
0.0
0.0
0.6565745860322378
0.8135705566528112
0.6516833032287744
0.6137696933974108
0.25828096641287357
0.8768456609247619
0.7980910126861788
0.30746011463335493
0.0
0.3476434075717269
0.0
0.0
0.0
0.0
0.4362670080655255
0.0
0.6067070885020199
0.3518337055169621
0.45703600602337047
0.0
0.504486356226656
0.0
0.611786828629336
0.07210603330019362
0.0
0.576006368675415
0.0
0.0
0.3893988531564036
0.8368768568884051
0.15938495566205607
0.0038205535799736875
0.0
0.8315634271493816
0.12076103250702246
0.17572091985064026
0.12806162279777084
0.0
0.0
0.0
0.0
0.5066235806388438
0.0
0.0
0.37864456562819715
0.0
0.9386364617348658
0.43718865120292205
0.421616572735002
0.4236879664440879
0.9469466868476569
0.11302591971796372
0.31180844058771395
0.9387465781026645
0.0
0.0
0.8841994774117483
0.11799840258328852
0.03214349873918328
0.6045099253167675
0.04811124542065056
0.37841697452369943
0.0
0.0
0.8407876649430326
0.0
0.47488163459122346
0.0
0.0
0.9023889188250526
0.09315463911252383
0.7313404179165965
0.3487310116541041
0.0
0.0
0.7314428825380325
0.0
0.0
0.6337670271790157
0.0
0.9499027256160351
0.413561526723451
0.6826318876888372
0.8271349430176294
0.0
0.20328758772553004
0.0
0.8672380632576694
0.0
0.0
0.6099575470715766
0.0
0.9536497530975444
0.36968125259980644
0.0
0.18017655942999408
0.0
0.0
0.0
0.10261686297119539
0.0
0.0
0.0
0.0
0.7564030328969505
0.5894480148536274
0.0
0.22132087129685338
0.26522474176290556
0.0
0.0
0.5002879187534737
0.14808427929162893
0.6503441378477306
0.08541605756552997
0.14936744499955684
0.0
0.0
0.0
0.0
0.0
0.06049862443451208
0.7167955314404486
0.0
0.0
0.0
0.0
0.04373834004710131
0.0
0.0
0.0
0.0
0.0
0.0
0.20398771074039368
0.0
0.0
0.0
0.0
0.0
0.0
0.0
0.7633919361643253
0.9001958164408063
0.7862683203687695
0.7990423208995927
0.0
0.9589635760941811
0.0
0.0
0.5679722146364975
0.0
0.0
0.0
0.0
0.0
0.0
0.0
0.0
0.7586006185397401
0.021549465145655707
0.9350963886805498
0.9042392946249861
0.017313616265941828
0.0
0.3947546528607673
0.6065385086717203
0.24940686193367523
0.5052811734997085
0.0
0.0
0.0
0.0
0.0
0.0
0.1644260530310431
0.9363627369660414
0.0
0.6023774774079405
0.5529683992779957
0.4608983110569492
0.0
0.0
0.9814352389868092
0.1085851268784033
0.0
0.20209995166275724
0.0
0.0
0.3601447896613908
0.23284354686884284
0.0
0.32951888381110034
0.45221826148124583
0.8049027742227064
0.5727611329003014
0.0
0.0
0.0
0.0
0.0
0.8992526593348917
0.893590336216021
0.0
0.5351418691661601
0.0
0.0
0.0
0.7694573739999853
0.3824541920572582
0.3067129500455273
0.0
0.6992275520695914
0.37810241459704425
0.46180047549867065
0.1845448511424119
0.49548613776775857
0.8280510708823962
0.0
0.0
0.0
0.0
0.7517499059384634
0.4810136419408429
0.0
0.0
0.0
0.0
0.0
0.0
0.0
0.0
0.0
0.1376650770572782
0.0
0.0
0.0
0.11397818153113526
0.0
0.9024024859039166
0.0
0.49503665303137145
0.7517008567926652
0.0
0.0
0.0
0.0
0.0
0.899606012234007
0.0
0.0
0.0
0.0
0.0
0.0
0.0
0.36875174022091517
0.05419098458100503
0.0
0.4944815751768445
0.0
0.0
0.9898900573351634
0.221463871222009
0.0
0.0
0.0
0.6509917350270842
0.0
0.0
0.0
0.0
0.0
0.0
0.0
0.0
0.0
0.0
0.0
0.9497749875242748
0.7293077374428024
0.5258794974173119
0.0
0.933078928192467
0.0
0.2718911028813829
0.0
0.0
0.966242408212511
0.46231058700297867
0.0
0.6438822090688103
0.2880721689405972
0.48810413815994247
0.0
0.0
0.0
0.8562781913097209
0.9311433580226056
0.0
0.6563856543289932
0.5212648790338037
0.42901826377554614
0.5266692412726177
0.5794051776554618
0.0
0.0
0.0
0.0
0.4289554988324015
0.8879900680430562
0.08352295334232819
0.0
0.8597646723935642
0.0
0.0
0.0
0.7899554978298491
0.0
0.8611950540298883
0.0
0.0
0.0
0.0
0.0
0.3851046183468734
0.2803796292222368
0.0
0.39654345989834694
0.0
0.0
0.08761279009966252
0.2378407822841952
0.43157699949468564
0.0
0.0
0.0
0.0
0.6806988826224947
0.0
0.0
0.8724211386012779
0.0
0.0
0.6132580702993633
0.0
0.1464930283245511
0.0
0.0
0.0
0.09130672001980006
0.5486463535446027
0.0
0.0
0.0
0.0
0.019934137581208156
0.4577690517626783
0.0
0.0
0.0
0.0
0.20752143302659157
0.42380259516170876
0.0
0.7191725270984046
0.3350353542951271
0.2771296522157054
0.0
0.0
0.5306438457777131
0.25228831939264246
0.639254152412084
0.5264666250778897
0.0
0.0
0.0
0.7814156442737995
0.5903031889663188
0.0
0.0
0.0
0.8967375550697334
0.39232416039293333
0.7691681889203431
0.5557217775652754
0.0
0.18052467379398307
0.12717981971420875
0.0
0.5398182014578404
0.9365609404485555
0.2365418080820509
0.5588393588668107
0.0
0.5582293807692065
0.0994254945930877
0.8102697296866236
0.0
0.0
0.9020573569744669
0.0
0.0
0.6863172578143139
0.0
0.2791816810148043
0.9893791304874675
0.0
0.8998643312987936
0.0
0.23965745367539837
0.45816508735844697
0.0
0.0
0.3796044055352487
0.0
0.9851191419180162
0.36955354726514905
0.8238816517349857
0.9959751474149924
0.0
0.0
0.6072856416475931
0.0
0.0
0.0
0.9275022069214663
0.0
0.5683001232956729
0.0
0.0
0.3919447384266185
0.45043704084350494
0.0
0.24265416497426967
0.22725870193518888
0.0
0.5893467816355747
0.0
0.36355203522884866
0.0
0.4185647583475921
0.8092001021937009
0.4362081892117084
0.20741927667305346
0.0
0.022915750350419466
0.47104768318992
0.09339928607196475
0.7460410867642978
0.8039450272584289
0.0
0.8804052985325365
0.0
0.0
0.5245514995595794
0.0
0.4367142330491541
0.07961984594788828
0.0
0.16062521494038445
0.0
0.0
0.10478479965535986
0.3477687211251247
0.0
0.16488079640423403
0.0
0.0
0.7355353762260001
0.4502987100449449
0.0
0.0
0.8353678531553275
0.20185888930958157
8.100859253665992E-4
0.5722710520296516
0.5095928069934504
0.3453901022616147
0.0
0.0
0.0
0.0
0.9397732803843775
0.0
0.0
0.9667866723056313
0.36650654347773043
0.6652442281945096
0.0
0.7494996362458176
0.8982320724711191
0.0
0.0
0.0
0.0
0.0
0.0
0.0
0.0
0.5603700799533098
0.0
0.6963927716290338
0.0
0.17459662513328844
0.0
0.36747816903060676
0.18785374124692758
0.0
0.5233432908063761
0.0
0.0
0.0
0.0
0.0
0.46415167554286746
0.0
0.0
0.0
0.0
0.0
0.22219720846304175
0.0
0.6914968734826347
0.0
0.08047232525363537
0.0
0.0
0.976098359917976
0.524376479906635
0.0
0.8817626561311522
0.24365153220637412
0.956817108246033
0.1430011042617561
0.0
0.31308442801377284
0.20407176919157574
0.36227849414701074
0.0
0.0
0.19556187839636816
0.35965178061635883
0.8114099160779241
0.0
0.9787421525464012
0.32736440174010956
0.0
0.0
0.4074788928480559
0.0
0.0
0.0
0.0
0.0
0.0
0.42129472305608
0.0
0.7026399382401826
0.0
0.0
0.5937427140059052
0.0
0.7279258820276188
0.0
0.0
0.0
0.8209574909757665
0.0
0.057134324620955426
0.0
0.0
0.0
0.6735621514873049
0.0
0.0
0.0
0.12645534399119612
0.5375717587332566
0.0
0.5792965591866943
0.0
0.0
0.3288275461382072
0.16043655336980153
0.0
0.31190770550773705
0.0
0.7405372169771645
0.0
0.9452602323963265
0.3071809828059819
0.0
0.0
0.2082116854590837
0.0
0.0
0.0
0.6587498695938195
0.0
0.8032009015604542
0.7878592604701066
0.0
0.0
0.5821674310346819
0.0
0.11927499461544618
0.0
0.5838168437821435
0.0
0.0
0.0
0.7068719946127268
0.5337895268673429
0.026828747756663465
0.0
0.0
0.0
0.728501613853549
0.0
0.9680089346765075
0.5374591680241086
0.0
0.609606030800862
0.13187919886186905
0.929338355650036
0.41771177988479224
0.0
0.09991614241944541
0.45436970365667273
0.9074858888374405
0.0
0.3909377540214695
0.0
0.0
0.0
0.9796870537192941
0.0
0.04307923354304933
0.0
0.0
0.9312594088402522
0.0
0.22636233751434004
0.9652346320419486
0.6762858564945161
0.0
0.0
0.9963263481386723
0.9667880919838939
0.595469191730483
0.0
0.0
0.0
0.28342153802844267
0.0
0.0
0.0
0.0
0.0
0.0
0.0
0.4026145132368512
0.0
0.0
0.14690413032694946
0.0
0.0
0.0
4.2859941243612973E-4
0.0
0.33044714432021566
0.0
0.0
0.0
0.03887854247062481
0.0
0.3729247093296288
0.0
0.0
0.654469502128584
0.5558958602959824
0.6175631841791349
0.20938134881877868
0.4610956014838157
0.0
0.0
0.0
0.7730659200491786
0.0
0.29071407280029704
0.9906896759691647
0.1748396578994959
0.0
0.46938792956574893
0.3863649060752083
0.0
0.6066580975390143
0.32458320767518684
0.0
0.0
0.3516508677170745
0.0
0.688687159621058
0.7176726599221951
0.6638068674035521
0.0
0.19131713195957137
0.27408374208610997
0.0
0.5549026822331509
0.24165231706216164
0.0
0.0
0.0
0.03415186501946516
0.5650913235750358
0.389832981056837
0.7018038636680471
0.0
0.0
0.0
0.0
0.3109257786953305
0.8848682891318714
0.5729455752518978
0.0
0.8948411183087392
0.0
0.6028188667645582
0.919869877140861
0.0971485978066735
0.0
0.0
0.0
0.0
0.10021623914798843
0.7488072237874805
0.6642008223142096
0.0
0.5585757367566718
0.0
0.5792048313440796
0.2048228642276951
0.7868379253342933
0.0
0.0
0.7385982731494504
0.053620278738225724
0.5557406444762042
0.8438868136246495
0.0
0.913582304919599
0.0
0.0
0.0
0.0
0.0
0.0
0.0
0.0
0.2005609965057965
0.8602212412747228
0.0
0.0
0.0
0.6488161498564557
0.0
0.138058018501781
0.0
0.08943188671958027
0.0
0.8911555985807615
0.0
0.0
0.0
0.0
0.0
0.7669253958055893
0.03230936376773975
0.6172139272749323
0.0
0.0
0.0
0.0
0.0
0.0
0.0
0.6585395035089137
0.0
0.0
0.41851490542657055
0.0
0.0
0.2021154543453374
0.05921110420606988
0.0
0.7325976673408346
0.35896536861538864
0.795402253143843
0.0
0.0
0.5917664599015794
0.0
0.2849172677891345
0.0
0.9423637423134054
0.7602932284359987
0.7523342114774129
0.0
0.9522768957726515
0.0
0.6261754071831094
0.053471820313757516
0.0
0.16189843925448197
0.5309272680134678
0.49955826898721084
0.7431494113356958
0.600485023966285
0.0
0.37403751319319617
0.17790745894653817
0.5860174038208004
0.0
0.2687977389300935
0.42654755159633706
0.03226214801280404
0.6252756575026198
0.0
0.8885875677830463
0.49589591738286687
0.0
0.39957735806066197
0.0
0.08192255628120143
0.5956153550034595
0.31251075568183206
0.9146340116024162
0.0
0.0
0.7943478643844643
0.6218070518176637
0.0
0.6849910978924783
0.0
0.44833303795333895
0.3630372843623071
0.0
0.0
0.0
0.39730439159765335
0.0
0.0
0.2846908469755732
0.8244464716625192
0.7928801718348095
0.0
0.20226744025358198
0.12960395652294115
0.0
0.0
0.0
0.3722271396511928
0.0
0.0
0.5327071179143736
0.550734944493591
0.6284005371594901
0.0
0.0
0.0
0.0
0.0
0.3194577820146932
0.7574882160928019
0.5431679125190618
0.1444295284407699
0.3397376833220139
0.31954876744950317
0.1616253415071383
0.0
0.0
0.0
0.4058051791946837
0.0
0.0
0.22314570909033132
0.0
0.0
0.9791635417950348
0.11983507605406588
0.0
0.0
0.15372868422418215
0.0
0.4439109958851308
0.0
0.0
0.9460593374575536
0.43777754089192894
0.0
0.0
0.4677358521797966
0.09014987155160836
0.07341243997511743
0.0
0.5602038973169048
0.9210631880081378
0.2849405881849481
0.0
0.1949766619314548
0.940411750798559
0.0
0.47045105764553075
0.0
0.0
0.0
0.0
0.3481155603218855
0.0
0.0
0.0
0.4770781543819421
0.12351356968971314
0.837336879227296
0.4811970502250955
0.692886529648386
0.0
0.0757296076257307
0.18571751432334332
0.0
0.0
0.0
0.16858636231971255
0.0
0.0
0.11981889062572622
0.5653836277226932
0.31921457479598564
0.9761052744183619
0.0
0.0
0.8015703449384808
0.0
0.0
0.0
0.0
0.9877660226862055
0.16907158776639483
0.8751996550927602
0.0
0.0
0.0
0.29233254146258575
0.518011689970418
0.0
0.0
0.0
0.0
0.0
0.0
0.49238747046093456
0.0
0.0
0.0
0.0
0.8918576140485838
0.5534578062654196
0.4162961223526131
0.6603128717285637
0.24855502779431193
0.0
0.36829652074334424
0.5783560603801771
0.9395537005836592
0.0
0.0
3.4164486902658E-4
0.0
0.9690666350369217
0.0
0.38401957196298625
0.0
0.9721701936958159
0.24715818598757952
0.0
0.0
0.7822422231332329
0.0
0.0
0.0
0.2822358664306563
0.0
0.8567322924596111
0.0
0.45937720898218487
0.0
0.1270326585056593
0.0
0.0
0.6765103931959965
0.0
0.0
0.7921890257920526
0.0
0.0
0.34633775213892337
0.48754226622888197
0.34422970562474037
0.5417581372208943
0.5150916388344423
0.1331326939353757
0.0
0.0
0.4606698213321057
0.0
0.0
0.0
0.9568372222263876
0.0
0.2773642922769576
0.7246278237597698
0.8511353987696504
0.0
0.631399511640274
0.09237552232751223
0.4955690239437639
0.0
0.0
0.0
0.13591166049216072
0.8300374840961252
0.42390918584506265
0.0
0.0
0.0
0.0
0.0
0.0
0.0
0.009595931651299202
0.4709970688912058
0.0
0.9363713970460797
0.5346407532556258
0.053163520522929344
0.0
0.7607056216969241
0.0
0.9740271023388332
0.0
0.9846212637899936
0.09201086613690553
0.1384413573712663
0.0
0.0
0.5789173404706286
0.0
0.0
0.0
0.3868762255589495
0.7464869965469643
0.26488604572941343
0.264718872914628
0.0
0.0
0.6718542149541341
0.5002896102325981
0.0
0.39571375331094716
0.0
0.0
0.0
0.6475718323789448
0.0
0.0
0.0
0.7097214946689883
0.43574302236486057
0.26366950599399824
0.6156083759091991
0.07879729354461942
0.0
0.8789527329126026
0.5650788128616666
0.26621587252776535
0.7477032786914827
0.3731339517762163
0.9831961784200813
0.0
0.0
0.0
0.0
0.17763729803387965
0.0
0.0
0.0
0.0
0.166594745781918
0.0
0.12453823129455718
0.0
0.0
0.0
0.0
0.8857510370314082
0.0
0.6686031495219481
0.0
0.8505716643072977
0.0
0.0
0.0
0.0
0.0
0.5835831983758192
0.21617950811701858
0.0
0.7575957227487337
0.0
0.0
0.0
0.018161958887913627
0.0
0.5323873654945579
0.0
0.0
0.8079633806333503
0.1278811845801417
0.0
0.22549439207642358
0.2987071688019176
0.0
0.4803782066221177
0.7792403475599405
0.0
0.0
0.0
0.4918359224002444
0.0
0.8946430227109652
0.0
0.7674816664442266
0.918282633160294
0.0
0.0
0.7991822175005354
0.0
0.16342924524976196
0.0
0.0
0.4732910859896369
0.0
0.0
0.39085338538995046
0.3246320973853696
0.0416558778623007
0.0
0.8237873449139633
0.0
0.04206231134381265
0.0
0.0
0.826107239618707
0.0
0.23702195056906858
0.0
0.5117501649912469
0.0
0.6232126893791254
0.8155125519725877
0.343281402253683
0.0
0.41588291785392484
0.0
0.0
0.0
0.0
0.0
0.38963354829680574
0.34800678265031304
0.1651600039909704
0.4520445915804997
0.07408547126801451
0.1454151261912053
0.0
0.9704369458880931
0.5608173069002408
0.22246956325800787
0.0
0.32262396117442643
0.0
0.0
0.0
0.9109949632596855
0.0
0.7616498933632537
0.0
0.6301385912572487
0.0
0.0
0.0
0.0
0.5521046439042723
0.8531610690670578
0.911429161810049
0.6171491478891415
0.0
0.9617528685130424
0.7176670710888521
0.6142169614291123
0.0
0.0
0.0
0.6776698998756312
0.6268425440945363
0.343825240724149
0.0
0.0
0.0
0.10973970183207529
0.0
0.0
0.6805014515709997
0.29700863182810955
0.0
0.0
0.0
0.7376317007172972
0.0
0.0
0.13606546620125098
0.0
0.4896510061636742
0.0
0.4095197865545023
0.0
0.0
0.0
0.0
0.8777072831823891
0.20442143536233065
0.19724149317031478
0.0
0.0
0.4233051207640608
0.9014813211754303
0.0
0.9400702427076035
0.0
0.0
0.0
0.6466025636720486
0.6191930764668869
0.0
0.0
0.0
0.12196140308905631
0.2656486119577531
0.24267512519733758
0.0
0.0
0.0
0.9116466493967875
0.9730047355628912
0.0
0.0
0.28775752019648815
0.0
0.0
0.0
0.6489927991003291
0.6328207746664201
0.0
0.9642455751334803
0.1772683610467922
0.0
0.9641045956945552
0.0
0.0
0.0
0.7414194783114465
0.0
0.0
0.6768583638983275
0.9795526092116117
0.8288464705243963
0.0
0.892338721264293
0.6718243437615533
0.5784816325220092
0.0
0.16645936925881225
0.0
0.0
0.6460616558416332
0.5698468320380916
0.9568046956915995
0.0
0.0
0.8778420329661512
0.7735668771721074
0.0
0.0
0.0
0.5791651938989936
0.9953398584636722
0.48026659032506286
0.0
0.0
0.0
0.0
0.0
0.021154621940544807
0.0
0.0
0.0
0.0
0.0
0.10720999461735045
0.7718679106704786
0.0
0.7448549951148523
0.027779233907729847
0.7284306465341466
0.0
0.0
0.4954313021992884
0.6488535452077208
0.0
0.0
0.0
0.0
0.7819353125973594
0.7448635979240459
0.8133879962782578
0.0
0.9941802406968157
0.1748108910371701
0.0
0.6628545234444341
0.0
0.4920269483801617
0.9001189042304758
0.4076700187913288
0.0
0.8656609167201195
0.0
0.4992437340372336
0.7904043415842753
0.6437900419362268
0.0
0.0
0.0
0.36302972314387144
0.0
0.0
0.0
0.15550314808965626
0.0
0.0
0.0
0.24353388783149088
0.0
0.7662754290526406
0.0
0.44192636344608505
0.3016684578446921
0.0
0.602179887114491
0.0
0.48335828586982954
0.0
0.20997178884342235
0.0
0.6213714894597301
0.0
0.0
0.0
0.0
0.3006453520924776
0.09421966034513567
0.7407832663466237
0.0
0.8737026223109238
0.0
0.0
0.0
0.6956465288948259
0.6127563770875923
0.0
0.0
0.0
0.0
0.37217712501931055
0.0
0.0
0.09711959941979548
0.4152472733913009
0.0
0.4866551554385183
0.6120166552188728
0.0
0.6658767525951523
0.0
0.3039011582591622
0.3366462918640508
0.9074668462376082
0.3616792585419387
0.0
0.2161111494501713
0.0
0.0
0.553579856523509
0.0
0.0
0.0
0.0
0.0
0.0
0.1840360726249486
0.0
0.0
0.004679604549470003
0.0
0.0
0.0
0.0
0.0
0.0
0.0
0.11305407855837954
0.0
0.0
0.0714694902256503
0.0
0.9506653002548835
0.18423657547649547
0.4213952381723181
0.0
0.4878694103866001
0.0
0.8379338648109789
0.0
0.0
0.009824814674724264
0.5435424520872412
0.06590554550696735
0.0
0.8360289142399244
0.6962359496893593
0.0
0.0
0.0
0.0
0.0
0.936410487199575
0.0
0.0
0.6954415288742283
0.0
0.0
0.0
0.0
0.0
0.0
0.0
0.5711360615941056
0.8613711194107155
0.0
0.7763822955818813
0.11214312164364063
0.0
0.0
0.6087597776631598
0.0
0.18893141282168308
0.0
0.0
0.0
0.5091350440209961
0.0
0.5309887553599643
0.0
0.44878115018293174
0.850523492934371
0.0
0.6635558202043716
0.5224850745247368
0.9288377174202056
0.0
0.35020269086195294
0.0
0.6618372459536831
0.0
0.40950647288240927
0.0
0.0
0.48616140755609477
0.0
0.9676908528784022
0.0
0.455781592441535
0.9403362337399426
0.41233526735700393
0.5325998787453246
0.0
0.0
0.0
0.1463821330142108
0.0
0.21931795725728132
0.0
0.0
0.0
0.20517202034092247
0.886019189309492
0.668505410644048
0.0
0.18216231021927795
0.0
0.0
0.0
0.04542134409878464
0.0
0.02904483444541736
0.21252465362935863
0.5236162616975303
0.0
0.0
0.07604958148949513
0.11291783092236218
0.4999845256951292
0.9966456932900086
0.0
0.900418546256817
0.0
0.0
0.19811893535116917
0.0
0.9952100060194811
0.0
0.0
0.3119161405137528
0.0
0.5785871802049202
0.25769745300380903
0.988963132821081
0.0
0.0
0.0
0.6186013825918398
0.09171972619664405
0.0
0.8040165193938319
0.0
0.2616049069800923
0.0
0.6646020007689837
0.24666977608709234
0.0
0.8326550160501566
0.0360180174449152
0.0
0.6230878056637871
0.913107901588767
0.0
0.3099562627626452
0.0
0.46387918106422005
0.0
0.9523997936888441
0.0
0.0
0.880447658857983
0.0
0.0
0.0
0.0
0.7603770073752762
0.0
0.6722264757634097
0.0
0.0
0.046605351942783306
0.0
0.25309393635866595
0.37131806409566137
0.0
0.48729014594086273
0.0
0.0
0.22905546772877952
0.0
0.0
0.0
0.9110271727543467
0.0
0.0
0.0
0.1839238741752604
0.0
0.0
0.3021647293873808
0.0
0.0
0.337893244672831
0.0
0.0
0.0
0.0
0.009808153486222607
0.6395533528970782
0.0
0.0
0.13181790459988454
0.0
0.0
0.2227015598553722
0.0
0.04324697246573384
0.0
0.1148992950571637
0.0
0.0
0.27879611536861765
0.0
0.5772011328745582
0.0
0.2174663210678732
0.0
0.0
0.0
0.5847769968878248
0.8516779575392304
0.29102653080675256
0.0
0.0
0.0
0.34781092710762723
0.07316421076506813
0.43146806659506376
0.0
0.0
0.2874084057967565
0.0
0.0
0.0
0.28945447772433086
0.39356658017865226
0.0
0.0
0.6005912897206116
