0.7230130547628264
0.0
0.9640432515302519
0.0
0.0
0.0
0.0
0.0
0.0
0.2013395344269302
0.0
0.07169511231122566
0.0
0.0
0.4433042480015084
0.0
0.0
0.0
0.21071386571351094
0.0
0.8683955975745044
0.7553434132444107
0.6373558788668072
0.0
0.2714103068252363
0.21801956793303237
0.0
0.8747313172271117
0.0
0.5417775057123811
0.0
0.0
0.0
0.8417520986664025
0.0
0.6819367592654032
0.0
0.0
0.0
0.31688181465444026
0.8788068343448101
0.0
0.0
0.0
0.9799462070058479
0.7443516379251065
0.13248680997642992
0.012278207081897712
0.24839476712676598
0.7817847516035524
0.0
0.0
0.0
0.3759431918863627
0.6052469542075235
0.0
0.765939068101407
0.1705253229196744
0.0
0.7466846236964563
0.008528773210187465
0.0
0.3282973924317854
0.08666768259172944
0.0
0.0
0.0
0.0
0.0
0.0
0.0
0.0
0.0
0.0
0.7695984631733511
0.0
0.0
0.0
0.0
0.0
0.27891862924276845
0.4961625367357904
0.39883266433457737
0.27471328691101116
0.2534411819500185
0.0
0.0
0.8211265866796152
0.0
0.0
0.0
0.03169843586776438
0.1406713722242681
0.6223047046172581
0.5475499053842102
0.0
0.0
0.0
0.0
0.0
0.5342789504289576
0.5786330463377232
0.9535414443444455
0.09271674784229872
0.0
0.0
0.0
0.21606365691638496
0.0
0.4851449834099607
0.0
0.2411748928846366
0.0
0.46956726898927637
0.0
0.0
0.0
0.41690408338701723
0.0
0.0
0.0
0.0
0.7037969509322611
0.5866839902245529
0.7851508137254735
0.22667216699722895
0.0
0.9929409637488963
0.0
0.0
0.0
0.0
0.0
0.0
0.4047685541395877
0.0
0.0
0.21238905030135583
0.18599285256157774
0.0
0.4648520580183041
0.0
0.0
0.34253061104517163
0.0
0.16906317771246185
0.0
0.0
0.8437545137392664
0.0
0.0
0.2660687843024283
0.9391162758693682
0.7798375769272428
0.0
0.6046530260482957
0.7735693611722114
0.5415250785708343
0.0
0.0
0.0
0.0
0.0
0.0
0.03672506213904692
0.0
0.7754087720688507
0.9164755645797137
0.0
0.1318720708766635
0.0
0.38886303806266065
0.07138909161720984
0.0
0.0
0.4029990543031032
0.0
0.0
0.0
0.0
0.4709665189950585
0.0
0.6671890894245992
0.0
0.0
0.0
0.0
0.55280384582546
0.0
0.13108940249406456
0.8280018526178806
0.0
0.4842398935127301
0.0
0.22981181758015481
0.08489827467969371
0.16163904798552706
0.11958572241908422
0.4649844159395844
0.0
0.21835096458680964
0.18485264425193965
0.0
0.0
0.0
0.0
0.8131668093261717
0.602755079022782
0.0
0.0
0.4335337696382252
0.0
0.13813461183377104
0.0
0.0
0.0
0.47519865073684975
0.4227041662909143
0.0
0.05670009675156479
0.0
0.0762088594742101
0.0
0.0
0.1637112268766965
0.0426615850063692
0.0
0.05039786571239697
0.0
0.0
0.0
0.0
0.2661519776606103
0.9058726716507556
0.0
0.25637984793036966
0.0
0.11762110877706153
0.6879159994324626
0.0
0.0
0.21913496975751254
0.0
0.0
0.0
0.20317455808269497
0.2805532545936291
0.0
0.3926451609598716
0.0
0.3645644154701287
0.6351035346949733
0.0
0.4785663485019071
0.8502135675188223
0.0
0.04566120890727457
0.28191425551040794
0.0
0.7773390305135669
0.7150616770946123
0.0
0.41872230022653767
0.0
0.4323386655723484
0.0
0.0
0.0
0.2765425945071048
0.0
0.0
0.0
0.610077060913293
0.0
0.0
0.5863484188086893
0.0
0.9370957341129595
0.13814878795015662
0.8708956972435888
0.0
0.04785139422808559
0.2173327279573879
0.0
0.816385622998113
0.9520654494917407
0.4820817395193098
0.0
0.0
0.12696558355551155
0.07285303819759181
0.0
0.0
0.0
0.0
0.0
0.0
0.0
0.0
0.6762991943181621
0.24787461935912367
0.26724006187338617
0.13739413682152934
0.0
0.8654159070930411
0.0
0.0
0.35459254064017215
0.0
0.27321617942797854
0.0
0.0
0.0
0.0
0.9733005884141376
0.0
0.0
0.0
0.6204864514080957
0.0
0.026685141808253845
0.30545514019877296
0.41843453513462253
0.8541699409963387
0.21946990170927788
0.8336124763226137
0.0
0.0
0.34972232535184716
0.1268483257433631
0.0
0.4261835685616184
0.9749829222832128
0.6240754936157821
0.0
0.4141370478360584
0.043886096894515975
0.43399432209793504
0.0
0.0
0.48986351622207025
0.7674048089271709
0.640754155114231
0.40246651108449666
0.7861090137456355
0.5305068505252697
0.8281590244850119
0.6861313907195087
0.0
0.7459728211401131
0.0
0.0
0.757618084744598
0.46176582957576917
0.21833074799177732
0.0
0.0
0.8339422619670307
0.32465321337557285
0.0
0.0
0.0
0.0
0.0
0.0
0.0
0.9639655152164439
0.0
0.590733328658384
0.35535270223203913
0.0
0.0
0.0
0.0
0.0
0.375448305822859
0.0
0.0
0.2705464252859748
0.0
0.3495288813390663
0.0
0.0
0.0
0.0
0.9025996586033908
0.0
0.2521780255430985
0.2415783420086846
0.0
0.0
0.0
0.0
0.0
0.0
0.14739856358367284
0.44926650630449094
0.0
0.35190422737200977
0.6033259047047248
0.0
0.0
0.3494228418012371
0.26226813947254357
0.0
0.0
0.5374525474264877
0.0
0.04211185393073737
0.09383819609918471
0.0045840658101119125
0.3247635741056758
0.49044817939696844
0.0
0.17488392726597124
0.0
0.182610800242278
0.8018246714790214
0.0
0.21764865401732442
0.09069327685253192
0.0
0.07172422117434596
0.9084683633567968
0.0
0.40660127339894203
0.5388165257695889
0.0
0.0
0.0
0.0
0.0
0.31480811742403864
0.0
0.729797056128354
0.0
0.0
0.0
0.9116076178554381
0.21565687153964858
0.0
0.0
0.13577271328246193
0.0
0.0
0.0
0.20336339385601
0.5016924736882024
0.0
0.0
0.0
0.0
0.48600851820325447
0.0
0.16637356889175514
0.5207230302635542
0.7704850970560023
0.6523925988349696
0.0
0.227133074902795
0.0
0.6397819536629409
0.0
0.13982697278606837
0.25325619409142436
0.42454121411746987
0.08603691027972062
0.0
0.0
0.0
0.0
0.18967600199329152
0.3951620463411072
0.32257730682602287
0.08353765027537244
0.0
0.48443812194703695
0.0
0.0
0.0
0.4291348618713619
0.0
0.0
0.0
0.8316062946297381
0.13207352361027952
0.2707770363437214
0.7270538126397706
0.17771198180974915
0.0
0.0
0.192107826917707
0.9889504626934258
0.08950811572600548
0.5696883226259892
0.0
0.18645773140990787
0.3267838895144585
0.0
0.6393689159816187
0.0
0.3591804429546657
0.0
0.0
0.0
0.0
0.7259300676101578
0.0
0.16620229945618956
0.35231155420448407
0.0
0.0
0.0
0.0
0.0
0.9025978204593331
0.571486301858623
0.8485386184324131
0.0
0.21195336467557022
0.0
0.5680322722278274
0.7381321116281079
0.19234735366794833
0.1324838296802414
0.18422083816070306
0.0
0.06748532741430383
0.3804858422916356
0.02884792944993295
0.0
0.0
0.0
0.0
0.0
0.42585145307275746
0.6219105229266063
0.22520617198460244
0.0
0.0
0.0
0.7822021175113152
0.0
0.0
0.36853359766078003
0.060480645057825556
0.0
0.10552044036551522
0.06422653235409295
0.0
0.8382539969319208
0.0
0.0
0.0
0.0
0.1405021861881731
0.6725095149545864
0.0
0.0
0.0
0.0
0.0
0.6513237578856294
0.0
0.0
0.0
0.24048153276347034
0.0
0.0
0.41241342012168486
0.812147835894531
0.18528679257565736
0.19197109867457385
0.0
0.1825763263989093
0.0
0.0
0.0
0.9988316442263134
0.4435313782314959
0.0
0.8130975144706877
0.797686648774375
0.0
0.0
0.6398152688252566
0.18225880225052338
0.0
0.0
0.8840972070865387
0.7222510209586912
0.4920856050927581
0.32526480471998476
0.0
0.0
0.22894993286583398
0.0
0.266138236346228
0.9800591053963259
0.0
0.983916702056713
0.0
0.0
0.1537059809713579
0.0
0.0
0.18510513822711416
0.8430727212273622
0.7536457382460492
0.0
0.0
0.49008427099382085
0.21131874430743117
0.2763268586419393
0.0
0.37056052881077034
0.0
0.0
0.3647706395057189
0.7534427398190036
0.0
0.8392726867905803
0.0
0.9755352741689114
0.0
0.8264117882767227
0.8539667208410372
0.6601594802316023
0.6174021323857105
0.46578252258857283
0.0
0.9620932846293442
0.0
0.0
0.0
0.5895926533832534
0.9524485499197676
0.2908799306626523
0.04040744990200373
0.0
0.7124795769631765
0.0
0.05957304470273147
0.24351818373793435
0.7271092680289808
0.0
0.6043813897573481
0.9257662910120031
0.9288836191241436
0.0
0.4055654756910118
0.0
0.0
0.02161230190608609
0.0
0.08316208992360277
0.4871204637943614
0.716833717758398
0.0
0.0
0.0
0.0
0.7558505421224959
0.0
0.0
0.0
0.7421041255855537
0.5828699896875664
0.06236347958602029
0.0
0.0
0.0
0.0
0.0
0.819027619609511
0.47568874881830253
0.0
0.0
0.22160047700968513
0.0
0.9909025693419855
0.7573272384367932
0.0
0.0
0.8696853367699272
0.381364590349107
0.9290937906765238
0.0
0.6168985506438227
0.2628801300543589
0.0
0.0
0.0
0.8052548418291319
0.0
0.0
0.0
0.0
0.3100550916827869
0.0
0.2290605778138701
0.1745912938149939
0.58857506006024
0.0
0.7897165606754579
0.0
0.5473965964661439
0.0
0.0
0.0
0.7625496578770051
0.0
0.0
0.500496438402404
0.0
0.29702425916759445
0.6141962693599582
0.9202201931342505
0.6643009479732438
0.4918604933588574
0.0
0.0
0.27887534633100797
0.40131357679562096
0.0
0.0
0.8490521111733763
0.2457985017731363
0.0
0.5606547290713131
0.0
0.0
0.3662518393178832
0.0
0.0
0.23295709665006573
0.9465669054416017
0.7405282715979496
0.7291220435791174
0.0
0.0
0.6973616319767898
0.600811831200326
0.9936605265624397
0.0
0.21897703866773588
0.40675244271572614
0.0
0.0
0.0
0.9741381905178172
0.19977121463015174
0.0
0.9610409166407745
0.3442509517638403
0.0
0.0
0.42328218504167214
0.05223847115710187
0.13211466394790095
0.0
0.0
0.5850788545074356
0.0
0.1476762365766651
0.0
0.5854916120922721
0.0
0.0
0.947331227510264
0.0
0.0
0.8821155074123113
0.0
0.0
0.727919652171461
0.0
0.7027943724229682
0.0
0.0
0.0
0.0
0.0
0.5399050252105728
0.5951371414435851
0.0
0.0
0.0
0.0
0.260957207289402
0.0
0.0
0.0
0.0
0.5945490172409743
0.0
0.20431713162319134
0.4936931581811226
0.6389286752702377
0.0
0.0
0.6961559764563351
0.5538825331911856
0.0
0.6309455107073596
0.8304634789420371
0.0
0.0
0.0
0.1971737789060497
0.2655206664870624
0.0
0.7288281859007001
0.0
0.0
0.0
0.9302732499396723
0.11405476079110234
0.0
0.603597578338423
0.0
0.37469866481769604
0.0
0.0
0.0
0.7969921722689517
0.0
0.2403977523875161
0.3831086186446151
0.35783454111220353
0.6351252023682898
0.0
0.0
0.07872004350801924
0.5550418693909398
0.0
0.0
0.0
0.4221243958132335
0.0
0.0
0.0
0.0
0.18605037054863485
0.14804630862389717
0.04078741017565228
0.040664690669977015
0.5982654103027109
0.918707345603515
0.28128568864314546
0.0
0.6937678332640089
0.0
0.0
0.4394565614973456
0.0
0.0
0.010629793927359183
0.0
0.5162336866963031
0.0
0.48340236413101867
0.0
0.0
0.0
0.4131537908767776
0.0
0.0
0.3383425410683053
0.557172814276436
0.0
0.5143204971660763
0.0
0.0
0.978213618874701
0.0
0.33379235470544355
0.0
0.6934664724036262
0.3753108888006161
0.8779978983969365
0.0
0.41541780694925945
0.0
0.0
0.0
0.0
0.0
0.0
0.0
0.7540972231458453
0.0
0.0
0.34480877114004016
0.0
0.0
0.0
0.8982334702812488
0.8785719029041907
0.0
0.18042098100281714
0.0
0.41853208239406975
0.0
0.0
0.0
0.0
0.0
0.0
0.5786882203773571
0.0
0.0
0.0
0.6056498505249177
0.38378565092259087
0.4250716024743859
0.0
0.0
0.0
0.0
0.0
0.9166238190104271
0.0
0.0
0.5722225904512871
0.0
0.5986154713746787
0.0
0.0
0.0
0.0
0.0
0.9660817581353243
0.0
0.08191490639386607
0.0
0.7118612984342253
0.8314423941271187
0.8199834832229205
0.0
0.7548100583299324
0.5202098911563722
0.0
0.0
0.0
0.0
0.04338992327166021
0.0
0.0
0.0
0.0
0.0
0.0
0.5308888866344854
0.0
0.0
0.06054353570302168
0.6056368717138536
0.0
0.0
0.2983508953901128
0.0
0.15653473414883898
0.5528218299268177
0.4535223078283687
0.4729921937499264
0.4955604682973443
0.0
0.002205237648342104
0.08314090318869033
0.0
0.0
0.45243118902158236
0.5335746774170419
0.0
0.0
0.03246911712744781
0.9472679347987629
0.1955935695076921
0.0
0.0
0.0
0.0
0.0
0.0
0.3663017814199638
0.0
0.16107408470250054
0.0
0.4123287930336229
0.0
0.2397511365106187
0.6234823175046944
0.0
0.0
0.16036838987889526
0.40691662718427146
0.0
0.0
0.887451249636996
0.0
0.31107515115842593
0.7119017129742807
0.0
0.018860366915506344
0.0
0.020731115022680224
0.14060659106511988
0.0
0.0
0.0
0.11651696404859646
0.5062650983336372
0.0
0.0
0.4774134164183892
0.0
0.9656990522135757
0.0
0.0
0.0
0.0
0.3692999852827417
0.0
0.0
0.0
0.0
0.0
0.10543321924323987
0.0
0.0
0.1759521884622671
0.0
0.3099675250340838
0.20459321223791657
0.0
0.0
0.03294242547268947
0.0
0.0
0.8922514710699773
0.0
0.0
0.0
0.01255326937436665
0.4742514530299217
0.0
0.14655962182214316
0.0
0.0
0.0
0.0
0.5687097442528889
0.6617629846795658
0.0
0.44013058091300084
0.0
0.0
0.0
0.0
0.9133160111010484
0.4177140271078476
0.0
0.7181639399211017
0.7476061932886167
0.3386789036112924
0.5909022725508492
0.0
0.1828149336416464
0.5112417448416802
0.6556669897768314
0.0
0.7721043327349346
0.0
0.0
0.0
0.9278458017455327
0.7363981871390409
0.0
0.0
0.0
0.2713270752710475
0.0
0.3101088699029457
0.0
0.0
0.0
0.0
0.0
0.0
0.28236525022627385
0.0
0.0
0.0
0.60027065019076
0.0
0.0
0.0
0.9439090233470653
0.0
0.0
0.5791201794302182
0.04000945507621711
0.0
0.03750041072579865
0.0
0.0
0.28907748095220365
0.8787806562472084
0.8475216972628968
0.22491922989056665
0.3431503578352674
0.6528326657767556
0.0
0.0
0.0
0.8103658593559487
0.0
0.0
0.005718665430236452
0.5139860255613068
0.07410093568426049
0.6365144814807185
0.0
0.40366271625724504
0.0
0.0
0.4436052691455531
0.0
0.0
0.6670007376169679
0.689194892993387
0.04244997587389417
0.34222118444158467
0.0
0.0
0.0
0.88464927467483
0.3001715652833654
0.4977920199412418
0.0
0.17454104833694292
0.0
0.0
0.0
0.9850204282333275
0.953404440200768
0.0
0.0
0.0
0.4652937728355126
0.0
0.0
0.0
0.0
0.9202234419226221
0.0
0.2176049635600595
0.0
0.7072224258300062
0.0
0.0
0.0
0.8525459905676384
0.39460526476563007
0.0
0.0
0.451452594029815
0.0
0.5071883370336753
0.0
0.9348363377518717
0.0
0.34402338075982386
0.0
0.0
0.0
0.0
0.0
0.0
0.0
0.7967330600621639
0.3314788074582203
0.26866595102682994
0.0
0.0
0.0
0.6326505228301535
0.0
0.0
0.0
0.17816662839415845
0.005612078797678342
0.9568796190922794
0.0
0.4091048847676231
0.0
0.0
0.6188118785016072
0.0
0.0
0.0
0.9366408169447634
0.0
0.8810187284899118
0.0
0.44838822586340793
0.0
0.0
0.0
0.0
0.8202258412377593
0.9648042799770989
0.0
0.8196590457550581
0.0
0.0
0.6035840664938529
0.0
0.0
0.0
0.0
0.0
0.0
0.20284262697226108
0.004379560890859956
0.17200377348034404
0.0
0.0
0.0
0.0
0.0
0.9361043100247434
0.08405216183607735
0.23771012279149398
0.0
0.48923434567273677
0.0
0.0
0.0
0.5104431671161559
0.678218533338296
0.31764808579096465
0.0
0.7618967621759173
0.0
0.0
0.4926572834572606
0.0
0.0
0.183388345107136
0.0
0.0
0.04732823105933616
0.8913666039747302
0.0
0.0
0.4713960180137844
0.0
0.0
0.8800621008481128
0.0
0.42965209082553074
0.45704935347929593
0.4328903766442408
0.0
0.490632461823245
0.0
0.21016698201579265
0.0
0.9936661523480678
0.0
0.0
0.9683896356039436
0.0
0.0
0.31305878386775415
0.9198146040975462
0.256415773282358
0.31925268625008585
0.9679650573846759
0.0
0.5110587234663095
0.30282638973126486
0.0
0.11073511520712652
0.8680620759445176
0.5385486261443028
0.0
0.0
0.0
0.0
0.3384733388169644
0.8243640803027752
0.4693362711910779
0.0
0.0
0.862428722094246
0.9231218753213892
0.49559759581995905
0.0
0.8720711887669539
0.4049654269617763
0.868540997753111
0.0
0.0
0.0
0.8487575204533565
0.1406776571521904
0.07628433669002732
0.0
0.0
0.0
0.0
0.45521797921249096
0.0
0.07001603058484994
0.5449958777607911
0.7408967374672776
0.48010064159076327
0.0
0.0
0.8501300693435612
0.0
0.9517525327945847
0.4882226620650764
0.0
0.9452572123592822
0.0
0.039455637178263385
0.15377286275221108
0.0
0.0
0.836044123723994
0.0
0.0
0.9751276350844847
0.0
0.0
0.0
0.5140080154074282
0.8410751257209683
0.7239040271380749
0.0
0.0
0.0
0.47516100151728075
0.0
0.053332424389701386
0.0
0.0
0.2488043921660501
0.4733639669832928
0.3729621221062922
0.0
0.05473406032291237
0.34877562370224185
0.0
0.3379826707177238
0.014599591820626269
0.0
0.4481780661135093
0.21046136809351007
0.2867535379599984
0.35460872269487853
0.0
0.824676394064164
0.0
0.832790114356892
0.0
0.0
0.18167552810240534
0.0
0.0
0.0
0.0
0.0
0.37120466281492703
0.0
0.0
0.0
0.841909853274507
0.20138256591111278
0.0
0.6066120841268705
0.0
0.0
0.858685716403484
0.0
0.0
0.0
0.0
0.0
0.0
0.8890347923625963
0.5704042400934694
0.18752811726278945
0.0
0.0
0.0
0.39568694928357734
0.7528709134851611
0.0
0.0
0.0
0.0
0.0
0.0
0.0
0.0
0.0
0.0
0.44101681335324766
0.0
0.0
0.2650201235207202
0.0
0.0
0.0
0.0
0.0
0.0
0.3592490934724688
0.8715763406015071
0.45559991741620226
0.0
0.0
0.4701037129996832
0.0
0.0
0.0
0.6806589913722643
0.0
0.4417631496363231
0.34508380258327453
0.1079472493358793
0.3905172273501391
0.0
0.4555191498847352
0.0
0.9018991806499114
0.5501438327381084
0.0
0.09564550386087792
0.0
0.0
0.0
0.2678995933320724
0.9865425288981031
0.0
0.3140485934036954
0.7592998811129872
0.0
0.8037095384924284
0.0
0.0
0.0
0.0
0.9579768841973482
0.0
0.5456662541036784
0.0
0.43755422252885284
0.0
0.1887264471394554
0.829203310462042
0.0
0.5645494281395197
0.0
0.6177611198804527
0.0
0.36048235977219467
0.45861207521092556
0.0
0.4321341107112671
0.4959410601690149
0.0
0.40799592821698993
0.5422945147952517
0.0
0.37244108716027513
0.7221522421637154
0.0
0.0
0.0
0.8589935487256113
0.2184978735651902
0.469673858823345
0.0
0.0
0.0
0.500426053625486
0.0
0.0
0.9785985511723373
0.0
0.9749108089066181
0.0
0.0
0.0
0.4258099160188271
0.0
0.8784296891463104
0.0
0.0
0.6239234764544709
0.20029407976269517
0.47015222529119083
0.0
0.3893009565922087
0.1026805870455418
0.0
0.0
0.0
0.8700580369429831
0.0
0.7571811401292257
0.0
0.7846104903978675
0.0
0.0
0.0
0.40875266240466507
0.8253390885300743
0.8109083992550868
0.0
0.016085104170166193
0.0
0.386474009397517
0.10252049873997167
0.0
0.758024579403386
0.0
0.8342281487851853
0.0
0.6030767364897246
0.16269467796734904
0.026445771819317537
0.047721465100209276
0.9903410824193146
0.7963050255713209
0.0
0.0
0.003043552041339504
0.5614013684287876
0.0
0.0
0.9800912141020099
0.9847645775543651
0.28819009255997957
0.7125198708213735
0.0
0.7615713167740148
0.0
0.0
0.0
0.6098747110052937
0.0
0.0
0.0
0.2782877907023612
0.22059409579623554
0.0
0.1746134413253314
0.9616594188557732
0.0
0.6560764040169798
0.8455569492702104
0.33703873195573264
0.9120470393549147
0.16609840226694517
0.0
0.5380520139553905
0.7927836808239093
0.0
0.0
0.0
0.1225867360501788
0.0
0.25569822319654867
0.0
0.0
0.01950532336603225
0.48674316751973695
0.0
0.0
0.6643956166492252
0.0
0.0
0.0
0.0
0.0
0.0
0.6692568089939978
0.8660530368587307
0.0
0.0
0.0
0.0
0.8917665850779658
0.5121507414201886
0.0
0.0
0.0
0.0997915571526209
0.0
0.36417678441379675
0.9189589691909759
0.0
0.33727785175386776
0.5046654543118946
0.9357981381961695
0.0
0.0
0.0
0.0
0.5509388786587849
0.7201325121915407
0.8223682821726083
0.0
0.0
0.0
0.9528637029982685
0.0
0.9514216878822008
0.0
0.0
0.0061436625452731585
0.3672198071980473
0.0
0.0
0.3508049378064022
0.0
0.7109721512759211
0.0
0.7136937153299827
0.4840451404565003
0.0
0.6614492803537079
0.5813754407982668
0.0
0.0
0.0
0.8308905657989377
0.0
0.0
0.0
0.0
0.0
0.2337878793131287
0.0
0.0
0.33973553456073385
0.0
0.0
0.003464468680763602
0.6095704503196954
0.0
0.30000599635585967
0.0
0.0
0.7192469096357318
0.0
0.37943806275494224
0.6689690175564907
0.6682847843218809
0.5733218180240098
0.3632792660910095
0.0
0.009270948650808975
0.0
0.0
0.0
0.1730861917567124
0.266298148219317
0.39243565757168475
0.0
0.09554015196157062
0.0
0.38341690872104095
0.36486635094091396
0.0
0.7072898570676198
0.9540659388484928
0.0
0.0
0.0
0.0
0.7268407241325233
0.31288169114393155
0.8543190479290524
0.0
0.0
0.0
0.0
0.8466568662053184
0.0
0.9558444824976498
0.616320003884198
0.0
0.0
0.6557476937043004
0.1973168957161016
0.4261961665015865
0.7081206128530789
0.0
0.989697173785959
0.0037156711522450024
0.0
0.0
0.6135425233032288
0.0
0.743796951925194
0.0
0.2049668851045891
0.7186868685094809
0.0
0.0
0.7643964711180193
0.7299390308372696
0.0
0.0
0.0
0.07525928833490067
0.0
0.0
0.0
0.0
0.0378575177668496
0.754487360751089
0.0
0.0
0.1870677373500472
0.26774881251643007
0.0
0.6032839215033554
0.8166564728226933
0.5946072815826483
0.21919710940615572
0.3990405173303264
0.0
0.0
0.0
0.0
0.8360982857118029
0.0
0.5775597186176384
0.4687097493461944
0.4244160474643248
0.0
0.45595041791372426
0.12592382088761417
0.215301493933322
0.0
0.0
0.0
0.4848312252088239
0.08719549529152182
0.823747513437362
0.0
0.0
0.0
0.7363231301877674
0.3363950892037219
0.6876493225273821
0.0
0.0
0.22218221826732987
0.0
0.34336053371387454
0.0
0.8537434299383885
0.0
0.14774655082537677
0.2595261233277524
0.0
0.0
0.0
0.09899452320974024
0.534350988697555
0.9084246246009536
0.0
0.0
0.13883497494937996
0.7409393206374554
0.8159504976702199
0.0
0.12693893408677437
0.0
0.5009383170232338
0.4423498409653858
0.6358092719669968
0.0
0.3078115215432656
0.47406430112447023
0.3927260176182277
0.0
0.6205187649483093
0.39260142819891647
0.0
0.0
0.0
0.0
0.8834025055191094
0.4209079474611225
0.4006591991286382
0.6349931858901584
0.0
0.0
0.0
0.5459048011761839
0.0
0.9778354711257387
0.0
0.05301985621758776
0.38480680822019386
0.9520720982244782
0.6844664382585124
0.0
0.5336201675988987
0.99092651664675
0.0
0.5857448138412205
0.6299311503733962
0.0
0.6419902652271071
0.24579555669284883
0.0
0.0
0.2766925985192758
0.4012911984970977
0.4714341683114753
0.11405610503127116
0.0
0.0
0.0
0.0
0.19197300861800443
0.0
0.0
0.8167520812344804
0.5307496975265183
0.0
0.0
0.3314038545207024
0.0
0.0
0.9771554866107899
0.0
0.0
0.7756380817842048
0.0
0.0
0.0
0.6143903843670436
0.8512757713958975
0.8683021163318275
0.0
0.7771814576650884
0.0
0.762581991546638
0.9425590359490537
0.7376223540732808
0.7022205216284678
0.0
0.019842423882540195
0.0
0.0
0.0
0.03555636659881231
0.9496513987822676
0.0
0.5197958799970446
0.0
0.8051112927612314
0.0
0.027648276483384172
0.0
0.0
0.062013588210512505
0.0
0.5060525644870107
0.0
0.0
0.7513119524237569
0.0
0.43024616863633647
0.0
0.6592992146033512
0.5048244576157301
0.0
0.0
0.0
0.0
0.0
0.31836562106532984
0.0
0.0
0.0
