0.7230130547628235
0.0
0.9640432515302515
0.0
0.0
0.0
0.0
0.0
0.0
0.2013395344269217
0.0
0.07169511231121581
0.0
0.0
0.44330424800150253
0.0
0.0
0.0
0.2107138657135026
0.0
0.8683955975745029
0.7553434132444081
0.6373558788668033
0.0
0.27141030682522854
0.21801956793302407
0.0
0.8747313172271104
0.0
0.5417775057123763
0.0
0.0
0.0
0.8417520986664009
0.0
0.6819367592653999
0.0
0.0
0.0
0.316881814654433
0.8788068343448089
0.0
0.0
0.0
0.0
0.7443516379251038
0.1324868099764207
0.012278207081887227
0.248394767126758
0.7817847516035501
0.0
0.0
0.0
0.3759431918863561
0.6052469542075194
0.0
0.7659390681014046
0.1705253229196656
0.0
0.7466846236964536
0.00852877321017694
0.0
0.32829739243177825
0.08666768259171974
0.0
0.0
0.0
0.0
0.0
0.0
0.0
0.0
0.0
0.0
0.7695984631733487
0.0
0.0
0.0
0.0
0.0
0.27891862924276084
0.4961625367357851
0.398832664334571
0.2747132869110035
0.2534411819500106
0.0
0.0
0.8211265866796134
0.0
0.0
0.0
0.0316984358677541
0.140671372224259
0.6223047046172541
0.5475499053842054
0.0
0.0
0.0
0.0
0.0
0.5342789504289526
0.5786330463377187
0.953541444344445
0.09271674784228909
0.0
0.0
0.0
0.21606365691637666
0.0
0.4851449834099552
0.0
0.24117489288462854
0.0
0.46956726898927076
0.0
0.0
0.0
0.41690408338701107
0.0
0.0
0.0
0.0
0.703796950932258
0.5866839902245485
0.7851508137254711
0.22667216699722073
0.0
0.7027943724229649
0.0
0.0
0.0
0.0
0.0
0.0
0.40476855413958135
0.0
0.0
0.21238905030134747
0.1859928525615691
0.0
0.46485205801829843
0.0
0.0
0.34253061104516463
0.0
0.16906317771245302
0.0
0.0
0.8437545137392647
0.0
0.0
0.26606878430242054
0.9391162758693675
0.7798375769272404
0.0
0.6046530260482915
0.773569361172209
0.5415250785708294
0.0
0.0
0.0
0.0
0.0
0.0
0.036725062139036695
0.0
0.7754087720688484
0.9164755645797128
0.0
0.13187207087665428
0.0
0.3888630380626542
0.07138909161719997
0.0
0.0
0.40299905430309685
0.0
0.0
0.0
0.0
0.4709665189950529
0.0
0.6671890894245958
0.0
0.0
0.0
0.0
0.5528038458254553
0.0
0.13108940249405535
0.8280018526178787
0.0
0.4842398935127247
0.0
0.22981181758014665
0.084898274679684
0.16163904798551817
0.11958572241907488
0.46498441593957873
0.0
0.21835096458680134
0.184852644251931
0.0
0.0
0.0
0.0
0.8131668093261698
0.6027550790227778
0.0
0.0
0.43353376963821916
0.0
0.13813461183376188
0.0
0.0
0.0
0.47519865073684414
0.4227041662909081
0.0
0.056700096751554775
0.0
0.0762088594742003
0.0
0.0
0.16371122687668763
0.04266158500635904
0.0
0.050397865712386886
0.0
0.0
0.0
0.0
0.26615197766060245
0.9058726716507546
0.0
0.2563798479303618
0.0
0.11762110877705216
0.6879159994324594
0.0
0.0
0.21913496975750424
0.0
0.0
0.0
0.20317455808268653
0.28055325459362146
0.0
0.3926451609598651
0.0
0.3645644154701219
0.6351035346949694
0.0
0.47856634850190155
0.8502135675188207
0.0
0.04566120890726444
0.28191425551040034
0.0
0.7773390305135646
0.7150616770946093
0.0
0.4187223002265315
0.0
0.43233866557234235
0.0
0.0
0.0
0.2765425945070971
0.0
0.0
0.0
0.6100770609132888
0.0
0.0
0.5863484188086848
0.0
0.9370957341129589
0.13814878795014746
0.8708956972435874
0.0
0.04785139422807548
0.2173327279573796
0.0
0.8163856229981111
0.0
0.48208173951930433
0.0
0.0
0.12696558355550228
0.07285303819758197
0.0
0.0
0.0
0.0
0.0
0.0
0.0
0.0
0.6762991943181588
0.24787461935911567
0.2672400618733784
0.13739413682152019
0.0
0.8654159070930396
0.0
0.0
0.3545925406401653
0.0
0.27321617942797083
0.0
0.0
0.0
0.0
0.0
0.0
0.0
0.0
0.6204864514080917
0.0
0.026685141808243513
0.3054551401987656
0.4184345351346163
0.8541699409963371
0.21946990170926958
0.8336124763226119
0.0
0.0
0.3497223253518403
0.12684832574335383
0.0
0.42618356856161227
0.22713307490278678
0.6240754936157781
0.0
0.4141370478360522
0.04388609689450583
0.9540659388484923
0.0
0.0
0.4898635162220648
0.7674048089271684
0.6407541551142271
0.40246651108449033
0.7861090137456332
0.5305068505252647
0.984764577554365
0.6861313907195054
0.0
0.7459728211401103
0.0
0.0
0.7576180847445955
0.46176582957576345
0.21833074799176902
0.0
0.0
0.8339422619670289
0.3246532133755657
0.0
0.0
0.0
0.0
0.0
0.0
0.0
0.9639655152164435
0.0
0.5907333286583797
0.3553527022320323
0.0
0.0
0.0
0.0
0.0
0.3754483058228523
0.9579768841973477
0.0
0.27054642528596706
0.0
0.34952888133905935
0.0
0.0
0.0
0.0
0.9025996586033898
0.0
0.25217802554309054
0.24157834200867656
0.0
0.9514216878822003
0.0
0.0
0.0
0.0
0.9683896356039433
0.44926650630448506
0.0
0.3519042273720029
0.6033259047047206
0.0
0.0
0.34942284180123023
0.26226813947253574
0.0
0.0
0.5374525474264829
0.0
0.042111853930727194
0.0938381960991751
0.9741381905178169
0.32476357410566864
0.49044817939696306
0.0
0.1748839272659625
0.0
0.18261080024226933
0.8018246714790193
0.0
0.21764865401731612
0.09069327685252228
0.0
0.0717242211743361
0.9084683633567959
0.0
0.40660127339893576
0.5388165257695839
0.0
0.0
0.0
0.0
0.0
0.31480811742403136
0.9755352741689112
0.7297970561283511
0.9520654494917401
0.0
0.0
0.9116076178554371
0.21565687153964025
0.0
0.0
0.13577271328245274
0.0
0.0
0.0
0.20336339385600155
0.501692473688197
0.0
0.0
0.0
0.0
0.48600851820324903
0.9733005884141374
0.1663735688917463
0.520723030263549
0.7704850970559999
0.6523925988349659
0.0
0.9749829222832125
0.0
0.6397819536629371
0.0
0.13982697278605924
0.2532561940914164
0.42454121411746376
0.08603691027971092
0.0
0.0
0.0
0.0
0.18967600199328294
0.3951620463411008
0.32257730682601565
0.08353765027536271
0.0
0.4844381219470315
0.0
0.0
0.0
0.42913486187135585
0.0
0.0
0.0
0.8316062946297363
0.1320735236102703
0.27077703634371364
0.7270538126397678
0.1777119818097404
0.0
0.0
0.19210782691769843
0.9889504626934257
0.0895081157259958
0.5696883226259846
0.0
0.18645773140989924
0.32678388951445136
0.0
0.6393689159816149
0.0
0.35918044295465895
0.0
0.0
0.0
0.0
0.7259300676101548
0.0
0.1662022994561807
0.3523115542044772
0.0
0.0
0.0
0.0
0.0
0.9025978204593321
0.5714863018586185
0.8485386184324114
0.0
0.21195336467556183
0.0
0.5680322722278228
0.7381321116281051
0.19234735366793976
0.13248382968023217
0.1842208381606944
0.0
0.06748532741429392
0.3804858422916291
0.02884792944992264
0.0
0.0
0.0
0.0
0.0
0.42585145307275135
0.6219105229266023
0.22520617198459422
0.0
0.0
0.0
0.7822021175113129
0.0
0.0
0.3685335976607733
0.060480645057815585
0.0
0.10552044036550573
0.06422653235408303
0.0
0.8382539969319192
0.9620932846293437
0.0
0.0
0.0
0.14050218618816396
0.672509514954583
0.0
0.0
0.0
0.0
0.0
0.6513237578856256
0.0
0.0
0.0
0.2404815327634623
0.0
0.9534044402007674
0.41241342012167864
0.812147835894529
0.1852867925756487
0.19197109867456527
0.0
0.18257632639890065
0.0
0.0
0.0
0.9988316442263134
0.44353137823148997
0.0
0.8130975144706857
0.7976866487743729
0.0
0.0
0.6398152688252527
0.18225880225051472
0.0
0.0
0.8840972070865375
0.7222510209586882
0.49208560509275273
0.32526480471997754
0.0
0.0
0.2289499328658258
0.0
0.26613823634622025
0.9800591053963257
0.0
0.44360526914554715
0.0
0.0
0.1537059809713489
0.0
0.0
0.1851051382271055
0.8430727212273605
0.7536457382460465
0.0
0.0
0.49008427099381546
0.21131874430742278
0.2763268586419316
0.0
0.3705605288107637
0.0
0.0
0.3647706395057122
0.7534427398190009
0.0
0.8392726867905785
0.0
0.0
0.0
0.8264117882767209
0.8539667208410356
0.6601594802315986
0.6174021323857065
0.46578252258856717
0.0
0.0
0.0
0.0
0.0
0.5895926533832491
0.0
0.2908799306626448
0.04040744990199354
0.0
0.7124795769631735
0.0
0.059573044702721484
0.2435181837379263
0.7271092680289779
0.0
0.6043813897573439
0.9257662910120024
0.928883619124143
0.0
0.4055654756910055
0.0
0.0
0.0216123019060757
0.0
0.08316208992359304
0.487120463794356
0.716833717758395
0.0
0.0
0.0
0.0
0.7558505421224934
0.0
0.0
0.0
0.7421041255855509
0.582869989687562
0.06236347958601033
0.0
0.0
0.0
0.0
0.0
0.819027619609509
0.475688748818297
0.0
0.0
0.2216004770096769
0.0
0.9909025693419854
0.7573272384367906
0.0
0.0
0.8696853367699259
0.3813645903491004
0.929093790676523
0.0
0.6168985506438186
0.26288013005435107
0.0
0.0
0.0
0.8052548418291298
0.0
0.0
0.0
0.0
0.31005509168277956
0.0
0.22906057781386194
0.17459129381498514
0.5885750600602356
0.0
0.7897165606754557
0.0
0.547396596466139
0.0
0.0
0.0
0.7625496578770027
0.0
0.0
0.5004964384023988
0.0
0.297024259167587
0.6141962693599541
0.9202201931342497
0.6643009479732402
0.491860493358852
0.0
0.0
0.2788753463310003
0.40131357679561463
0.0
0.0
0.8490521111733746
0.24579850177312831
0.0
0.5606547290713084
0.0
0.9660817581353238
0.36625183931787647
0.0
0.0
0.23295709665005757
0.0
0.7405282715979469
0.7291220435791145
0.0
0.0
0.6973616319767866
0.6008118312003218
0.9936605265624396
0.0
0.21897703866772758
0.40675244271571986
0.0
0.0
0.0
0.004584065810101345
0.19977121463014325
0.0
0.0
0.3442509517638333
0.0
0.0
0.42328218504166604
0.052238471157091806
0.13211466394789173
0.0
0.0
0.5850788545074312
0.0
0.14767623657665604
0.0
0.5854916120922676
0.9799462070058477
0.0
0.878780656247207
0.0
0.0
0.88211550741231
0.0
0.0
0.7279196521714582
0.0
0.9929409637488963
0.0
0.0
0.0
0.0
0.0
0.5399050252105679
0.5951371414435808
0.0
0.0
0.0
0.0
0.26095720728939414
0.0
0.0
0.0
0.0
0.59454901724097
0.0
0.2043171316231829
0.4936931581811172
0.6389286752702339
0.0
0.0
0.6961559764563319
0.553882533191181
0.0
0.6309455107073556
0.8304634789420353
0.0
0.0
0.0
0.19717377890604118
0.26552066648705464
0.0
0.7288281859006972
0.0
0.0
0.0
0.9302732499396715
0.11405476079109295
0.0
0.6035975783384188
0.0
0.37469866481768943
0.0
0.0
0.0
0.7969921722689495
0.0
0.24039775238750805
0.38310861864460855
0.35783454111219676
0.635125202368286
0.0
0.0
0.07872004350800947
0.5550418693909351
0.0
0.0
0.0
0.42212439581322736
0.0
0.0
0.0
0.0
0.18605037054862622
0.14804630862388815
0.0407874101756421
0.04066469066996683
0.5982654103027066
0.9187073456035141
0.28128568864313785
0.0
0.6937678332640057
0.0
0.0
0.43945656149733964
0.0
0.0
0.010629793927348679
0.0
0.516233686696298
0.0
0.4834023641310132
0.0
0.0
0.0
0.4131537908767714
0.0
0.0
0.3383425410682983
0.5571728142764312
0.0
0.5143204971660712
0.0
0.0
0.9782136188747008
0.0
0.3337923547054365
0.0
0.693466472403623
0.3753108888006095
0.8779978983969352
0.0
0.41541780694925323
0.0
0.0
0.0
0.0
0.0
0.0
0.0
0.7540972231458427
0.0
0.0
0.3448087711400332
0.0
0.0
0.0
0.8982334702812477
0.8785719029041895
0.0
0.18042098100280846
0.0
0.4185320823940636
0.0
0.0
0.0
0.0
0.0
0.0
0.5786882203773527
0.0
0.0
0.0
0.6056498505249135
0.3837856509225843
0.4250716024743798
0.0
0.0
0.0
0.0
0.0
0.9166238190104262
0.0
0.0
0.5722225904512825
0.0
0.5986154713746744
0.0
0.9465669054416012
0.0
0.0
0.0
0.0
0.0
0.08191490639385632
0.0
0.7118612984342222
0.831442394127117
0.8199834832229186
0.9610409166407741
0.7548100583299299
0.5202098911563671
0.0
0.0
0.0
0.0
0.04338992327165006
0.0
0.0
0.0
0.0
0.0
0.0
0.5308888866344804
0.0
0.0
0.06054353570301171
0.6056368717138495
0.0
0.0
0.29835089539010534
0.0
0.15653473414883
0.552821829926813
0.4535223078283629
0.4729921937499208
0.49556046829733896
0.0
0.0022052376483315114
0.08314090318868059
0.0
0.0
0.45243118902157653
0.533574677417037
0.9936661523480678
0.0
0.03246911712743754
0.0
0.19559356950768356
0.0
0.0
0.0
0.0
0.0
0.0
0.366301781419957
0.0
0.16107408470249165
0.0
0.4123287930336167
0.0
0.2397511365106106
0.6234823175046904
0.0
0.0
0.16036838987888635
0.4069166271842652
0.0
0.0
0.8874512496369947
0.0
0.3110751511584186
0.9648042799770986
0.0
0.01886036691549593
0.0
0.020731115022669826
0.14060659106511078
0.0
0.0
0.0
0.11651696404858708
0.5062650983336319
0.0
0.0
0.47741341641838364
0.0
0.8922514710699762
0.0
0.0
0.0
0.0
0.369299985282735
0.0
0.0
0.0
0.0
0.0
0.10543321924323037
0.0
0.0
0.17595218846225835
0.0
0.3099675250340765
0.20459321223790813
0.0
0.0
0.0329424254726792
0.0
0.0
0.9656990522135752
0.0
0.0
0.0
0.012553269374356166
0.47425145302991617
0.0
0.1465596218221341
0.0
0.0
0.0
0.0
0.5687097442528843
0.6617629846795623
0.0
0.4401305809129949
0.0
0.0
0.0
0.0
0.9133160111010475
0.4177140271078414
0.0
0.7181639399210987
0.747606193288614
0.3386789036112854
0.5909022725508448
0.0
0.1828149336416377
0.511241744841675
0.6556669897768277
0.0
0.7721043327349323
0.0
0.0
0.0
0.9278458017455319
0.7363981871390382
0.0
0.0
0.0
0.2713270752710398
0.0
0.31010886990293846
0.0
0.0
0.0
0.0
0.0
0.0
0.28236525022626624
0.0
0.0
0.0
0.6002706501907558
0.0
0.9679650573846755
0.0
0.9439090233470647
0.9472679347987624
0.0
0.5791201794302137
0.040009455076206915
0.0
0.037500410725788434
0.0
0.0
0.2890774809521961
0.9473312275102634
0.8475216972628952
0.22491922989055843
0.34315035783526043
0.6528326657767519
0.0
0.0
0.0
0.8103658593559466
0.0
0.0
0.005718665430225896
0.5139860255613016
0.07410093568425065
0.6365144814807147
0.0
0.4036627162572387
0.0
0.0
0.9839167020567129
0.0
0.0
0.6670007376169643
0.6891948929933837
0.04244997587388401
0.3422211844415777
0.0
0.0
0.0
0.8846492746748288
0.300171565283358
0.49779201994123645
0.0
0.17454104833693415
0.0
0.0
0.0
0.0
0.0
0.0
0.0
0.0
0.4652937728355069
0.0
0.0
0.0
0.0
0.9202234419226212
0.0
0.2176049635600512
0.0
0.707222425830003
0.0
0.0
0.0
0.8525459905676368
0.39460526476562363
0.0
0.0
0.4514525940298092
0.0
0.5071883370336701
0.9850204282333274
0.934836337751871
0.0
0.3440233807598169
0.0
0.0
0.0
0.0
0.0
0.0
0.0
0.7967330600621618
0.33147880745821323
0.26866595102682217
0.0
0.0
0.0
0.6326505228301496
0.0
0.0
0.0
0.986542528898103
0.0056120787976677855
0.0
0.0
0.4091048847676168
0.0
0.0
0.6188118785016032
0.0
0.0
0.0
0.9366408169447628
0.0
0.8810187284899106
0.0
0.4483882258634021
0.0
0.0
0.0
0.0
0.8202258412377574
0.7119017129742776
0.0
0.8196590457550562
0.0
0.0
0.6035840664938487
0.0
0.0
0.0
0.0
0.0
0.0
0.2028426269722526
0.004379560890849387
0.17200377348033527
0.0
0.0
0.0
0.0
0.0
0.9361043100247427
0.08405216183606762
0.23771012279148587
0.0
0.48923434567273133
0.0
0.9568796190922789
0.0
0.5104431671161507
0.6782185333382925
0.31764808579095744
0.0
0.7618967621759147
0.0
0.0
0.49265728345725524
0.0
0.0
0.18338834510712732
0.0
0.0
0.04732823105932604
0.8913666039747291
0.0
0.0
0.4713960180137788
0.0
0.0
0.8800621008481115
0.0
0.4296520908255247
0.45704935347929015
0.4328903766442348
0.9524485499197671
0.49063246182323955
0.0
0.21016698201578424
0.0
0.0
0.0
0.0
0.1473985635836638
0.0
0.0
0.3130587838677469
0.9198146040975453
0.2564157732823501
0.31925268625007863
0.0
0.0
0.5110587234663044
0.3028263897312575
0.0
0.11073511520711708
0.8680620759445161
0.5385486261442979
0.0
0.0
0.0
0.0
0.3384733388169574
0.8243640803027733
0.46933627119107224
0.0
0.0
0.8624287220942446
0.9231218753213885
0.4955975958199537
0.0
0.8720711887669526
0.40496542696176996
0.8685409977531096
0.0
0.0
0.0
0.8487575204533548
0.14067765715218128
0.07628433669001752
0.0
0.0
0.0
0.0
0.4552179792124852
0.0
0.07001603058484007
0.5449958777607863
0.7408967374672748
0.4801006415907577
0.0
0.0
0.8501300693435596
0.0
0.9517525327945842
0.488222662065071
0.0
0.9452572123592816
0.0
0.039455637178253185
0.1537728627522021
0.0
0.0
0.8360441237239923
0.0
0.0
0.9751276350844845
0.0
0.0
0.0
0.514008015407423
0.8410751257209667
0.723904027138072
0.0
0.0
0.0
0.4751610015172752
0.0
0.05333242438969134
0.0
0.0
0.24880439216604214
0.4733639669832872
0.37296212210628554
0.0
0.05473406032290234
0.3487756237022349
0.0
0.33798267071771676
0.014599591820615808
0.0
0.4481780661135034
0.2104613680935017
0.2867535379599908
0.35460872269487165
0.0
0.8246763940641622
0.0
0.8327901143568902
0.0
0.0
0.18167552810239665
0.0
0.0
0.0
0.0
0.0
0.37120466281492037
0.0
0.0
0.0
0.8419098532745053
0.20138256591110432
0.0
0.6066120841268664
0.0
0.0
0.8586857164034825
0.0
0.0
0.0
0.0
0.0
0.0
0.8890347923625952
0.5704042400934648
0.18752811726278082
0.0
0.0
0.0
0.39568694928357095
0.7528709134851584
0.0
0.0
0.0
0.0
0.0
0.0
0.0
0.0
0.0
0.0
0.4410168133532417
0.0
0.0
0.26502012352071236
0.0
0.0
0.0
0.0
0.0
0.0
0.35924909347246203
0.8715763406015058
0.4555999174161965
0.0
0.0
0.47010371299967757
0.0
0.0
0.0
0.6806589913722608
0.0
0.44176314963631724
0.3450838025832676
0.10794724933586983
0.39051722735013267
0.0
0.4555191498847294
0.0
0.9018991806499104
0.5501438327381036
0.0
0.09564550386086831
0.0
0.0
0.0
0.26789959333206464
0.17816662839414973
0.0
0.3140485934036881
0.7592998811129846
0.0
0.8037095384924264
0.0
0.0
0.0
0.0
0.0
0.0
0.5456662541036735
0.0
0.43755422252884685
0.0
0.1887264471394468
0.8292033104620401
0.0
0.564549428139515
0.0
0.6177611198804486
0.0
0.3604823597721879
0.4586120752109198
0.0
0.4321341107112611
0.4959410601690096
0.0
0.40799592821698366
0.5422945147952468
0.0
0.37244108716026847
0.7221522421637124
0.0
0.0
0.0
0.8589935487256097
0.21849787356518194
0.4696738588233394
0.0
0.0
0.0
0.5004260536254806
0.0
0.0
0.9785985511723371
0.0
0.9749108089066179
0.0
0.0
0.0
0.425809916018821
0.0
0.878429689146309
0.0
0.0
0.6239234764544669
0.20029407976268668
0.4701522252911852
0.0
0.38930095659220226
0.10268058704553228
0.0
0.0
0.0
0.8700580369429818
0.0
0.7571811401292231
0.0
0.7846104903978651
0.0
0.0
0.0
0.40875266240465874
0.8253390885300724
0.8109083992550848
0.0
0.01608510417015575
0.0
0.38647400939751053
0.10252049873996213
0.0
0.7580245794033834
0.0
0.8342281487851835
0.0
0.6030767364897204
0.16269467796734013
0.026445771819307202
0.047721465100199166
0.9903410824193145
0.7963050255713187
0.0
0.0
0.0030435520413289205
0.561401368428783
0.0
0.0
0.9800912141020097
0.82815902448501
0.288190092559972
0.7125198708213705
0.0
0.7615713167740124
0.0
0.0
0.0
0.6098747110052894
0.0
0.0
0.0
0.27828779070235354
0.22059409579622727
0.0
0.17461344132532264
0.9616594188557728
0.0
0.6560764040169761
0.8455569492702087
0.3370387319557256
0.9120470393549137
0.1660984022669363
0.0
0.5380520139553856
0.7927836808239072
0.0
0.0
0.0
0.12258673605016948
0.0
0.25569822319654073
0.0
0.0
0.019505323366021843
0.4867431675197315
0.0
0.0
0.6643956166492216
0.0
0.0
0.0
0.0
0.0
0.0
0.6692568089939942
0.8660530368587293
0.0
0.0
0.0
0.0
0.8917665850779646
0.5121507414201834
0.0
0.0
0.0
0.09979155715261134
0.0
0.36417678441379
0.918958969190975
0.0
0.3372778517538607
0.5046654543118892
0.9357981381961687
0.0
0.0
0.0
0.0
0.5509388786587801
0.7201325121915377
0.8223682821726064
0.0
0.0
0.0
0.9528637029982681
0.0
0.0
0.0
0.0
0.006143662545262607
0.3672198071980406
0.0
0.0
0.3508049378063953
0.0
0.710972151275918
0.0
0.7136937153299797
0.4840451404564948
0.0
0.6614492803537043
0.5813754407982623
0.0
0.0
0.0
0.8308905657989359
0.0
0.0
0.0
0.0
0.0
0.23378787931312056
0.0
0.0
0.33973553456072686
0.0
0.0
0.0034644686807530226
0.6095704503196911
0.0
0.3000059963558523
0.0
0.0
0.7192469096357289
0.0
0.37943806275493563
0.6689690175564872
0.6682847843218773
0.5733218180240053
0.36327926609100275
0.0
0.009270948650798458
0.0
0.0
0.0
0.17308619175670362
0.2662981482193092
0.3924356575716783
0.0
0.09554015196156102
0.0
0.3834169087210344
0.3648663509409072
0.0
0.7072898570676167
0.433994322097929
0.0
0.0
0.0
0.0
0.7268407241325204
0.3128816911439242
0.8543190479290509
0.0
0.0
0.0
0.0
0.8466568662053169
0.0
0.9558444824976493
0.6163200038841941
0.0
0.0
0.6557476937042968
0.19731689571609307
0.4261961665015804
0.7081206128530758
0.0
0.9896971737859589
0.0037156711522344263
0.0
0.0
0.6135425233032247
0.0
0.7437969519251912
0.0
0.20496688510458067
0.7186868685094779
0.0
0.0
0.7643964711180169
0.7299390308372667
0.0
0.0
0.0
0.07525928833489086
0.0
0.0
0.0
0.0
0.037857517766839384
0.7544873607510864
0.0
0.0
0.18706773735003857
0.2677488125164223
0.0
0.6032839215033513
0.8166564728226913
0.594607281582644
0.21919710940614745
0.39904051733032003
0.0
0.0
0.0
0.0
0.8360982857118012
0.0
0.577559718617634
0.46870974934618875
0.4244160474643187
0.0
0.4559504179137185
0.1259238208876049
0.2153014939333137
0.0
0.0
0.0
0.4848312252088184
0.08719549529151213
0.8237475134373601
0.0
0.0
0.0
0.7363231301877646
0.3363950892037149
0.6876493225273788
0.0
0.0
0.22218221826732162
0.0
0.34336053371386754
0.0
0.8537434299383869
0.0
0.14774655082536775
0.2595261233277445
0.0
0.0
0.0
0.09899452320973066
0.5343509886975502
0.9084246246009526
0.0
0.0
0.13883497494937083
0.7409393206374526
0.815950497670218
0.0
0.1269389340867651
0.0
0.5009383170232286
0.4423498409653799
0.635809271966993
0.0
0.30781152154325825
0.4740643011244647
0.39272601761822123
0.0
0.6205187649483053
0.39260142819891003
0.0
0.0
0.0
0.0
0.8834025055191081
0.42090794746111637
0.4006591991286318
0.6349931858901545
0.0
0.0
0.0
0.545904801176179
0.0
0.9778354711257384
0.0
0.0530198562175777
0.3848068082201873
0.9520720982244777
0.6844664382585091
0.0
0.5336201675988937
0.9909265166467499
0.0
0.585744813841216
0.6299311503733923
0.0
0.6419902652271033
0.2457955566928408
0.0
0.0
0.27669259851926814
0.40129119849709133
0.47143416831146967
0.11405610503126176
0.0
0.0
0.0
0.0
0.19197300861799585
0.0
0.0
0.8167520812344784
0.5307496975265134
0.0
0.0
0.3314038545206953
0.0
0.0
0.9771554866107897
0.0
0.0
0.7756380817842025
0.0
0.0
0.0
0.6143903843670395
0.8512757713958959
0.8683021163318261
0.0
0.777181457665086
0.0
0.7625819915466355
0.9425590359490531
0.737622354073278
0.7022205216284647
0.0
0.01984242388252979
0.0
0.0
0.0
0.035556366598802076
0.949651398782267
0.0
0.5197958799970395
0.0
0.8051112927612294
0.0
0.027648276483373847
0.0
0.0
0.06201358821050255
0.0
0.5060525644870054
0.0
0.0
0.7513119524237543
0.0
0.4302461686363304
0.0
0.6592992146033476
0.5048244576157249
0.0
0.0
0.0
0.0
0.0
0.3183656210653226
0.0
0.0
0.0
