0.0
0.7085100582721202
0.0
0.8181781422629621
0.0
0.01936961473852572
0.0
0.0
0.35480277854767417
0.7370600659207504
0.3910676506473538
0.7208722978313995
0.6274769220521962
0.41814562489051754
0.4458123552376875
0.7069510012614348
0.35840441395856026
0.3493360230309184
0.0
0.10295914162939135
0.5828789594258776
0.6378724101169772
0.757737337155054
0.23746040787640554
0.0
0.4675804170888789
0.3914284796962708
0.0
0.0
0.006682854945120109
0.0
0.04387663031083533
0.45938824095505404
0.47921776071484556
0.565344131706397
0.3358110329484447
0.8040368960659131
0.2082514935172971
0.0
0.5484727209187844
0.7462494999790561
0.0608620669838531
0.4287933520829721
0.0
0.0
0.3680741885368961
0.0
0.2223779556553911
0.0
0.25335689708559117
0.050581129096546884
0.0
0.4724251308004801
0.0
0.0
0.7013117134857692
0.10700035516345185
0.0
0.0
0.3235842357522991
0.18244140039666268
0.0
0.6516200111402801
0.4831848694377934
0.6226170922871721
0.0
0.4416977907363271
0.5737763302546287
0.0
0.566877150426339
0.6103459394724774
0.03592304083603404
0.14554793707654934
0.6331761319251312
0.5189911620531025
0.0
0.0
0.4939629091263311
0.3359110517691115
0.6408728826849692
0.0
0.13115047574975858
0.5873808647676466
0.695867586962581
0.0
0.2615965876883668
0.16147727203591478
0.7142926652231587
0.482069821964072
0.389520787378679
0.0
0.0
0.22623051809652184
0.7286433839835345
0.0
0.0
0.0
0.0
0.09408279957111276
0.0
0.3345265234200121
0.0
0.0
0.0
0.0
0.0
0.1097315676650763
0.605291708487915
0.0
0.0
0.0
0.4878562753890514
0.7839850260443451
0.8693001039956512
0.7164535036543374
0.5066078599771994
0.1468858551241663
0.5671310311111237
0.0
0.3529431350790697
0.14381590379997444
0.5197767463992418
0.0
0.37704304579229164
0.6006779987081361
0.0
0.7269937647178891
0.5988167355019929
0.6185967682696288
0.15643509157435953
0.15087976470725495
0.5794928782644251
0.0
0.6011464699801395
0.0
0.0
0.0
0.0
0.34414064042028913
0.6757617874649477
0.0
0.0
0.0
0.0
0.2511323970335888
0.0
0.0
0.7345888562220374
