5.01694949390946
5.18704186535727
5.10055538601307
5.21646314482107
6.30297243540045
6.68451083540511
4.6392614911964
6.56195525174829
5.73133903279646
5.22478748813065
6.03140642187575
5.1824948659959
4.85327899944748
5.57029928213765
5.49751193658187
5.46476393606044
5.68691569727463
4.2875331666276
4.04350505933933
5.59245105642326
4.98460255160598
4.99256539955137
5.53731901004074
5.64787558604753
5.54880066517164
4.99773060428913
5.36191473200122
4.32073075372857
4.90181004852887
4.15697705747188
5.21756126992045
5.15995294442103
6.38601628215622
6.41386734188145
4.72578941438352
4.57883528682925
5.77399400118937
5.27340066312754
4.86423916769321
6.22454766521575
5.28856213765385
5.51570540029425
5.01384679942641
5.46285827379893
4.76660688341871
5.00396113390807
4.70034389159668
5.31190429647852
5.3665116011463
6.33328759259921
5.75513069791928
5.07741044863797
4.12757834943336
5.57676047929832
5.0249178281669
5.06234525748174
5.37002193711509
5.59485448837035
5.58970503547551
4.91958864707408
6.4435993713587
4.3507554109201
5.15187220852802
6.61893285143574
5.09776031386843
5.87746211840847
5.01763356315405
5.18852746383006
5.04383103189093
5.32328690942893
4.85061967209124
4.54955345719477
5.82401720095378
5.00799809754172
5.54829919066003
4.91925639380909
4.60096682448965
4.27350965776039
5.96096065374022
5.5365392117414
4.82341296955251
3.7683762696178
3.98387305220534
5.671174858387
4.81897865135637
5.5024268753931
5.97188567774954
5.71308632975692
5.53963953742992
6.06891929743857
6.71457291168921
5.06335243186841
5.11901608730068
4.17193762480672
4.87622917448416
7.07707959161703
5.45491692329006
5.46465033276878
4.31411898646987
5.45094372923826
5.32076817855138
5.18947288523927
6.26574535576556
4.53596456158331
6.06260691251817
4.63101078542777
5.6285713859652
4.29802195532014
5.580146623174
5.70189370070458
5.46798055179261
6.08125712960901
5.48877336149774
6.13582992329077
5.62157941145725
5.31676593062634
6.64161105406986
4.46786161699475
5.2570608563765
5.39489752162801
5.26693931918119
5.66029446365663
6.27184124696625
6.64564821546239
5.29065600394884
6.05310528568604
5.7699255766471
5.2540674306694
5.60821954780405
4.62439054490303
5.45334134671984
5.95320203617356
4.67567890575371
5.69797236943697
6.53055158675635
4.76964116731203
6.11564454330857
5.79871551232107
4.95860945178195
5.68079106347756
6.04792852047871
5.59995265976578
5.41240581683144
5.39161875018557
5.03887998528657
5.03923233933092
6.32818388353154
5.21416612053447
4.90576611451858
3.91510785330211
5.15262773951349
4.45714034469336
5.47330601693383
4.88056902112008
4.97039472845548
6.26299219847342
3.69373122542675
4.41105430144297
4.55247350206372
5.51387624121072
5.50605437897146
6.11862721021549
5.36874967750826
4.91736042163103
5.05896078137104
6.01738183912421
6.2613991250764
6.15745725916505
6.17858986782071
6.25929994351831
5.04935522136102
4.18197239287486
5.82167221997634
5.41751118217428
5.3202498602857
5.5717021372399
5.03149982705581
5.38933253750253
5.4295446883568
5.62657407378915
5.88545760264143
4.19302263504938
5.49812388570219
6.38375684774532
5.32059883970348
5.32886180330408
4.55603738821836
5.19083986668595
4.81757960590957
7.26061080998678
4.98619956305798
4.50558901708933
4.23975413844935
4.65332836442992
5.33516340408668
4.82486967120107
4.14774055639133
5.03665987972927
5.58889780180421
4.52797326811661
5.32046896450821
5.02189348410553
5.23424238642386
4.01442041530217
4.58295477366657
4.09277769174938
5.95040598406248
6.62367979177605
4.5619089270477
5.45365830635116
4.91434657378639
4.81660628814512
5.90511153967367
5.40439858113966
4.87911790928605
5.49775050079392
4.58330133502041
5.20765897010419
5.42817530602067
5.31925669321834
6.95472463164924
4.36295158128985
6.1356652586665
5.92822039509419
5.19451025025903
5.72575647098402
4.7704526093718
3.8793329021984
5.33516423210379
5.5159014362791
6.49253255741199
4.2999270644221
6.17162232380432
4.89782667234503
5.24100460162775
5.04073125884415
5.93541684303629
4.94993606870734
6.5360294732686
5.57399137804786
6.14031276465295
5.10954424849653
5.60630709325326
6.39918284398686
4.44376478114049
5.93497345629683
5.40046198013987
5.33802227817067
5.64705204877703
5.64219378080776
5.45137959182623
5.19580980459271
5.30665934811246
5.39624855454535
4.30118341963631
4.55147805216298
5.74308192528434
4.2959778974178
5.07227669073877
5.34736792950978
5.45843743004242
4.97356455818908
4.62077026643796
5.96611701997772
5.39240559659761
4.8075752461597
6.15948804144711
4.90750481125591
4.38998793508195
5.9505858668243
5.1691572865907
5.85882688295555
5.36281608795903
5.27463432970369
6.36059236613364
5.60317287747243
5.12183551168298
5.97840738866743
5.10325485323246
5.1634981053124
5.69405869769125
6.02363709294551
5.42829889974218
5.25700529651439
5.46392109176064
4.88589145465185
5.06184919241437
6.07926940253195
5.35419387922549
4.96005816876396
4.93543700506911
5.81341925083129
5.67423808125491
5.0327547090147
5.001150776917
5.42846052629273
5.11531098546569
4.81380995068395
6.64897546414825
4.94314198673327
4.64873390904433
5.17680226718232
5.60039855092507
5.36705376265806
4.51609811682142
4.72335238501658
6.62020180132142
5.97593964255473
6.45844587871749
6.58449185027666
6.23832092453983
5.12950402778006
4.97280297661454
6.76645623882941
5.38536585031687
4.81617477366773
5.94100077236541
5.7314139983459
5.26400209011821
5.02756272942299
6.17780730502956
5.3906053501929
4.51661634277008
5.61127380015852
4.80543618894185
5.07949184950837
5.89557627494147
6.27921842961652
5.70479138440646
6.00050668415802
4.91135725729868
4.43597817264311
5.94943837878519
5.18969381637291
5.84908966255414
6.3073350453749
5.09464799888305
5.50521809472018
7.11534067297313
4.53048972266398
5.41569762599152
5.00745293040614
5.19162994343622
5.13024820605697
4.10184749373538
6.15047867424412
4.9540298931497
4.36088905677312
5.54890630856958
5.48834513033985
6.73495953956343
4.54547628081036
4.61557546511631
6.08036409039989
4.65900445662586
5.4707373922414
4.27939352366897
4.45367680071668
5.93662531462461
4.56131771618057
5.60413397466682
5.77118043490829
5.62456487888457
5.31944392313886
4.33738093198762
4.73692756771809
5.73646268047784
4.470793342859
4.97259177098389
5.32554940836577
4.40436106871042
5.1873574680769
5.56091586066289
5.35537719131386
6.26732615256735
5.44065484353381
5.48554248862975
6.52635583537116
4.44315698056265
5.07784073691474
4.8660515447368
5.42171926582532
4.87352328982151
4.28638999475098
6.08769313236312
4.52081673089748
5.70739108494219
5.07856105368368
5.77654967961865
5.75972218535612
4.75564896763341
3.93398957231601
5.55343674965373
5.69236362583461
6.01796797669793
5.11099148388822
5.18826926754979
5.04998704279607
5.4331266262537
4.83616572004548
4.92382556265423
5.00503165330491
5.41440827754764
5.70964670173472
4.55406774701745
5.59837673770855
5.16285088172789
5.19182129278179
5.37842996141561
4.85757150202593
4.74492706613553
5.102171677086
5.82434409456882
5.84773104797478
5.23529758935807
4.34591698732662
6.09650824026573
4.54692429034865
5.39131584457541
5.06277269231875
4.90325920335244
5.94571114567305
5.21014083219458
4.95470528887384
4.59105741151296
5.3116597239477
5.56768070094055
3.77794613527234
5.30633041580238
6.0886253429995
5.86360176000938
4.46906658066437
5.95975071161473
5.81727619827024
6.74412755377827
5.3956512571161
5.43200233106198
4.92535574156442
4.91099325385016
5.79510248970354
4.34429896415391
4.97910534032674
5.44011656849412
6.50859816884696
5.58628979969349
4.21815009341727
5.17039527668398
4.79852904694711
4.19241113945026
5.43450887656694
3.88266705436832
5.64772070854663
4.88972459631001
4.63454682770805
4.77785130481189
5.45888898611018
6.15483928264726
5.52929258269791
4.14793231328706
4.61841636207926
6.07576712283082
5.93389727615509
5.12056782020224
4.36131816660364
3.55617534544756
5.26268782994868
5.13289944909857
5.02292804445666
5.00517965404802
4.56506078559284
5.41536242611295
5.80251208047793
6.10420355500136
5.43528275261488
5.53878425753476
5.19961682231283
5.73001843156569
5.93148046879783
4.64736447389666
6.50959841098376
4.72553368528045
5.03950604722658
5.16151421963092
4.30214039532553
4.60404831844161
5.06102871394213
5.35632757912131
5.11803007173886
4.20081536794278
4.6309568046507
5.33220360589881
4.14165329729579
5.84767563463146
5.84960816255207
6.33933507757444
4.22282078006223
4.28478317280654
5.8585982110668
6.23342038213828
6.08514829732741
6.14711522841577
5.48727789158338
6.30477230297945
5.23111560153066
5.32443175822969
5.60259538375651
5.89167931122229
4.98050974832983
6.36065957979872
6.06893945838724
5.13366305341057
5.30156182527068
5.31240359411306
4.59998986502104
5.38998846961104
5.31079522637805
6.2750437491028
4.19325080725067
5.33061525087521
5.33655054390081
5.44760206510715
5.71708511816992
5.22438693481653
5.18354387223741
5.4324656915092
6.03847234376904
6.40330928468749
4.88375428451977
4.82263843400381
4.53571448401637
5.19368207198654
5.90597803775112
5.2871153512076
3.48274862594092
5.24381343562689
4.74577112534574
5.42321495217216
5.65005765639946
5.71804967195355
6.8779535034994
4.7646686064353
5.9049147987907
6.76382195383509
5.39714841523376
4.84722988218584
4.81626892827242
4.3270815328644
5.25173079739782
5.18148402509868
5.21807605151811
4.15310700137079
4.75304175319807
6.07836503232553
5.01675979778922
6.91754927547412
4.69069682213126
4.5997656906754
5.19713396957399
5.7160740952202
4.46507540597972
5.14303815628511
4.72185961766891
4.60758282612628
4.81360972254925
4.19215820893664
5.63374165181542
4.93601734868388
5.13394027941022
3.93581879057635
4.9885222482815
5.10140209785912
5.25884234854809
3.94312632822369
4.54696518629059
5.0200631963552
5.08167116043969
5.89721380258446
5.67434466230979
5.76435264393461
5.57227254306545
5.20046557163039
5.74476320182175
6.03205385857746
4.82586386015945
6.91995724450717
4.78158060802651
4.31438096153778
6.24012570367576
6.00420499421668
6.2450276009987
4.35972887235811
7.48306338254626
5.567002873514
6.42064136688844
5.93558139194566
5.28573593086166
5.29297283182215
6.03523422158311
3.44573699798232
5.54481817180234
4.48553041102864
5.40229867905546
5.19300616777543
6.26989311774157
5.91112733671788
6.08652265885758
6.96716752352662
3.69795048370776
5.68690522955002
4.66723338309101
6.41548320516561
6.42207772570409
5.10810704451042
5.69789357312913
5.46090556341716
5.23653499281567
4.8384611337379
5.20681239648547
6.80416249262937
6.04818595896916
4.6628242878016
5.1131028566118
4.92030366703653
5.03044564338949
4.9307437411131
5.66657929171148
4.92390728621336
5.52691906231699
5.16660466341452
5.96330090844772
4.89579178525433
4.96025861708185
4.70627032715747
6.15132717233528
5.44791573140951
4.59464712330672
5.13012033102915
4.14751693801641
5.91781704888896
5.42395458622297
6.54808093537551
5.75348692648375
5.14842829498185
5.21856840421124
4.25246218053118
4.80406691625742
5.67656693390094
5.21518632117369
5.41852998914841
5.29066771259205
5.37125993148498
5.72799353591636
5.94346091654882
5.2234685614196
4.87290321870474
4.64935263148742
5.380962374238
5.79687255601365
4.70045125836953
6.33801999929026
4.92518593628998
5.02921995976496
4.99369136963092
4.52813205022694
5.66479295210049
4.82455636953624
5.28562097446889
5.0179797557546
5.08527348545059
5.0869240182777
4.74281148582152
4.95977737924095
5.76003837531162
5.37799442826587
6.46333512793608
5.48235481059349
5.32767956671818
5.32243506267844
5.05392275363031
5.71282752659312
4.94900250044991
5.19433255690059
5.40743777512875
6.04805391446462
5.76059273839699
7.15606330375713
4.15108473861906
5.55470198017173
6.30293461998243
6.38765787487224
5.69974653242818
6.10203219553344
5.67359110293502
6.06762600966782
5.73252447331046
5.51589563231459
5.25972461748364
5.81867463365191
5.4446323318147
4.9715344344365
5.33426854496528
5.96845866162211
5.39836697698288
5.86983023818415
5.84849763209987
4.76210739239968
4.84986275738208
4.64842139867206
4.46762407978067
4.76953159543519
5.53432742909513
5.83115449834646
5.22120211497683
4.55569386299295
5.81984996768318
5.46255251289153
6.51494829613593
5.06412563667592
4.98374123283295
5.73661958616078
6.0387495026843
4.45302418827138
5.35836963342056
5.42327175385098
6.27642570399149
4.63772274257309
5.3226171771979
6.00155131669392
4.5631322534009
5.19000255533905
4.12819463412437
4.84188140972164
5.58401366129973
4.98082139553128
4.99426902353316
6.41075790975619
5.46665251930038
6.03838543987426
5.40217731129419
5.42941222228586
5.1723478647921
4.9594813554407
5.56468526738962
6.00054759961739
5.13631975268479
4.81646522411136
6.02378416973631
4.98614042316832
4.39365234833471
5.7429477374941
6.35132074444911
6.18972814153469
5.066931630168
4.84225766083862
5.24295706989414
5.95802189652925
4.73164985040671
5.91021547124529
4.86766500430817
4.91105946400201
5.32537341196457
5.17897616029855
5.00749523785013
5.49850981263772
4.47018892231323
5.31590271444081
5.20845588571149
6.71487908972769
5.3231037816957
5.29511883545655
5.38892309679981
6.37305374945061
6.54988032685268
5.54704122171195
5.92397839594302
4.53246639502275
4.95339377634834
4.57329936640272
4.6821543355476
3.79023507444977
5.00087779733182
6.77289433604587
4.56500015063566
5.74261005395601
4.706879165994
5.25581918464216
5.49739479638358
6.40775452993852
4.6535986458868
6.10900643787319
5.12911457768106
5.00511376526023
5.53572268156939
6.73210718304596
5.54522957093174
5.40156790857173
4.95779694393283
4.99653739464355
6.08567026630123
6.1858295347072
4.84406876209091
5.2542104839415
4.92181201645741
4.93529952697688
5.09811408122134
5.06115242415385
5.75800212154447
4.41166023687197
4.71243071313646
6.4355841398926
5.32152276064468
5.17439473749454
5.44335967000215
4.2185229645291
5.53615374262817
5.04086375107716
4.8048333665703
4.12238081367095
6.37433675414682
4.84106204500697
5.4385147134796
5.51467683624919
6.39484637667469
4.29232173064419
6.82211987145315
4.89568604681738
6.21247800207576
6.77030872182381
5.43070869093399
5.8270407244924
5.40768114584361
5.97561007315879
4.8339957286352
5.39904887006223
5.38732974560305
6.02635693170942
4.7784485006411
4.39646278741338
5.58182418445739
4.95914654611197
5.83972399435842
4.82001577631305
4.03695219162437
4.70382517591463
5.19433192368067
6.59639403048303
4.67176109636944
6.09178247682421
6.114381098421
4.35082282739908
5.14928925772315
5.82566082161254
6.68754599994322
5.69246729009203
5.81797543855483
4.13493841192701
5.68502168446011
5.57798056741044
6.58397442891126
4.47740760216043
5.50462950262625
6.29647144773032
4.94985919354561
4.31288223513075
4.69717060025809
5.72613799249022
6.13462583462012
5.15872610866654
5.99684773685871
6.38378895825264
5.41132258721295
4.48374219800632
4.39559705791139
6.10639014616877
5.44938613965053
5.83315530841793
5.26400870030942
5.00890534228568
5.58310639373328
4.93424668413658
3.90189795256496
5.59142851130205
5.41186637449953
5.12102496468091
5.98659849115
4.46009646677843
5.11448757299505
6.49017345847385
4.62807086241486
4.58595961177808
5.84518331765484
5.89778042947515
5.67293380453403
4.94603327334595
4.71426449392215
5.43610289692775
5.76431553839837
5.81670759438286
4.99304523943018
5.43892761568306
5.22434934017231
5.29797381946094
5.92849798191143
5.2421456098632
4.99413925267464
5.61947827375679
5.17579920820771
6.20069528477129
6.41226621325372
4.07830177575706
5.04155639928491
5.9189241965202
4.29775078216263
6.0462050386104
5.30785347631846
5.7771164893372
6.14034640084939
5.67461872298055
6.33010630649537
5.69233298447094
4.51471711969088
7.08182991134924
5.93700596169013
5.18000452414255
6.17126786513029
5.79016217792317
4.1429372565256
4.25694806235817
5.12465759979541
5.23656235764646
5.33839965272051
5.05468852674286
5.52319976321266
5.97531245560682
4.86090990233903
6.18072304714986
4.50776642342969
4.59205409833304
5.85795630858139
4.58852427004556
5.66947788947783
4.31200810957163
4.33915258503494
6.27950952657948
5.80379544153735
6.46595275292084
3.74621877948919
5.74856103646535
5.50036422359266
5.44285889626012
4.59443408679086
5.39451504729659
5.5750471999682
6.72082098868839
5.30308578839626
5.33728923769905
5.07697462075338
5.10511551475935
4.93850682570065
5.48024759821161
4.83953590952003
5.83412654247289
5.72025346918784
4.94053797357411
4.71843271851804
4.73295456506395
4.3723622014118
5.4164814979054
4.38411875855732
6.3041629798884
5.22848940244816
5.74088846742557
4.37341295996548
5.65658118036625
5.97999585612421
5.70869638689395
6.81572981277147
5.85990581552827
5.53795364826305
4.82842157088316
5.10382568115515
4.7433180358881
5.16550431101182
5.87914618056752
4.65891535529011
4.51058798098722
5.32956208285144
5.79126003835557
5.42000385869154
6.39913648202968
6.50391669497396
6.20307077005264
6.36220004678771
5.90737187080696
5.15104024868894
4.99866234966489
4.47816053652888
5.17563112240142
6.42799845236255
5.99249464767926
5.48210678407807
4.88772650867206
3.93989162664514
5.78490224007455
4.71233589978108
6.38920197256194
5.62609898418346
5.18491722306028
6.03758110362547
5.53755461651393
5.94768944412957
5.89304027164212
5.24761027626737
5.28768562276028
5.18767894216705
4.86598005979722
3.96548162075016
5.54276994376561
5.14985983052768
5.98456867130132
6.398694867906
4.6472161729178
4.14053093683189
5.5573453701731
3.75817892079886
5.46278973522387
5.84995305612789
5.16904582038251
5.98416380886508
6.12805717502876
7.10083731265368
4.36549222672855
5.99149954087908
4.95694548364675
4.97536099534735
4.9560412247315
5.8490777645715
4.86622514765876
5.13381710026671
6.54233142301037
3.69653730616926
5.97291639901813
4.30240217471905
4.5997454075709
6.52674703350228
5.56102999536003
6.01287365181909
5.30979701798511
5.37448209263105
4.96104358589113
5.48505181654327
5.10943527723464
5.44442239679369
5.60719547849581
5.78000110482224
5.69899837474925
4.52750024287822
6.0699412608617
5.81057271094498
5.65038999832992
4.84523555379319
5.4386357406286
6.60227666295831
5.72963095464399
6.40433086402028
5.45561634128398
5.92064534447306
4.72655682003157
6.33530531592176
4.59211881471877
6.36110859956049
6.28101536990187
5.21607226518882
6.04017293350525
5.72300938202684
5.41944018809981
4.9208933472698
6.87762864541471
4.74045496213056
7.25877990191055
4.33869856588842
5.80566168821656
5.37798418642798
5.7367832180397
5.04388271289146
5.95329893433487
6.60743544864024
5.78164550713848
4.28520527649517
3.91112419922941
5.1325894008761
4.18618864948399
5.74421914130203
4.80674042193041
5.62698662597986
4.90107132551671
7.01233905176867
3.99972068265956
5.47934640931437
4.38535357362336
5.69912702957686
5.30989040354158
5.36326785594093
6.02240210790562
5.87342802271607
4.77015740841351
6.3638734502381
3.91231608445775
4.59141362310921
5.01256732526897
5.11759855086777
6.17882348225065
4.84910623330548
5.87954076450825
5.57243189803881
5.90931079821129
5.31929167709453
4.24874713019162
4.53073125549751
5.97387262260694
4.73216598262483
4.89952410879629
4.8629237228393
5.05184590704953
4.62951207058897
5.63724365489716
4.35534037929036
5.33016214649361
5.72820672714426
4.9669134648897
4.88928823602647
5.28365722877302
5.03985387047951
4.4120086843968
6.21917367398963
5.37819135720062
4.7821761349639
5.79254603819857
6.15133967437565
4.49664787632107
5.61686102366427
4.86240099495701
4.5734672107319
4.00284690600317
4.71292763224609
5.47253294246631
6.28373919873888
4.84185017814999
4.97904776969952
5.79383588091879
5.93139660898955
5.58871279399066
5.41276379875518
4.95926749067469
5.78322453912022
5.40145099997439
5.50408122851863
4.75370607117743
5.67056986456346
5.17136584664104
6.35725560043274
5.3713645404618
5.23925401799841
4.54622053972515
5.83004636174318
5.30921236807564
6.08098262504963
5.2608185323432
4.78348410835401
5.28974177795
5.2720406070957
5.66707184814
4.24373034509958
5.39718643147355
7.19137061120719
5.18716871709146
5.56048183141031
5.98913074897642
5.27228721998679
4.37607471262943
5.19996407580862
4.33837945499946
5.74471715023227
4.97314176591051
5.43487008178883
4.86920923389085
5.79644896834315
6.4243541877169
5.41402671950485
5.24284834957862
5.84620211437237
4.66785113929662
5.40554063978808
5.91108780100716
5.52949317260349
5.01534483145536
5.73761479316356
5.2927009509926
4.00725616534391
6.05316018578995
5.86014431255164
4.08692330001931
5.13107012498503
4.77803267688794
5.66203336470724
5.23910127924834
6.31735641702676
6.38765453180547
5.91227883506088
5.48869070663321
6.35912787767413
5.53753296323535
6.21868118688403
5.49616397160412
5.27616623410664
5.15377329507043
5.99045890804571
6.1875415030896
5.39449133150186
4.44376198546822
6.52116967712485
5.87652772384152
4.44713469777788
4.64797591270046
4.39417166882992
5.53395679927644
7.18000073716372
4.92009321690403
5.59376747837801
6.0735305844893
5.5363969647829
5.73991129328139
4.31876221935907
4.40291690332634
5.66919828613086
5.21755814800107
4.73642546891677
5.44472457619484
6.11482200379765
5.31476206608409
6.29205365577052
5.09311441290124
6.1571824304201
6.79344287401336
4.3567413382332
5.60624552559734
5.58823206350147
5.32214633137418
5.41483518869606
5.73078065848638
5.44831905657777
5.83929127256594
5.65152038470776
6.5882843271176
5.68610672365327
4.50131716947323
5.67826667462573
4.68095988403399
6.71163408914198
6.11107929939742
4.31300745831775
5.40979873340391
5.33028589820586
6.95749649622353
5.03496747484048
4.27364519738195
4.82429872004713
5.15660879081322
6.16801312037097
6.86309934367291
4.68739597036346
4.84646222907693
6.27198173205099
5.39767919955916
5.34595072725079
6.67183731316811
5.8930361740838
5.45323389703379
5.20603946077366
5.29184019377612
6.07956687553262
4.96569767317727
5.80328442593783
5.7734716965214
4.80807614157378
3.96940721600654
6.53780705991079
4.12887654816637
6.00737869425185
5.25380281611405
5.54719208685361
5.65315384513954
5.30262663430435
5.23441125146326
6.18978683147448
4.82617486506042
4.97220650249205
5.09123999727478
5.32301549087585
5.22200237549975
6.11469906324149
5.55266284224132
4.92002107072797
5.40641189191715
6.63032015612711
6.41205596895476
6.02684487408864
4.82286605090238
3.88394381296861
5.40354724739151
5.09609283882893
4.77300637153997
4.33646704493245
4.9566389917548
5.03443498061976
4.97207783101121
4.22111617699261
4.43246696308181
5.5996045393691
6.1074794080653
4.98082311967983
5.26103622570257
6.0134900316312
5.9497797893599
4.32961423141779
5.83631361150866
5.82489912096735
5.99682824849643
5.54235254095182
4.86644509499854
5.13830743176008
6.32895625662898
5.60476281284194
6.50466634942308
4.71220348737619
5.18209130123354
6.53018635029155
5.29054165751973
4.64124172983838
5.63494222793039
6.06032278880671
5.22343116765799
6.27250889340375
4.12084805166963
5.87129693814544
5.02343173390629
6.39467786010125
5.46054644068377
5.25901070623131
4.21799255834509
5.78217010113144
4.1923286523122
4.61258984513077
4.69054970585416
3.7670369986063
4.42612224912642
5.64384913959012
5.2949040588358
6.38033190742994
4.03107892490617
5.52643380711571
5.42161314676912
5.7121394064307
5.47667944342224
5.95817445118355
5.19512152672929
4.35400374019163
6.55552423745981
5.50718495132102
6.1545738964932
5.99998897938672
6.61889501527031
5.12598411410131
5.55141826814785
4.82981898403693
4.85267648702334
4.81946545368877
5.75865037264904
5.25018201090415
5.4410647351427
4.45360176481738
5.98677004816971
5.2734218585633
5.72083250493519
6.06723133130762
4.60944466379231
6.47517321791442
4.99644194380646
5.83062358726141
5.21648862992042
5.42037814014677
5.15473872711578
5.99283780042683
6.09646570382775
3.78737287137854
5.8050527723448
5.81259177148853
5.36757466659309
6.71026751175377
5.80764441796839
4.60981789574977
4.74302098629126
5.57711577319397
5.67581687546361
5.71934958922495
6.20267464155071
6.7199201895708
4.85442906877363
5.59009256505821
4.82347997566665
6.84257513118201
5.49051050614839
5.46053220759124
5.49679607201323
6.27913846145594
5.03771313835506
6.09688931918127
4.68578843854319
4.36457171015056
5.45625301445593
4.76889480725449
5.23178170172384
5.21548015480216
4.54526396475782
5.52134173605668
5.29329426937975
6.58430855926296
4.88104477747855
5.67003994942211
4.01676527362147
5.91651227519666
5.34487610810317
4.77043295959758
5.85353132090009
6.23426488024165
5.15984385646082
6.02589966258281
5.75564103561589
6.63898680179883
5.16539892271519
6.31951600741216
5.40138048765276
4.39311252713567
5.96789779686931
5.49062805843613
5.7686261131614
5.73133459255298
5.1684400010907
4.75817674454918
4.85766607225876
5.12807462887447
5.19910778860911
6.68571538497559
3.95805067003468
5.66088355598165
5.16895577001476
5.7883989190515
5.22815183130299
4.92280434773041
5.47846950472325
6.28474548304203
4.73501307823445
5.65291455500606
5.12124980525854
5.24081238935227
5.24363959700404
3.48658656299382
5.61074715339677
4.8014021828374
5.69376306813358
4.99669030502552
3.36321433487996
3.64060594760452
5.85160789822226
6.24281478004269
3.89207630102827
5.23514565910539
5.58961544794491
5.44334292711364
4.42427151787552
5.51549708425699
5.09957227945457
5.37460852336735
4.20160849450264
5.68499642393673
4.64729603291482
5.37254923723
6.25572488541404
5.00757897350697
6.59004479178126
5.89533338422058
5.97870153759976
6.13456406755029
5.07980020664889
5.65170564128785
4.74196718680489
6.17993918961857
4.62449096349094
6.16495555507726
5.74477123702681
4.68625877608537
5.61586420986686
4.44054293852763
5.83571025049202
5.03116975947442
4.57126775574794
5.53258407572533
5.14897791864248
3.49385535394986
6.67100913897692
5.23977312993077
5.4252849120632
6.40741124812296
5.32724124611097
4.7250759328594
5.16283731573335
6.28559360902847
4.83468172143733
5.38928786671819
5.12575746884853
5.41729240056303
5.17677900620678
5.76226389485338
4.65318462019752
6.18639399100979
5.50578943519601
5.68572240082894
5.15655572070874
4.09893795770617
4.58343090240618
6.59654447449866
6.09138602430244
5.68855497672547
5.0021476177603
6.14612861545485
5.6437297086692
5.52784728756625
5.1038580543253
4.56856770580891
5.89475660883737
5.19227262002312
4.65119986062283
5.3767020882156
4.67152167574258
5.56075269643059
6.10376250298653
4.9476239393486
7.41725719195347
4.95426537383027
5.53290371717134
5.28815071469805
4.81369092370344
6.06065689539278
6.57894186176523
5.78990721304528
5.34859002843734
4.91387316393266
5.18362227516068
5.09627637774433
5.49303148855262
4.63521766091316
4.09088315811682
5.77352443072804
5.72578926248923
5.00702754072778
4.91117709189725
6.00009285246657
5.41402767963274
6.48773707505797
6.12627092708186
4.79383723209331
4.89741390551491
5.53496830106545
5.7065135211985
5.9933584373734
5.61022855164975
5.05546472342019
5.87970424463161
4.92402753949601
6.00400149788221
5.24468839326414
3.90006142170784
5.34809129566517
5.0084888363096
4.66515340940983
4.84224643180407
5.12493233616299
3.90524788986601
5.49431142974866
5.49388129845274
5.48579722009501
4.83674821155282
5.55873194359124
5.83060591913943
4.48057759999948
6.11467499413241
5.337371695909
6.62889831904611
4.83869496448326
5.87195748737556
5.46643881785249
5.78716701427443
5.84075890190193
4.52723804015127
6.49288391222713
6.4099338064402
5.03232068345805
4.87472359221994
5.77647311632376
5.14226567471005
5.30393580090673
4.71209970389081
5.43118089880709
4.89643968078147
4.59512007152691
6.1219967882498
6.07481765480031
5.0616141572963
6.42587173903446
3.85062392116214
4.97896407770966
4.92113181677046
6.13368129502104
5.777597424576
4.95107178390354
5.30704910777415
5.51574413647939
5.00272219676001
5.24551854639685
5.48652334194778
5.45436223721583
5.53958207787502
4.69828027813994
5.96116843860026
6.34801734573997
5.45410882911239
5.45059095199036
5.19107760895189
5.05840517848048
5.89746922368098
6.09071356807015
5.92548202809358
5.21558434103569
4.45316630988029
5.87699933267967
5.90994600136368
5.78901955708252
6.92569223523445
5.59825315651684
5.36724355883436
5.65606914795811
4.54441870365321
4.98123735116229
5.37126289782705
5.382753421179
6.24892012552791
4.57454077265643
5.3556428870858
4.52174374229357
4.25097406641122
4.84646808191238
5.49904472555444
4.62342434852378
5.58979924289914
5.17470637652724
5.29492132462235
5.0329038564156
4.82763469491727
6.52957843695301
5.08707362707893
5.70395435644012
5.6079418420583
5.80118987385113
5.03703065859834
5.85425502562225
4.10811787736922
5.3073473714085
5.60116859239016
5.15329335077654
5.58921243664878
6.08378211610625
4.83711274980575
5.20094133514487
5.89438270599061
6.4484657639057
5.17684218531876
5.14340313199655
5.52779736335336
6.07887056489891
4.93201106811391
5.93445951109771
4.97032646801348
4.24097148766307
5.38637765618338
6.53779327516288
6.22887890020923
4.52416420684907
4.81018024669034
6.60878832032695
5.70498115213819
5.61111311701679
5.68059090180059
5.02805830437728
4.73417243414813
5.13959153660728
6.16424359508489
4.97565403294425
4.83064622848876
5.74583092446595
4.87193968594565
6.29342618718861
5.52199753027601
5.11866861465496
5.50906895464083
6.17119668301029
6.44941659469547
5.69619617214852
5.17995580175037
4.68199585770539
5.45383415565369
4.72358768286625
4.97309391491375
6.17923457433085
5.01533384679426
5.31562078970013
5.90947144946235
6.43733784457351
5.01048088604229
5.1513741037862
5.84834606194017
5.95510294657655
5.52453907843803
5.86726250556835
5.58826598569755
5.85419043800213
4.1229296503599
6.00951464787708
5.09445681123609
5.56189606530154
5.09106633364453
5.43651095853074
5.40352395273501
4.03841117122087
6.28103508749287
5.18903209583434
4.3619677052743
4.72935988811341
5.60061039066803
6.40484594239408
5.61931371886624
5.84065408545459
5.90386436326455
4.95167093928133
6.43087841593261
4.37744820894702
5.48109438371674
5.39409254196613
5.66879135307371
5.35569629918278
5.13321488527029
5.05089104374516
4.33921949876052
4.68012123164029
5.94182130400077
5.02468493297648
5.10293697551966
5.96231698129193
4.43713472381397
5.09637503142577
5.55199837737904
5.12428592405632
5.56535080585481
6.02366903886974
5.1178137125441
4.9751388817857
4.94537141225901
6.18020583171557
6.42049579033752
5.62850480174456
4.81887504357066
5.34092145945634
5.36028267289749
4.6110634711315
5.38275667252836
6.38427000186859
5.36097819692046
5.6774224256319
5.43463761605075
5.30542255016971
5.37918308853037
4.76424824986613
5.83141465387747
4.1833904020497
6.02017270397534
5.59998398069619
5.20427723070443
6.60192084943994
6.57471232355762
6.0477879971626
5.37634165568918
6.75446770375025
4.24621269579442
4.98374828647497
4.96406002540125
5.47436375421733
5.71557173234264
6.50738965127267
4.66215438257184
4.4718442075661
5.91683767161843
4.75855950371523
6.77982532861212
4.3574004438593
4.9796196618259
5.0920380453286
3.53064842229439
5.18779978234639
5.00047485394885
5.10208961082026
4.60011870060945
6.88960178988134
4.4013833472696
4.98008176906994
4.55983215089359
5.34223747411757
6.40047212523799
5.50604137893364
5.76841974331741
4.43497869977225
5.50266003627369
3.90429517344812
6.14402512041767
5.21633766570312
5.69672883463806
5.7947271710225
4.93588036172401
4.50976086237617
5.18282931805204
4.58035886070682
5.81124515511306
5.38286555627834
6.70474492157358
4.64991990961844
3.89782669027422
5.97754153244395
6.10099105436794
5.03750686575071
6.54782733215381
6.34501512283293
6.50565267774804
4.87225108612788
4.58695065560746
5.37905828941422
5.19489181115719
5.64848997413332
5.55920816388175
5.64730422964589
5.04910037408098
5.15437871171953
5.64482606817078
5.81931332079594
4.80276667910506
5.38183947028955
4.1177703147614
6.2642745784998
3.94987084664582
4.26419718413335
5.96504213105082
5.72196253665878
6.4152199028736
5.36869619576504
3.83907848915124
4.78135433695995
5.88426094929862
4.85256782485361
7.30171871211832
7.2637862001683
5.59362477352895
6.56863393170887
6.66228572753064
5.06610589397983
6.82708829536093
5.18426213431612
5.1355250008787
6.98113679492585
5.74294265670846
5.39173879837282
6.11016094834654
5.26474935133543
4.64826606811066
4.28693884317234
4.37081654029401
3.99126345718783
5.29762415884692
4.76360389223029
5.64816508132534
4.74605157110335
4.21279817171123
5.33231222459327
5.46640686364202
4.52993215104722
4.40852583740971
7.27068404343162
5.88518503537507
5.32266278863994
5.27716486993093
5.4587800497539
4.21082603674628
4.76555050318811
5.42160586711085
5.38909527787004
5.82039920928518
4.76094882688012
6.46934907076097
6.72848809236378
4.11745260178438
3.69413884162713
5.34361604491732
6.20891942873401
4.25105910199521
5.16809934707669
4.75314361195971
6.00351776094222
6.63397841345235
6.04984688634647
5.29290950812492
4.79949303740343
4.03031088449785
5.86651404150171
4.90440095168062
5.64043735886571
5.7842062579099
5.62636672642417
5.7856072689683
5.06639554580979
5.00500786333149
5.40559251238852
4.92859202585214
4.81241575575783
5.1781060786905
5.13746629527535
4.13469877406872
4.93241827062192
4.45568247618996
6.560947537222
5.44729582619566
3.75662979939504
5.12788290410859
4.17898954405679
3.97387777929174
4.70859401969241
5.07855468594324
4.95234860572857
6.79161959041405
4.97344569628294
4.97109298055069
6.60924477327467
5.07394626417892
4.83271635263168
4.94381155291801
6.10068881356669
5.31813734031225
6.30559212110649
4.68560392541103
6.73237620182939
6.37038692902557
4.29824013461041
4.61440315284139
6.07194147213045
5.94469762277304
6.67939280653168
5.39597010508765
5.8441957722864
4.53646043816163
6.19779189264329
4.80495989924667
6.16993828795091
4.02520885816295
7.1124795322461
4.76645700612816
6.89238861899947
5.01769771124452
3.66049563871019
5.52757025841432
5.68372221878236
5.44250066770693
4.83788386315184
5.20854296934338
5.6300465449634
4.99369385684748
5.43398621155852
5.14232404998433
4.96262063959305
5.88004007085955
4.2488031289948
4.09368490168442
5.55774372135695
5.67527579562852
6.28590921527052
4.80149445148793
5.81351986270844
4.40347072238748
4.99595470566033
5.30500626273504
4.75618874432105
5.87469386521741
5.02726237216175
4.30523597914015
7.12848967538104
5.15184923800581
5.15343801541061
4.38190208919234
4.2797827925076
5.24162119926746
4.93312576018535
5.12992239859205
5.08753976149377
4.98179881047215
3.87625204664668
3.60799520278263
6.10800963596211
5.24114730557156
4.99793390334613
5.74730921148285
5.19855389972049
4.77099600983874
3.75454382902794
4.9087662057975
4.2715618635334
4.90517704451285
4.30639498828771
5.919804717611
5.70057347841386
4.77039201246195
4.53039131353548
6.28054708907965
6.28530430748008
5.5949931970514
5.65199726676668
6.82428477450214
4.95112847773646
5.31401546942093
4.64314500642704
5.36858866107934
5.0404761342144
4.02535749773922
5.25147032295723
5.46558548093554
5.64602794238765
4.69720857248939
5.99706790117815
4.65434122980128
4.97487781881124
5.59417226440213
5.59010495934618
5.38809646396149
4.43729787476015
3.74535329167138
5.31027752433886
5.67473305275629
5.95478897829074
4.50707634646158
5.75107447711263
4.77312523302752
6.01019434904312
6.23767386520801
4.72860221660275
5.39628745507829
4.74078299968069
4.62106927855725
4.45066030615278
4.04815151809677
6.7650231561034
5.43666237080017
5.91701855820055
5.03784475112164
5.10508284649275
6.14440312996596
7.18366436622249
6.16140393499888
5.84915726592629
5.26798891370198
5.0057126387541
5.27319583158696
4.86342675782283
4.72430413131169
5.47180352764177
5.02108507299184
5.79911022493057
5.10424547505117
5.26497671587847
5.06477289386383
4.75414289045137
5.06243384998243
6.80701137428427
4.07411938118916
5.27175202577309
4.11414884372729
5.13043362209323
5.22035277231749
6.63505487290475
4.43547794853529
6.19748130145351
6.1289414272155
4.80369181816971
6.02422352646018
5.69936317847722
4.61785207288634
5.98942407486319
4.95181879528933
4.96223715579732
4.91127614810134
5.0986232553189
5.55730343474199
6.18563393891943
5.4125991735028
5.62055883040678
4.83378979728048
4.95127170600051
4.76536937534612
4.40684150627625
5.23084844407641
5.64123810161031
5.27593092405222
5.32454331012449
7.3901884159942
5.46646270360715
4.58328961342275
6.34954670652318
5.56683688785361
4.30479686369193
5.15062180303262
5.64112703054816
5.72510221021042
3.98700929281951
4.65346465050251
6.26455361303629
4.59940412320397
4.05600870280748
5.41470029264272
5.15482295843246
4.58788065811705
4.92022476553879
5.67958229917237
5.60082213787924
5.37843231304474
4.72763281892272
4.92162209307569
6.29817721607063
5.28887174748209
5.86806227938378
4.66200213107564
4.20142806000984
4.68360234345122
5.36866700399635
5.22704878072269
6.00328983712124
4.8860916072598
6.91490261678006
5.27365136187335
4.62360791435655
5.45278580009862
6.32398870339933
6.11621467541226
3.96817074737864
5.13529644748626
5.03245948404837
4.94252526085358
3.54829425459124
5.3464946635577
4.82574581036896
6.13652863332465
5.49838815025243
5.08682941922517
4.87190537544294
4.72591411274828
4.06415905787615
5.52807574345792
6.08984658020766
6.26667801272656
4.77163109802068
6.37998844747169
5.61424716569721
5.46285052928102
3.95760579543722
5.716080766196
5.33283095533565
4.94334731739365
6.31120700487742
4.8192370103066
5.14272262132203
5.87879399517334
4.98190652210272
5.7237762481057
4.64495179442389
4.70444300857958
5.91999591311682
6.68787544147205
5.30315466933982
5.11195718946635
5.0202060740337
5.79816278002106
4.62424537475415
5.58396947443653
5.81986421287695
5.59446586706543
4.52819897809648
4.13956608555602
5.68810888738762
3.63720426246582
5.03699428481004
5.7826945680648
6.60051618908027
5.96332340373004
5.72282560312288
6.48896329671142
5.26877480390021
5.09007440906834
5.44953520806817
5.17633500070883
5.0477743488625
4.73996550237688
4.72625385513862
6.19464160742059
5.14878130621638
4.85676730661154
5.21505554063008
5.40400278847696
5.99825633442526
5.5863823466009
5.87006365692537
5.5445387004526
6.61285525529221
6.33161780376815
5.1271305469848
4.22792618666666
5.89729808572823
5.96831375547431
5.18814255847351
5.17792545060391
5.35978760351254
5.51578221248852
4.50613818176302
5.57871971565339
4.77808137758304
4.25660854069069
5.84439818993757
6.51651169884031
6.00704664512875
5.16581901911713
4.80059831896419
5.65975184581145
4.2530842541381
5.35762068552475
4.37425807290591
6.2032506292983
4.16826415812249
5.86202055375357
5.1552127815948
6.92190098878746
5.0791808482656
5.03128232426708
5.32661767121241
4.47550041943573
5.05825709284135
4.93854229732443
5.37053887995253
5.01900803114664
5.58836844623938
3.59325725282729
6.71751934650898
6.06035554942985
4.46842893206525
5.5387807747007
5.77390320210062
4.26625499853879
5.08276735206284
5.27803679668104
5.22940833007118
5.3904871379152
5.91601272491939
5.81170156117273
5.37152426786516
4.18962335171367
5.48339735838665
5.70568481416446
5.62796817415323
4.64503378770092
5.69990445420719
5.15843033766527
5.67331208102134
6.54395090518785
6.35556546217813
5.50042381708139
5.04689600070353
5.8708934856434
4.57965878779229
5.44437060416359
5.13647526781646
4.3221297674192
4.74261494058548
6.30160745488774
5.21016697168964
4.58899163732727
5.86427527200259
3.83207530933412
5.85916140797361
4.56181892234034
5.29750317602079
6.54489438415953
4.90595526213998
5.36873236830214
5.66721561410707
4.69301595510298
4.91060390028699
4.97240013303785
4.76393362639871
5.28318736744444
4.68327489061173
4.045408608311
4.854054788616
5.848120989977
5.72665716458445
5.84866387530254
5.30911676971926
4.92319313012869
5.40403456186309
5.7592732456565
4.94738061718404
5.99616675071352
6.59285883532782
5.11908019292829
6.23536920402839
4.20110067410605
4.76897355742881
4.58847417799567
6.48680054044077
4.98742359453561
3.21157365108464
5.21131432500431
5.40645161713591
5.24120436595954
5.28173663370585
5.96602270958687
5.14286447600082
5.59568273823186
5.12304192527648
5.63389300781681
5.67591496895692
4.88865575730017
5.20516390053906
6.29642732309712
5.37710233071042
5.27525005806483
5.5272638012608
4.76705704599484
4.20240045304381
5.20341715945579
5.10204435574096
5.29503632701098
5.76042863090587
3.58063714621354
4.96626544934778
5.96166052507074
6.16362172385694
5.44526106034215
5.24402078844234
4.72378163006859
5.64469896452298
3.89106468081091
5.13576061934896
5.01696091198801
5.93748176867918
5.38740856852955
6.39087276205613
4.92218517198773
4.93474703711823
5.37228458634901
4.9525820627506
5.47382635451335
5.19934031297215
4.4392500079642
5.15245018691521
5.5496667635008
6.48122722366653
5.14126189397031
5.73604659899294
4.54082925344792
4.10121531573639
6.52722919898922
4.82554044328856
5.62137279239311
5.50059380471692
4.87071637742942
4.02700782940355
5.86568968088465
4.4979976965852
4.84298087668698
5.21140099460876
5.43588862245123
5.14071639599754
4.24695813060614
5.63523482287246
5.25116880050628
5.45692588691246
5.17575860592147
4.51289429883271
5.49581661328359
4.08811874503434
4.06192411887389
5.63283159223426
5.22231800097909
5.08121487269988
4.87590318294155
5.23050791355397
4.78446744104084
4.56993602720309
5.1211771100784
5.3296641817835
7.13231760875282
5.3959609591538
5.51834587766965
6.42725420012073
5.37872262184512
5.11942045947754
4.91166936135921
4.58425909262545
5.81956995179704
5.84761774595931
4.58452718522259
5.3614638662916
5.68180854573472
5.62327886272905
7.64432349451419
4.46145148342234
5.82351920843231
5.66119770789116
4.02173353695116
5.76006182490976
6.25119260934856
7.13323238801364
4.93101498180667
5.16350932276755
6.13591056589909
6.03725657191733
4.74856596737198
5.47430580238627
3.95545802787528
5.63107984258366
5.22419747466074
5.85272244491187
6.29018414585854
4.68493376583947
4.72843543317726
6.20100822790322
4.68594608871914
4.86654561519008
6.15939536262643
5.03014293206838
4.97215489674627
5.02362621189061
4.68649923673371
5.16945171075331
5.65639595612375
4.94165094599234
6.13284372872814
5.49776143282772
5.51183380596127
5.82964797381063
4.52517598042292
4.44184193469817
4.89688605497477
4.96512153750509
4.67651124176319
5.89776448342046
5.39394173025161
5.37615004119181
4.65251914723713
4.28525969462267
3.91869856685248
5.99971913557558
4.8770516087926
4.69991579043977
6.49015047245548
4.24154581054488
6.41634621521986
5.03987342330074
4.99378403795377
5.03452844886851
4.3208283001877
6.53591510097645
6.18550406075611
5.15622969103832
6.80841962339264
6.01962207177409
6.80143655012785
5.85235244599016
6.25703985952717
6.72423858787362
5.43909036400166
4.88153563374202
5.76029615498833
7.39211186623307
5.09405117390394
6.08194075814415
5.81313252768083
5.49781258010174
5.15530076895895
4.66618096962068
6.03547337786621
5.80988274294622
6.05327394792961
4.41604480286472
5.62840910331676
4.14115133801265
4.6292726310699
6.00067263654583
5.0164866750309
6.8752400904394
6.0373607959205
4.10073005716963
5.16910672784322
4.32547925866515
6.14705813311885
6.04868529599708
5.40649008994127
6.47027941554195
5.49402847114605
4.32136884908481
4.08397073831916
5.34487442840407
6.50619960118175
5.57920882623501
4.86224978371434
5.08372860992576
4.25144726155206
5.81471707725128
4.88112541498353
4.5195103106188
5.35766230720321
4.66022908106799
5.46338575200416
5.29847164069347
5.61920984193492
4.54958860984467
5.40637174517497
5.21654426680059
4.65420871228926
5.12433239370513
6.7813387559414
6.10335821331848
5.83623803059945
4.11055471626577
5.19755464756682
6.36070302327435
5.94589402344638
5.20912373768456
5.15653851947319
5.85226469535391
6.27916058027318
4.2331267617148
4.75842474516826
5.45595174538514
5.43116845720566
4.87533100937036
4.9071414626378
6.01216898498942
4.97825084474294
4.65368384086688
5.67527473272511
5.36224255032774
5.04979046569575
6.60415902681841
5.82864409591274
5.51745671748555
5.47576227761036
5.15841063622483
5.92355116158078
6.80561740854834
5.10952179900017
5.92538395834163
5.33201329139611
5.59228911146624
5.71339902480953
5.25805546483648
5.97166870822356
5.73654323830903
5.37260063496765
4.81317089586094
5.88367796938957
6.37233819974963
4.9970948237035
5.28178787317661
5.25172463640485
4.9316622210851
4.97212363533131
6.10937998086798
5.60134275420012
5.50383577534139
4.51936932319929
5.75476063403171
6.79076151101373
4.46881688524157
5.63414282051795
5.6328374457686
5.90076705395652
5.48521568118698
4.50718027987521
5.82973147115982
5.65393194903435
5.23482240755101
4.8930010890867
5.07633821705846
5.79445647414343
4.9991184032376
4.71396647795581
5.1293315144798
5.99151751780014
4.87815247377159
5.76697592725647
5.74268362946193
6.95585074868053
4.57113975760758
6.72059565779643
5.00337566486301
6.23859331205787
5.67502337503112
5.05069774501382
5.50813290017582
4.78995060580092
5.71233795679064
5.37762065571251
6.10798990594382
6.55137452506959
4.06455051506441
4.68352564580703
4.87100238871731
4.64383193850718
