"Name" "Algorithm" "k" "ROC.AUC" "Average.Precision" "R.Precision" "Maximum.F1" "Adjusted.ROC.AUC" "Adjusted.Average.Precision" "Adjusted.R.Precision" "Adjusted.Maximum.F1"
"Vowel" "KNN" 98 0.223333333333333 0.0672307977819976 0 0.181818181818182 -0.553333333333333 -0.0364102246866694 -0.111111111111111 0.0909090909090909
"Vowel" "KNN" 87 0.312222222222222 0.0752514263388712 0 0.188679245283019 -0.375555555555556 -0.027498415179032 -0.111111111111111 0.0985324947589098
"Vowel" "KNN" 84 0.401111111111111 0.0863703093047791 0 0.196078431372549 -0.197777777777778 -0.0151441007724677 -0.111111111111111 0.106753812636166
"Vowel" "INFLO" 75 0.486666666666667 0.0968899521531101 0 0.18348623853211 -0.0266666666666666 -0.00345560871876661 -0.111111111111111 0.0927624872579001
"Vowel" "INFLO" 59 0.572222222222222 0.125081585081585 0 0.266666666666667 0.144444444444444 0.0278684278684279 -0.111111111111111 0.185185185185185
"Vowel" "LDF" 2 0.657777777777778 0.310776029526029 0.2 0.324324324324324 0.315555555555556 0.234195588362255 0.111111111111111 0.249249249249249
"Vowel" "LoOP" 85 0.743888888888889 0.293337193652832 0.3 0.347826086956522 0.487777777777778 0.214819104058702 0.222222222222222 0.27536231884058
"Vowel" "LoOP" 62 0.829444444444444 0.548559577677225 0.4 0.533333333333333 0.658888888888889 0.498399530752472 0.333333333333333 0.481481481481482
"Vowel" "COF" 94 0.915555555555556 0.823809523809524 0.7 0.823529411764706 0.831111111111111 0.804232804232804 0.666666666666667 0.803921568627451
"Vowel" "FastABOD" 8 1 1 1 1 1 1 1 1
