0.0
0.0
0.5378977969979777
0.0
0.0
0.18461007959122222
0.0
0.0682131475167196
0.8861071875670544
0.0
0.0
0.0
0.0
0.0
0.0
0.0
0.0
0.0
0.0
0.0
0.0
0.7029602433093012
0.40467504636516255
0.0
0.0
0.8274986255051447
0.0
0.4939575549073162
0.0
0.49705539350184613
0.0
0.0
0.0
0.8661246207532384
0.0
0.012599354872332357
0.0
0.0
0.2785125139116068
0.0
0.0
0.0
0.6993567287952033
0.0
0.46448538058084393
0.0
0.6753747022023164
0.06820926746036435
0.34398499784733094
0.5463038748452712
0.0
0.2060200570348766
0.6530471538408993
0.0
0.0
0.0
0.8083533295117843
0.44349008700592035
0.9276371648502298
0.45546726537052684
0.04103344810245086
0.0
0.0
0.0
0.0
0.0
0.0
0.0
0.32637467877754306
0.34568166696945796
0.0
0.0
0.0
0.0
0.49243642917965
0.0
0.0
0.0
0.0
0.5942141806158893
0.3759036610296788
0.0
0.0
0.3974809764313352
0.7186105664265834
0.0032327032612350336
0.0
0.09070321742447775
0.0
0.0
0.0
0.47545589258256504
0.2778114401699571
0.08359011849942156
0.0
0.0
0.5320167945241983
0.0
0.0
0.0
0.26323936552952293
0.0
0.0
0.6034844620200683
0.10293334348044407
0.0
0.0
0.0
0.6400095650938676
0.0
0.0
0.0
0.0
0.0
0.0
0.833417621287936
0.0
0.0
0.0
0.3165673001403498
0.3736231795345832
0.0
0.5272172599671289
0.0
0.10138473618945411
0.23345553594841198
0.3900536771642931
0.9256548188683006
0.8783797794009965
0.8809305513964442
0.2637626076210194
0.5823559772309005
0.0
0.927395726252423
0.04695966146636543
0.0
0.0
0.1582622577853316
0.0
0.4536475448145961
0.0
0.0
0.8048560686993592
0.40619591193015475
0.0
0.0
0.8293464601870559
0.0
0.0
0.0
0.42964396409063454
0.0
0.0
0.9251132200368756
0.4470817911659084
0.6388805094914165
0.3858613221270146
0.0657296868375179
0.0
0.0
0.0
0.3195120895531697
0.25105166718758537
0.0
0.2626451025095148
0.0
0.13029431294970023
0.6294712094257469
0.0
0.0
0.7610476937675208
0.8426253306774404
0.7466511134010616
0.4017646438103398
0.0
0.9724290836302026
0.6626425993014231
0.9561288883277108
0.6950302848635397
0.0
0.0
0.15739309062576537
0.0
0.3665414156144848
0.0
0.0
0.09171755257286027
0.7604825845427974
0.809180036209534
0.4743419830406351
0.7467227166215004
0.68926140415958
0.0
0.0
0.6107479307979352
0.0
0.0
0.0
0.9721336542204381
0.0
0.2579716529562981
0.0
0.6113667681866843
0.1830691333353015
0.0
0.3320164160441224
0.6469327259141319
0.0
0.0
0.0
0.0
0.11060132377915871
0.22856823996777734
0.0
0.0
0.0
0.6687747022275261
0.0
0.0
0.1770185129385505
0.2673556596875929
0.0
0.0
0.0
0.0
0.13526191004693067
0.0
0.0
0.0
0.0
0.3205901891266949
0.1342644268010096
0.5359591788758492
0.0
0.0
0.10209725900980846
0.37933320722042785
0.3180345185825539
0.9669967400402367
0.0
0.0
0.8141921566695648
0.0
0.5597334935726488
0.5862076236067257
0.0
0.8919491244498553
0.0
0.0
0.0
0.09509661867616334
0.9163236717364963
0.0
0.49622257626512045
0.0
0.5328890634254452
0.0
0.0
0.0
0.0
0.0
0.7744232680553103
0.0
0.0
0.42564309822550694
0.0
0.0
0.0
0.6400152809952103
0.6481637553237211
0.06487730422185474
0.0
0.0
0.0
0.0
0.40223218981693093
0.331850937618417
0.5623461429971797
0.0
0.5717397233058584
0.0
0.06892626102247389
0.0
0.28300729042805245
0.7696768135162826
0.0
0.9426101255654905
0.05041028893798255
0.0
0.0
0.9363626411428586
0.0
0.9982223758022118
0.0071781611803282035
0.0
0.0
0.04894617968571671
0.13065129239227904
0.40798678731276683
0.4330819541923969
0.9773700571789002
0.0
0.0
0.17718645658012683
0.0
0.0
0.0
0.0
0.0
0.5302359505563924
0.0
0.27179804570559074
0.0
0.0
0.9155894079033788
0.0
0.0
0.0
0.0
0.0
0.0
0.0
0.4726779547439112
0.0
0.0
0.7767990885327871
0.0
0.0
0.0
0.6523004819907497
0.10683522988638995
0.0
0.6758895495888666
0.7751264094704357
0.0
0.38652657158069614
0.49779174568679013
0.2864724678625705
0.5711154241694606
0.5653505532319206
0.7506337927572886
0.0
0.2783132035843536
0.0
0.0
0.9358396871161146
0.0
0.33385793955658605
0.5192572793832255
0.2791010491003218
0.0
0.26515543420300963
0.11784755024293389
0.794710307641897
0.3045768574926559
0.026718818015359566
0.0
0.08750805607275797
0.0
0.4853453423391606
0.5077314802051847
0.0
0.7911088772672689
0.0
0.9772936718205045
0.0
0.0
0.27117040239671675
0.0
0.0
0.0
0.0
0.5178595281969166
0.0
0.0
0.0
0.0
0.7930450786667547
0.03121370628059974
0.0
0.0
0.0
0.5324498045486376
0.0
0.0
0.0
0.6182013157987477
0.8242842408313571
0.0
0.15060768711760517
0.0688232680380349
0.6901222698986336
0.40221378981975586
0.0
0.8174874465194245
0.0
0.0
0.6361289048747071
0.13788321586022792
0.0
0.5540221901190652
0.613430768396207
0.4544237860005508
0.0
0.20227186686960208
0.0
0.18420386716456558
0.46560022542569907
0.0
0.2934185048189189
0.0
0.2597903351403331
0.0
0.0
0.7133444312796559
0.0
0.16529336358972668
0.0
0.0
0.9865302573146999
0.0
0.0
0.0
0.0
0.4426134113630118
0.0
0.0
0.11504400115505412
0.5098973827948532
0.0
0.6218025937711509
0.3086321918962038
0.0
0.9890293168238953
0.0
0.9310362411065559
0.5501243885676403
0.0
0.0
0.3777456714020311
0.0
0.0
0.2182680590737802
0.8101697029191487
0.0
0.19938719926847667
0.0
0.1410486103526641
0.6155089339941016
0.0
0.0
0.39947551291667116
0.0
0.8313354571283665
0.0
0.0
0.3623170249167908
0.0
0.6425517047844854
0.048671729538214595
0.0
0.8370416854435648
0.5531999047920622
0.37092602687369247
0.8094318233838594
0.37703828339759576
0.9918610144084657
0.0
0.8168126699370906
0.3653741819671219
0.4477582035169396
0.7140521469915897
0.0
0.7850070964633457
0.0
0.6209999601551109
0.0
0.09888639151408476
0.8580426880925023
0.14460464560021927
0.24969357458354455
0.6947110874252496
0.0
0.0
0.246723188449733
0.0
0.1535806960944929
0.0
0.0
0.0
0.444653538341349
0.9556087772368919
0.5384575260814692
0.6275734364684209
0.0684845190536956
0.6642726841429655
0.8648384602481239
0.48822156408864514
0.0
0.8088485971888647
0.0
0.6604249490116122
0.0
0.0
0.0
0.0
0.2181656511278759
0.4978354300734334
0.6230178685116823
0.0
0.34475922154858635
0.0
0.0
0.15244594492247107
0.0
0.43762546298853006
0.0
0.6677103179232468
0.1919245446361592
0.0
0.0
0.0
0.043053620023577065
0.41448317549766567
0.0
0.0
0.24736239482972555
0.0
0.8693843507189764
0.0
0.0
0.0
0.3707507803246463
0.9832476444816345
0.0
0.6327204455689699
0.012679608942103173
0.0
0.0
0.0
0.0
0.4175493245272175
0.6621829637078641
0.0
0.8242060877239442
0.0
0.0
0.7261434060210208
0.0
0.0
0.3806657198957711
0.0
0.0
0.4994616393000577
0.0
0.6528424991790772
0.0
0.6123394797689716
0.0
0.2109368277370158
0.0
0.0
0.0
0.8660984741554981
0.0
0.0
0.21009903612532407
0.0
0.442783518127666
0.0
0.0
0.24152902208024798
0.0
0.8078708694210587
0.0
0.0
0.06752359772528573
0.5397527952020422
0.0
0.0
0.9901865424927596
0.4456662795508596
0.39223462228712913
0.7467596318096851
0.0
0.0
0.0
0.0
0.0
0.0
0.0
0.0
0.0
0.45850608141201726
0.4204550378451017
0.3641426450659069
0.555199611404885
0.0
0.4448821692228334
0.0
0.0
0.0
0.0
0.1029370670164703
0.8507765482344806
0.0
0.0
0.0
0.0
0.0
0.3444187030061548
0.35727772566490995
0.0
0.0
0.615781374094053
0.0
0.14116031006263466
0.0
0.7384468383664312
0.24201005738035944
0.0
0.0
0.22735232698153462
0.0
0.0
0.6374225943752141
0.0
0.0
0.0
0.0
0.0
0.28875854295597925
0.6245002519730546
0.8646071519462577
0.34392857621222567
0.0
0.0
0.7149456883626356
0.0
0.8342043873775418
0.0
0.15258802731793158
0.06839103935686562
0.8104569417775098
0.0
0.0
0.7345903841375513
0.3951177547974263
0.0370522641673907
0.0
0.2492808483166172
0.0
0.7941700776972881
0.4230500820800992
0.2363360372794476
0.765540005308004
0.8941150545827775
0.6923603582457464
0.6362067862925413
0.0
0.0
0.0
0.1402221122013077
0.0
0.5400304079485915
0.32498910772981615
0.0
0.34313672255041283
0.10805899970491625
0.0
0.719988376572741
0.6014861658642529
0.6475224975479544
0.48482924887855444
0.36889000973823555
0.0
0.6480661280219399
0.0
0.0
0.0
0.18411450237493854
0.0
0.7738400437357598
0.8077776557210073
0.7806027363266688
0.0
0.0
0.0
0.0
0.9337578383864037
0.25765219292681635
0.2008319717292201
0.0
0.0
0.0
0.0
0.0
0.0
0.0
0.0
0.0
0.0
0.7781943925637796
0.6896730814227323
0.0
0.5776888163360716
0.0
0.16358227714826523
0.0
0.0
0.0
0.0
0.6089340984695942
0.0
0.8587852310261537
0.5369960429257056
0.22002630590984867
0.7572117278987037
0.0
0.0
0.33676901445504204
0.0
0.0
0.0
0.2533077873935532
0.45430978205969713
0.5289153430413538
0.0
0.3879831351822894
0.0
0.0
0.0
0.8166401955634053
0.434805771967493
0.5014121480285536
0.0
0.33142915811017737
0.5319544461595113
0.0
0.902893088062947
0.0
0.25067620351916425
0.7732398072660054
0.024247800182595043
0.8031409986665641
0.0
0.4740662901884784
0.2511055083046748
0.0
0.19479483076062587
0.9777845682059342
0.8119654565810669
0.6319398439964733
0.0
0.0
0.0
0.0
0.0
0.0
0.0
0.5339620617118622
0.09283627531306043
0.3692526883393127
0.04180634051718131
0.18954562802394104
0.8609413586022513
0.2495127194052562
0.6517312170068447
0.0
0.5465427055694828
0.17095409541260803
0.0
0.0
0.0
0.8771322744789215
0.0
0.06020127487915989
0.0
0.0
0.7630564753895944
0.0
0.0
0.9962392810926481
0.0
0.0
0.7614669111947358
0.0
0.7129627019064617
0.06839880285193453
0.0
0.0
0.12688410065942862
0.8574578373683321
0.0
0.613459350652578
0.0
0.31746860529058574
0.35797876932306005
0.06376145581045621
0.09410444594938075
0.942299844497731
0.0
0.4801566468887861
0.0
0.04261489007838883
0.5679369007005904
0.711016257005433
0.0
0.0
0.2534107428085235
0.0
0.0
0.0
0.0
0.0
0.7495388270486947
0.0
0.15900311088920852
0.5526270224467437
0.3783904233364972
0.42454283330823983
0.39263126064017995
0.0
0.378752780486005
0.0
0.8955451025960502
0.6124953712884945
0.3520888325480075
0.12961350356813392
0.0
0.33609546720441347
0.155150891252171
0.5005570718223222
0.34691656481520083
0.0
0.0
0.0
0.0
0.7790181527835713
0.982925945782886
0.8676234355256117
0.0
0.0
0.0
0.9227846856251352
0.8166017108984859
0.8781527972536801
0.0
0.0
0.0
0.8416348614611807
0.6643831677001385
0.19113387419455088
0.0
0.0
0.0
0.32259126535432514
0.0
0.9104701416814261
0.0
0.03960453047266459
0.0
0.6099966442812742
0.9690100678584507
0.8624756323469327
0.5387863700964165
0.570262938969284
0.0
0.6791286495933114
0.0
0.06882094005366504
0.0
0.8149748036908738
0.6534159695298694
0.35534783323630525
0.2305716048865738
0.0
0.5511079122909321
0.0
0.0
0.0
0.0
0.3614281109791302
0.0
0.3380021199877321
0.0
0.0
0.498596567626268
0.20892614315488145
0.1267608569957205
0.0
0.0
0.13291172951222593
0.0
0.6404665459639738
0.23420110924584317
0.0
0.0
0.0
0.09195510597704663
0.0
0.2962897488905994
0.0
0.0
0.0
0.0
0.4145456819402593
0.4361198315048256
0.0
0.0
0.9502569375887489
0.6814139196760339
0.0
0.5906067952693543
0.0
0.16819960464437217
0.0
0.0
0.5470766504246941
0.0
0.0
0.0
0.0
0.7899752212145746
0.0
0.0
0.0
0.8508761375647342
0.0
0.0
0.0
0.0
0.0
0.7219558153748952
0.4683087697738726
0.0
0.3456043066493891
0.5672894807120415
0.0
0.9853598112459703
0.36499204489508696
0.0
0.29186847682904415
0.36473430822764064
0.0
0.0
0.20073472159498426
0.0
0.0
0.0
0.9409042289496219
0.0
0.8260221470056731
0.09778818635118575
0.37030203372229775
0.6067670995359831
0.9275261139761001
0.0
0.20036524351951074
0.9112911534479512
0.0
0.21286627830269314
0.0
0.0
0.0
0.0
0.27106675872876007
0.0
0.45808975996557905
0.332253822356826
0.45764869299460187
0.0
0.0
0.0
0.9314384215851147
0.0
0.0
0.0
0.0
0.0
0.11997592206478148
0.3617262848473754
0.29597486282064933
0.0
0.0
0.0
0.0
0.0
0.0
0.0
0.7998031876451283
0.0
0.8989207786221477
0.0
0.9837355851563985
0.10804538943459852
0.0
0.0
0.0
0.3983692561497257
0.30363375436982565
0.0
0.39767373948515494
0.0
0.0
0.12396410284056897
0.0
0.4730219110560598
0.0
0.6941830027052306
0.0
0.0
0.0
0.1154740658663959
0.6540546751957391
0.27136734225404996
0.0
0.0
0.0
0.6130335641725395
0.0
0.10955782178475627
0.0
0.2582944488712125
0.48394530418635584
0.0
0.0
0.19429108267255882
0.0
0.5950629402125628
0.0
0.4326785047609602
0.18883412140198835
0.0
0.0
0.8226693502952022
0.0
0.4367927523993406
0.0
0.9369915737881122
0.0
0.9121983247951853
0.0
0.5124823038040256
0.21279196637184186
0.9361159122529422
0.3702409951729822
0.10139236139703273
0.0
0.0
0.0025604226021062695
0.43181167953351046
0.0
0.0
0.0
0.10673383427327397
0.0
0.0
0.0
0.0
0.0
0.0
0.1554463422722407
0.4255051788401728
0.0
0.0
0.652528469035884
0.9611351253956713
0.8316676463350224
0.30943443651169655
0.1633111432884671
0.0
0.5733827347345918
0.0
0.40638050828414524
0.0
0.09411294012954423
0.0
0.0
0.4660110757713813
0.2577031198646264
0.0
0.0
0.1752235370402284
0.0
0.841465587490716
0.0
0.18645999713588882
0.3787479412522687
0.0
0.19307399871887118
0.0
0.3252152943026139
0.0
0.7099381365895892
0.0
0.19979664181835935
0.841972466130435
0.13063229964312886
0.16632248983152953
0.0
0.679452098213636
0.31360094849913617
0.47441921260185216
0.160158047053729
0.6188470177549537
0.0
0.0
0.0
0.17255232024526077
0.5349964590213632
0.4650401860153263
0.0
0.0
0.0
0.7312119014100766
0.3091980230081872
0.2230453416674889
0.0
0.0
0.5867002796497244
0.0
0.2631710304919196
0.9042435472419423
0.0
0.5856789094591465
0.42604857241544825
0.04543830953174268
0.0
0.3582195843350259
0.7039592771868523
0.13732480067398556
0.0
0.34606929194334646
0.0
0.7336155347472506
0.0
0.6590027575463058
0.23620710983129517
0.283955763347243
0.0
0.5310184147861264
0.0
0.8329032782877903
0.33534004838137554
0.08893769668943353
0.31032873285788054
0.0
0.2372461347158641
0.25980889547029484
0.0
0.0
0.0
0.0
0.0
0.0
0.0
0.8234150957310143
0.46052051127526145
0.0
0.0
0.0
0.0
0.5360145903275941
0.0
0.2056089541687353
0.0
0.046107706206238636
0.0
0.6779893676656532
0.0
0.0
0.04480875847888035
0.0
0.7178345654455104
0.0
0.14995200570440365
0.0
0.0
0.09496254981972639
0.0
0.0
0.0
0.0
0.0
0.0
0.0
0.0
0.0
0.08425751000029554
0.4467183207663032
0.0
0.0
0.8149534824591337
0.38802970227922623
0.0
0.611412951370898
0.1679642367674741
0.0
0.8213957035310465
0.0
0.0
0.0
0.00755657346844027
0.9464544857324777
0.0
0.0
0.0
0.0
0.49785483710009487
0.0
0.23799267252198833
0.13169331875653234
0.10510809814427831
0.21310210255835554
0.023379295809138997
0.0
0.07552418841868139
0.0
0.9097078378257575
0.9221269791129842
0.28946848771828154
0.9263123345054437
0.5998307261105271
0.0
0.0
0.0
0.16608971220789553
0.0
0.7746861159365286
0.9378641205000766
0.009542364521180164
0.0
0.0
0.0
0.8569584316948231
0.0
0.5189396893336213
0.30716302508668053
0.0
0.8418687995171783
0.7249235049301652
0.0
0.0
0.0
0.0
0.0
0.39206050645912116
0.0
0.0
0.6531157966872783
0.0
0.0
0.930954087762098
0.0
0.952532653985006
0.27392756729254303
0.9269790852435281
0.0
0.20628894605057035
0.21059021500194458
0.0
0.0
0.0
0.0
0.08082878768759688
0.0
0.1624368626086509
0.33918368013832656
0.0
0.8858046749334082
0.0
0.94316767634511
0.0807184907662808
0.5877982876835833
0.0
0.0
0.0
0.0
0.0
0.13622400752286518
0.03570520186505612
0.10318524266995614
0.0
0.0
0.0
0.0
0.0
0.032903319990755964
0.6259722093600625
0.4712069746384115
0.9832811978179453
0.0
0.0
0.25519522198638306
0.0
0.0
0.41416970109516127
0.13375446051141823
0.46044942611315404
0.0
0.0
0.5725484196880712
0.0
0.2024039936835338
0.0
0.7662490562919875
0.5606680165190003
0.9078983242171781
0.0
0.0051837495877433476
0.0
0.8455485510605814
0.4148078273135527
0.0
0.0
0.01698862816244502
0.6288403366090382
0.5520903911784759
0.0
0.6394951915958501
0.7420931209434647
0.0
0.8003934685282278
0.20070621615756443
0.22414318791539492
0.0
0.03983693058250618
0.4956006633770005
0.0
0.38780542915670135
0.10711549190107031
0.322362714538744
0.0
0.0
0.0
0.0
0.8740367605000199
0.01509899550896762
0.0
0.0
0.569104863617867
0.0
0.2357765738418
0.0
0.43898696649155977
0.21799709745557513
0.0
0.20741249423303798
0.0
0.7768788044598393
0.0
0.0
0.0
0.0
0.29420992775526156
0.0
0.0
0.0
0.0
0.0
0.0
0.0
0.7799356648100999
0.8542937727289394
0.0
0.16828568760432758
0.47308049690950205
0.7978570085937792
0.2849331432230576
0.40457881963056547
0.8644317266814715
0.0
0.0
0.4173948958282248
0.898067098209477
0.5387696502020838
0.31899801799012806
0.3256194819109913
0.7440399396687557
0.7359866607672261
0.0
0.0
0.0
0.0
0.0
0.0
0.21192924590065984
0.8087750740120975
0.0
0.0
0.0
0.0
0.0
0.0
0.773221806501941
0.3826667484676408
0.0
0.0
0.5728441770897583
0.15045427998523206
0.6411152947864539
0.09526659633565995
0.0
0.0
0.17382718956250157
0.9680964874469724
0.0
0.0
0.5988177162536109
0.0
0.7022866783727952
0.0
0.0
0.0
0.2020464505746664
0.0
0.0
0.11536776263489255
0.0
0.673970708324986
0.0
0.0
0.7465903721267005
0.0
0.0
0.9996303309511115
0.0
0.0
0.7891357768082115
0.0
0.0
0.0
0.0
0.0
0.0
0.0
0.0
0.0
0.0
0.0
0.4378183792755852
0.0
0.6653529394400907
0.0
0.0
0.0
0.0
0.42729600477088725
0.0
0.0
0.0
0.0
0.0
0.22048339557956328
0.0
0.0
0.8383463632583037
0.0
0.2859821758120419
0.0
0.38474888857404815
0.0
0.3310277057333573
0.29272316884998
0.7278969310314706
0.0
0.0
0.0
0.937577850706613
0.0
0.0
0.0
0.365931763851187
0.7318001556169685
0.0
0.4973917621128354
0.0
0.0
0.0
0.9629791257730029
0.8457478905752296
0.15671809510247806
0.14955131567291483
0.0
0.0
0.4489908556778228
0.5558219301471561
0.5262478827112841
0.0
0.0
0.0
0.6360743303796513
0.7509675943830165
0.14622298649082593
0.05924747628570183
0.0
0.0757416169378391
0.0
0.0
0.3039680699785072
0.0
0.0
0.9248156641987028
0.46391721587788387
0.0
0.0
0.0
0.0
0.8680382369655097
0.511764886006957
0.6172956254735307
0.1804876043584011
0.3966972981730769
0.04679598537749898
0.0
0.0
0.0
0.0
0.0
0.908571778561981
0.0
0.0
0.0
0.0
0.0
0.8972960819974852
0.6771761904296212
0.0
0.0
0.0
0.0
0.8851624358703213
0.3140052379890887
0.0
0.0
0.0
0.0
0.7832789707962912
0.0
0.0
0.0
0.5227245674183078
0.3777996022984867
0.0
0.6683004617502204
0.0
0.0
0.0
0.0
0.0
0.0
0.20551389895413524
0.0
0.0
0.0
0.0
0.648015940555576
0.0
0.0
0.6873816380243599
0.030968362128681967
0.32055414682227895
0.0
0.9980551817874803
0.0
0.23103770165210746
0.49989731022856815
0.31306426906225965
0.4924379121255766
0.0
0.0
0.40141791628710644
0.0
0.7429472722464183
0.0
0.5766991248045558
0.0
0.0
0.0
0.10669124702031103
0.0
0.0
0.04077419065198986
0.0
0.8724793832236226
0.0
0.47526678964343216
0.9486990571064665
0.6156048982098574
0.0
0.5319697160200993
0.0
0.0
0.8043191651337789
0.990492802205703
0.14648588697100856
0.4130706596957611
0.9373304812251632
0.0
0.0
0.0
0.3177645646963399
0.0
0.0
0.0
0.4137827526698076
0.0
0.0
0.8479243519840372
0.0
0.0
0.0
0.9252719026607054
0.0
0.801096226564903
0.0
0.0
0.040077744614490915
0.0
0.7006657449656173
0.9763267153535854
0.0
0.0
0.0
0.0
0.038514586181622824
0.0
0.3605915135591382
0.0
0.0
0.0
0.13096006628814166
0.0
0.0
0.10973382360344368
0.775590769672103
0.17677557127011975
0.0
0.0
0.5571517284047193
0.8895893985923714
0.3213443383488688
0.03465778867398358
0.27246726105369795
0.20749789076579142
0.0
0.10922126938441587
0.0
0.0
0.0
0.0
0.8046006340037649
0.563008142251254
0.0
0.0
0.0
0.0
0.0
0.07581382789300278
0.0
0.6933137019126927
0.0
0.44232760135674937
0.0
0.8054875748733563
0.0
0.9513420624646942
0.0
0.34472332175220344
0.0
0.3114995208231202
0.2758753416152208
0.0
0.4973636525814439
0.0
0.0
0.0
0.4825589990565705
0.0
0.0
0.4111236943372248
0.0
0.0
0.06142910977514165
0.7465467039780205
0.0
0.0
0.0
0.0
0.8097501009824066
0.0
0.0
0.0
0.0
0.3371043823294005
0.0
0.0
0.0
0.45765960810149353
0.0
0.0
0.0
0.7844392580112969
0.43503712675506656
0.0
0.0
0.009166030402631116
0.0
0.0
0.9711454604653924
0.0
0.0
0.35649121434965403
0.0
0.12776943996666978
0.9118001723071902
0.05639338012362389
0.0
0.0
0.0
0.7745428338914887
0.34247921906487705
0.6158543173185635
0.14432256774006852
0.0
0.0
0.0
0.60944448807862
0.0
0.0
0.3599365310985207
0.0
0.0
0.0
0.5242231871842932
0.0
0.26058602584691254
0.6607446358374295
0.0
0.0
0.3265438462622218
0.0
0.0
0.3135588686286703
0.08294339762195994
0.0
0.7500138692274599
0.22970151220212778
0.47104927644580524
0.0
0.3002159539896719
0.0
0.4736595644304681
0.0
0.0
0.5149709597268782
0.0
0.0
0.0
0.68016765413416
0.983470945377981
0.0
0.14446529516924164
0.48699425148798275
0.47809403186441946
0.3627654187355528
0.0
0.0
0.0
0.06765253775441989
0.8749679409238793
0.0
0.0
0.15183977915438326
0.0
0.0
0.0
0.0
0.1593865472360899
0.48108201129751765
0.0
0.04153959981922074
0.0
0.0
0.3854965636411406
0.0
0.0
0.9700864390461348
0.0
0.0
0.40070737376343274
0.0
0.7292419656497725
0.8141316071801079
0.006873396191669147
0.26251754237500957
0.0
0.0
0.0
0.23990762045077654
0.0
0.6218231509332387
0.7523325374848084
0.0
0.0
0.03106467302418914
0.18522887950676986
0.9345252752263725
0.0
0.6171281265960997
0.0
0.0
0.06550953545487334
0.0
0.8135426011010646
0.0
0.0
0.9993481876661978
0.09549591935068633
0.08125313772178197
0.9644599892459372
0.0
0.0
0.4706318542532161
0.0
0.45446823532687075
0.0
0.18127054087664538
0.0
0.0
0.0
0.0
0.0
0.0
0.0
0.0
0.0
0.0
0.41874907099406666
0.17753633895558824
0.0
0.31957320694818375
0.0
0.0
0.0
0.4975321102186835
0.0
0.0
0.0
0.17824479804827034
0.0
0.8045282345938805
0.0
0.0
0.0
0.24877516364804084
0.471458754216769
0.0
0.0
0.32145275778245613
0.30019358627463677
0.9540477211642501
0.5742565748265701
0.6326513316004256
0.36306188354116986
0.0
0.50093491803377
0.08150048577899756
0.45171222411507794
0.37380639685703315
0.2501914604153669
0.0
0.3967368383499263
0.0
0.9122987653374773
0.0
0.125439144405765
0.0
0.0
0.608366545510757
0.0
0.972664194390123
0.8396467234272004
0.0
0.0
0.0
0.9873894041058844
0.8064149430506241
0.34647595423480276
0.0
0.34959695659895745
0.7524289075166194
0.7875361462323207
0.5430656973891393
0.8668134829822416
0.560322761609095
0.0
0.1755122956306892
0.25410637217296744
0.0
0.6817445283945726
0.541568746310953
0.3960586042403522
0.17713148824795028
0.0
0.0
0.5138373000294693
0.0
0.0
0.0
0.36513935615976123
0.0
0.818147794302132
0.0
0.0
0.011606241910472798
0.0
0.0
0.0
0.0
0.35163946183374906
0.0
0.0
0.261974742103715
0.9447316004016224
0.0
0.0
0.7500694989522982
0.9581216944674118
0.0
0.0
0.6301135285521645
0.5552343396253443
0.0
0.0
0.0
0.6519279899442614
0.9902717177690624
0.0
0.0
0.5284164329109095
0.0
0.0
0.0
0.203639679837109
0.0
0.0
0.9018833331658994
0.0
0.7006625565202665
0.0
0.0
0.8987907458029539
0.0
0.011554732886383296
0.48531698814042357
0.5674874193073853
0.0
0.0
0.5476634478583711
0.0
0.6215809838645358
0.0
0.9765824776730097
0.7825266307806708
0.8223488766413021
0.0
0.2997790366838833
0.05452118401325193
0.0
0.0
0.0
0.0
0.39945984176871785
0.21654649233202933
0.0
0.9195810363162998
0.0
0.7896388246155284
0.5131694543148198
0.0
0.0
0.0
0.6898816398838655
0.0
0.13365529663502398
0.0
0.9414317861770419
0.0
0.0
0.0
0.0
0.8890746411076573
0.8371864695236022
0.0
0.0
0.47575560873444667
0.0
0.8363278357129225
0.31207583171770276
0.49219588008340853
0.0
0.07526665089362457
0.5708876385805527
0.0
0.0
0.7235276160460177
0.0
0.7318476550128642
0.0
0.0
0.06824805519762688
0.0
0.35789977399205636
0.04783072972210262
0.8231186513205503
0.0
0.0
0.0
0.0
0.6324312503998311
0.5511214868827129
0.030991963861986025
0.0
0.0
0.8654879177294696
0.0
0.0
0.03190741366901414
0.0
0.7710849639195616
0.0
0.0
0.0
0.5915665370726825
0.0
0.0
0.0
0.1654403499807994
0.0
0.7456839147623899
0.41459983672492196
0.0
0.8869003221633417
0.6005383695685279
0.3364636198967705
0.8851615541985255
0.0
0.9021371875091178
0.29400387017974383
0.0
0.0
0.0
0.0
0.9188385813920569
0.0
0.6332740712298224
0.5316921139898966
0.1580664041387527
0.0
0.0
0.18484285732473418
0.49038086211330106
0.0
0.0
0.19611847664433635
0.13246894150247268
0.5306532684951233
0.0
0.8360374038828757
0.0
0.48304850069739125
0.0
0.0
0.0
0.0
0.2624338803405603
0.31718528102600324
0.0
0.0
0.0
0.5840031928926961
0.20594482719571197
0.9961816529309728
0.7417918777047972
0.0
0.6445552905949423
0.0
0.0
0.5465709120339302
0.0
0.0
0.0
0.25402121441637915
0.0
0.0
0.15110725663050606
0.6254187832783081
0.0
0.4097778027202545
0.0
0.16942250202699577
0.0
0.07176123267161233
0.0
0.23804290176044568
0.31219603041516486
0.07239191601269698
0.0
0.813969290743474
0.9089495778300222
0.0
0.8286247527923104
0.012991870306658215
0.47353156558172793
0.0
0.0
0.9021046382349945
0.709240318328824
0.6570968539550139
0.0
0.0
0.5413562845052018
0.7076898729438216
0.13437427714860417
0.0
0.0
0.0
0.10583175764546786
0.0
0.0
0.7736114219678967
0.842475048086082
0.0
0.7622008277368982
0.9071114575342776
0.9248107948171171
0.0
0.7222241731031469
0.6112511009934267
0.33072569007179364
0.34984990622547846
0.0
0.11693291180947553
0.0
0.0
0.0
0.719309174538534
0.8155506605711585
0.09987163771588095
0.0
0.7626481382043198
0.0
0.0
0.0
0.14251452144305815
0.9268533832389423
0.0
0.9134180623173556
0.0
0.043044409569182936
0.0
0.7928869882277868
0.006998108488943097
0.0
0.311137694701519
0.0
0.9574260145424406
0.3674457763833226
0.0
0.0
0.03167592503310783
0.4612129376754973
0.0
0.37073467891528844
0.436166827577984
0.0
0.057194105502781374
0.25324241518787166
0.8088641413089843
0.9622310088034514
0.0
0.3973455716436072
0.2107412332171934
0.0
0.0
0.0
0.0
0.32138970171443815
0.055181545818096055
0.0
0.23813888961987456
0.8140195771533422
0.4483911050034122
0.5354447505148913
0.0
0.0
0.4970732978889837
0.0
0.12023900155685192
0.0
0.0
0.0
0.0
0.36287046372421194
0.0
0.7119277374920634
0.0
0.0
0.11288276852893575
0.0
0.28552626020803007
0.823107682166646
0.0
0.0
0.0
0.4048177492937588
0.0
0.4318401726535383
0.0
0.0
0.0
0.0
0.0
0.20467904245115834
0.1457864581617342
0.6935517280618767
0.0
0.0
0.0
0.37236737710979845
0.0
0.09226838346019588
0.8896246099035963
0.17288462640844382
0.0
0.0
0.38545402485265184
0.0
0.7836144849872256
0.0
0.0
0.31806859099586754
0.8624933020032073
0.8156885082173078
0.17641354641829388
0.026961987152156336
0.07517347151605762
0.0
0.0
0.0
0.0
0.0
0.0
0.12583110776774123
0.0
0.37519742042754267
0.7690003270093076
0.0
0.04915197944722044
0.8774089192429806
0.9447885027335845
0.0
0.47375857695605017
0.29329967973301097
0.7640998843074016
0.7993378730671317
0.8731852774436383
0.0
0.023172405288631077
0.15619237977857767
0.0
0.21897225508818433
0.5696889716007275
0.18457330652936732
0.0
0.0
0.34771930503270476
0.0
0.0
0.0
0.9014082321843668
0.0
0.0
0.0
0.0
0.40667704115454617
0.11371796972993228
0.0
0.1301106277812402
0.8258685123227744
0.3086601019082632
0.7938544457224215
0.3847480487595108
0.0
0.8084945285833126
0.0
0.0
0.15844781168407382
0.0
0.0
0.0
0.0
0.0
0.0
0.7368317434481018
0.0
0.0
0.0
0.6627266385920543
0.0
0.15192017225526083
0.7536455117017082
0.0
0.0
0.0
0.0
0.0
0.013912480398536625
0.0
0.0
0.9228881283353636
0.5364780587682914
0.0
0.6212136876913547
0.41932683158196576
0.0
0.22270488221190296
0.0
0.0
0.0
0.06862935661365885
0.0
0.0
0.0
0.9737554260704206
0.0
0.0
0.0
0.6398794191538609
0.6583007401867337
0.7133943713144276
0.0
0.0
0.25013544274999255
0.0
0.0
0.6155833254368662
0.0
0.0
0.0
0.0
0.0
0.0
0.9702882259417186
0.0
0.0
0.0
0.0
0.5728281676579672
0.9274057596411726
0.0
0.0
0.648744959449085
0.0
0.8638153127396723
0.670636358764816
0.0
0.5461942877788264
0.0
0.14911149202343882
0.9937873728143573
0.37121812848717906
0.0
0.8532811293385623
0.0
0.0
0.0
0.5847818074439605
0.839814093020474
0.9357519443159227
0.6154489823877226
0.0
0.0
0.0
0.0
0.10167135355601437
0.0
0.5107400754247194
0.97028593107571
0.9912621433952675
0.939967736144302
0.3636724705172892
0.397616398202818
0.01762546208688617
0.0
0.0
0.0
0.17850303817169758
0.5851279731915003
0.6203361216221245
0.0
0.0
0.0
0.0
0.32169751500419075
0.0
0.0
0.47747973377426345
0.0
0.0
0.0
0.6950619290393903
0.5022322641858696
0.997676097019324
0.0
0.8639380160004648
0.0
0.0
0.96822928039688
0.0
0.0
0.0
0.5567258802719683
0.0
0.0
0.0
0.7714077093943416
0.36533251268615896
0.0
0.0
0.6244747862617516
0.26149346598309053
0.06687556897022534
0.0
0.0
0.0
0.0
0.0
0.3194318558137032
0.47536670816329846
0.0
0.0
0.0
0.0
0.9760482796512504
0.7281870305032534
0.010278081415340966
0.0
0.0
0.8730730209542851
0.0
0.0
0.9593821725492396
0.053950739666974015
0.26739484423297827
0.8719456010740632
0.6423598982275469
0.8048191089589268
0.7168848611925136
0.0
0.32227276709335
0.7960052966508494
0.17775887567065396
0.0
0.0
0.04983691614901323
0.8898909215660761
0.0
0.0
0.2990016757834486
0.0
0.7908751364583847
0.09376476668869552
0.0
0.0
0.001410217845428218
0.0
0.0703252735646509
0.0
0.08862970911865385
0.6601733192105418
0.6769118943780584
0.15524946598277237
0.8831358402348416
0.0
0.0
0.0
0.0
0.0
0.0
0.0
0.0
0.25941208888320366
0.301215197382813
0.0
0.11309415620553842
0.6717133461434825
0.0
0.0
0.0
0.0
0.0
0.0
0.0
0.0
0.6105271605771485
0.0
0.07767296935919916
0.0
0.8183151309512633
0.3219603395145197
0.15167342793877597
0.0
0.0
0.5312823024029987
0.1290015808671895
0.0
0.0
0.10667505246323956
0.0
0.5695391753431445
0.0
0.013211568742952455
0.6528789672141134
0.0
0.0
0.5883600967001763
0.0
0.0
0.933225345468598
0.5045464630326472
0.0
0.3878164899483567
0.7108374092023553
0.0
0.0
0.0
0.20478534163231984
0.0
0.0
0.93413786724649
0.0
0.0
0.0
0.0
0.7350326186907779
0.0
0.0
0.9166298778281176
0.12316709772061425
0.4952860339941525
0.0
0.0
0.3491796920126171
0.4629603599645359
0.0
0.0
0.0
0.9220331437031821
0.2744692161378578
0.20395577223117572
0.0
0.8834551785748093
0.0
0.229428308338692
0.0
0.0
0.13140316034162086
0.5195584783732405
0.7030327197246311
0.0
0.0
0.0
0.0
0.0
0.9780807806633749
0.5132905722723923
0.0
0.1948087207422264
0.12470865095920428
0.0
0.5511280153387746
0.7850586044966645
0.0
0.4600516012888372
0.0
0.0
0.0
0.0
0.16668992536047436
0.0
0.8583549257270385
0.0
0.0
0.506993809820319
0.8956238048427558
0.4047403186029443
0.0
0.0
0.0
0.47990361577174073
0.5433927858184723
0.10838667839903375
0.0
0.0
0.0
0.8986929909006095
0.9350535882902462
0.0
0.24034308402959306
0.0
0.0
0.18325841966325937
0.8992008968447458
0.33576858208432653
0.0
0.6433752845613746
0.0
0.28403361908146574
0.3361216225929406
0.0
0.0
0.0
0.40094005120767623
0.8341385201726298
0.0
0.5692925877482155
0.888998802995601
0.8783301364959798
0.0
0.35880482632932625
0.0
0.6041364990175149
0.0
0.06207378691546799
0.0
0.0
0.0
0.0
0.7345535279512143
0.0
0.8278002593029044
0.0
0.1093939486878162
0.0
0.5090865311986587
0.0
0.0
0.0
0.0
0.0
0.0
0.0
0.0
0.0
0.0
0.0
0.0
0.0
0.0
0.0
0.885203800235923
0.0
0.0
0.0
0.0
0.42584740068434523
0.0
0.8216793709485088
0.0
0.8761285612394669
0.0
0.789376794630115
0.0
0.3904951004541164
0.0
0.0
0.361341824124828
0.43464523129783167
0.9451223237251322
0.8631124084116287
0.0
0.7417350715034807
0.13999518281554488
0.9125494181862236
0.6981017583781666
0.10837984171522336
0.0
0.9267855044760851
0.6638008242113741
0.0
0.8729653411486752
0.0
0.23300058632805498
0.7719155546156165
0.0
0.053292078158956036
0.0
0.3555526525765565
0.8389715722304079
0.0
0.0
0.9205353941005806
0.0
0.0
0.0
0.3146186532010384
0.3638252710143287
0.0
0.2103797154310695
0.5410783893919509
0.701118150184022
0.0
0.30304145376841946
0.0
0.0
0.2162250051651138
0.14807410452601039
0.6951516125005692
0.6478101551241088
0.0
0.0
0.0
0.0
0.009539214862652473
0.0
0.6175975476872536
0.6478298098502056
0.0
0.0
0.0
0.0575681207387223
0.0
0.984154744071653
0.0
0.0
0.0
0.0
0.0
0.0
0.0
0.0
0.0
0.0
0.0
0.0
0.4223183907171922
0.0
0.0
0.0
0.0
0.0
0.7045095708385248
0.0
0.0
0.7619726654922625
0.0
0.0
0.0
0.0
0.1386747908210871
0.0
0.0
0.7807447670449087
0.0
0.8791269509723902
0.0
0.0
0.0
0.0
0.0
0.3481883630496652
0.0
0.0
0.0
0.0
0.7960602598528757
0.34426209415209996
0.0
0.5659876418077178
0.6625348213339822
0.0
0.0
0.11175426023004303
0.0
0.0
0.0
0.07936316735117017
0.8798857568499397
0.5714366637695134
0.001687630121908256
0.5709356980540913
0.00999710889852219
0.3532961928344828
0.36848145309602537
0.2039136637018262
0.8710303626166326
0.0
0.0
0.0
0.7912597496400541
0.0
0.0
0.1546346447396806
0.0
0.0
0.0
0.03409293491807187
0.0
0.0
0.0
0.5369589651356897
0.0
0.0
0.0
0.6417803206271744
0.0
0.0
0.6565439352430579
0.13618101004912045
0.0
0.0
0.0
0.0
0.0
0.8777246548865564
0.0
0.03975973557334234
0.0
0.02954457257535302
0.2553226152172935
0.0
0.0
0.9731368858682774
0.0
0.0
0.0
0.0
0.3033193740654963
0.0
0.08443213190638894
0.35402646320115366
0.08534748636981658
0.42133750036548023
0.0
0.0
0.0
0.0
0.1717919724797514
0.0
0.0
0.0
0.0
0.5851081899097214
0.22780083171985582
0.018803857648464734
0.0
0.6018876328760987
0.0
0.896874920964455
0.0
0.0
0.4553491634344015
0.6809428256418271
0.0
0.0
0.0
0.0
0.836329173777696
0.25500639894916555
0.2334273372242643
0.0
0.0
0.0
0.49587809360404617
0.396441444647186
0.17908477677269385
0.0
0.0
0.0
0.7412137310312756
0.0
0.0
0.7260327378684933
0.043991309297264254
0.0
0.0
0.0
0.2465152577513232
0.7419966790303323
0.0
0.23339033244804971
0.0
0.0
0.0
0.5453056093202904
0.6311958783265891
0.6002644094231068
0.0
0.0
0.4590836052409825
0.487116546645806
0.5788785710505022
0.0
0.0
0.0
0.0
0.032582643347879595
0.0
0.6112874596356389
0.4451320639583657
0.0
0.16339939966596567
0.0
0.8707768494798919
0.0
0.0
0.0
0.0
0.0
0.2049436674028954
0.0
0.49333530900008404
0.4458965030587013
0.8609878942021993
0.0
0.9294740451472643
0.011549430826591787
0.0
0.0
0.0
0.6823315758314077
0.0
0.6776160815138064
0.0
0.946191107287275
0.0
0.0
0.0
0.0
0.0
0.5901068556063045
0.0
0.0
0.0
0.5617573845772584
0.05913183326653056
0.0
0.5369001717793442
0.3467586431384937
0.5610006309934065
0.3990429948461436
0.0
0.0
0.0
0.0
0.33381781707980107
0.0
0.03528797650009404
0.0
0.0
0.7509127665130774
0.90648121479109
0.561916257359434
0.31337901938721985
0.0
0.0
0.0
0.0
0.11825450771997403
0.0
0.9363312107355563
0.1823729007144562
0.6229845483149707
0.9434372690361037
0.0
0.4248896176478639
0.0
0.0
0.0
0.06102516578783332
0.0
0.0
0.0
0.0
0.0
0.5585856350915439
0.0
0.0
0.06324726927271936
0.0
0.0
0.012579841849773715
0.9786979669779317
0.0
0.0
0.0
0.03832814780004324
0.0
0.8515900196569395
0.0
0.0
0.10956474128946561
0.23301391992505918
0.0
0.0
0.9895157301524903
0.7382865442206004
0.006303061971759531
0.0
0.3385054594675055
0.0
0.48568903485820336
0.4863040236461656
0.5587887395720974
0.6190249502206066
0.9810841414142094
0.0
0.6626182249071052
0.0
0.7631182719717307
0.0
0.5406334262620879
0.0
0.10950649176151135
0.0
0.0
0.0
0.0
0.6581772914888411
0.1381160193329139
0.8757385144926687
0.2044781662292845
0.8399507774116076
0.0
0.0
0.0
0.0
0.6436617727054614
0.6039675490179391
0.0
0.1749225460944255
0.05638742256186048
0.7768845180600419
0.0
0.0
0.47048110484389405
0.9360527326421726
0.6556377514864702
0.0
0.8320046938860223
0.0
0.0
0.0
0.7874074597568871
0.0
0.0
0.4515799242980746
0.0
0.09983360632773194
0.0
0.0
0.0
0.0
0.5008746715594959
0.2178541048353977
0.0
0.0
0.4731627601586442
0.8899614776098682
0.3917813945743381
0.9062054403147803
0.0
0.02739586613722226
0.0
0.5602723581122461
0.8961712408890457
0.0
0.0
0.09910797162956406
0.0
0.7580859027141591
0.1806019705457031
0.0
0.0
0.5751833198890824
0.8868016695131143
0.0
0.0
0.0
0.0
0.0
0.2265674328996516
0.0
0.0
0.6858854783345811
0.0
0.0
0.7309361670552036
0.0
0.7261600686197286
0.22984936269806308
0.0
0.4608441826451422
0.21049314567749494
0.0
0.14940072023549908
0.0
0.8884420021370212
0.0
0.6117990454443366
0.0
0.0
0.7362708675944616
0.7743840300949231
0.0
0.0
0.2332196025042514
0.8128265436601672
0.0
0.6542707980025285
0.28681203502819447
0.5299974866953322
0.08213958248409385
0.0
0.2021713011283726
0.3882942640339893
0.6289432517712654
0.0
0.0
0.6646195684888476
0.8024546766203428
0.0
0.0
0.0
0.0
0.2646530933361077
0.0
0.7830484819642959
0.0
0.0
0.0
0.0
0.0
0.06790033529846973
0.0
0.5152145247147691
0.0017482317982251373
0.6741045002139753
0.0
0.001401823247172291
0.0
0.0
0.0
0.05870690124811758
0.3474361829677124
0.0
0.0
0.5514633153347979
0.0
0.0
0.0
0.0
0.0
0.0
0.9682672090271813
0.0
0.0
0.6503776955663088
0.0
0.9335152399254862
0.0
0.0
0.39919148770023993
0.05167464057332129
0.796858482227569
0.052321876393890084
0.3165865681632887
0.0
0.8899855624245426
0.0
0.0
0.0
0.0
0.0
0.0
0.4993823855183112
0.32767752031129993
0.3068109568276313
0.11356629463899205
0.8813262911136017
0.11252646368641983
0.40725055297614515
0.0
0.0
0.0
0.9501439900208974
0.0
0.0
0.0
0.0
0.0
0.0
0.39163338214414256
0.19715808886584632
0.0
0.20708546868853833
0.0
0.0
0.0824284943406035
0.0
0.18900664730131278
0.39041594728855256
0.0
0.0
0.0
0.0
0.0
0.0
0.0
0.0
0.0
0.563072544790184
0.05887616402972973
0.31347835544121816
0.6325008196614631
0.2923335060856992
0.1664958894732263
0.0
0.622989164898985
0.8142464377414229
0.11115635055905318
0.0
0.47284924900577513
0.0
0.8322517032931098
0.8849114337440213
0.7129741284003198
0.0
0.9840845411350397
0.07720792025124365
0.0
0.7619155839132016
0.9025028349478801
0.4540465672363015
0.4705621636091897
0.0
0.0
0.0
0.0
0.0
0.0
0.0
0.0
0.0
0.3376724367830612
0.0
0.11118953494256417
0.0
0.0
0.0
0.0
0.0
0.0
0.0
0.0
0.393245302909005
0.0
0.9299417301981167
0.0
0.7899855097750926
0.0
0.7218346512122048
0.2893114428725922
0.0
0.714885281843243
0.9193171899180836
0.0
0.9846671706550597
0.2920435632186781
0.0
0.0
0.6381819162353181
0.0
0.0
0.0
0.844038847795095
0.3773781995946394
0.7226217002296887
0.7645512043805053
0.5666395150637982
0.9655371002499444
0.045732231263220506
0.0
0.8463219741497239
0.849007824603765
0.0
0.3680460667811512
0.0
0.0
0.7580383057881991
0.35134320275352354
0.0
0.0
0.047601896670867054
0.4842030051628547
0.0
0.5181488673158452
0.0
0.5609949430704589
0.0686272493157593
0.43742094637633816
0.8131729464439547
0.32712932219170443
0.7946439491886828
0.0
0.028941874267047977
0.0
0.30514516158459326
0.07968480898871196
0.0
0.2982075483974059
0.0
0.0
0.8922015856618725
0.0
0.0
0.0
0.0
0.9967944579738519
0.07918727346396905
0.0
0.0
0.0
0.46937775818686517
0.7271902232387762
0.8197651775229124
0.8877542458900645
0.32366912713288537
0.4217524083245225
0.35381862908222206
0.0
0.594889441040136
0.05633857184826712
0.8906075912960917
0.7869569239584719
0.0
0.0
0.0
0.0
0.0
0.22261587575744646
0.0
0.0
0.0
0.0
0.9233663351544074
0.0
0.7178686485509692
0.203327008252975
0.0
0.0
0.0
0.0
0.715838349747152
0.0
0.0
0.7229303600521175
0.0
0.3193895691326826
0.9267337703765673
0.0
0.0
0.8463051191511616
0.22483431735419526
0.759222839421218
0.5248824066716572
0.9357337618108352
0.0
0.6852421735871855
0.0
0.0
0.0
0.10613932119864858
0.5166055800276467
0.13055362322313033
0.0
0.0
0.0
0.7066596309297714
0.0
0.0
0.0
0.0
0.0
0.6264218585513883
0.026955169226800642
0.0
0.05121884965680825
0.0
0.0
0.0
0.9797127084176275
0.0
0.0
0.0
0.0
0.038689020580396916
0.6936735877941028
0.46839691605368444
0.5076520418288332
0.8108735462409733
0.0
0.4473841978356099
0.0
0.0
0.12531505887269032
0.0
0.6469149457410818
0.0
0.8998020122047565
0.0
0.6600284393581436
0.0
0.0
0.12259777937130281
0.3696817375455458
0.0
0.9024041927819583
0.0
0.0
0.0
0.0
0.0
0.0
0.015669757261025728
0.0
0.0
0.6638795325316799
0.0
0.0
0.0
0.0
0.745202853867655
0.7794700642444308
0.0
0.0
0.0
0.0
0.0
0.5574643253981525
0.0
0.37818679783443054
0.0
0.45181210543710804
0.0
0.0
0.9162325388970317
0.7545773912764175
0.6094815040321983
0.0
0.7201151050513237
0.4076867036577604
0.0
0.0
0.0
0.09718436221819626
0.4804500906839945
0.0
0.0
0.0
0.06403290847881338
0.7400910894938002
0.0
0.0
0.0
0.0
0.0
0.0
0.551031505996344
0.8266886546467929
0.0
0.0
0.0
0.0
0.0
0.7599953794741947
0.0
0.0
0.06560729852658509
0.9872804214687768
0.0
0.0
0.0
0.0
0.6015351058203238
0.37412708983552384
0.01925116034348946
0.0
0.5814994907086022
0.0
0.4133058718225303
0.0
0.0
0.0
0.0
0.0
0.0
0.0
0.6482447985387559
0.0
0.0
0.0
0.0
0.0
0.7326120827202284
0.0
0.0
0.0
0.626905245170971
0.3906495223511733
0.0
0.7876042833397047
0.6563417264191137
0.8736037543136127
0.0
0.0
0.0
0.0
0.0
0.0
0.0
0.07840174692216015
0.6643160728648346
0.1392298056664064
0.0
0.7745212727984075
0.0
0.0
0.989960387021787
0.0
0.0
0.7839044035864405
0.22111004939358028
0.6042686292195767
0.0
0.0
0.0022823089196606834
0.06822148470359585
0.0
0.6729329482651624
0.3764209906886286
0.2567875768630746
0.0
0.1646544775966524
0.6422061859405221
0.6991618554394837
0.05732383947435373
0.0
0.21847018303794766
0.0
0.0
0.0
0.0
0.45055914076118736
0.17186918257973324
0.0
0.8255529571232103
0.2598260233210669
0.0
0.0
0.3314308634239056
0.7426336237220501
0.07901147903579256
0.32237013631308187
0.0
0.9071987946172178
0.0
0.0
0.36887267302168913
0.0
0.0
0.9244200439109186
0.33627908940194046
0.8977188697212681
0.0
0.26319208312935133
0.0
0.0
0.19519604352791717
0.08206708198479201
0.0
0.0
0.42362010771888703
0.0
0.38091528829410537
0.0
0.0
0.0
0.0
0.19087907994936826
0.3548205463656379
0.0
0.0
0.0
0.0
0.0
0.0
0.28666953760735614
0.0
0.0
0.20879252461942654
0.2262156882297776
0.02691291410937989
0.0
0.2143344266722931
0.0
0.2986810300953708
0.0
0.09419401851295453
0.0
0.546349944958517
0.255503103274999
0.0
0.0
0.0
0.0
0.0
0.0
0.7867075080638711
0.0
0.210297231567946
0.517721328383281
0.6418816745818391
0.0
0.27969530632368145
0.0
0.9562513421742035
0.8482011763337771
0.0
0.0
0.024098581032582774
0.0
0.0
0.554941375943021
0.0
0.0
0.0
0.7813183704868122
0.0
0.0
0.15298197378548073
0.6441096677004733
0.0
0.0
0.19199863629711494
0.0
0.0
0.0
0.0
0.0
0.0
0.4822256255100107
0.767336012413116
0.7441188288950104
0.0706964132390096
0.0
0.0
0.6121867901359243
0.0
0.419514381569679
0.5061870366906491
0.0
0.8621276485432711
0.6547063793330888
0.0
0.0
0.0
0.0
0.0
0.0
0.25736699074393254
0.6772216592538567
0.7456189639671651
0.2100550266562445
0.0026987580004593894
0.5858936617438714
0.0
0.0
0.0
0.0
0.8975604797299871
0.851564557598982
0.0
0.0
0.0
0.8155484689034818
0.0
0.9480843805600766
0.19966189588321578
0.0
0.0
0.0
0.0
0.0
0.0
0.6411434051058718
0.11480569406161821
0.6742284950120104
0.0
0.0
0.24661456411232524
0.0
0.5308795109261207
0.0
0.0
0.0
0.401252000380997
0.0
0.0
0.0
0.0
0.0
0.0
0.12287389839200086
0.0
0.0
0.07923415943072823
0.0
0.0
0.3369944885622915
0.0
0.0
0.0
0.0
0.0
0.0
0.9533925440941279
0.47263171627560513
0.0
0.5891393790622879
0.0
0.0
0.9397475395715081
0.0
0.44177330530529074
0.0
0.0
0.0
0.6840194272081233
0.0
0.0
0.14461496895363485
0.25624159337842484
0.09893422188711486
0.6863495666646284
0.1779994200881802
0.0
0.0
0.37209826557918224
0.0
0.0
0.8446857598490445
0.0
0.0
0.0
0.0
0.0
0.0
0.0
0.0
0.0
0.0
0.0
0.0
0.39303776320421785
0.0
0.778855173908695
0.0
0.8907894182882431
0.7511248924011317
0.5167109696861584
0.7986306100259438
0.0
0.0
0.0
0.47339782474193265
0.0
0.9681243586860147
0.5128578160128436
0.11731410947525894
0.03422324448699275
0.0
0.0
0.3044996149434192
0.0
0.5896109440078291
0.69313420696197
0.0
0.6411828688186191
0.0
0.794948394200961
0.0
0.4960332686162513
0.7347740951984537
0.8797095215762339
0.0
0.8340936086962829
0.2995049656574432
0.9478623851294397
0.7081821277671643
0.0
0.0
0.22763008616117195
0.9113436196906425
0.7514033035248993
0.0
0.7798343102299655
0.0
0.6768171892241971
0.0
0.0
0.0
0.0816471979758035
0.19732874746921997
0.24810970518486855
0.4646083116195245
0.16149526025310676
0.8804196889788467
0.0
0.0
0.0
0.13592609832333602
0.0
0.5427100003745922
0.0
0.0
0.0
0.2877257773607196
0.2811982897467706
0.31993108719017527
0.6544397907628622
0.2891548865301689
0.9270487854188156
0.0
0.0
0.0
0.7209653862339547
0.0
0.0
0.5066081656525904
0.6161974360409159
0.0
0.0
0.0
0.0
0.0
0.0
0.35330189565894854
0.7159072850400972
0.0
0.0
0.0
0.0
0.0
0.6026912370959655
0.060415421080928865
0.0
0.0
0.0
0.0
0.0
0.0
0.0
0.032038419073293946
0.8734780033472535
0.0
0.0
0.7838830469149489
0.0
0.7941823680278581
0.0
0.0
0.0
0.0
0.6388473657681459
0.0
0.0
0.0
0.21020935373849892
0.0
0.0
0.0
0.2498475326194042
0.0
0.7402624659500461
0.5616450979552591
0.09261649114831687
0.0
0.9223555842530222
0.0
0.0
0.0
0.0
0.0
0.0
0.22869778574603986
0.0
0.9549032138492026
0.0
0.0
0.008355575031110323
0.35413187890764775
0.0
0.0
0.0
0.0
0.8922982517970302
0.9627293857656662
0.0
0.2787685381097594
0.0
0.0
0.5978719391442704
0.0
0.0
0.0
0.9823030780959532
0.49295527549617063
0.3293395313749543
0.9079960380814206
0.0
0.0
0.0
0.00707050433352254
0.3081150924026736
0.32928193136756384
0.0
0.0
0.8796335987433651
0.0
0.9730808009622327
0.8514497178699939
0.0
0.0
0.0
0.0
0.5604911605226923
0.0
0.6357126239801324
0.4355427047075348
0.0
0.0
0.0
0.8866660917585886
0.0
0.0
0.2245224722295507
0.9538282690861553
0.0
0.0
0.0
0.0
0.0
0.0
0.9479680389502672
0.0
0.0
0.0
0.8268136268124878
0.0
0.0
0.0
0.0
0.0
0.0
0.0
0.0
0.0
0.27768997544016216
0.0
0.28859325464126884
0.4814282727962655
0.4659782470612667
0.5342853778866251
0.0
0.7086590815608209
0.0
0.48380165328753494
0.0
0.0
0.0
0.0
0.011542042239992428
0.0
0.474673180867034
0.29708201881470037
0.0
0.0
0.0
0.7729727291004428
0.7374612277869155
0.8182916381474142
0.19237278789954745
0.0
0.6946550056641861
0.6275995798915133
0.26296098454145794
0.503636157227975
0.861472416770547
0.5705522036199094
0.36954466632909344
0.0
0.0
0.0
0.0
0.0
0.7967945385130503
0.0
0.0
0.24158723128274306
0.0
0.0
0.11814419286310883
0.32753743739899194
0.0
0.0
0.07244811600944234
0.0
0.0
0.0
0.0
0.8307831306187449
0.8623010205322189
0.0
0.7971067100830039
0.0
0.0
0.3602093057496838
0.0
0.9871659103272129
0.8839876072826345
0.0
0.0
0.0
0.8321272443584458
0.40753904370611693
0.049420829621304715
0.9746236969844897
0.9949738748059698
0.3383190672333534
0.5307327879468865
0.7375621922851568
0.0
0.18967299543676386
0.7819774966271459
0.17744782796737668
0.0
0.40136470161466625
0.0
0.0
0.7983439535229767
0.11988909987834805
0.0
0.9731404731093862
0.4449647830637947
0.02030041932231366
0.13518241086598345
0.1957999839259817
0.8543861000309395
0.0
0.7824381611363762
0.9598071209073409
0.0
0.6622683863146982
0.12195537175644162
0.9804628166409833
0.17167281472766024
0.5596453062291361
0.0
0.0
0.3548608022018688
0.0
0.0
0.2640610602697305
0.0
0.0
0.0
0.0
0.0
0.0
0.0
0.9833395079229067
0.0
0.0
0.0
0.0
0.7208896696586338
0.7139456883669232
0.0
0.6104969062481836
0.0
0.2857238832140182
0.0
0.8394025942103528
0.0
0.0
0.0
0.8533817963404361
0.0
0.0
0.0
0.0558378822453529
0.6495428353015454
0.2332551891066203
0.5643615677675489
0.42057908480370865
0.0
0.3213162052416972
0.0
0.0
0.22029441644553963
0.9887188336133969
0.0
0.0
0.0
0.5134959895638458
0.0
0.15326459434433354
0.0
0.0
0.9214948456231712
0.6245827792422515
0.3081119089906528
0.48096615834210266
0.453119262803851
0.0
0.0
0.0
0.33645355048110026
0.5834005849530284
0.4388897991020878
0.0
0.0
0.051143123135991335
0.08331639886775712
0.0
0.0
0.9533457640000196
0.7183721211353566
0.0
0.835019736327264
0.0
0.0
0.5079750075680288
0.9643822377931188
0.44177648484926574
0.6475497179213879
0.0
0.28962961005572546
0.6866559792557589
0.2944465376089486
0.1751833338149994
0.0
0.0
0.9953773336237093
0.0
0.27913495886383494
0.04475828420996265
0.0
0.0
0.0
0.0
0.4340816577142436
0.059917157495360494
0.20002322739523318
0.9212540440845713
0.0
0.0
0.7091780732532276
0.9563014799767927
0.0
0.0
0.0
0.0
0.9748646356667654
0.9055369459214532
0.7187881516125757
0.9118240496545181
0.0
0.0
0.0
0.0
0.612051856113971
0.0
0.0
0.0
0.0
0.5829912714468134
0.5540832784965068
0.0
0.0
0.9872436229762733
0.0
0.0
0.054758821852369875
0.0
0.4127983545113699
0.0
0.3221256658165287
0.445424888798504
0.1130253363111989
0.0
0.0
0.0
0.0
0.8609001783602237
0.0
0.0
0.9479424631477678
0.42648324682245176
0.9875158846966557
0.5652112602582136
0.19299363843996337
0.6725228186541302
0.6836230921493284
0.11041260015085747
0.753783074348306
0.0
0.2114173640285086
0.0
0.2959276401330085
0.0
0.0
0.8842598901413828
0.0
0.7182254560742528
0.5982458978454378
0.28833295208208803
0.0
0.4791042864986868
0.00977634630630301
0.0
0.7941551447659857
0.776527578677498
0.0
0.0
0.0
0.0
0.633273207170172
0.0
0.7952085873846619
0.0
0.9733396472212492
0.0
0.0
0.0
0.9161061280228101
0.024070116427031073
0.0
0.0
0.0
0.8226909468141212
0.0
0.24919763084619007
0.0
0.0
0.0
0.0
0.9919732059631639
0.9973215048021575
0.0
0.0
0.6497109862927151
0.5841346298272185
0.0
0.9912327693367523
0.0
0.3143584915669102
0.0
0.3971211014643772
0.36685753067426397
0.41312605318264806
0.8751691745523693
0.0
0.0
0.9398125149294176
0.0
0.0
0.977125569362162
0.39016955243261103
0.0
0.33217371974787563
0.3337826788190718
0.0
0.8490984546284406
0.8058570974030852
0.14125441737402444
0.8291465751697337
0.0
0.0
0.0
0.0
0.9329289068141262
0.0
0.011148682579119882
0.3108793077594597
0.0
0.0
0.6968248525646805
0.8582059715161143
0.07803425923704313
0.0
0.0
0.0
0.015092448158116011
0.8230681478727488
0.0
0.8370179502788577
0.6656060920175765
0.0
0.0
0.0
0.0
0.0
0.0
0.4210111746366155
0.0
0.6272283758750419
0.0
0.9923252248672202
0.0
0.0
0.21452060634789386
0.0
0.0
0.1313454258386225
0.3135149654060545
0.0
0.0
0.0
0.9990701098670669
0.2560194020512927
0.6317392204767014
0.12176557673880412
0.20438228744689627
0.6766883254111207
0.2787454451538022
0.11545449090508599
0.1331427920141732
0.0
0.23051073884506926
0.0
0.0
0.0
0.31490718047692534
0.8466586822497674
0.14403752712796217
0.5352472248921998
0.0
0.0
0.0
0.0
0.5357053284963386
0.0
0.041682972515402233
0.6691205516430004
0.0
0.0
0.8261119289979609
0.0
0.18770275576970313
0.0
0.19805831131861173
0.4052566502888936
0.029434780070025736
0.0
0.0
0.0
0.9759975024246099
0.0
0.0
0.0
0.0
0.9550700529995001
0.0
0.39464889427719274
0.0
0.0
0.1760670822381166
0.0
0.0
0.0
0.0
0.0
0.0
0.7648696503552516
0.6748866336830751
0.0
0.0
0.5985744149651995
0.8745606474358909
0.3329735573780239
0.0
0.0
0.013227518375211642
0.8083321437027483
0.771652899201248
0.0
0.0
0.4372891802849104
0.0
0.0
0.0
0.0
0.8279995606850129
0.3114662285986813
0.0
0.0
0.0
0.0
0.0
0.9454580564845155
0.0
0.0
0.8306111944471398
0.0
0.20114630577952794
0.5434922136967193
0.16252401584476509
0.15574793278770027
0.4744581787965723
0.0
0.6013922730400617
0.40970623122148414
0.678981712650114
0.005069351249944535
0.0
0.17560133803693195
0.4692228839841168
0.0
0.0
0.0
0.0
0.0
0.0
0.0
0.0
0.0
0.2470036219847046
0.0
0.0
0.6818311447563599
0.0
0.20317472966122996
0.0
0.7763645252120679
0.0
0.0
0.0
0.6782879792724955
0.048693079374525876
0.7938568945221909
0.0
0.24313792815628646
0.0
0.8608536240938772
0.0
0.0
0.6849155314120686
0.0
0.21498263203986748
0.0
0.329116939457668
0.0
0.0
0.0
0.0
0.7820064384203241
0.59687533605962
0.0
0.4786696800146757
0.0
0.1696741139230604
0.0
0.0
0.56380721495098
0.0
0.88536593495602
0.7567266400512394
0.14745808724621004
0.9982528614108859
0.0
0.8565363526881161
0.007017241019220422
0.0
0.0
0.0
0.09758118749339102
0.54957604824602
0.7984186743254768
0.41555094826284356
0.0
0.0
0.0
0.0
0.0
0.8246233670873614
0.8188541273370806
0.0
0.0
0.2432646308834097
0.9810997276918929
0.4476160634789028
0.0
0.006463369046468357
0.0
0.7204429659933362
0.0
0.30554742031864995
0.0
0.8062981373556986
0.5378338286749313
0.0
0.0
0.0
0.0
0.0
0.0
0.18154864223413672
0.0
0.0
0.0
0.5230334919592744
0.0
0.6471916093318844
0.0
0.0
0.3736565516408792
0.6116797008593257
0.19389646850199413
0.0
0.0
0.0
0.0
0.0
0.0
0.0
0.0
0.6881531833533104
0.0
0.0
0.051760894267453034
0.6200790560526735
0.19646304568009526
0.7669048234589935
0.6120331526060052
0.19246723243049826
0.0
0.0
0.0
0.0
0.3267171520446553
0.8458344546922814
0.0
0.0
0.8227448325458413
0.5924349855748355
0.552950347506423
0.4084036343977698
0.0
0.28007136100076674
0.0
0.34651751249096363
0.0
0.7421888646849587
0.0
0.0
0.0
0.0
0.4677259115679439
0.9693474931370041
0.0
0.0
0.0
0.6713125132440616
0.49238000239857255
0.0
0.0
0.9024844800707352
0.0
0.38667616886716083
0.0
0.0
0.0
0.9828116533393049
0.0
0.33136104316377235
0.0
0.5186011504044431
0.0
0.0
0.25253938748605964
0.0
0.04168021263866053
0.8578871291087636
0.0
0.02374731015836315
0.0
0.0
0.0728286529408129
0.0
0.4560946123429628
0.3634785242897781
0.0
0.0
0.9755221429665605
0.0
0.13807090123117646
0.4599871609763923
0.9606615098061241
0.0
0.42666760579398805
0.382551741135243
0.05489227559588442
0.0
0.12321219855232636
0.8090204709996028
0.0
0.0
0.43556436752519795
0.9715360527043487
0.0
0.0
0.050708381937820485
0.0
0.0
0.6985194351660753
0.9246248382856694
0.0
0.0
0.0
0.0
0.0
0.0
0.8756512115751766
0.0
0.41335906519239124
0.0
0.0
0.44520361703503464
0.0
0.0
0.0
0.46148421951390506
0.807069314378562
0.1288001156745434
0.0
0.0
0.0
0.18539867479991398
0.0
0.0
0.5508690147899877
0.0
0.7451919869082685
0.0
0.0
0.6526513763697854
0.0
0.0
0.0
0.0
0.524827153941968
0.0
0.0
0.0
0.613082545818641
0.7193006492078436
0.0
0.0
0.0
0.0
0.0
0.0
0.0
0.14336997027837675
0.0
0.0
0.0
0.0
0.4881832081548224
0.011630361024184674
0.7189112804918071
0.0
0.345309422719688
0.0
0.4049684487783002
0.0
0.6003587926155037
0.013824185609889284
0.5113801734355079
0.1929454086431984
0.9745701729886789
0.7421957700539291
0.0
0.4572571721079934
0.5644698833617066
0.0
0.008622355317716728
0.0
0.12023287597007876
0.7120432335075428
0.7704920669322772
0.40259551160627377
0.6327212607285102
0.0
0.0
0.7660139054694374
0.3589010888924565
0.0
0.5524506291996806
0.0
0.38932075550729034
0.34283720735553164
0.815204885376417
0.0
0.6165358664101589
0.0
0.0
0.010328765384636588
0.0
0.1482954307198503
0.0
0.0
0.0
0.9694458997781922
0.0
0.5134898583652637
0.0
0.31007243564157766
0.0
0.436668410944104
0.9917567550350386
0.0
0.057050464254893324
0.20025716404253935
0.8788221125043071
0.20701384494384995
0.022053086193188742
0.9865416051679197
0.0
0.8430710839171479
0.48713528718214616
0.0
0.1891197159110502
0.7495172215886666
0.45911809199514897
0.0
0.0
0.25914400503551277
0.0
0.1465818650832095
0.0
0.3862993025175519
0.0
0.44933326384560374
0.9763274869289229
0.4620557884460898
0.0
0.7417614003413743
0.04227222507646676
0.0
0.0
0.14761401609691382
0.0
0.0
0.9331376068705217
0.0
0.6615956456724357
0.0
0.7328930154992568
0.35460854758217497
0.0
0.0
0.5292383677053046
0.5233983811860996
0.053423190311378085
0.0
0.0
0.1648467054234045
0.08824067725610264
0.6198569503187166
0.0
0.48944040651156623
0.9216222661164308
0.7811938217209689
0.0
0.0
0.0
0.7270410796173997
0.0
0.13893681237228822
0.1337099618788805
0.9906433401438135
0.0
0.366069841392969
0.845553680431788
0.5370845012415257
0.0897187870458742
0.570166013700508
0.0
0.0
0.0
0.7921649394420592
0.0
0.9629763092795407
0.6114685263819011
0.4686630163400903
0.0
0.9048488638275353
0.9586367516000509
0.06762606040351354
0.0
0.4142403871944446
0.003493977870202779
0.6773434158555794
0.6554507587673792
0.0
0.5807647652235728
0.0
0.0
0.9267337689495742
0.10389183103884243
0.0
0.5415117608549515
0.0
0.5516939038261846
0.1327409135905588
0.0
0.5722078851834176
0.14248593806429294
0.577441208330291
0.9678081675522276
0.0
0.7930164948512853
0.3139649776456266
0.0
0.6863838116645244
0.0
0.6238039260740862
0.5114207415877263
0.0
0.0
0.9667212650999217
0.0
0.0
0.11454832089244488
0.3717371295106935
0.4509442927330797
0.6901436200514057
0.4578687551353781
0.0
0.0
0.38530904426656953
0.2717981165776024
0.0
0.0
0.0
0.0
0.6341212459523897
0.0
0.0
0.14979695909003043
0.0
0.5725336491723172
0.0
0.0
0.0
0.48347097205116357
0.09276351048570892
0.0
0.0
0.0
0.0
0.0
0.0
0.0
0.0
0.0
0.0
0.0
0.5822937083962114
0.0
0.09255078517147299
0.6474634610506232
0.0
0.8982004847703011
0.0
0.0
0.026575242038268002
0.5079328927631913
0.5545125205930507
0.0
0.5491343526352874
0.9545625599055007
0.7595026280379285
0.0
0.7137374246176169
0.0
0.0
0.5863013787820746
0.0
0.0
0.0
0.17787539032257496
0.0
0.0
0.47156144174634324
0.9742363997457749
0.7428257465587267
0.0
0.0
0.8314738856784334
0.0
0.5657372592382099
0.0
0.01884643993919617
0.2902789591259026
0.3449875786986347
0.0
0.34144977756113243
0.3798495372656514
0.0
0.0
0.47803030118559603
0.36772848025803556
0.9904496676531055
0.0
0.16281323900294242
0.0
0.0
0.0
0.018828631912492646
0.0
0.7202534858984478
0.7173218352706451
0.37148133104383596
0.0
0.0
0.0
0.0
0.0
0.0
0.0
0.0
0.5517140854514011
0.0
0.0
0.0
0.0
0.0
0.15530200229155763
0.0
0.26818776372923436
0.4048075928872214
0.0
0.9355176308460516
0.0
0.0
0.9653802383883388
0.16003723609885956
0.0024318706239471024
0.0
0.5089184635880312
0.03499731643475567
0.8364956228916889
0.0
0.6452846758256056
0.0
0.28482412764922405
0.6862831817869242
0.0
0.0
0.0
0.0
0.09237108317709686
0.0
0.880604235252159
0.00866019131914449
0.14719453573477317
0.0
0.2343933703995143
0.0
0.0
0.0
0.0
0.0
