0.5531217884717088
0.21123198819038647
0.0
0.0
0.29973218267321516
0.7391087243891847
0.0
0.1157457401573659
0.4814365291989062
0.8608194199762383
0.0
0.0
0.04134368694038515
0.0
0.39732584258742476
0.0
0.04640485220088772
0.0
0.6214309941703063
0.0
0.0
0.10274171541860845
0.0
0.0
0.0
0.055348676841603266
0.8581904335079314
0.0
0.7183260107087829
0.07538112561728244
0.698248862647857
0.0
0.0
0.0776814739576491
0.0
0.025563277583004345
0.004563946293812161
0.0
0.0
0.0
0.0
0.7296826002551826
0.7372882979862515
0.14298761112885153
0.0
0.0
0.9753247792449141
0.0
0.8317462340616889
0.0
0.2591163267014238
0.6376965026723415
0.5616070904165501
0.0
0.0
0.2931570997220368
0.0
0.9063174618644193
0.09481489585665172
0.012399786268582581
0.0
0.0
0.0
0.0
0.602264245572105
0.0
0.0
0.18871947357314411
0.6495239465211241
0.0
0.49641902894414847
0.0
0.0
0.615625470074749
0.5364528054391979
0.026913378242309282
0.0
0.0
0.09048661023216902
0.6034784101703373
0.7665253347867228
0.21317327723269816
0.0
0.0
0.45520129448488533
0.7292392879744002
0.26015054101562696
0.6647713131274448
0.912135614379804
0.37239428352169424
0.0
0.0
0.0
0.597817890116675
0.5788481135829847
0.358624037677619
0.3842139654890723
0.3498323450214296
0.1137026223218676
0.8591251183355382
0.0
0.0
0.5316876312048004
0.0
0.0
0.0
0.0
0.7095566842954942
0.0
0.7531344458069241
0.0
0.1950229234599556
0.2663554809121564
0.0
0.9093648657669158
0.0
0.09013830879069236
0.0
0.35189491687066365
0.0
0.36435548386123723
0.0
0.09700673572511502
0.07938280199927593
0.2663421736112844
0.48546767159081394
0.20674563509220933
0.0
0.0
0.0
0.0
0.0
0.16595555854131008
0.2602214193009628
0.5346393032094959
0.6886963913238915
0.0
0.5377303785755063
0.8652032377034946
0.9321379334287094
0.0
0.0
0.4622459748157343
0.045053299481017495
0.0
0.5866887151824989
0.0
0.910130970143319
0.0
0.0
0.0
0.0
0.0
0.0
0.7972552521087303
0.0
0.3973785811415498
0.0
0.0
0.0
0.07892006381529403
0.0
0.0
0.7964129161557879
0.0
0.0
0.047524741223393195
0.05595509404304779
0.6269108152079668
0.6264121989651892
0.9345155873395367
0.0
0.47798082182476787
0.0
0.0
0.0
0.0
0.10611885325979309
0.0
0.7008565045678059
0.0
0.552540359001873
0.0
0.28825023776977543
0.5466167900555543
0.0
0.9259813812742382
0.6629929928601338
0.6308774134883669
0.0
0.0
0.0
0.42614373058278476
0.0
0.0
0.10352372976318933
0.0
0.0
0.023934334766853964
0.0
0.0
0.7361721331843254
0.4342873695600906
0.0
0.8340895534157583
0.6802288885703088
0.0
0.0
0.484909129620921
0.7794263856459546
0.0
0.0
0.7256138738205091
0.5227759508854776
0.0
0.0
0.33121796187635444
0.0
0.0
0.16280407948098116
0.653167175919801
0.0
0.0
0.0
0.6428682143673763
0.5120515186219606
0.10784051226962764
0.0
0.2187529061998461
0.15906356575714034
0.4593374193501257
0.0
0.10027234196622467
0.0
0.0
0.0
0.4743002600468631
0.5030968247185655
0.0
0.0
0.6623206397472534
0.0
0.0
0.0
0.0
0.0
0.33251602896290844
0.3705251540010176
0.0
0.9101077934969753
0.7756524688405209
0.21143342535876167
0.0
0.0
0.4992803647694206
0.0
0.8483472712114717
0.8088937514450039
0.0
0.11551269867146878
0.0
0.0
0.4707709608530032
0.0
0.3561484886927005
0.0
0.0
0.0418298243086064
0.0
0.6373133129781688
0.8347975375473607
0.0
0.0
0.4253351035512435
0.0
0.08485455484785961
0.0
0.0
0.0
0.0
0.0
0.0
0.44469998182441794
0.2814250296905204
0.27472225776865566
0.5561034099908458
0.6995138763564661
0.0
0.0
0.0
0.0
0.4290617732790218
0.863023403314459
0.08245193590159194
0.0
0.4145095614341057
0.0
0.4579140505112614
0.0
0.0
0.0
0.8041336053334629
0.7220279948204329
0.29085171679797683
0.679107052672416
0.0
0.26346716032423373
0.47506993974843054
0.0
0.0
0.9254525950994079
0.11976015294829198
0.14288859803800127
0.0
0.0
0.0
0.0
0.4328879517627629
0.6045401436520514
0.0
0.0
0.0
0.0
0.0
0.0
0.47811158642232415
0.0
0.2956174683869341
0.0
0.0
0.0
0.0
0.8426930238599434
0.0
0.721956506915841
0.0
0.7604222646154258
0.750158512353717
0.0
0.9585197332640407
0.8589864744321734
0.858227630781262
0.45091037526794053
0.0
0.0
0.0
0.0
0.0
0.0
0.0
0.24883085446301859
0.0
0.0
0.27847812202434014
0.13614950711472057
0.29624503079787173
0.3469360442901923
0.0
0.0
0.4259235105856279
0.0
0.1525219919639348
0.0
0.9459420248652318
0.0
0.0
0.5344463586342748
0.0
0.9959933815564433
0.15660288847368398
0.0
0.0
0.18874084171986266
0.0
0.3862515417203832
0.0
0.0
0.0
0.9105278408166584
0.0
0.6859562848888182
0.22834207478868807
0.0
0.0
0.0
0.42938230161769814
0.0
0.3362147130814757
0.0
0.19206756818433962
0.0
0.17756842336793605
0.7307446675959317
0.0
0.0
0.11030359054855068
0.0
0.5545000243527204
0.0
0.0
0.325787511307753
0.27226211663037386
0.35036632107526994
0.0
0.9395802574070017
0.7141984658575887
0.0
0.0
0.3780527890231072
0.11667166751958241
0.0
0.0
0.1039703922268584
0.0
0.0
0.100956730185641
0.8236868042317689
0.7837799609353329
0.0
0.8993086319654178
0.4146457380338275
0.0
0.5788161301590116
0.0
0.0
0.0
0.0
0.31841353963435337
0.0
0.8463759408836472
0.5689584247742903
0.0
0.42944944471354624
0.0
0.5908066751095141
0.37181601928952956
0.0
0.0
0.5891157403896752
0.1737673153524772
0.0
0.3205000349720244
0.11171643714056449
0.08519042707012528
0.5586833734184413
0.0
0.0
0.3532811387412616
0.0
0.0
0.7252726880968908
0.0
0.0
0.0
0.5245755275424656
0.0
0.0
0.2672883288132683
0.0
0.0
0.0
0.2685131306106389
0.0
0.0
0.0
0.20432242869065334
0.0
0.0
0.7111917268895456
0.3916245296374539
0.0
3.2614900952515716E-4
0.0
0.0
0.32475403584132145
0.0
0.0
0.0
0.0
0.3729942001589897
0.12174880123113493
0.0
0.4757446798854026
0.0
0.32988649438805684
0.0
0.8916864667322406
0.7574585128591443
0.7459038386756534
0.020478274803501326
0.0
0.42025146267549796
0.0
0.06357117813717587
0.0
0.0
0.0
0.5487495591207355
0.24215595340158522
0.8561523136356248
0.18515060394858834
0.0
0.0892486439991298
0.0
0.08844492752736081
0.0
0.7183531596797813
0.0
0.0
0.0
0.0
0.0
0.15680487806132537
0.5681072038628727
0.867613242446192
0.5702376689268809
0.7435336308623365
0.0
0.204459420197298
0.7031374057909768
0.8877587551407145
0.6220444140867156
0.8903059790186227
0.0
0.4144241260194694
0.2907278153115474
0.0
0.0
0.6665945540120521
0.13048757546917658
0.9758836114534903
0.7549714540188301
0.874728364450485
0.0
0.318444760435897
0.0
0.0
0.0
0.14034485363776825
0.3378487910986748
0.4843901857736122
0.7281528070417231
0.0
0.9126976251814335
0.0
0.0
0.0
0.41076288691442364
0.35634460971078763
0.16902122451025522
0.0
0.544161959388744
0.11514750645132887
0.7869063284141555
0.10090876306304776
0.0
0.0
0.0
0.0
0.5028025065950497
0.2682930336655312
0.0
0.0
0.0
0.0
0.0
0.5684452327042426
0.0
0.0
0.5590661929563496
0.0
0.0
0.0
0.4841150096067814
0.0
0.0
0.0
0.0
0.0
0.0
0.9193522240472881
0.0
0.0
0.0
0.06994363801344561
0.5179244331423087
0.0
0.38264330174702893
0.8640292036301805
0.19291210642029188
0.9678376016913972
0.034769844559505804
0.3341766422057283
0.0
0.5602722578469613
0.0
0.07433745773544734
0.0
0.0
0.20381580501546567
0.17835125221491976
0.16332104756793456
0.7540093634101993
0.9916669402716679
0.5536295744162083
0.20639487560442435
0.0
0.0
0.0
0.2356760429327153
0.0
0.0
0.0
0.12324597698414463
0.5804457840340091
0.0
0.5046429407998417
0.0
0.0
0.0
0.0
0.7710092678676506
0.5416051781078347
0.0
0.0
0.0
0.0
0.0
0.8085055680954856
0.0
0.0
0.0
0.9572101207247169
0.2923348214250147
0.0435409748312019
0.0
0.9653577677116144
0.7648893752543844
0.2462246286487532
0.6800781422204714
0.5540648073193667
0.0
0.0
0.9815621162199301
0.4353109082470569
0.0
0.0
0.7209861676511276
0.8996057352698249
0.709096863364169
0.8374041124095738
0.0
0.0
0.0
0.09705244877800864
0.8833183454860754
0.0
0.0
0.6668617806228742
0.0
0.26623441732590797
0.9453011249618254
0.9750510993878553
0.0
0.0
0.0
0.18399103701158095
0.0
0.0
0.0
0.0
0.0
0.07017515218651867
0.031595660230791085
0.7238192983665466
0.0
0.0
0.0
0.0
0.0
0.9016428621288505
0.9479730347810809
0.0
0.2715190595218038
0.0
0.0
0.24759977100273914
0.1913403798269941
0.0
0.1810002273340876
0.0
0.27638189101133936
0.0
0.13548981788957037
0.35005819076560896
0.3934220095013812
0.0
0.0
0.008364326064424756
0.0
0.0
0.0
0.0
0.0
0.0
0.5476042506372252
0.0
0.2868351113330107
0.2355914237609911
0.0
0.02572581815111373
0.0
0.3275977443964854
0.0
0.7110715610950628
0.5368632452947614
0.3398927566256841
0.0
0.5297884569374872
0.9538976865505153
0.9205553273129855
0.21713342281356268
0.0
0.0
0.0
0.10423873269460114
0.2782138446800244
0.0
0.6699348803867328
0.0
0.055887938093363176
0.0
0.22688831812528676
0.6988821014447396
0.07243722525772696
0.0
0.661342156369149
0.717382783553922
0.0
0.0
0.0
0.0
0.0
0.0
0.0
0.7450929668227823
0.0
0.0
0.0
0.3365506828966462
0.0
0.25004262369972896
0.0
0.25252241151479315
0.0
0.0
0.0
0.0
0.6729848799557783
0.044167071627273194
0.09127430218552829
0.5389514275609762
0.33894272414234156
0.8476531985061487
0.0
0.0
0.0
0.699982147852691
0.0
0.0
0.0
0.30774073468821894
0.0
0.5631394102772421
0.0
0.0
0.35778656651283075
0.30629411544655444
0.0
0.0
0.9809845674044042
0.14318412477803608
0.0
0.5306159640225732
0.0
0.0
0.0
0.0
0.0
0.24746685298274604
0.0
0.0
0.0
0.0
0.6801086517660306
0.9398119850626102
0.20753002902658108
0.08406107403085505
0.9015033543270392
0.20953240908312082
0.0
0.0
0.0
0.5679205980285953
0.7303403750134789
0.0
0.0
0.7909835805471267
0.0
0.5918932103844431
0.5474265035655492
0.6331857353485434
0.54228159330905
0.0
0.8143970644079482
0.1105882649080898
0.0
0.0
0.8026662156380862
0.330128827505007
0.0
0.0
0.0
0.0
0.0
0.0
0.0
0.0
0.6519842777500938
0.0
0.0
0.0
0.0
0.0
0.0
0.0
0.0
0.0
0.0
0.44212022693619873
0.0
0.0
0.8753028284618009
0.40595324525975873
0.0
0.8580715288581121
0.0
0.29748157638949646
0.3564528045578369
0.0
0.0
0.7283845024564146
0.5103811978259788
0.0
0.5946719632926987
0.0
0.12564247760458874
0.8073933451269728
0.3819202236518448
0.0
0.0
0.0
0.0
0.0
0.0
0.12368994307490355
0.0
0.5161199214596116
0.9383095083455688
0.0
0.0
0.40664898815185047
0.15789549440019685
0.08341123660447329
0.6425180859761017
0.4296196349551043
0.0
0.8598406671625124
0.0
0.2901639824899408
0.0
0.0
0.5287820612041645
0.4593909131163252
0.24130049542612053
0.7924569340991705
0.0
0.6525469502197743
0.9240302427841821
0.0
0.0
0.13704699991019242
0.1615064032964946
0.0
0.9632270701787115
0.9727161303723212
0.0
0.0
0.6242993762959547
0.2853095101623523
0.0
0.024261214146297182
0.0
0.0
0.31004941531873004
0.0
0.6809719712120771
0.2914062086380697
0.2022922313796699
0.009086187063012029
0.0
0.9696138253544014
0.0
0.8395522100883058
0.0
0.7976359803143351
0.0
0.5818401705821246
0.0
0.0
0.0
0.686657712455125
0.45526260684868974
0.0
0.4220954931316696
0.9691136477510593
0.0
0.0
0.9537809231720934
0.2999036290758449
0.0
0.16260692946746863
0.6243784949394411
0.40263546474989376
0.25732015836774597
0.16304030184347068
0.8385872427421207
0.0
0.9027283346060673
0.8215997048823639
0.3767495390645016
0.0
0.0
0.5393586947546658
0.0
0.0
0.792982178247721
0.0
0.7896439764934204
0.0
0.0
0.0
0.0
0.420415385507368
0.0
0.08506990838845548
0.8413385252341479
0.0
0.0
0.0
0.19975403376368162
0.009092786210876794
0.07198984330763795
0.0
0.0
0.1270500708650899
0.6164999248162084
0.6933016470161608
0.0
0.5898732495673952
0.0
0.7151858686654753
0.9008857288516358
0.0
0.0
0.741282150273864
0.83594541694239
0.6234697467209033
0.0
0.0
0.0
0.9420144339819894
0.0
0.024863340564334823
0.7544961639593907
0.31476702348465035
0.0
0.4462657268885987
0.0
0.0
0.6332352906906259
0.0
0.0
0.0
0.0
0.0
0.27836989290559294
0.0
0.0
0.0
0.0
0.0
0.0
0.0
0.0
0.0
0.0
0.0
0.7280974708094533
0.276900043534078
0.0
0.8768885636742095
0.0
0.164159961622794
0.0
0.6482295223535265
0.0
0.2314025217069961
0.7335077471219231
0.0
0.5684003734353487
0.0
0.9267673807253815
0.0
0.04823045635935707
0.0
0.2829987228432697
0.0
0.0
0.5667885276779927
0.6210306487827216
0.4415984290135179
0.9241555841860096
0.0
0.0
0.0
0.0
0.0
0.0
0.0
0.7891331233658582
0.19255951436324562
0.19212406523974665
0.677753865850083
0.0
0.3783954984486129
0.08543396866244402
0.0
0.0
0.0
0.16666416572077572
0.22142480081678512
0.6821675808574896
0.0
0.0
0.0
0.0
0.0
0.0
0.0
0.015128722217861143
0.0
0.3786633998003568
0.0
0.0
0.0
0.0
0.0
0.0
0.0
0.5060720128275786
0.07874434189351692
0.799445388859549
0.0
0.9872213648530989
0.05440811660930255
0.0
0.022932479726122338
0.16684886844304617
0.36779097169980557
0.0
0.0
0.0
0.0
0.0
0.0
0.4853199893425954
0.4286092878010794
0.0
0.4939429819603543
0.0
0.9048839566935478
0.0
0.8483020940460548
0.5144357437022683
0.0
0.725635485130586
0.20691855288493002
0.0
0.0
0.0718505448814464
0.0
0.0
0.0
0.32665164617134573
0.35418589797762307
0.0
0.01727356525280812
0.7407314006320339
0.2392480828535331
4.0373095977022004E-4
0.0
0.0
0.032731205820985015
0.0
0.0
0.6838452075570947
0.0
0.5470848019208403
0.0
0.09725963904376547
0.12380203306335093
0.3860403394767313
0.47250056662211004
0.2952209525387038
0.0
0.0
0.7507962923131384
0.7172030139991122
0.4273014104817305
0.0
0.9984200308211705
0.9434999525088805
0.8676595257628211
0.0
0.0
0.0
0.0
0.0
0.0
0.14718088598705825
0.45875371627008416
0.7148989119064756
0.0
0.9709491991223371
0.0
0.0
0.25224916973409767
0.0
0.0
0.6271822584001134
0.5013547506513794
0.0
0.0
0.0
0.17960005982535432
0.8623336461171136
0.0
0.0
0.0
0.0
0.0
0.0
0.8201220484107
0.9355401073651692
0.0
0.597712756473443
0.15510690461767546
0.0
0.11804636591814245
0.9157129749036004
0.0
0.038997381645331924
0.0
0.7984021779212168
0.5009220377014785
0.5319594238210613
0.6897870549946143
0.7731128105119329
0.7473260151057295
0.0
0.9520824050933662
0.0
0.0
0.0
0.0
0.6942329697627497
0.0
0.0
0.14646340189607973
0.9881884454964152
0.21781624073488853
0.7549866245542519
0.6514805586758421
0.5732992500977699
0.0
0.2958742460532104
0.4320327381247349
0.41885941537576143
0.0
0.1217918075939994
0.0
0.0
0.0
0.0
0.22029438928571277
0.0
0.9272899915053164
0.0
0.69741879520765
0.0
0.0
0.0
0.0
0.33260569483819935
0.7586510515431741
0.0
0.23294821298092985
0.03727021850528987
0.0
0.0
0.0
0.11552222563780787
0.40024205265254365
0.5698592439912539
0.0
0.41162706214547307
0.0
0.27186981567426777
0.0
0.4887262226737633
0.0
0.1925861803315575
0.0
0.9128054702881987
0.0
0.0
0.8977615467516878
0.0
0.0
0.8072753786034647
0.0
0.0
0.3977936983670923
0.742760795756493
0.0
0.0975242993893493
0.0
0.23123756464449358
0.0
0.23394172619538597
0.0
0.0
0.6954778600167855
0.8532278279532844
0.0
0.19937516913976303
0.5776879361360997
0.979158988658643
0.35731225259052013
0.21761111060303137
0.9169027844076435
0.16527344936967533
0.0
0.0
0.5430561118935565
0.7687060789585433
0.0
0.0
0.0
0.0
0.0
0.42929709464333266
0.0
0.8000172949326838
0.4250091667521947
0.8971226444812966
0.0
0.0
0.21258853346974527
0.29326920762507297
0.8444405370310706
0.8301540990139266
0.0
0.5869278281243848
0.6711553494868688
0.0
0.3814299123009473
0.020012933196921684
0.7475923042550848
0.0
0.8005131199979655
0.0
0.0
0.0
0.0
0.980207229772985
0.09932543218917486
0.8917881745040984
0.0
0.45542847255627683
0.0
0.0
0.7596578483250844
0.0
0.0
0.0
0.7162943846703976
0.2262492962544941
0.7011247204204186
0.0
0.0
0.9728139984484998
0.0
0.0
0.734341670337876
0.05944826738872518
0.0
0.0
0.0
0.0
0.0
0.0
0.9546709664126738
0.6873379552744269
0.0
0.0
0.0
0.4058072948678189
0.0
0.7957679768555621
0.0
0.12981371576305975
0.0
0.7558822210105858
0.0
0.8771922723072341
0.1667971994359294
0.0
0.0
0.0
0.6073868212888175
0.6357460278491126
0.15497933242669534
0.0
0.6383428250146669
0.0
0.0
0.8641266375367213
0.5423102397939432
0.0
0.1411032492945329
0.0
0.26389969095213023
0.0
0.0
0.5102942948836131
0.0
0.584323964087113
0.0
0.21770732688663674
0.0
0.22729125779591475
0.0
0.34321826584690407
0.22729217116467054
0.661430654342567
0.45814804775067647
0.0
0.0
0.0
0.4918311085823026
0.0
0.0
0.0
0.24160595699370696
0.0
0.0
0.0
0.0
0.5492838914544328
0.0
0.7374207055767725
0.0
0.29012610160623703
0.0
0.0
0.0
0.0
0.40656774957412406
0.0
0.0
0.0
0.6957782418467376
0.0
0.2102897803877975
0.0
0.5616688821496444
0.561421092439926
0.5960765224989718
0.4794072938117503
0.6926494610913018
0.0
0.7438501864532233
0.0
0.0
0.0
0.29721311486874713
0.0
0.0
0.9054093756719134
0.0
0.46390115788309444
0.0
0.0
0.6155014071596245
0.7458048409022996
0.0
0.0
0.0
0.0
0.9453666554604054
0.0
0.03570873340566558
0.0
0.7826348979091824
0.0
0.0
0.0
0.0
0.8891832135567802
0.0
0.5761123298007297
0.0
0.6948698322230888
0.7941484479917473
0.41548707223233294
0.49528889654744973
0.8892707428342687
0.0
0.3706343879853779
0.0
0.0
0.0
0.0
0.3034088755651092
0.0
0.0
0.34423176633273256
0.6358110704318796
0.09068939948369456
0.5022890356469072
0.8935514446680989
0.0
0.6765850785114145
0.0
0.6785262747700913
0.9271520285889593
0.0
0.0
0.0
0.8694351183240329
0.9299429745419596
0.0
0.20284703119534161
0.8649082710780251
0.0
0.3463303334097235
0.0
0.0
0.0
0.1893629780008122
0.4903008020260918
0.0
0.5858205235131113
0.5227835980138019
0.0
0.0
0.9208731477076146
0.6071787585191122
0.0
0.07516557053335458
0.03836851127379109
0.06082586933695903
0.0
0.5581714364310769
0.25229021026865667
0.575136445165447
0.507750517671235
0.0
0.11064273446136709
0.0
0.0774109085881569
0.0
0.5244807426576886
0.0
0.651148120227966
0.0
0.0
0.0
0.0
0.07896229460780847
0.07703700809779086
0.0
0.9949250978720443
0.0
0.0
0.0
0.0
0.0
0.9480948736586571
0.4372886977567619
0.0
0.81409350875951
0.871976870957086
0.0
0.0
0.0
0.0
0.0
0.0
0.1674753899112491
0.12062725320631149
0.367679121453775
0.0
0.0
0.7102344276800644
0.0
0.17434414020463215
0.006849791737621392
0.0
0.6187372169276302
0.42834473134492085
0.0
0.0
0.0
0.7039716941578308
0.8846219788472869
0.0
0.240574521776287
0.6375682540304096
0.7932667803932472
0.3349851631854038
0.0
0.0
0.6903927685243777
0.0
0.0
0.0
0.7188451836553577
0.0
0.0
0.28084141807044855
0.5298785142220922
0.9878483360655312
0.0019814158684193965
0.0
0.0
0.0
0.0
0.0
0.0
0.6597784652088405
0.0
0.0
0.0
0.0
0.15083234671790213
0.7915199085044601
0.47789038221646346
0.5404077513917908
0.0
0.0
0.8652387742775959
0.0
0.5517862342306269
0.0
0.3643950948607699
0.0
0.07564472608162255
0.0
0.42903990660962
0.0
0.0
0.006896958681924957
0.0
0.11688426859221701
0.9047471061977006
0.2516499272685009
0.0
0.0
0.500660107976838
0.5366457884297894
0.0
0.0
0.0
0.0
0.873860099607775
0.8867289657754964
0.0
0.0
0.0
0.0
0.0
0.0
0.15009497537733804
0.0
0.17846482300754854
0.0
0.0
0.330749800818942
0.0
0.0
0.5859576085623659
0.7498412204810098
0.0
0.4410457547465074
0.0
0.0
0.0
0.14589379404180947
0.2191943076432403
0.5849839163055625
0.0
0.8565695447322204
0.5714858108785376
0.44880120130469203
0.0
0.0
0.0
0.9119461164921298
0.0
0.0
0.0
0.9139016978794132
0.5276741639176956
0.0
0.0
0.2403275709162744
0.0
0.45583123780205
0.0
0.0
0.23992882986421146
0.0
0.8148383237696986
0.7967560263792631
0.23910075240739348
0.0
0.5455791321576248
0.3031169696844815
0.4576948035779944
0.0
0.0
0.0
0.0
0.0
0.11716481507479859
0.7086089810765523
0.0
0.21398942490060222
0.7803629903346161
0.777933142873673
0.14205491170900655
0.0
0.7187839138561265
0.0
0.0
0.0
0.0
0.0
0.0419254966494809
0.6725640011219308
0.5720095943531635
0.520876872265158
0.0
0.4016191858506273
0.3892815528751714
0.0
0.17853249054543774
0.5968928848928101
0.0
0.0
0.4787251016416704
0.013694398246898947
0.5606978855651127
0.27322232880477043
0.06187193311731239
0.8948120283693689
0.0
0.0
0.0
0.0
0.0
0.2795573854442471
0.1724509893757292
0.0
0.0
0.8828958724445415
0.0
0.0
0.0
0.9607854941274567
0.8550838318583213
0.9637066665739344
0.0
0.28305769731199504
0.23971215804699952
0.0
0.0
0.0
0.7484751411044789
0.1509444650579937
0.0
0.0
0.4629686111912451
0.0
0.0
0.0
0.0
0.0
0.0
0.24977105151260712
0.905037171881193
0.0
0.0
0.3738824119913888
0.4879004651602213
0.21983250792554293
0.5621103089197419
0.0
0.0
0.16439334591213273
0.4719178038513937
0.0
0.0
0.0
0.300062743120636
0.0
0.0
0.0
0.6494016159869271
0.0
0.969959519506187
0.47360886635676075
0.8715612043191874
0.0
0.0
0.18814232569079095
0.0
0.0
0.0
0.0
0.5842507172333875
0.7072362019447515
0.0
0.0
0.915127267410749
0.0
0.8134122912146977
0.0
0.26480602892758204
0.0
0.0
0.507492298084156
0.12990072177323206
0.8801802481035502
0.0
0.8371266074232632
0.693550386338719
0.0
0.43242396597478583
0.8561884455149539
0.8321817673753168
0.9731228986896673
0.30129505149395663
0.0
0.47147787661076135
0.0
0.0
0.0
0.06786993542784825
0.7433504121546015
0.0
0.0
0.4243727770335913
0.0
0.0
0.0
0.6617334692292397
0.0
0.07151609549185368
0.0
0.0
0.0
0.0
0.5109373473131724
0.532929416470214
0.0
0.0
0.0
0.0
0.0
0.0
0.0
0.0
0.6080811005512804
0.0
0.9126428848513684
0.0
0.0
0.0
0.5034738307846177
0.1687307119393844
0.0631097488899111
0.0
0.0
0.0
0.0
0.0
0.08642272298101787
0.9183494226469162
0.0
0.0
0.1402566544471873
0.0
0.0
0.0
0.0
0.006083505783321009
0.0
0.0
0.0
0.0
0.0
0.0
0.0
0.9617418675528037
0.3147757391113857
0.0
0.6041983261551599
0.5770833899927774
0.0
0.6169282724290946
0.0
0.0
0.5564526959511873
0.0
0.19159482017786245
0.0
0.3921091872934278
0.6155187678433698
0.0
0.0
0.0
0.3131339358307072
0.0
0.4287799847257017
0.11233283401802753
0.0
0.0
0.0
0.0
0.4374668006543357
0.0
0.0
0.0
0.0
0.0
0.20449097463734883
0.45807940985441437
0.4718851721440466
0.0
0.7617298608454334
0.520687270773308
0.0
0.23192325856358603
0.0
0.09621005770897348
0.0
0.942720778207117
0.0
0.042586047103548706
0.344238852009093
0.8160192912685225
0.0
0.0
0.0
0.3234279885964176
0.0
0.0982289696226143
0.0
0.0
0.0
0.6118470134585077
0.0
0.0
0.8219391324927842
0.5201834157055143
0.3482097266955864
0.0
0.41610848688063845
0.0
0.7659926250359005
0.0
0.723379184066527
0.0
0.7240845609182246
0.0
0.0
0.97469795662096
0.0
0.0
0.0
0.4558562466797618
0.7829896164856375
0.050952663754477434
0.32536813469013187
0.8701470381229331
0.0
0.0
0.15041040588186297
0.0
0.0
0.9562917291364781
0.0
0.0
0.5398440597053014
0.0
0.0
0.895428807223065
0.27730360509561536
0.0012774902581402273
0.028009443263504727
0.23994757152371507
0.0
0.0499205669290765
0.48725861091916084
0.0
0.0
0.47872638616198226
0.0
0.0
0.0
0.22742727374734814
0.0
0.9393471858370877
0.0
0.0
0.5993356511189536
0.0
0.0
0.0
0.0
0.6106260188073335
0.7341389188797026
0.4878613542163513
0.0
0.558047506337588
0.0
0.3842685730724318
0.05711094542104532
0.0
0.3499160750846148
0.8602426166439163
0.7087473909610326
0.21226822951572527
0.4985112984806841
0.0
0.0
0.14216233983642915
0.0
0.7344386437493814
0.29134057208709835
0.0
0.0
0.0
0.6459273278511031
0.3974724109669048
0.0
0.0
0.0
0.9204754564295812
0.0
0.0
0.0
0.0
0.0
0.0
0.15022316510577927
0.0
0.0
0.2875013562814833
0.03305422018919663
0.9297075895795305
0.24754649003025625
0.0
0.4438429167136414
0.0
0.30522170139669774
0.3005390813839799
0.5519636334496287
0.0
0.0
0.9679391125369649
0.0
0.6269413507073076
0.09474236742116296
0.4761352442698814
0.0
0.0
0.7145274349145856
0.7976900033609701
0.0
0.0
0.24562810285993847
0.0
0.7149304555263568
0.4927169859634061
0.9016027494082993
0.0
0.07082849492250946
0.0
0.0
0.0
0.18265902703443196
0.0
0.0
0.7784376727866065
0.0
0.0
0.3301068383629851
0.72450177633271
0.0
0.0
0.0
0.0
0.5208812522514046
0.02231590576353922
0.7449264552708021
0.9483747539491991
0.5636582517326676
0.0
0.0424295441156469
0.0
0.5244047488694706
0.05009918979025323
0.7463935848103682
0.8391292853285569
0.0
0.12909703388962446
0.926087511841474
0.0
0.09990898809376741
0.48978067942307846
0.0
0.04206274657325952
0.0
0.9494718199952084
0.0
0.2166734330057373
0.0
0.27210282245058376
0.0
0.0
0.09636299204225095
0.2048882002745744
0.5646419738434693
0.4298548385495692
0.0
0.05244562987279946
0.0
0.0
0.0
0.0
0.0
0.9901336180137936
0.0
0.0
0.0
0.6842856396733302
0.0
0.0
0.36667934448187006
0.6233749361337879
0.5110917977108995
0.0864559328396891
0.4052719015503861
0.0
0.0
0.6666645467096604
0.0
0.0
0.39633120038103586
0.0
0.0
0.6962214948992594
0.0
0.0
0.0
0.0
0.11575566656712431
0.019447658091311406
0.017367192365671726
0.34923305539783495
0.5048455715581041
0.0
0.0
0.0
0.0
0.0
0.3834699474546895
0.0
0.0
0.3582718895648158
0.0
0.0
0.3708040198148013
0.34547331929718983
0.22995885143418873
0.0
0.2786580364390785
0.0
0.8258968968682421
0.6357881550765777
0.0
0.3370316290212003
0.0
0.0
0.26157892742889854
0.4493649066252028
0.24085143866904965
0.0
0.0
0.14935909510949083
0.0
0.0
0.2780877169741048
0.43514042079377846
0.0
0.9450842816127605
0.0
0.0
0.30463121972696183
0.0
0.0
0.0
0.833563800367543
0.0
0.0
0.0
0.0
0.0
0.0
0.4560031067239345
0.0
0.0
0.0
0.0
0.0
0.0
0.0
0.6350807353932646
0.0
0.7396038270867186
0.0
0.0
0.12379432765407211
0.4198968792195032
0.0
0.0
0.0
0.0
0.5002931287373199
0.5521799645028335
0.319267126635826
0.697018524554557
0.4626923578191836
0.0
0.0
0.6960686471793212
0.0
0.4389722006565616
0.38383639821081955
0.19935103208749733
0.5948654922119084
0.0
0.0
0.5630568743897781
0.3996648904342804
0.0
0.0
0.0
0.0
0.0
0.0
0.0
0.0
0.0
0.0
0.0
0.0
0.32193237578121875
0.9293614583608181
0.8614186561848519
0.11439806010199739
0.0
0.1593335218570103
0.0
0.7492340706523305
0.09892874446208112
0.9656682786102282
8.690349177119886E-4
0.0
0.5935641229273416
0.057347198723960414
0.0
0.0
0.7738850676924087
0.18006178350464386
0.67251685782745
0.0
0.0
0.0
0.0
0.0
0.7954262669895111
0.0
0.0
0.0
0.0
0.0
0.0
0.0
0.0
0.6569955259995396
0.6684776044091648
0.0
0.0
0.0
0.0
0.0
0.0
0.2378652288966364
0.6376883033288244
0.6533551195734274
0.0
0.0
0.4425322198422512
0.0
0.0
0.6280970065585186
0.7001568245455373
0.0
0.0
0.3304463762822306
0.7563448239009101
0.0
0.0
0.0
0.0
0.6279736073297936
0.0
0.0
0.9869735722186709
0.7540756942997663
0.0
0.0
0.9699676914228847
0.0
0.6927879190251243
0.765960948731484
0.04502454904737056
0.17246279152333932
0.1616181935104721
0.2391156033421131
0.32688639137720255
0.575321986480578
0.0
0.0
0.0
0.0
0.0
0.0
0.3189682738689591
0.0
0.3166805980655209
0.48605439851448107
0.0
0.9710946134292782
0.20888647765536764
0.2711182615673358
0.19321813430615797
0.0
0.0
0.7415040368614335
0.8051592391298386
0.0
0.0
0.0
0.0
0.0
0.0
0.0
0.10200791241152919
0.49989759679877616
0.8109610201464864
0.48291625748463685
0.0
0.0
0.0
0.0
0.4276562287398321
0.0
0.0
0.0
0.0
0.582710905402731
0.0
0.0
0.36752986299078105
0.21341477244829446
0.0
0.0
0.0
0.0
0.15406090542885578
0.33304971677886214
0.0
0.5296812472578978
0.6238883667350191
0.0
0.0
0.01618123074900099
0.0
0.0
0.0
0.8123135386125219
0.0
0.0
0.4727973445875314
0.6973221866079072
0.4823291220883221
0.0
0.5372889077448129
0.8577065463983801
0.0
0.0
0.0
0.0
0.8547308821839007
0.2302310872748809
0.28042799361238735
0.0
0.0
0.33223896299682254
0.3470355024382123
0.0
0.0
0.214792495072989
0.10564935588826664
0.0
0.0
0.0
0.0
0.0
0.9443594582962422
0.0
0.6515284244452769
0.0
0.7650510798600052
0.18256432340241396
0.3592420192579989
0.0
0.0
0.0
0.0
0.061574221397891295
0.0
0.8537122801375847
0.7536212826007008
0.4395301949554709
0.0
0.7031849766458875
0.0
0.07240333504814317
0.0
0.0
0.5638224955429081
0.0
0.39888417369929735
0.0
0.0
0.0
0.0
0.6643366319050467
0.2721865501671167
0.007280494164570764
0.0
0.37682204943179626
0.6941415291497679
0.42097381238494536
0.0
0.25565199361454566
0.46919701010143355
0.054674512860638916
0.0
0.42225344800669684
0.642697390409033
0.819693006897406
0.6859378829559436
0.0
0.0
0.0
0.0
0.0
0.0
0.0
0.2210228890654628
0.0
0.0
0.0
0.0
0.0
0.0
0.0
0.0
0.40500522074819234
0.3530347268696137
0.6432741586109108
0.6289957062162616
0.32928997922356157
0.7984157173923768
0.5915401370971803
0.0
0.17745225768724823
0.3202910554390543
0.8215051873417454
0.0
0.06136684635965567
0.5850534044150442
0.9709766758758258
0.0
0.8896458184881173
0.7160320202743092
0.44810977902997307
0.7205631496954855
0.5117394736172818
0.8179602393923361
0.0
0.8341468794401979
0.0
0.0
0.46121826382314346
0.04219354183589219
0.9800622419646478
0.0
0.0
0.0
0.0
0.0
0.0
0.0
0.0
0.09487287957624133
0.0
0.0
0.10736147182603156
0.6642725378081408
0.403331993103039
0.0
0.0
0.0
0.7728865124395812
0.6287419462896399
0.28053796417579796
0.0
0.0
0.0
0.0
0.0
0.8466853901559953
0.4642517379183836
0.0
0.0
0.0
0.8044761657800542
0.0
0.0
0.5922433698664366
0.0
0.0
0.0
0.06089117344548864
0.2053306518538599
0.0
0.39865344574888956
0.0
0.0
0.6910922908454177
0.0
0.0
0.0
0.6895121592110754
0.0
0.9077730556848405
0.0
0.0
0.507200731857501
0.9334143403583638
0.26060622399589123
0.0
0.0
0.0
0.9660831665792642
0.3285428264101966
0.0
0.0
0.17699680166437443
0.0
0.0
0.31386664613293563
0.5186087315049123
0.0
0.8759411833581902
0.1967567779166612
0.9039574383426819
0.49353280701100743
0.0
0.0
0.0
0.5287795094451041
0.6761399423681167
0.07601623535642157
0.0
0.49713744113263
0.0
0.88016016169903
0.7464492375283692
0.0
0.0
0.4231504690441631
0.14316480655839206
0.7845188366016339
0.6706170195558636
0.0
0.0
0.29521399626700573
0.0
0.0
0.30126579426359
0.8699821013788809
0.0
0.22277054840745603
0.0
0.042022067865314545
0.10435442166649235
0.6807077044300733
0.0
0.0
0.04278394695535167
0.6273512726460386
0.0
0.0
0.9012657888458193
0.7443902094544914
0.0
0.28051497458750235
0.0
0.43634933018170996
0.0
0.8415820477807726
0.2508403071423771
0.0
0.794677302894028
0.0
0.0
0.0
0.3258425563938832
0.21615967580859602
0.7701686239736041
0.0
0.4642287497143688
0.07062044802499495
0.0
0.9413006834233261
0.0
0.7923500456670103
0.0
0.6821214133733827
0.9243544014447966
0.0
0.0
0.0
0.712711822856767
0.0
0.1574741667378559
0.0
0.0
0.3040739790439559
0.0
0.0
0.0
0.0
0.6024967473548638
0.0
0.0
0.0725175444831848
0.0
0.0
0.0
0.8068392531713524
0.22902300342067963
0.0
0.10159375890391345
0.0
0.0
0.5039742435871979
0.11826072533809537
0.5502173263094348
0.0
0.6677205829997575
0.4941360876168281
0.5135655358765893
0.0
0.0
0.0
0.20799958363496018
0.0
0.26371775273753434
0.9423903081480361
0.1923801674703239
0.0
0.5649370820545149
0.9803768450445491
0.6231177408572134
0.0
0.9248352081232339
0.0
0.0
0.0
0.0
0.0
0.0
0.3740423427017304
0.0
0.7200561315741307
0.0
0.34966944732468114
0.0
0.8755951544038482
0.40791299853877006
0.4038754081981446
0.0
0.5856380469266316
0.1531319323526279
0.0
0.3273450825266073
0.1962889354124102
0.0
0.0
0.0
0.3372783252613043
0.0
0.4110322623557185
0.3256447647618941
0.0
0.0
0.0
0.36498623563572663
0.39763102614137164
0.21142329795000311
0.0
0.050392404758575836
0.0
0.0
0.8639420209684954
0.21651030409829689
0.614788006797722
0.0
0.0
0.33289905428146055
0.0
0.0
0.0
0.0
0.06899259496723953
0.16777400313101926
0.5787561315029024
0.0
0.5299495333578653
0.0
0.4878509133785168
0.8003751877233461
0.0
0.0
0.0
0.7314945971587067
0.0
0.0
0.0
0.0
0.9635738542069135
0.0
0.27105736929195284
0.0
0.0
0.0
0.4538324180926688
0.0
0.2616788959963064
0.579589915703379
0.0
0.4393671361258054
0.0
0.0
0.0
0.13662587966255849
0.0
0.0
0.44113992749979575
0.10425249476795952
0.0961258012297834
0.9886046119688789
0.0
0.0
0.7456980512513729
0.0
0.0
0.9883993716184821
0.0
0.0
0.3503307928655496
0.0
0.8322496069009732
0.04335901840826951
0.0
0.7811163898843481
0.0
0.8206533511290447
0.0
0.0
0.0
0.0
0.4781559296923464
0.07486320555295563
0.0
0.0
0.9202586939143781
0.0
0.0
0.0
0.0
0.0
0.3056758552621473
0.37663058738218547
0.8638620047485798
0.4127763660329908
0.8745931460279445
0.0
0.0
0.8540671737794087
0.0
0.0
0.8845804899432688
0.03649763608762936
0.5634001717400199
0.0
0.8031996605748695
0.0
0.43808658485028545
0.2104032764750472
0.0
0.0
0.8678747733204335
0.2315243911714733
0.0
0.0
0.46186841410977514
0.5077354678433845
0.0
0.0
0.6825452551999003
0.3097158302856659
0.0
0.6846433287216654
0.9997697786435215
0.0
0.0
0.0
0.42460849639444004
0.9652542067283154
0.0
0.0
0.0
0.06411538485387736
0.0
0.0
0.29241446232369944
0.0
0.36133551685582316
0.0
0.0
0.0
0.0
0.0
0.0
0.0
0.0
0.0
0.0
0.0
0.0
0.0
0.0
0.9161663476561671
0.09775223019777907
0.40993175454074904
0.0
0.35650708772936485
0.041764192986168146
0.0
0.0
0.0
0.0
0.32154711101983974
0.0
0.41726558391014595
0.0
0.7256248456852757
0.0
0.8960204389592615
0.0
0.0
0.0
0.0
0.0
1.8164447732718638E-5
0.2883634470999773
0.0
0.0
0.0
0.5123979583321939
0.38664894288170465
0.6042887706860202
0.2020100418705428
0.0
0.978793685050397
0.7750704876670743
0.0
0.0
0.0
0.0
0.021423910888096944
0.6461990394004654
0.0
0.6366913647281442
0.13804523635123359
0.0
0.48572730100210665
0.4878544989966304
0.0
0.5696026527178758
0.0
0.0
0.0
0.0
0.8508002218782592
0.0
0.0
0.0
0.0
0.3669518193142218
0.0
0.9003808320720126
0.0
0.0
0.0
0.0
0.0
0.0
0.0
0.0
0.0
0.5504699648528536
0.9182210596532422
0.0
0.6887088475236324
0.6726225306570041
0.0
0.0
0.0
0.2671377720665321
0.0
0.013503210777012206
0.3771461836477437
0.3179895455355899
0.4715112039837759
0.23826041492978364
0.0
0.0
0.0
0.49347401701988064
0.0
0.5804804919392396
0.35683230253623605
0.2615298454673655
0.27584627567736275
0.0
0.0
0.9636929568100553
0.3132772359642392
0.12419684348462287
0.0
0.0
0.6040475633005297
0.1361890406327223
0.10526392580806014
0.064878825732958
0.0
0.96012958070808
0.31023635872780664
0.3035039165116066
0.0
0.0
0.0
0.1451468671503061
0.7359711275356381
0.29374615218191674
0.2950618224627045
0.0
0.0
0.008388357751873425
0.0
0.0
0.0
0.0
0.6700795886922801
0.0
0.0
0.4470283938634472
0.7249322642283328
0.12125531227016101
0.0
0.8710187949385189
0.0
0.532286266905869
0.6479604211789297
0.3129787681498306
0.0
0.0
0.0
0.4010366812881442
0.5953625077526229
0.0
0.9747200686085581
0.1518269279136237
0.0
0.1128266744626902
0.0
0.0
0.0
0.17577935465631775
0.0
0.3624921829884038
0.39203030608245454
0.0
0.0
0.27813256586866353
0.0032464744668961668
0.9424378257432136
0.0
0.0
0.08983241147517289
0.5384482299115088
0.41665713263145776
0.0
0.0
0.1863778002842765
0.0
0.48002027230271893
0.9883487828519345
0.0
0.35704323766707474
0.0
0.0
0.0
0.0859997912962638
0.0
0.4403674213303437
0.0
0.0
0.0
0.0
0.0
0.36576164043645837
0.1953164973780639
0.2917498337949143
0.0
0.5570639331732822
0.0
0.0
0.0
0.0037025787427910854
0.0
0.0
0.0
0.10865758370894726
0.0
0.8404167568548462
0.0
0.22805139653603138
0.0
0.868926402728663
0.0
0.0
0.0
0.0
0.0
0.23579552653473182
0.0
0.0
0.21404991931467324
0.0
0.8603047303273205
0.0
0.0
0.0
0.9247163848918695
0.0
0.5561457338700712
0.7647523563600547
0.0
0.0
0.0
0.2565728700072286
0.0
0.0
0.605240237476901
0.5080488236187598
0.28751089954818543
0.0
0.0
0.0
0.7565190201061224
0.0
0.1744866497366046
0.0
0.0
0.0
0.3168959373464687
0.0
0.015596531933472952
0.884508089761778
0.21880558646714604
0.0
0.18699326880704334
0.0
0.273432171551054
0.0
0.459683925421143
0.0
0.0
0.01634553387847487
0.6185838143379033
0.0
0.565466581150127
0.2931880736004638
0.3642525840614846
0.0
0.0
0.0
0.0
0.0
0.0
0.4774178767205505
0.5550717766824557
0.0
0.0
0.0
0.0
0.6586993359379508
0.6778239418474312
0.0
0.11498646628738536
0.0
0.0
0.0
0.0
0.0
0.0
0.7574594048677062
0.6161681098862429
0.0
0.0
0.8759143675237868
0.0
0.4396190151563901
0.0
0.0
0.0
0.0
0.0
0.0
0.3376550316889415
0.862658472102136
0.0
0.24690300531643164
0.9081269387330274
0.978776619668679
0.7934618953158449
0.7638198700396125
0.802662451759788
0.3866442954320641
0.8368546973700757
0.0
0.7951510994168296
0.6634755479952704
0.6050424092376407
0.803872196286941
0.0
0.0
0.3132673332190354
0.0
0.0
0.7278158945757323
0.2015003372949155
0.7899022151387546
0.41510041289450994
0.14704800139046928
0.9742333788745986
0.19344250575974606
0.4660479328544319
0.15005200034815833
0.0
0.0
0.0
0.0
0.0
0.30712019822450315
0.0
0.0
0.8509629698498388
0.24485480851040264
0.8825968514229235
0.7382773686049083
0.0
0.0
0.672830854996059
0.0
0.0
0.0
0.0
0.9338438967634078
0.6034060918624429
0.0
0.0
0.0
0.0
0.3990261452477863
0.0
0.9368455619901286
0.0
0.0
0.0
0.0
0.5832977583635297
0.4970705077003702
0.3248484678411645
0.0
0.0
0.0
0.5443183944714666
0.1266978163310596
0.0
0.14198750625048992
0.3553623079428396
0.7836101328697774
0.338155158757915
0.0
0.25886988377554965
0.0
0.8334968690230989
0.9451435929111949
0.32759838683889714
0.0
0.9576437296721746
0.519825250179625
0.0
0.29713708600259436
0.8608188706963573
0.0
0.0
0.0
0.3044355691530614
0.8427624053229044
0.0
0.0
0.25415241470687583
0.0
0.0
0.44787107983256974
0.7826931192616939
0.0
0.0
0.023024670427709726
0.0
0.0
0.0
0.5894860998196718
0.5644088778287571
0.0
0.0
0.5366090615895519
0.0
0.0
0.05869492006363706
0.02713880818721579
0.6865000719398894
0.9350019695573532
0.5621119458633124
0.0
0.0
0.0
0.0
0.0
0.0
0.0
0.4840394808126631
0.0
0.42099176577256875
0.26574734874511846
0.9321002882539207
0.0
0.0
0.0
0.22422615380089278
0.0
0.5773507190250018
0.0
0.6758693774750937
0.876092439420848
0.4013701554514174
0.24389503689252845
0.23808004681459038
0.09547726217133622
0.0
0.0
0.0
0.1265916801394436
0.0
0.18061522555847243
0.0
0.9920135254293755
0.012916949726459338
0.2581143100829506
0.3240094920468922
0.9648184824114754
0.0
0.08680793041679401
0.8527262533925367
0.0
0.0
0.23744221504369226
0.0
0.4870515181435207
0.44968226407570006
0.9639966356335188
0.0
0.8372254387066498
0.12388583975412469
0.0
0.0
0.8238896909609759
0.9617034648526054
0.0
0.0
0.5665395909558734
0.0
0.30086086576576615
0.47561740262373753
0.0
0.2804654629176833
0.0
0.0
0.0
0.7570621104086702
0.0
0.9737249977749544
0.0
0.9493962923624013
0.0
0.6992812377553966
0.0
0.0
0.0
0.0
0.8964994929239081
0.0
0.0
0.0
0.0
0.9849848923863916
0.14843863294742096
0.975353151300231
0.5564413204840604
0.35653528284523495
0.0
0.07242611098441198
0.0
0.4943797703617916
0.504527617497659
0.358230717742461
0.09903232517817914
0.5187680459340717
0.0
0.0
0.3977392553854523
0.24919790504357323
0.4095735505813859
0.0
0.44055440969130755
0.0
0.0
0.0
0.0
0.612307280953596
0.0
0.0
0.0
0.7712037890480629
0.3915593487357756
0.0
0.7248910852204138
0.0
0.0
0.0
0.0
0.0
0.9964167413016963
0.0
0.0
0.0
0.0
0.3795614599642903
0.7667849485108829
0.0
0.0
0.4102253041732142
0.0
0.0
0.0
0.0
0.0
0.48391467179762926
0.0
0.0
0.0
0.0
0.0
0.0
0.15702978696889044
0.0
0.908475833963142
0.0
0.0
0.7796785056610788
0.3842873328982572
0.9091048192081445
0.9842781465522557
0.0
0.0
0.7503590899490358
0.0
0.10504841778305078
0.0
0.9670676973497002
0.0
0.0
0.9365356633655892
0.6641889921329132
0.0
0.7492232315398284
0.0
0.6973036408975833
0.0
0.39129124984944913
0.0
0.5045690665062572
0.0
0.0
0.429860381530203
0.0
0.2806034145752376
0.30744026110684786
0.4436086467537137
0.24195374479315743
0.0
0.7887329241794612
0.0
0.0
0.0
0.4426865185217297
0.0
0.0
0.0
0.5487680566474187
0.0
0.0
0.1437669617668844
0.0
0.0
0.0
0.12653975505505652
0.0
0.4936277667057692
0.0
0.0
0.0
0.0
0.8648800851038904
0.0
0.0
0.151762105886919
0.0
0.0
0.0
0.7333872196187662
0.41296969395044
0.0
0.5758326036065274
0.07700000034389827
0.8831630160447289
0.9706080093980394
0.0
0.0
0.36091662811673914
0.9140035642511385
0.0
0.0
0.0
0.0
0.8707947024707605
0.0
0.8337290145624533
0.6357237398203966
0.9858754053745641
0.5943723811997202
0.0
0.5919929792984637
0.2616892165074255
0.010451585428425053
0.5916716763444351
0.551945357821981
0.0
0.0
0.6226988958475339
0.7049561940580018
0.8117277653795365
0.6076552709527648
0.9854477131164326
0.8523915858782687
0.0
0.0
0.541696033013176
0.7850165595672032
0.0
0.392536099437518
0.8560002885235596
0.0
0.093868100832825
0.5414119757283046
0.6270055272000769
0.0
0.0
0.0
0.0
0.0
0.6146527084307689
0.0
0.0
0.22243729475722754
0.7402992076162224
0.0
0.5077163402823953
0.7091330980234019
0.0
0.5551150316265501
0.0
0.0
0.0
0.0
0.0
0.0
0.0
0.3323165497781809
0.0
0.5872889420923517
0.49409457776330706
0.0
0.0
0.0
0.0
0.0
0.0
0.9355144726387281
0.06415070642320153
0.6117696273711423
0.0
0.2898720999336789
0.33828779527746977
0.4061849809044406
0.7327286688570217
0.0
0.06276799575878535
0.0
0.8403571860595784
0.0
0.0
0.9695690250343111
0.0
0.0
0.0
0.0
0.7478187474392516
0.0
0.7469098282864276
0.0
0.0
0.618574776021639
0.6234101860494948
0.850626818076113
0.8841992614823335
0.0
0.0
0.8429195404214502
0.0
0.0
0.0
0.4066752119335321
0.5220199033303597
0.0
0.47087956607121473
0.03227276653681153
0.2184793190725842
0.0
0.0
0.4144663443141429
0.5490093573373743
0.19989759208281693
0.0
0.0
0.0
0.09642373012256421
0.36294895207998185
0.0
0.0
0.44964048823726677
0.8278049984276785
0.1534536667732687
0.0
0.106588162075071
0.0
0.0
0.0
0.0
0.0
0.9560580759481924
0.0
0.0
0.0
0.8283457228409618
0.7441926412061538
0.0
0.3149538515568253
0.8946508842562582
0.0
0.03367963961473694
0.0
0.4633036984542248
0.7935425129612512
0.5478159520318895
0.9470711136902722
0.0
0.0
0.0
0.6808794784366933
0.0
0.0
0.8423922665954222
0.7915268544049066
0.38318344689339323
0.1525560477380148
0.20836740325969066
0.0
0.0
0.9529320566772445
0.0
0.31038045145048676
0.17407890465041576
0.0
0.0
0.9632348004733216
0.051590897043169784
0.0
0.5592925925043568
0.0
0.0
0.0
0.3225572284080092
0.0
0.7023957501127078
0.6864739579381904
0.00969144435103222
0.0
0.7072522119814072
0.018516686141114236
0.567476576299132
0.0
0.27644712328143334
0.0
0.0
0.17782142696085684
0.0
0.5138881434291257
0.0
0.0
0.6395160875923671
0.08207742869593787
0.48429315143383694
0.6690499825330883
0.0
0.5292453849969758
0.0
0.10642407719265476
0.0
0.9385375604537066
0.7685140199042524
0.0
0.9972471832916854
0.03102241422069487
0.0
0.48796993226361757
0.9259877284974976
0.0
0.0
0.0
0.8702872579723643
0.9168313165438033
0.0
0.0
0.0
0.09676656251005164
0.982157767257528
0.7171813844243223
0.0
0.15455570613360575
0.0
0.2482500164060424
0.25527302771581073
0.9438482926578597
0.0
0.0
0.8472770705706766
0.1459413211277792
0.0
0.0
0.0
0.6896252372605824
0.0
0.0
0.0
0.0
0.0
0.2125461590557408
0.0
0.0
0.0
0.0
0.0854196205541538
0.0
0.0
0.3862316753069334
0.0
0.0
0.0
0.0
0.0
0.0
0.0
0.0
0.9189419321867482
0.6082376488052511
0.0
0.0
0.0
0.5810143293757055
0.0
0.28077140111177523
0.0
0.034624430736534664
0.9503704987134994
0.0
0.0
0.44824939312705714
0.0
0.15426698779796735
0.0
0.0
0.8036958091735943
0.7108696729185101
0.0
0.5856206926960495
0.4427597555695402
0.0
0.0
0.8238361148430086
0.0
0.2307491225112129
0.0
0.04391915045734518
0.0
0.5369221946916507
0.0
0.37399534507019344
0.5560418913086862
0.0
0.1387578600479261
0.0
0.6858472790331411
0.3633710361652865
0.377251057717508
0.10036820073128201
0.8888634914100848
0.0
0.0
0.0
0.07488916312173699
0.0
0.8329637978363914
0.7507068505424833
0.0
0.4687873169675741
0.7573405367170842
0.8869250859114414
0.0
0.0
0.7164508301503794
0.0
0.9219724895752714
0.0
0.0
0.08205003235781923
0.11482483872657419
0.0
0.23905555041693818
0.8775076556142725
0.0
0.5371751817318906
0.0
0.9309585346407738
0.0
0.0
0.0
0.21909021786431787
0.0
0.0
0.5354240564119
0.0
0.0
0.6967683590649597
0.0
0.0
0.8722621083337736
0.4574853444708811
0.21788419567211498
0.0
0.0
0.0
0.0
0.6187952445933566
0.5544357877380325
0.0
0.0
0.3172842547759271
0.0
0.3300271585785921
0.07985951019076094
0.4044869937213021
0.4322587590887748
0.5653383756307803
0.0
0.0
0.8322862399544265
0.295569753599203
0.0
0.7669745305033795
0.6698234773440035
0.1301481610545243
0.0
0.6643720859419712
0.6312662883466169
0.1260356244182905
0.0
0.0
0.7491414350099287
0.0
0.06036731379666468
0.0
0.0
0.4655128427870608
0.6583750247516225
0.0
0.41368042278306555
0.0
0.5259408032444908
0.0
0.0
0.3813792428523787
0.0
0.5977471101849077
0.0
0.0
0.19497192466897584
0.0
0.0
0.6473079890282324
0.905474654460606
0.0
0.0
0.7175816306453368
0.0
0.0
0.26778764897477947
0.0
0.0
0.7791327027972333
0.0
0.06849862116509613
0.869580445216996
0.7152687393497209
0.42948528964845745
0.9885519969994231
0.0
0.0
0.14977223360929023
0.0
0.0
0.695963875207138
0.7211849524328208
0.2851048641796584
0.0
0.0
0.21283938935375826
0.0
0.9975347625137602
0.33553914729705475
0.7008168583056354
0.6267829868931448
0.0
0.40725096159678903
0.0
0.0
0.0
0.9564454382891702
0.0
0.0
0.0
0.08865226857760197
0.9960201532781475
0.769278025233578
0.8274027720458567
0.0
0.0
0.634251877139147
0.555722540695625
0.0
0.5288352514571447
0.8839821120420163
0.5912038243321998
0.0
0.0
0.9925858194355183
0.5337505894525685
0.0
0.6014841806889271
0.7955421406157615
0.93611077688585
0.9737808879823173
0.0
0.0
0.5222859383144782
0.6082583944319886
0.0
0.0
0.589570355269975
0.779241999825909
0.43922299104391327
0.0
0.0
0.0
0.0
0.0
0.0
0.8063341601865734
0.041665080416785176
0.5097694288431492
0.0
0.0
0.1613330656374398
0.4261453301680224
0.3704110627567223
0.002587884588644709
0.0
0.5146569417050982
0.7832998214638524
0.33860822603242846
0.47513140019477235
0.41893892183137615
0.0
0.0
0.0
0.530030282362681
0.9377259001484709
0.0
0.505332760837488
0.8049113846868661
0.8406442933100589
0.0
0.0
0.654363729360586
0.0
0.0
0.11583400252983155
0.0
0.9209068875466869
0.0
0.0
0.0
0.0
0.48716634156571376
0.07960188577856371
0.4025325253423194
0.45562392383008815
0.0
0.0
0.7155599100274872
0.57289949842511
0.0
0.0
0.18256505993596828
0.0
0.05124747873475226
0.0
0.6232762250726653
0.999914832433542
0.46241494089921215
0.8001444023112405
0.686195818702541
0.9341816779230464
0.0
0.8287694266976419
0.09130156529153667
0.9971933319002935
0.0
0.0
0.0
0.781440972412186
0.8439273584455234
0.0
0.0
0.0
0.0
0.9776893770353533
0.5075151254262003
0.0
0.657066451067765
0.42872213873775594
0.0
0.0
0.0
0.2815510509681324
0.464426874104712
0.6325571666044525
0.5245579179885898
0.0
0.6045270982101594
0.950242944323529
0.0
0.9643101255983119
0.0
0.0
0.0870527697289721
0.0
0.05003930850452877
0.0
0.0
0.0
0.0
0.0
0.0
0.8394675567331935
0.0
0.0
0.0
0.0
0.0627696383130793
0.0
0.225839247363055
0.0
0.08023736351445417
0.0
0.5755627888324042
0.0
0.6679722011879999
0.26773379479637105
0.8180298058548319
0.0
0.0
0.26414484305400854
0.5482838198290292
0.8189903364234823
0.5043213537275558
0.0
0.10100463678956545
0.0
0.0
0.24615010303669135
0.4817558607645957
0.1042287095560866
0.6192766813843649
0.6034401164285957
0.0
0.0
0.6808913266239845
0.0
0.26018039657167863
0.0
0.0
0.21936367558095912
0.4258991201727772
0.0
0.7541243412001264
0.5083289685924531
0.0
0.0
0.0
0.0
0.0
0.0
0.0
0.0
0.0
0.0
0.8338260881651082
0.7935046463732689
0.0
0.0
0.41717207307377724
0.0
0.12417204721940861
0.0
0.0
0.0
0.0
0.0
0.862632656619146
0.38271241563370173
0.8087779934824245
0.0
0.33958962586081676
0.9153045832779456
0.0
0.0
0.8437034743256816
0.34890845568344153
0.7957873427664596
0.0
0.0
0.0
0.19588964971355408
0.9287704767907826
0.06072532688256684
0.6032722455243298
0.8861172087718249
0.4851562105033288
0.0
0.0
0.14286356753108198
0.0
0.0
0.0
0.719827065643381
0.7176323937475517
0.0
0.0
0.6521576653415363
0.29598398698484113
0.48967312788103384
0.0
0.3423379809118659
0.0
0.18651639320453345
0.0
0.0
0.0
0.5197508900169526
0.0
0.4502415739429232
0.0
0.2139377816188661
0.29174385220460347
0.2928179710061714
0.9120939639807272
0.1456679861627106
0.0
0.2950085092595995
0.0
0.3261841284777031
0.0
0.0
0.0
0.7235964201056426
0.5781930022762418
0.0
0.0
0.9773297027569773
0.0
0.9549019685518515
0.0
0.6077074106654745
0.0
0.0
0.3859743728849292
0.7667247616751236
0.0
0.0
0.6546030309286316
0.6686666062660187
0.0
0.2875435344641091
0.5865336500220353
0.0
0.0
0.0
0.8938718411471007
0.5160540895689872
0.21002841570959693
0.0
0.7451348163032617
0.0
0.5106344031882206
0.0
0.0
0.7588380474860992
0.0
0.0
0.0
0.0
0.0
0.5108154788240273
0.41792090354710854
0.4654057121106155
0.0
0.6623772724910392
0.0
0.0
0.06716376756089819
0.0
0.0
0.0
0.3856672810043693
0.0
0.0
0.1227124230568685
0.0
0.7852520446819731
0.0
0.0
0.6884760149098942
0.9736748070059291
0.7177802476114128
0.0
0.0
0.8623418043361153
0.0
0.0
0.0
0.0
0.08220984398885883
0.6426565263656264
0.9628364363657574
0.0
0.0
0.0
0.0
0.0
0.9200813103174028
0.0
0.8613518683623909
0.0
0.4317716723550046
0.07117498847569668
0.0
0.0
0.8683427073971395
0.5947340025335932
0.0
0.0
0.0841878937233864
0.0
0.0
0.5392983113016891
0.0
0.0
0.0
0.0
0.2488841468221081
0.9680767967119839
0.0
0.21042479443616638
0.46790886107354773
0.8811456311679738
0.0
0.0
0.34630766512911176
0.14209457250487897
0.09815655447668319
0.0
0.18706763235209295
0.5782076435663455
0.016829623196910157
0.5978158565518512
