0.9930602956706913
0.0
0.0
0.0
0.0
0.0
0.0
0.0
0.0
0.0
0.0
0.0
0.0
0.0
0.0
0.0
0.0
0.0
0.0
0.0
0.03133708726503659
0.0
0.0
0.0
0.0
0.0
0.0
0.9927448795925236
0.0
0.0
0.0
0.0
0.0
0.0
0.0
0.9306677737529505
0.7190786574458818
0.0
0.02512663371747037
0.0
0.0
0.0
0.0
0.0
0.0
0.0
0.0
0.0
0.993804446227516
0.0
0.0
0.0
0.9927507249041387
0.0
0.1615952324841059
0.0
0.0
0.0
0.06221482043759419
0.4745727836536324
0.0
0.0
0.0
0.0
0.9930786221634085
0.0
0.0
0.0
0.0
0.0
0.0
0.0
0.0
0.0
0.0
0.0
0.0
0.0
0.5018575910424744
0.9938212254902073
0.0
0.3262367161266595
0.0
0.0
0.0
0.0
0.0
0.3306648266673624
0.9931779173672959
0.0
0.0
0.0
0.0
0.0
0.0
0.0
0.0
0.0
0.9928041726438525
0.0
0.0
0.0
0.0
0.0
0.0
0.5467645234369098
0.0
0.5844580729197895
0.0
0.0
0.33428995227738467
0.0
0.0
0.9949972252427033
0.0
0.0
0.9932420053360976
0.0
0.0
0.0
0.0
0.0
0.08881263140747442
0.0
0.0
0.0
0.0
0.34462081153603463
0.992768723495256
0.0
0.9933929457026529
0.0
0.0
0.0
0.0
0.0
0.0
0.0
0.0
0.6953355594078641
0.0
0.0
0.9939427264721808
0.0
0.0
0.0
0.0
0.0
0.0
0.0
0.9927621886378476
0.9999581552658345
0.0
0.0
0.27288724599613423
0.5489335869177072
0.13151242938775975
0.47577886140308423
0.34812741602089603
0.0
0.0
0.0
0.27791365424790104
0.0
0.0
0.9933295768902266
0.0
0.0
0.0
0.0
0.0
0.9947645104894364
0.0
0.0
0.0
0.0
0.0
0.0
0.0
0.0
0.0
0.9941993662783722
0.0
0.9934231502370315
0.0
0.0
0.0
0.9931722466027618
0.0
0.520057843697566
0.0
0.9965817233710592
0.0
0.0
0.0
0.0
0.0
0.0
0.5589815816240651
0.0
0.0
0.0
0.0
0.0
0.0
0.0
0.0
0.0
0.0
0.0
0.0
0.0
0.0
0.0
0.3558488140173143
0.0
0.993859198746294
0.0
0.0
0.0
0.0
0.0
0.0
0.0
0.0
0.0
0.0
0.0
0.0
0.0
0.0
0.49115249192856314
0.0
0.0
0.0
0.9981919839847557
0.0
0.0
0.0
0.0
0.0
0.10260219372766666
0.17274205464913361
0.0
0.0
0.0
0.0
0.0
0.0
0.0
0.0
0.0
0.0
0.0
0.0
0.0
0.0
0.48735628269801623
0.0
0.993142000784992
0.13042362413535158
0.0
0.0
0.0
0.0
0.0
0.0
0.0
0.0
0.0
0.0
0.0
0.0
0.0
0.0
0.08812015431993969
0.0
0.0
0.0
0.0
0.0
0.0
0.0
0.08441143624225766
0.0
0.0
0.0
0.0
0.0
0.0
0.3313075832725553
0.0
0.0
0.0
0.0
0.0
0.0
0.0
0.0
0.9927629989054162
0.0
0.0
0.15385624954741206
0.0
0.0
0.0
0.0
0.0
0.0
0.0
0.0
0.9933484780993183
0.9928331244563721
0.0
0.0
0.0
0.0
0.9927744452395897
0.0
0.0
0.0
0.0
0.0
0.0
0.0
0.0
0.0
0.0
0.1340865885045862
0.9929582721373721
0.0
0.0
0.0
0.0
0.0
0.0
0.0
0.0
0.9928830375208753
0.0
0.0
0.0
0.0
0.0
0.0
0.0
0.0
0.0
0.0
0.0
0.0
0.992751848528956
0.0
0.0
0.0
0.0
0.0
0.0
0.0
0.993347951405278
0.0
0.0
0.0
0.5249659294838618
0.0
0.0
0.0
0.0
0.0
0.0
0.29979077631912165
0.0
0.0
0.0
0.0
0.9932639046067097
0.0
0.0
0.0
0.9935363266620887
0.0
0.0
0.0
0.9928805513023464
0.0
0.0
0.0
0.0
0.0
0.0
0.0
0.9928021138075054
0.0
0.9928061291897878
0.9999608342946588
0.0
0.0
0.0
0.0
0.0
0.0
0.0
0.0
0.9928382205423948
0.0
0.0
0.0
0.0
0.0
0.9928214617698399
0.9931562143339707
0.0
0.0
0.0
0.0
0.039816423805819956
0.0
0.0
0.0
0.9934105364505731
0.0
0.0
0.0
0.0
0.9928851304733602
0.0
0.0
0.0
0.5396894689393135
0.04313366573379329
0.0242873760729726
0.0
0.015390857854392204
0.0
0.0
0.0
0.0
0.0
0.0
0.0
0.0
0.0
0.0
0.0
0.0
0.22498373183561104
0.0
0.0
0.0
0.0
0.0
0.0
0.0
0.0
0.0
0.0
0.0
0.0
0.0
0.0
0.0
0.0
0.0
0.0
0.0
0.0
0.0
0.0
0.0
0.0
0.0
0.0
0.0
0.0
0.9939613461942369
0.0
0.0
0.0
0.14931038864451796
0.9930318074931395
0.9930427398773943
0.04747888539575329
0.6356837030871809
0.0
0.0
0.993809510759724
0.0
0.0
0.0
0.0
0.0
0.0
0.09873564635932341
0.9933922411615377
0.0
0.0
0.0
0.0
0.0
0.0
0.0
0.0
0.9929380316205539
0.0
0.0
0.08463125823716855
0.0
0.0
0.0
0.0
0.0
0.0
0.20349082126906037
0.9933331975860262
0.0
0.0
0.13909099372926736
0.9939399596508575
0.0
0.0
0.30811555239936883
0.0
0.0
0.0
0.0
0.0
0.0
0.01148920713556456
0.0
0.0
0.0
0.0
0.9936388815719308
0.0
0.0
0.0
0.9932932917745546
0.021714988296293924
0.0953233914382372
0.0
0.0
0.0
0.0
0.0
0.0
0.9930542432124208
0.0
0.0
0.0
0.0
0.0
0.0
0.0
0.0
0.5512168958488359
0.9927456720313467
0.385721494558509
0.0
0.0
0.0
0.4277228200114509
0.0
0.0
0.9931757385635402
0.0
0.0
0.0
0.0
0.0
0.0
0.0
0.0
0.0
0.08031607083757886
0.0
0.0
0.0
0.0
0.0
0.0
0.0
0.0
0.0
0.0
0.0
0.0
0.0
0.992755423419756
0.0
0.18718603696483582
0.0
0.0
0.0
0.0
0.0
0.0
0.0
0.0
0.9935354863818169
0.0
0.9927616943631479
0.0
0.244405578200953
0.0
0.0
0.0
0.9927469350624065
0.030013845317030774
0.0
0.0
0.0
0.0
0.0
0.9932317798976136
0.0
0.0
0.0
0.0
0.0
0.0
0.0
0.0
0.0
0.0
0.7830135959379445
0.0
0.0
0.0
0.0
0.0
0.0
0.0
0.0
0.0
0.992768534506493
0.0
0.9927463545086346
0.0
0.0
0.0
0.0
0.0
0.0
0.0
0.0
0.0
0.0
0.0
0.0
0.0
0.0
0.9987554693429775
0.0
0.0
0.0
0.0
0.0
0.0
0.0
0.9928904074543422
0.0
0.0
0.0
0.0
0.0
0.9927788961009424
0.0
0.0
0.05977196585252631
0.0
0.0
0.0
0.0
0.0
0.0
0.0
0.0
0.0
0.0
0.0
0.0
0.0
0.13718489726253558
0.0
0.0
0.0
0.0
0.9927827086145181
0.9038123321467251
0.9927716959694615
0.0
0.0
0.0
0.0
0.0
0.0
0.008181768944192092
0.0
0.0
0.0
0.0
0.0
0.9951608760418068
0.0
0.0
0.0
0.0
0.0
0.199670707168492
0.992832441792794
0.9940641623917619
0.0
0.0
0.0
0.0
0.0
0.9932788593508862
0.0
0.9932173866936584
0.0
0.0
0.0
0.0
0.0
0.0
0.0
0.9934742797550637
0.9929379530616633
0.0
0.0
0.0
0.0
0.0
0.0
0.0
0.0
0.0
0.0
0.0
0.0
0.0
0.0
0.9932792016229165
0.0
0.0
0.0
0.0
0.0
0.45018358758291743
0.0
0.9928159341507535
0.0
0.0
0.9927671237423389
0.9930760064688666
0.792414218852997
0.9927806003654779
0.0
0.0
0.0
0.0
0.0
0.9927702912401938
0.9955099408585426
0.22688876283571202
0.0
0.08537367831904896
0.0
0.0
0.0
0.0
0.5912251476241528
0.9934242042858468
0.0
0.0
0.0
0.0
0.0
0.0
0.0
0.0
0.0
0.0
0.0
0.0
0.0
0.0
0.0
0.12290025723328069
0.9936873178041261
0.0
0.0
0.0
0.0
0.0
0.0
0.0
0.0
0.0
0.0
0.0
0.0
0.31056045225058226
0.0
0.0
0.0
0.0
0.0
0.0
0.0
0.9999586044706689
0.0
0.0
0.0
0.3153486042437563
0.0
0.0
0.0
0.9932601571895303
0.0
0.0
0.0
0.0
0.0
0.0
0.0
0.0
0.0
0.0
0.0
0.0
0.0
0.033148359173556075
0.0
0.14641036135982
0.0
0.0
0.0
0.0
0.0
0.0
0.0
0.9934005414370303
0.9928233693278028
0.0
0.9927485363147183
0.9976496754763027
0.0
0.0
0.0
0.0
0.0
0.0
0.0
0.0
0.0
0.0
0.0
0.0
0.0
0.0
0.0
0.0
0.9928153371258676
0.0
0.0
0.0
0.0
0.0
0.0
0.0
0.0
0.0
0.0
0.0
0.0
0.0
0.19868463423477378
0.0
0.0
0.0
0.0
0.0
0.0
0.0
0.0
0.0
0.6004548552334033
0.0
0.0058893233338496165
0.9937575931664941
0.0
0.0
0.0
0.9999674092795807
0.0
0.0
0.0
0.0
0.0
0.0
0.0
0.0
0.0
0.0
0.0
0.0
0.024652847396490207
0.0
0.0
0.0
0.0
0.0
0.0
0.0
0.0
0.0
0.0
0.0
0.0
0.0
0.9931887002686706
0.1594748087996034
0.0
0.18740802735645234
0.0
5.047925613951287E-4
0.17494628363598386
0.6090145146282717
0.36506479673613934
0.0
0.0
0.0
0.0
0.0
0.0
0.0
0.17692241999247083
0.0
0.0
0.9936257470170515
0.0
0.9929162867964786
0.21431083554400487
0.0
0.9969775652209146
0.0
0.0
0.9957422104555427
0.2118595112655739
0.0
0.0
0.20404492719201273
0.0
0.0
0.0
0.0
0.0
0.0
0.0
0.0
0.0
0.9945149331210523
0.0
0.0
0.0
0.0
0.0
0.0
0.0
0.0
0.023786171876115314
0.0
0.0
0.0
0.0
0.9927720596376642
0.0
0.0
0.6595937504389993
0.0
0.0
0.0
0.0
0.0
0.0
0.0
0.0
0.0
0.0
0.0
0.0
0.9992340842960353
0.0
0.0
0.0
0.0
0.0
0.0
0.0
0.0
0.0
0.0
0.0
0.003109607712531437
0.0
0.0
0.0
0.0
0.0
0.0
0.0
0.0
0.04595058543105046
0.0
0.0
0.0
0.0
0.04986847553293816
0.2941068476190829
0.0
0.0
0.0
0.0
0.0
0.2286714595842415
0.9931668351866594
0.0
0.0
0.0
0.0
0.0
0.0
0.0
0.0
0.9946660379631915
0.5754552738255765
0.0
0.9927574378053637
0.038654857520109
0.0
0.9927845042338306
0.0
0.0
0.0
0.0
0.0
0.0
0.0
0.0
0.0
0.9929979757833147
0.0
0.0
0.22412040045468784
0.0
0.0
0.0
0.0
0.9929845281613049
0.9929307154122115
0.0
0.0
0.0
0.0
0.0
0.0
0.0
0.9931787205014557
0.0
0.0
0.0
0.0
0.0
0.0
0.0
0.0
0.0
0.0
0.0
0.0
0.0
0.0
0.0
0.0
0.0
0.0
0.6308435932453118
0.0
0.0
0.0
0.0
0.0
0.0
0.06856974467883858
0.9928051038876745
0.0
0.0
0.9983442231647868
0.02157995212280106
0.0
0.9999591371785184
0.3971089198866895
0.0
0.9927762540483642
0.0
0.0
0.0
0.06388821446364767
0.0
0.0
0.0
0.0
0.0
0.0
0.9931566887504986
0.0
0.0
0.0
0.0
0.0
0.0
0.0
0.0
0.0
0.0
0.6579275624392666
0.0
0.3668726664084616
0.0
0.0
0.0
0.0
0.0
0.9930471197128744
0.0
0.0
0.0
0.0
0.0
0.0
0.0
0.0
0.0
0.0
0.0
0.0
0.0
0.9937919555109758
0.0
0.0
0.35315835294704334
0.4811930811730666
0.0
0.0
0.0
0.0
0.0
0.0
0.0
0.21866689497433967
0.0
0.0
0.0
0.27066694101328836
0.0
0.0
0.0
0.0
0.0
0.0
0.0
0.0
0.0
0.0
0.0
0.5771749939450159
0.9927615100757037
0.14859966517891743
0.0
0.0
0.0
0.0
0.0
0.0
0.0
0.0
0.0
0.3637277398106522
0.0
0.0
0.0
0.0
0.0
0.0
0.0
0.0
0.0
0.9932319166470271
0.26337351407132215
0.0
0.9940644298880965
0.9929624552462476
0.994232475143691
0.0
0.0
0.3792800164233332
0.0
0.0
0.0
0.0
0.0
0.0
0.0
0.0
0.0
0.0
0.42884343168580996
0.0
0.0
0.0
0.02882491861027625
0.0
0.0
0.0
0.0
0.0
0.0
0.0
0.9928396083411986
0.0
0.0
0.0
0.0
0.0
0.0
0.0
0.3423846387827649
0.0
0.07591945423112767
0.0
0.0
0.0
0.0
0.0
0.0
0.0
0.0
0.0
0.0
0.0
0.43368198563070803
0.0
0.9999624259855082
0.0
0.0
0.0
0.05029722525650049
0.0
0.9931707775771517
0.0
0.0
0.034846926976097925
0.0
0.0
0.0
0.0
0.0
0.0
0.0
0.0
0.0
0.0
0.0
0.9929664819047532
0.0062274573487624
0.0
0.0
0.15102080411400398
0.0
0.0
0.0
0.0
0.0
0.0
0.0
0.0
0.6201804359954545
0.9931093919711483
0.9929187693641817
0.0
0.0
0.9946752641943798
0.0
0.0
0.9929135873819015
0.0
0.0
0.0
0.0
0.0
0.0
0.0
0.0
0.0
0.0
0.0
0.0
0.9932025736058988
0.0
0.0
0.0
0.5755270461962474
0.0
0.992766279450252
0.0
0.0
0.0
0.0
0.0
0.5592883471734189
0.0
0.0
0.9999599818828877
0.0
0.07593782137320892
0.0
0.0
0.0
0.31100808182704465
0.0
0.0
0.9931464890548605
0.9929227995084738
0.0
0.20038444763746566
0.0
0.0
0.0
0.0
0.0
0.0
0.0
0.0
0.49517114413310226
0.0
0.0
0.0
0.0
0.0
0.0
0.0
0.0
0.0
0.0
0.0
0.0
0.0
0.0
0.0
0.0
0.0
0.0
0.0
0.0
0.0
0.0
0.0
0.9931789548921816
0.0
0.0
0.3169529840505765
0.0
0.0
0.0
0.02278290831610086
0.0
0.0
0.0
0.0
0.0
0.0
0.0
0.0
0.0
0.2600291184406478
0.0
0.0
0.0
0.0
0.0
0.0
0.0
0.0
0.0
0.0
0.0
0.0
0.0
0.0
0.0
0.0
0.0
0.0
0.0
0.0
0.0
0.0
0.0790605342412466
0.04532428916167064
0.0
0.0
0.0
0.0
0.9928275763205086
0.5265392474575574
0.0
0.0
0.0
0.0
0.0
0.0
0.0
0.0
0.2398926177124625
0.0
0.0
0.0
0.0
0.0
0.0
0.0
0.0
0.0
0.0
0.0
0.0
0.0
0.0
0.0
0.0
0.0
0.0
0.012404512038624471
0.0
0.0
0.0
0.0
0.0
0.0
0.0
0.0
0.43234716902258397
0.03571957585348451
0.0
0.31653157915425223
0.014134280833941082
0.0
0.0
0.0
0.0
0.0
0.0
0.0
0.0
0.0
0.0
0.0
0.10557161315798758
0.0
0.0
0.0
0.0
0.0
0.0
0.9953699218019363
0.0
0.0
0.0
0.0
0.0
0.3122842866823864
0.0
0.21995190341715987
0.0
0.0
0.9999593256063009
0.9999997865236067
0.0
0.0
0.016347821578843735
0.19422038258158802
0.0
0.0
0.0
0.0
0.0
0.0
0.0
0.0
0.0
0.5016434625998535
0.0
0.0
0.0
0.0
0.0
0.0
0.0
0.0
0.9999581721838344
0.0
0.0
0.0
0.0
0.0
0.0
0.0
0.0
0.0
0.0
0.0
0.0
0.0
0.0
0.0
0.0
0.0
0.0
0.0
0.0
0.0
0.0
0.0
0.0
0.9927831893126211
0.0
0.0
0.0
0.0
0.0
0.0
0.0
0.0
0.4035535231881844
0.0
0.0
0.0
0.0
0.0
0.0
0.0
0.0
0.0
0.0
0.0
0.0
0.0
0.0
0.0
0.0
0.1914605876690334
0.0
0.0
0.0
0.0
0.0
0.0
0.0
0.1447698041350829
0.9928011253664611
0.9937912281416776
0.0
0.0
0.0
0.0
0.0
0.0
0.0
0.03859984788572768
0.0
0.0
0.0
0.9928174396666879
0.0
0.0
0.9928190383103808
0.0
0.0
0.0
0.0
0.0
0.7092023696302845
0.9942494085691764
0.0
0.4909030024765172
0.0
0.9986741622812424
0.992894557872097
0.0
0.0
0.0
0.0
0.0
0.0
0.0
0.0
0.0
0.0
0.0
0.0
0.0
0.0
0.0
0.9929075273411342
0.0
0.0
0.0
0.0
0.0
0.0
0.0
0.1380361687263092
0.0
0.2599195315849152
0.0
0.0
0.0
0.0
0.0
0.0
0.9928277223253256
0.0
0.0
0.0
0.0
0.0
0.0
0.0
0.0
0.0
0.0
0.0
0.16085717703378843
0.0
0.0
0.0
0.0
0.0
0.0
0.0
0.0
0.0
0.0
0.0
0.0
0.0
0.0
0.0
0.0
0.0
0.0
0.0
0.0
0.0
0.0
0.0
0.0
0.0
0.0
0.0
0.0
0.0
0.0
0.0
0.0
0.0
0.0
0.0
0.0
0.0
0.0
0.0
0.0
0.0
0.0
0.0
0.0
0.0
0.0
0.2082319493509237
0.9931927624854413
0.0
0.0
0.9929516901585084
0.0
0.0
0.0
0.9930487010745135
0.0
0.0
0.3824437661914225
0.9928083594533034
0.0
0.0
0.0
0.0
0.0
0.0
0.0
0.0
0.0
0.0
0.0
0.0
0.0
0.0
0.8308623041404913
0.0
0.0
0.0
0.0
0.33349813723373534
0.0
0.0
0.0
0.0
0.0
0.0
0.0
0.0
0.0
0.0
0.0
0.0
0.0
0.0
0.0
0.0
0.0
0.0
0.0
0.0
0.0
0.0
0.3496870040764213
0.0
0.0
0.0
0.0
0.9929549480046674
0.0
0.0
0.5933595824152631
0.0
0.0
0.0
0.49136664492395044
0.0
0.0
0.0
0.0
0.0
0.0
0.0
0.30777593925129265
0.0
0.0
0.0
0.9931540692724691
0.0
0.0
0.0
0.0
0.0
0.9928510690282809
0.0
0.0
0.2750133558025445
0.0
0.9929770366636376
0.0
0.3429058848483826
0.0
0.0
0.0
0.0
0.0
0.0
0.0
0.9930776615498283
0.2951304879380603
0.0
0.0
0.0
0.0
0.0
0.0
0.0
0.0
0.0
0.1737396106931559
0.0
0.0
0.0
0.0
0.10518095531761906
0.0
0.0
0.0
0.17147132471563808
0.0
0.024986657672458112
0.04884656270787824
0.06002258582412823
0.0
0.0
0.0
0.29986539309642024
0.0
0.0
0.0
0.0
0.0
0.0
0.0
0.0
0.0
0.0
0.0
0.0
0.9939944924851709
0.0
0.2201729020366292
0.9939992766586749
0.0
0.9928706375929156
0.31791059650031606
0.0
0.9929455242103856
0.0
0.0
0.0
0.0
0.0
0.0
0.0
0.9930539654135396
0.0
0.0
0.0
0.0
0.0
0.0
0.0
0.0
0.0
0.0
0.0
0.0
0.0
0.0
0.0
0.0
0.0
0.046533300949101464
0.0
0.0
0.0
0.4783198485744313
0.2819502102005764
0.9927667413145915
0.9935618263456891
0.0
0.0
0.0
0.0
0.0
0.0
0.0
0.0
0.0
0.0
0.0
0.0
0.32154995599773994
0.0
0.4934486156099408
0.0
0.0
0.9929232895265031
0.0
0.0
0.0
0.0
0.0
0.0
0.0
0.0
0.0
0.025786678309510203
0.24611424820428174
0.0
0.0
0.0
0.0
0.0
0.0
0.0
0.0
0.0
0.0
0.0
0.9985200002805127
0.0
0.0
0.995765846005489
0.9927598756541935
0.0
0.0
0.0
0.0
0.0
0.0
0.0
0.0
0.9927903495528673
0.993203725244815
0.9928031060323619
0.0
0.32932126830317476
0.0
0.0
0.0
0.0
0.0
0.0
0.0
0.0
0.3780790009895144
0.0
0.0
0.0
0.0
0.0
0.0
0.0
0.0
0.0
0.0
0.13771217556228987
0.0
0.0
0.0
0.0
0.0
0.0
0.0
0.0
0.0
0.0
0.0
0.0
0.0
0.6616837201329109
0.0
0.0
0.0
0.0
0.0
0.9953956162336686
0.0
0.0
0.0
0.0
0.0
0.0
0.0
0.0
0.9930036940971219
0.9933569783321795
0.0
0.0
0.0
0.0
0.9927834773126912
0.1330372866800027
0.0
0.9941594268042939
0.02565974480089661
0.0
0.0
0.3153243493371327
0.0
0.0
0.28468501866909435
0.9940766649456227
0.0
0.3260598841056326
0.0
0.0
0.0
0.0
0.1408675509352988
0.0
0.41218414641921275
0.0038079822180371314
0.0
0.9931815044425127
0.0
0.0
0.0
0.9931701229054749
0.0
0.0
0.0
0.4588646385557238
0.0
0.0
0.0
0.9933037245627289
0.0
0.0
0.0
0.0
0.6427102867986298
0.0
0.0
0.0
0.0
0.0
0.0
0.0
0.0
0.13952259372169973
0.0
0.9930747157302511
0.7610996543221885
0.0
0.0
0.0
0.0
0.0
0.0
0.0
0.0
0.22438459384505072
0.0
0.0
0.0
0.0
0.09975387166566518
0.0
0.0
0.0
0.0
0.9928784618443557
0.0
0.0
0.0
0.0
0.9999997786258997
0.0
0.0
0.9928051370715044
0.0
0.993188420848697
0.0
0.9999885791854974
0.13023805774792852
0.18512260725365592
0.06467261872579932
0.5165776103380009
0.7092023696302845
0.0
0.0
0.0
0.1099745072131102
0.0
0.41456825685845833
0.9935992765257116
0.0
0.06701335928376007
0.4488934031432009
0.0
0.0
0.0
0.0
0.0
0.0
0.025306218785333123
0.8866801867486461
0.0
0.0
0.0
0.9927954261791313
0.0
0.0
0.0
0.0
0.0
0.0
0.0
0.0
0.0
0.0
0.0
0.0
0.0
0.0
0.0
0.0
0.0
0.0
0.0
0.0
0.0
0.0
0.5239505950162642
0.0
0.9999602975593674
0.0
0.0
0.0
0.0
0.9999632266854018
0.6291306630761138
0.0
0.0
0.0
0.0
0.0
0.0
0.0
0.0
0.0
0.0
0.0
0.1472124332728587
0.0
0.0
0.0
0.0
0.0
0.0
0.0
0.0
0.0
0.0
0.996093969903218
0.0
0.0
0.0
0.0
0.0
0.0
0.0
0.0
0.4816166212076085
0.9932515925995689
0.0
0.0
0.9931862104623178
0.0
0.0
0.0
0.0
0.9930128109280463
0.0
0.0
0.0
0.0
0.993504274978166
0.0
0.0
0.0
0.08563729965567035
0.9928548991185239
0.0
0.0
0.0
0.6391213670304532
0.0
0.0
0.10543942326266142
0.0
0.0
0.0
0.0
0.0
0.0
0.0
0.0
0.0
0.0
0.0
0.0
0.0
0.0
0.0
0.36733784552204174
0.0
0.9929071965574437
0.0
0.0
0.0
0.9940790038578124
0.9963742202574041
0.0
0.0
0.0
0.9931058174533833
0.3684103144386923
0.0
0.0
0.0
0.0
0.0
0.9940650370806795
0.0
0.0
0.0
0.0
0.0
0.0
0.0
0.0
0.0
0.992785725060166
0.0
0.0
0.0
0.9934026873778881
0.0
0.0
0.0
0.0
0.0
0.0
0.0
0.0
0.0
0.9930995330704575
0.0
0.0
0.0
0.5101098953790377
0.0
0.0
0.0
0.1799270077506242
0.0
0.0
0.0
0.0
0.0
0.0
0.0
0.0
0.0
0.0
0.17475060341241333
0.0
0.0
0.0
0.23825206434626212
0.0
0.0
0.0
0.0
0.0
0.0
0.0
0.0
0.0
0.0
0.0
0.0
0.22064247539950843
0.0
0.0
0.0
0.0
0.0
0.0
0.0
0.9930226363159983
0.8596463541604744
0.0
0.004429805498663786
0.0
0.0
0.0
0.0
0.0
0.0
0.0
0.0
0.0
0.008475146712394577
0.0
0.9933857449548051
0.0
0.0
0.0
0.0
0.0
0.0
0.0
0.0
0.9928956531517682
0.0
0.036502345824224625
0.0
0.0
0.0
0.0
0.0
0.0
0.6853290294771908
0.0
0.0
0.07802669862619216
0.0
0.0
0.0
0.0
0.0
0.0
0.0
0.0
0.0
0.0
0.0
0.0
0.0
0.0
0.1318087184798855
0.1599276426578542
0.9928944388999656
0.41902621937014484
0.0
0.0
0.0
0.0
0.0
0.0
0.0
0.0
0.0
0.0
0.0
0.0
0.2359179864274552
0.0
0.0
0.9940773730854463
0.0
0.0
0.0
0.0
0.0
0.0
0.9933689421366442
0.0
0.0
0.0
0.0
0.0
0.9931563080693715
0.9943252827004521
0.2521884541785615
0.3882082915861931
0.0
0.0
0.0
0.0
0.0
0.0
0.0
0.0
0.0
0.0
0.0
0.0
0.0
0.0
0.0
0.0
0.0
0.0
0.0
0.0
0.0
0.0
0.0
0.0
0.0
0.0
0.0
0.0
0.9931994998006293
0.0
0.0
0.0
0.9927839763764013
0.0
0.0
0.0
0.0
0.0
0.0
0.0
0.0
0.0
0.0
0.9931112633774047
0.0
0.05333749753942685
0.0
0.0
0.0
0.17897619483651817
0.0
0.0
0.0
0.0
0.0
0.9927607110590329
0.0
0.0
0.5090435931692844
0.0
0.0
0.0
0.0
0.0
0.0
0.0
0.0
0.0
0.0
0.0
0.0
0.14291936070061673
0.0
0.0
0.0
0.0
0.0
0.0
0.0
0.0
0.0
0.9929409167753905
0.0
0.19603341597322022
0.0
0.04629502038874622
0.0
0.9934804578639349
0.0
0.0
0.0
0.0
0.0
0.0
0.0
0.0
0.9950886585491114
0.0
0.4742110825778597
0.0
0.0
0.0
0.0
0.0
0.0
0.0
0.0
0.0
0.0
0.0
0.0
0.0
0.0
0.0
0.0
0.0
0.0
0.0
0.0
0.0
0.0
0.9928924700019721
0.0
0.0
0.0
0.0
0.9937856604877543
0.9999588659843708
0.0
0.0
0.0
0.0
0.9932239283410438
0.0
0.0
0.0
0.0
0.0
0.0
0.0
0.0
0.0
0.0
0.30767961204018923
0.0
0.9928140709593142
0.2909069945681497
0.0
0.0
0.0
0.0
0.0
0.0
0.0
0.0
0.0
0.0
0.0
0.9929058548140567
0.08823176867207194
0.0
0.0
0.0
0.0
0.0
0.0
0.0
0.0
0.0
0.0
0.0
0.0
0.0
0.0
0.0
0.0
0.0
0.0
0.0
0.0
0.0
0.0
0.0
0.0
0.0
0.0
0.0
0.0
0.0
0.0
0.0
0.0
0.0
0.0
0.0
0.0
0.0
0.01794391458853095
0.0
0.0
0.0
0.0
0.0
0.0
0.0
0.0
0.0
0.0
0.0
0.0
0.0
0.0
0.0
0.0
0.0
0.0
0.0
0.9952999367932055
0.0
0.0
0.0
0.0
0.0
0.0
0.0
0.4074312231795292
0.0
0.0
0.0
0.0
0.3394039342187678
0.0
0.0
0.0
0.0
0.0
0.0
0.02370455579448183
0.0
0.0
0.9927973682149783
0.0
0.0
0.0
0.0
0.0
0.0
0.0
0.0
0.9942982380493003
0.0
0.9932981974812719
0.0
0.0
0.0
0.0
0.0
0.17131238763120482
0.9950764381343072
0.0
0.9937720208848103
0.0
0.0
0.0
0.0
0.0
0.0
0.0
0.0
0.9936880696943162
0.993159005372675
0.0
0.0
0.6285292949716059
0.0
0.0
0.0
0.0
0.9927625586181762
0.0
0.9928941206294593
0.13928706044445227
0.9933722775775398
0.0
0.0
0.0
0.0
0.0
0.5139383860620947
0.01893416262156533
0.0
0.4508449071659617
0.0
0.0
0.0
0.0
0.0
0.0
0.0
0.9934391995692292
0.0
0.9928163558951056
0.0
0.0
0.9931034491014009
0.0
0.1930289040371156
0.0
0.0
0.0
0.0
0.0
0.0
0.0
0.0
0.0
0.0
0.0
0.0
0.0
0.0
0.0
0.0
0.0
0.9929405070229892
0.0
0.9940657309273767
0.0
0.0
0.0
0.0
0.0
0.0
0.9927913839250649
0.0
0.0
0.0
0.0
0.0
0.0
0.0
0.0
0.0
0.0
0.0
0.0
0.9930360656335661
0.0
0.0
0.0
0.0
0.0
0.4130539791509047
0.0
0.0
0.0
0.0
0.0
0.0
0.0
0.0
0.0
0.9936414544234377
0.0
0.0
0.0
0.0
0.0
0.0
0.0
0.0
0.0
0.0
0.0
0.0
0.0
0.0
0.0
0.0
0.0
0.0
0.0
0.3497533635786012
0.0
0.4418431312214559
0.9928154175284585
0.0
0.0
0.0
0.0
0.0
0.0
0.0
0.0
0.0
0.11899535346700252
0.0
0.0
0.0
0.0
0.15030621686167578
0.0
0.0
0.0
0.0
0.0
0.0
0.0
0.10485316962640034
0.0
0.0
0.0
0.9941076395286654
0.9932275162078507
0.0
0.0
0.0
0.2419988811056205
0.0
0.0
0.0
0.0
0.0
0.0
0.0
0.0
0.0
0.0
0.0
0.0
0.16475674818542774
0.0
0.10214723090925382
0.0
0.0
0.0
0.0
0.0
0.0
0.0
0.0
0.0
0.0
0.0
0.0
0.0
0.0
0.0
0.0
0.0
0.0
0.5083094953651797
0.0
0.0
0.0
0.0
0.0
0.17440892748740633
0.0
0.0
0.0
0.0
0.0
0.0
0.4774278319735469
0.2852026223382944
0.0
0.0
0.0
0.5950566009759193
0.0
0.13982199898219827
0.0
0.0
0.0
0.0
0.0
0.0
0.5481215155165773
0.0
0.0
0.0
0.0
0.9970107555688617
0.0
0.0
0.0
0.0
0.0
0.0
0.0
0.9933591644582459
0.0
0.0
0.0
0.0
0.0
0.0
0.0
0.0
0.623897691408976
0.022918473367698255
0.0
0.0
0.0
0.9929704676754878
0.0
0.9929251797837391
0.0
0.0
0.0
0.5311909929590455
0.0
0.0
0.0
0.0
0.0
0.0
0.0
0.9990049242605044
0.41639773497837784
0.9935330193370122
0.0
0.0
0.0
0.9930442471480868
0.9928115902359791
0.0
0.9931380682031532
0.0
0.0
0.0
0.0
0.13393989156160546
0.0
0.0
0.0
0.0
0.1781743118997795
0.0
0.0
0.9930241397739017
0.07138885468698197
0.9929852973673704
0.01011276025135932
0.9928526884963429
0.0
0.9940783799288857
0.0
0.0
0.0
0.0
0.0
0.0
0.0
0.0
0.0
0.0
0.0
0.0
0.0
0.0
0.0
0.0
0.0
0.0
0.0
0.0
0.0
0.9929364687073385
0.0
0.0
0.0
0.0
0.0
0.0
0.0
0.0
0.0
0.0
0.0
0.0
0.9929665030561988
0.9930285433911099
0.9928482396298604
0.0
0.05744747501280789
0.0
0.0
0.0
0.0
0.0
0.0
0.0
0.0
0.0
0.0
0.0
0.0
0.0
0.0
0.0
0.0
0.0
0.0
0.0
0.0
0.0
0.0
0.0
0.0
0.0
0.0
0.9927831620408223
0.0
0.0
0.0
0.0
0.0
0.0
0.0
0.0
0.0
0.0
0.0
0.22657417135295965
0.0
0.0
0.0
0.0
0.0
0.0
0.0
0.341229610214397
0.9936659794143595
0.0
0.0
0.0
0.0
0.0
0.2723700829007314
0.0
0.0
0.0
0.0
0.0
0.9933088907434889
0.0
0.0
0.0
0.420229161550838
0.0
0.0
0.0
0.9930979524281197
0.0
0.0
0.0
0.0
0.0
0.0
0.0
0.05036302681354288
0.0
0.0
0.0
0.0
0.0
0.0
0.0
0.0
0.0
0.0
0.9928488211308225
0.0
0.0
0.17150319600204922
0.0
0.0
0.0
0.0
0.9933975165015185
0.0
0.9961790813550179
0.0
0.47152340563302486
0.0
0.44627653030418557
0.0
0.0
0.0
0.0
0.0
0.0
0.0
0.9999584128019904
0.9927598637281728
0.0
0.0
0.0
0.29858097204982414
0.0
0.0
0.0
0.0
0.0
0.0
0.0
0.0
0.0
0.0
0.0
0.9953214325707599
0.9936921254591007
0.0
0.9999635480727609
0.0
0.0
0.0
0.9999631917170249
0.9947048232121937
0.0
0.0
0.9927769045403323
0.1846421703496085
0.0
0.0
0.19507745367116258
0.2596252498025815
0.0
0.0
0.0
0.0
0.0
0.0
0.0
0.9930957302157774
0.0
0.9928121369580314
0.0
0.0
0.3578031758213259
0.0
0.0
0.0
0.993090036709971
0.0
0.5032131779596529
0.0
0.0
0.0
0.0
0.0
0.0
0.9934739912677824
0.0
0.0
0.0
0.0
0.0
0.0
0.04090590743251732
0.0
0.9941107507322643
0.0
0.0
0.0
0.0
0.0
0.0
0.0
0.10330191977448999
0.0
0.031092081505207925
0.0
0.0
0.0
0.24072164119722939
0.0
0.0
0.0
0.0
0.03139353107365739
0.0
0.0
0.0
0.0
0.0
0.9947196301853553
0.0
0.0
0.9956022269422301
0.22062824899409528
0.0
0.0
0.0
0.0
0.4355461215234584
0.992899163102373
0.0
0.0
0.0
0.0
0.0
0.0
0.2892488978729002
0.0
0.6049154209945649
0.0
0.0
0.0652154577015116
0.0
0.23681938606419695
0.0
0.6390067148858803
0.0
0.0
0.0
0.9933017684251536
0.0
0.0
0.0
0.9930500816725841
0.0
0.9931740413350925
0.0
0.2623753785087326
0.0
0.0
0.0
0.0
0.0
0.0
0.0
0.0
0.0
0.0
0.0
0.9940669070000219
0.0
0.0
0.0
0.16209963300729224
0.0
0.13566813068650796
0.0
0.18815165357353192
0.0
0.0
0.0
0.0
0.0
0.9934885752751815
0.0
0.0
0.9935617772643572
0.0
0.0
0.0
0.0
0.02893826428688495
0.09090089581287952
0.0
0.0
0.0
0.0
0.0
0.4243656426445105
0.0
0.0
0.0
0.0
0.0
0.0
0.0
0.0
0.0
0.0
0.0
0.0
0.0
0.0
0.0
0.0
0.0
0.0
0.0
0.0
0.0
0.0
0.0
0.9935888564254264
0.03677648998931782
0.9999593971129821
0.0
0.0
0.0
0.0
0.0
0.19260671807757945
0.0
0.0
0.0
0.0
0.0
0.0
0.0
0.0
0.0
0.0
0.0
0.0
0.0
0.0
0.0
0.0
0.0
0.0
0.5433993692642538
0.37304062457135134
0.27459617111231904
0.9929041661421576
0.0
0.2910668115785642
0.0
0.0
0.0
0.0
0.0
0.0
0.0
0.0
0.0
0.0
0.0
0.0
0.23721818267434003
0.0
0.9928317949946217
0.2491280843437026
0.0
0.0
0.0
0.0
0.0
0.0
0.0
0.2455518155944516
0.3620807207688208
0.9927733766065007
0.9933540602888689
0.0
0.0
0.0
0.0
0.0
0.9949051806861604
0.0
0.0
0.0
0.0
0.0
0.0
0.9929780329865814
0.0
0.0
0.0
0.0
0.0
0.1889909506285421
0.0
0.0
0.9927899807151076
0.0
0.9937844560956631
0.0
0.0
0.0
0.0
0.0
0.5583755482553938
0.5544112367077413
0.0
0.0
0.0
0.0
0.9928032224873328
0.0
0.9927919767416336
0.0
0.0
0.0
0.0
0.0
0.18030926686280546
0.0
0.0
0.0
0.0
0.0
0.0
0.0
0.0
0.0
0.5899334315957825
0.9931081284809588
0.0
0.09482593704165443
0.0
0.0
0.0
0.9929452856487532
0.0
0.0
0.0
0.1485812442667629
0.0
0.20292595248008682
0.0
0.0
0.0
0.9927758724194389
0.0
0.0
0.9928250894556817
0.0
0.0
0.0
0.0
0.0
0.9927959291307826
0.0
0.0
0.0
0.0
0.0
0.0
0.0
0.0
0.0
0.0
0.0
0.9933657428447538
0.0
0.0
0.0
0.0
0.0
0.0
0.0
0.0
0.0
0.0
0.02118823241871004
0.0
0.47112009937066657
0.0
0.05200699507144657
0.0
0.0
0.0
0.9938880632573482
0.0
0.0
0.0
0.0
0.03705378131789938
0.992878791582879
0.0
0.0
0.0
0.0
0.0
0.0
0.0
0.06463339398978485
0.9927907755282555
0.0
0.0
0.0
0.0
0.0
0.993231563556986
0.9927630297040679
0.31191141159813807
0.0
0.992891494733624
0.0
0.0
0.0
0.0
0.0
0.0
0.0
0.0
0.0
0.0
0.0
0.0
0.0
0.0
0.003145315918435254
0.992861216178855
0.16518136899436553
0.0
0.2924388771646069
0.0
0.33526122797652136
0.0
0.0
0.0
0.0
0.0
0.0
0.0
0.9967096144110287
0.15886488660986764
0.9939253774623606
0.992884260198143
0.0
0.6035284792185027
0.9928026286031182
0.0
0.0
0.25323633652626554
0.0
0.0
0.0
0.0
0.0
0.0
0.0
0.0
0.0
0.0
0.9927832385269838
0.9936491158788034
0.9999580465768702
0.0
0.2580010221280078
0.005063524230856875
0.0
0.9943844811902394
0.0
0.9943209841597352
0.0
0.0
0.0
0.0
0.0
0.0
0.0
0.0
0.0
0.0
0.0407667966403078
0.0
0.0
0.0
0.0
0.0
0.0
0.0
0.26174276833995824
0.5085384821010763
0.0
0.0
0.0
0.0
0.0
0.0
0.0
0.0
0.0
0.0
0.31072988347006136
0.0
0.0
0.0
0.0
0.332190512717921
0.0
0.0
0.0
0.0
0.0
0.0
0.0
0.0
0.0
0.0
0.0
0.0
0.0
0.0
0.0
0.0
0.6540703498851415
0.0
0.9948633413277845
0.0
0.0
0.0
0.0
0.0
0.0
0.0
0.0
0.0
0.0
0.0
0.0
0.0
0.0
0.0
0.0
0.0
0.0
0.0
0.0
0.0
0.9933155070421481
0.0
0.0
0.0
0.0
0.0
0.0
0.0
0.0
0.9927447669318091
0.0
0.0
0.0
0.9936919764764928
0.0
0.0
0.0
0.0
0.6393669114656577
0.9927629528290579
0.0
0.0
0.9999588513274116
0.0
0.0
0.9928390866886581
0.9999585788346378
0.0
0.5862404959549881
0.20572537740738128
0.0
0.0
0.0
0.0
0.0
0.9930744372700024
0.0
0.9927611251010015
0.15417665897602062
0.0
0.0
0.0
0.0
0.0
0.32791636644624234
0.0
0.09031268775656476
0.0
0.0
0.0
0.0
0.9935157983073896
0.0
0.9948446690535866
0.0
0.9930027631636137
0.0
0.0
0.0
0.0
0.0
0.0
0.00816954266788783
0.9933597533213199
0.0
0.9934752221749692
0.9932655340735244
0.0
0.0
0.0
0.0
0.0
0.0
0.9927755594023644
0.0
0.9930814889939332
0.0
0.9934424728939154
0.0
0.0
0.0
0.0
0.15198733836627265
0.0
0.0
0.0
0.0
0.1926231007779713
0.0
0.0
0.18459682792630372
0.0
0.0
0.0
0.0
0.0
0.0
0.0
0.9927997500897795
0.0
0.0
0.0
0.09385444528093345
0.9960360420645887
0.0
0.9927988057198096
0.0
0.0
0.0
0.0
0.0
0.0
0.9999586234738054
0.004811069822008296
0.9927535054432743
0.21169884230361802
0.0
0.0
0.9933335996351279
0.9928189628965061
0.0
0.0
0.2696464888456471
0.0
0.0
0.0
0.0
0.0
0.0
0.0
0.0
0.0
0.0
0.0
0.992842760316229
0.0
0.0
0.0
0.17904416168126058
0.0
0.9999642600401795
0.0
0.0
0.0
0.0
0.0
0.0
0.0
0.3726905032433896
0.3687366540006911
0.0
0.0
0.0
0.0
0.0
0.0
0.0
0.0
0.0
0.0
0.0
0.0
0.0
0.0
0.0
0.0
0.0
0.0
0.08353961670766519
0.9929902565684436
0.0
0.0
0.0
0.0
0.0
0.0
0.0
0.24121705260207882
0.0
0.0
0.0
0.0
0.0
0.0
0.0
0.0
0.0
0.0
0.0
0.0
0.0
0.0
0.31587461208938183
0.0
0.0
0.0
0.0
0.0
0.45377348011961893
0.0
0.0
0.0
0.0
0.0
0.0
0.0
0.0
0.0
0.9940961439267121
0.9934204590552026
0.0
0.0
0.0
0.0
0.0
0.24736809648745994
0.0
0.0
0.38812184345558065
0.0
0.9930313900858458
0.05437304269445098
0.27469081469716616
0.9928384738313948
0.0
0.9928333824300172
0.0
0.0
0.0
0.9930293376805167
0.0
0.0
0.0
0.0
0.0
0.0
0.0
0.0
0.0
0.0
0.0
0.0
0.0
0.9927609925610443
0.0
0.0
0.0
0.0
0.0
0.0
0.0
0.0
0.0
0.0
0.0
0.0
0.0
0.9940625832745288
0.0
0.03611601146963517
0.0
0.0
0.0
0.0
0.0
0.0
0.0
0.6096528572639097
0.07553245365060246
0.0
0.0
0.0
0.9929719085477395
0.0
0.0
0.0
0.0
0.0
0.0
0.0
0.0
0.0
0.0
0.0
0.0
0.0
0.9935281104971249
0.4265207333350264
0.09424100841423555
0.0
0.0
0.0
0.0
0.0
0.0
0.0
0.0
0.0
0.0
0.0
0.0
0.0
0.06614122660402644
0.0
0.0
0.0
0.042018371095490004
0.09617436725105966
0.0
0.0
0.0
0.16919215812159116
0.0
0.13530901849844224
0.9936603184085054
0.1053396713213699
0.0
0.0
0.0
0.0
0.0
0.0
0.0012433663527764427
0.0
0.0
0.0
0.0
0.0
0.0
0.0
0.0
0.0
0.9931070702051168
0.0
0.0
0.0
0.0
0.0
0.0
0.0
0.0
0.0
0.0
0.0
0.0
0.9934129414131837
0.0
0.0
0.0
0.0
0.0
0.0
0.9928088333704022
0.0
0.9929264922479552
0.05036308865683892
0.0
0.0
0.0
0.0
0.0
0.0
0.03619622233329056
0.9931421180572544
0.0
0.0
0.0
0.0
0.9973209843368632
0.9928480912932334
0.442467660453725
0.0
0.0
0.0
0.0
0.0
0.9930828314200889
0.38019399259494224
0.0
0.0
0.0
0.0
0.0
0.9932678922409682
0.0
0.09437485132492451
0.9927750950499045
0.0
0.0
0.0
0.0
0.0
0.0
0.0
0.0
0.9928203859148836
0.0
0.0
0.9928139958879941
0.0
0.0
0.05154515476072519
0.0
0.0
0.0
0.9929903241016779
0.0
0.0
0.0
0.0
0.0
0.0
0.0
0.0
0.0
0.9939496200497253
0.0
0.614419104615783
0.0
0.0
0.0
0.0
0.0
0.014024679723470879
0.0
0.0
0.0
0.0
0.0
0.0
0.0
0.3602910207677954
0.0
0.0
0.0
0.0
0.9931382075022516
0.0
0.0
0.0
0.0
0.0
0.0
0.0
0.0
0.0
0.0
0.0
0.10783559315939673
0.0
0.0
0.0
0.0
0.0
0.0
0.0
0.0
0.0
0.14403029452679972
0.0
0.0
0.0
0.0
0.0
0.3957505022600831
0.9928546325520035
0.0
0.0
0.9930692304076524
0.0
0.0
0.0
0.0
0.0
0.3031069559086639
0.0
0.0
0.0
0.0
0.0
0.0
0.0
0.0
0.030140156426910036
0.0
0.08068913042044423
0.0
0.0
0.0
0.23345135149994245
0.9929282666164221
0.0
0.2362235986016269
0.0
0.0
0.0
0.0
0.0
0.0
0.0
0.0
0.0
0.0
0.0
0.0
0.0
0.0
0.0
0.0
0.0
0.0
0.9927833107770085
0.0
0.0
0.9929494547367523
0.0
0.0
0.0
0.0
0.0
0.0
0.28699412430952065
0.9934857125500582
0.0
0.0
0.9927492394156753
0.0
0.0
0.0
0.08401508514563216
0.9967446936797378
0.1656662814780656
0.0
0.0
0.0
0.0
0.0
0.0
0.0
0.0
0.0
0.0
0.0
0.9933059964384092
0.0
0.0
0.0
0.0
0.0
0.0
0.0
0.05226181183096934
0.0
0.0
0.0
0.0
0.4804797929174667
0.0
0.0
0.0
0.9928056753055048
0.0
0.0
0.22939488908673245
0.0
0.0
0.9927923976519686
0.4488276920050174
0.0
0.0
0.0
0.0
0.0
0.0
0.0
0.5015549986164828
0.9928206230746915
0.0
0.1294547907300745
0.0
0.0
0.0
0.0
0.9929438414446501
0.0
0.9943401392679343
0.0
0.9929911525568265
0.0
0.0
0.0807456049357681
0.08724868088745852
0.9963395043966632
0.0
0.6086424959302836
0.0
0.0
0.0
0.0
0.0
0.13937564323329532
0.0
0.0
0.9928445999001014
0.0
0.0
0.0
0.0
0.9999627139020423
0.0
0.0
0.0
0.0
0.9999644410163788
0.3273323515124522
0.0
0.0
0.0
0.0
0.0
0.0
0.0
0.0
0.0
0.0
0.0
0.0
0.09680275918685444
0.0
0.1959024072908193
0.0
0.0
0.0
0.0
0.0
0.0
0.0
0.0
0.0
0.0
0.0
0.27785756702093045
0.0
0.0
0.0
0.9928123609132694
0.0
0.0
0.0
0.0
0.0
0.0
0.21478194887335134
0.9999603521495174
0.0
0.0
0.0
0.0
0.0
0.0
0.0
0.9942866261411994
0.0
0.0
0.0
0.0
0.0
0.9940766017880056
0.0
0.9928004877994822
0.0
0.0
0.0
0.0
0.0
0.0
0.0
0.0
0.0
0.0
0.0
0.0
0.0
0.0
0.0
0.9928343413182864
0.0
0.993030109479106
0.993149307288832
0.9928469275999428
0.0
0.0
0.0
0.0
0.0
0.0
0.18666356336162893
0.8442194422660425
0.0
0.0
0.0
0.3139314113250371
0.0
0.0
0.0
0.0
0.0
0.0
0.0
0.0
0.993465065848445
0.0
0.0
0.0
0.0
0.0
0.0
0.0
0.0
0.0
0.0
0.0
0.07680887562393102
0.0
0.0
0.0
0.0
0.0
0.0
0.0
0.9931815488884554
0.0
0.0
0.0
0.1421213584264157
0.04117934636666598
0.0
0.0
0.0
0.0
0.0
0.9942144180828473
0.0
0.0
0.9927978819642378
0.0
0.0
0.0
0.0
0.0
0.0
0.0
0.0
0.0
0.02859046454235037
0.0
0.0
0.0
0.0
0.0
0.0
0.0
0.0
0.0
0.0
0.9927699972993975
0.0
0.0
0.0
0.0
0.0
0.0
0.0
0.0
0.5692352055508507
0.0
0.0
0.0
0.0
0.0
0.0
0.0
0.0
0.0
0.0
0.0
0.0
0.0
0.0
0.0
0.9931676767728396
0.06641204246782673
0.9945898507106694
0.0
0.0
0.0
0.992961281726627
0.25077457706966344
0.0
0.0
0.0
0.0
0.0
0.0
0.0
0.0
0.0
0.0
0.0
0.0
0.0
0.0
0.0
0.0
0.0
0.4276510159465423
0.0
0.9930519375331078
0.9929497499215214
0.0
0.0
0.0
0.0
0.9936444987597077
0.29285233077037165
0.0
0.0
0.0
0.0
0.08487171703749807
0.9929803033919501
0.0
0.9927832826480479
0.0
0.0
0.0
0.0
0.0
0.9938725784686807
0.0
0.0
0.0
0.993234223857337
0.9928697100951785
0.0
0.0
0.0
0.0
0.0
0.9930454049696888
0.0
0.0
0.0
0.0
0.0
0.44425092897697194
0.0
0.9928208934668344
0.0
0.0
0.0
0.0
0.0
0.0
0.0
0.0
0.0
0.0
0.9999588101938764
0.9940079990455344
0.0
0.993119485055697
0.07953655636543788
0.0
0.05443802002281051
0.0
0.0
0.0
0.0
0.0
0.0
0.20329780422584642
0.0
0.9927908673766387
0.0
0.0
0.0
0.0
0.0
0.0
0.0
0.0
0.06172585173182832
0.22115383026762125
0.9932313025869395
0.09954094192298202
0.0
0.034584148010557425
0.9928546514276837
0.0
0.0
0.0
0.0
0.0
0.0
0.0
0.0
0.0
0.0
0.0
0.0
0.0
0.0
0.0
0.3872612180264051
0.9999610595919196
0.0
0.0
0.0
0.0
0.0
0.0
0.0
0.0
0.0
0.0
0.0
0.0
0.0
0.0
0.0
0.0
0.9932710954490485
0.9930129767111449
0.9937274952123705
0.0
0.0
0.0
0.0
0.059598575839322376
0.0
0.0
0.1517161028129399
0.0
0.0
0.0
0.0
0.0
0.0
0.0
0.19001617898205447
0.0
0.0
0.29145039871350464
0.35280329667549437
0.0
0.0
0.0
0.06108644975211197
0.0
0.0
0.0
0.0
0.9858458541168762
0.9999606976268436
0.0
0.0
0.0
0.17937567674548704
0.0
0.0
0.9935248615227127
0.0
0.0
0.9927475466131528
0.0
0.0
0.0
0.0
0.0
0.0
0.0
0.992866582142939
0.0
0.0
0.0
0.0
0.0
0.0
0.0
0.0
0.0
0.0
0.0
0.0
0.0
0.09695597498385855
0.0
0.0
0.0
0.0
0.0
0.0
0.17356165938286683
0.0
0.0
0.0
0.0
0.0
0.0
0.9928045848886132
0.0
0.0
0.0
0.0
0.0
0.0
0.3502097685709231
0.9929088599247088
0.0
0.05572901119730167
0.0
0.0
0.0
0.0
0.0
0.0
0.21599459838971757
0.0
0.9934807373274863
0.2328816028435552
0.2223688105931676
0.0
0.0
0.0
0.0
0.0
0.8206322104685739
0.0
0.0
0.0
0.3070308043822896
0.9928136348318478
0.09725183393418713
0.0
0.0
0.0
0.0
0.0
0.0
0.0
0.0
0.0
0.0
0.0
0.0
0.3902661871308616
0.016319602614984996
0.0
0.0
0.0
0.0
0.0
0.0
0.0
0.0
0.0
0.0
0.0
0.05234547430439618
0.0
0.0
0.0
0.0
0.0
0.0
0.0
0.0
0.0
0.027917796750613677
0.9929433144519013
0.0
0.9933086273719058
0.0
0.0
0.9928581487832039
0.0
0.0
0.0
0.0
0.0
0.0
0.0
0.0
0.0
0.0
0.0
0.0
0.0
0.0
0.9928146936597528
0.0
0.0
0.3153486042437563
0.0
0.06144988218462322
0.0
0.47064978698363735
0.9929036907966351
0.9928266571066118
0.0
0.0
0.992777933679783
0.255402865825604
0.0
0.0
0.0
0.9938673598895705
0.0
0.17206843661323556
0.0
0.0
0.0
0.0
0.0
0.0
0.0
0.45618740906094346
0.0
0.08013632100615609
0.0
0.0
0.0
0.0
0.8663625644449927
0.0
0.0
0.0
0.0
0.0
0.1814648085606163
0.0
0.0
0.0
0.0
0.0
0.0
0.4975414655002266
0.0
0.2865141422860804
0.0
0.0
0.0
0.992832408317656
0.0
0.0
0.0
0.0
0.0
0.0
0.9934791071758071
0.9932417370352982
0.9999599844445347
0.0
0.0
0.0
0.0
0.0
0.0
0.0
0.0
0.0
0.0
0.0
0.3630457227518423
0.0
0.5924321486999191
0.0
0.0
0.0
0.0
0.0
0.10446041669697459
0.0
0.0
0.0
0.9999614776714965
0.9927595602585679
0.0
0.992907085776989
0.9928399378297854
0.08747946231298986
0.0
0.0
0.0
0.992823018670178
0.9931310855926114
0.9944978469758077
0.0
0.9940063177883587
0.9928909668343299
0.0
0.0
0.0
0.0
0.0
0.0
0.0
0.0
0.0
0.9929362357085282
0.12281776343241124
0.9931041967276317
0.0
0.0
0.0
0.0
0.31140546381042145
0.0
0.08134010582515483
0.0
0.0
0.9933389378806919
0.9928993304899373
0.0
0.9940218006510905
0.0
0.0
0.0
0.0
0.0
0.0
0.0
0.0
0.0
0.0
0.0
0.0
0.07017953485077544
0.4261155126016649
0.0
0.0
0.0
0.0
0.0
0.0
0.0
0.0
0.0
0.026129503823088762
0.0
0.0
0.0
0.0
0.0
0.3682541256310963
0.36108700067166843
0.0
0.0
0.0
0.42885409060630564
0.5338521877396489
0.36106297024205536
0.0
0.0
0.0
0.9927747657045463
0.0
0.0
0.0
0.9972663253935171
0.0
0.1078464342305755
0.19372570731692063
0.11879409462143353
0.0
0.9931934062903994
0.0
0.2792595294472989
0.0
0.0
0.0
0.0
0.0
0.9931684550829555
0.9934458317571401
0.0
0.0
0.0
0.0
0.0
2.878319022370235E-5
0.0
0.0
0.9930858657243172
0.0
0.0
0.9929781551633979
0.0
0.0
0.0
0.0
0.0
0.0
0.2374286755381141
0.0
0.0
0.0
0.23140654296128482
0.0
0.0
0.9928356287377579
0.0
0.0
0.0
0.0
0.9929059113933608
0.0
0.30558989753708343
0.0
0.06314531629766429
0.0
0.0
0.9928771138880302
0.0
0.0
0.0
0.12444517218822626
0.0
0.0
0.0
0.0
0.0
0.0
0.0
0.0
0.0
0.0
0.0
0.0
0.0
0.9928628212570142
0.0
0.0
0.9927787818811983
0.0
0.0
0.0
0.013051009772574451
0.992890256174229
0.0
0.9936580241569599
0.9997190572915435
0.0
0.0
0.0
0.9930152490433257
0.0
0.0
0.9932767463865239
0.9938024862968593
0.992838642449901
0.0
0.993294143851609
0.0
0.0
0.0
0.0
0.9929756329552543
0.993599203186171
0.9927548641909731
0.9999634333366101
0.0
0.9935070314023078
0.0
0.0
0.0
0.9928346242723427
0.0
0.0
0.0
0.0
0.0
0.0
0.0
0.9938912366345516
0.0
0.0
0.0
0.0
0.0
0.0
0.0
0.0
0.05724982532099521
0.0
0.0
0.0
0.0
0.0
0.9955572781870596
0.0
0.0
0.0
0.0
0.0
0.0
0.0
0.0
0.12088248895354736
0.9928782291746043
0.15544707289116189
0.0
0.0
0.0
0.0
0.0
0.0
0.0
0.0
0.0
0.0
0.0
0.0
0.0
0.0
0.0
0.11596500560757528
0.0
0.0
0.0
0.0
0.0
0.0
0.0
0.42165642218208466
0.9999615998899732
0.0
0.0
0.0
0.0
0.0
0.9930782900353172
0.0
0.5651635124739609
0.0
0.0
0.0
0.99995960901196
0.0
0.9929160108937641
0.9927524777860551
0.9930783799835903
0.0
0.0
0.0
0.0
0.0
0.9937492642600801
0.9927477659824977
0.07747140667442154
0.0
0.0
0.0
0.0
0.0
0.0
0.0
0.0
0.0
0.0
0.0
0.03614017075054843
0.0
0.0
0.0
0.0
0.0
0.0
0.0
0.0
0.9969485387307602
0.0
0.9930887469351303
0.29837021762555305
0.0
0.0
0.0
0.0
0.0
0.0
0.0
0.0
0.0
0.0
0.0
0.0
0.0
0.0
0.0
0.0
0.0
0.0
0.21408016379070238
0.9928620654001953
0.0
0.0
0.0
0.0
0.0
0.0
0.0
0.0
0.0
0.0
0.0
0.9927775609919082
0.0
0.0
0.0
0.0
0.0
0.9928079344496761
0.0
0.9928495795264052
0.9934465281819113
0.0
0.0
0.0
0.0
0.0
0.0
0.0
0.0
0.0
0.0
0.0
0.0
0.9931883261867417
0.0
0.0
0.0
0.9928946368801395
0.0
0.0
0.0
0.0
0.0
0.0
0.9930185379895202
0.0
0.0
0.0
0.9999899462213232
0.0
0.992749175268742
0.09202021083019563
0.3409242191279347
0.0
0.0
0.9928113473311254
0.0
0.0
0.0
0.0
0.0
0.0
0.0
0.9935249348670345
0.0
0.0
0.0
0.7740849400257506
0.0
0.0
0.0
0.0
0.0
0.9930012623713332
0.0
0.0
0.0
0.0
0.0
0.0
0.0
0.0
0.0
0.0
0.0
0.0
0.0
0.0
0.0
0.0
0.9932412082603262
0.9932123127244681
0.0
0.0
0.0
0.0
0.0
0.9935354552731425
0.0
0.0
0.0
0.0
0.0
0.0
0.9936201307245267
0.0
0.0
0.0
0.0
0.9927865343536755
0.0
0.0
0.9933981819161906
0.0
0.0
0.0
0.0
0.9927878784826232
0.0
0.3257669643283987
0.02306654498813343
0.0
0.0
0.0
0.0
0.0
0.0
0.0
0.0
0.0
0.0
0.9927885263166519
0.0
0.0
0.0
0.0
0.0
0.9941650893957172
0.0
0.0
0.0
0.0
0.10884267664969871
0.0
0.0
0.0
0.21859268720711433
0.0
0.0
0.0
0.0
0.0
0.07260580121161764
0.0
0.0
0.08043912297806055
0.0
0.0
0.0
0.0
0.0
0.0
0.0
0.5989961566978236
0.0
0.0
0.9929271326959386
0.0
0.0
0.0
0.0
0.0
0.0
0.0
0.0
0.0
0.056709816477674924
0.09386440376438909
0.0
0.0
0.0
0.0
0.0
0.0
0.0
0.0
0.9935773860747366
0.9928973920641186
0.0
0.0
0.0
0.0
0.0
0.0
0.0
0.0
0.0
0.0
0.0
0.3351943687324459
0.0
0.0
0.0
0.0
0.0
0.0
0.0
0.0
0.0
0.0
0.0
0.0
0.9927682622275953
0.992969292760431
0.0
0.0
0.0
0.0
0.28811565547186535
0.0
0.0
0.0
0.0
0.0
0.0
0.0
0.0
0.0
0.9962622286587793
0.9931018879120358
0.0
0.0
0.0
0.0
0.0
0.0
0.0
0.0
0.0
0.0
0.0
0.0
0.0
0.0
0.0
0.0
0.9928030387798263
0.0
0.0
0.0
0.0
0.38983332061619824
0.0
0.9927646716522011
0.0
0.0
0.0
0.05217384634934852
0.07545227764826534
0.0
0.0
0.0
0.0
0.0
0.0
0.0
0.0
0.0
0.0
0.0
0.0
0.0
0.0
0.0
0.0
0.0
0.0
0.0
0.9812430053032151
0.2750222629244301
0.0
0.0
0.0
0.0
0.0
0.0
0.0
0.0
0.9928611339741302
0.0
0.0
0.0
0.0
0.0
0.0
0.0
0.0
0.0
0.0
0.0
0.0
0.0
0.0
0.0
0.0
0.0
0.10749246830230375
0.0
0.0
0.0
0.0
0.0
0.0
0.0
0.0
0.0
0.0
0.3638165949133403
0.0
0.0
0.0
0.9930805318474291
0.9929873493742601
0.09985376446546324
0.0505032260112932
0.0
0.0
0.0
0.587137021314605
0.0
0.0
0.0
0.01011276025135932
0.0
0.0
0.0
0.0
0.0
0.0
0.0
0.23898125646289003
0.020816558771993066
0.0
0.0
0.0
0.0
0.05957564121531378
0.0
0.0
0.0
0.0
0.0010462571255421826
0.0
0.0
0.0
0.0
0.0
0.9933828027950197
0.0
0.0
0.0
0.2429154417818551
0.0
0.0
0.0
0.0
0.0
0.0
0.0
0.0
0.035116283917322244
0.0
0.0
0.0
0.42350070552008323
0.0
0.0
0.0
0.0
0.2709641408962171
0.0
0.0
0.9929379852601351
0.0
0.0
0.0
0.9999588865051807
0.0
0.0
0.0
0.0
0.0
0.0
0.0
0.0
0.0
0.0
0.0
0.0
0.0
0.0
0.0
0.0
0.0
0.0
0.0
0.0
0.0
0.0
0.014790012256909013
0.9927648035007782
0.005284014244501534
0.0
0.0
0.0
0.0
0.0
0.0
0.0
0.9927689030166754
0.0
0.0
0.0
0.0
0.0
0.0
0.0
0.39420184654984947
0.0
0.0
0.0
0.0
0.0
0.0
0.0
0.0
0.0
0.0
0.0
0.0
0.0
0.0
0.0
0.0
0.11669441572000228
0.9928769654826668
0.0
0.0
0.0
0.0
0.9928216074901687
0.4215367826706944
0.0
0.0
0.9932972333574793
0.0
0.9928035545009659
0.0
0.2415899078522321
0.0
0.9928157593687565
0.06064566086705048
0.0
0.0
0.0
0.9938246504136584
0.0
0.0
0.0
0.0
0.0
0.0
0.0
0.9928363178541364
0.9933715424187288
0.0
0.0
0.0
0.0
0.0
0.0
0.0
0.0
0.0
0.0
0.9935064554727593
0.9937614673880393
0.0
0.0
0.1204710069434678
0.9953934913462565
0.0
0.06364236412383217
0.0
0.0
0.0
0.0
0.0
0.0
0.0
0.0
0.18124698114977877
0.0
0.0
0.0
0.0
0.0
0.0
0.0
0.0
0.0
0.0
0.0
0.0
0.9938136172420983
0.0
0.0
0.0
0.0
0.0
0.0
0.9927649604582942
0.0
0.0
0.0
0.17386169970241416
0.1883812366215728
0.0
0.0
0.0
0.0
0.0
0.0
0.0
0.0
0.0
0.0
0.5671826989269688
0.0
0.0
0.0
0.0
0.0
0.0267985741670701
0.9927483682568927
0.0
0.0
0.0
0.0
0.0
0.0
0.9928022341132426
0.0
0.4957535937716966
0.0
0.0
0.0
0.0
0.0
0.9931328471893172
0.0
0.0
0.0
0.0
0.0
0.0
0.0
0.0
0.0
0.0
0.0
0.0
0.0
0.0
0.0
0.0
0.0
0.0
0.0
0.0
0.0
0.0
0.0
0.21891578993065786
0.9928244974308045
0.9933864533448097
0.0
0.0
0.0
0.0
0.0
0.0
0.0
0.0
0.0
0.0
0.0
0.9930797802665724
0.0
0.0
0.0
0.0
0.0
0.0
0.0
0.0
0.0
0.0
0.0
0.9940713009063952
0.0
0.0
0.0
0.0
0.0
0.0
0.0
0.0
0.0
0.0
0.9933986128442944
0.0
0.0
0.0
0.16132336983398665
0.0
0.0
0.626065268754417
0.0
0.0
0.20264680275108393
0.0
0.0
0.0
0.9928187033418386
0.0
0.0
0.9999594273574965
0.9928019929685366
0.0
0.2390285581542091
0.9927795264242509
0.0
0.0
0.0
0.0
0.0
0.0
0.0
0.0
0.0
0.0
0.9928263571449595
0.0
0.9931205925967554
0.0
0.0
0.0
0.0
0.0
0.0
0.0
0.0
0.9934379343615755
0.0
0.0
0.9928045404266546
0.0
0.0
0.0
0.7639479291113784
0.0
0.0
0.0
0.0
0.0
0.175860212618836
0.0
0.0
0.0
0.9933117938679608
0.0
0.0
0.0
0.639523982379329
0.0
0.0
0.0
0.0
0.9928279191689302
0.016458174190889574
0.10628821216025153
0.0
0.0
0.0
0.19396639544696448
0.992758149808575
0.9941630210011541
0.0
0.0
0.0
0.008468691905697434
0.0
0.9928886421434445
0.0
0.0
0.474648960789241
0.9928408166925875
0.0
0.0
0.0
0.0
0.0
0.0
0.0
0.0
0.0
0.0
0.0
0.0
0.0
0.0
0.0
0.0
0.0
0.19233153686251514
0.992942769159457
0.0
0.0
0.0
0.11863839978656898
0.0
0.04587443776139477
0.0
0.2796531070266668
0.0
0.0
0.0
0.0
0.0
0.0
0.0
0.0
0.22622623985571266
0.0
0.0
0.0
0.0
0.07070838901899312
0.0
0.0
0.0
0.0
0.9944061877585367
0.0
0.0
0.0
0.6516829889253465
0.0
0.0
0.0
0.0
0.0
0.0
0.0
0.07438276281746847
0.0
0.0
0.41081139108919174
0.0
0.0
0.6399788919146484
0.0
0.9930799325230215
0.0
0.0
0.09831800704988514
0.0
0.03174635596580844
0.9928231378802981
0.0
0.0
0.0
0.0
0.0
0.47027307122417217
0.010357420185675759
0.9927702418236394
0.0
0.0
0.0
0.0
0.0
0.0
0.6859924434719378
0.0
0.9928210147160907
0.0
0.0
0.3998996292445912
0.0
0.0
0.0
0.0
0.0
0.9928617743223798
0.0
0.0
0.993002756208541
0.0
0.05039552980443507
0.0
0.9927624298639202
0.9931002919849005
0.0
0.0
0.0
0.0
0.0
0.0
0.9929638596193665
0.0
0.20550229006721454
0.0
0.3079736733637448
0.0
0.0
0.0
0.0
0.0
0.0
0.0
0.0
0.0
0.0
0.0
0.0
0.0
0.4188432630771364
0.0
0.0
0.0
0.9930424582578521
0.0
0.0
0.0
0.0
0.0
0.0
0.0
0.0
0.0
0.0
0.0991525594220467
0.0
0.5177288772381199
0.0
0.9930368569626632
0.0
0.0
0.0
0.0
0.0
0.9927463059267196
0.0
0.0
0.0
0.0
0.9930954702753467
0.0
0.07675038882238339
0.0
0.0
0.0
0.0
0.0
0.0
0.0
0.0
0.0
0.214883556208612
0.0
0.0
0.0
0.0
0.0
0.0
0.9927964325369193
0.9929147313679605
0.0
0.0
0.0
0.0
0.0
0.0
0.43572029119636624
0.9928772343417883
0.016565611230814792
0.20735227385829025
0.0
0.0
0.0
0.0
0.0
0.0
0.0
0.0
0.0
0.0
0.0
0.0
0.0
0.011056225337316872
0.0
0.0
0.0
0.0
0.0
0.0
0.0
0.0
0.9930788321539096
0.0
0.0
0.0
0.0
0.0
0.0
0.0
0.0
0.0
0.0
0.0
0.0
0.0
0.0
0.0
0.0
0.0
0.0
0.509012195479942
0.9928094125898035
0.0
0.0
0.0
0.9927928981018389
0.9938705875602859
0.993055783943506
0.0
0.0
0.0
0.0
0.0
0.0
0.9934250002403254
0.0
0.0
0.9928901237236422
0.9930590319515511
0.0
0.0
0.0
0.9999610310410022
0.0
0.07862034225023673
0.0
0.9927464122617761
0.6110235575036019
0.0
0.0
0.0
0.0
0.0
0.0
0.0
0.08696789912551872
0.0
0.0
0.0
0.0
0.0
0.0
0.0
0.0
0.0
0.001943941430817775
0.9931871884194011
0.9928034482177953
0.0
0.0
0.0
0.0
0.0
0.0
0.0
0.15956271916923948
0.0
0.0
0.0
0.0
0.9934161323375963
0.0
0.0
0.0
0.03313097807253362
0.0
0.1505743193408543
0.9935233355293087
0.9999605489615903
0.0
0.0
0.0
0.0
0.0
0.11753329641316723
0.0
0.0
0.9928484226238289
0.0
0.0
0.0
0.0
0.0
0.9955404270400706
0.83046013763307
0.0
0.0
0.0
0.0
0.9928671522928832
0.0
0.0
0.0
0.0
0.0
0.0
0.994300917558183
0.0
0.0
0.0
0.0
0.0
0.0
0.0
0.0
0.0
0.0
0.0
0.5055190776760985
0.0
0.0
0.0
0.0
0.0
0.0
0.0
0.0
0.0
0.0
0.0
0.0
0.36067301303642685
0.0
0.0
0.0
0.19318737351599602
0.5179894510271679
0.0
0.0
0.9934081210339332
0.0
0.0
0.0
0.0
0.9930145884580479
0.0
0.0
0.0
0.0
0.0
0.0
0.0
0.0
0.0
0.0
0.0
0.0
0.0
0.9999606719549369
0.0
0.9929684191166149
0.2592029486024672
0.0
0.0
0.0
0.0
0.0
0.0
0.0
0.0
0.3097794875952583
0.0
0.0
0.0
0.0
0.0
0.0
0.0
0.0
0.0
0.3978122372542313
0.0
0.0
0.0
0.0
0.0
0.0
0.0
0.0
0.0
0.0
0.0
0.992892616091582
0.0
0.9928296718627848
0.0
0.0
0.41449170035227056
0.0
0.0
0.0
0.0
0.0
0.0
0.0
0.0
0.0
0.9932931146893936
0.0
0.0
0.0
0.0
0.0
0.0
0.0
0.7515682486082884
0.02098917306277226
0.0
0.9933614258114598
0.9929631692362508
0.0
0.0
0.9929460266510566
0.9932317665589419
0.0
0.0
0.0
0.0
0.9927763967035677
0.0
0.9929744939290905
0.0
0.0
0.9931853826493752
0.0
0.0
0.0
0.0
0.23491509788182252
0.0
0.0
0.39802796648286853
0.9933880168839966
0.9927804053570293
0.0
0.0
0.0
0.0
0.0
0.993633387432325
0.9931635668622578
0.0
0.3607051412865354
0.0
0.0
0.0
0.0
0.9944606065675612
0.0
0.0
0.0
0.0
0.0
0.0
0.0
0.00456813809013612
0.0
0.0
0.0
0.993733221399905
0.0
0.0
0.0
0.0
0.0
0.0
0.0
0.0
0.0
0.0
0.9935652708199265
0.9936755081360542
0.9936132568085975
0.0
0.0
0.0
0.0
0.0
0.0
0.0
0.0
0.2609006036583772
0.0
0.017550353537008956
0.050349960965030194
0.9929814894409208
0.3192264638908051
0.9934847048051003
0.9928597160045551
0.9936077407857494
0.0
0.9943746672419719
0.0
0.0
0.2675018000632401
0.0
0.5518345657060413
0.0
0.0
0.9927766593516936
0.0
0.0
0.0
0.49115249192856314
0.9947228562736323
0.1761139472087102
0.10102157742304252
0.0
0.0
0.0
0.0
0.0
0.0
0.0
0.9972587305631073
0.20240105846097123
0.0
0.9930866275957021
0.0
0.0
0.0
0.9927595005137884
0.0
0.0
0.0
0.0
0.0
0.45104303386306266
0.0
0.0
0.0
0.9929000893443696
0.0
0.0
0.0
0.0
0.0
0.0
0.0
0.0
0.2676935880181113
0.9931506662293585
0.0
0.0
0.0
0.0
0.0
0.0
0.0
0.5239177474757465
0.0
0.0
0.0
0.9930109786301233
0.023005812241181145
0.0
0.0
0.0
0.0
0.294914130849402
0.0
0.0
0.0
0.0
0.0
0.0
0.0
0.0
0.0
0.0
0.0
0.0
0.0
0.0724894416577142
0.0
0.0
0.0
0.0
0.0
0.0
0.0
0.0
0.27093228073451125
0.0
0.0
0.999959989823004
0.0
0.0
0.0
0.0
0.0
0.0
0.9927711893347569
0.9935831480459769
0.9929370304453282
0.0
0.0
0.0
0.0
0.9928675880570942
0.9928979595416864
0.0
0.9927597056493679
0.0
0.0
0.0
0.0
0.0
0.0
0.0
0.9936948384862828
0.0
0.01907353159137226
0.0
0.20296503255283904
0.0
0.0
0.0
0.0
0.0
0.0
0.0
0.46644535241866203
0.0
0.0
0.993031385813096
0.573947404916931
0.993067592682551
0.18115002332995878
0.0
0.0
0.0
0.0
0.0
0.0
0.0
0.05006461246279503
0.0
0.9928495249891972
0.32311040624477183
0.0
0.0
0.12425051045314706
0.0
0.0
0.9927807342237698
0.0
0.0
0.0
0.0
0.0
0.9929924301181753
0.0
0.0
0.027787567694748327
0.0
0.5583349922872816
0.4999825000430421
0.0
0.0
0.0
0.0
0.9937961547245868
0.0
0.0
0.0
0.008088775898776102
0.0
0.0
0.0
0.0
0.0
0.0
0.0
0.0
0.4551045308417425
0.5319289436648805
0.9963665366055072
0.029966489806732888
0.9928485006318932
0.4008108323033357
0.0
0.0
0.0
0.0
0.9928776083979816
0.0
0.9928634253048628
0.0
0.9934009619249136
0.0
0.0
0.0
0.0
0.0
0.0
0.0
0.0
0.0
0.0
0.0
0.0
0.0
0.0
0.0
0.9928878550154956
0.0
0.0
0.0
0.9927925691742334
0.0
0.0
0.0
0.0
0.0
0.0
0.0
0.0
0.0
0.0
0.0
0.9927591143143553
0.0
0.9929156646629533
0.0
0.0
0.0
0.0
0.0
0.0
0.0
0.0
0.0
0.0
0.0
0.0
0.9929337007991562
0.0
0.0
0.0
0.0
0.0
0.0
0.0
0.5402210519538998
0.0
0.0
0.0
0.9929102798770771
0.0
0.0
0.0
0.0
0.0
0.0
0.07162516667909202
0.0
0.028924571286376155
0.0
0.0
0.0
0.0
0.0
0.0
0.0
0.0
0.0
0.0
0.2529213346451743
0.0
0.0
0.0
0.0
0.17931885968491945
0.5647384084952405
0.0
0.3843447108461894
0.0
0.0
0.0
0.0
0.9929409736350424
0.10195338475668714
0.0
0.0
0.0
0.0
0.0
0.0
0.0
0.0
0.019108462743244514
0.0
0.0
0.0
0.0
0.1439695164134972
0.0
0.0014914327735798816
0.08465760913103704
0.0
0.9938964573755231
0.06005473346683621
0.0
0.0
0.0
0.0
0.0
0.0
0.0
0.0
0.05509530714129207
0.5529531057382187
0.0
0.0
0.21138290705522444
0.0
0.0
0.0
0.0
0.5435076159441076
0.49826275951058496
0.0
0.0
0.9927958623270853
0.0
0.0
0.0
0.0
0.0
0.0
0.2565251378438749
0.0
0.0
0.0
0.0
0.0
0.36561789353191887
0.0
0.08787954582772861
0.5493412200350201
0.0
0.0
0.0
0.2276947519629915
0.0
0.0
0.0
0.0
0.0
0.0
0.0
0.19988787042235723
0.6947845656085142
0.0
0.4723265305232477
0.0
0.0
0.0
0.8493053399452575
0.5312358624141144
0.24246381668177197
0.0
0.0
0.0
0.0
0.0
0.0
0.0
0.0
0.0
0.9586095563657397
0.0
0.01292704701969416
0.0
0.0
0.0
0.0
0.0
0.0
0.26217062151376014
0.0
0.0
0.0
0.0
0.0
0.0
0.0
0.0
0.05685899513925596
0.0
0.0
0.3969432499914922
0.1041094800251966
0.0
0.0
0.0
0.0
0.0
0.5226732449439415
0.33586400783581705
0.0
0.0
0.18350843618327095
0.5189108874504313
0.600820546787943
0.02884811103302687
0.9999594952347698
0.0
0.0
0.4493116746910365
0.0
0.0
0.0
0.9927803355561247
0.48242785428251667
0.0
0.9934798555699147
0.0
0.0
0.0
0.0
0.0
0.5966471349712721
0.0
0.0
0.9999605400482493
0.0
0.12362941608128653
0.0
0.0
0.0
0.0
0.0
0.0
0.0
0.0
0.0
0.0
0.0
0.07363527195110064
0.9940841359041079
0.0
0.0
0.9928084306274708
0.0
0.0
0.9932448617596022
0.0
0.10579101222950016
0.20960053837527204
0.0
0.992822161195572
0.566503278406645
0.0
0.0
0.0
0.0
0.0
0.0
0.0
0.7216901674817046
0.0
0.0
0.9937602566388357
0.993665977609269
0.0
0.0
0.0
0.0
0.1516748522609045
0.5991219619599224
0.0
0.0
0.0
0.9867552877517991
0.0
0.0
0.283378511661284
0.0
0.9999629427968691
0.0
0.0
0.995573729432557
0.0
0.0
0.0
0.0
0.0
0.0
0.0
0.0
0.0
0.4358097230718678
0.0
0.9668940814826575
0.0
0.0
0.0
0.0
0.0
0.10706690168345734
0.9927812313349998
0.0
0.3593812785220798
0.037930941200336576
0.0
0.0
0.0
0.0
0.0
0.0
0.05171188191942666
0.0
0.022251162303325134
0.0
0.0
0.0
0.0
0.0
0.0
0.0
0.0
0.0
0.0
0.0
0.0
0.0
0.6387900747300639
0.0
0.9727415821785981
0.9946069400447501
0.0
0.0
0.0
0.0
0.0
0.9928070496266678
0.0
0.0989071500373222
0.9927836663414425
0.0
0.0
0.0
0.0
0.0
0.0
0.0
0.04380510806670024
0.09467089964393316
0.33547592717993413
0.0
0.9932943794628845
0.007964575309613697
0.0
0.0
0.05902449752918815
0.0
0.0
0.0
0.0
0.0
0.0
0.0
0.0
0.0
0.0
0.0
0.9928948182625127
0.0
0.0
0.0
0.0
0.0
0.0
0.3399077480645166
0.0
0.0
0.0
0.0
0.0
0.0
0.0
0.0
0.0
0.0
0.0
0.9934375686063777
0.19830436499538662
0.9878051114194109
0.0
0.0
0.0
0.10978941533010966
0.39090467025162257
0.0
0.0
0.0
0.0
0.0
0.0
0.24694549302858926
0.0
