0.999757650872146
0
0.312263484062722
0
0.422695620020839
0.0338026823087946
0.265727328051129
0.00688276934905474
0.262188282531309
0.308169248675157
0.223347131868414
0.013855903157432
0.0446708528274813
0.162610599103369
0.198928853402098
0
0
0.543012266405332
0
0
0
0.241206094189822
0
0.148365055745005
0.183414952483208
0.342732066063635
0
0.468194118804968
0.468452754464436
0
0
0.0178870703078016
0.0204484710436352
0.171161070822126
0.200898923160457
0.999927115221947
0.992208803699121
0.0121567921725378
0.488155968796144
0.317917658596435
0.106908743557808
0.0385193912252897
0
0.254846541979235
0
0.13932974291664
0
0.0375945818347786
0.90596940891647
0.156007528092362
0
0.00507041317713475
0.363563606597237
0.11319496401826
0.74941866301299
0.271115062297153
0
0.193950447139898
0
0.381287360310464
0.398902108112899
0
0.00192372622669224
0
0.999755857755417
0.08411342310726
0.0680522802989929
0.890963667441038
0.198848698850239
0.128572165298752
0.0164664259217429
0.0178748855833908
0.204114204640995
0.0165551746152595
0
0
0
0.319287720695428
0.740064856269585
0.914030189998565
0
0.365591953559054
0
0
0
0
0.0441140909663549
0.87162417693651
0.999999999984264
0.137573135176652
0
0.0419162732557057
0.197504560761681
0
0.120695993814587
0.0978450734163108
0
0.795373992684646
0.969628530414768
0
0.328071577593691
0.292446017204891
0
0
0
0.386820517748848
0.392490913347174
0.42749746252177
0.19374230283436
0.0598980175985864
0.323554920629352
0
0
0.844057395001804
0.04744615557437
0
0.995701663657527
0.120929674055269
0
0.139375835227098
0.168593846862638
0.24303948268951
0
0.026755890473939
0.250966238423414
0.177833993253774
0.138195028114113
0.920483508250919
0.449861064901419
0
0.997149630288466
0.78642842330841
0.636585682444015
0.328127559978258
0.182722933654377
0
0.00852805227382336
0
0
0.964815234060262
0.204882833804225
0.0795296651807071
0.83082235643706
0.0536393323708398
0.0214435493585013
0.190914323391325
0
0.273109316040902
0.0370211015345028
0.266962969046911
0.398769410535172
0.698746666753229
0
0
0.266334217833315
0.228565089215441
0.312204425119545
0.751763434006812
0.506094205502613
0
0.14541727308772
0
0
0.163335469091653
0.0221456542755187
0.999985143727303
0
0
0
0.394625796641058
0
0.999967481747743
0.135708215954705
0
0
0.14146718952251
0
0
0
0.455001954281242
0
0.668884929011647
0
0.999999972002196
0.051729578057617
0.0545715896975271
0.307212714347033
0.368114347309185
0.273516266410318
0.387018006935018
0.0151152567909467
0.983387152848109
0.219225231867244
0.0199249230857367
0.00142408162702201
0.396579718593193
0.0739412054421776
0.033900280059824
0.207055820900061
0.755145647060221
0.430645124527037
0
0
0
0.0433845346931909
0.0848545389607435
0.209924130057952
0.160384902473391
0
0.0897665865598964
0
0
0
0.00315693109964643
0.481701466120235
0
0.999191949960338
0.00138755584113115
0
0.211171384417096
0.266527371935501
0.0193822904712699
0
0.0658158793072029
0.159423219598666
0.037051315261621
0
0
0.0910436719972754
0
0.29526775871861
0.384691012745233
0.182154913655709
0.140427881853083
0.074280871322206
0.622884849671835
0.217971129167282
0
0
0.0982152843085407
0.320699306156796
0.0814722296499985
0.962168159593153
0
0
0
0.0732153198115137
0.343803720773123
0.222280543941708
0.0753999213412151
0
0.0103549165346835
0
0
0
0
0
0.147428379284457
0
0.999973218180487
0.604731291595111
0.0515578067586937
0
0.0362725545360276
0.00640556112593849
0.0437537028790127
0.177966929806082
0.102116013022181
0.248761080767039
0.107763225707754
0.077559878553617
0
0
0
0
0.101054804831168
0
0
0.127372310298839
0
0
0.0904364581952897
0
0
0
0.11434431370276
0
0.219644866350132
0.0300368872641531
0
0.105944529301298
0
0
0.304915827225647
0.462841098593869
0.298304134396836
0.219295186815474
0.115313024245895
0
0.503927155036934
0.80211498823281
0.0101487692014978
0.124475586644766
0
0.0206919329388183
0
0
0
0
0.222138150479827
0.381246466691402
0.99974141474295
0.572978777471443
0
0.0652264052669453
0.0939170036268927
0
0.971412080994356
0
0.130563286498059
0.0874138427815062
0.00606316101610516
0.0376009210394157
0
0.0801791910362357
0.0141033513196885
0.807793989039521
0
0.360001019744996
0.489151572951418
0.249347741839285
0
0.202578539411861
0.0615089155045054
0
0.00586959889734562
0.43844110477792
0.0751847820081504
0.99972775622022
0
0.0613508560960034
0.0246579267254825
0.117956588362257
0.134422616433388
0.154848088092927
0.259769150995679
0.0308154054659296
0
0.622649045133205
0.186337836462018
0.395162162499124
0.441527654619885
0
0.0815330342118233
0
0
0.0459954248689775
0
0.0488805379492941
0.998586954111572
0
0.190816376231537
0
0.41039096408903
0.0349936008292073
0
0
0
0.141155474299621
0.501426308124021
0.36514755213646
0
0.0166907152190399
0.0576987084219285
0.3511103584135
0.998253270626315
0
0.232356801832128
0
0.99254626142062
0
0
0.413032129184328
0.487280826511195
0
0.342495420636213
0.234071171622976
0.181519673866202
0.139276624329361
0.020732969906827
0.165692315796763
0.602090434700608
0
0.999916373246294
0.73365945585515
0
0
0
0.416972164220002
0.0281969835295385
0.444792524611514
0.071552890085413
0
0.593704646896705
0.0986577687321522
0.160288492287324
0.0602236337266064
0.135309289456964
0.0604446276076078
0.960459767634714
0.999998680000429
0.168111844447166
0.0372825747846729
0.28386961304842
0
0.203728589036797
0.234860122324204
0.35837737425881
0.0450961446564635
0.721374888296086
0
0.0441436817731735
0
0
0.999999999999718
0
0.18706513424462
0.0437456714049832
0.856225775038133
0.540669678035695
0
0.0549444188006898
0.161759346540657
0.0971085326812763
0
0
0.270456757776416
0
0.267565435235926
0
0.0179773318683401
0
0.0015039929484677
0
0.233141051535335
0
0.672800635132993
0
0
0
0
0
0
0.297520016985028
0.240136995418979
0.276648853334942
0.100883147856061
0.148188512111383
0
0.149147770789375
0
0.248164576189229
0.0881398349285253
0.156662824112506
0
0.210327400248787
0
0.37600212329192
0
0
0.0274060457345977
0.373220215283541
0.0627324634235498
0.0428487697289308
0.971724954660804
0
0.105715160042252
0.0303859777733692
0.157372351040618
0.858318129135109
0.997164786480779
0.679600587164222
0.911369752531124
0.138641358089568
0.047850596692078
0.974174118675781
0
0.179105729175469
0.0415472322472076
0.0166817083343993
0
0
0.349008424959328
0.999869466252301
0
0
0
0
0.262605175081353
0.160836288065221
0
0
0.999441555696092
0
0
0
0.0658503668855479
0.324320409884416
0.0442312058060574
0
0
0.0471939200235724
0.278490640299352
0.752397469576817
0
0.151581620005921
0.0415081804869359
0.998017133653474
0
0.157073272798287
0.460346410693245
0
0.0622559871366214
0.236020905206943
0
0
0
0.483788018122762
0
0
0
0.202420480818438
0.816144553170767
0
0
0.164816497131709
0.987345831156194
0.469245177172891
0.486634741558444
0.792440129286046
0.0175350179611783
0.0464696065140091
0.325380411959079
0.24327193188026
0.00179267317700715
0.979479336795584
0
0.149073291210645
0.240350664873628
0
0.173855425739251
0
0
0.172593131946784
0.381473553478388
0.437339212855113
0.126823881822821
0
0.307624551112186
0.321175675456542
0.167185148894755
0.0572106490527464
0.230324464639613
0.392072687072066
0
0
0
0
0
0.103340878341127
0.0213533634257151
0.0773607222296021
0.148854116428773
0.579361702731215
0.0610762689352321
0
0
0.271404781911979
0.327460941099859
0.0554563616417065
0.0198009766054049
0.0759697944888723
0.346553651572737
0
0.5267729430512
0
0.0514996569837951
0.478256201233395
0.380484567324515
0.166636741585089
0.131909455768885
0.301400060343725
0.0968022326932239
0.162554277355874
0.11901116306392
0.271977591828903
0.202277840556769
0.17517947466827
0.884004966321321
0.253174436508513
0.48620132205365
0
0.262729339572465
0
0.090364765342648
0.300671327657114
0.389601668311326
0.0633481187308294
0
0.155897512689746
0
0
0
0.999993398357991
0.227016732992018
0
0
0.294694982044987
0.21931386099611
0
0.0915941512735901
0
0.153320863465583
0.0970073117816136
0.858428700520699
0.291339096159843
0.875529237601973
0
0
0
0.0200618565696561
0.0659876553659977
0.0889027895668905
0
0.819652715707796
0
0.31638521846388
0.0363844710852483
0
0.012045675735797
0.816981298151254
0.0647784453162218
0.242272482785516
0.0826406635096073
0.0350096230921881
0.0382174095106477
0.0885941843997395
0
0.366737281205142
0
0
0.959862606858283
0.213216638660684
0.186175587401643
0.370976926656158
0
0
0
0.135109409423949
0.80177087087409
0
0.312422610182234
0.118068145713294
0
0
0.874403115301272
0
0
0.867068816811126
0.610623226459503
0.0412159772174787
0.056427754952151
0
0.126108542580255
0.12012616463334
0.279943021662887
0.167241939193306
0.672074265006082
0.0744210105235824
0.0450750164569623
0
0.183902503447275
0
0
0.245979194023405
0
0
0.527677301185339
0.992907929402395
0.446098598204725
0.115933862274271
0.0573866179762501
0.0134374445332633
0.00266468075027659
0.136399775789162
0
0.42362519903487
0
0.0283404135869491
0.250898669661989
0.120393228895063
0
0.988697635086845
0.095376727420008
0.205309432051236
0.212134961476071
0.108350818026168
0.61297238033305
0.457638740143142
0.436852072695497
0.999999991933352
0.0997468961185307
0.190937689345131
0.0617455485759697
0
0.224121355021142
0.99999861667662
0.298749623577712
0.996812077158426
0.211448527822523
0.0596525736632615
0
0.153283864695168
0.0544878296828746
0.135686189279341
0.263571938506561
0.507468144281974
0.99999994084247
0.115974112284096
0
0
0.121708847072693
0.0277702413777892
0
0
0
0.112824833461498
0.465177338615622
0.334121759579214
0.41461231271935
0
0
0.992662491053733
0.184437087584079
0.401966568654478
0.191177188997259
0
0.0731779872530094
0.3391596677424
0.319977032338088
0.856800248340251
0.122696239847063
0
0.834392779603037
0.999999713257869
0.408167798810112
0.640194574708495
0.126048700852771
0.333933085155468
0
0.293530162838702
0.106318109581357
0.452317510879056
0.858853435615906
0.0732826913096923
0.130280092680742
0
0.142305845712583
0
0
0.0428699374117298
0.291673401599042
0.999999998833312
0.11359047042033
0.00929731393525135
0.108721102531216
0.459204737153556
0
0.0523446759798166
0
0
0.368544078644382
0.047145653326281
0.047060441426791
0
0.04014583035049
0.25685579335943
0
0.486029758933972
0.362501133220226
0.0321940859829881
0.391162409196461
0.120220987683751
0.188661672901608
0.674974657093358
0.0776691817114243
0.0823961309489183
0.164508702067109
0
0.196929172091533
0.16305428700899
0.143547372655666
0.0697211057588166
0.326278980468706
0.192021978727119
0.139059298691644
0.213675613561445
0.161397513497549
0.113192213200253
0
0.598614399116497
0.121900899133009
0.271249119865944
0.282221845054893
0.0141418260068492
0.273510257145542
0
0
0.999975674979686
0
0
0
0.215226349899254
0.245837742537594
0
0
0
0.108539013104369
0
0.0170098586348799
0
0
0.240993475897301
0.0616378052052723
0.237493336679952
0.288444184215103
0.366481747358212
0.0430854863020496
0.17356538923332
0.325836355709644
0
0.631740399938237
0.827953160022248
0.670821806307041
0.0781004007368595
0.453573496667039
0.407212841131505
0.369941909163063
0
0.0570855645544727
0
0.175298283314087
0.20378835551292
0.561172398514688
0.0912422083812627
0.219244860940961
0.322897016061322
0.290113799149556
0.0168445990321251
0.0177329015621085
0.529288327630048
0
0.00423390834972581
0.435918225277097
0
0.697487997081371
0.0209548562076662
0.0742758654010323
0.0761460020475137
0.526965501753149
0
0
0.15334882157273
0.0601825785219603
0
0.427624343051849
0.151536226655206
0.0863156512951314
0.761547347032346
0.1356426484494
0.240772856137194
0.0774819238867966
0.338669233192385
0.635820573620982
0.366918034462068
0.0636750700817297
0
0.323091286175698
0.517792843807384
0
0.991315154551138
0
0
0
0.982678006419346
0.0532325181674483
0.323811134416052
0
0.0488078347582712
0.314952724783862
0.436980049557248
0.1501436725451
0.0881258224022213
0.149640538211596
0
0.0928688000994209
0.120581739699299
0.384423609878318
0.0058286023990618
0.435706464876824
0.0950579113293888
0.194421373152368
0.200602189520796
0.381984971874467
0
0.213199771791305
0.53705674048483
0.119985404703318
0
0.313948440572687
0.229488421311485
0.855732722821966
0.189863068831555
0.235179304372913
0.510010776054015
0
0.816046374091801
0.59818028043814
0.231047046728789
0.612016607410725
0.00212523400685694
0.170699131048314
0
0.195924958729883
0
0.040858329037857
0
0.738371789791102
0.153128247277195
0.159734564243118
0.995561793865935
0.670467014444215
0.727203988891129
0.550246509220385
0
0.970343147593049
0.0407627046969337
0
0.725447976281122
0.296253326355516
0.0119839314222134
0.223094294180109
0.0934392770463935
0
0
0.0959267234633554
0
0.253066244567925
0.00261277902590917
0
0
0
0.876134738557331
0.220273290052403
0.60175012567085
0
0.0035159405003653
0
0.102542843726761
0.258776954725993
0
0.18463150560397
0.00405655584983133
0.273060929232439
0
0.0819339868865578
0.500080596393183
0.0113670884487543
0
0.401473505808746
0
0.0932911746911305
0.0266369358893096
0
0.118114255122818
0.138223568034793
0
0.0961478388224608
0.0670600738630146
0
0.0337173669236999
0.397822311007413
0.971377200298107
0.0719112900285299
0
0
0.483606655997215
0.114992971957859
0
0.123692476048225
0
0.295391602911444
0
0.123543907794919
0
0.275250306035018
0.20686784117428
0
0.107440387566403
0
0.67377722621752
0.0379023723496713
0
0.569779766027961
0.132947874468261
0
0.144508728579788
0.014650338349287
0.62704172157654
0.468401447277001
0.211543950543939
0.587440292440538
0.0323768076629686
0.191352195802805
0
0.999970012477527
0.734518786453023
0.617716455841013
0
0.0766801041753821
0.00464326465626386
0.243975114896797
0
0
0.565241398775131
0.646837753984657
0.242120919897882
0
0.431452918708787
0.797537763486425
0
0.800782871520267
0
0.267563196837852
0
0.0247709419878626
0.15230364028417
0
0
0
0
0.503425048737854
0
0.0713613922927508
0.414801273084755
0.0397965244418641
0.313633680140499
0.084258496161004
0
0.996770683529776
0.915667917286098
0.104903758984193
0.170546137198745
0.452738834271173
0
0
0.408280850683623
0.196163785440653
0.99361136726844
0
0
0
0
0.105034533060877
0.20603045323282
0.00473018034238593
0
0
0.320604990560046
0.0130240547789452
0
0
0
0
0
0.266881413365516
0.485788753455789
0.567799630743934
0
0.00919885015511734
0
0.013756239647762
0
0.0813808921630094
0.317939960370984
0.642409050567022
0.125930617576611
0.125217389428332
0.527151024799487
0.111066670334376
0
0.833237554843556
0.151628239724078
0.16510323227868
0.58838898690478
0
0.217970644228671
0.0236708541909546
0.456401116294659
0
0.0317666599385775
0.0853398878034138
0
0
0.381368284507649
0.935741331485741
0.0939963144348395
0
0.1718813419183
0.130800042625674
0
0.337992594737642
0.0628721580884715
0
0.110564494050627
0.0820099330280679
0.403554941485624
0.0574476431832547
0.999023336891608
0.609247896607898
0.125048593159032
0
0.239367613517143
0
0.86445966133715
0.119644761245215
0
0.109889593547472
0
0.497374418285914
0
0.145372503565101
0.0892937492032544
0.00572187618269127
0
0
0.0684085633254959
0
0.918639561044253
0
0.0246069001690021
0.545293806543722
0.978100038198524
0.0841792555905861
0
0.185469084113686
0
0.166638041455258
0.0878479650936862
0.0719861215382339
0.76998193368425
0
0.615810191515793
0
0.544722840669913
0.234757377223855
0.118258494119027
0.0443040894481771
0.0555454790530627
0.115229354646745
0
0.0386312911737375
0.682374856858566
0.0560758881795986
0.139075801705266
0.223329644404531
0.367091663630246
0.832594461901134
0.423012070616965
0
0.0875849961968613
0.111127343230518
0
0
0
0
0.118059906226432
0.00931282209056616
0.466121318360822
0.13664871997822
0
0
0
0.022267445908759
0
0
0
0
0.999999864186804
0.579533236747266
0.0398443751402665
0.882713650364925
0.752281827534853
0.62571068403934
0
0.0654435267832479
0.645192029474574
0.017923213922625
0.193327494347564
0
0.439418401766676
0.144000499022082
0
0
0.163300418656092
0.0185107113599037
0
0.161663007812088
0
0
0.831453733353253
0.86639291724584
0
0.0709808912480099
0.40031100641242
0
0
0
0.0542327998564724
0.533267729917102
0
0
0.97400531211069
0.203083352910699
0.255641996932083
0.546078978727178
0
0.678139641074661
0
0.651491257083458
0.0472133989111018
0
0.0471108110972033
0
0.217520111585813
0.284321993126331
0.176014529213234
0.0210239953902104
0.0119897171562247
0
0.046205537771702
0.158777973395214
0
0.589889951192306
0
0
0.0568834382797669
0.537978638548962
0.268727730942642
0.992443444621712
0
0.299455424647208
0.976599068847401
0.416128229006086
0.324943735014713
0
0.0355514317001898
0.00801650953340749
0.041591290365763
0.189612270398538
0.111902228574819
0
0.0866890361688253
0.233256595152324
0.999999999506402
0
0.369438590581572
0.38397460738586
0.338649734757445
0
0.052085171762107
0.00741814814556419
0
0.0694079845609966
0
0
0
0.361579415755049
0.999999998574847
0.96310744779335
0.874041229510382
0.198582811062146
0.619186085816613
0.0711446894347066
0.118724168695106
0.999662987265749
0.0428764958617042
0.14775108000289
0.0403153783414792
0.180707514140386
0.0642475650637566
0
0
0
0.366186052116885
0.269973255076503
0
0
0.949136146001464
0
0
0.288911102922731
0.426734506322322
0
0.840091490154129
0.155260380867416
0.0787846604915445
0.0188364894001476
0
0.47271865447591
0.518385402226148
0
0.155448756747594
0.915155617278947
0
0.538075845496234
0.252282392561909
0
0
0.0638941265831978
0.10355520150533
0
0.999798509760798
0.85903441540488
0
0.113273077814323
0
0.037231226899497
0.0539869602103422
0.00960031574929443
0
0.15816883913064
0.383992899635827
0
0.347032168272365
0.237490499661881
0.343665462976428
0
0.374657925657895
0
0.0214103172500691
0
0.0135536663964309
0
0
0.19233492060259
0.150500154235881
0
0
0.0612555050235628
0.132301087866646
0
0
0.547302822994271
0.0859894941916121
0
0
0
0.883298898347847
0
0.104062933210688
0.380985096499414
0.348038712437813
0
0
0.308503515310127
0
0.156573574505594
0.437143584160995
0
0
0
0.177126300806921
0
0.178677221645135
0.537848622186266
0.161756808721834
0.593065254264424
0.0187970462483471
0.312788617512353
0.305794980460168
0.466387320636989
0
0.134070542125907
0
0.428342118910564
0.0946440749616706
0
0.387099080462603
0.173652443337413
0.0325785772211176
0.219256623222719
0
0
0.067188931894999
0.111587406790149
0
0.173909656427425
0.159956891275525
0
0.25352326378431
0.260927889404543
0.142210441622232
0.0304153322951246
0.772169350137546
0.997882995011026
0.148794980170806
0.0797798962804024
0.31743718958641
0
0
0.169361072753795
0
0
0.79841101107861
0.0526731047446695
0
0
0.185152790272503
0
0.368112562244678
0.0759986935634436
0
0
0.157251311617084
0
0.22472890250336
0.196068406339732
0.507888593311191
0.101297531751448
0.199078381253018
0
0.224419973561479
0.334622770089945
0
0.289111500889961
0
0
0
0.0451107945132266
0.0355552204322123
0.0450564764963661
0.568787462308506
0
0.010578351644687
0.270359891018116
0.757440504120189
0
0
0.00170079934136047
0.0111257593321059
0.010420179030311
0
0.201505029175671
0.380734887209177
9.93363518817514e-05
0
0
0.106722546276792
0
0
0
0
0.0709965059583957
0.495636472148566
0.996176220421974
0.164067066818022
0
0.00969215808020507
0.02962450242212
0.229175399813878
0.697128769976704
0
0.715156775758951
0.237578937839059
0.247425459284011
0.784718651487094
0.929160342271296
0.304199359503152
0.132327094337687
0.0878550611310517
0.0527955536757985
0.178672662154769
0.147575087624596
0
0.109951360192171
0.292174045494294
0.133901481373834
0.115159262401943
0.178116627189579
0.202881256717028
0.836504412324883
0
0
0.589543510765025
0.0273453327929934
0.0207861758440064
0.67614181359326
0.106562372143238
0
0.59375868999913
0.243732817689141
0.180154650404885
0.118943975479251
0.0453760314199256
0.148029833927639
0.096174840617775
0.0601404213616683
0.233576440024474
0
0
0.218290984795298
0.0862008260413104
0.0788255130353098
0.0985836553495402
0
0
0.0314397572819317
0.0366985605709623
0.273182524892649
0.379014374848543
0.0313340968416469
0.740343851134553
0.223963097028963
0.0450866235173436
0.525751022550119
0.22877597258404
0.0393542222121569
0.104024613537977
0
0
0.133803761848818
0.169798255047976
0.214780565407549
0.325929153175257
0.107913293622278
0.0201771697223807
0.0215222014066884
0.0222177086483926
0.241603382833336
0.049739870906317
0.0770075314650156
0.0693772654466688
0.00334401674534268
0
0.110229513257841
0.214158182164909
0
0
0
0
0
0
0
0.225924540481702
0
0
0.1754061605305
0.145319938373878
0.239717844788637
0.816327434218712
0.987563828154726
0.482654525563237
0.0823967765084139
0
0.232196572966513
0
0
0.411720745396861
0.0989295357990334
0.150881283506911
0
0.379997721107497
0.801672663615806
0.35605958116691
0.618614473251919
0.960120275784748
0
0
0.21421672793902
0.0396338742342917
0
0.410091887221692
0.495293704571005
0.329284607720003
0.950122814752357
0.586375475900083
0.446196626355072
0.909506223350436
0
0
0.0557172431531718
0
0.00534599750756648
0.0431150660155699
0.127725397535464
0
0.0095577175877436
0
0
0.0497418079915214
0
0
0.0761084853437969
0.998198957983447
0.128043894888401
0.537277082137175
0
0
0.0373213325325258
0
0.00144708910049263
0
0
0.0892177424176185
0.214267334414343
0.320447356925761
0
0.282739424373153
0.842232503134592
0.156316575514445
0.839094533408747
0
0.243143111506097
0
0.318195080147393
0.519610102392912
0.313991123565353
0.193507072696113
0.0407758722398468
0.0370807765353824
0.28881580153271
0.0448019269251048
0.330174215058954
0
0
0.660541757386585
0.393132974037594
0.151641983149611
0
0.226304308736675
0.233491997430322
0
0
0.314461607513959
0.0252082017984654
0.0431394596946963
0
0.0644481682205602
0.0035651186383957
0
0.0878742173870144
0.183345705746635
0.0343337733281469
0.376233114362707
0
0.0274333945806077
0.176707449277589
0.0469498239209569
0
0.0119180509419665
0.0346822339158076
0.0703993952934098
0
0.25362759927059
0
0.260988930432274
0
0.140691645345327
0.032848578000264
0.162418517821603
0.0554904045254927
0
0
0.0418040101093138
0.159410023478091
0
0.0197381576420761
0.391933465488492
0
0.337026255230217
0.925461963150427
0.0606910671001247
0
0.964814800229744
0
0
0.278082909503556
0.999951042295532
0.0999889739508552
0.274012401356938
0.222321585314135
0.877164610699921
0.0797927039366126
0.125874359488903
0
0.519097638540306
0.0299288233825151
0.372782024809536
0
0.695775509208735
0.119213938630824
0
0
0
0.0388295210350971
0.247052154465402
0.999999960361205
0.18609951410223
0
0.00325015373212367
0.122811498723683
0.621577742193243
0
0
0
0.356303224109334
0
0.106632004220835
0.0977286385169381
0
0
0.107668243248535
0.0951534612560481
0.297043970913319
0.0781215103395915
0.581282151740538
0.0425299455414332
0.52864996697013
0.395143635742379
0.160561166440031
0
0
0.113871063019619
0.656088851252299
0.99124524194131
0
0
0
0.109943073866005
0.99999997454476
0
0.055949959561798
0.254139347208307
0.128137935120316
0
0.0833014604233342
0.326908103218594
0
0.122891218072775
0
0.1972422987158
0.103009792928048
0
0.145710544533962
0.540412689912277
0
0.0692846323367096
0.0715927850218701
0.853376777831954
0
0.100372062158474
0
0.153436108517585
0.242704470111682
0.999677229587862
0.447041062758779
0.199704437439856
0.263079884195947
0.0797476093176576
0.891485807165077
0.352624345092823
0.0844346688247375
0
0
0.0844861541703765
0.11580318111099
0.288951460297357
0.0189644451501784
0.489883076693895
0.999945311387507
0.388425147618154
0.411732030048144
0.210062628218304
0
0.0306647463698568
0
0.118171420790595
0.119521214558911
0
0
0.0821533368812778
0
0
0
0.351250740358186
0
0.013314123420365
0
0.615147587155229
0.31682511000293
0.148997902264278
0.302336212845508
0
0
0
0
0.0193149799135017
0.672800947044529
0.0181109980041696
0.194742195862415
0
0.159887755194787
0
0.438180250677871
0.252370428365707
0.256965051539247
0.00691043520245016
0
0.221067527828573
0
0.633628365986213
0.0992387965825163
0.287251144603628
0.476484215279525
0.436700327518488
0.999981719370526
0.576438216699869
0.0103199737335259
0.943561336515692
0.2824051109087
0.140048904465964
0.04995358752135
0
0.0131086794135545
0.458928896237742
0.473002022230129
0.999999918463374
0
0.0985315594151382
0.246802457874113
0.0666036433487044
0.152212387737237
0.0175581891788702
0.60247916356363
0.0171687495653057
0
0
0.00817894668305541
0.211661544699116
0
0
0.652004097482487
0.0336146658422496
0.0412597496660229
0.0493315665238565
0
0.207786107505475
0
0.575110190369998
0.0172493288588913
0.627313766137492
0.992799392107142
0
0
0.284979698646942
0.137988283752287
0
0.189597186009703
0
0.0175532149203677
0.285189765778826
0.105355985126843
0.219657649529327
0
0.932961671088076
0.253889836685855
0.695947385854521
0
0.326922834762388
0.999933101941238
0.475338748977462
0.128662858220683
0
0.105029017591141
0
0
0.0751161220277945
0
0.0512291962753915
0.677071362139495
0.0768877416686503
0
0.10116829279953
0.084264942843094
0.046788412365725
0.132612511984482
0
0.044189503345983
0
0.359233380189657
0.0558597760926041
0
0.635462362050022
0.139076573715898
0.338507691943919
0.920549383047789
0.521960398752727
0.323455959408316
0
0.159856169087044
0.361276634283859
0.0803274611344393
0
0
0
0.433298082578384
0.997696253180192
0.37786482832284
0
0.581949874295825
0
0.157186517653773
0.213147969428109
0.190994763635884
0.430582737572421
0
0
0.0679924259118241
0.382609637250548
0.45416816568056
0.0533162991682427
0.306858592193752
0
0
0.279628304758874
0.469883449508112
0.0230274512626212
0
0.038073421777655
0.699821043613137
0.0311666880299823
0.628525577546044
0
0
0.0469015398246897
0.10818403957915
0.340390361702004
0
0.52026131034134
0
0.21638491313619
0.149189909802272
0
0.864398214660554
0
0
0
0.488484507966174
0.0494255096706125
0.855942263250835
0.0683017537447786
0.21218461287887
0.0709148299487141
0.0269483060963482
0
0
0.395489888260979
0.105193993060561
0.999998865174946
0.886897456890573
0
0.0707154436295567
0.158345863759547
0.00559599447632875
0.831822516650125
0.255199040500891
0
0.995825183794407
0.224023398703198
0
0
0.844048709762472
0
0.188935427353694
0.0345920308839854
0.782591654890398
0.103362077671515
0.602437881614445
0
0.157903259286385
0.000793351807013121
0.47945666918346
0.292752246023133
0.148996055396001
0.884068697493479
0.635796255083906
0
0.999996550264857
0.118207115075122
0
0.689497014730719
0.754741317755234
0.370338576421213
0
0
0.632174642281031
0
0
0.0881125746732937
0.954060091491277
0.191377193211095
0.21349135559925
0.427242773604598
0.32533228987119
0.367458564397833
0.292875763656565
0
0.591356900982062
0
0
0.188307740291868
0.113395199350531
0
0
0
0.99569096468392
0.449174797638887
0.280284662246653
0.0953095206344649
0.0965396241408472
0.0412339622149245
0
0.283822277230434
0
0
0.384348655096379
0
0.355398985136822
0.0520933027692574
0.218937391448036
0.974357701121123
0.445600551184534
0.0989235821530332
0.158290490515283
0.0203848916489701
0.582062160869913
0
0.0385500020869806
0
0.252371609908279
0.833573227438495
0.116211648510526
0
0.821924418874771
0.703695594025612
0.965034175943181
0.1871027770114
0.452638052509164
0.415919701321005
0.621800599880702
0.119879425668955
0.387870913123898
0.469998144211516
0.00587404665372615
0.121330983237374
0.514392314575622
0
0.641795738497497
0.335051979479737
0.77817132441552
0
0.200813899328683
0.0969643582134413
0.220591147441704
0
0.131591726308838
0
0
0.0125179522647327
0
0.991043884111062
0
0.392154421707503
0.318470269099636
0.816709449996874
0
0.320299036330905
0
0
0
0
0
0.0121316088205669
0.247102722746466
0.253425371333804
0
0
0
0.157533019071788
0.311229485642726
0
0.00775222706167777
0.0837666075764546
0
0
0.141405971581864
0.00462647168173158
0.819591976061953
0.134115466661965
0.999988878803895
0.700902983968407
0
0.405755602476053
0.060605112339842
0.986986854941809
0.355076241880881
0
0
0.130915977312776
0.139564958350618
0
0.0405336464555505
0
0.0442448189179923
0.0843953956346156
0.0141261239628023
0.0295451077619027
0.493894690420898
0
0.330981141457168
0
0.11320288511603
0.0250732968421775
0
0
0.116560721617251
0
0.258323333455937
0.645442610763591
0
0.0735158388600228
0
0.177502068527012
0
0.164910989225636
0.0653342345657439
0.0572945774185513
0.552429941023934
0.990768972396217
0.198494965285297
0.0452991990555573
0.998850102432707
0.314484949834237
0
0.128279923746747
0.112361954607355
0.999999988083175
0
0
0
0.244546684022936
0.901459003160215
0
0.262867061176436
0.181565647925967
0.588819106010473
0.999238767467669
0
0.120912688325306
0
0.842278981561185
0.217272528646885
0
0.554691235122881
0
0.0208314464608196
0
0.0775151228002979
0.2969415166217
0.0256478191394968
0.0334293148565926
0.00959875014891531
0
0
0.189182877504232
0.258409559939148
0
0.0717512360411725
0
0.484662886008466
0.102793520864277
0.999472212008522
0.0229300432272878
0.440509367745713
0.303355725213607
0.975107304343711
0.725339634043818
0.30759251251838
0
0
0.999999412521735
0.739945434844166
0
0.133338710937038
0.00728696548099739
0.0741473183133181
0.00175412785305762
0.989975171156271
0.0960249454608045
0.142298515955429
0.0246430874671317
0.103851358621894
0.0156421912784704
0.0532844108847899
0.208376228795473
0.174029084431669
0.0720525203585655
0.587620695816402
0.000656108618367846
0
0.161640022409751
0.984210951495689
0
0.166747144810347
0
0.190957107949754
0.332618159494934
0.166953367522683
0.0436136734958283
0
0
0.999999776328904
0
0
0
0.414852275889703
0
0
0.089737614612027
0.233173616592364
0.0529876885063758
0.0982528230873269
0.017521884906751
0.149600276800454
0
0
0
0.00597687643534128
0.249021384085456
0.0822888722373034
0.712128655902491
0
0.194875415877891
0.205393588711507
0.374812520256462
0.209992439459416
0
0.0527199731286723
0.132141697146753
0
0.482971712678396
0
0
0
0.148821931330298
0
0.137708339950547
0.767308121861331
0.342210065638529
0.315392655454743
0.666759577774554
0.287360520604127
0.017942863812477
0.130790836218842
0.170084638833312
0.998838199985106
0.496422166365321
0.348361451135545
0.542600838877772
0
0.142189888406768
0.107129324034559
0
0.357999478147753
0.0478400653546562
0.079063969034036
0
0
0.70588633120784
0
0.998756434507473
0.00314136071803794
0.0983844137755998
0.0528238132014754
0.20659616931336
0.300779526101606
0.347872826831682
0.0174570097159356
0.0473532477917578
0.998528373087766
0
0.165555345432645
0.00731159164216511
0
0.217101518779715
0.325376839814419
0
0.164314206683265
0.281952064546802
0.396875938992234
0.468384919839878
0.968296349587494
0
0.171897239587443
0.0879183329824295
0
0
0.0634989139170955
0.415356856234081
0.0461322045927344
0
0.117157675968517
0.528356124930503
0.181235077290696
0.0224280104821789
0
0.0773332823463844
0.317275823255697
0.874728665000386
0.453435844510222
0.277612084820061
0.303619605723491
0.371620339999493
0
0.22543441461289
0
0.220330815920958
0.0191598146167616
0.655732291867006
0
0.380408938881293
0
0
0.127310152014042
0.0347462241540635
0.767107085703068
0
0
0.0156812126838526
0.0705548327092834
0
0.204966642113162
0.983581509861818
0.0179094337374337
0.0698280601159993
0.140615348156739
0
0.0132665326433908
0.933263338415513
0.515761148114741
0.676900521491304
0.130158177533885
0
0.0522438600736732
0
0
0
0.120495732489303
0.226126561947315
0.039775825992679
0
0.0142492984665437
0.0906614443936589
0
0.0342427802270932
0.175980827584364
0
0.0592328714819117
0.306338778439472
0.388856398608824
0
0.131482706838441
0.284668459128806
0.185312195554086
0.514754780562182
0.0676855363065625
0.245523603835349
0.080247609164438
0.764200928751388
0
0.999970576659048
0.108915961391485
0
0.00130183703271824
0.858169843265746
0.144920685574929
0
0
0.00426025182457301
0.110963331888436
0.2144695692753
0.148180655794469
0
0.15618858094958
0.272367457853361
0.995568463830626
0.526691800099456
0
0.0335298910478367
0.29603700206676
0.184461536170496
0.474547058441536
0.148306999447436
0.0108514826881793
0.055303445637257
0.0401891029198859
0.217144723834929
0.520540771931986
0.166875891891761
0.109342131346036
0.447957781675366
0.271950765669981
0.228520822880905
0.0891228379402728
0
0.181629619090198
0.210497846999527
0
0
0
0
0.0847494260921983
0.00660630145813801
0.95083524932032
0
0
0.204942091070639
0
0.585392356845498
0
0.146109878492826
0.084668508501885
0.0492064736029615
0.999973366090949
0.441469056133357
0.699169758236558
0
0.424945723286315
0
0.904194370165181
0.463626413613762
0
0.348407866565763
0.0333809970959537
0.0477233793712517
0
0.279316034434428
0.178453986569629
0.719191684989659
0
0.380902380201277
0
0.135983608506795
0
0.125582935393803
0.242221852891597
0
0.338812565548776
0.709145178096779
0.301862146687708
0.016041390047303
0.0779188519719199
0.00806737755695586
0.0214931090788131
0
0.0343055969619617
0
0.344645100280466
0
0
0
0.429899520182682
0
0.999912750700226
0.0882474103915581
0
0.0513599507776401
0.271621692712619
0.998585108183476
0.998582362758146
0
0.0247323742855521
0.110249220152507
0.542880478157929
0.999723631475886
0
0.144525447069461
0.0194256186061228
0
0.00633341535786458
0
0
0.00219664402258402
0.00532381769596335
0.175616505327047
0.312144048038348
0
0.999904807628847
0.306982921686667
0.66647080054715
0
0.278341112200379
0.207320136780366
0
0
0
0
0
0.0867680621144229
0
0.906903524880901
0.291399330179048
0.202396008624456
0
0.348350623446907
0.197295424538335
0.0281221890620369
0.132246773167448
0.185836519995831
0.228148132123893
0.295728684561764
0
0.0425057954377241
0.039688955338017
0.0696782064851748
0
0.266833473331752
0.160695198982842
0.159206767132458
0.184257713675979
0
0
0.171381512046086
0.17676674367865
0.0996516120276553
0.350220567540837
0.11586603231461
0.0386245050322059
0.30521650739429
0
0
0
0.0530180881322234
0.733756925087213
0.0758302570646023
0.285003755765358
0.151712692526992
0
0.0422576854123231
0.0355990333266705
0
0
0
0
0.00580551696610565
0.0962295120955442
0
0.0904754081372924
0.434207788442094
0.00577252843431553
0
0.115016832211793
0.250255839551722
0.200913077969862
0.0856034628293598
0.313856503316588
0
0.500732871996466
0.00984165216673205
0.491419337329267
0.0762325309581381
0.337526941981229
0
0.221527779347523
0
0.221937454666634
0.255391572191647
0.958163996295307
0.0316053195449159
0
0.0250801001440865
0.444030671679534
0.818303784599386
0.55901835703452
0.666325364822062
0
0.46735316932961
0
0.124426438505921
0.0643638612762836
0.0613553911279168
0
0.588299713734426
0.0952833828460407
0.131658294058246
0
0
0.0722694832011969
0.24349250382058
0.491097314352587
0.186374906299571
0.999969243558889
0
0.999873513760984
0
0.174923935645705
0.149725629472545
0.403076697407469
0.0608159332260778
0
0.388918691972653
0.0120886323063182
0.803841867593748
0.0898955682809353
0.292067262757458
0.00978748335322599
0
0.215046424560009
0
0.0975103524179953
0.254447390232439
0.999981258922494
0.999567061555866
0.00959484466837579
0.298481744140958
0.997845644342087
0
0
0
0
0.456668567638069
0
0.997783651105697
0.118976087526798
0.985539291128075
0.0317645324172023
0.0911634088805229
0
0.739986475590965
0.11476366327429
0.205266868834725
0.285442415545051
0
0.379384801395626
0.382068893430052
0.140746594865261
0.0550290920956416
0
0
0.174676452205307
0
0.800272554909599
0.761790209272538
0.999909957310178
0
0
0.849423309422018
0
0
0.00208026543780582
0.153434242995426
0.181508908435138
0
0.205049864850669
0.39249908284911
0
0
0
0.104686214698896
0.00924325693384553
0
0.415413777590085
0.114397059543799
0.880884666039309
0.0898578299393776
0.00572002655827186
0.993857605654521
0
0.481230753265799
0
0
0.404878819292359
0.213899662995862
0
0.109682989144998
0.858607175359718
0
0
0
0
0.0980826509874655
0
0.141978203658058
0
0
0
0.145485126301931
0
0.999999935680458
0.185410097346906
0.251457840631146
0.322583797686601
0.0891228069391713
0.308406950688076
0.137034359874406
0
0.0340369998279743
0.134860493474549
0
0
0
0.122864505779017
0.00520917970523826
0.092165671452076
0.726861402078443
0.0257622896691427
0.0394429986710486
0
0
0
0
0
0.177145785053391
0.155936906251046
0
0.0444343913740098
0.112988318327834
0
0.221993277805897
0.3429311992169
0
0.0235068455413772
0
0.0358330302463474
0.510919540684047
0.552165717141097
0.291848229357076
0.81544221033585
0
0.431292733256114
0.23161506610988
0
0
0.0756497697412615
0.0251070795095284
0
0.156196470435122
0.14842565947765
0.461414756191789
0
0.212669037676288
0
0
0.0514998549444028
0.445563627912941
0.173240236631092
0
0
0
0
0
0.24082143105018
0
0.0707715709221027
0.909975098737194
0.862957716752666
0
0.041214182633262
0.522290023703648
0.463709444968896
0
0.0743172005652689
0.469935913158075
0.353432804811706
0.247166522154152
0.179706778274279
0.3533961661966
0.199228195299963
0.241231497621892
0.493092189861755
0.418058226102766
0.173203080805067
0.6850243535358
0.411412255807633
0.00330250609034277
0
0.426386967195816
0.52545321955387
0.185490161427537
0.107662468114497
0.406695250072082
0.0500201934340535
0.0960324902459669
0.0782151873996952
0.147643519957364
0.0770029592549033
0.0392209173005016
0.202730201892683
0.434566772597233
0.0823562342503315
0.057958210847313
0
0.0761251986598765
0.367317072685391
0
0
0.21828413739195
0.200570808233589
0.230169177100361
0.30257149181618
0
0.185572314013389
0
0.406180352718396
0.127331923867894
0
0.380607256308388
0.271691161680166
0.0327510797954622
0.216442692595457
0
0.998556976034781
0.0136861818551252
0.151477890276275
0.288455370009014
0.0644941604908266
0.332597154780256
0.389758436888839
0
0
0.223639039393465
0.261844524356582
0.183517837910209
0.174147881010993
0
0.41820201528713
0.171906320154183
0
0.303685037613391
0
0
0.0376129524955208
0.00438990832398045
0.875070525637395
0
0
0.283692345041658
0
0.860270481804733
0
0.0250615163058382
0.174201443041243
0.39363501105094
0
0.262103998324072
0.00738812877571537
0.13413214874683
0.999889971231627
0.026421174903889
0.995019052137529
0
0.139891455018217
0
0.24738609556357
0.249465074175546
0.311480548930545
0.207049876080176
0.0862886023682556
0.0220196357854817
0.0489099946089209
0
0.448333939387191
0.324283235911181
0.999979257814635
0.30091157592565
0.0756447948485072
0.0298373379432683
0.999999999851316
0.81489039375915
0.0144711007501747
0.999989469441422
0.179075979012693
0
0
0
0.317732906415166
0.098816465894015
0.124274914448115
0
0.0307054322897111
0.0420401457241031
0.0561475217994095
0
0.775641164580434
0.0450838669687246
0.99946514707878
0
0.964710683194787
0
0.47806810318812
0.148882699233978
0.116943684983566
0.342112414639219
0.302790468320434
0.0565690011211601
0.101257118625823
0.0762111914817569
0.0534934840518704
0.0232248335445842
0.108346762048392
0.116763100880153
0
0
0.388868559966741
0
0.122950333323119
0.324287171385883
0
0
0.0182651184327125
0.126763070375777
0.999991989358656
0
0.0359732372905827
0.152754397590231
0
0.0779258823785139
0
0.0194062124363094
0.142464613926803
0.0155780558092457
0
0.0195657839780479
0
0.873542688587884
0.995004317336594
0.9994988770116
0.118297134101799
0.289486074485194
0.0369285419202178
0.236799532999853
0.0347315809037618
0.148417704720897
0
0.0867811594079833
0
0
0
0.062118731617703
0
0.0892629062288849
0
0.179164870763958
0.0507023205809726
0
0
0
0
0.204293874810412
0
0.328153856984812
0.0805638904198166
0
0.0154242119430152
0
0.887477934897104
0
0.453235859532714
0.149807436297635
0
0.0750479041269199
0
0.00886600616345479
0
0.499389617937041
0.431209694418967
0
0.71625345999833
0.111686323948321
0.140650152043021
0.0405892403959149
0.110864055691263
0.0351028218025965
0.00499125464467154
0
0.55779855201742
0.857285032579776
0.728518407769199
0
0.0872025744977244
0.0846699763558205
0.460797848867387
0.00821828059913421
0.0314232631515537
0.175111028973681
0
0.194672713667773
0
0.861448222480195
0.31308345445383
0.000306255110526621
0.25408511396542
0.333263411469559
0
0.190326396230727
0
0.999998309945622
0
0
0.171308215354881
0.346729449701101
0.0942835016082202
0.0437911916989437
0.0334680405138723
0.0149500694145648
0.0940318035315229
0.0625886967944124
0.253645311502314
0.048447245148034
0
0.0446430802391171
0
0.230063023009808
0.0343839931446466
0.00641388296943268
0.998455102028699
0.293948321037662
0.283863103779406
0
0
0.152096546377817
0
0
0.378528859385735
0.0254303445565457
0.99725643064773
0.644093771733772
0.549686921069827
0
0.566534280316907
0.158289049653739
0.080318725972642
0
0.154190920356135
0
0.113986311276135
0.502856071045824
0.999343207157227
0.520624631567945
0.00901369286227871
0
0.226446249490628
0.189676735085381
0
0.183050221572357
0.618511138951345
0.0270259721204098
0.0188826798775419
0.336357189084067
0.0779884551069088
0.347485153533337
0
0.120469480301908
0.0384926558029423
0.71613934480661
0.772966076136937
0.0184257297919054
0.69084949925839
0.0300446244623549
0.0993243246417147
0
0.568776220312131
0.464753200437141
0.0531993218324731
0.135055119079057
0.509769084852078
0.475166881613527
0.541321352720067
0
0
0.420734455881764
0.339930004313058
0.268829190599037
0
0.261109446605673
0
0.628823547854679
0.0466452133038311
0.436482676270127
0.382995478548189
0.999970762585522
0
0.0779367989884548
0.139694047054602
0.018637890439406
0.241260476864997
0
0.999121943103399
0
0.363408227371237
0.593107645183031
0.480750822720083
0.252972529734241
0.0713417191077214
0.515984532858788
0.108062537157793
0.940648220997225
0.0368090191673679
0.142267808263409
0.396359334377289
0.199460211514279
0
0.0884810894998035
0.107611330077116
0
0.999999999999907
0.316404804394904
0.0545363628925323
0
0.0646960427805526
0
0
0.429752400130598
0.0511542797216363
0
0.236930927838719
0.177303852431169
0.105761209046437
0.040689862863066
0.835484129535139
0.232534303804974
0.0707824888731663
0
0.455804848868148
0.931594345347569
0.0964332159672617
0.0942628449676587
0
0
0
0.900128253987866
0.514174530151938
0.150443477375732
0.984251852009923
0.415029173290763
0
0
0
0.0908901551309911
0.538554286673987
0.566643570886902
0.743416928028299
0
0.00139726174442811
0.25047340891015
0.243950335941796
0.0491961783037952
0.543822147125844
0.0618063426813759
0.79464977736693
0.189722918086033
0.514865608776546
0.268236858056101
0
0.621151004187195
0.327820033864457
0.39646109499745
0.109965421383274
0
0.288949959851602
0.994388672290171
0.0153773717173239
0.207326999175424
0.0610842783347196
0.834711116580353
0
0.999999839002965
0.290264187232964
0.343257313497464
0.011543631794926
0.319906016645283
0
0
0.22977664196225
0.0613371187199527
0.0726809680043886
0.342736790276248
0.495472024732165
0.155445151901229
0.337711337404174
0.503914418968445
0
0.623602120037134
0.284530663423822
0.199507451525071
0
0.705136973857838
0.0458525814901379
0.230658180048801
0.351778835489907
0
0.0487407576055852
0
0.0822480737504834
0.674008512459059
0
0
0.999998310467912
0
0
0.370999858430893
0
0.0442732355664089
0
0.281392867504809
0
0.62239542399562
0
0
0.111692758368063
0.249936009382277
0.00860015966438665
0.00720543586234168
0.109493627966864
0.290787036316237
0.255458728415314
0
0.0617534190987293
0
0.0993005070107151
0.0166056210275936
0.346782744687491
0.224822613215501
0.166069984043718
0.00485424696091474
0.0214515914629898
0
0.12491068129484
0.244130851153985
0.111203371330105
0.266751188673813
0
0.0690841152490256
0.999995778596168
0
0.968362452131781
0
0
0.29119065035353
0.18054519920405
0.386686058684281
0.319532933748291
0
0.0343101006519119
0.0317141222551363
0.0977698037115545
0.436502247784775
0
0
0.102286957622698
0.0272100472888992
0.187112462799327
0.532227777883051
0.273979917119553
0.106470799188844
0.31520663764316
0.203074637210028
0.243897940335658
0
0.132404254619458
0.334631577439626
0.250224150547475
0.34792646943585
0.820927380077801
0.0978517525124841
0.138579442164934
0.347708147944696
0.0792360679134099
0.600758769560085
0
0.0295970817997967
0
0.356889867068276
0
0.0886570809856883
0.088874755175722
0.0798672126966761
0
0.996372974111815
0
0.462703384833673
0.234382791876216
0.444460216186148
0
0
0.106278176972243
0.354106713965968
0
0.149141504856722
0.26900772282038
0.459995527406193
0.860398195253733
0.895316472415472
0.1067253844881
0.00818643641501149
0.201281032462146
0.224056845670176
0
0.649591789243867
0
0
0.000482024878293852
0
0.0973046813120275
0
0.688898821863146
0.793803736403266
0.211003112761625
0.177710134318444
0
0.116665842410187
0
0.175190189598703
0.11069055864859
0.49042956832623
0
0.990521722082997
0
0.0567444633303372
0
0.0768508763883511
0
0.207997818853858
0.231211403205335
0
0
0.114817934774013
0.127748463470329
0.754251012980398
0
0.48104745921317
0
0
0.333091574431263
0.0148161319093548
0
0.263958405878653
0.0818427779431239
0.0109175111241424
0
0.242037104236661
0
0.0250514236649694
0
0.621033282117044
0.00439963554429212
0.355942664744277
0.99992166874946
0
0
0.031344511909362
0.253105609977946
0.651467279551822
0.999946542916607
0.122301554611728
0.0160081795072814
0.158157171809885
0.966493836385696
0.764869571833108
0.410882666217734
0.359503257681011
0
0
0.636806947630794
0
0
0.999998020810134
0
0.177958376817326
0
0.207573679820939
0.000444539774301478
0.888003787099666
0
0.0149355588502766
0.0552475692492874
0.144992519342953
0
0.164883560530416
0.179645931585558
0
0.554079870447457
0.398397490421402
0.218619814887325
0.998189397587251
0
0
0
0.00861176518821305
0.537895687026249
0
0.114302876545515
0.0269841838828038
0
0
0.535524817611921
0
0.673946195013575
0.0877597663960432
0.346843703215846
0.162229141656428
0.192301856988407
0.380122432202421
0.804526972846319
0
0.112159210608911
0.379323039160039
0
0.747474943415731
0.999999943173849
0
0.284931259740582
0
0.120285267258062
0.164048105804204
0.0531376083765995
0.266139547892545
0.305080011686588
0.622382836619123
0
0.146765539233911
0.292904137552913
0
0.449412728458065
0.947095620040546
0.618955070676445
0.625183109995207
0
0.461170347901747
0.0270856838983061
0.214051685027807
0.211450889327707
0.410930976363199
0
0.191604089080424
0.341487736169571
0
0.137273329194651
0.455041044926592
0
0.0180715144773121
0.0298033431945498
0.202635536475332
0.78306244043456
0.95072130620336
0.625996234651362
0
0.575577243239646
0
0.0610476754185186
0
0.0129477979255265
0
0.0793946756369093
0.342695376377669
0
0.491428945810503
0.383161182317547
0.0417956252347305
0.800975431998073
0.999656598564859
0.0155025313704369
0.314384493258518
0.591004962586402
0.0676412811694664
0.10457818954125
0.170828432717329
0.513407526619673
0
0
0.0458310246849979
0
0.104817326466416
0.276494995846533
0.0829331734045058
0.117949612608048
0.0320481012275902
0.859522965049485
0.999926917382273
0.626422379767083
0.0564758086596635
0.0930359826229593
0.39656088325753
0
0.620299172776304
0.458760218596974
0.623037193323124
0.389616333917198
0
0.439081294809574
0
0.816558826657178
0.17791916119459
0
0
0.262364341920061
0.627487726917958
0.178169636696767
0
0.140895202842081
0
0
0.15517628294167
0.121987951949564
0.00794794121234565
0.169837784851455
0.195740187311186
0.0163746600291033
0.125551292237469
0.498375546790189
0.607667305432024
0
0.0149500320367525
0.0357087163221929
0
0.176915483635352
0.0636220436346433
0.303084198531346
0
0
0.0895447156587943
0
0.265802463678567
0.190530484796997
0.107313283450909
0
0
0
0.414682017474761
0.751654161715385
0.0850336886982823
0.432886777777694
0.0870607951660527
0
0
0.0778093898984741
0.025498323713645
0.310443900360444
0.126016879990369
0.851782334063327
0
0.98685299803952
0.204940522519028
0
0.0516100679865138
0
0
0.184223934541419
0
0
0.000749291463678303
0
0.100546944816262
0.477995370728457
0.0251715323913891
0
0.00887895642632763
0.00943105557140655
0.039388727150701
0.0025464562351829
0
0.315015878820018
0.0833821773804384
0.982506683914669
0
0
0
0.465474189473691
0.0165950930311588
0.108017126547055
0.144771182556432
0
0.41962234951284
0
0.895799692515943
0
0.89143653029498
0
0
0.258969997367471
0
0.391436719174878
0.593117996326666
0
0
0.700539210816554
0
0
0.99988188864298
0.997456767910656
0.136233002547018
0.536240532666299
0.559803010705734
0
0.246519021014308
0
0
0
0.536938640187409
0.0225723902658634
0.402079647109816
0.0373934297658765
0
0.0825518595996344
0.0422076108376496
0
0.0572485100273153
0.513282582854103
0.326975535062187
0.38769100177253
0.280117970912598
0.00453422906387035
0.0405349276045776
0.0720209712608045
0.987008244905325
0
0.999922787399806
0
0.999970163776238
0
0.36829190855805
0.135021028253841
0
0
0
0.377473741535244
0.814829299487267
0.31471746212859
0.801661362156428
0.884484082150752
0.17250018001948
0
0.197889133091301
0.492020042979299
0
0.108083576999456
0.845981344053307
0.590964119901571
0.962745467040221
0.616146377294983
0.999838603905474
0.0114117774810866
0.216716856184402
0.206421914681835
0
0.425155473968351
0.142860288390232
0.142752515149815
0.147931889357315
0.216061346579562
0.769583886890884
0.226711379399997
0
0.0691545852470129
0
0
0.0606582483038739
0.519430854823525
0
0.198019816350869
0.803193228773255
0.831442481993601
0
0
0.0593353543291548
0
0.552427164426521
0.17152577178867
0.435732919914611
0.00512294912671796
0.116886599076356
0.2887848874369
0.103608793538432
0.158639400874916
0
0.999050155047446
0.984635324530507
0.51727131390673
0
0.0205430555259373
0.109769985208484
0.637027961943412
0.474964807381211
0.383705678415135
0.0791035636309849
0.569969693624256
0.0990275853820731
0.212833408920265
0.481954458867393
0.397193489991873
0.116094725141488
0.391458600319758
0
0
0.337215867813247
0.01810638152861
0.313311895147382
0.838180830840606
0.158814874108915
0.237087960128294
0
0.0162417364340668
0.227115000917069
0.937919365794876
0.258467075117664
0.165623424446981
0.204637706163531
0
0.141924941465685
0.0168418054631988
0.105670589647028
0.416524892071857
0.870682517042973
0.213100179808742
0.0959502181299104
0
0.352279387917498
0
0
0
0
0.185131571773315
0.0144545007212583
0.0531291509735078
0.0466303755074308
0.0362650272992249
0.0360946700761186
0.45411638199831
0
0
0.0890427818822871
0.510397962830234
0.942815909863672
0
0
0.324870440482611
0.306962273631465
0.10889950815947
0.225642434629182
0.110037869989921
0.575879720642918
0.292550062038152
0
0.711682385541471
0.0935171350246826
0.000478774714419594
0.0601285603828983
0.24591812948827
0
0
0
0
0.110451179481564
0
0.332517228974262
0.379443648203877
0.139024012168563
0
0
0
0.18854880333526
0.74841130914513
0
0
0
0.104073682817259
0
0.027593664313905
0.420523317819622
0
0.0600648016652165
0.639206305871771
0.9999999954379
0
0.0618976579544723
0.259678151482545
0
0.278130523628516
0.145011806334499
0
0
0.330447408962016
0.0257549461795062
0.997476890582208
0.0992537328401017
0.376119780878162
0.430714854093151
0.0305872892765575
0.818622871720246
0
0
0.463595132404542
0.766987482417717
0.0806054216643155
0.241707273783395
0
0
0.623910729747549
0.171333532251867
0
0
0
0.136332131750047
0
0
0.265447759383322
0.461330225685167
0.0327554357117621
0.202246977334727
0.0789643256679341
0.109669412352819
0.0391384255341327
0
0
0.368185650980424
0
0
0.112751497614196
0
0.257952281977905
0.971713384049576
0.233405562032273
0.557853823351195
0
0
0.31567898983031
0.0833662956287093
0.104329674047152
0
0
0.377306055763079
0.0445314577402947
0.193980788512895
0
0.160040090781733
0.99999999612941
0.0949365194607248
0.200314871343765
0.577589678322463
0.186919129072241
0.0704734023505535
0.0250167773363623
0.0289654976462103
0
0.263111058407864
0.141036913876297
0
0.306424119670208
0.461841235436972
0.999999999753505
0.317714504967721
0
0.044545894090733
0
0
0
0
0
0
0.160498254232825
0.217532777144363
0
0.0117722548232339
0.701140185843988
0
0.102457571266799
0.0870326287399891
0
0.23784698380025
0
0
0
0.114360965234846
0.152934700572343
0.760209890993805
0.0773473422840638
0.265346319963732
0.98740817927343
0
0
0
0
0.303212350150394
0.0863421421795104
0
0.256806413768335
0.12801440174506
0
0.00949955085720189
0.031748844016559
0
0
0
0
0
0.996797203730856
0
0.184674940575584
0
0.209189809190454
0.51698373292935
0
0.217905943171896
0.237947150666521
0
0.0115863310121981
0.646731096296883
0.176104071847587
0.929950421325471
0.0833941162491922
0.315965558655724
0.0414687035288613
0
0.0288252917312236
0.420667751376619
0.999955651704636
0
0.994446245106201
0.74872626059528
0
0.205201687084767
0
0
0.0530524566733193
0.00146288470719491
0.659866511882349
0.482166076200195
0
0.0344994921449167
0
0.0480252324925695
0.746249979268464
0.991783300563928
0.692144652626042
0.2024810251668
0.00742948409502819
0
0
0.227122417203957
0.999999999959317
0.319798116568226
0.173432956437663
0
0
0
0.0151932686706125
0.999773592693067
0.130533606486579
0.130950188167379
0.859414476802652
0
0
0.108018488307835
0.0851084705301062
0
0
0.0855393070981691
0.164231465512162
0.999851050449837
0.193725219284745
0
0.76891811454732
0.71037570632842
0.0227862284688014
0.00992596754698061
0
0
0.31532248317924
0.999296930251428
0
0
0
0.0641953352964814
0.040775697410483
0
0.143346730220621
0.0319847485628098
0
0.956191524148779
0
0.24731573836568
0.167229169389456
0.15233169597212
0.201221073568506
0.166931946346072
0.230791254558638
0.09069006814438
0.00738019016518265
0
0.0637135537521746
0
0.216353406965187
0
0
0.0969790262819593
0.510038322285532
0
0.0380152176166437
0.205599875228135
0.961057163207421
0
0.0909139402921449
0
0
0.0864643803280745
0
0.0330217146834807
0.421327376850008
0.075432305234153
0.193122765076434
0.355455432166406
0.0669919867046653
0.00269035766967973
0.0810067751979692
0.148169164694193
0
0.192574278705637
0
0.345871542355522
0
0.0329620226847376
0.270393006504503
0
0.0312288860346771
0.269700052840797
0
0.091681983985095
0.648717926406839
0.868747183553561
0.30947008296248
0.111471820453068
0.975323259453851
0
0
0.00284588255375373
0.262361920403839
0.262887172040108
0.302689107223993
0
0.0657491395302825
0
0.0637755564932574
0.240299575115676
0
0.0805658998517731
0.121556863326398
0.567832490556763
0.327183506466091
0.133163575277973
0
0.365299499998925
0.480776707007734
0.31429386755339
0.99566534003359
0.455409016926832
0.0753433285456034
0.355320614103506
0
0
0
0.125336240683128
0
0
0.114290463735482
0.126242446581678
0
0.0374930432976323
0
0
0
0
0
0.0702960629672719
0
0.861284284702098
0.162752565951521
0.286527435708016
0.917973533482815
0.26154633573418
0.0448349254678222
0.120112827809792
0.6719832630576
0.0669172365016288
0.00749526094389585
0.0425983801143801
0.788563478489374
0.0641526656412647
0
0.43560133314382
0.173148140822013
0
0.193740469071985
0.493201467025732
0.774508741059518
0
0
0
0.182502167643292
0
0.357236602710976
0.0156203971965182
0
0.0632061637680421
0.139003251899632
0
0
0.99006353914917
0.353026528928719
0
0
0
0.0835208478874414
0
0.115744272278912
0.3837189750131
0
0.00818226303129499
0.508145902958224
0.0939516154713897
0.146588307388416
0
0.171154708703578
0
0.71795179701032
0.0405320163934872
0
0.119783713930104
0.0653009756331646
0
0.886899418520775
0.378763743937751
0.124212927828292
0
0.126294557237514
0.316584306413661
0.100085874864752
0
0
0.330441060524705
0.830980688819184
0
0.126430080896534
0.00756989971440603
0.155204917265112
0
0
0.974883920464293
0.190120725940736
0.749906837431819
0.0331644070285231
0.384562046619573
0.0793976087621237
0.276460077540298
0
0.350618488074348
0.555384679682094
0
0.440736519403077
0
0.283823399271757
0
0
0
0.959381830603399
0.0699656303822278
0
0.994938584851612
0.210921533103945
0
0
0.0815237754988684
0.974794867579322
0
0.301766846005763
0.113339143257229
0
0.889945920608288
0.140468193629604
0.375634867546336
0
0.331557797050653
0
0.0408749478258332
0.203447420857716
0.787178058932984
0.235713645402608
0
0
0
0
0
0
0.509544096764797
0
0.800342839671475
0
0
0
0.0333265239900188
0.69087503976953
0.302447339460161
0.188553640131999
0.0106165026175778
0
0.0204871012640688
0
0.430052474905906
0.432177546420126
0.852284971753526
0.00757605665213534
0.0479641082132769
0.213924516777352
0.0442116363709
0.0377829995665649
0.205532398446211
0.101717578450738
0.998831402201678
0.0777340696262442
0
0.0161838284217286
0.0524375918077715
0.238885370164903
0.196571678421675
0.0234701869492212
0.643578792683955
0.187835290784566
0.135508958018181
0
0
0.189731008989735
0.857496709980899
0.107135811878608
0.589020107008828
0
0
0.284968774772489
0
0.12423586130478
0.0431152134037607
0.102347291202486
0.178360221478597
0
0.195112460533556
0
0.104983726733498
0.266816308620901
0
0.282305801942109
0.999989290079812
0.167512190883401
0.884095519312151
0.992168200431165
0.582816815685579
0.399209269782587
0.665778329915209
0.471067168209513
0
0.290609088326319
0
0.257105397978316
0.974751455626441
0.0163376148144284
0
0.307053918025636
0.6599598179688
0
0.15219466982833
0.0637140669344631
0
0.355680143663399
0.0516594917624851
0
0.18096622603264
0.449409858142133
0.378186038405971
0.0818675410996426
0
0.504154055697098
0.772356955210844
0.747804113885412
0
0.267737043897947
0.261838002880004
0.276182011180683
0.0753000600374749
0.217200702765516
0.387792699844655
0.761376221483844
0
0.339704101342666
0.348796124373031
0.386277653449059
0
0.56512121201481
0.208742051903159
0.325677151562677
0
0.207388751821841
0.524578024207716
0
0.925668210691851
0.571325743449095
0.272469834508492
0.285255871431201
0.999386982209113
0.0750270894861397
0.421721724177053
0.628567958207499
0
0
0
0.459087990370831
0
0.0826830474469651
0.0771964339474283
0.052887158319377
0
0.0347603392899961
0.460905557878923
0.203743393669388
0.171426461529268
0.850949659253553
0.215631552061539
0.163150418064045
0
0.551810443893669
0.160423696329136
0.115060177457012
0.562034661278183
0
0.0397496684655949
0
0
0.165339483517175
0
0.0906651425437229
0.648794184962672
0.783834796432098
0
0.076091478153487
0
0
0
0
0.113061080371493
0
0.458711100908765
0.176459644010266
0.0272449026143878
0.43955235501046
0.0154093397916458
0.132432405337809
0
0.546245148055283
0.0443824044736889
0.643484956498152
0.0556377609537345
0
0.394175067678108
0.999999999974895
0.205821645610562
0.0147338511884733
0.0911394705731744
0
0
0.281367156281637
0.0260264714846892
0
0.287637686988
0.283458504333266
0.0106546098097574
0.0835100953361817
0.10770528278689
0
0.162024904405986
0.203279890604149
0.114743254235546
0
0.145768158219473
0.279690249284138
0.999262266036819
0.831307212625053
0.0310179843599955
0.325865853696563
0.071021209105006
0.399423264703939
0.986641331675617
0.0259125922529869
0.12665976466024
0.172526221943722
0.24268696863587
0.524777644872468
0
0.868575423669236
0.225899677042346
0.959489261033642
0.25191584623341
0.381224669172251
0.635237424486061
0
0.114737557825648
0.999992351132956
0.204759763722531
0.0335233933370911
0
0.999836121887019
0.585879658074186
0.01600902034729
0.0140470376136315
0
0.0212492911553528
0.219169735215269
0.349235805829536
0.270137443011389
0
0.186343033063821
0.0618773525446948
0.303281470848604
0.336247210347515
0.375613631475478
0.568204131809355
0.659921119110303
0
0
0.142085351845089
0.121140613222823
0.0591477239949511
0.142065147002188
0.130593657251751
0
0
0.651392130636359
0.856552227088353
0.247252167026401
0.99999963728501
0.052271804549989
0
0.285342155810022
0.116384708536557
0
0.0796920726965544
0.834086891593419
0.0793149823956346
0.100238752678365
0.0833668998149428
0.675701809178824
0.543209860046419
0
0
0.293442794840624
0.221793764031316
0.151593111016615
0.306684471886279
0
0.232713691236495
0.629162549690879
0.586931295076413
0.999993957520884
0.211270635895809
0.413934981462427
0.876853796656233
0.365470307880573
0.0475023499874765
0
0.275531950730894
0
0.112733106184049
0.0944500232562169
0
0.188505488240491
0.266014753730898
0
0.0329667926969417
0.412241281485497
0.156225316197058
0
0.311147996610724
0.591609702315756
0.943642427341122
0.537438828881974
0.337180052466094
0
0.0221307836023007
0
0
0.273815813571039
0.0370282188590028
0.280394504632643
0.0174810752691696
0
0.0472820408237856
0.33614221819092
0.49798965226186
0
0
0.987392140687607
0.99999998648887
0.930400099158097
0
0
0
0
0.258771328313196
0
0
0
0.53707295637721
0.35891973339957
0.66335512918716
0.0834755830733582
0.247585478324191
0.216751321829289
0.00880418134345462
0
0.0723163599977061
0
0.420420936930808
0.520172971295932
0.124442322182272
0
0.0705028854583251
0.277811970601886
0.0452409566193027
0.152656122378218
0.0208703909881722
0.478109242479874
0.99999999998856
0.732843318066992
0
0
0.144232867612122
0.237335720930466
0.187213107168796
0.269316978410152
0.999942375206009
0.300152234727398
0.302678305485461
0.446219086914316
0
0.0294782877118874
0
0.225427536553825
0.540182261031408
0
0.0452439093086627
0.999837788440529
0.883184820953627
0.112706923379119
0.47180702198729
0
0.0468764700701318
0.171821225697318
0.262392083592812
0
0
0.0220493785827869
0.56747916703879
0.0730532242256421
0.201125820913934
0.349213572868257
0
0.422500738212778
0
0.404892791021171
0
0.41494588338548
0.495383592220793
0.0946227154300812
0.121656404748129
0.667642777011643
0.184833734101448
0
0
0.833342287743466
0
0
0.246109780260862
0
0.00864485916725566
0.387311530031204
0.293820665823532
0.999999953873889
0.0258027916225833
0.221404883085539
0.339358984437963
0
0
0.0207728190915192
0.0758907561010049
0.083013863464273
0.184850224945102
0.270928145412587
0.974856472063719
0.138042659070135
0.0859883801133671
0
0
0.141537172028215
0.14515175193674
0
0.979356163739297
0.00249149492192202
0.58582506944388
0
0.121560571645866
0.735181492436431
0
0.0335073164904882
0.418446169286707
0.306268589279562
0
0.432559978762334
0.0136859539766738
0.255524197006593
0.170283227409868
0.23397729549363
0
0
0
0.290899040829513
0
0.771008142960198
0
0
0.223064457833511
0
0.530775852667272
0.361106880721
0.380876551272584
0.468712538563898
0.309686781995737
0.589747755476941
0.655856281029566
0.230498523038446
0.442872153996366
0
0
0.0383091455643033
0.0751284717489864
0.136002741763297
0.309158531272352
0.225894354000083
0.105957298478696
0.611386886746535
0
0.763725467925396
0.512690973550999
0
0.881620466465351
0
0.486647699664359
0.170577218524464
0.0608755792262303
0.25636452135856
0.0280352174289292
0
0.234398383888655
0
0.36422802304079
0
0
0.0411542493625059
0
0.848873194864376
0.0578716619460151
0.368472778734142
0.0758066173603683
0.611171109344
0.999467446489166
0
0.123517130014582
0.99520404087539
0.99989670396927
0
0
0.396113657673062
0.699568222936891
0.00617694860523266
0.00629106592243411
0.000744654924702326
0.777339231756827
0.277542778355617
0.125905734980999
0
0.102529239433741
0.439839102445341
0.0365357040116333
0.00721849680078646
0.145926342406801
0.0525858481680572
0.1831917907647
0
0.3029465789147
0
0.220992741381044
0.445075579353442
0.923341020268095
0.996039487800186
0.0428078928207227
0.0634881506545788
0.128485860811625
0.0882809218720489
0.0456717560400088
0.379292568446731
0.0183076472995913
0.120035766103774
0.296754133687173
0.489986467512143
0.149534973920483
0.206034238408949
0.18373087313406
0
0.375682810962117
0.0445014771909804
0.0691692340182285
0
0.999999999846311
0.641588744830607
0
0.213428648673291
0
0
0
0.775959500373451
0.917322451489208
0.763356280187306
0.219528766985878
0.409097312933786
0.557198565038449
0
0.141068881101249
0
0.114114750312899
0.074588005056226
0.14488848655133
0.107907310560037
0
0.666620411409793
0
0.806118357882428
0.54774652522013
0.304666635223376
0
0.759298266694076
0.106557726021452
0.951067145380003
0.154608076231009
0.134358169771881
0.110290457928065
0.763756687576525
0.487085351766697
0
0.814871191471848
0.469512428699751
0.923694547642204
0.267264086052016
0
0
0.874787195679954
0.999912760534313
0.960519771350236
0.393042936048261
0.854852495946591
0.891872292738412
0.210789632575773
0.23815847590605
0.361540489249655
0.0227635857676092
0.00746377981452517
0
0
0.277842467344134
0.147520572905459
0.999999999928834
0.895400575266694
0.999999994986299
0.222929696086193
0.203196916491982
0
0.0353358022215802
0.0908836695845204
0
0.984979671540515
0
0.252349251794952
0.517854118805124
0.853359041051379
0
0.968236633455249
0
0.610332364579787
0.237039159925496
0
0.466056209335183
0.219291675039921
0.394351537969822
0.465533061033244
0.115195062038276
0
0.602132025698116
0
0.818436359732094
0.33567188772715
0.136125400433226
0.15023015001771
0
0.0257774507855757
0.738932059447612
0.00189074847179971
0.137923075995348
0
0
0.0885770065877107
0
0.00252160056597073
0.0709960062533146
0
0.0534516586196279
0.054634439631595
0.322214487426426
0
0.351444734626631
0.598343414588511
0.138893567074111
0.216607188928784
0.805484193880045
0
0.193139624155257
0.095668847479641
0.81662866703801
0.182135706603984
0.124201670075253
0.590498437610068
0.99899974303776
0.558178395158164
0.606189036245609
0.956970876661039
0.3071751419651
0.564313442972229
0.951732637135944
0.16963561973843
0.997090246418734
0.492505315227581
0.209131961678579
0.207422719043775
0.0824308470638275
0
0.999886199242336
0.999999999892681
0
0.0819701230945369
0.357595741884785
0.108249494878229
0.0592656350840375
0.308630786626386
0
0
0.999999999352844
0
0
0.999999999999997
0.0754982513693044
0.166859830935533
0.0600425008009632
0.125620411643607
0.0797517333959689
0.0311055331911846
0.805982851839594
0.348576181973739
0
0.200377225765487
0.594097092043039
0.0391746166020487
0
0.835811079142444
0.684366708249333
0.290514403942974
0.0191795356970073
0.341750334077845
0.83319430687618
0
0.118114095582381
0.0131682005733504
0.548842781575644
0.0697622540419794
0.034106093473545
0.817900109071274
0
0.393238203198085
0.0862354161747266
0.945912411321723
0.0922140560494455
0.040858233639782
0
0
0.209081484618706
0.134580603595316
0
0.1270975694721
0
0
0.156032526809665
0.142823322964013
0.727678357688618
0.7827896093369
0.274745176900689
0
0.446038882105177
0
0.225697634062203
0.176563833778038
0.557887865213771
1
0.446392979190398
0.999945446024176
0.999999942500657
0
0.302707450723181
0.287087135687803
0.99743906630223
0.0318872072028041
0.27644636533728
0.948652919911161
0.780452283694279
0.581389957754279
0.0400388860349041
0.999999999999858
0.264597469091339
0.0333915136945953
0.16221054353739
0.478599632159621
0.999999999999996
0.999408587862799
0.448374407642666
0.938700025157226
0.285467704262127
0.92394352175144
0.181272072053847
0.187195644529332
0.133024119937978
0.823591914625876
0.119988125261599
0
0.033374693664189
0.336329374370565
0
0.0200208514028397
0.15072556209335
0.999983876626572
0.0356952639172753
0.133709840751986
0.385459992096072
0.0534407416436784
0.302654252822823
0.476002338622223
0
0.13794071259028
0.679918621358511
0.0761365071013663
0
0.25115058660619
0
0.00662432010008385
0.473791912442942
0.830371607764158
0.0675620061029956
0.373677757865142
0.0581801325058958
0.529928346406307
0.130370283608723
0.422824614551701
0.248698569762465
0.000662860825229039
0.458077988660686
0.484165312897329
0
0.285739136809404
0
0.0625072018919044
0.434157464710442
0.203884651594957
0.23949793795744
0
0.00502585055506333
0
0.078691165514564
0
0.203311166150564
0.287590535531139
0
0
0.0868559102170499
0.251412512241534
0.0488026417932488
0
0.330306159069858
0
0.0121005862564645
0.15926919616982
0.888751819060679
0.0383167880905222
0.38435673044449
0
0.0963607947831521
0
0.792777678650901
0.0106215286610207
0.400325700330213
0.456160295600976
0.101012163990038
0
0.695283983818427
0.0642456523494223
0.99738595692293
0.411341243435503
0.991838269716362
0.227424905305493
0.333567020028397
0.146614205797469
0.17264864797651
0
0.999999870733283
0.473400227609781
0.9880394223792
0.241217782177485
0
0.556523991254159
0.0315517894301948
0
0
0
0.0210823522059527
0.151341453790573
0.84760407421882
0.724584532368367
0.895300422450909
0.176182627582956
0.204647389942039
0
0.0402606173454808
0.0289953356835846
0.302746540014183
0.150508953757206
0.302791808926167
0.862965431032493
0.484937154103112
0.999999999999293
0.129226730073852
0.225701086463085
0.0381211242228915
0.0978737113710881
0.338390969123278
0.272234156415945
0.0274551139457249
0.388144392828289
0
0.741224516060535
0.135199244488155
0.0602903270609159
0.0776783502747034
0.401664995972044
0
0.0843951847686558
0
0.241875461049649
0
0.0380865123355139
0.999998816391134
0.15748917129752
0.0399848561030449
0.114465533742495
0
0
0.257927946321183
0.144522439541611
0.102974343970808
0.193224496962655
0.0403181713370608
0.275131758281801
0.817816805574871
0
0.0154197103923547
0.320605296941875
0.759196242199068
0.0846758503298355
0.844264779021398
0.29403475170528
0.841219763828525
0.999839660030816
0.0302205471942266
0
0
0.0919358919381936
0
0.0411655787282842
0.0786530577754565
0.128527584015795
0.0612137383294185
0.523693988696932
0.0374209192986031
0.608669542273311
0.896658610189577
0.104394073674287
0
0.272064977761364
0.64954024875379
0
0
0
0.159864428683588
0.085698529746338
0.129704070830906
0.793662952823328
0.319838183664999
0
0.0522496874482909
0.950441802713424
0.689356470408187
0.394183568239178
0.570676718790091
0.377277360172811
0
0.785457247726888
0.819473169467344
0.418542838469844
0
0
0.00819171475138492
0.215265415729467
0.390341478205252
0.0551857258347299
0.51405407682056
0.430754095063683
0.0395955852048879
0.0776264881522946
0.368467719034081
0.115380684144466
0.0884071851306798
0.106172170492387
0.153298860729282
0.243887844433457
0.999858877783484
0
0.0646661498262143
0.276127426990829
0.121610957679319
0.481586699465088
0.0478216856266653
0.59534855606351
0.0351517192304092
0.423212409491088
0.0709838719534854
0
0.18997524401713
0
0
0.0151624081223873
0.0669970723351406
0.999589823031644
0.956944591734254
0.800108374697169
0.271268359355866
0.724914775688567
0.338846985365864
0
0.933874798954299
0.0645144919175182
0
0.159468528206339
0.0717735401858492
0.111386376657722
0.477889298905681
0.799134464273134
0
0.188561960046263
0.0340871015584676
0.0299204969571479
0.432087641939385
0
0.0213457904510028
0.999999913407654
0.45015765688468
0.00659021729027609
0
0
0.424750664537122
0.334132749330656
0.260724129227449
0
0
0.163090909219861
0
0.234167259855017
0
0
0.162180625034926
0.164532337778687
0.0899858261470492
0.332420253228921
0.858264814509386
0.467546405818661
0.0485839129097456
0.0563193908299411
0.0810568103516283
0
0.761308898248542
0.393836157929767
0.0805926208128648
0.0487318161368282
0
0.134205736523565
0.119592849096944
0
0.340355984218684
0.272444858641979
0
0.133772526451737
0.202010776218492
0.10639855030104
0.0335930087713179
0.31957361600497
0.119815178654849
0.0466191405950034
0.423506213659433
0
0.739853320457172
0
0
0.126400501381807
0.236636189587186
0.104324766989971
0.735764214101744
0
0
0.942528952608385
0.0518143820098751
0.0264078304599428
0.129355525136038
0
0.322473112398588
0
0.366242375816747
0.277714240268632
0.221055837548574
0.962442172473775
0.504362012794783
0.0441958344916182
0.705842770643786
0.297312102454424
0.0629614602970356
0.236158436961336
0.35769527511792
0.113467311060879
0
0.913707385631085
0.999988216046542
0.172559548319501
0.257358304871409
0.192397974596465
0
0.0122083887134369
0.127773084746908
0.444523247121686
0.0272987536333169
0.685713260274479
0.132523545197856
0.150195456098516
0.377343894458453
0
0
0
0.485229653163976
0.507917077434154
0
0.156933056027931
0.315978198667762
0.0732543995455659
0.183572742694333
0.102990421916069
0
0.817039537869034
0.830211596825583
0.0838843713559585
0.00281906423686473
0.119418256341017
0.343654006331269
0.373319817231401
0
0
0.0108334753639899
0.252628526850073
0.240337365877727
0.0404069039980126
0.105745415792621
0.671143295667073
0
0.713487179559839
0.999665581085265
0.0101513529347768
0.0249129268674928
0
0.00713886405526121
0.0811244609672481
0.0944595282746827
0.039253027180211
0.132103030313146
0.397992500374694
0.351847557963584
0.162959775805966
0
0
0
0
0
0.826447927807984
0.0742979056680401
0.37930398420534
0.412360315150152
0.0396505822281884
0.329068223642891
0.134560928373421
0.393691903363666
0.20411623487409
0.357457143301536
0.212624047173484
0.0503005957128415
0.612130963611838
0
0.106177850183836
0
0
0.0127846285291903
0.131464075020429
0.528877441232468
0.492246147792264
0.0626597838629381
0.0460274516299434
0.235133097159355
0.585527865676351
0.110372544938367
0.624611008752112
0.383371845762287
0
0
0
0.330312306223423
0.999999046341165
0.340872430808772
0.127348176904284
0.352913175026807
0
0.027244736909862
0
0.0353041158558779
0
0.105544815860606
0.999999999359163
0.223363496991094
0.422407218055247
0.358513409439724
0
0
0
0.331585923644637
0
0
0.763586253847647
0
0.0367762718909058
0
0.0580606320510714
0.0541238695098459
0
0.143520736634473
0.686030576570918
0
0.00494044232928037
0.867187409854669
0.155067855093382
0.222934571386172
0.0239456978099581
0.133828785586745
0
0.196252590480268
0.191053485802376
0.066139620587786
0
0.259865895669936
0.096819098642179
0.999987851991753
0.516809495855332
0.0865605906143443
0
0.439279339019149
0.291478340341275
0.176048067232876
0.993672159469923
0.291187753502501
0.420521455763042
0.142443855109923
0
0
0.0346626605478669
0.495769262961513
0.0126935827963368
0.0588144017649155
0.248182277729443
0.268290009269047
0.984691881680458
0.0212100233516075
0.377489471554651
0.115169006137939
0
0
0.727647274769998
0.161008847658186
0.268054561240853
0
0.673090078639618
0.41988701891048
0.054079284075041
0.46662176197722
0
0
0.389074518031908
0.997347410533716
0.0287548670711461
0
0.592099017055757
0.60706518656002
0.508123680583918
0.151204485919089
0
0.24649860563126
0
0
0.185297687251781
0.236578371308285
0.241301663514418
0.100659606865318
0
0.0599785270252339
0.164543821598948
0.0139833197141028
0
0.266683327841261
0.150814953022851
0.344530757910826
0
0.01658059265108
0.375955905570849
0.488013488569286
0.260972573057389
0
0.999917772402785
0.0307656705578506
0
0.263296857305634
0.000858447373014881
0.169657079748334
0.136042702321689
0.373376172870435
0.359446218360874
0.0781946609165981
0.459125554030433
0.229402260099995
0
0.130726584497988
0.106573682708427
0.0881304298693748
0.426615063136185
0.00945329826723329
0.0405559464858902
0.00646059659499787
0
0.0474003188656106
0.24182405136014
0.213394208235999
0.869976329032529
0
0
0
0
0
0.890761913768765
0
0.126896206442374
0.472986208444073
0.585280459812071
0.0358457647705474
0.7523694831872
0.0159843299743564
0
0.117937285046415
0
0.110835571695335
0.0457416448068819
0
0
0
0
0
0
0.107667415721274
0.0518450655115182
0
0
0.130933151704108
0.537968080605665
0
0.107044274419699
0.0737592694162689
0.22961658557597
0.841935382503405
0.1301556031642
0.0382594969456029
0.132350429910359
0
0.877005606753538
0.158213173564047
0
0.507519108734973
0.471795980565933
0
0.855480587224366
0.166961989952814
0.979366495467643
0.287248712289303
0.450225648229571
0
0
0.111953855368256
0
0.921845728612034
0.0104544910712667
0
0
0.0859746425812815
0
0.0256266032208482
0.195809428737585
0.845955359454499
0.910032004659162
0
0
0
0
0.39049508006152
0.0802843131088777
0.262547999276927
0.0670977507807495
0.360998426015829
0
0.989844816370662
0.949295276378633
0.0399839007111018
0.0410088560887131
0.592631659272846
0.638544077582416
0.140947621882086
0.507240219558491
0.0884533280168175
0.0427327407889311
0
0.0422164304632701
0
0
0.608040084354066
0.399127580263998
0.768538361152495
0.400736515438921
0
0
0
0
0.107420828227333
0
0.0958133432135149
0.33519474946253
0.222466598881441
0
0.0495487598209587
0.769885756862434
0.300182947988614
0.254469442436114
0.0429899145157193
0.25568160397485
0.0200450284761009
0
0.365798833361447
0.322503290714048
0.37025530014849
0.0904046571479605
0.960153809809917
0
0.0489164336708532
0.142266315183844
0.11039427544332
0
0
0.391933965983737
0
0.354306307523477
0.00102044029505965
0.182272327009504
0.979686788813828
0.00643354948987063
0.493005391701539
0.065250403888146
0.0784796794197552
0.247046733665142
0.526025958984226
0.364554635376777
0.0580781011987831
0.0920759973828859
0.0962463186623618
0.424704105597271
0.67326904011557
0.0084651515248032
0.638167294058211
0
0.381193850247601
0.000907459486307438
0.0136854089619125
0
0.00677852276635793
0
0.999999818929953
0.00888063153633756
0
0
0.478542936687799
0.406831751790021
0.315953326842815
0.0342315889879942
0.311504660729493
0.342590634124123
0.0954323110127407
0
0.493461954393285
0
0.0340264956871668
0.321892113703082
0.656794434386604
0.673600754644886
0.222155039892991
0
0.0672827374956979
0.111224443723347
0.042882621034728
0.0444741180860245
0.30817575068601
0.878429837731932
0.980645865259671
0.0142356815806385
0
0.529538165555577
0.143033352195096
0
0.0526596770417633
0
0
0.0124126546098782
0.00259892081825264
0
0.987221719362764
0.136517339710167
0.0682455037000695
0
0
0
0.0708684843387862
0
0
0
0
0
0.481808262924345
0.259234031533695
0.111866652219462
0.569997194789727
0
0.199042484242397
0
0.0941158833621826
0.866105067537783
0.287689055220881
0.142413761685238
0.877832472829809
0.382966042362206
0
0
0.539777163617165
0.219314804499457
0.199253481930639
0.394426257658024
0.252442292094518
0
0.356864335159974
0
0.450593511599573
0
0.439822411360556
0
0.0336086188241395
0.998576769313512
0.844620460470573
0.616372311679262
0.572550041218768
0.844147665456176
0.556493981183436
0.299086398676045
0
0.0120450249073752
0.248740417765656
0.107213737926385
0.084404751774167
0
0
0.841173870496656
0.766488499268375
0.234751860830619
0.999922181697733
0.113953400449038
0
0.683395565385832
0
0
0.0580910137435563
0.0385654596884571
0.0475364057756221
0.998696912056102
0
0
0.842433811431556
0.0446792120704668
0.0962975058836549
0.101652324606178
0.916907940061477
0.700570978325203
0.0263942310322171
0.289867299222996
0.207085180787469
0
0
0
0
0.402242357237496
0.999999999999755
0.49449658325976
0
0
0.582987069248338
0.257331672089376
0
0.0771923285379111
0
0.583049988132698
0.549618144149281
0.550830392541802
0.464529451195865
0.217919314049434
0
0.230150233481133
0.619040509908291
0.994566413805015
0
0.0684356878226925
0.078568376601632
0.879773780390513
0.110415872146068
0.774593817208212
0
0
0.38425065464037
0.400884874965823
0
0
0.110836340952759
0.0920966247194273
0.0158240555667251
0.102697592664354
0
0
0.206316124680464
0.0905518703402105
0.102557174639687
0.0606826833231405
0.153905346087119
0.236567403203835
0.17396949551136
0
0
0.597960729472581
0.999142211765222
0.121933156743709
0.134765843655792
0
0.178082232743799
0.310206572955663
0.66735555438787
0
0.100666483772597
0
0.209498791096238
0
0
0
0
0.0412590234440307
0
0.403927514917092
0
0.393412845770188
0.0278650797404975
0.149895997523858
0.495987859298615
0.0164852120954528
0.358216448197091
0.25999771225315
0.0293059743644751
0.816963201335399
0
0
0
0.95900039247127
0
0.410593135839592
0.162128677383169
0
0.0510938549826222
0.721181956933852
0.127457201859697
0.547137785377672
0.0321546278049827
0.412757261239606
0.149413841380423
0.321254534827376
0
0.324584157867231
0
0.95985566852231
0.108096710760091
0.163455550304182
0.642479158126317
0.233240994959722
0
0.434149814326837
0.106698967535213
0.370408699868097
0.0249002000120779
0.0700178051629392
0.0648929474433715
0.997344070758038
0.641114587011338
0.598472687604109
0.503471676560957
0.716240412557063
0.0392510530958226
0.0979196617711848
0.128952013775317
0
0.943634879547681
0.082774196962906
0.834099840003335
0
0.0883335811061288
0.575475755647715
0
0
0
0
0
0.957670437291146
0
0.0842442706307405
0.999996887702591
0.0551803209953466
0.116402412925918
0.460322332461265
0.598529647904983
0.990318307833281
0.4996612136856
0
0.0205658929481187
0.258583093592708
0.151708031227892
0
0.802070349257156
0.247559860432796
0.836117438640952
0
0.993617914645556
0
0.254126559653125
0.228109719339197
0.0539030715451911
0.358796211573236
0.268954201870588
0.610200738588628
0
0.0111391243814569
0.0346106444765184
0.0134747423557433
0
0.160409201178899
0.0972884165693577
0.277132193961064
0.0849644084395691
0.0140147602303898
0.999999959013589
0
0.40124487921309
0.149536009824253
0.0257624796627132
0.0147672181378488
0
0.161884791330548
0
0.0570477004046742
0.200672628614211
0
0
0.91462237930575
0.294429154169823
0.999954931924656
0
0
0.0131390781851648
0
0.0755394892902024
0.474919122321989
0.234838494009553
0.296349537148201
0.00086807246996401
0.0141502740465183
0.999834883928346
0
0.458359946369688
0.191593554127042
0.167542418682444
0.0256310682365816
0.211696106693052
0.32811116807128
0.221974680040546
0.379373602100866
0.0535186247616015
0.140507887987004
0.336831800262424
0
0.107761353597856
0
0.305338768958435
0.21302390812838
0.138150419344885
0.913909382432947
0.953085860681228
0.15347081395852
0.251829020124833
0.0790445248476297
0
0
0
0.993159483975244
0.874736969506216
0
0.0900317004767779
0.128768534707876
0.062237444787715
0.237689468779488
0.426774634658788
0.164606471420184
0.604412419508848
0
0.0638445727558974
0
0
0.205891563800377
0.526495814117689
0.00705814262493465
0.610377767966262
0.526684487096559
0
0.181702342756876
0
0
0.0657722077112589
0
0.455979361162523
0.999999291283429
0.141094480555926
0.0436951661362943
0
0.395011812868821
0.0992433827199333
0.252425891396612
0.0554976053854753
0.0722145180784931
0.437678320871705
0.422763653848459
0.117588373574384
0.261313597540333
0.00270031357106759
0
0
0.160994669067024
0
0
0.196202614609065
0.999984160281386
0.11381187718195
0.354120588443312
0.265427137693343
0.480233352986089
0.867540082795214
0.999976574534294
0
0.0309287720415358
0.0481881441460694
0.345761357406857
0
0
0.773002470401589
0.23576175946919
0.259319412048922
0.999999996525436
0.930636817292847
0.224349847135905
0
0
0.998950029954979
0.307987982978737
0.296953270242531
0.304173620146258
0.396930384692301
0.227548979531142
0
0.0131445007979925
0.0406192784146834
0.188156196858532
0
0.0194142586857964
0
0.376849916050792
0.00825339760498833
0.0399783427640071
0.609132888800255
0
0
0.0335406628812738
0
0
0.439700354209399
0.131466146965913
0.999950424661254
0.813891386456415
0
0
0.535693062202237
0.109726834178604
0.104976733229158
0
0.811524355850178
0
0
0.0422825769163444
0.471978338404494
0.0100158128677282
0.999999999999995
0
0.216540581285823
0
0.254976769871055
0
0.30444967447153
0.802972269063255
0.984721606973208
0.134118409629477
0
0.483496234517964
0
0.287907954391692
0.18851349260046
0.299749549627755
0.00723740017228558
0.819298675420648
0
0.40243802448857
0
0.252155775545927
0.000537954744639579
0.487499129916411
0.868397711269352
0.198308337638225
0
0.565566443484513
0.00587790619870276
0.999949416036592
0
0.0618126293189116
0
0.216864327992939
0.155835591426063
0.0197719597685585
0.77007442676625
0
0.0286426772549043
0.333226976073058
0.0955267554210371
0.0459037952568049
0.251510652038487
0.140500030241926
0
0
0
0
0.382380365302927
0.0635267655964942
0.344913031844002
0
0
0.112364625136331
0.04645448220389
0
0.037349208254342
0.238724687683113
0
0
0.455495117866113
0.668907897332708
0
0.057814343851983
0.0642535164209889
0.149490422201098
0.316291749841511
0
0
0.999944658497875
0
0.130714643974832
0.402246108527437
0.110166290789655
0.999285811720109
0.0642201861996489
0
0.102533854854706
0.318588156748873
0.234995395327719
0
0.252300306593772
0.0913840724904511
0.581172789064207
0.178174636898805
0.0471530116989344
0.325023561318995
0.0554903901506111
0.939816834551977
0
0.999863009179096
0.527979958147898
0
0.0472488742835392
0.00752756744301031
0
0
0.265205500290413
0
0.115861011193416
0.662329777485965
0.301697611603703
0.284655687362218
0
0
0.277326912161612
0.0433067240663618
0.204236573946125
0.234026121795299
0
0.286908570993544
0.0482867511198117
0.513337046351392
0
0
0
0.0793391779321968
0.0275093475442291
0.0594539060269288
0
0.736280785772521
0.0675302496266735
0.436352023773131
0.166561521077578
0.999999957463444
0.410058371650495
0
0.291504886191614
0
0.0808271202170884
0.09793198296728
0.0526636684647759
0.0429064442711439
0.323997758552784
0.0628877125663603
0.409503003477354
0
0.999999376625217
0.0438735833303704
0.0377328564033962
0.129840067298707
0
0
0.0491773577490768
0.234170665092987
0.32870233492196
0.184056255370191
0.22186786346751
0.999985729020289
0.891767800420231
0.0122444703917748
0.0160824359701298
0.847873468814643
0.999920938328732
0
0.0148104454848991
0
0
0.513355180678071
0
0.999975083732978
0
0
0.999981287187223
0
0
0
0.164638757108904
0.292179891120613
0.151034936248427
0
0.136508277630817
0.999999846920407
0.514576836032735
0.0881238957017261
0.199373874966362
0.0255965592375125
0.0355076832928999
0
0.77441062571214
0.824292222607046
0.0905697284039002
0.062487416327742
0.255861572185346
0
0.0500014510194768
0.206308445058071
0.923806753974843
0.803284020346492
0
0.0674950422014953
0
0
0.307288773072654
0.0566768415462602
0
0
0.171627250429819
0
0.976798498015528
0.27825239690757
0.0448544662358744
0
0.595096639866842
0.164296182485206
0.372410686450692
0.160287437495711
0
0
0
0.947177910154626
0.742547090534405
0.990926012870055
0.172933490903728
0.449467799194752
0.106594563117699
0
0.0147452193044487
0.0138963005584325
0.322700295817804
0
0.516025125288213
0.0039208576892702
0.0563441304811504
0.435219534016188
0.90957237297581
0.0425576035825096
0.997354646763074
0.999795833704159
0.999254949479522
0.068149374965513
0.998377728612014
0.391284141475247
0.175399210661378
0.723233176015378
0
0.215401437318017
0
0.24930144374793
0.464311380754273
0.219550908232652
0
0.0253811433722579
0.329387061487862
0.721187369842516
0.986198540884242
0
0.156100999209147
0.302405660834186
0
0.0611994421930999
0
0.368275274319695
0
0.529272941217388
0.394838316803152
0.111131406332726
0.937068659013742
0.135327602215194
0
0.286447087056837
0.480283446067574
0
0.0878043553477724
0
0
0.137494582867603
0.782851622665054
0.263714307101586
0.239493662776001
0.116400597178442
0.476843065425262
0
0.143982784707682
0
0.275672551243706
0
0.0529194309645502
0.0530679923413118
0
0.345134535324644
0.9941707197684
0.141165498694678
0.141159282093284
0.0551068405269189
0.0543688242421838
0.254578864451247
0.340769416976757
0.240611813934571
0.969318880647871
0.0375295757477009
0.391035981782569
0.553208524816059
0.868266689166022
0.469973210541809
0
0.0877325599390596
0.0306706409055828
0.0585762818455506
0.080640355891715
0.238650132323665
0.080539229199722
0.35736289827023
0
0.0359002285598371
0.00626141432357474
0.320120541784543
0.240685227779955
0
0.557707137553704
0
0
0.285279773448679
0.135706203491598
0.158980292590582
0.0107613132423588
0.151667327154769
0.724876255018449
0.0273766790753294
0.245644965575033
0.0786263698216267
0
0.118509847679368
0.0302943275666843
0.296286032598769
0.999999971799699
0
0
0.297848734481702
0.14890831385709
0.120845451721157
0
0.837482929750911
0.910988633256967
0.440155323272018
0.082534091686453
0.0935415218036623
0
0
0.360675199882796
0.857625568959468
0
0.535202480546645
0
0.0231302045321993
0.509167775865125
0
0
0.589901454650923
0.127208020219138
0.999966449386607
0.0213370758748361
0.296453892698099
0.586997904658134
0.0325085388145367
0.0553395771510545
0
0
0.058293541868779
0.143152473214039
0
0.228578183629282
0.156085018120288
0.00289889466753079
0.119033971731831
0.916272873706313
0.88173211414197
0.763245974345492
0.0936309752920532
0
0.309967829825057
0.212491211143989
0
0.254543738795313
0.305234334421315
0.232910952707809
0.747199347320063
0.254678175973586
0.999999999996335
0.888023024881889
0.186544814988764
0.289677240444753
0.306684919688719
0
0.227073989903205
0.516145613346702
0
0
0
0.0692046985766521
0.0456142165933466
0.999999999999038
0.078129280360249
0.00537070939255413
0.399654489394557
0.478810503553956
0.998614730905648
0.180981564602732
0
0
0.0405596218382286
0
0.905120690860996
0.011611738732091
0
0.235431181143988
0.507926385803047
0
0
0
0
0
0.0410288333890956
0.169339109782886
0.0722092011342482
0.161654357402581
0.349845931699486
0.997797080873376
0.146839592573894
0.999944951397519
0.121976526710689
0.16524129353007
0.015584061074152
0.0670876316457601
0.0630253148961286
0.874754342916515
0.359461744607439
0.946283353530926
0.635693086314199
0.764743568458863
0
0
0.065448703187807
0.177361982058306
0
0.419760204596901
0.10239777633546
0.0620351894514498
0.211049946483145
0
0.130126825994188
0.371107313628414
0
0.134520964718699
0.268806201131897
0.869639875527357
0.332455051931321
0
0.238263882799585
0.511639132217815
0.0249079402741853
0
0.0503138457878499
0.241125794876064
0
0
0
0.0994580972404365
0
0.450927169532137
0.0434040678327708
0.434416231820202
0.130007778352062
0.999999999710319
0
0.115329443976388
0.620438346294836
0
0
0.308541647690944
0.0789930701442069
0.132696265598971
0
0
0.136927772599355
0
0.999403793688782
0.0325104890219581
0
0.345886161420747
0
0.00626314822677265
0
0
0.377495192002304
0
0.0495314817122755
0
0.994427164783862
0
0.0282032436701261
0.103008431291382
0.0305248219856156
0.299755605252092
0
0.185002431946888
0.178460143014771
0.935533103632476
0.13368196103634
0.0702961170396916
0
0.711230970897519
0.134562727294639
0.0754486307939227
0.192956677912603
0.616138628691332
0.764005193283616
0
0.907426394569057
0.377408928852183
0.260006296362062
0
0.126844588959822
0.3032181966151
0.999400710693549
0.0298444314686155
0.285190400300983
0.00873756485362265
0.176545707392037
0
0.172781571304226
0.999980140621881
0.763913097844356
0.0805766051717789
0.0980497476073293
0.255901663293606
0.360981827652342
0.165147558191122
0.0347315694936153
0.108992253118469
0.838590140945451
0.639357721148797
0.708092672908746
0
0.0174632561364291
0.247294663590785
0.189710472693395
0.0198773865128887
0.921442344923847
0.920659224618221
0
0.998477619567248
0
0.225304969613532
0.021420275457678
0.511163095801314
0.127423062402852
0.0509728803805241
0.215748137970609
0.190647822408334
0.119678119598886
0.241439545195571
0.999355539254518
0.558292299838204
0.35983085379382
0.95151989050323
0.0534166989989246
0.424871454579336
0.203898216904642
0.553790808798745
0.192195264428112
0.148678694723444
0.126096832247996
0.408394985873916
0.666652444833573
0.723529251246585
0.191801145353815
0.836389199722395
0
0.223126411298778
0.768578008895379
0.961812918281185
0.42698989557801
0.105430587384586
0.41966597580679
0.321678848863306
0.725078611696935
0.344536365339174
0.0593458257836174
0.601162381153499
0.98245486448608
0.644882860603824
0.607372007673675
0.0144773475647393
0
0.1957787674488
0.200052144287469
0
0.118299580650306
0.0441005724363372
0.0761890834301594
0.00695904722059015
0.821476458011931
0.999997915217602
0.271236939220673
0.828213506571075
0.159236127624348
0
0.0300254844078526
0.612450001337028
0.984909227056766
0.345509820286
0.119469963072109
0.2397653949875
0.576446012774661
0.205159688806324
0
0.564570587169958
0.0447239598536276
0
0.112342460637977
0.688865475513896
0.701546525906748
0.785824240693255
0
0.0800914471408504
0.427973718623499
0.0430265422836363
0
0.110202492570178
0.530385861968537
0.460705246198278
0.0340996847026575
0.172470960941072
0.068808661253656
0.821765601233228
0.279137119785265
0.122753794149074
0.823476750719008
0.630288079755615
0.121737810935381
0.149525017902075
0.9976238454873
0.570435580561586
0.527372861306614
0.0709797782440158
0.123242229396788
0.291289602094693
0.254034357985454
0.409623405743893
0.990922464458539
0.785237739557921
0.255335127340001
0.945193152961523
0.975875484990875
0.316132031550847
0.910387680526314
0.866760774083236
0.816039693562035
0.226223436609337
0.999910790513638
0.474516601389454
0.600104363917295
0.427731633004907
0.9999999293784
0.991785387877461
0.574027602725122
0.988230316131757
0.214454468012663
0.136644086041699
0.447465514306786
0.403584165371209
0.19164877995062
0.191714560684983
0.203962710627703
0.800987539770751
0.999710557020441
0.149705169235261
0.478046864723405
0
0.535190767785192
0.291963310583287
0.268180202631585
0.635464289710254
0.0669744229679696
0.161537913825042
0
0.0956761547306534
0.0360709439247019
0.169844594273552
0.153228759319491
0.856271381010822
0.558256339541992
0.302012145158264
0.807551725522878
0.0319408443836401
0.317680316792931
0.909371058361897
0.844764472838016
0.946266597771837
0.828626964358108
0.533787638121109
0.838927939081463
0.677222233802649
0
0
0.978552369257477
0
0.33393382120052
0.114916423284382
0.732029246469339
0.998906749264019
0.317298357714758
0.752245793602743
0.999556703134117
0.873147853154491
0.112914550096523
0.468463720685854
0.815179165335271
0.0902894553585523
0.734616510519572
0.991863478650368
0.734789662153009
0.145401345804658
0.159685067233427
0.999999956543354
0.0121538221736651
0.34200823146778
0.337055605465626
0.00789270781427664
0.999567605450405
0
0.230458200009432
0.798194822412214
0.516860966254247
0.837125303688914
0
0.124439307791704
0.152226825165456
0.265993872598912
0.408568995474216
0.416193482670103
0
0.9951717850482
0
0.999999999963292
0.249581477412834
0.272879208454566
0
0.228318009671751
0.0524330998606525
0.221145159506665
0.622873339712184
0.241318255634943
0.872204824208637
0.270165638101022
0.174665181476947
0
0
0.329729667317847
0.0611005889455347
0.51840638853784
0.862547209985045
0.678596238731772
0.900185066158225
0.00135632415378251
0.480425278782222
0.105569712386034
0.13037874382467
0.0594875583338376
0.223915871989919
0.208009212531282
0.272304613297995
0.20925212695092
0.0492279930725189
0
0
0.387769007403291
0.362845584865443
0.069471544304076
0.999999144757168
0.89509825019911
0.183053583046406
0.154798438110825
0.830506272672386
0.218448625891872
0.00878248358652833
0.569964956798211
0.603523613034863
0.969013874291039
0.506314901914331
0
0.350518499769414
0.468266159138184
0.0545655407757905
0.87795235363676
0.246875433969036
0.215556574667662
0.920602411664838
0
0.955546670168564
0.8136545378903
0.999999999655158
0.137169707957088
0.126180461587607
0.0798163767787385
0.0333306718949307
0.117872573689674
0.413921383048205
0.0916981014371451
0.632526238697561
0.273903465615755
0.0470684924549917
0.503634366993815
1.91370038925553e-05
0.761410878918485
0.563967819022802
0.637607041018304
0.705370818836555
0.0267068591000609
0.817726866535495
0.0430335586315033
0.232304081536041
0.210359668164218
0
0.989148523354125
0.172913328081336
0.447047314249286
0.15026574328887
0.550859573893458
0.019481108726242
0.276772969184033
0.0965485833609041
0.791364326602126
0
0.135293668635856
0.0992701378197333
0.999999825969247
0
0.999999989415683
0.11391468511475
0.117244905357275
0.312623372827032
0.996182098418446
0.996306462803581
0
0.836836428337355
0.692905149418167
0.0453674487859415
0.812561804492309
0.887266035056962
0.99771433931893
0.481582862686174
