0.9529409267829592
0.0
0.0
0.6911218740328164
0.0
0.0
0.505780766341166
0.0
0.0
0.0
0.0
0.5679664161376444
0.16968202436306132
0.0
0.9427900244542757
0.0
0.7197799667759952
0.0
0.0
0.0
0.0
0.0
0.0
0.0
0.5522484418025985
0.08717516357792227
0.7634047010366559
0.3053662729122568
0.0
0.0
0.8748452157256762
0.6544964874529325
0.8554951194209705
0.0
0.38020914157642766
0.4622505890290991
0.3014318362096117
0.6231480925763705
0.0
0.26082801309153547
0.0907312176389978
0.3853472979917068
0.0
0.0
0.0
0.5901269656319574
0.0
0.9190148754883876
0.0
0.8113981028281148
0.0
0.935745657309891
0.0
0.790228335511373
0.05769806918375079
0.2378852848682556
0.0
0.6076016827151907
0.8985636257235105
0.21279836801134852
0.15940601058233425
0.36018412039439235
0.0
0.36152892847530316
0.0
0.6313182815425348
0.0
0.0
0.8294340446316728
0.0
0.5483154330237278
0.0
0.0
0.22988664814103937
0.38477419403316054
0.3494588179939718
0.0
0.0
0.0
0.2520739009111345
0.1256175448928936
0.7551965397489769
0.7359800073876603
0.0
0.0
0.4768741824864892
0.2564788410024947
0.0
0.0
0.0
0.0
0.0
0.0
0.9300693645987873
0.0
0.0
0.0
0.3479071900503473
0.9035539912009996
0.0
0.5056238200309626
0.4186529726492858
0.0
0.6768820976957239
0.23420859162204935
0.0
0.9727862379247776
0.35498519960123004
0.4854705224832391
0.0
0.0
0.0
0.0
0.0
0.03093678882334657
0.0
0.0
0.5019047928713182
0.0
0.0
0.0
0.05356970263234462
0.199456539797608
0.1629386597509772
0.0
0.6777538938750051
0.05184477828379866
0.030742660068274714
0.3281141292067492
0.0
0.0
0.8699427960356717
0.0
0.0
0.5291933837709923
0.0
0.27632559098015186
0.0
0.08556451370093564
0.0
0.7451678417108866
0.21054261298443114
0.0
0.288069153501606
0.0
0.0
0.5881391225877055
0.528424673145921
0.0
0.0
0.0
0.7774232860684269
0.7967988403895602
0.5104377957220154
0.0
0.1481537989478396
0.793474837836835
0.0
0.7208678062896674
0.2786517469810117
0.8622421869784024
0.0
0.0
0.0
0.38194034099719726
0.1448176951211446
0.35113297647813174
0.0
0.0
0.0
0.4941596284025137
0.2716930657186151
0.0
0.0
0.0
0.6394156108907857
0.0
0.38354918479547984
0.0
0.5481489467784322
0.0
0.0
0.3473091053686828
0.4613436291224386
0.0
0.0
0.0
0.10532998801706903
0.0
0.0
0.0
0.0
0.3976360221178809
0.0
0.17268191434839605
0.7347591537226459
0.32247956355428137
0.0
0.4081630915580624
0.0
0.0
0.0
0.0
0.0
0.0
0.5416240040700874
0.1359377242256462
0.0
0.7140562838425628
0.8243558604751827
0.7924346331606238
0.8279641466826368
0.9419668512477459
0.9040365505893803
0.0
0.0
0.6923850897082601
0.0
0.8909159224234836
0.16454015113413353
0.0
0.0
0.4927615191070518
0.5127716177055425
0.0
0.0
0.3344110106075814
0.0
0.26940716122685515
0.0
0.0
0.0
0.0
0.043568096752552375
0.0
0.0
0.0
0.0
0.0
0.6200342046527152
0.9896300249761186
0.3931375402306687
0.6882819801165936
0.647251757182053
0.0
0.338887960068808
0.6062536446324547
0.0
0.0
0.5040922825703315
0.9649736741895095
0.20711964377217115
0.641428210984424
0.0
0.4244052789729899
0.0
0.0
0.69844031181074
0.0
0.0
0.5257245324249751
0.6130548739330579
0.10152689159937434
0.0
0.012726950025516461
0.0
0.05720165460229259
0.043243618753195726
0.0
0.21899387785699254
0.0503192485235762
0.0
0.49944203206726917
0.0
0.9138772673545327
0.0
0.4151688074459394
0.0
0.7032694332640448
0.0
0.0684891441031527
0.5604279543229719
0.0
0.0
0.7636115292034615
0.0
0.0
0.0
0.0
0.0
0.38513317937341873
0.47919037598793257
0.4042116779655506
0.6206101165439217
0.153001968533835
0.176666414362999
0.0
0.2853555018400795
0.4496437367800315
0.594573226140933
0.0
0.0
0.0
0.23235255570032143
0.0
0.0
0.0
0.0
0.0
0.0
0.0
0.0
0.8829978344777685
0.29521335358475376
0.0
0.8220520899278353
0.4922198791244957
0.06827912393177157
0.0
0.0
0.38292612281093286
0.0
0.0
0.31123281271424236
0.4351183360487154
0.9254267649358424
0.0
0.17228722638601035
0.6838847881347435
0.0
0.0
0.0
0.0
0.7088000709569646
0.0
0.0
0.0
0.7378350421766949
0.4983206612288503
0.8687058886254112
0.0
0.0
0.5936942161023371
0.8708647202514045
0.313879622738904
0.47764110689671785
0.9054586258855566
0.2264724518072823
0.7502953021837631
0.7710529548185477
0.15232501072782903
0.0
0.6921308544709558
0.0
0.15347535260358539
0.0
0.0
0.0
0.0
0.28573309179816136
0.0
0.0
0.0
0.2770602327123537
0.8798280362189661
0.034692766448718444
0.0
0.0
0.0
0.0
0.0
0.043502446963121964
0.0
0.4857965778913432
0.0
0.15773631629689128
0.8147861085253826
0.0
0.5350582690028521
0.8005206013580666
0.3803507893278143
0.0
0.0
0.6439913163512729
0.1660744382712989
0.9583744282747119
0.5573851351773044
0.0
0.274762569093124
0.9338369865641925
0.2904856371484226
0.0
0.6269725672957077
0.0
0.8757281956977422
0.0
0.0
0.0
0.05966245401843889
0.0
0.0
0.0
0.03659606769491295
0.0
0.0
0.49647984964475295
0.0
0.11426039381653297
0.0
0.0
0.2158611668885972
0.8840284534769038
0.0
0.0
0.0
0.5688122644855798
0.0
0.0
0.0
0.0
0.7789189534360711
0.0
0.0
0.0
0.13814626196503982
0.42229199261568345
0.4616219678932147
0.9836717682402734
0.37132686677156906
0.0
0.0
0.0
0.9103253014828427
0.0
0.0
0.0
0.1418586233604389
0.0
0.42022255848256873
0.08207478186209478
0.0
0.04961945668476208
0.30063926606402913
0.7564492686703291
0.3696504615886669
0.0
0.0
0.0
0.6471252789591785
0.5664876287334547
0.0
0.4171633932738104
0.0
0.0
0.0
0.42744201085021094
0.0
0.5450706263206911
0.7144392072488801
0.7678038651423335
0.0
0.0
0.0
0.0
0.2247798042140056
0.0
0.0
0.0
0.4078282153554683
0.0
0.31389323022397714
0.0
0.0
0.6173627827773905
0.7705406987911704
0.0
0.0
0.0
0.0
0.20646796249489563
0.0
0.0
0.0
0.7398584227713934
0.8336698145699586
0.853624391335496
0.6695070213835758
0.0
0.0
0.06605045997286417
0.043240494239419495
0.0
0.0
0.0
0.6943579377041723
0.5673178052333758
0.0
0.0
0.0
0.204521530618446
0.0
0.25270631590271997
0.0
0.0
0.011122128844777904
0.0
0.2770354171249425
0.0
0.5865992162733489
0.0
0.5330888339524547
0.0
0.2072096662253877
0.19919358812482033
0.5396700356444587
0.25556686457103567
0.20240344996982054
0.7949514776481997
0.0
0.9006956447041585
0.0
0.0
0.0
0.0
0.27651719464790675
0.0
0.5633708965520844
0.1864156868944527
0.0
0.0
0.4820724811861626
0.0
0.17154585755609744
0.0
0.0
0.0
0.0
0.8056460229006409
0.0
0.8529790803676943
0.0
0.21744223345156588
0.2560889951621591
0.8030062567164992
0.4340878909034727
0.0
0.16304324464416248
0.5624591064858271
0.0
0.0
0.0
0.2239217606323516
0.39369796156606734
0.2840682771246712
0.0
0.7729206250340787
0.0
0.480884995449432
0.0
0.0
0.8470240446550964
0.0
0.5467489848804549
0.5330751245683625
0.0
0.0
0.0
0.0
0.6728686789890871
0.0
0.0
0.5820775255996866
0.0
0.25941737969021866
0.6771676620726826
0.0
0.2887677561195068
0.0
0.0
0.19190546184466176
0.1212591334523698
0.0
0.0
0.0
0.0
0.0
0.0
0.8153363419423568
0.0
0.0
0.033541704767263356
0.0
0.6332812657541727
0.48817921514644413
0.0
0.36363818517888813
0.07947600011313989
0.0
0.47690711482022263
0.5819385239916643
0.29252715794379763
0.0
0.0
0.6323275876181456
0.07783643116785958
0.0
0.44184006932077513
0.5064850665216939
0.5520265390840609
0.3987061907323881
0.2646540656259479
0.9139428249137019
0.0
0.0
0.11369374872373998
0.0
0.0
0.0
0.0
0.18292028078437436
0.0
0.4115204834978644
0.7046665114530923
0.0
0.0
0.010680771065826525
0.6055557937308595
0.0
0.0
0.0
0.0
0.0
0.2861439396967497
0.0
0.5611229938504361
0.0
0.0
0.941909880216457
0.0
0.0
0.0
0.35258181820068335
0.0
0.0
0.0
0.7578262081162751
0.0
0.29389432292385625
0.6928115379217655
0.0
0.0
0.0
0.0
0.3815793826493198
0.09947601160886757
0.6226307478948204
0.28894627416302315
0.6316577156060666
0.07801224309594497
0.7987478235751153
0.0
0.4190216236770943
0.0
0.0
0.0
0.0
0.0
0.0
0.0
0.0
0.5912135159309126
0.0
0.1647819705536207
0.0
0.0
0.8864196814098327
0.0
0.3541596004021524
0.0
0.18834762279470002
0.15334751995922058
0.6026486933125171
0.0
0.0
0.0
0.0
0.7091677929328779
0.0
0.0
0.7688435304356027
0.0
0.6964548622060349
0.0
0.0
0.0
0.0
0.0
0.5196503180885048
0.8867794493484952
0.07603232838199302
0.46048764111911383
0.2951300418931035
0.3133317424975483
0.0
0.0
0.15346368524520398
0.7452009417574093
0.0
0.0
0.0
0.0
0.5031719925009331
0.5368534484318567
0.0
0.22758358077718696
0.8192821968780861
0.2014967975608639
0.0
0.0
0.27960376054897257
0.0
0.0
0.0
0.5559428749687332
0.0
0.23035254395488014
0.05462897057388628
0.0
0.0
0.06850765588979227
0.33189024267713796
0.434138531084469
0.4153725060120075
0.7390157902228279
0.9074429149690372
0.0
0.0
0.0
0.0
0.0
0.0
0.0
0.3217620237356076
0.0
0.173893296799843
0.0
0.4896587549796101
0.0
0.2744193820086273
0.0
0.0
0.0
0.0
0.6398317423948715
0.8162869599754881
0.0
0.0
0.0
0.0
0.0
0.0
0.14025437927036943
0.0
0.3506381883056834
0.7545696831198987
0.0
0.7198069231838738
0.0
0.0
0.6159889213858437
0.0
0.0
0.0
0.0
0.4280143556621026
0.5577915138493669
0.22737449368262105
0.07110539078525484
0.0
0.5372923284490703
0.788963377859762
0.0
0.0
0.0
0.0
0.19337887646425506
0.0
0.2281394526257073
0.8618216899435576
0.07461747488192082
0.0
0.22512748469117336
0.7740716576919295
0.6645808511967188
0.0
0.0
0.0
0.40132095023674336
0.5386541214424925
0.0
0.35119170318850856
0.0
0.0
0.7515266515399655
0.0
0.40570123455738655
0.0
0.0
0.0
0.1380085682150395
0.0
0.0
0.0
0.8620230697131224
0.0
0.0
0.0
0.4557810722690943
0.0
0.0
0.0
0.8596508654380745
0.774438393800084
0.0
0.0
0.0
0.6203517282877133
0.18189538098735086
0.8787431950251581
0.0
0.07580501726165707
0.0
0.0
0.0
0.2602498937543644
0.988697595278774
0.0
0.0
0.0
0.02208124667169587
0.150665966625711
0.0
0.0
0.8536421106752933
0.0
0.591921830051123
0.0
0.7850218690819565
0.0
0.5095271135884877
0.18900788425128168
0.37344472271623597
0.0
0.0
0.3505457042154776
0.0
0.0
0.012218499693568736
0.0
0.8551810937168733
0.4030484649013606
0.49912558985254135
0.9581364415253597
0.0
0.0
0.0
0.2398035719503801
0.0
0.9089264455265368
0.0
0.0
0.0
0.42968666564482094
0.0
0.7600650624504325
0.0
0.5276246037772511
0.0
0.6897936986589602
0.7939180372045881
0.0
0.0
0.38671436734685405
0.8636175862113341
0.0
0.0
0.2026747063721901
0.0
0.045073841110875694
0.5826749923062662
0.4500162254259244
0.9087317752727536
0.0
0.7882779986868895
0.0
0.5188566822906346
0.12099223537792242
0.6293281455184866
0.0
0.0
0.0
0.6603509002804344
0.0
0.0
0.7807107308942398
0.6389111840079607
0.6483009332205811
0.6860695842767158
0.0
0.07035393929861909
0.0
0.7351409350220977
0.0
0.0
0.0
0.0
0.0
0.3972212938389257
0.0
0.0
0.0
0.0
0.49750152577295104
0.0
0.14297843078404068
0.0
0.0
0.9679484670614205
0.2757737918828694
0.7559572587462164
0.7088671829233237
0.0
0.41509976386963093
0.0
0.0
0.6651407908944842
0.0
0.2933205870851748
0.0
0.678212983294478
0.18329178877336585
0.6718992940979608
0.0
0.0
0.0
0.49466003424745447
0.0
0.0
0.0
0.0
0.0
0.5680943433360762
0.0
0.0
0.8706444359881785
0.0
0.0
0.0
0.0
0.0
0.0
0.7082317395277694
0.8148771115012405
0.46747389245502335
0.15730872511646424
0.0
0.5599108020372476
0.013165614973833683
0.0
0.0
0.0
0.2747039019830605
0.0
0.20470554331410293
0.8046803933532471
0.0
0.0
0.7953656285007342
0.0
0.15505755376031155
0.0
0.0
0.5592752975513642
0.6914660999183069
0.0
0.0
0.0
0.0593071151787093
0.36764059454352604
0.0
0.0
0.0
0.2559773249694284
0.8110161728711534
0.2503675825349504
0.8161056946491421
0.4613047748925027
0.0
0.056696447250311574
0.6679606354299066
0.0
0.0
0.0
0.0
0.0
0.3884701750840628
0.0
0.697931447491657
0.6902990036314794
0.2466400583670195
0.0
0.48213184518791924
0.0
0.6768293933369544
0.0
0.5487760166315123
0.0
0.7607464008468013
0.0
0.0
0.0
0.3450714332656752
0.013663523259713449
0.0
0.8177074498945299
0.818520439541237
0.0
0.18340705688306355
0.0
0.0
0.0
0.8206590555920212
0.8966482933768111
0.0
0.0
0.0
0.4308401358883698
0.0
0.0
0.0
0.16399929586709747
0.5086125994292051
0.0
0.5151870580714422
0.062324115248009584
0.6010219022810852
0.0
0.0
0.781713486979873
0.0
0.0
0.5824753836379721
0.0
0.03938688162705599
0.7640993016017071
2.5976719517388253E-4
0.7888116967318453
0.0
0.0
0.0
0.8404083689673846
0.6310553759917239
0.03512205286301789
0.0
0.45102401819191434
0.0
0.7557388549360614
0.8798136198376876
0.0
0.0
0.0
0.7925124919256301
0.6406816088825118
0.1958566393019131
0.0
0.9117509234163561
0.0
0.0
0.0
0.5341624463601585
0.25444123713364375
0.0
0.2769199325444851
0.422019140261097
0.0
0.40999171877152646
0.0
0.0
0.6962059886691219
0.9333961924099405
0.0
0.10280361030944052
0.0
0.9839337704771001
0.0
0.4920263974176014
0.0
0.0
0.613557234956439
0.0
0.7618171666304335
0.0
0.0
0.5969261286347705
0.7222024230186748
0.0
0.0
0.144855434002248
0.0
0.0
0.39557561346401665
0.0
0.0
0.0
0.7541565481655195
0.021964679410559983
0.0
0.0
0.028220412277061475
0.0
0.0
0.49997006791476634
0.0
0.0
0.0
0.0
0.0
0.340850353805994
0.5378412463707267
0.3180323311779597
0.40919573917261265
0.25098530563667054
0.0
0.0
0.0
0.13356178344865782
0.3456179035452159
0.0
0.0
0.0
0.0
0.0
0.0
0.0
0.0
0.03146797859442595
0.6031313640801234
0.0
0.0
0.7475200818473958
0.4643128698262321
0.0
0.0
0.0
0.5500248020981447
0.5091395074094481
0.15393515449993966
0.12637982349886104
0.1413634329437002
0.6740727911096401
0.0
0.0
0.7966813526897207
0.0
0.0
0.0
0.2927794880883681
0.9633562219036583
0.0
0.0
0.0
0.9492421989550225
0.0
0.045893305128386686
0.28555574306464615
0.0
0.0
0.10985733937948271
0.0
0.37693946652047317
0.6442766138479373
0.9572244113407431
0.0
0.0
0.9834374053790862
0.0
0.0
0.0
0.029472692929606477
0.0
0.0
0.0
0.9838684718448313
0.0
0.39850518925031003
0.1619491157371324
0.0
0.0
0.0
0.6392183271870099
0.7631181794048311
0.11136265585868926
0.2386493142843104
0.8541968729493964
0.9161334077328155
0.6839350253048201
0.0
0.09181221759347082
0.0
0.7986132855227314
0.06241897266471983
0.4695937890972217
0.8672026106678004
0.0
0.0
0.3323296153617829
0.0
0.14560991594070763
0.0
0.9043305818841683
0.0
0.18968729981079402
0.3208615702909981
0.90363617629048
0.769670737983391
0.0
0.0
0.0
0.8195227694971818
0.12896084762921775
0.5670563261735161
0.0
0.0
0.0
0.0
0.0
0.07553382764239688
0.7211849562353214
0.9770775845343451
0.0
0.060539677849292046
0.0
0.0
0.0
0.23124316049587115
0.0
0.7896551479780353
0.3580966105772347
0.0
0.9307789928403243
0.0
0.0
0.0
0.0
0.15455421506105826
0.0
0.40580608763583326
0.0
0.5415320052174971
0.0
0.46267036884417956
0.0
0.21432629293177327
0.34727407588227105
0.8637372479236012
0.0
0.0
0.3847021615866185
0.0
0.20319471223944519
0.0
0.0
0.2985081988268188
0.0
0.0
0.11282560994154486
0.5449077862193573
0.0
0.20952763388172282
0.9415302460775911
0.04771110041444535
0.6861189696250521
0.0
0.6615252583489662
0.5640433252328705
0.0
0.0
0.09434874868566401
0.0
0.6467296305293313
0.0
0.0
0.0
0.0
0.0
0.0
0.0
0.0
0.9905340499946718
0.208373420398156
0.0
0.0
0.0
0.0
0.0
0.6617800011361225
0.0
0.0
0.018398030934727826
0.0
0.0
0.0
0.0
0.014165651922223221
0.0
0.8650391154042206
0.33962317471379627
0.2790066272631737
0.25638192245079117
0.0528682296844717
0.0
0.0
0.37789027421524546
0.0
0.0
0.009099400933598923
0.11857007240001513
0.0
0.0
0.0
0.0
0.5707181777462983
0.0
0.0
0.5059745604159142
0.0
0.9319082968171772
0.08734460189728678
0.0
0.0
0.0
0.0
0.0
0.0
0.39058687104018414
0.0
0.9926421604452267
0.08005727749129747
0.8624300415382447
0.6775287730361251
0.7029997662729526
0.6863556992270448
0.4930118498777798
0.0
0.0
0.0
0.3711594870238783
0.0
0.7498620710279352
0.0
0.0
0.29996741123515774
0.043400412863893005
0.7582817655487634
0.5959327381504763
0.0
0.11354973481020732
0.0
0.8877516653812293
0.0
0.0
0.8310156478898508
0.0
0.0
0.6454745586279396
0.908448235336198
0.0
0.0
0.6250281948786991
0.0
0.0
0.377458985232378
0.0
0.30579153597012965
0.0
0.27488761619903396
0.0
0.7130251942978196
0.0
0.0
0.0
0.4052779761703136
0.9487907544073846
0.0
0.7324390296820036
0.5894037348734965
0.44344790019041724
0.0
0.4721602123937188
0.0
0.363054974909077
0.0
0.3069737487823753
0.0
0.0
0.0
0.0
0.8120898822228777
0.0
0.0
0.0
0.6327551907147551
0.1803080364968197
0.0
0.0
0.0
0.41018636063140346
0.07800475657524823
0.0
0.0
0.0
0.0
0.0
0.6893232781022458
0.06129254631506491
0.9673465965880306
0.0
0.9467732584710168
0.0
0.0
0.12852613276515332
0.0
0.8233283785191797
0.0
0.9580570310819233
0.0
0.0
0.0
0.08032496721100905
0.0
0.0
0.851160017291721
0.897698331519199
0.0
0.0
0.3355593719434538
0.23766938504349375
0.0
0.0
0.09261133786311726
0.561758256303895
0.39033913127609604
0.0
0.0
0.0
0.0
0.6203626101212932
0.6215207147918473
0.03525778941999353
0.0
0.0
0.02068029519558507
0.0
0.6957113617464892
0.0
0.0
0.9660891183587332
0.0
0.567411695468862
0.0
0.11256219730676534
0.6956175390575781
0.0
0.0
0.5228594257136661
0.03797566643939975
0.442602381035231
0.42347724001985826
0.4894055222512363
0.3422792294209017
0.8827088459452469
0.0
0.0
0.0
0.0
0.0
0.0
0.0
0.9930731716248075
0.3695500603284772
0.0
0.0
0.5099355398621737
0.0
0.0
0.8539734275534498
0.9325537122182582
0.16843203131843532
0.004561790870769551
0.0
0.0
0.35581887987998373
0.7995314266243627
0.08205690634168482
0.23213081936175542
0.589400917370736
0.0
0.0
0.0
0.5350396254034161
0.0
0.9651796355091281
0.6095648688243009
0.6392125797238851
0.0
0.17478605797816849
0.0
0.0
0.0
0.0
0.0
0.0
0.238051270932003
0.0
0.0
0.3850581744692426
0.0
0.3505523231426837
0.0
0.4746739269617333
0.6423054458403147
0.9136836667259151
0.23591666192118668
0.178055131914673
0.0
0.0
0.0
0.0
0.5899699695158865
0.0
0.0
0.0
0.0
0.6898440349555337
0.12589052299085385
0.6699429919879221
0.5772620279442109
0.0
0.0
0.0
0.0
0.0
0.0
0.0
0.3069631926532464
0.7131102809776302
0.6133829746957566
0.0
0.3357744351029141
0.631012848635981
0.0
0.4815453365742525
0.14981421387029337
0.8071336514738311
0.6922250649933879
0.0
0.736929140240944
0.0
0.5646891696213129
0.0
0.0
0.47554835429565395
0.3172858084066761
0.0
0.6825319088187174
0.0
0.5765424061905744
0.9386692875175779
0.7668931724092632
0.11447069083885472
0.0
0.0
0.5805935999947497
0.0
0.0
0.476235636130207
0.9731199820266418
0.3724636821517222
0.40648111327134834
0.019176121566217452
0.0
0.0
0.0
0.6453708142008331
0.7729339635966186
0.792307121088614
0.0
0.0
0.8514723009965862
0.8899342097109357
0.0
0.6290940381585837
0.8950439460672515
0.0
0.0
0.6844195620290391
0.0
0.7451836301410473
0.5046597326063581
0.0
0.011568657399199352
0.0
0.0
0.0
0.0
0.0
0.0
0.0
0.0
0.0
0.0
0.2867823036961096
0.7867324294071215
0.0
0.5195156981546194
0.23881587506290922
0.23393949878618372
0.0
0.9665406472718657
0.0
0.2258138645881268
0.7974419011882455
0.4711152734937023
0.0
0.8154383313651246
0.0
0.0
0.7809949709552515
0.0
0.43320831452684727
0.0
0.6051125918007911
0.846744136077563
0.0
0.0
0.16551828427118298
0.0
0.3021343369213014
0.04657085786396739
0.4748466951725209
0.08101629120210613
0.3974754031186981
0.0
0.11123877650847462
0.0
0.0
0.0
0.0
0.9822507445740295
0.0
0.2012708478045285
0.0
0.9318183578712435
0.7129699974775416
0.9576611875320523
0.0
0.0
0.0
0.0
0.0
0.9366787242779732
0.2856763462861487
0.26654244758115103
0.056013745064180796
0.24338724627716887
0.852284570181393
0.0
0.8867855212445385
0.0
0.047677908082863936
0.9640046623988306
0.4566082390534508
0.936684376481186
0.0
0.0
0.840282721471581
0.37712748602004287
0.7320797928542065
0.0
0.0
0.0
0.5861093489962278
0.0
0.8137799129674759
0.0
0.0
0.9716756616747624
0.006800840546917656
0.1940141581271212
0.0
0.0
0.0
0.0
0.0
0.0
0.0
0.0
0.3345442036602298
0.0
0.08456130541218747
0.20558938724905554
0.0
0.5240811285810133
0.9213983869494713
0.3569250714488553
0.0
0.0
0.0
0.9982276351144387
0.6943464245206751
0.0
0.9559479473987897
0.18459162409153043
0.0
0.0
0.0
0.0
0.0
0.0
0.4873232473028348
0.0
0.0
0.5216539274883919
0.33912440127318494
0.5498664939453113
0.0
0.0
0.0
0.0483305139960972
0.0
0.5082833853428169
0.9821587691400268
0.0
0.9690022202120899
0.0
0.5910417946480009
0.6269510135030835
0.0
0.7104379377332543
0.0
0.657938949313703
0.0
0.0
0.0
0.0
0.6640673739786329
0.7939523208077301
0.36150014225779287
0.0
0.0
0.0
0.2193147382255653
0.0
0.0
0.0
0.0
0.6993318410963488
0.0
0.0
0.0
0.9035551892666532
0.7000717033612687
0.4750968744782342
0.0
0.09229635917124086
0.07309971833512288
0.0
0.8571285496061654
0.0
0.7505006936246974
0.0
0.0
0.0
0.6611746544718181
0.0
0.0
0.0
0.0
0.12470030701007533
0.9420414258876235
0.979462483857771
0.0
0.0
0.0
0.0
0.0
0.1076837471118303
0.0
0.1092619061435644
0.58682274609861
0.0
0.0
0.0
0.06706803591663145
0.21189692324410522
0.0
0.0
0.6262022065219568
0.0
0.0
0.0
0.3986516305236997
0.0
0.0
0.0
0.13511762966041999
0.316384319996498
0.0
0.0
0.03482290604470471
0.0
0.20996208920412615
0.0
0.18984430269420743
0.17479410141455085
0.06832574975737923
0.7728299366606254
0.9988073892859849
0.480590680485491
0.0
0.3657732099147318
0.8905261094480609
0.10715645154063262
0.0
0.0
0.0
0.0
0.0
0.7097061830362622
0.029939126715969173
0.0
0.0
0.4013834526572569
0.0
0.0
0.4018245064573776
0.0
0.0
0.9391984795902208
0.0
0.7250779607463013
0.7878735268948526
0.0
0.9889303263368479
0.5529497397375183
0.0
0.0
0.0
0.0
0.2697086732986303
0.0
0.10779578497294183
0.9444198849188304
0.0
0.9692559490865962
0.7728112615638479
0.0
0.6068560658201082
0.9252990857281115
0.0
0.5947992609513438
0.7771980740446512
0.7095410989961324
0.6781436180616797
0.0
0.09176476790417797
0.5604889170077701
0.0
0.0
0.0
0.24609181805935393
0.3690174510533939
0.0
0.0
0.0
0.8877873739073774
0.0
0.2540702056929364
0.9010935224636986
0.0
0.2736110508823145
0.0
0.0
0.0
0.0
0.019939549840569695
0.5533929344289729
0.2910262403921061
0.0
0.0
0.6605270669172408
0.0
0.0
0.4532053082532469
0.0
0.0
0.0
0.0
0.6482493093703399
0.48164429817513604
0.0
0.0
0.0
0.6641221016448773
0.0
0.0
0.3359500091592866
0.3419353827029236
0.0
0.0
0.0
0.0
0.0
0.0
0.3853839043613137
0.7228077666729794
0.0
0.0
0.8458956019204081
0.0
0.2324338425287285
0.0
0.0
0.8301349530338211
0.0
0.0
0.0
0.0
0.3632678699538271
0.0
0.0
0.0
0.0
0.0
0.4450699641445901
0.8737555212070519
0.6887265923404268
0.0
0.0
0.49368100192945585
0.5357890331015505
0.0
0.8707940669696412
0.0
0.0
0.0
0.0
0.0
0.4327483246655884
0.6443626027856495
0.0
0.01973083915870256
0.0
0.7814297608992912
0.0
0.7631741615467924
0.0
0.0
0.0
0.0
0.0
0.45355225346411393
0.977350762831297
0.0
0.0
0.646922667507329
0.8703553105812346
0.0
0.7856161175103448
0.2463508518171121
0.6326255489379538
0.0
0.0
0.6720783271563051
0.18324636318414475
0.0
0.0
0.0
0.0
0.0
0.0
0.0
0.0
0.12052886577761704
0.0
0.3935145085606653
0.0
0.8097538370998626
0.6313010429736554
0.41551960780319863
0.599744601043029
0.4367636143585974
0.0
0.0
0.0
0.0
0.0
0.0
0.39178938296574595
0.43937612858663255
0.0
0.009277540024842885
0.0
0.2842172565000127
0.028155039398041766
0.17310214427631807
0.0
0.0
0.0
0.0
0.0
0.9734587735099332
0.15399818280630068
0.0
0.6107385740307528
0.0
0.0
0.0
0.9467227121825584
0.08860505616295991
0.46084363393137084
0.6121442328730071
0.0
0.7130548880073397
0.0
0.12232254540290258
0.0
0.0
0.0
0.0934152821764885
0.0
0.0
0.7224827136450429
0.0
0.0
0.6363312774955545
0.08448687943982573
0.6804804069686168
0.0
0.0
0.0
0.0
0.0
0.23143279136338846
0.24541258313532904
0.7121391171238219
0.0
0.0
0.7738215149481491
0.7980459510512224
0.0
0.0
0.0
0.0
0.0
0.0025082516476387993
0.9895304432780828
0.40523205532560325
0.0
0.9860253115777963
0.0
0.0
0.0
0.032620722798987
0.23413796574900686
0.0
0.0
0.8842281443834347
0.6539605054011428
0.0
0.14065407567387936
0.0
0.28832660855469155
0.28181580156084
0.9998254153442303
0.0
0.9052948251469483
0.0
0.27419545856331695
0.38415971019494927
0.0
0.4538119573093841
0.0
0.0
0.9245823023625651
0.0
0.0
0.0
0.0
0.0
0.8474693040423275
0.8651837567975187
0.5242441907373468
0.0
0.799422139348026
0.0
0.0
0.11590336406840808
0.0
0.0
0.0
0.0
0.7189244386803353
0.0
0.0014044619682201805
0.9989478868863675
0.0
0.8209828290931361
0.0
0.8881246884654178
0.0
0.44934635249860677
0.0
0.0
0.5562935685596299
0.0
0.0
0.1383040493267072
0.0
0.0
0.0
0.0
0.0
0.0
0.5345681465196123
0.8613893561486027
0.0
0.0
0.0
0.0
0.7159029144279271
0.8018287701527111
0.0
0.0
0.0
0.0
0.5837271606782556
0.8463219936454826
0.0
0.0
0.8270392366116454
0.10309134747842334
0.2745493411880964
0.6527445468238965
0.0
0.0
0.0
0.0
0.8541338550985929
0.0
0.0
0.0
0.0
0.08239775593970862
0.5526355192042005
0.6312303205480512
0.0
0.0
0.10376493224039898
0.0
0.0
0.0
0.5437630083493808
0.0
0.0
0.7409652771806804
0.974824225960106
0.8738748770234099
0.0
0.0
0.0
0.18734364344746118
0.010740617499851496
0.0
0.0
0.988296129597507
0.11143683263904729
0.002740244482904107
0.6168967728426864
0.41097424024176893
0.0
0.38717561334257533
0.9590595409564912
0.3423170651913768
0.518447992027213
0.299192544043649
0.0
0.011243979459026046
0.0
0.0
0.0
0.9484857286284788
0.0
0.0
0.5726312905012985
0.0
0.20207428275404274
0.0
0.0
0.0
0.0
0.0
0.3423348640888649
0.5054695294359878
0.9943081516838735
0.0
0.29402994694127443
0.5655453251204359
0.7060708261685252
0.18208957850465637
0.899897261755766
0.0
0.0
0.8136940962016992
0.0
0.0
0.62306268368771
0.0
0.9105801417415046
0.0
0.2510484006339174
0.21622000070245784
0.0
0.34190480652641214
0.0
0.0
0.0
0.05834105585149643
0.0
0.0
0.1387233355858302
0.7937871554282789
0.0
0.0
0.0
0.33838884483549897
0.0
0.366632201976586
0.35170779625663406
0.0
0.0
0.028624730642762754
0.0
0.11636289558398033
0.971318966298087
0.938969668730274
0.4607338030954068
0.0
0.0
0.9880143465014676
0.04966837632211334
0.7217224360434756
0.4155170847978443
0.0
0.0
0.0
0.0
0.0
0.0
0.0
0.3424163290863923
0.15608660731092
0.0
0.0
0.0
0.9867797233340976
0.776050543230398
0.7566953698111026
0.0
0.0
0.4270363340350427
0.4013400952418571
0.0
0.0
0.11134427298194069
0.15907900864247126
0.853664002610154
0.2282462861074814
0.0
0.22539121775179294
0.0
0.0
0.9067805475427709
0.0
0.0
0.5411841249201172
0.9352496182814641
0.6091235350617104
0.0
0.0
0.49648510305238
0.0
0.0
0.07313167004371386
0.0
0.8602318543271092
0.0
0.0
0.0
0.20403461982265458
0.0
0.270525803823095
0.9582267979227016
0.0
0.0
0.5029850268536856
0.0
0.0
0.0
0.0
0.0
0.45249143873986863
0.8303153242338935
0.4500482143066635
0.6840512396268692
0.19700101176489437
0.0
0.0
0.0
0.9886667217113145
0.49236191634466053
0.0
0.0
0.4382261938434049
0.8783952487462929
0.15895195255587966
0.4443757744770466
0.22610787205911873
0.0
0.4732050139257264
0.0
0.0
0.4410150865933227
0.0
0.30730929599844753
0.0
0.0
0.28768074092848245
0.0
0.03868215484464339
0.0
0.8866043004380247
0.0
0.0
0.0
0.7537296093663031
0.0
0.0
0.0
0.0
0.0
0.0
0.4409688440035336
0.5435371191238835
0.0
0.441146345852892
0.0
0.39556979829322847
0.0
0.0
0.0
0.0
0.9579939762143911
0.0
0.8846047635799404
0.8996766648855831
0.0
0.0
0.0
0.22704219576665619
0.0
0.8234090262864097
0.34183162073664336
0.0
0.5005564423199548
0.0
0.0
0.0
0.0
0.0
0.7270933334027129
0.24893571337829487
0.0
0.0
0.0
0.0
0.9011111372702163
0.7377723106369949
0.0
0.06767678173507198
0.2416389763756734
0.4500578587599911
0.5138317310210863
0.6717544664074472
0.0
0.0
0.0
0.0
0.0
0.31890852818190923
0.3800462615281649
0.0
0.5204989194108395
0.0
0.0
0.0
0.0
0.5869104619032163
0.7132355451600703
0.0
0.0
0.0
0.0
0.2905878898848075
0.0
0.36406991855944404
0.0
0.7406422260269244
0.0
0.0
0.0
0.5468806593456117
0.23753902885924497
0.0
0.0
0.0
0.0
0.5982313692951475
0.0
0.42034790091567525
0.0963741628058676
0.6782019449511226
0.9908249676528289
0.24398901173566281
0.0
0.9547426671403761
0.0
0.1818140266475922
0.2182339624629158
0.0
0.0
0.602984912009708
0.0
0.18603626082313102
0.0
0.0
0.5661137322045738
0.6798247095288704
0.8484892465913413
0.8687359169666066
0.0
0.5910908835252778
0.0
0.0
0.0
0.0
0.0
0.0
0.0
0.12210720140640127
0.9320558579981977
0.6098748074596626
0.10455183523721495
0.842053819036653
0.0
0.0
0.6858099875046352
0.7256659252736593
0.0
0.7535390937103995
0.5269226896427637
0.6442516257915463
0.0
0.0
0.0
0.4567224706254894
0.0
0.6883951298465365
0.0
0.7483934819946837
0.19587622743819144
0.24731472357183013
0.2636459778553505
0.6604638036545004
0.0
0.19776418135133136
0.15100858716799995
0.0
0.0
0.0
0.0
0.3672640991567539
0.6285145251049047
0.3067869091874927
0.2937496747565704
0.0
0.3478340324002864
0.827003182183898
0.0
0.0
0.6393381243250769
0.8687000600944069
0.0
0.38005426288291694
0.06476990342599566
0.8087451531580685
0.747329209484771
0.0
0.0
0.776733359619612
0.0
0.0
0.0
0.46395866138341413
0.0
0.0
0.0
0.0
0.01706509943875426
0.0
0.0
0.0
0.0
0.602454515741064
0.0
0.7072474552721365
0.0
0.0
0.9101863903393987
0.0
0.1530358432551637
0.0
0.0
0.5285191473814571
0.0
0.0
0.0
0.3737665839619273
0.0
0.6207332582895904
0.0
0.0
0.0
0.08532300005683092
0.3469124433692593
0.0
0.22603623855960558
0.5638832153141751
0.0
0.0
0.7521745884547314
0.908321680623043
0.5535708595332304
0.8030262671672105
0.0
0.0
0.0
0.17321891689700347
0.0
0.046013148711508925
0.0
0.0
0.0
0.7228620584615361
0.0
0.3412596939028879
0.0
0.0
0.0
0.7794987478862103
0.0
0.32415152457020263
0.48747107107184595
0.0
0.942671351139791
0.5120587044166609
0.0
0.23998294097735515
0.0
0.0
0.0
0.846595269568858
0.0
0.0
0.0
0.0
0.0
0.0
0.0
0.0
0.0
0.4150203948262806
0.0
0.0
0.8033570454313088
0.7947869600764647
0.0
0.8934828425109334
0.0
0.17540625020149228
0.0
0.0
0.0
0.0
0.0
0.6881533920502111
0.026801892050679125
0.8954941251992999
0.4275179730258282
0.030320098494219818
0.0
0.0
0.0
0.0
0.0
0.0
0.10520780227906114
0.0
0.05922322506936882
0.5200594164975109
0.9806292090476614
0.0
0.8629014084330628
0.44746858535497896
0.10663563149416035
0.0
0.31077642880133377
0.476253686506629
0.0
0.0
0.660668053874807
0.0
0.4000721453509698
0.0
0.21353391143307285
0.8222969205477351
0.0
0.24228991796408086
0.2038086654825239
0.0
0.0
0.0
0.7628734777383736
0.8358974378724485
0.927404608929173
0.47001449502420883
0.0
0.0
0.6414749926262876
0.4069605621100965
0.8716547061844104
0.0
0.0
0.0
0.0
0.0
0.0
0.006209597911874374
0.0
0.0
0.5190198737715062
0.0
0.9862167654707691
0.0
0.0
0.0
0.0
0.31670211722017616
0.09135477728644807
0.7121426443154442
0.0
0.9053368165938561
0.7585780220564317
0.9873705394345048
0.0
0.24191601958003248
0.0
0.0
0.2524600669097361
0.0
0.09347123399278237
0.3837087558758647
0.4751497892831141
0.0
0.10182341641618047
0.0
0.27191690440835997
0.035413856077213764
0.46437764819337635
0.0
0.0
0.591108840080174
0.0
0.853659164238472
0.0
0.7861534732012778
0.0
0.41888656505395894
0.19811576843480974
0.0
0.35484877976732304
0.5298907994260956
0.33333895702248173
0.0
0.3985380587516894
0.0915708965508728
0.0
0.39504371879372246
0.0
0.0
0.0
0.4818238383679986
0.0
0.6567342235136805
0.0
0.31181418962931884
0.6102586403340261
0.0
0.0
0.030956409857521974
0.2210758688403136
0.9156520626470359
0.7723917415603275
0.0
0.0
0.0
0.330813976204751
0.029164114200124523
0.0
0.8248663454119189
0.10634088639916718
0.0
0.5510505371863613
0.0
0.0
0.0
0.8876369196527271
0.5087146429063255
0.0
0.0
0.007251433244034035
0.0
0.1562899516764714
0.0
0.5833628120043602
0.9664033974079858
0.9212851713635117
0.07699236763076286
0.7272529873945928
0.7000023119341923
0.0
0.0
0.29656616770057304
0.0
0.0
0.30386727116086854
0.2615635256102945
0.9258176172342164
0.0
0.9996273178948806
0.0
0.0
0.0
0.9693575099271962
0.0
0.0
0.0
0.0
0.0
0.0
0.0
0.0
0.0
0.2366968721144929
0.0
0.0
0.0
0.0
0.0
0.31800314226830045
0.7230011229960113
0.0
0.0
0.03799221606620533
0.0
0.0
0.0
0.0
0.0
0.0
0.0
0.5222814688917397
0.0
0.0
0.42807899099067037
0.1764963043772082
0.0
0.6647283812772352
0.08464683369232605
0.3084104560013265
0.8777819612956276
0.0
0.1419028881209697
0.04242347522761339
0.510311802838379
0.5362360596842805
0.7196669362136284
0.07441414705879186
0.7710097826710612
0.8376284159694757
0.0
0.0
0.440174074099842
0.2502139050752484
0.0
0.5750239061499772
0.46843485220305564
0.0
0.0703539718231173
0.0
0.0
0.11625141718140906
0.0
0.0
0.0
0.0
0.0
0.013823694496229211
0.0
0.6259429842386813
0.37764100223721947
0.9674908681414992
0.7613471380210077
0.16938735553773338
0.3320074567012984
0.0
0.7932167350174306
0.0
0.2360734361960027
0.44276822956218875
0.0
0.7780996292420647
0.7331874815817911
0.8980931433987833
0.48222074527853415
0.5788339268643901
0.5956491895049232
0.326388621699438
0.47562207657300626
0.0
0.45807017007715595
0.48544921065473284
0.0
0.03812559100045392
0.0
0.2851936539282543
0.9937133706284752
0.0
0.0
0.0
0.0
0.0
0.9983989857187945
0.0
0.8588831477982882
0.7394712288580004
0.0
0.0
0.0
0.0
0.0
0.0
0.05825396228113825
0.01930103597847073
0.5353493154522078
0.5538687935504004
0.36317538274564537
0.3670857067796036
0.0
0.0
0.6419387785501891
0.0
0.29493458782440096
0.0
0.0
0.0
0.9615523643893922
0.0
0.6808148722485101
0.058126855147121924
0.0
0.0
0.0
0.0
0.0
0.8887334829761384
0.6173810673316814
0.0
0.0
0.08124842859478144
0.05972674743981906
0.13180343725333843
0.07365030565650571
0.0
0.0
0.3642003755503821
0.7032108987016267
0.0
0.0
0.44816594680676114
0.5542427861388395
0.0
0.3016546756896158
0.0
0.0
0.0
0.1685656545453218
0.0
0.0
0.0
0.0
0.7113128919396958
0.12672203457789197
0.0
0.5651980889309054
0.0
0.2915108996326211
0.4645747478453684
0.0
0.35291998039147426
0.0
0.9016062665464786
0.0
0.5072392873485956
0.0
0.4709479783787753
0.0
0.344535281265644
0.5117111512600125
0.9671197792310349
0.9280522541020259
0.0
0.0
0.0
0.0
0.0
0.0
0.0
0.0
0.9323649456714899
0.7220351102985099
0.5790115253961438
0.0
0.5644584321146615
0.0
0.9274273757412973
0.0
0.0
0.0
0.0
0.586063459126867
0.0
0.9269638182088052
0.0
0.0
0.0
0.8202085814960898
0.0
0.837695718799461
0.6723624633016806
0.0
0.0
0.0
0.2564840603666739
0.0
0.2569105425304428
0.0
0.0
0.0
0.9875185394852676
0.7886896558175005
0.0
0.0
0.0
0.978016776995043
0.0
0.48284334872371937
0.0
0.0
0.6878872850782113
0.006171066228293713
0.0
0.5767523463616422
0.0
0.8706353029515765
0.0
0.20040137786721046
0.0
0.6729224081980283
0.6364193698926018
0.5506355970865502
0.0
0.5518281575174113
0.7782813472459669
0.0
0.0
0.0
0.7729147330054315
0.0
0.8243110616425425
0.0
0.0
0.6557610842869103
0.6505557801488945
0.727358215649061
0.4305079559668834
0.0
0.0
0.0
0.0
0.6195706478064018
0.0
0.0
0.9912721767956788
0.0
0.37805968232108134
0.0
0.0
0.0
0.0
0.9948515205485746
0.0
0.9865234711178738
0.0030759946400731493
0.6782553495104211
0.4314318724328709
0.0
0.23369365424323607
0.9169722685104761
0.0
0.0
0.0
0.21528305228143732
0.0
0.0
0.30542971022878884
0.5850598666075754
0.9826213014346982
0.0
0.018010319373482717
0.0
0.0
0.0
0.45191355020127566
0.44855832640594023
0.0
0.8148498320176842
0.0
0.0
0.0
0.05803969232064095
0.0
0.682105761259502
0.6699643802120819
0.3422611183395684
0.4705752867627964
0.0
0.5403572448149918
0.0
0.0
0.0
0.0
0.0
0.0
0.0
0.5355732687433864
0.0
0.48908054862501105
0.2881695527650101
0.0
0.0068748909303719425
0.0
0.05539702652849597
0.0
0.0
0.0
0.0
0.4446699256691511
0.0
0.0
0.0
0.0
0.0
0.0869133083094599
0.0
0.0816274334398328
0.0
0.3578580439927912
0.0
0.28654906728357604
0.0
0.0
0.0
0.590508978069742
0.08657931117323818
0.0
0.5172067720587691
0.0
0.0
0.0
0.10521627959565177
0.0
0.8807818206689559
0.0
0.0
0.821988357384111
0.0
0.0
0.0
0.4372556012215865
0.4232041974285175
0.679007848045545
0.34051292446997394
0.8550672476274469
0.0
0.9765026959624356
0.8935061490932451
0.0
0.6315116890328232
0.49513099394163795
0.0
0.41000378752743005
0.0
0.0
0.0
0.0
0.0
0.12294490464593183
0.7341668763527375
0.0
0.0
0.0
0.0
0.0
0.0
0.4733666942488845
0.18529874008208588
0.0
0.0
0.0
0.0
0.3125092650863074
0.3314729485863006
0.4721120692027359
0.8427084339873471
0.10536741986671792
0.0
0.0
0.0
0.0
0.9116423510859867
0.3724975108130093
0.0
0.0
0.0
0.5338916766333132
0.0
0.0
0.0
0.9042173597483274
0.5026710476526515
0.0
0.0
0.0
0.0
0.8391121989799983
0.0
0.0
0.0962843941941067
0.9847193167911722
0.0
0.0
0.034393522142273814
0.8052370205858386
0.0
0.7551258850208681
0.0
0.0
0.0
0.32307574386776783
0.0
0.16956773291217503
0.0
0.0
0.0
0.5069628428001133
0.0
0.2117910777636916
0.0
0.0
0.0
0.8430878769989627
0.5053900822664615
0.0
0.0
0.6181981045205751
0.0
0.0
0.0
0.0
0.6099547989900281
0.5288766418618337
0.0
0.0
0.0
0.0
0.0
0.1520238777531593
0.0
0.6236292822714213
0.0
0.0
0.0
0.49904189770844665
0.39867593313701655
0.869260127826181
0.8269280549586142
0.04749507179345598
0.29977094248271635
0.9185525651376839
0.4519209622950358
0.08510486814414021
0.33465639340841585
0.9157673697142686
0.0
0.0
0.0
0.0
0.0
0.13169833491435776
0.2996324210025989
0.0
0.858061262424886
0.0
0.0
0.0
0.0
0.0
0.0
0.0
0.0740488208890686
0.2337388531969696
0.0
0.0
0.0
0.49287547074631133
0.6177486239682078
0.0
0.13770664492801918
0.0
0.0
0.0
0.3037537628758608
0.6492796224719046
0.0
0.9284809100693602
0.0
0.5651055974246254
0.22803272758989818
0.5499815133165262
0.0
0.5652471734909428
0.9719886302861276
0.048868675807711544
0.7384708752089614
0.2881064484691849
0.0
0.6560412810766585
0.0
0.0
0.0
0.2559925403648978
0.3736077028947437
0.11301179879188457
0.0
0.0
0.029824276516813707
0.47657390513354564
0.0
0.19180747743375592
0.0
0.0
0.3204034091447337
0.0
0.03584592735434379
0.5330064267598569
0.5097996334334477
0.0
0.0
0.0
0.0
0.0
0.0
0.7028825164411919
0.7804245422395062
0.8651818279727556
0.0
0.12580129973711987
0.0
0.16242744488479202
0.36882295024429246
0.0
0.4386996584089707
0.89725658840679
0.0
0.0
0.0
0.4433938041533132
0.0
0.6078952798193286
0.6595932099911934
0.9525879269493653
0.0
0.0
0.0
0.0
0.0
0.32128258359925066
0.0
0.0
0.507958726949039
0.0
0.7610614042690108
0.20691122509118864
0.7364565562640553
0.0
0.0
0.7334066648991686
0.9257885503184683
0.0
0.381236461365263
0.0
0.0
0.0
0.03137444751581885
0.02495985569480923
0.7294961511889434
0.044539705403747805
0.0
0.0
0.0
0.1311868312607251
0.6209870831098127
0.911947662809957
0.0
0.02743114127597928
0.0
0.0
0.871298211806013
0.0
0.0
0.0
0.0
0.9630701248331036
0.0
0.7761626200699905
0.0
0.0
0.7458098345334064
0.6816324672831964
0.0
0.0
0.27078221620271575
0.0
0.0
0.0
0.0
0.07918449385257996
0.0
0.0
0.21061772779443708
0.0
0.9129238710725952
0.0
0.0
0.0
0.0
0.0
0.0
0.03752518847083684
0.7045606760178418
0.0
0.0
0.0
0.8128074223127045
0.0
0.0
0.0
0.221498374894851
0.0
0.9216841457803535
0.10208308204456229
0.0
0.9042586657402811
0.02834261089790852
0.0
0.8567394683110464
0.9132245801730401
0.0
0.6983236391339214
0.0
0.6965843971257897
0.0
0.0
0.13194687128324045
0.8288928617460243
0.6735638915079801
0.0
0.0
0.0
0.0
0.0
0.0
0.0
0.3604295454970192
0.9537201933849297
0.0
0.23262352399491773
0.23856767877978083
0.0
0.06766319445477811
0.0
0.29801076961853784
0.0
0.6999331252565347
0.5584325961937283
0.0
0.0
0.08491377777485762
0.41689469995482836
0.6575576536816209
0.0
0.0
0.0
0.48561700613011927
0.0
0.9830404634143379
0.0
0.2528985990914773
0.15659051015530367
0.0
0.18938038058237866
0.0
0.308264084787725
0.0
0.013116199635822732
0.0
0.0
0.0
0.4120433896123958
0.0
0.0
0.581054967257252
0.0
0.0
0.0
0.0
0.6189438490853609
0.0
0.8500629911591423
0.8155319635165047
0.10091667401936891
0.0
0.19769772841577815
0.0
0.0
0.45632093774455773
0.0
