0.9495300468819893
0.0
0.211506716439842
0.0
0.460926282672226
0.9492620356063282
0.41256415332796814
0.8941258370899612
0.0
0.9058556706022952
0.0
0.0
0.0
0.0
0.0
0.0
0.0
0.0
0.11017501807120231
0.9587925305817041
0.0
0.08494688920563134
0.8227590131369967
0.5356881004277234
0.24002948352654044
0.856339338718016
0.7879159011806033
0.03897912683223397
0.07301284384331243
0.05915713801406867
0.0
0.0
0.6339742556951573
0.0
0.1362299095428878
0.0
0.7420085995973035
0.0
0.0
0.6286085325250672
0.0
0.6182916309275355
0.29732239295826374
0.512763147527886
0.8298901558124179
0.0
0.8600995415534927
0.4479496340934875
0.8432604228934785
0.0
0.1690859559435508
0.0
0.0
0.0
0.0
0.8720039530240101
0.3091441057605788
0.10677601735263104
0.0
0.0
0.0
0.35575875820723374
0.0
0.0
0.0
0.0
0.0
0.0
0.0
0.0
0.8039367814348332
0.0
0.0
0.0
0.8463861825623988
0.6666506033629618
0.0
0.42874093422764636
0.7522813291620702
0.0
0.06191831563673922
0.18356821916057328
0.793616386705032
0.0
0.6232736588536419
0.0
0.4012635180369062
0.0
0.6716767800210045
0.8183722675733057
0.2521192545432447
0.18200599792206112
0.0
0.0
0.0
0.12153013437314192
0.0
0.0
0.3826635906122743
0.0
0.0
0.49801740034374775
0.0
0.0
0.40169238908304
0.4219682040413342
0.0
0.0
0.0
0.0
0.0
0.5812187791468443
0.0
0.0
0.06340339431017258
0.20571290094581976
0.5810677562473291
0.0
0.0
0.47911671042302706
0.4390514716805546
0.1278568137598618
0.024319134516726487
0.43217574097209593
0.43717526977907983
0.5093020211575094
0.3469391325431008
0.9576756262186339
0.0
0.7368121280419168
0.8805955163855467
0.0
0.0
0.0
0.0
0.6113709830145715
0.0
0.812384786634456
0.9615906403964581
0.0
0.22100043397174157
0.0
0.6605228327352142
0.19841737398543563
0.2878658542138909
0.30400484380475584
0.11674613538162493
0.21004423313754939
0.2546622554109152
0.0
0.6894912621262237
0.0
0.0
0.0
0.0
0.0
0.29817813233644325
0.0
0.39410923498614614
0.0
0.3840247128308004
0.9433782154538873
0.17024743563780223
0.0
0.2826170392497762
0.03650683341404335
0.0
0.0
0.0
0.0
0.0
0.0
0.975852699484531
0.1971257811401159
0.7938295595673832
0.17178594376869577
0.0
0.09773466243073932
0.0
0.6634209129961599
0.0
0.0
0.009882065411000127
0.5393935041376479
0.0
0.0
0.9542697965710953
0.0
0.0
0.613088396780301
0.0
0.0
0.4205432518350688
0.0
0.0
0.0
0.0
0.0
0.0
0.0
0.0
0.0
0.0
0.0
0.0
0.9568084552986972
0.0
0.5739190868579256
0.0
0.0
0.9452933416444298
0.18266065308725937
0.0
0.791871395563777
0.6727721372986051
0.0
0.0
0.21392285138315703
0.13847942899847115
0.0
0.7199103187870501
0.22229053826725625
0.0
0.0
0.0
0.3324816500151016
0.0
0.5314024314549673
0.0
0.600654753567386
0.6989689842127863
0.0
0.862063228374446
0.7015283128012725
0.0
0.0
0.13612845132816695
0.2671698027653849
0.0
0.0
0.864835497620339
0.0
0.16554573597763877
0.0
0.0
0.0
0.6957524557475527
0.0
0.0
0.564909898211197
0.3020221589561793
0.0
0.0
0.08188500521359361
0.0
0.0
0.17838345077962142
0.0
0.0
0.9185058006226124
0.0
0.2646743053744569
0.0
0.0
0.016270623854213278
0.0
0.0
0.6221346689303195
0.0
0.8111881474077054
0.9946769836302936
0.33638475995096273
0.20584407795089668
0.0
0.1222708048468677
0.12493880898853411
0.0
0.0
0.0
0.0
0.0
0.0
0.9294894702561572
0.4204380180519988
0.0
0.0
0.0
0.6021162899416143
0.8322385736498279
0.0
0.0
0.0
0.5409272773050834
0.0
0.0
0.5698650939136571
0.018855613875390684
0.8573629370037557
0.0
0.5108852768284321
0.0
0.0
0.0925437707038074
0.0
0.0
0.6631969691337359
0.0
0.7825601006803191
0.0
0.0
0.6319012059764676
0.0
0.0
0.0
0.0
0.5550386174120534
0.09113145126309082
0.0
0.0
0.3534095941620191
0.0
0.3841565324323125
0.7280802303322205
0.8531735034712438
0.5931440073764044
0.0
0.0
0.0
0.1230545237239717
0.0
0.0
0.5117387559080412
0.5743121215251983
0.005867198227021347
0.6220553534037457
0.3801947234222868
0.0
0.22040819436869435
0.29233118405570435
0.33830014291287047
0.13216550681942704
0.5285673343935254
0.5103325296460774
0.0
0.1812150188517465
0.0
0.0
0.2636046370399693
0.6149238944013722
0.0
0.17244385887669433
0.0
0.0
0.9554467046811804
0.7564779017644204
0.892675233055652
0.5513398555609008
0.856270812124365
0.0334691263365762
0.0
0.0
0.0
0.0
0.0
0.0
0.0
0.6244571276541963
0.0
0.8156991706578727
0.47209234403970735
0.0
0.12100859240013731
0.2516862141821406
0.2652876707125845
0.0
0.7383530178071291
0.0
0.0
0.0
0.0
0.23020208010648507
0.15855031028152664
0.9285562260038681
0.0
0.0
0.6455783039882265
0.2405104170721048
0.030260911336112375
0.7756547448261832
0.2534590678187706
0.5201157827710919
0.8529345934887133
0.0
0.0
0.0
0.0
0.0
0.0
0.0
0.0
0.9088670825159082
0.0
0.0
0.45226115366673936
0.0
0.0
0.0
0.0
0.005449401354319558
0.9755699108699082
0.9665181938362404
0.0
0.0
0.0
0.23022026481971752
0.4840041855272514
0.0
0.0
0.0
0.36159822262697294
0.0
0.0
0.0
0.7434059945961132
0.25851860608839533
0.0
0.4434443886245774
0.0
0.10091959568471862
0.29948849885432033
0.0
0.0
0.0
0.0
0.05949658437223233
0.33781130363151396
0.9826122897291492
0.0
0.2080424079747333
0.0
0.4869166602075918
0.7091391496524172
0.03115354698487637
0.6103421733328477
0.0
0.8995281048447603
0.0
0.43832088412886744
0.8498713179474517
0.0
0.17816236255488832
0.0
0.0
0.0
0.0
0.8076436944910628
0.25874082679099425
0.0
0.0
0.0
0.0
0.0
0.02429407953382749
0.0
0.0
0.30382069497076497
0.0
0.0
0.0
0.13049690281184465
0.10074024857585084
0.0
0.9471498427605255
0.8145926060346685
0.9971171173587186
0.0
0.8110546318764764
0.0
0.03849317579766447
0.58286377555776
0.0
0.4220446251063369
0.540292792379435
0.0
0.0
0.48370878117295096
0.7461293153329526
0.0
0.16822909890240426
0.0
0.635053170134393
0.0
0.0
0.872111199665418
0.0
0.0
0.33198716160134606
0.0
0.0
0.0
0.0
0.0
0.0
0.0
0.0
0.9136820760958387
0.6740087113734662
0.0
0.0
0.8908454346379603
0.9062110497991313
0.7652894275980762
0.0
0.5584783303633752
0.0
0.40806600800414844
0.7295597534504699
0.07713227979466368
0.0
0.0
0.0
0.5159258491439328
0.0
0.6494208860995577
0.9328054809332555
0.0
0.0
0.0
0.0
0.0
0.0
0.0
0.0
0.0
0.0
0.3417670669490106
0.0
0.5362456916097529
0.3497648535282338
0.0
0.0
0.7016793922346463
0.0
0.0
0.1798595375256647
0.0
0.6286750769691654
0.0
0.0
0.0
0.0
0.0
0.0
0.0
0.0
0.5672644226962785
0.0
0.0
0.8268558599267949
0.8631996533706887
0.5929573858358392
0.6188177462209951
0.014020595833302204
0.12143405744109766
0.4008849451455535
0.0
0.09362590385412105
0.6781214331785061
0.022220119118349535
0.0
0.5322137914258454
0.0
0.39614544592114104
0.0
0.0
0.0
0.9939052416426176
0.8330831307542903
0.7975813634068378
0.08489516505279937
0.31738350436571494
0.15489161129235895
0.886109904448102
0.0
0.5259648799287822
0.9931622219341618
0.0
0.0
0.0
0.0
0.0
0.0
0.6363819574787024
0.0
0.0
0.0
0.0
0.0
0.0
0.0
0.2351119675211644
0.5503836604513498
0.0
0.0
0.0
0.0
0.24591578096618896
0.6489331552329443
0.0
0.2200575098800744
0.0
0.0
0.0
0.0
0.7715841115003975
0.6437842576181678
0.9896016223654581
0.9593805654647711
0.0
0.0
0.0
0.5649654246112902
0.840141749413148
0.6697659467659675
0.0
0.2586580132703026
0.6661762402820725
0.0
0.9103335987050124
0.9174405613089359
0.0
0.0
0.38100344501916733
0.0
0.4963804765782563
0.051782500954920645
0.501125252905336
0.1491458003238183
0.29445727205885147
0.0
0.8255810109777308
0.0
0.0
0.0
0.3408869316682846
0.0
0.0
0.0
0.0
0.0
0.0
0.0
0.534601571239326
0.0
0.0
0.0
0.4176844953897871
0.7487500464274377
0.0
0.5624015013637295
0.1456340121147942
0.4438014919177373
0.0
0.14311484319274206
0.0
0.568574594950706
0.0
0.0
0.8309911992581496
0.0
0.0
0.5512531295710784
0.6663491252171001
0.0
0.0
0.0
0.0
0.0
0.6320918870064601
0.0
0.12877356947823598
0.0
0.90795594053173
0.0
0.9366030450704665
0.0276491611516043
0.0
0.2881366105233776
0.0
0.0
0.7108230315924436
0.0
0.0
0.0
0.6899335816507287
0.9599931952176978
0.0
0.0
0.0
0.0
0.0
0.0
0.0
0.0
0.8902916597921673
0.47780064584339965
0.1603041361231637
0.530527908334552
0.0
0.7190502178989463
0.0
0.29367609695131675
0.0
0.0
0.7737879599807579
0.0
0.09040964476765238
0.0
0.0
0.0
0.1839661840426916
0.0
0.0
0.4754002034023014
0.6866431918830074
0.26409123996996325
0.6085366696843729
0.7729860694746682
0.7208808236907254
0.0
0.9564920634151461
0.0
0.0
0.0
0.2511984446858153
0.6702848451752865
0.6818099384037822
0.3682050827613614
0.0
0.0
0.0
0.0
0.9335740680975233
0.0
0.5126011498845879
0.816538338533702
0.0
0.877842130881022
0.0
0.0
0.0
0.9053628396028573
0.0
0.8724828365107922
0.0
0.5866533719536271
0.0
0.2350187436842921
0.0
0.0
0.0
0.0
0.0
0.0
0.0
0.0
0.0
0.0
0.43227860889393105
0.0
0.2132748367904894
0.27040799513904357
0.0
0.4208776382103354
0.46884717822589606
0.007720341503391291
0.23970009724927643
0.0
0.8175954928670849
0.67322286732728
0.7614787289971173
0.7664784135696535
0.5358178947701072
0.46256380235829325
0.0
0.0
0.0
0.39325190141571403
0.10944308652294789
0.10273370695168603
0.9985832765799159
0.0
0.7767516605372818
0.0
0.0
0.0
0.0
0.43902649220911677
0.0
0.0
0.2529436017443577
0.8843793358681747
0.13560302288366907
0.0
0.12470779048877968
0.0
0.29038519951347835
0.0
0.45094584987524877
0.0
0.0
0.0
0.6066487543322052
0.08217808372624892
0.0
0.0
0.0
0.0
0.0565079292616485
0.0
0.0
0.0
0.9991787874396489
0.6662150951190821
0.0
0.0
0.7751875424339599
0.3872635522598193
0.3321461743955368
0.664333171730608
0.0
0.9031138000284148
0.0
0.5458135352632997
0.5268364722305648
0.2482584868735319
0.4676017163812311
0.8580446970399015
0.0
0.0
0.6988807257097146
0.29094373357617814
0.0
0.7809494331704492
0.9036879264602238
0.4416663062616983
0.0
0.7525023557867389
0.01130860454573098
0.0
0.0
0.0
0.8642985921986333
0.020565992739092244
0.267613517882095
0.0
0.25639255603910943
0.0
0.2775909847103662
0.9253777500796997
0.0
0.0
0.7319087373590097
0.0
0.020183970323550873
0.28638946459377707
0.0980560191957341
0.0
0.0
0.38827983106011743
0.173392205142624
0.0
0.823234505511209
0.9373389586129
0.0
0.0
0.8683143491261286
0.0
0.03109501642401095
0.5106187943399373
0.22419368287535796
0.9739685938560394
0.0
0.26663740561651056
0.0
0.0
0.0
0.0
0.0
0.36907308421471724
0.0
0.7679682724265827
0.0
0.6914379398098849
0.0
0.0
0.0
0.0
0.0
0.0
0.0
0.2855645090194485
0.7078783479000925
0.0
0.3030358060800363
0.0
0.0
0.8179524132323789
0.3951794483467907
0.0
0.0
0.0
0.6012672125444076
0.0
0.0
0.7628173054166183
0.0
0.7715347148546375
0.0
0.4772351679072619
0.6747535232505921
0.0
0.0
0.0
0.017313173313579844
0.0
0.0
0.36191782932985944
0.0
0.0
0.5482141849055111
0.0
0.6946557319484954
0.8622134910310293
0.4824746915804877
0.0
0.0
0.267361295929923
0.0
0.15957883747149956
0.0
0.14036395534250196
0.0
0.699235429712145
0.0
0.9951932807791926
0.9705235453640904
0.9908312269765183
0.08128765544851178
0.07449668623208121
0.0
0.0
0.9996886024326647
0.0
0.32754671714605277
0.8436403156926436
0.1498548196770713
0.738354401597847
0.0
0.939908897965214
0.9472373284685981
0.7192710072355695
0.30092974551675467
0.43390937689909576
0.0
0.0
0.0
0.0
0.7121315795954204
0.0
0.0
0.0
0.3951719161576211
0.0
0.0
0.0
0.0
0.0
0.0
0.0
0.0
0.04278173314487524
0.7057536784471626
0.0
0.0
0.0
0.0
0.5009515901472666
0.9317042714944316
0.8504099257394749
0.8529845889763736
0.0
0.0
0.0
0.2927594884710631
0.0
0.0
0.307557407418922
0.31694897845157777
0.0
0.0
0.13221872929670828
0.1530370742878366
0.29062607032984006
0.17492425537833348
0.8736012792920881
0.31429138122560396
0.0
0.0
0.0
0.0
0.0
0.0
0.0
0.0
0.0
0.2616164833276639
0.7295454570568176
0.0
0.0
0.6117445271161134
0.11086657525913887
0.9240811044941947
0.38392493955586676
0.0
0.6259227542304561
0.27533337028645544
0.0
0.0
0.0
0.0
0.4048092839997545
0.0
0.0
0.03909560456571386
0.7536117989734225
0.27881337434206716
0.3902565780065469
0.8389514578968523
0.5418730191919745
0.4415821611769299
0.0
0.0
0.0
0.36154325396698567
0.0
0.0
0.0
0.0
0.0
0.0
0.1586409076322612
0.8970238694145436
0.17762188555541544
0.0
0.0
0.0
0.21849182873683679
0.8615617163905347
0.0
0.3873990072151277
0.3633775396806734
0.6601014409539206
0.0
0.0
0.0
0.5404271045788139
0.0
0.22068106999409945
0.38922210149906133
0.0
0.3953138465070304
0.0
0.5114990121720141
0.4800778799583879
0.0
0.34289644698886995
0.5310682821844454
0.17660489029897533
0.2378809542655797
0.47031637606533716
0.0
0.0
0.0
0.0
0.06862124703561732
0.0
0.0
0.0
0.6117672823060837
0.0
0.9923206406062881
0.3948056249037778
0.5110616408636297
0.0
0.6088675839167359
0.14783998401374226
0.0
0.0
0.43695813093461094
0.7563263766917213
0.0
0.9707189308036677
0.3794369249305157
0.6181159892913833
0.5500668715685241
0.520252251857996
0.0
0.0
0.5497090056664805
0.0
0.888680336763649
0.13567410900072807
0.0
0.0
0.0
0.4046039503226279
0.0
0.0
0.23994395184324135
0.7186934558108112
0.032595396229935195
0.0
0.0
0.24556679157722358
0.3224225738004402
0.21395174505587553
0.26196987719621384
0.0
0.6783790469395303
0.7282985058119086
0.0
0.0
0.0
0.0
0.0
0.0
0.0
0.591417664211546
0.11464186928993145
0.0667555211078909
0.8285844267784429
0.9814745604334304
0.0
0.0
0.9201580478653041
0.0
0.3334722845800355
0.25275875543821963
0.0
0.21264218651475847
0.0
0.03873271575928959
0.9108757895094831
0.519702467238276
0.0
0.03287376629996484
0.5999097029845829
0.0
0.0
0.33940459912246623
0.022215724915315357
0.8773167325821911
0.6373810590407707
0.0
0.0
0.0
0.3629337695681997
0.7005129102103062
0.0
0.0
0.0
0.969653348027565
0.0
0.0
0.22278166526637122
0.0
0.0
0.6683253236510315
0.0
0.16740786116824805
0.2639501986198402
0.0
0.48206954244461736
0.0
0.0
0.9970488836062507
0.0
0.5521044860831334
0.23271896302763612
0.0
0.0
0.0
0.0
0.0
0.07592240841798399
0.0
0.0
0.4580356982596046
0.0
0.4437518757198898
0.0
0.0
0.0
0.0
0.0
0.0
0.028166680751035095
0.0
0.0
0.09650178096898732
0.0
0.9076727082632049
0.8049269523663786
0.17340791391209187
0.0
0.0
0.0
0.0
0.0
0.0
0.0
0.0
0.022721285102864138
0.0
0.0
0.0
0.0
0.7562767309050753
0.0
0.0
0.0
0.2566868206684958
0.0
0.7293557201326616
0.0
0.3330655206274537
0.9200881773553105
0.4477686067417854
0.06698304026964118
0.0
0.0
0.07725979285323045
0.9595049671047254
0.0
0.9184903161518863
0.0
0.6485783906010097
0.0
0.8855168483079311
0.1199262002445734
0.2501793370709177
0.0
0.39184229857243136
0.0
0.8548804824325057
0.0
0.0
0.09331815565921077
0.31937450353684477
0.0
0.6366264769477928
0.0
0.0
0.0
0.9224271140289139
0.5687460238238542
0.0
0.0
0.9432494706765087
0.6884325367461422
0.0
0.9659571059240255
0.0
0.4788887453679005
0.0
0.0
0.0
0.0
0.0
0.5193636937506636
0.3519191611663604
0.0
0.5369550294093257
0.9399158773894885
0.5524092646398945
0.3159034447606343
0.9331424286651034
0.0
0.036540504265104294
0.762343383356621
0.9777092239043238
0.0
0.0
0.21808152077028403
0.0
0.46242352381288804
0.5463705035060747
0.0
0.0
0.0
0.3661645282464483
0.0
0.0
0.0
0.0
0.0
0.8768964289430038
0.0356929164706921
0.0
0.0
0.0
0.0
0.0
0.0
0.0
0.891077507042878
0.0
0.0
0.0
0.0
0.0
0.0
0.8846407861791871
0.9891698828362159
0.0
0.0
0.7696087837721169
0.9953300414063542
0.20903577018503486
0.4465239624863761
0.8904273402776863
0.0
0.0
0.0
0.0
0.2890834334283667
0.0
0.0
0.4903935130638141
0.3691262148820031
0.8161649905004429
0.9556523637966993
0.0
0.0
0.6044655647002247
0.00856766692277144
0.0
0.0
0.6958409035006093
0.0
0.0
0.9174246172733419
0.7274383277085485
0.6766995656726933
0.0
0.277325853871605
0.0
0.05675865269845421
0.0
0.0
0.0
0.0
0.0
0.0
0.6051802523471825
0.24060741062504215
0.0
0.0
0.6553137437930219
0.0
0.0
0.0
0.062025360370325584
0.028687445195229325
0.0
0.0
0.9236000970071883
0.0
0.2367010413749452
0.0
0.2652006113909948
0.0
0.5756901679289893
0.0
0.08449132696321618
0.059619238286908245
0.0
0.241476009604517
0.0
0.5895535488720922
0.0
0.5614388748078906
0.0
0.8929247324223113
0.0
0.0
0.0
0.0
0.0
0.10790280195737505
0.39263794279420833
0.0
0.0
0.0
0.5336930070940468
0.8913601812690464
0.0
0.0
0.0
0.8659416940771221
0.0
0.0
0.8700884548089234
0.0
0.0
0.0
0.11575600663490447
0.6920359731167254
0.0
0.5934527903949914
0.0
0.0
0.0
0.0
0.0
0.8384719869043694
0.7804137514950086
0.0
0.0
0.6342659805802411
0.0
0.0
0.18375243787309414
0.10797195162061858
0.26204269274143327
0.0
0.008721484804760865
0.0
0.0
0.8020064750776892
0.0
0.0
0.0
0.061947197011406024
0.6306306862503495
0.16196935237938734
0.0
0.0
0.0
0.8611574313723984
0.10024679971446318
0.0
0.0
0.19303139152431192
0.6114816224400006
0.9851921868299177
0.0
0.7396990772437245
0.24035403469957095
0.7170815811340973
0.29594392331128877
0.1145998476518594
0.3470200596532728
0.0
0.9201806987890927
0.0
0.23881727503619835
0.0
0.8580178406822259
0.0
0.8204078877918819
0.7095255026525491
0.6155873792121535
0.4907529864670453
0.0
0.0
0.3582778530022108
0.0981496554842617
0.7394115593868552
0.0
0.9910324115079103
0.0
0.611879288167777
0.019420252114076365
0.8475868477872133
0.37573751238832676
0.0
0.15039883757558078
0.0
0.0
0.0
0.0
0.0
0.4587736747684704
0.0
0.0
0.8549050897150993
0.0
0.0
0.0
0.0
0.0
0.7791052545916772
0.0
0.4536850885921021
0.0
0.15550166153733921
0.795717452297178
0.0
0.0
0.0
0.0
0.0
0.11001526243293853
0.0
0.3660352039234505
0.05416559390372263
0.0
0.43412859559471334
0.18390184667251494
0.0
0.0
0.8694864279353433
0.4400642273890583
0.0
0.0
0.37062379349069774
0.6209587021613585
0.0
0.38374117734159
0.8708304267309254
0.16113877084745623
0.0
0.0
0.8466924796773361
0.0
0.0
0.3734309614289804
0.0
0.0
0.3564218864952742
0.0
0.0
0.0
0.0
0.2346341791784502
0.0
0.7469811924767104
0.0
0.0
0.0
0.0
0.2175332771093807
0.0
0.0
0.0
0.5430070256245472
0.22847867516372128
0.0
0.8081032661926074
0.0
0.7391824693727688
0.1497033632914529
0.0
0.0
0.0
0.0
0.0
0.3362854699137374
0.0
0.9667887372447902
0.0
0.3401619664888259
0.9180689472305608
0.0
0.0
0.0
0.0
0.9877143884212395
0.4974462686372375
0.8800560514228122
0.8698065114618729
0.8590961932738689
0.0
0.0
0.0
0.4956074383537935
0.7105641569997936
0.0
0.9415260945563075
0.4142021348237853
0.0
0.8480434807352601
0.6167176682600334
0.0
0.4490207834285963
0.0
0.0
0.02511972118300919
0.0
0.0
0.05717979406210314
0.0
0.0
0.0
0.9977406943452246
0.0
0.0
0.0
0.8393263520923114
0.0
0.0
0.9052038044873636
0.0
0.0
0.0
0.0
0.8446243082882805
0.0
0.8887546977791456
0.0
0.9755733037399779
0.6255744961263026
0.0
0.0
0.0
0.0
0.11133789110246493
0.8513124320049658
0.12064734551774867
0.07815447322106356
0.0
0.30349290442275034
0.3206137868571189
0.6854588220071566
0.0
0.0
0.8141646091628266
0.9483254333464828
0.0
0.0
0.0
0.0
0.0
0.799592313534124
0.0
0.2977235753746977
0.0
0.03564164765960603
0.43767544928858704
0.0
0.0
0.5870690341765047
0.0
0.0
0.46646550117648544
0.0
0.0
0.0
0.31657339562136033
0.0
0.0
0.0
0.0
0.9660759131000407
0.7489196580047636
0.6926567303325184
0.8887966086811948
0.0
0.25225062237909507
0.0
0.0
0.0
0.40625641399503243
0.8545322584144974
0.0
0.0
0.0
0.0
0.0
0.8806617179104231
0.0
0.0
0.0
0.0
0.7053871174364192
0.019805432803776727
0.0
0.5270974707607398
0.0
0.0
0.0
0.2281376841736449
0.5291114485239384
0.0
0.0
0.0
0.5509819963090851
0.0
0.0
0.5528710513303469
0.0
0.0
0.9786407660848788
0.0
0.29666610549536593
0.0
0.5846205876519361
0.0
0.0
0.12180271899214337
0.0
0.0
0.6140605272089813
0.2474019479253722
0.0
0.21177458977084188
0.054507281016377376
0.9933517380231878
0.6060056307215285
0.0
0.0
0.0
0.9164784041347857
0.1278008316314646
0.6127512009740401
0.0
0.0
0.06692407386344211
0.4662192988783672
0.0
0.0
0.0
0.34920424549889256
0.827095892344757
0.0
0.6741732532574491
0.036430692348710575
0.07727800083296911
0.0
0.0
0.0
0.0
0.0
0.0
0.0
0.0
0.17046635671689128
0.0
0.0
0.0
0.5202231339814408
0.0
0.5045329921063674
0.9694411138000276
0.0
0.16267524212426465
0.0
0.8130872113479727
0.0
0.0
0.49446364484863925
0.0
0.0
0.6994397043813776
0.0
0.41559990290215376
0.04930649449212177
0.0
0.0
0.16852558824833894
0.8292898666593943
0.0
0.0
0.0
0.6898505567143588
0.11275077371322184
0.0
0.7442762114738216
0.0
0.20387472635639212
0.0
0.0
0.0
0.0
0.0
0.11848143213440467
0.0742109632893627
0.0
0.0
0.0
0.0
0.0
0.9533789090826555
0.0
0.0
0.0
0.0
0.1793424483091189
0.4047628264769839
0.48309507713363
0.3761888990982184
0.23857385934194814
0.0
0.0
0.09744305920799937
0.0
0.0
0.0
0.0
0.0
0.0
0.43905478586957114
0.0
0.45897896314374503
0.27060205620623146
0.10409932026964873
0.7206514701559108
0.9893314165795795
0.036940531059544146
0.40129936497866087
0.7599704619756501
0.0
0.2535284634707309
0.0
0.9333988758868416
0.09329334391417626
0.4778059373201693
0.46966678866340456
0.0
0.25614005214177515
0.4822766747514464
0.31265060953668683
0.0
0.11994382161111314
0.0
0.6264107956644779
0.9313978620485253
0.0
0.0
0.0
0.11325285584624581
0.0
0.0
0.14752393909284509
0.0
0.6030901396728818
0.950944417181419
0.0
0.7933690274036043
0.0
0.8320679860277368
0.6580223389764686
0.0
0.6237538713619186
0.0
0.0
0.0
0.0
0.0
0.0
0.09670698255703192
0.0
0.6090322572060541
0.0
0.30901842779675565
0.36419010965866283
0.06680317397379809
0.0
0.0
0.56832426121535
0.24615793883602582
0.0
0.0
0.0
0.596815925439572
0.0
0.0
0.5580543422029752
0.0
0.33278232895343823
0.0
0.482197003171897
0.9855558913831522
0.0
0.0
0.0
0.0
0.237703435481452
0.0
0.0
0.38367569056895773
0.3707346989045366
0.0
0.9990532566028537
0.0
0.7950192201600885
0.6289721415932268
0.0
0.6492314294591008
0.0
0.0
0.0
0.09881738521332344
0.0
0.49111557312733706
0.05435862509547338
0.5417291227041124
0.0
0.0
0.0
0.9724090390248623
0.0
0.0
0.0
0.5983409714346427
0.0
0.31788541313662005
0.6720158764608103
0.4544613214427338
0.7350742228711559
0.9547971029192304
0.0
0.0
0.6974228923818659
0.8886846631599317
0.1788067794351226
0.15242174695180116
0.6642206511829557
0.0
0.0
0.0
0.0
0.9752935444031113
0.0
0.0
0.6554218615616363
0.0
0.0
0.0
0.0
0.0
0.0
0.0
0.0
0.47355344471507294
0.9545648833579845
0.0
0.7494789188374469
0.5787341922689476
0.9170164855742503
0.0
0.8769818872503673
0.1606325543474735
0.004206238346790029
0.0
0.0
0.0
0.0
0.5617780469262462
0.4850729381676161
0.0
0.0
0.4719405823674381
0.0
0.20659212721230008
0.0
0.0
0.0
0.0
0.0
0.3554018724834361
0.0
0.50386150448529
0.0
0.1892281944003579
0.0
0.5826750378400145
0.0
0.0
0.0
0.0
0.0
0.0
0.0
0.0
0.9603002029671778
0.0
0.42618628093663313
0.0
0.3970691062005737
0.978130494426014
0.6476432894468179
0.27509182782244535
0.0
0.5328893852260215
0.0
0.0
0.612509707029213
0.31134285669447875
0.0
0.7659502611446364
0.0
0.0
0.0
0.9170382516332888
0.0
0.7764790854982176
0.0
0.0
0.0
0.7627897529406521
0.473378515761286
0.0
0.0
0.982669172212303
0.4840213054103917
0.9527626373458683
0.0
0.0
0.0
0.0
0.6784125215726892
0.163047750688363
0.0
0.0
0.2667419877671473
0.0
0.9312796940566377
0.0
0.0
0.0
0.0
0.6249541761061717
0.0
0.8504789012128424
0.0
0.0
0.4666840177384182
0.0
0.44665122746033514
0.0
0.0
0.0
0.0
0.6028899545006805
0.0
0.2780992344940208
0.04217935882566352
0.0
0.0
0.0
0.8980777533577973
0.0
0.0
0.0
0.0
0.0
0.0
0.0
0.0
0.0
0.0
0.0
0.8533648816872712
0.0
0.6716840594013654
0.0
0.0
0.06764623058134643
0.0
0.9339286700915265
0.0
0.0
0.8473800751687192
0.0
0.0
0.326193493239506
0.7462576500830684
0.010677869408762808
0.0
0.5991173933600021
0.0
0.6192727485294857
0.1211477444216454
0.0
0.0
0.0
0.0
0.7248201895813793
0.0
0.4417758459780864
0.0
0.5215298045444865
0.713879072824955
0.0
0.0
0.0
0.004991259102793254
0.03228598630845556
0.0
0.0
0.0
0.0
0.0
0.0
0.0
0.647110240364411
0.14153074255379716
0.8233835576768744
0.864861233352819
0.5278351055241588
0.0
0.0
0.0
0.6237933174536835
0.23370406287190004
0.7936493523264403
0.3797881082255731
0.0
0.0
0.0
0.4596404905667087
0.0
0.0
0.0
0.0
0.6958015786595197
0.0
0.4544188538393173
0.2655159491390659
0.0013580164050764605
0.2392721656682936
0.24815265610929207
0.0
0.0
0.0
0.0
0.0
0.0
0.0
0.0
0.3776605670168993
0.0
0.0
0.0
0.0
0.0
0.0
0.0
0.0
0.0
0.008119724099969266
0.00373868915669736
0.0
0.0
0.0
0.910641359833271
0.2033672028757987
0.25391334216799843
0.011446622013930458
0.0
0.3225773318681298
0.0
0.0
0.0
0.0
0.0
0.0
0.0
0.0
0.0
0.3373237959693338
0.0
0.0
0.0
0.0
0.0
0.0
0.0
0.23752726488415005
0.3108783110795539
0.23632128720828252
0.8804603010489164
0.0
0.0
0.704928585245293
0.0
0.5042933424384635
0.0
0.0
0.0
0.9461918817484032
0.35945848272442166
0.5290530117911032
0.8235469988046091
0.0
0.9082828945202038
0.23644931673677208
0.6886960796123516
0.6474167493704972
0.567381612583259
0.0
0.0
0.0
0.0
0.8441212791839414
0.3013404877786427
0.0
0.27243888048541015
0.0
0.0
0.0
0.0
0.0
0.0
0.6354088243546016
0.813310313787677
0.2549080758177462
0.0
0.16335579178481216
0.038766147608532746
0.9976048223227681
0.0
0.0
0.0
0.31946464984959577
0.8500696870187177
0.0
0.2863606392232126
0.07378068372314894
0.7596160446565864
0.323834849235126
0.5521189208182771
0.0
0.0
0.44462545919255203
0.0
0.0
0.34726878931892086
0.0
0.3015016922744726
0.0
0.0
0.0
0.0
0.0
0.03105525425784266
0.0
0.0
0.0
0.16241581258321483
0.0
0.0
0.0
0.0
0.23039107543784473
0.0
0.3421826818607645
0.0
0.0
0.0
0.0
0.0
0.0
0.5343609347054319
0.24272241606495926
0.40580226997047764
0.0
0.8003567857935174
0.0
0.08466310009084091
0.0
0.966454918243463
0.6658462415120835
0.03294759934372694
0.31631881232389253
0.27441134033775755
0.0
0.0
0.0
0.0
0.0
0.0
0.0
0.5016761417920403
0.0
0.0
0.7808376763518355
0.0
0.0
0.0
0.013925921144669912
0.0
0.6539030912187831
0.36624268218322215
0.0
0.7782808567649332
0.25777679564928774
0.0
0.0
0.30809188081018146
0.2197065482031315
0.0
0.8659504764533889
0.0
0.2919502375282077
0.0
0.0
0.0
0.2884959465444573
0.0
0.0
0.0
0.0
0.0
0.0
0.1955857436932279
0.0
0.07464836584623094
0.0
0.4338195206172222
0.0
0.09496185717154824
0.13912518070707394
0.0
0.0
0.0
0.014997681711153767
0.6631994709551937
0.6656696568336289
0.7563594870828195
0.0
0.7042190402256038
0.8423433697619835
0.5886150549908165
0.8603470849542834
0.23586819666230205
0.9171371151129443
0.3595054486478379
0.0
0.4743140845389838
0.0
0.29015235436076375
0.0
0.0
0.0
0.0
0.0
0.0
0.8967088961929843
0.5885546430265364
0.7521387567310366
0.0
0.7999029912279569
0.0
0.7896765273813391
0.6441525524209564
0.6920251106947312
0.0
0.6156053984570854
0.0
0.8075126680483707
0.8867280493548624
0.2526211332456587
0.0
0.0
0.8149640461070452
0.0
0.6327198173181989
0.12249722830161493
0.0
0.34587869844164887
0.0
0.8626049295480896
0.0
0.0
0.0
0.0
0.563254375889805
0.4130638733321086
0.0
0.5194611665046518
0.511875583027306
0.5552555237825052
0.0
0.018629344418680284
0.0
0.153579408347575
0.8892219922819232
0.3454704942587838
0.024392757990798236
0.8822785391705832
0.33991623536453797
0.7860191924226194
0.0
0.7581439339131771
0.9155693219990985
0.11785365205838469
0.43849771503263235
0.0
0.21420176241282882
0.30417475691099455
0.37965118282666593
0.0
0.0
0.0
0.0
0.0
0.0
0.0
0.34376362618605527
0.7051267740079017
0.6498614760204893
0.7019998271141894
0.8675915458025524
0.012271464588319007
0.7647146693341527
0.0
0.0
0.814444850184937
0.0
0.8106979279764778
0.0
0.6160935724489909
0.816291961626074
0.0
0.19997038981791726
0.0
0.7598916382967787
0.375308299866263
0.11960699123230696
0.495217313966949
0.7933753336325987
0.8147953850260089
0.7557330811022029
0.0
0.0
0.0
0.7892395600233819
0.0
0.7267050868660391
0.0
0.6898179833140474
0.7630018997520586
0.7373329103225309
0.0
0.7114339007495616
0.47058478665073933
0.0
0.2837991922247192
0.0
0.0
0.6360530761679677
0.34581827222489897
0.0
0.0
0.0
0.2956457021039737
0.0
0.1888079201868039
0.0
0.9949193342896554
0.8944485417898147
0.0
0.7986473247195126
0.558354886486847
0.7602891736656286
0.0
0.0
0.12087506124854108
0.38728689869507354
0.0
0.4611376492796999
0.749104550576377
0.0
0.0
0.0
0.0
0.0
0.5631894307574399
0.9990972423076195
0.0
0.5800359703879293
0.3114955207781493
0.0
0.09994014273258604
0.11505974956342521
0.0
0.0
0.0
0.5368388727173959
0.0
0.2284716453481447
0.0
0.016288625516108397
0.0
0.5579277407833323
0.3457898688391337
0.13774609654761344
0.5958709527084097
0.0
0.0
0.22112863194197477
0.0
0.8515000764148233
0.0
0.0983879516768957
0.07644855723937129
0.0
0.776101303642355
0.0
0.8865060806241919
0.07674451431631306
0.0
0.0
0.0
0.0
0.0
0.0
0.0
0.0
0.44051330043319914
0.05054302694851085
0.8616874566345606
0.5796239640290265
0.0
0.3601873715739418
0.0483873953175112
0.0
0.0
0.46830876163551116
0.40400167548252564
0.9627390545936928
0.07906611054138447
0.9564814982277228
0.5524524889945501
0.05095553538519455
0.8105785241944624
0.5237696357619023
0.5415828006668656
0.0
0.0
0.12458885217212516
0.0
0.07319450378420174
0.0
0.7032951652589657
0.0
0.3953144579338437
0.0
0.5566350596089013
0.0
0.0
0.900184134875239
0.04216467185235407
0.0
0.0
0.0
0.07394018706951308
0.0
0.0
0.7874399193086729
0.8043790102835072
0.0
0.6911329156263346
0.4196606346836453
0.0
0.0
0.0
0.0
0.0
0.5407318667840286
0.0
0.4480969661620184
0.0
0.3092898926443289
0.0
0.0
0.0
0.32129923163934476
0.012057781751136747
0.0
0.0
0.2620827118655435
0.05684282261900593
0.0
0.0
0.1959015153530257
0.3756484125362911
0.2579855990283813
0.3094475425650787
0.0
0.0
0.7827194841264776
0.4589787158255824
0.0
0.0
0.24404787546684076
0.6456979278464994
0.0
0.1420238773988312
0.18624184297965485
0.0
0.0
0.0
0.7187941653666858
0.1447564909731463
0.0
0.0
0.7642373757975685
0.0
0.21115525706014843
0.0
0.0
0.0
0.020030709765149195
0.0
0.0
0.24423178714548446
0.0
0.5635797562345711
0.3560712260201815
0.0
0.0
0.5883245239795308
0.0
0.9595358443362451
0.0
0.0
0.0
0.0
0.0
0.039685961620167985
0.6609378807153448
0.0
0.5402962198018902
0.0
0.23924178323638842
0.0
0.0
0.0
0.0
0.0
0.0
0.0
0.0
0.0
0.8769740070939759
0.5470592900008776
0.0
0.0
0.0290189441733338
0.3475730959932654
0.7122626223481382
0.0
0.0
0.0
0.030608756782064466
0.13697735896082974
0.018534773369941384
0.38878577898432903
0.0
0.034611528250563815
0.0
0.6061602647108317
0.0
0.6208584965189635
0.0
0.7869247706792554
0.0
0.8138420116660828
0.655586957013751
0.0
0.8826472242085851
0.0
0.8129335986673668
0.0
0.0
0.0
0.0
0.0
0.0
0.0
0.0
0.0
0.29997208262897673
0.0
0.0
0.3544534104776474
0.929998449415431
0.0
0.9578236678239906
0.0
0.5297351597244491
0.0
0.0
0.0
0.0
0.12298828731199804
0.9500455258321158
0.5713630508588154
0.0
0.47689336523285
0.0
0.7793735853642566
0.28438513317573355
0.39676024614434324
0.5008051099056056
0.38161299207368105
0.017226079955346238
0.9025011509533154
0.0613463336585923
0.0
0.0
0.6574755413014666
0.10001001052737617
0.0
0.5821540399141186
0.9127578358346515
0.5306818183543536
0.7581933245408666
0.09041531129228181
0.17469283062170676
0.14583368415464973
0.7840397043496478
0.0
0.26202080828519375
0.7562521608089848
0.0
0.0
0.05980010157565321
0.9653471340201266
0.0
0.980261692163103
0.5825741903193749
0.0
0.1722927478658756
0.3021867676354599
0.20111445929399901
0.01517198528248293
0.0
0.0
0.8529391456766866
0.4385176351899495
0.8850879199234469
0.0
0.6967588706569414
0.8418613885598402
0.9389429831948763
0.6411858336890989
0.0
0.0
0.0
0.0
0.0
0.0
0.0
0.32650114413716175
0.0
0.0
0.0
0.8100659250710123
0.7026913817005432
0.43935447641783726
0.6807295893886082
0.7140084281594663
0.7328617443170384
0.0
0.0
0.9519390963722336
0.9953747528625199
0.5790905695044214
0.0
0.7321431200463404
0.0
0.0
0.0
0.7385503229231013
0.5404642722368391
0.0
0.21293462142831407
0.929997029688853
0.4674401125270807
0.7112790334429783
0.18386325359667913
0.0
0.0
0.0
0.0
0.3945701583839197
0.0
0.0
0.0
0.0
0.07685083812704917
0.26283249488815635
0.982990818214042
0.0
0.0
0.7946163482086375
0.7193615056176084
0.6733889304247095
0.0
0.4840780736982113
0.0
0.0
0.0
0.8550911681484709
0.1661741304486788
0.24602025378295278
0.0
0.21700939239253864
0.0
0.0
0.8471389902307936
0.5922922374051057
0.0
0.0
0.3991064667779726
0.029789287155610234
0.0
0.0
0.0
0.7648149638283653
0.7345612350712305
0.0
0.0
0.0
0.3074435922378393
0.9431359406205533
0.0
0.0
0.07051249310133308
0.02280205588601491
0.7431625582732521
0.14010369229954836
0.0
0.5485917257549691
0.0
0.0
0.8515103959224593
0.0
0.0
0.0
0.0
0.05263800709075543
0.05534815126175031
0.0
0.0
0.0
0.0
0.08975290339317854
0.0
0.17279224822949332
0.151862697858565
0.6005467627961926
0.03685181395047578
0.0
0.0
0.0
0.0
0.8645876330566826
0.49455223333011344
0.22265427771941684
0.8569791217761542
0.9225389422121785
0.05580378209899702
0.6773958194406102
0.0
0.0
0.0
0.0
0.5695602937592551
0.8394885004276427
0.0
0.0
0.7342219123774205
0.0
0.0
0.0
0.0
0.0
0.0
0.7167630171118112
0.0
0.0
0.31462295508903937
0.0
0.0
0.0
0.05071278287665452
0.5003121063320001
0.6417768020654278
0.0
0.8647572047079078
0.4080618277489378
0.0
0.5389131919559592
0.7692749581389207
0.0
0.6031251440738502
0.5567250440144722
0.0
0.0
0.0
0.0
0.12343705287187944
0.0
0.0
0.0
0.3959468738029413
0.0
0.045343405161468224
0.0
0.001990520948956625
0.42349701253201866
0.38934407773243196
0.0
0.0
0.8882345405494595
0.8467289711732685
0.521083055334353
0.07894854549338172
0.8996984906630788
0.0
0.0
0.6765708702991264
0.0
0.0
0.9572265447414017
0.7232594371391594
0.10061618609637153
0.0
0.0
0.14173632852024473
0.0
0.07089581412674106
0.0
0.7445540514064901
0.14908639310589702
0.0
0.19416640519562678
0.0
0.0
0.0
0.8541243248898653
0.0
0.0
0.7517512684216409
0.0
0.0
0.0
0.2269759027887433
0.5661368008228249
0.49956289916591606
0.1423436789713325
0.9965177338255348
0.25231401077074217
0.46622584930532246
0.0
0.2723417083522638
0.0
0.0
0.8652550584567613
0.34860122205583954
0.7151382186292434
0.0
0.0
0.0
0.0
0.42042960769775717
0.0
0.5934024594887995
0.06282847726744228
0.0
0.0
0.0
0.45570084072739675
0.0
0.2528252690833449
0.0
0.4289804875525218
0.0
0.0
0.0
0.4093977176425357
0.2692077226240953
0.0
0.1513328393155461
0.7152079347251666
0.0
0.26178620441319417
0.0
0.0
0.5772559035207797
0.0
0.9879950953876084
0.0
0.0
0.0
0.0
0.0
0.43103756053960296
0.0
0.39250579427806837
0.0
0.28141785640714656
0.6940665000769461
0.0
0.0
0.0
0.7844650026280194
0.0
0.14533287461299593
0.4406896146991561
0.0
0.0
0.0
0.0
0.0
0.0
0.8297312655109526
0.7585602311430599
0.0
0.0
0.0
0.0
0.0
0.0
0.0
0.39563536379826564
0.8316772004435748
0.3489963855596888
0.0
0.0
0.4979466686602791
0.9443384718566236
0.32520581558580947
0.0
0.0
0.987059563582441
0.8731291771632372
0.0
0.0
0.0
0.024536463736310726
0.0
0.7768924990378007
0.6113461306473712
0.0
0.0
0.3965187568654642
0.0
0.0
0.0
0.7183687581885024
0.0
0.0
0.0
0.11261435807077824
0.0
0.21959200469716011
0.7121102074374612
0.0
0.0
0.0
0.0
0.0
0.0
0.030049199915771898
0.0
0.0
0.7349319623928182
0.0
0.0
0.0
0.541594031082813
0.0
0.0
0.09851950702326885
0.0
0.5649814333545197
0.8375513702526076
0.0
0.0
0.064930111366991
0.0
0.0
0.0
0.5619576785120498
0.281658950527136
0.225839246614679
0.1934534284228363
0.0
0.10913648279618439
0.6574885761527064
0.0
0.7851339934611838
0.0
0.0
0.0
0.0
0.0
0.0
0.8235839404593853
0.42234769727839044
0.0
0.8945347974706992
0.04758801781593294
0.0
0.0
0.0
0.9996416039188251
0.0
0.6667200088168543
0.0
0.43582556774199965
0.0
0.7896051266185635
0.6400053159767646
0.18452009155912824
0.0
0.0
0.23527689003310062
0.21497458674090975
0.8087485503549325
0.7920357179965026
0.7181065359747186
0.479611106393344
0.9078589987413134
0.0
0.9717466669223854
0.5276375041781229
0.0
0.9826819241299872
0.0
0.3493948745290856
0.0
0.570347637038373
0.0
0.0
0.804554060871754
0.0
0.0
0.0
0.27110456666000476
0.0
0.3818996109790108
0.0
0.0
0.7832807728250941
0.0
0.0
0.0
0.23909659789891285
0.0
0.901214029157928
0.9925900093736755
0.6157731992919394
0.0
0.0
0.0
0.0
0.0
0.6567304723787578
0.0
0.003825639334801332
0.0
0.0
0.0
0.0
0.0
0.0
0.03520564375270754
0.0
0.5253935282492562
0.7628538366280353
0.25283245839041824
0.0
0.0
0.09989474085562605
0.8556552891506254
0.07312248841459032
0.0
0.9982204811313654
0.0
0.02855822849242413
0.021019001577321096
0.0
0.0
0.0
0.44786844724329594
0.0
0.7514271262624169
0.15989590506233886
0.7773191724356484
0.0
0.0
0.0
0.5819921917185313
0.2220279506072434
0.0
0.7608791439157563
0.346591916476352
0.024959836116257374
0.18900038440424577
0.08806589765842067
0.00809987763069944
0.0
0.5004615571535037
0.0
0.0
0.0
0.0
0.899967492272266
0.0
0.0
0.4336069519802932
0.0
0.0
0.9903856518665987
0.0
0.5524369775333525
0.0
0.0
0.1682081684240292
0.22013058687233344
0.0
0.0
0.7756963791763837
0.28656668177441963
0.0
0.0
0.0
0.0
0.813820808618307
0.9294422101809929
0.0
0.0
0.4009840073856682
0.0
0.0
0.0869542104763956
0.0
0.06907686139589465
0.0
0.0
0.0
0.3177913197779959
0.8413426269013011
0.0
0.42170459704856816
0.0
0.0429592512714789
0.9138305746121452
0.21252765651948596
0.0
0.0
0.5376908624047922
0.0
0.5091030211200603
0.0
0.9380235663196148
0.30783233531183696
0.0
0.0
0.0
0.6651885183306072
0.0
0.07448210427050317
0.0
0.0
0.0
0.0
0.31928135591745405
0.9269877121810237
0.46807272605924466
0.28522703940620714
0.46058317745042265
0.8625520552869881
0.00461618226037615
0.4223696782389038
0.0
0.09961052551128158
0.0
0.0
0.8379818096594079
0.0
0.6076404081113485
0.30765312292384667
0.20255754166844653
0.6971991958618526
0.5316336764518677
0.0
0.6250769872556622
0.5019157259293379
0.0
0.934391253668298
0.0
0.0
0.0
0.0
0.5783476910600399
0.0
0.0
0.0
0.0
0.553555030651047
0.33288674487206665
0.3642703999098354
0.0
0.9878020824859746
0.0
0.0
0.0
0.6102071807676392
0.4791900655926604
0.0
0.9450144871039385
0.14694740664302355
0.0
0.7873869692163132
0.8181471057665212
0.2660479421210946
0.0
0.46842780980502524
0.0
0.0
0.23660821990460154
0.0
0.0
0.10198285933717416
0.0
0.7647087469608956
0.3545074868268982
0.409138797469639
0.0
0.8841255696224521
0.23459461458502112
0.0
0.0
0.0
0.0
0.06585238246004148
0.0
0.0
0.04691163823270114
0.0
0.0
0.019130053169292907
0.30748410931029063
0.5486048013256568
0.21834297558681934
0.0
0.7959144512297973
0.0
0.0
0.5486290974191346
0.7657157224501935
0.0
0.0
0.0
0.0
0.5225412373092431
0.5383028446075276
0.0
0.0
0.7342939905500269
0.0
0.0
0.032218765394038285
0.5628393329487388
0.0
0.0
0.7474949817448358
0.8530434639680966
0.5364446339350155
0.0
0.14429599881217253
0.9800606041709361
0.0
0.0
0.6339230710280779
0.11553875036484049
0.0
0.0
0.7038528021191699
0.0
0.8644280512556823
0.8285025033183318
0.26510749018554836
0.0
0.0
0.0
0.5973514207800679
0.596231241414061
0.7361876615367554
0.0
0.6759899230201506
0.0
0.0
0.8974583927520797
0.0
0.40955100238143344
0.9028356962936415
0.0
0.0
0.0
0.0
0.0
0.9728638921903229
0.27011594319665244
0.5204832490504846
0.9805519199317868
0.3937656064488977
0.9758482821647023
0.0
0.0
0.14702125080509065
0.0
0.0
0.47474796517214746
0.0
0.0
0.04515063804880605
0.0
0.0
0.0
0.873795875788531
0.0
0.7789839915666247
0.0
0.0
0.33218935896531243
0.01903970674265398
0.5911747917594213
0.0
0.0
0.0
0.9190413537641143
0.9313995233233259
0.0
0.5080941163163182
0.21320192983279732
0.0
0.0
0.7543015872254274
0.0
0.17097249693731867
0.0
0.2887512517417529
0.02793313055636017
0.0
0.0
0.0
0.0
0.0
0.015409079358878856
0.0
0.8111304516477958
0.242719800465675
0.38113069897308793
0.0
0.0
0.0
0.6404702932825087
0.0
0.0
0.0
0.7289111812241329
0.0
0.6294535286200114
0.21318342873358162
0.0
0.0
0.7420375534837017
0.3337849126420025
0.0
0.11039839346766918
0.22133875924089452
0.0
0.0
0.0
0.8523416653563282
0.0
0.0
0.3362143376989539
0.9142034479128521
0.24520025977372847
0.01924470091237872
0.0
0.0
0.2124233380583846
0.6990486399521472
0.0
0.0
0.4221356464908572
0.0
0.0
0.0
0.7933326545880618
0.0
0.0
0.41118387426525105
0.0
0.0
0.6809258144132193
0.0
0.0
0.3094908874953828
0.0
0.0
0.16873584473849312
0.0
0.8921937681174305
0.0
0.35934236508906575
0.6392497523243291
0.0
0.0
0.869858429959532
0.0
0.8736256935209593
0.0
0.0
0.0
0.24436960063377525
0.0
0.0
0.32904797514241513
0.0
0.6299577592140314
0.481090618660521
0.9827758438688702
0.5818991297281699
0.0
0.0
0.6194130950228582
0.0
0.769274251877354
0.0
0.7119264080390644
0.0
0.0
0.0
0.46249771362017683
0.8488930148121918
0.6052922999640443
0.0
0.0
0.44984255139808776
0.0
0.0
0.6966401405020569
0.23625411514113606
0.0
0.0
0.8620084651972422
0.2641737555405544
0.0
0.0
0.0
0.04538042979425117
0.0
0.0
0.0
0.6505078705992781
0.958394281789165
0.0
0.8885304027732208
0.3199153703102949
0.0
0.0
0.3468541016970191
0.25350449254067015
0.9846850083044246
0.0
0.0
0.0
0.7928571506389235
0.0
0.22640860459498643
0.0
0.37970462335519356
0.0
0.0
0.0
0.0
0.04291086545765458
0.0
0.0
0.0
0.572639906673336
0.13925295071559723
0.0
0.3629101982873676
0.0
0.2842571306929283
0.10811038247331826
0.0
0.0
0.5439645480590625
0.9415125173722378
0.0
0.0033014633566955083
0.002924948657646294
0.0
0.0
0.6269571770788128
0.0
0.0
0.0
0.9079431355776045
0.0
0.0
0.0
0.994430877318523
0.9393068990529457
0.28683057178371857
0.0
0.676530201710565
0.0
0.0
0.0
0.0
0.0
0.0
0.62709079075767
0.113365380821608
0.43968473064820596
0.0
0.0
0.0
0.0
0.0
0.0
0.09467532919140141
0.5130013705889862
0.8769594762134
0.0
0.7807422625145001
0.0
0.0
0.0
0.0
0.0
0.5418472678843437
0.6877126698993091
0.0
0.5723482732955619
0.9657893898763064
0.36468055601023225
0.3254152454980387
0.33937258852337543
0.0
0.9715724945599898
0.0
0.5648944510607794
0.0
0.0
0.7148761322973554
0.34000511116075743
0.0
0.0
0.0
0.015127117324501437
0.0
0.18203813481339395
0.5838776172522332
0.0
0.0
0.11892644014499688
0.8584350983774243
0.0
0.04062128530268345
0.04176612046074836
0.5714415133157736
0.36921825992725893
0.0
0.0
0.0
0.0
0.0
0.0
0.054192216522591964
0.2434301414014492
0.8712173719088507
0.0
0.9521133356566974
0.0
0.0
0.692909738078593
0.0
0.7458649730707602
0.0
0.0
0.0
0.0
0.0
0.0
0.46583968558365835
0.0
0.0
0.0
0.0
0.0
0.8766389574679847
0.23245527136531965
0.5331033837939069
0.6728632262174274
0.0
0.0
0.0
0.23900111105514354
0.4661335836495556
0.0
0.0
0.0
0.0
0.8197495708611517
0.0
0.8958635227786466
0.01005619954961295
0.0
0.0
0.9179413875758314
0.15924817133644753
0.0
0.0
0.0556616080345146
0.0
0.16976279880454068
0.9184181789015103
0.0
0.0
0.0
0.0
0.17659912590214144
0.0
0.2132843197957475
0.0
0.0
0.0
0.0
0.0
0.0
0.0
0.0
0.29101361754775606
0.0
0.0
0.22114966151427193
0.6676611120080786
0.0
0.0
0.0
0.0
0.8635116514601735
0.0
0.0
0.0
0.6902185896793896
0.3880375146357191
0.0
0.31630779010740157
0.0
0.9258912723001023
0.15955847757792907
0.0681309919777382
0.0
0.0
0.0
0.0
0.0
0.0
0.0
0.0
0.3887260085422595
0.0
0.664540329182275
0.0
0.79752116169023
0.0
0.0
0.35595596390229983
0.0
0.0
0.0
0.7403089571278318
0.0
0.0
0.6027103481278182
0.8092155690306294
0.0
0.0
0.0
0.0
0.0
0.0
0.0
0.9427208479002396
0.9627963163869925
0.794949572353451
0.44997247867499773
0.16017984073174238
0.0
0.0
0.0
0.0
0.0
0.6926849076067573
0.0
0.0
0.3719225739477842
0.9878344044956054
0.9246497829724543
0.6623696681417156
0.9029579348807768
0.0
0.7944604812988375
0.8797881707382662
0.5379400452799132
0.9018876035948286
0.9128134093896363
0.0
0.0
0.0
0.0
0.43140171412379236
0.0
0.0
0.5248391605118761
0.8003303774734954
0.9982667190878687
0.0
0.0
0.47947975807696686
0.0
0.6090129682016063
0.0
0.19404001446515234
0.2719819145271115
0.9119641811294862
0.0
0.5567994969391624
0.9510440855441308
0.8669599511439846
0.9144394464797547
0.9301281663403128
0.0
0.0
0.0
0.4856954062726338
0.0
0.9659423340113308
0.8694253068024612
0.0
0.0
0.0
0.0
0.8208157280378867
0.0
0.0
0.0
0.9120910857010364
0.0
0.0
0.0
0.17866801120054754
0.0
0.0
0.8823787867031369
0.0
0.639383090214408
0.058738853617272026
0.4646425926576356
0.009380061875150192
0.0
0.0
0.19973741772169887
0.6879633471576749
0.0
0.0
0.03741714375434137
0.0
0.0
0.0
0.0
0.0
0.24781546557680764
0.0
0.4462213628977102
0.0
0.6075642325679845
0.0
0.0
0.0
0.17999302750134472
0.3077518674009718
0.219408016077762
0.0
0.9763197238359638
0.49704126148124556
0.0
0.0
0.0
0.3868177739342404
0.0
0.5413034950930838
0.6584132924562918
0.46033188172510653
0.0
0.005377857239490677
0.8704801467154651
0.0
0.0
0.0
0.0
0.7732366000971904
0.0
0.0
0.0
0.9531210913394006
0.9767498905592333
0.6966074041329523
0.6595706307744832
0.23862651730429527
0.0
0.0
0.0
0.8371505714034848
0.0
0.0
0.3196187802927367
0.3795445462250551
0.2884450618146229
0.0
0.14855057085371856
0.0
0.7383120858749052
0.009861998725246797
0.802271046062577
0.5601125858186224
0.37529686759093905
0.0
0.0
0.0
0.0
0.7733266232167888
0.0
0.0
0.0
0.7152659780169784
0.0
0.0
0.1089316644817459
0.0
0.0
0.0
0.7832151927208955
0.0
0.0
0.0
0.7371789814711324
0.5044057345668111
0.0
0.9907267068389142
0.0
0.960559335702004
0.5097369513693485
0.0
0.0
0.9898507218669625
0.6597521769111734
0.0
0.0
0.0991205173459354
0.0
0.5984628444482688
0.0
0.0
0.0
0.26612879503607223
0.0
0.0
0.3927453402235991
0.37262872438799405
0.7439081753800493
0.28253038375774825
0.5654754491319023
0.0
0.5063995934499856
0.7884472063082936
0.0
0.0
0.0
0.9199916522292332
0.7552825482812793
0.0
0.2191167685748512
0.0
0.0
0.0
0.0
0.0
0.0
0.5412396263963654
0.0
0.0
0.0
0.41678320917136497
0.0
0.0
0.0
0.8785405909072559
0.0
0.0
0.3186674672412817
0.06263537018860525
0.0
0.33758391133454185
0.6389878515066587
0.0
0.0
0.0
0.0
0.26587278658285823
0.0
0.0
0.0
0.0
0.0
0.9171397453821799
0.0
0.309344431919883
0.5236812340811899
0.6220991808827028
0.0
0.0
0.0
0.5204164696236618
0.0
0.0
0.2857046911513119
0.0
0.0
0.10044147955685669
0.5747261386336651
0.915211525215742
0.0
0.0
0.0
0.13510003331117315
0.425099359303413
0.01415856919519568
0.056237712712102504
0.0
0.0
0.0
0.0
0.0
0.0
0.43215106060330455
0.0
0.6039124336226693
0.0
0.0
0.2730994780215675
0.0
0.05258602507123465
0.2014500578376835
0.8741934675240058
0.0
0.0
0.711156158017884
0.1804518082564809
0.0
0.5984755817664047
0.92099527553953
0.7711109383749625
0.0
0.2951555901742171
0.0
0.09708685453263745
0.0
0.0
0.05916654837199447
0.0
0.14934914140995326
0.4272227612128963
0.0
0.6645272057905747
0.0
0.0
0.0
0.0
0.0
0.0
0.9398714427858655
0.0
0.44157588115592605
0.0
0.33520482463076096
0.4544828505109011
0.5521206862279338
0.0
0.0
0.2911274183553298
0.9348733561782417
0.0
0.6779593041651972
0.47798868702805797
0.0
0.45976445779531117
0.0
0.8988397438607164
0.2830953613429663
0.2757034535914892
0.8241713951790899
0.0
0.7715851888782352
0.0
0.607978221879427
0.0
0.0
0.0
0.4684038374283824
0.6444504254314025
0.7026423395749434
0.0
0.20839450850588312
0.0
0.20926271949117706
0.647147945906495
0.0
0.0
0.9930148986087394
0.0
0.10612508222699812
0.34068432004858995
0.15361508031475915
0.0
0.37689608987402723
0.0
0.7388003342164906
0.0
0.34158818178075046
0.15743622945268876
0.813264473175807
0.6129633803138298
0.0
0.0
0.35538769172130424
0.4658793112780816
0.0059147095218251775
0.18980944011370232
0.0
0.42146330419248507
0.27075518442011604
0.6125047614771413
0.21938202707733917
0.0
0.7462341236992702
0.1870312755793052
0.0
0.0
0.0
0.0
0.0
0.21805516881360273
0.8534482792659421
0.0
0.0
0.6390096545231079
0.039545774202338235
0.0
0.42037571800607365
0.0
0.0
0.0
0.0
0.0
0.0
0.0
0.8083090544322223
0.0
0.9699310667328397
0.4589677387512773
0.09490585353266051
0.6737236617683762
0.41396001398347493
0.6317772186575091
0.16188689913803467
0.0
0.0
0.12870130215746198
0.7345114231105051
0.0
0.0
0.48648297312917377
0.16563659650697252
0.0
0.12766465101273952
0.0
0.0
0.0
0.8673213885128918
0.40324042703226887
0.0
0.0
0.0
0.0
0.0
0.0
0.5965387350703524
0.0
0.3188447785333646
0.0
0.9725521825145435
0.0
0.0
0.10698107562769409
0.19449702732778737
0.9703469815085439
0.5716244134583935
0.8142665692080034
0.0
0.0
0.4009494640456095
0.5969715527375229
0.0
0.0
0.0
0.36055963854896506
0.23020527487915682
0.0
0.0
0.0
0.0
0.0
0.0
0.17539065938364684
0.4910837663880093
0.0
0.0
0.0
0.0
0.0
0.0
0.4298140527427582
0.0
0.16239080271265924
0.0
0.0
0.8271427842577828
0.0
0.5008540820208159
0.0
0.7930864916683072
0.0
0.0
0.6835562611796261
0.10908580859038475
0.057441641992843705
0.0
0.0234164782087678
0.3328962479867329
0.788727054613413
0.16440233596892517
0.37868931522666605
0.028926803332818506
0.0
0.2299350783255753
0.0
0.0
0.6826020096626733
0.0
0.1723188063194491
0.32226761322634323
0.41463686222992924
0.0
0.8380311575108029
0.4528763854251228
0.36878295713313863
0.6255806347746379
0.0
0.0
0.8546677527235756
0.49053842838103834
0.4960985411699447
0.6097559114809398
0.5635830552896887
0.9824958111563908
0.0
0.0
0.6749775831568434
0.0
0.0
0.0
0.0
0.0
0.0
0.0
0.0
0.09215925497042549
0.0
0.5483746789899605
0.0
0.0
0.5852310131651055
0.0
0.0
0.0
0.8915826776616506
0.6052371790294409
0.3443297734570849
0.0
0.20972169666352852
0.0
0.0
0.0
0.0
0.9754238932896675
0.9154646695981298
0.5598700200925756
0.0
0.2659858496118348
0.0
0.18914471334670374
0.0
0.9205361349526945
0.0
0.7105246294214557
0.9443083312092295
0.0
0.0
0.0
0.0
0.8027068486592985
0.41235343986304535
0.0
0.0
0.579798703472438
0.371867663194762
0.010126062618858376
0.0
0.0
0.6511274715828383
0.19929449381605685
0.1817671797601069
0.0
0.0
0.017946361340591327
0.0
0.0
0.0
0.0
0.0
0.0
0.0
0.21783658387292062
0.6770993749291243
0.7604966086177023
0.1878872996375237
0.0
0.0
0.9556005557225893
0.39936195949900943
0.5573238199135124
0.05729889967383518
0.21209306058480143
0.0
0.0
0.0
0.0
0.43192390762892774
0.0
0.6610616809670194
0.0
0.621595161634884
0.0
0.0
0.10083782486168752
0.0
0.1628214294964939
0.8500416333223818
0.07167939906244922
0.0
0.13813091301171454
0.8240619170119746
0.0
0.42847912160083546
0.0
0.4809197946129203
0.19928149938837497
0.0
0.0
0.0
0.0
0.0
0.0
0.0
0.0
0.0
0.0
0.5959210663700484
0.26422160066167694
0.0
0.0
0.46113398055396687
0.0
0.0
0.0
0.7251829507288104
0.0
0.0
0.5431585103633444
0.0
0.2929656986972223
0.0
0.0
0.0
0.0
0.0
0.0
0.44158555536226957
0.0
0.0
0.0
0.0
0.0
0.8671859782104246
0.0
0.6978039164583473
0.530364180911165
0.41547432076159835
0.0
0.0
0.2317095213874032
0.0
0.23226467794462918
0.13118034293862735
0.39452654968687917
0.0
0.33870103481177966
0.19115191700090745
0.5301851138920746
0.19549328946118183
0.3722760951141308
0.0
0.0
0.4892921380056793
0.0
0.8033993980144183
0.8741610826817406
0.03826505534112506
0.5004586645496629
0.0
0.41442067076477246
0.0
0.8134466174086363
0.14716787918465804
0.17497886445251232
0.0
0.5342425228481106
0.0
0.43931160288190074
0.0
0.0
0.0
0.5190637340373014
0.0
0.6394767350311849
0.4515708122191649
0.0
0.9504658312424955
0.0
0.30263284690159575
0.0
0.0
0.34387971065373035
0.5452124669772326
0.0
0.0
0.0
0.0
0.0
0.18547959233954664
0.0
0.31697469079402596
0.2566959319501915
0.0
0.0
0.0
0.0
0.0
0.0
0.17206665313470834
0.8166471528516973
0.0
0.22620058933494022
0.6977035520183137
0.0
0.33011166601812836
0.7269936871180724
0.0
0.0
0.0
0.0
0.0
0.7362889237472547
0.0
0.0
0.0
0.0
0.0
0.2062223952500744
0.6056660424429386
0.1296164997204855
0.8672640803580133
0.0
0.0
0.11121790779468688
0.0
0.0
0.48286662688455234
0.7862825541185524
0.0
0.9265930333279551
0.0
0.11054020039172592
0.3645631674408506
0.0
0.0
0.0
0.4193005940001187
0.8743654406302732
0.6287574008457544
0.023827808230548708
0.0
0.022431899258158562
0.8159359493613798
0.6039852928173626
0.18504282539674233
0.7459325327095288
0.0
0.7091140623803938
0.9543464874281965
0.28599730666212375
0.0
0.9463702977177388
0.0
0.7155333850640533
0.49781587855553394
0.41073527733166154
0.0
0.0
0.7216821250781017
0.0
0.5262186719507236
0.0
0.43445604916318725
0.0
0.0
0.798442654576946
0.0
0.0
0.5125224908081836
0.0
0.5892077808422108
0.026368184399563392
0.4183048896068558
0.0
0.0
0.0
0.0
0.0
0.0
0.0
0.3722593930390513
0.3121865810325684
0.5449100100423008
0.0
0.0
0.0868361087338363
0.0
0.0
0.7505599070173306
0.8495323926335361
0.0
0.022550038604802935
0.0373040729963231
0.3282195489192484
0.0
0.4592003870650047
0.0
0.0
0.0
0.9332355349061258
0.0
0.24032938445579377
0.40559238230362094
0.06849287968057882
0.051198100135892384
0.0
0.9032872380046445
0.0
0.0746701673855742
0.5380043038637182
0.0
0.4151736861525964
0.9814531436722499
0.632674517786653
0.0
0.23970865356378862
0.2564446673043556
0.24190675238991657
0.0
0.0
0.0
0.0
0.04337831313200619
0.7720319614668752
0.4323323739036387
0.0
0.0
0.0
0.7136972304835421
0.0
0.1669030811478584
0.6080428679386014
0.37024751921548565
0.0
0.0
0.11105912800802123
0.0
0.4901618030208803
0.0
0.0
0.0
0.0
0.5217068331860659
0.0
0.0
0.0
0.0
0.0
0.0
0.0
0.40129541936193985
0.0
0.44594672157774506
0.0
0.0
0.12076193230048192
0.0
0.0
0.7558654722929489
0.7472572920133113
0.33039023748435953
0.9753258113779897
0.0
0.03639500843629822
0.0
0.0
0.1650907141593058
0.0
0.7958068709637395
0.4053978966530095
0.2297523573034021
0.0
0.42194219052335047
0.0
0.1718825180446245
0.0
0.5156642595256187
0.0
0.3604276881667706
0.0
0.0
0.5021589912902173
0.4534988757833965
0.8117464755929669
0.0
0.6512904571069721
0.0
0.5730230061697367
0.0
0.7941226991575369
0.2354494949592842
0.7176072862384492
0.9985779894915465
0.0
0.0
0.8056554352798113
0.018784340999279368
0.0
0.9354394920119442
0.7000642524658787
0.0
0.0
0.04042512562687315
0.2822699616151098
0.0
0.0
0.0
0.0
0.08711823691231049
0.0
0.33671510815106565
0.8483508061940649
0.0
0.6869508267807486
0.0
0.0
0.11948434167372192
0.0
0.0
0.4936095905631234
0.323574743250433
0.6542671362536606
0.05719779874796364
0.5966267729670461
0.4055549090586067
0.8430642396123491
0.2380158914563757
0.0
0.0
0.5373845358787869
0.0
0.2241639669790867
0.0
0.0
0.7414251777267397
0.0
0.0
0.2415648801262097
0.39974580630381185
0.8368882720903187
0.0
0.2929450261007547
0.5354111248455729
0.8045831993218178
0.8668472661309209
0.8884773127274128
0.0
0.20690587729856424
0.0
0.6248383789711975
0.0
0.1947042902113353
0.0
0.0
0.2973883223736837
0.8545143151634594
0.24842660293689522
0.8894827635344975
0.0
0.4351821986949386
0.3207802476836278
0.800011812009996
0.0
0.0
0.0
0.0
0.0
0.0
0.8772250896605087
0.020904140498966623
0.0
0.7705418679941606
0.0
0.0
0.0
0.0
0.3571305050710822
0.0
0.0
0.0
0.7461398109969524
0.0
0.0
0.0
0.638036054524963
0.0
0.48209009450142726
0.0
0.0
0.0
0.2016024236852906
0.333759117575119
0.18042839864044688
0.9799479786000503
0.30269105397618407
0.40768579656573073
0.0
0.10341248145888596
0.651859026951064
0.1823308604639819
0.0
0.8033113935150464
0.0
0.0
0.8060184872171486
0.9162928434950759
0.0
0.3471093541269305
0.0
0.021594666025435288
0.42966947509463693
0.0
0.8915651755041935
0.5693632127778423
0.12443257367479445
0.9737881866750253
0.0
0.6806777679934032
0.8559096727273058
0.0
0.23564312460529746
0.0
0.0
0.0
0.0
0.24898701801768905
0.0
0.0
0.0
0.677376622170866
0.2490143254134602
0.0
0.0
0.0
0.6399488496051523
0.9965878762838232
0.923941683810332
0.08086014598280909
0.0
0.5486487384789995
0.0
0.5832670118593345
0.8798143704868667
0.48682791259207653
0.8543252617590669
0.5836098633454985
0.7172798454211138
0.0
0.0
0.0
0.0
0.0
0.0
0.40164057402794506
0.3195067623065092
0.0
0.48357814589742565
0.0
0.0
0.0
0.20193778876475033
0.0
0.0
0.10227716355641578
0.2198950861976436
0.0
0.0
0.0
0.0
0.0
0.6914286881022579
0.5151743787261996
0.45200843750889497
0.0
0.21810675170742264
0.0
0.0
0.0
0.21892266101963961
0.10318734013564543
0.3031520489046874
0.0
0.0
0.0
0.0
0.0
0.8417504734756549
0.0
0.0
0.0
0.7540701886852269
0.9936504898448256
0.23457874538864834
0.0
0.0
0.2807842795918387
0.0
0.0
0.0
0.0
0.0
0.8342755437700577
0.0
0.0
0.0
0.0
0.6650177496991678
0.912515835561533
0.0
0.0
0.0
0.13837183993895488
0.986551149899046
0.2765065344789053
0.8524512990141317
0.6781310471294884
0.0
0.4984619820959746
0.0
0.0
0.6859149515014911
0.8766940465159864
0.0
0.0
0.7988763804440284
0.0
0.0
0.0
0.0
0.1269064075163427
0.0
0.0
0.9359070419522268
0.0
0.0
0.08123018908202022
0.3256100126514807
0.0
0.0
0.5931895580466819
0.5945830497957024
0.0
0.5033287803445996
0.0
0.06822517975020681
0.009545907211373963
0.4635982925169948
0.0
0.0
0.0
0.12238002532270666
0.0
0.09247665634206798
0.0
0.0
0.0
0.0
0.0
0.0
0.29867342493693677
0.7188181203801358
0.0
0.0
0.45336801146077915
0.0
0.0
0.0
0.8532066789530236
0.0
0.6621225033386041
0.0
0.6123834175356877
0.6287547652562668
0.7365546614779326
0.0
0.0
0.0776823130875133
0.0
0.0
0.06296744328573588
0.8886059977962032
0.1579474762546344
0.17165851737960483
0.10494678440982248
0.39663983644732476
0.0
0.0
0.0
0.4317224067929954
0.5720877734973308
0.0
0.0
0.0
0.9666108234500711
0.0
0.0282659307398657
0.2546962924501091
0.0
0.0
0.8672708611981839
0.8535877318448645
0.0
0.12854718614169733
0.0
0.0
0.0
0.397693990735682
0.0
0.8414407345676735
0.0
0.1308885992345509
0.5829014656277234
0.8430043260938311
0.0
0.0
0.6428294213165086
0.14603575206906383
0.8865151994698891
0.825894466506395
0.7992297243409956
0.12123496206241127
0.9234214336589261
0.5019106747524029
0.0
0.2126910409873828
0.5631939195951444
0.2170712461879902
0.9408859323780374
0.666970031576674
0.0
0.0
0.7413744527975001
0.9125548492855702
0.0
0.0
0.0
0.0
0.0
0.0
0.7392967168119966
0.080291948440557
0.49055456439126255
0.42747386731647147
0.0
0.0
0.0
0.5466447094490319
0.0
0.0
0.9970141453471703
0.018864394227523076
0.8163438791106004
0.11301891500068365
0.10909374063501973
0.0
0.0
0.826304020992098
0.16591156233979676
0.0
0.0
0.0
0.0
0.0
0.0
0.2626889617457678
0.6727050347396192
0.5210357084771675
0.0
0.22414306984215124
0.2062062148990099
0.431388469042506
0.0
0.0
0.3007970745033481
0.0
0.5068368526583775
0.0
0.0
0.0
0.0
0.4116235365811149
0.860777060953729
0.8863526201886083
0.0
0.48064991228057197
0.6355292731389182
0.0
0.12805310409050813
0.0
0.0
0.6730363817140758
0.0
0.43699160197438597
0.0
0.2957091386674477
0.0
0.7874491286036621
0.0
0.0
0.0
0.0
0.39303263536065336
0.0
0.0
0.4943074502534609
0.0
0.0
0.0
0.0
0.0
0.6540668973437544
0.0
0.0
0.892718929200725
0.16617381248988564
0.17149793823040102
0.03142667853520089
0.7306902803267318
0.0
0.0
0.0
0.0
0.0
0.6929343645827207
0.26438385473121356
0.6754850063572817
0.0
0.6891161912713659
0.0
0.6352124045163747
0.0
0.4159046009806485
0.1835528363792637
0.6299623987420435
0.0
0.41844632532373655
0.14404495208042933
0.0
0.0
0.0
0.0
0.9463596812363142
0.0
0.9096606471682184
0.0
0.0
0.0
0.16342711856755876
0.0
0.9589446840324539
0.31567249209101084
0.0
0.0
0.40722832157037425
0.13449551053368256
0.5823243261932666
0.0
0.0
0.5184663461082046
0.0
0.0
0.7050867404502185
0.0
0.0
0.0
0.7139847714456028
0.5650819032209625
0.0
0.0
0.0
0.0
0.67200663044736
0.977292628673752
0.06176060870326004
0.0
0.3078129717781451
0.0
0.0
0.4496658805585332
0.0
0.0
0.13015022136674256
0.0
0.0
0.0
0.6314486044047543
0.6192497379381714
0.2630590690511106
0.46674054086472827
0.11944873526036831
0.0
0.3690843292161172
0.007947476818262137
0.0
0.0
0.6465291004759577
0.7784008398741955
0.0
0.3762113009661901
0.0
0.0
0.7837325740964022
0.5642889809813695
0.40216121945574784
0.0
0.0
0.796202912098733
0.0
0.0
0.9179984711677046
0.0
0.0
0.38204176448167804
0.9715581720946822
0.0
0.0
0.8629181030023974
0.0
0.0
0.0
0.0
0.3133462454951603
0.0
0.4856767768677084
0.8387739138813048
0.7185753191235831
0.16917770688691272
0.8120614991642894
0.0
0.0
0.13776027413772263
0.0
0.0
0.0
0.0
0.6762570676811809
0.0
0.0
0.0
0.7759514868428573
0.35083597827568574
0.0
0.23306210074962522
0.8425836026783248
0.4384842347211075
0.8392457729452413
0.0
0.8902820798122952
0.7765347538377867
0.0
0.0
0.0
0.0
0.5459641842706741
0.0
0.0
0.2085905431661689
0.0
0.0
0.0
0.6298351738893424
0.24998576710645903
0.0
0.5771820503754906
0.3222740763190065
0.0
0.7551840247353009
0.43347057710228215
0.35498737838561456
0.0
0.0
0.0
0.0
0.0
0.18500549985136633
0.6727360488051312
0.9774714823683834
0.610694206795845
0.0
0.0
0.0
0.0
0.6378883315194789
0.0
0.8004283687302874
0.0
0.0
0.0
0.0
0.732319308255884
0.0
0.0
0.0
0.0
0.0
0.0
0.0
0.5296038494996796
0.13589447334464497
0.0
0.0
0.0
0.0
0.0
0.3903773615664677
0.0
0.954557963196651
0.4646886578448204
0.9582729552040182
0.13845817838694147
0.0
0.0
0.0
0.0
0.0
0.0
0.0
0.0
0.0
0.4354167246278671
0.29781360848907407
0.0
0.0
0.7949323875543937
0.41008582271468547
0.0
0.004695600151487105
0.0
0.7896297128134113
0.8311809780693249
0.125699773093712
0.04229273745927982
0.5906321643314397
0.0
0.0
0.7054292865354044
0.0
0.0
0.4108054712900847
0.0
0.0
0.0
0.2357623354294152
0.18275227038619785
0.0
0.2849681951436704
0.0
0.11899514257389984
0.0
0.0
0.0
0.5186483287564354
0.9362561645886742
0.0
0.5659133590514039
0.0
0.0
0.0
0.08101731996156131
0.7765905855176677
0.933502655333919
0.6533764075666226
0.0
0.0
0.9001586797374266
0.5788209860800688
0.0
0.8317900977999275
0.837456433929417
0.0
0.2399180248184452
0.0
0.0
0.0
0.0
0.16345789575554565
0.9157942375646166
0.0
0.0
0.0
0.48970162233820824
0.13191375343809394
0.0
0.0
0.0
0.6302074402961696
0.0
0.7726673160876997
0.0
0.5003912842524837
0.0
0.0
0.0
0.0
0.0
0.7227149517378844
0.43325639021046863
0.10766756304271086
0.0
0.0
0.0
0.0
0.0
0.16296416258259067
0.0
0.619340792727206
0.0
0.0
0.10640583122278773
0.9727432749995127
0.0
0.0
0.0
0.34319604606323356
0.0
0.0
0.8897508164119132
0.0
0.0
0.6917346553691968
0.0
0.0
0.24679257556099543
0.8609332838614953
0.0
0.0
0.0
0.9832097714711723
0.0
0.0
0.0
0.0
0.0
0.36448564856228105
0.0
0.7985905687514598
0.14294566206132306
0.4742426407062724
0.0
0.387749907382652
0.0
0.9174356259815356
0.0
0.11004303665726503
0.0
0.31032955180233723
0.7857666208367651
0.8991575674293919
0.892040188784339
0.15297317045935194
0.0
0.44654216546985787
0.3051702250831272
0.15441701094767504
0.0
0.0
0.0
0.0
0.0
0.9587655576850379
0.3881710922876728
0.0
0.0
0.0
0.7793118090492456
0.0
0.9521580881524895
0.7652117071924597
0.0
0.02942037506997269
0.0
0.0
0.08225184975283262
0.6968795016783423
0.0
0.5382462755575552
0.203195156886784
0.0
0.0
0.0
0.6124650310586581
0.0
0.0
0.0
0.44291185250692366
0.0
0.0
0.26113206917554643
0.6731111587818608
0.0
0.0
0.2266952406145624
0.0
0.5409815129651795
0.7751137543102895
0.9697973349323697
0.5988651848009954
0.0
0.0
0.0
0.0
0.0
0.019419892286217003
0.0
0.3376586503314285
0.0
0.0
0.3196038692381641
0.0
0.5418421982706865
0.6677852519522358
0.21364369885890513
0.08010077866518452
0.0
0.15831387211185122
0.0
0.10149464391065376
0.0
0.0
0.0
0.0
0.2774980401809653
0.0
0.7665211749904972
0.0
0.0
0.6344812789054216
0.5585094900907551
0.0
0.0
0.06829110499739671
0.0
0.8736756629538922
0.5214174333734464
0.29568637914967977
0.0
0.0
0.827514543101005
0.5398678098461916
0.5947371240620853
0.0
0.30539227838637906
0.4872392760170906
0.19124609204195825
0.0
0.0
0.0
0.0
0.0
0.0
0.18781965850306087
0.266110944745605
0.284666487973529
0.7479865546220996
0.06712053859462924
0.0
0.0
0.3259383579457843
0.0
0.64117198647308
0.0
0.0
0.8731627193040684
0.5884701171617119
0.6897376512423508
0.0
0.8479911364571121
0.0
0.917809839296783
0.0
0.0
0.6341860986017315
0.0
0.5253966103899314
0.5423412901044952
0.0
0.46239688464646633
0.0
0.1834804863744868
0.16291417238025369
0.9347044168750515
0.0
0.0
0.0
0.0
0.24127972880431597
0.552970046855298
0.0
0.0
0.23002979314978372
0.0
0.0
0.0
0.9152450539289135
0.0035073369633977017
0.0
0.0
0.0
0.9036762485336073
0.20101254860191983
0.0
0.0
0.0
0.3390443170605755
0.090457691108937
0.0
0.0
0.0
0.0
0.3354522900254469
0.009576358317255174
0.0
0.0
0.0
0.6663915963798223
0.0
0.0
0.0
0.0
0.7297242224226334
0.0
0.0
0.6398011455986174
0.0
0.0
0.0
0.0
0.934034675546703
0.0
0.0
0.0
0.0
0.0
0.5046162095200729
0.39373428748011235
0.0
0.6131946079567472
0.5570329785018293
0.0
0.8261985364722089
0.0
0.0
0.0
0.0
0.0
0.0
0.4229803158642705
0.0
0.0
0.0
0.0
0.24542304806580617
0.0
0.5475682254826015
0.12746641089260569
0.8692436427921167
0.8292988765067697
0.0
0.0
0.0
0.0
0.0
0.0
0.45616957437491523
0.45662727177409623
0.9478388081117998
0.0
0.0
0.0
0.0
0.49980955973496927
0.0
0.0
0.6166356971233484
0.0
0.0
0.3826887538588587
0.3472335161334298
0.9999046648226066
0.7134814052260534
0.38257227453012577
0.0
0.0
0.5697702604737165
0.0
0.0
0.2965792899043593
0.9211061610532003
0.0
0.0
0.9896168387278537
0.0
0.0
0.7120679362178817
0.0
0.9947065758975228
0.7706021027157055
0.7494058666778062
0.31086617691616236
0.0
0.0
0.0
0.0
0.834385400710763
0.0
0.24988728228079835
0.8954328622917549
0.0
0.0
0.0
0.1023168058848674
0.0
0.0
0.6049799831294732
0.6520106851822675
0.8339024096575427
0.0
0.0
0.0
0.6158118171236343
0.18698420891799958
0.15065626664490034
0.5255248405040722
0.9463641600058228
0.0
0.15672505067959733
0.0
0.0
0.0
0.0
0.4598014351540193
0.0
0.4063511204122785
0.0
0.45210525927166617
0.0
0.04715521946059435
0.0
0.0
0.7518342523311594
0.05533717292653958
0.0785148209736435
0.0
0.8714153253685601
0.2549434427336211
0.0
0.0
0.0
0.3172225303895284
0.0
0.0
0.670800115742492
0.0
0.0
0.6309821249297722
0.0
0.6792728548833266
0.1893623182262757
0.3853350754312704
0.0
0.0
0.0
0.0
0.36466836121899265
0.284747236329833
0.8464581853800668
0.0
0.0
0.0
0.4648073428007593
0.33320992169635577
0.9448261245441669
0.98740925552902
0.07527300514007126
0.15321594272663755
0.6795406993719642
0.0
0.6823866126864989
0.9000064844456049
0.0
0.6858443596588087
0.003885121989664412
0.0
0.5168833475306158
0.0
0.0
0.0
0.0
0.0
0.0
0.0
0.12760603920574734
0.0
0.0
0.0
0.0
0.0
0.49106799107938637
0.3080716754125318
0.0
0.0
0.0
0.17082237085132698
0.2688899960424498
0.4546787163394341
0.5497936153870561
0.0
0.5918636308120382
0.18330762612792356
0.19489550909765116
0.46620684937322615
0.34005178562140587
0.0
0.008945597097998257
0.0
0.0
0.0
0.0
0.0
0.0
0.0
0.0
0.623231337952728
0.3002095499209418
0.09207245861625821
0.0693401483636966
0.6173719275177174
0.0
0.09799442653412659
0.4831841664429133
0.0
0.258884110120639
0.0
0.6407648088313357
0.2952252086562423
0.38944895958083
0.23482420084079203
0.0
0.22980576712061115
0.0
0.0
0.8639049437699244
0.7889999366483685
0.7695069837319085
0.9799598888247484
0.13303257066195442
0.0
0.11302056862141234
0.4314913245447426
0.0
0.8808526396282623
0.0
0.0
0.9624990991250375
0.0
0.8420613928284293
0.5475012690253057
0.0
0.0
0.3203524996804878
0.0
0.0
0.0
0.10294778900082881
0.0
0.0
0.07699609163069968
0.5968009234316831
0.0
0.0
0.3939888864615752
0.0
0.3713705662297944
0.0
0.0
0.0
0.0
0.0
0.0
0.0
0.0
0.7218889747920794
0.0
0.0
0.0
0.0
0.0
0.0
0.6660111425606574
0.0
0.0
0.31012038784110474
0.0
0.0
0.29152948292540626
0.8281174426069369
0.08956414346789067
0.0586994154085534
0.0
0.34545403071556907
0.043220174963212586
0.0
0.0
0.0
0.0
0.0
0.0
0.0
0.6569292706960794
0.36656053536355926
0.052205494030910814
0.0
0.26595104896835703
0.0
0.6589360084324037
0.0
0.0
0.0
0.0
0.0
0.19027824537254598
0.0
0.0
0.0
0.535772633292244
0.0
0.0
0.0
0.2176582807630885
0.4397777144883853
0.29147771980745635
0.0
0.932420160947543
0.0
0.0
0.8946327789658823
0.9220669254947628
0.0
0.9599485211254286
0.0
0.8765125822513934
0.0
0.12757251078035262
0.0
0.5733110669859481
0.9657154358835399
0.0
0.05722875830416476
0.6852859654963794
0.0
0.0
0.3824128990383462
0.0
0.0
0.0
0.0
0.0
0.7381601021586581
0.9042887949787394
0.0
0.6380407492439589
0.3412564082169561
0.18007759709279647
0.39955431975688416
0.0
0.0
0.9625909718157504
0.7769462292383856
0.0
0.0
0.7188396048007764
0.9755607594175394
0.0
0.0
0.9633489200769846
0.9898628914486096
0.0
0.8610846464631426
0.0
0.0
0.0
0.824315110767983
0.0
0.9174516755148505
0.0
0.28414721267961107
0.05504365799170012
0.0
0.45234955859618675
0.0
0.8211415235166529
0.49383752836383715
0.0
0.014224074241490577
0.3902036443356002
0.0
0.0
0.7536656676617306
0.0
0.5366993879164639
0.0
0.8510353185784624
0.0
0.0
0.34931576984158547
0.0
0.0
0.0
0.0
0.6076666638004
0.0
0.6746853458920308
0.0
0.6741143107034249
0.22582936987109029
0.7249467332338098
0.0
0.0
0.0
0.4140612527424658
0.0
0.0
0.0
0.0
0.0
0.0
0.15273308148730796
0.0
0.03323253489944243
0.0
0.0
0.8676779367700833
0.0
0.0
0.5264695383886764
0.0
0.7739328019022604
0.8110704396687444
0.6105388726335255
0.0
0.0
0.0
0.10344299498695875
0.0
0.06993342136119693
0.0
0.0
0.0
0.0
0.0
0.0
0.0
0.0
0.2394376034827038
0.5358087834590126
0.0
0.8982721896398335
0.0
0.0
0.006126535050491858
0.0
0.3715245482512956
0.9747813198018135
0.07474521020776781
0.0
0.0
0.6799029152103583
0.0
0.06152668119133078
0.0
0.0
0.0
0.3625546638288795
0.0
0.0
0.249513150309968
0.0
0.2577923546831103
0.0
0.0
0.7384827777291345
0.0
0.0
0.7230027348864634
0.0
0.625347407014828
0.0
0.6117558649992847
0.0
0.90281995925425
0.0
0.4257548634763815
0.0
0.0
0.0
0.0
0.0
0.8268398605327186
0.0
0.0
0.6889789435992565
0.0
0.13227643757214422
0.0
0.0412631201399204
0.0
0.47957238996619794
0.0
0.0
0.0
0.0
0.08730165606049077
0.0
0.0
0.0
0.6029299444128455
0.0
0.6140381119275213
0.0
0.0
0.0
0.2787792325872929
0.04492276760312596
0.09096873338802436
0.0
0.0
0.0
0.01109257731663623
0.34212185825563163
0.0
0.840925274587247
0.0
0.0
0.0
0.0
0.3839032683575567
0.0
0.5983811835869703
0.0
0.0
0.6366271602161392
0.49974872487536226
0.0
0.0
0.6677251153899239
0.6713867006965752
0.3754252977861329
0.0
0.0
0.0
0.8044653540664565
0.051354536186153495
0.2920103885740802
0.0
0.0
0.0
0.0
0.0
0.0
0.0
0.0
0.0
0.0
0.9961457625024543
0.0
0.1878500150542871
0.0
0.6968573094635864
0.0
0.7043199149525354
0.45016123682272796
0.0
0.9204320969458892
0.0
0.0
0.0
0.0
0.8181359516192055
0.0
0.028378807393319955
0.0
0.0
0.0
0.0
0.0
0.28096803190634556
0.0
0.9851146137705442
0.8775580839568566
0.6537514670157374
0.7946328171413692
0.14815852018000236
0.4334749612998269
0.7520485318549153
0.6718559582854056
0.10675030114603842
0.0
0.0
0.5058167867418086
0.0
0.13958890841340796
0.3846714686561237
0.0
0.0
0.0
0.16769117583997883
0.0
0.0
0.27852551584859786
0.07053732472003117
0.7613390665818092
0.053017517456375625
0.42999318573746864
0.0
0.0
0.664168692830727
0.0
0.0
0.7212676474673181
0.0
0.40144770398734886
0.0
0.0
0.8287023001862355
0.0
0.8994603006661922
0.0
0.647570530427489
0.0
0.0
0.0
0.0
0.0
0.0
0.0
0.0
0.0
0.9815564701660151
0.4506823103598002
0.7075081373714727
0.0749883010427535
0.0
0.0
0.0
0.0
0.6600596657529432
0.0
0.0
0.020122483046917942
0.8038492407955088
0.0
0.0
0.0
0.48565061273309185
0.0
0.6421471348165592
0.0
0.0
0.4893173959582043
0.0
0.0
0.10948896775811232
0.4639824325992285
0.48035536726182343
0.0
0.0
0.0
0.0
0.0275026792813247
0.6919449798960667
0.9736951463141692
0.0
0.0
0.7632504507536173
0.4809602679290408
0.9041723037403832
0.0
0.0
0.20399718441617834
0.06437707925551249
0.0
0.9671006898464871
0.0
0.0
0.0
0.0
0.0
0.0
0.0
0.9784060819643885
0.2655445998506195
0.8447438211415349
0.0
0.4861051799417068
0.0
0.3378533840001218
0.0
0.17257071523314704
0.8330420485156681
0.5790170932207719
0.08475520902741927
0.7915133307257601
0.0
0.01446909660705822
0.0
0.0
0.0
0.45359179946922085
0.8207418336862626
0.20201982973928678
0.49074620985353423
0.0
0.36419910157477375
0.8963965591694587
0.6604010194333577
0.0
0.0034882897803225244
0.0
0.0
0.0
0.0
0.20049818809422096
0.0
0.23636502940044024
0.0
0.9588224601203212
0.5224991181394147
0.0
0.0
0.0
0.9581899744944988
0.0
0.921551589036648
0.0
0.0
0.8456849397955799
0.0
0.0
0.0
0.7114952617986893
0.0
0.058965216695345844
0.33602042896877565
0.0
0.0
0.0
0.6307293531710159
0.0
0.0
0.36320903718925696
0.8900129985120965
0.0
0.1510609856677837
0.0
0.0
0.0
0.6449956549901414
0.3492968362758275
0.0
0.0
0.0
0.0
0.0
0.0
0.44969665398193176
0.0
0.0
0.0
0.0
0.3716045840837581
0.2966125059894864
0.08229829679408758
0.6069873424287631
0.8973400405958433
0.0
0.0
0.4132586775672586
0.0
0.5604235345061316
0.5792949220617137
0.0
0.141570095617333
0.0
0.2584356958082832
0.9911954682227926
0.0
0.0
0.5304274398445289
0.09646710600656865
0.4637449951050423
0.0
0.0
0.0
0.0
0.0
0.6356669536966121
0.5314750478673665
0.8994060330821615
0.0
0.0
0.0
0.0
0.0
0.9097203487280233
0.13617164876365007
0.3631005644568448
0.3569050415882191
0.9962041243527451
0.0
0.7901711116604745
0.9837167780699162
0.0
0.10759784486672748
0.0
0.0
0.0
0.0
0.0
0.5885374577239542
0.791781098609321
0.46042080564603516
0.9916706673491312
0.16541355349279313
0.31663571533437007
0.8493114228903474
0.18264761152670703
0.0
0.0
0.5593377066608375
0.16018981458494796
0.5979202598018478
0.4446011533785381
0.8602367377667841
0.0
0.0
0.9787577439377202
0.7967857532793956
0.9192338642031637
0.0
0.0
0.0
0.6886359161355601
0.0
0.13433260021887647
0.0
0.0
0.4511771365923357
0.0
0.8913055800146721
0.23511087045692214
0.3448026112274659
0.0
0.0
0.23295100928719717
0.0
0.8982669402270449
0.04007947326270626
0.21089685209132567
0.0
0.059064846370980834
0.6731255129036028
0.0
0.0
0.0
0.0
0.0
0.47915082737900166
0.0
0.031604033835075526
0.0
0.0
0.0
0.8631279481381732
0.0
0.0
0.0
0.0
0.0
0.0
0.0
0.9088656977921137
0.3721100521785165
0.32482609634411624
0.6995365314605653
0.0
0.0
0.43158654065922236
0.896890522180787
0.5658933384796603
0.0
0.34629075103305645
0.0
0.0
0.0
0.0
0.2895762420822635
0.0
0.0
0.0
0.9327607177566811
0.0
0.011296276752547268
0.06667754522504127
0.5392908451968208
0.17430156894222285
0.0
0.0
0.037086076733370596
0.0
0.5775580387780936
0.0
0.13989973123099197
0.0
0.0
0.0
0.0
0.0
0.7791057870475847
0.44137262022853363
0.0
0.8080898681859527
0.0
0.4884726736472593
0.5429669365863242
0.6315624675987812
0.0
0.0
0.0
0.8334830329465864
0.8042328614162421
0.0
0.0
0.0
0.0
0.5672020702754417
0.37620960289592975
0.6597270131702794
0.0
0.28189213222742465
0.0
0.0
0.4900380036313638
0.08981001365366124
0.24688756293198447
0.0
0.9468777396937572
0.0
0.0
0.7295592389125272
0.0
0.0
0.8693230048632256
0.0
0.6141028777759777
0.1837412914715437
0.0
0.0
0.26272525721662565
0.6203407159300144
0.0
0.0
0.0
0.0
0.0
0.411570154629157
0.0
0.0
0.0
0.0
0.0
0.042208311240338366
0.0
0.0
0.32201601319393225
0.5548593851219706
0.0
0.0
0.0
0.9271536298683012
0.0
0.0
0.0
0.0
0.0
0.357396646027289
0.27483832856698115
0.0
0.5847488701030137
0.0
0.0
0.0
0.04924282062043624
0.9877926054903858
0.5403390086554667
0.493891054118538
0.23085366357329415
0.01639380188377069
0.2309003638909539
0.846422829337189
0.2098856997067902
0.0
0.0
0.6079652993178197
0.48395266264180187
0.164789004108648
0.628201558443446
0.0
0.0
0.4263397477026701
0.0
0.39357375241312004
0.5249046148484844
0.0
0.0
0.008352467423322732
0.9002396424812847
0.0
0.8220621759285928
0.8036405148426498
0.24795255615713802
0.19441044301879737
0.8888533679810785
0.0
0.2590256820988015
0.993775387207457
0.20206205720518308
0.635140242596401
0.6570924057478823
0.0
0.0
0.772032127790486
0.0
0.9676099164656166
0.0
0.4907644654207476
0.0
0.0
0.08317556379555181
0.0
0.0
0.8308271238063102
0.0
0.0
0.0
0.0
0.0
0.0
0.950199098279247
0.8392509334939667
0.9868911905419597
0.0
0.0
0.0
0.0
0.4236348110146754
0.6763599221360033
0.0
0.0
0.29214680903224477
0.08204277695602775
0.8956991274818983
0.0
0.10798871576989962
0.0
0.0
0.0
0.0
0.0
0.0
0.2762847590760003
0.0
0.0
0.0
0.0
0.0
0.11382586011072625
0.3783658555945859
0.0
0.6430814833314539
0.6659293574914988
0.0
0.7547361731921196
0.0
0.9002522632850708
0.0
0.0
0.9250325960688114
0.0
0.0
0.0
0.0
0.0
0.0
0.8801484743484538
0.0
0.0
0.07981944036105962
0.0
0.28281679059814435
0.8952043642580264
0.0
0.0
0.0
0.0
0.0
0.0
0.0
0.0
0.24736107430879536
0.8541565224529049
0.0
0.02455341696946254
0.2988380893558755
0.39234601559716814
0.2053283673429361
0.3679620177059714
0.0
0.0
0.031854269275236116
0.0
0.5995102632240435
0.0
0.544980571562109
0.1558312573909861
0.3844052600682749
0.0
0.0
0.0
0.9153315102467217
0.39441998639343345
0.0
0.0
0.9543003869244693
0.10239989347373503
0.2911130049379865
0.43622714204408264
0.8775864060232268
0.0
0.0
0.0
0.0
0.0
0.7646411801162084
0.0
0.7769408756473369
0.9818728083018113
0.0
0.0
0.21755569361589047
0.0
0.10265936219855151
0.386993721671554
0.6154560798940513
0.63125645049099
0.4853671530390079
0.0
0.0
0.0
0.0
0.09178895130266744
0.0
0.0
0.9709970160564443
0.0
0.591796364768034
0.0
0.5669501662421798
0.0
0.5088681921822399
0.6003462034557379
0.0
0.3609882762658374
0.3494957039603455
0.063051395688578
0.0
0.0
0.0
0.0
0.0
0.8181358043534781
0.6144660730281956
0.0
0.701910292790506
0.0
0.0
0.0
0.0
0.0
0.659096048541592
0.9839611841473431
0.0
0.0
0.8903285984692222
0.0
0.0
0.0
0.0
0.0
0.8410485740169822
0.0
0.0
0.40105926545536835
0.6429930989598045
0.0
0.47522177426249407
0.30119372758617136
0.0
0.36544693917719606
0.0
0.23699478645313146
0.0
0.0
0.8851239754224234
0.0
0.0
0.0
0.027438511738938177
0.0
0.5071778633202656
0.44514780748244437
0.0
0.9503846830403567
0.792485683305761
0.4070033008634846
0.0
0.0
0.8572338919169077
0.6706580961998913
0.0
0.9030306678129283
0.0
0.07556100649748072
0.46069352418878146
0.26595569332447794
0.8168928885065198
0.0
0.1936932035297817
0.7023991197659073
0.4577604543391115
0.0
0.0
0.7682186731913477
0.2730562835277125
0.0
0.0
0.0
0.9760329340991065
0.8095047231012165
0.0
0.3974909160973475
0.0
0.0
0.0
0.4925871078629336
0.0
0.0
0.283308452308832
0.5951268030499637
0.786525477972103
0.7094540188110509
0.0
0.0
0.12756782339066028
0.0
0.0
0.0
0.5441131333131692
0.0
0.0
0.15045857660556763
0.0
0.5540822223869761
0.9698265970083731
0.0
0.7131616786042025
0.0
0.0
0.0
0.2645907640804489
0.2001320222149345
0.8452418684372289
0.0
0.5601425424258605
0.43946280697069456
0.0
0.0
0.6060631973257072
0.0
0.5517686350981769
0.0
0.7107626479755101
0.9026394251989407
0.0
0.5929634552774558
0.0
0.0
0.0
0.5825977229659262
0.0
0.0
0.12145562667388206
0.9448471566793855
0.0
0.0
0.0
0.03362233246153919
0.0
0.0
0.0
0.9619247531230795
0.5347744184374276
0.5462371308971921
0.0
0.5137438011858909
0.0
0.050922466391385875
0.0
0.2817083942285069
0.0
0.5284829906368917
0.0
0.0
0.4444309927501527
0.9352576321368326
0.0
0.2482550714677872
0.5206793048669688
0.0
0.6216642341765433
0.1736685179906502
0.2580582317266514
0.0
0.0
0.0
0.45121979132048645
0.006817942765119051
0.0
0.0
0.0
0.5219773093987021
0.0
0.8952385120256064
0.0
0.0
0.0
0.44590115264124774
0.14895904798630466
0.0
0.9406697769356727
0.8804585976218076
0.0
0.0
0.0
0.9450035029222033
0.0
0.7398862025637626
0.0
0.154921239115852
0.8056334291527517
0.0
0.0
0.4772253579220144
0.3964905132821906
0.01440261827138932
0.6636035241080619
0.0
0.0
0.0
0.21358629484731548
0.9944420389668903
0.19127341605533013
0.0
0.3886333393545491
0.0
0.0
0.40397739727319004
0.6820209508136386
0.0
0.0
0.22317209982134825
0.0
0.6004649574941283
0.3552366771154368
0.9428788206209708
0.7807563045289106
0.7488764935232955
0.0
0.6046359849131163
0.9473209529064803
0.9069959584765834
0.4625325534728203
0.13294882651992876
0.0
0.3777503815571248
0.2999174793013195
0.6754030614534571
0.0
0.0
0.8266437729949696
0.06740881046466918
0.0
0.5226128858232775
0.6902179000106536
0.8376224000114527
0.0
0.6797567708329356
0.0
0.8968095430127092
0.8654143600915686
0.0
0.0
0.0
0.8158153189305147
0.8532401227489028
0.0
0.7420835612903038
0.5496051297610571
0.6356498329734196
0.18786305888941246
0.8800243152160936
0.9676200504511365
0.6421723606836601
0.0
0.0
0.412552634917081
0.0
0.0
0.0
0.0
0.0
0.0
0.0
0.0
0.0
0.9581723333319361
0.8073353950219939
0.29809086740510404
0.11077852360092333
0.0
0.0
0.43813909486590263
0.48377045356637205
0.5415994354129343
0.8344126924308147
0.0
0.0
0.4848553591568816
0.0
0.0
0.0
0.0
0.7100466672453044
0.0
0.7307340982591123
0.07760404996732004
0.0
0.0
0.023850925016405077
0.10843497133705701
0.31739401047625154
0.2918769594584694
0.8144433817302823
0.0
0.0
0.38280706008062515
0.864561115661595
0.0
0.0
0.0
0.0
0.0
0.17530051910199457
0.4216572180869312
0.0
0.0
0.0
0.9450678092339732
0.0
0.0
0.0
0.0
0.0
0.0
0.297259190902917
0.0
0.0
0.8008911495581427
0.790252322332977
0.6762931639376759
0.47018749671292187
0.3194995627211289
0.0
0.0
0.32939650281653876
0.3179245942296124
0.0
0.15015539995880708
0.0
0.13988828506159665
0.0
0.0
0.11863438747001526
0.0
0.0
0.434426300993922
0.6737136853342007
0.0
0.6425776007642028
0.0
0.8916217872856724
0.5862874577351003
0.0
0.9130222373019734
0.2641669567507234
0.4619871241300107
0.09044711195877629
0.0
0.0
0.0
0.7658508494332531
0.0
0.0
0.0
0.0
0.02338572729335159
0.7798598125054265
0.18950903235299577
0.0
0.0
0.3302140854863105
0.818496192203273
0.0
0.0
0.0
0.0
0.0
0.46516578841907985
0.0
0.4578274867956281
0.0
0.5806816736167544
0.6090283526950672
0.23279899102341617
0.0
0.7131913062022823
0.33839531982778875
0.0
0.39704631162575343
0.8667627533579794
0.2789572975524946
0.0
0.0
0.0
0.0
0.640045329784249
0.0
0.0
0.0
0.4828779367991762
0.8051815801911286
0.0
0.0
0.0
0.0
0.0
0.0
0.23253985870266697
0.0
0.45832073562715503
0.21746307515614338
0.21988834705714047
0.754344311804744
0.0
0.4919150208502773
0.03470605512052195
0.0
0.9764316482902796
0.0017214920402520706
0.11743554040516109
0.24911333050525125
0.4356170649672837
0.0
0.4464622871024546
0.5907589081321891
0.412946155205837
0.7717340307681855
0.7757689615246322
0.01979454526143273
0.0
0.0
0.6284648195707729
0.7389159156818551
0.0
0.0
0.0
0.0
0.0
0.240110065872998
0.0
0.0
0.0
0.0
0.0
0.0
0.8356761502839122
0.0
0.8929311696139667
0.23926374137777087
0.0
0.7392667601127467
0.20685557023751416
0.9630225933769406
0.23206560303839657
0.6542562089897351
0.0
0.0
0.45092126985421555
0.07237108003774553
0.30296628335310494
0.0
0.0
0.9582559153757151
0.9783245859429236
0.0
0.8847731568942988
0.0
0.1896871132698428
0.5088032113744966
0.0
0.446754284877324
0.0
0.08943809006714054
0.6533920306398872
0.1653513258713935
0.6866095598867964
0.16543354186394107
0.0
0.0
0.14202555886027354
0.0
0.24341719897340017
0.0
0.0
0.059812230124810566
0.0
0.18421000573661264
0.8205600219977637
0.44221562120989066
0.3319549928193492
0.4664461283073463
0.7143203379143658
0.0
0.0
0.0
0.6899513584267439
0.10982505030540127
0.39018979624934724
0.0
0.3550835264869036
0.2964465267667324
0.7960549607477188
0.0
0.0
0.025811970052296154
0.3498933374181219
0.6961471626552512
0.0
0.2527480125567537
0.0
0.0
0.0
0.0
0.601784075038415
0.0
0.6084205969710861
0.0
0.6036484283414916
0.0
0.6815368949293283
0.43791164389062104
0.428061407861909
0.0
0.0
0.0
0.0
0.32749437542748266
0.0
0.10845632431460377
0.5275998958267294
0.0
0.0
0.34722848165485465
0.0
0.8319769473687878
0.17289229980781595
0.0
0.22447637860511313
0.0
0.0
0.0
0.0
0.0
0.0
0.9531853792668276
0.602767900945516
0.9981168774478362
0.0
0.0
0.6087555148963689
0.0
0.0
0.0
0.0
0.7190783299435829
0.0
0.0
0.17905268047833847
0.0
0.0
0.32197368122068115
0.7624986912455444
0.43105213509631585
0.0
0.8635107076023141
0.0
0.34318231282922473
0.0
0.7615129589867512
0.0
0.0
0.0
0.0
0.8972215538613654
0.0
0.0
0.18299711487157935
0.41163806871275055
0.0
0.0
0.0
0.0
0.0
0.8987689638439139
0.0
0.0
0.5432444696729155
0.6701889483151305
0.0
0.33997967540885377
0.7138812784296186
0.6774437220786889
0.7422431976282116
0.0
0.4667261594603789
0.0
0.0
0.2183194520338157
0.0
0.38993426338681103
0.2637543116674045
0.0
0.0
0.0
0.0
0.0
0.1668343501463094
0.0
0.0
0.0
0.0
0.0
0.4872120317992467
0.4225533482650683
0.4037173699877312
0.12169477639501672
0.4569328222087863
0.0
0.8910605146138545
0.0669847948721434
0.0
0.0
0.06461540544701556
0.912879007697585
0.0
0.0
0.0
0.0
0.0
0.11199133171934027
0.0
0.5920189238661328
0.6588457004575228
0.24957156713798598
0.8299557385160802
0.47784934150927055
0.5514936536917792
0.0
0.8135708709040614
0.9613199643602723
0.0
0.6868504770765494
0.0
0.0
0.0
0.0
0.47274249329264284
0.0
0.0
0.5742759124886347
0.2882137333431507
0.0
0.045864671592855344
0.0
0.598532201202817
0.0
0.6296309628126358
0.12175243009554707
0.18940500137691454
0.0
0.0
0.9060713239737146
0.5010215195263197
0.0
0.45402986044437627
0.6681043346550505
0.8837485038777
0.0
0.5158371593878279
0.6869183851536752
0.0
0.3701109548284488
0.26043789917563137
0.0
0.0
0.005464398084626611
0.405262293330428
0.0
0.35782412506974043
0.7802601534383424
0.41028793721068224
0.028580276573676563
0.0
0.0
0.7021623173039945
0.3939426581699155
0.08145042711418843
0.0
0.33133522021612855
0.3349415906188188
0.0
0.45177948676225127
0.0
0.1265147160986133
0.0
0.0
0.4802363451978986
0.0
0.0
0.9325089090244557
0.0
0.0
0.4100743352231073
0.0
0.0
0.9771249604719473
0.27031549099854074
0.36212659721960105
0.0
0.0
0.0
0.49683211373202985
0.0
0.0
0.0
0.7319752281617665
0.0
0.0
0.0
0.0
0.0
0.5480742171503141
0.3968464148136776
0.0
0.3376596857486476
0.42881850117752196
0.0
0.0
0.2866841688466867
0.5535266850914151
0.0
0.0
0.0
0.019489246643878046
0.2680961130911807
0.521384401693412
0.0
0.9570586299339285
0.8598661557308294
0.3969958552400502
0.43337520799731183
0.0
0.5850717321763955
0.0
0.19308255052560128
0.03161173748758383
0.0
0.0
0.2645265010758456
0.19700004763757842
0.0
0.0
0.3914591511934533
0.29834256836851003
0.7405289777737352
0.0
0.0
0.8711160992354572
0.5428281360414329
0.0
0.0
0.4753341067883748
0.0
0.0
0.0
0.5724943413694091
0.0
0.0
0.09099122086358362
0.26629323797498
0.6322883744038903
0.7600190313297536
0.0
0.0
0.9409800916838713
0.0
0.8700549507901448
0.2662375992969148
0.0
0.3936647276067523
0.0
0.0
0.0
0.0
0.0
0.0
0.0
0.8188315752901973
0.0
0.0
0.7929969354702846
0.0
0.0
0.0
0.9133226039286416
0.0
0.11570954116891458
0.14015638998900395
0.0
0.0
0.0
0.0
0.0
0.09308581087407447
0.9935759789883154
0.6426361599764617
0.3392817856735336
0.5008139103619436
0.0
0.4998124606205274
0.0
0.7697879115617019
0.0
0.0
0.0
0.0
0.030315097200225443
0.9695483040779028
0.0
0.0
0.588626202582739
0.0
0.454084170561359
0.9264005826444595
0.0
0.0
0.7313342540879604
0.0
0.0
0.0
0.032138104733305556
0.0
0.0
0.0
0.0
0.026562894735999435
0.4109156359030989
0.5521596586618723
0.0
0.0
0.6607976118656137
0.5541630254016457
0.0
0.0
0.9092304836018531
0.8028205478855492
0.20865131128378278
0.14932042324232084
0.28477987419093576
0.0714529939328901
0.5389128158308935
0.0
0.0
0.0
0.0
0.0
0.0
0.14768381435271122
0.0
0.5747497770475537
0.0
0.2021752411585521
0.14217156309623763
0.0
0.8897333355663225
0.6102423818585161
0.0
0.0
0.45432416702297734
0.7706165400111379
0.0690758641418604
0.42242018570310985
0.42310207695081886
0.12460011244182745
0.041327790271712045
0.5805198301802107
0.20583723791417477
0.0
0.0
0.7178592351848094
0.0
0.2822674465534993
0.0
0.0
0.8135052146744383
0.0
0.0
0.0
0.0
0.0
0.15144853275414377
0.7180595061585305
0.10756655795835439
0.1389805746688131
0.0
0.04632955661942058
0.08361612303908429
0.0
0.0
0.24096968783386075
0.0
0.44644449775866385
0.0
0.0
0.21348911053470837
0.0
0.9535363154925119
0.09971418583162944
0.0
0.22049516395504581
0.1202582272920804
0.43170019018251093
0.0
0.0
0.0
0.3157780754071728
0.320658920945819
0.0
0.0
0.9951372545101446
0.21129042367345388
0.0
0.39028784744791084
0.6727609950934832
0.8972034976661106
0.0
0.3242052578896697
0.0
0.0
0.09709866068031067
0.7345417599475688
0.7054767674743192
0.0
0.0
0.0
0.4486711399457493
0.0
0.0
0.0
0.0
0.2172460854073783
0.0
0.0
0.0
0.5824190791145656
0.8318339608375843
0.5577170198440923
0.0
0.9933839971127314
0.0
0.7189525875940216
0.0
0.0
0.8811024929860931
0.0
0.15157063850156977
0.0
0.783904354828378
0.0
0.3504994424022307
0.0
0.0
0.6114845768054178
0.032210987506458205
0.9540371326472208
0.8104031684928539
0.0
0.0
0.5565381890034394
0.07879682529144284
