0.9495300468819889
0.0
0.21150671643983582
0.0
0.4609262826722218
0.7652117071924578
0.41256415332796353
0.8941258370899603
0.0
0.9058556706022944
0.0
0.0
0.0
0.0
0.0
0.0
0.0
0.0
0.11017501807119533
0.0
0.0
0.08494688920562417
0.8227590131369954
0.5356881004277197
0.24002948352653447
0.8563393387180149
0.7879159011806016
0.038979126832226436
0.07301284384330516
0.05915713801406129
0.0
0.0
0.6339742556951544
0.0
0.13622990954288103
0.0
0.7420085995973015
0.0
0.0
0.6286085325250643
0.0
0.6182916309275325
0.2973223929582582
0.5127631475278822
0.8298901558124165
0.0
0.8600995415534916
0.44794963409348315
0.8432604228934772
0.0
0.1690859559435443
0.0
0.0
0.0
0.0
0.8720039530240091
0.3091441057605734
0.10677601735262404
0.0
0.0
0.0
0.3557587582072287
0.0
0.0
0.0
0.0
0.0
0.0
0.0
0.0
0.8039367814348316
0.0
0.0
0.0
0.8463861825623976
0.6666506033629592
0.0
0.4287409342276419
0.7522813291620682
0.0
0.06191831563673186
0.1835682191605669
0.7936163867050304
0.0
0.623273658853639
0.0
0.40126351803690147
0.0
0.671676780021002
0.8183722675733043
0.2521192545432388
0.1820059979220547
0.0
0.0
0.0
0.12153013437313503
0.0
0.0
0.38266359061226946
0.0
0.0
0.4980174003437438
0.0
0.0
0.40169238908303534
0.4219682040413297
0.0
0.0
0.0
0.0
0.0
0.5812187791468411
0.0
0.0
0.06340339431016524
0.20571290094581351
0.5810677562473259
0.0
0.0
0.479116710423023
0.4390514716805502
0.12785681375985494
0.024319134516718837
0.43217574097209144
0.4371752697790754
0.5093020211575056
0.3469391325430957
0.9576756262186336
0.0
0.7368121280419146
0.8805955163855458
0.0
0.0
0.0
0.0
0.6113709830145684
0.0
0.8123847866344545
0.9615906403964579
0.0
0.22100043397173544
0.0
0.6605228327352116
0.19841737398542936
0.2878658542138853
0.3040048438047504
0.116746135381618
0.21004423313754317
0.2546622554109093
0.0
0.6894912621262212
0.0
0.0
0.0
0.0
0.0
0.2981781323364377
0.0
0.3941092349861414
0.0
0.3840247128307956
0.9433782154538869
0.17024743563779574
0.0
0.2826170392497706
0.0365068334140358
0.0
0.0
0.0
0.0
0.0
0.0
0.0
0.1971257811401096
0.7938295595673815
0.17178594376868928
0.0
0.09773466243073226
0.0
0.6634209129961572
0.0
0.0
0.009882065410992364
0.5393935041376442
0.0
0.0
0.954269796571095
0.0
0.0
0.613088396780298
0.0
0.0
0.42054325183506425
0.0
0.0
0.0
0.0
0.0
0.0
0.0
0.0
0.0
0.0
0.0
0.0
0.5917963647680308
0.0
0.5739190868579223
0.0
0.0
0.9452933416444295
0.18266065308725296
0.0
0.7918713955637753
0.6727721372986025
0.0
0.0
0.21392285138315087
0.1384794289984644
0.0
0.7199103187870479
0.22229053826725015
0.0
0.0
0.0
0.3324816500150964
0.0
0.5314024314549637
0.0
0.6006547535673828
0.698968984212784
0.0
0.862063228374445
0.7015283128012701
0.0
0.0
0.13612845132816018
0.2671698027653791
0.0
0.0
0.864835497620338
0.0
0.16554573597763222
0.0
0.0
0.0
0.6957524557475504
0.0
0.0
0.5649098982111936
0.30202215895617385
0.0
0.0
0.08188500521358641
0.0
0.0
0.17838345077961498
0.0
0.0
0.9185058006226118
0.0
0.26467430537445114
0.0
0.0
0.016270623854205565
0.0
0.0
0.6221346689303165
0.0
0.811188147407704
0.09308581087406737
0.3363847599509575
0.20584407795089046
0.0
0.12227080484686083
0.12493880898852726
0.0
0.0
0.0
0.0
0.0
0.0
0.9294894702561567
0.42043801805199427
0.0
0.0
0.0
0.6021162899416111
0.8322385736498266
0.0
0.0
0.0
0.5409272773050798
0.0
0.0
0.5698650939136537
0.018855613875382992
0.8573629370037545
0.0
0.5108852768284282
0.0
0.0
0.09254377070380028
0.0
0.0
0.6631969691337334
0.0
0.7825601006803173
0.0
0.0
0.6319012059764647
0.0
0.0
0.0
0.0
0.5550386174120499
0.09113145126308368
0.0
0.0
0.353409594162014
0.0
0.3841565324323077
0.7280802303322184
0.8531735034712427
0.5931440073764013
0.0
0.0
0.0
0.12305452372396483
0.0
0.0
0.5117387559080373
0.574312121525195
0.005867198227013553
0.6220553534037427
0.38019472342228194
0.0
0.22040819436868825
0.2923311840556988
0.33830014291286525
0.13216550681942024
0.5285673343935218
0.5103325296460736
0.0
0.1812150188517401
0.0
0.0
0.2636046370399635
0.6149238944013692
0.0
0.17244385887668784
0.0
0.0
0.9554467046811801
0.7564779017644185
0.8926752330556511
0.5513398555608973
0.8562708121243638
0.03346912633656862
0.0
0.0
0.0
0.0
0.0
0.0
0.0
0.6244571276541934
0.0
0.8156991706578712
0.4720923440397032
0.0
0.12100859240013041
0.2516862141821347
0.26528767071257875
0.0
0.7383530178071271
0.0
0.0
0.0
0.0
0.23020208010647902
0.15855031028152003
0.9285562260038676
0.0
0.0
0.6455783039882237
0.24051041707209883
0.030260911336104774
0.7756547448261815
0.2534590678187647
0.5201157827710882
0.852934593488712
0.0
0.0
0.0
0.0
0.0
0.0
0.0
0.0
0.9088670825159074
0.0
0.0
0.4522611536667351
0.0
0.0
0.0
0.0
0.005449401354311761
0.975569910869908
0.0
0.0
0.0
0.0
0.2302202648197115
0.48400418552724733
0.0
0.0
0.0
0.3615982226269679
0.0
0.0
0.0
0.7434059945961112
0.2585186060883895
0.0
0.4434443886245731
0.0
0.10091959568471157
0.29948849885431483
0.0
0.0
0.0
0.0
0.059496584372224964
0.3378113036315088
0.7139847714456006
0.0
0.2080424079747271
0.0
0.4869166602075877
0.709139149652415
0.03115354698486877
0.6103421733328447
0.0
0.8995281048447595
0.0
0.43832088412886305
0.8498713179474505
0.0
0.17816236255488185
0.0
0.0
0.0
0.0
0.8076436944910612
0.2587408267909885
0.0
0.0
0.0
0.0
0.0
0.02429407953381984
0.0
0.0
0.30382069497075953
0.0
0.0
0.0
0.13049690281183782
0.1007402485758438
0.0
0.08204277695602057
0.8145926060346671
0.9971171173587184
0.0
0.8110546318764749
0.0
0.03849317579765693
0.5828637755577568
0.0
0.42204462510633234
0.5402927923794314
0.0
0.0
0.4837087811729469
0.7461293153329506
0.0
0.16822909890239773
0.0
0.6350531701343901
0.0
0.0
0.872111199665417
0.0
0.0
0.33198716160134084
0.0
0.0
0.0
0.0
0.0
0.0
0.0
0.0
0.9136820760958381
0.6740087113734636
0.0
0.0
0.8908454346379594
0.9062110497991305
0.7652894275980743
0.0
0.5584783303633718
0.0
0.4080660080041438
0.7295597534504678
0.07713227979465645
0.0
0.0
0.0
0.515925849143929
0.0
0.649420886099555
0.9328054809332551
0.0
0.0
0.0
0.0
0.0
0.0
0.0
0.0
0.0
0.0
0.34176706694900544
0.0
0.5362456916097493
0.34976485352822867
0.0
0.0
0.7016793922346439
0.0
0.0
0.17985953752565825
0.0
0.6286750769691625
0.0
0.0
0.0
0.0
0.0
0.0
0.0
0.0
0.5672644226962752
0.0
0.0
0.8268558599267936
0.8631996533706877
0.592957385835836
0.6188177462209921
0.014020595833294474
0.12143405744109076
0.40088494514554884
0.0
0.09362590385411394
0.6781214331785036
0.022220119118341868
0.0
0.5322137914258417
0.0
0.3961454459211363
0.0
0.0
0.0
0.0
0.833083130754289
0.7975813634068363
0.0848951650527922
0.3173835043657096
0.15489161129235232
0.8861099044481011
0.0
0.5259648799287784
0.9931622219341617
0.0
0.0
0.0
0.0
0.0
0.0
0.6363819574786995
0.0
0.0
0.0
0.0
0.0
0.0
0.0
0.2351119675211584
0.5503836604513462
0.0
0.0
0.0
0.0
0.24591578096618305
0.6489331552329415
0.0
0.22005750988006828
0.0
0.0
0.0
0.0
0.7715841115003957
0.643784257618165
0.989601622365458
0.5480742171503106
0.0
0.0
0.0
0.5649654246112867
0.8401417494131468
0.6697659467659648
0.0
0.2586580132702968
0.6661762402820698
0.0
0.9103335987050116
0.9174405613089353
0.0
0.0
0.3810034450191625
0.0
0.49638047657825235
0.05178250095491321
0.501125252905332
0.1491458003238116
0.2944572720588459
0.0
0.8255810109777295
0.0
0.0
0.0
0.34088693166827944
0.0
0.0
0.0
0.0
0.0
0.0
0.0
0.5346015712393223
0.0
0.0
0.0
0.41768449538978253
0.7487500464274358
0.0
0.562401501363726
0.14563401211478752
0.44380149191773294
0.0
0.14311484319273535
0.0
0.5685745949507025
0.0
0.0
0.8309911992581482
0.0
0.0
0.5512531295710749
0.6663491252170974
0.0
0.0
0.0
0.0
0.0
0.6320918870064572
0.0
0.12877356947822916
0.0
0.9079559405317293
0.0
0.9366030450704661
0.027649161151596678
0.0
0.28813661052337197
0.0
0.0
0.7108230315924414
0.0
0.0
0.0
0.6899335816507263
0.9599931952176975
0.0
0.0
0.0
0.0
0.0
0.0
0.0
0.0
0.8902916597921664
0.47780064584339554
0.1603041361231571
0.5305279083345483
0.0
0.7190502178989441
0.0
0.2936760969513112
0.0
0.0
0.7737879599807561
0.0
0.09040964476764525
0.0
0.0
0.0
0.18396618404268522
0.0
0.0
0.4754002034022973
0.6866431918830049
0.2640912399699575
0.6085366696843698
0.7729860694746664
0.7208808236907231
0.0
0.0
0.0
0.0
0.0
0.25119844468580943
0.6702848451752839
0.6818099384037797
0.3682050827613564
0.0
0.0
0.0
0.0
0.9335740680975229
0.0
0.512601149884584
0.8165383385337006
0.0
0.877842130881021
0.0
0.0
0.0
0.9053628396028566
0.0
0.8724828365107912
0.0
0.5866533719536239
0.0
0.2350187436842861
0.0
0.0
0.0
0.0
0.0
0.0
0.0
0.0
0.0
0.0
0.4322786088939266
0.0
0.2132748367904832
0.27040799513903785
0.0
0.4208776382103309
0.4688471782258919
0.0077203415033835114
0.23970009724927047
0.0
0.8175954928670834
0.6732228673272774
0.7614787289971154
0.7664784135696517
0.5358178947701036
0.4625638023582891
0.0
0.0
0.0
0.39325190141570926
0.10944308652294091
0.102733706951679
0.0
0.0
0.7767516605372802
0.0
0.0
0.0
0.0
0.43902649220911233
0.0
0.0
0.2529436017443518
0.8843793358681739
0.1356030228836623
0.0
0.12470779048877283
0.0
0.2903851995134728
0.0
0.4509458498752445
0.0
0.0
0.0
0.6066487543322021
0.08217808372624172
0.0
0.0
0.0
0.0
0.0565079292616411
0.0
0.0
0.0
0.0
0.6662150951190794
0.0
0.0
0.7751875424339582
0.3872635522598145
0.33214617439553157
0.6643331717306054
0.0
0.903113800028414
0.0
0.5458135352632961
0.5268364722305612
0.24825848687352597
0.46760171638122694
0.8580446970399004
0.0
0.0
0.6988807257097123
0.2909437335761726
0.0
0.7809494331704475
0.903687926460223
0.4416663062616939
0.0
0.7525023557867369
0.011308604545723229
0.0
0.0
0.0
0.8642985921986321
0.020565992739084566
0.26761351788208926
0.0
0.2563925560391036
0.0
0.27759098471036053
0.9253777500796991
0.0
0.0
0.7319087373590076
0.0
0.02018397032354319
0.28638946459377146
0.09805601919572704
0.0
0.0
0.38827983106011266
0.17339220514261752
0.0
0.8232345055112077
0.9373389586128994
0.0
0.0
0.8683143491261276
0.0
0.031095016424003353
0.5106187943399334
0.22419368287535188
0.9739685938560392
0.0
0.26663740561650484
0.0
0.0
0.0
0.0
0.0
0.3690730842147123
0.0
0.767968272426581
0.0
0.6914379398098824
0.0
0.0
0.0
0.0
0.0
0.0
0.0
0.2855645090194429
0.7078783479000903
0.0
0.30303580608003083
0.0
0.0
0.8179524132323774
0.3951794483467859
0.0
0.0
0.0
0.6012672125444045
0.0
0.0
0.7628173054166164
0.0
0.7715347148546358
0.0
0.4772351679072578
0.6747535232505896
0.0
0.0
0.0
0.01731317331357214
0.0
0.0
0.3619178293298544
0.0
0.0
0.5482141849055076
0.0
0.694655731948493
0.8622134910310282
0.48247469158048367
0.0
0.0
0.2673612959299173
0.0
0.15957883747149296
0.0
0.1403639553424952
0.0
0.6992354297121426
0.0
0.9951932807791926
0.9705235453640901
0.9908312269765182
0.08128765544850458
0.07449668623207395
0.0
0.0
0.0
0.0
0.3275467171460475
0.8436403156926424
0.14985481967706463
0.738354401597845
0.0
0.9399088979652136
0.9472373284685977
0.7192710072355673
0.30092974551674917
0.4339093768990913
0.0
0.0
0.0
0.0
0.7121315795954181
0.0
0.0
0.0
0.3951719161576163
0.0
0.0
0.0
0.0
0.0
0.0
0.0
0.0
0.04278173314486773
0.7057536784471603
0.0
0.0
0.0
0.0
0.5009515901472628
0.931704271494431
0.8504099257394737
0.8529845889763725
0.0
0.0
0.0
0.29275948847105754
0.0
0.0
0.3075574074189166
0.31694897845157244
0.0
0.0
0.13221872929670148
0.15303707428782998
0.2906260703298345
0.174924255378327
0.8736012792920871
0.3142913812255986
0.0
0.0
0.0
0.0
0.0
0.0
0.0
0.0
0.0
0.26161648332765813
0.7295454570568155
0.0
0.0
0.6117445271161104
0.1108665752591319
0.9240811044941941
0.38392493955586193
0.0
0.6259227542304532
0.2753333702864497
0.0
0.0
0.0
0.0
0.40480928399974986
0.0
0.0
0.03909560456570633
0.7536117989734205
0.2788133743420615
0.3902565780065421
0.838951457896851
0.5418730191919708
0.4415821611769255
0.0
0.0
0.0
0.36154325396698067
0.0
0.0
0.0
0.0
0.0
0.0
0.1586409076322546
0.8970238694145428
0.177621885555409
0.0
0.0
0.0
0.21849182873683065
0.8615617163905336
0.0
0.3873990072151229
0.3633775396806684
0.660101440953918
0.0
0.0
0.0
0.5404271045788103
0.0
0.22068106999409334
0.38922210149905656
0.0
0.3953138465070256
0.0
0.5114990121720103
0.48007787995838386
0.0
0.3428964469888648
0.5310682821844417
0.17660489029896886
0.23788095426557374
0.470316376065333
0.0
0.0
0.0
0.0
0.06862124703561003
0.0
0.0
0.0
0.6117672823060806
0.0
0.009545907211366198
0.3948056249037731
0.5110616408636259
0.0
0.6088675839167328
0.14783998401373558
0.0
0.0
0.4369581309346065
0.7563263766917194
0.0
0.040079473262698735
0.37943692493051084
0.6181159892913803
0.5500668715685205
0.5202522518579922
0.0
0.0
0.549709005666477
0.0
0.8886803367636482
0.1356741090007213
0.0
0.0
0.0
0.40460395032262325
0.0
0.0
0.2399439518432354
0.718693455810809
0.03259539622992761
0.0
0.0
0.24556679157721767
0.3224225738004349
0.21395174505586936
0.261969877196208
0.0
0.6783790469395278
0.7282985058119065
0.0
0.0
0.0
0.0
0.0
0.0
0.0
0.5914176642115428
0.1146418692899245
0.06675552110788359
0.8285844267784416
0.9814745604334302
0.0
0.0
0.9201580478653034
0.0
0.3334722845800303
0.2527587554382138
0.0
0.2126421865147523
0.0
0.038732715759282055
0.9108757895094824
0.5197024672382722
0.0
0.03287376629995726
0.5999097029845797
0.0
0.0
0.33940459912246107
0.02221572491530769
0.8773167325821901
0.6373810590407679
0.0
0.0
0.0
0.36293376956819473
0.7005129102103038
0.0
0.0
0.0
0.9696533480275648
0.0
0.0
0.22278166526636511
0.0
0.0
0.6683253236510289
0.0
0.16740786116824152
0.26395019861983443
0.0
0.4820695424446133
0.0
0.0
0.9970488836062505
0.0
0.55210448608313
0.2327189630276301
0.0
0.0
0.0
0.0
0.0
0.07592240841797675
0.0
0.0
0.4580356982596004
0.0
0.4437518757198854
0.0
0.0
0.0
0.0
0.0
0.0
0.028166680751027476
0.0
0.0
0.09650178096898024
0.0
0.9076727082632042
0.804926952366377
0.1734079139120854
0.0
0.0
0.0
0.0
0.0
0.0
0.0
0.0
0.022721285102856478
0.0
0.0
0.0
0.0
0.7562767309050733
0.0
0.0
0.0
0.25668682066848997
0.0
0.7293557201326594
0.0
0.3330655206274485
0.9200881773553098
0.4477686067417811
0.06698304026963386
0.0
0.0
0.07725979285322322
0.9595049671047251
0.0
0.9184903161518856
0.0
0.648578390601007
0.0
0.8855168483079302
0.1199262002445665
0.25017933707091183
0.0
0.3918422985724266
0.0
0.8548804824325046
0.0
0.0
0.09331815565920366
0.3193745035368394
0.0
0.6366264769477901
0.0
0.0
0.0
0.9224271140289133
0.5687460238238509
0.0
0.0
0.9432494706765082
0.6884325367461398
0.0
0.0
0.0
0.47888874536789644
0.0
0.0
0.0
0.0
0.0
0.5193636937506598
0.3519191611663553
0.0
0.536955029409322
0.9399158773894879
0.5524092646398909
0.3159034447606289
0.933142428665103
0.0
0.036540504265096745
0.7623433833566192
0.9777092239043236
0.0
0.0
0.2180815207702779
0.0
0.4624235238128838
0.5463705035060712
0.0
0.0
0.0
0.36616452824644335
0.0
0.0
0.0
0.0
0.0
0.8768964289430028
0.03569291647068454
0.0
0.0
0.0
0.0
0.0
0.0
0.0
0.8910775070428771
0.0
0.0
0.0
0.0
0.0
0.0
0.8846407861791862
0.0
0.0
0.0
0.7696087837721152
0.0
0.20903577018502867
0.4465239624863718
0.8904273402776854
0.0
0.0
0.0
0.0
0.2890834334283611
0.0
0.0
0.4903935130638101
0.36912621488199815
0.8161649905004414
0.0
0.0
0.0
0.6044655647002216
0.008567666922763667
0.0
0.0
0.6958409035006069
0.0
0.0
0.9174246172733412
0.7274383277085464
0.6766995656726907
0.0
0.27732585387159936
0.0
0.056758652698446814
0.0
0.0
0.0
0.0
0.0
0.0
0.6051802523471795
0.24060741062503618
0.0
0.0
0.6553137437930191
0.0
0.0
0.0
0.06202536037031823
0.02868744519522171
0.0
0.0
0.9236000970071877
0.0
0.2367010413749392
0.0
0.26520061139098905
0.0
0.575690167928986
0.0
0.084491326963209
0.059619238286900876
0.0
0.24147600960451107
0.0
0.589553548872089
0.0
0.5614388748078871
0.0
0.8929247324223105
0.0
0.0
0.0
0.0
0.0
0.10790280195736805
0.39263794279420355
0.0
0.0
0.0
0.5336930070940431
0.8913601812690455
0.0
0.0
0.0
0.865941694077121
0.0
0.0
0.8700884548089224
0.0
0.0
0.0
0.11575600663489755
0.692035973116723
0.0
0.5934527903949882
0.0
0.0
0.0
0.0
0.0
0.8384719869043682
0.7804137514950068
0.0
0.0
0.6342659805802382
0.0
0.0
0.18375243787308773
0.10797195162061159
0.26204269274142744
0.0
0.008721484804753092
0.0
0.0
0.8020064750776876
0.0
0.0
0.0
0.061947197011398676
0.6306306862503466
0.16196935237938076
0.0
0.0
0.0
0.8611574313723973
0.10024679971445612
0.0
0.0
0.1930313915243056
0.6114816224399975
0.9851921868299176
0.0
0.7396990772437224
0.24035403469956498
0.717081581134095
0.2959439233112832
0.11459984765185247
0.3470200596532677
0.0
0.920180698789092
0.0
0.23881727503619238
0.0
0.8580178406822248
0.0
0.8204078877918806
0.7095255026525468
0.6155873792121503
0.4907529864670413
0.0
0.0
0.3582778530022058
0.09814965548425462
0.7394115593868531
0.0
0.19470429021132898
0.0
0.611879288167774
0.019420252114068677
0.8475868477872122
0.37573751238832187
0.0
0.15039883757557412
0.0
0.0
0.0
0.0
0.0
0.4587736747684662
0.0
0.0
0.8549050897150982
0.0
0.0
0.0
0.0
0.0
0.7791052545916756
0.0
0.45368508859209783
0.0
0.15550166153733258
0.7957174522971765
0.0
0.0
0.0
0.0
0.0
0.11001526243293155
0.0
0.3660352039234455
0.05416559390371521
0.0
0.4341285955947089
0.18390184667250853
0.0
0.0
0.8694864279353423
0.44006422738905393
0.0
0.0
0.3706237934906928
0.6209587021613556
0.0
0.3837411773415852
0.8708304267309244
0.16113877084744965
0.0
0.0
0.8466924796773349
0.0
0.0
0.3734309614289755
0.0
0.0
0.3564218864952691
0.0
0.0
0.0
0.0
0.2346341791784442
0.0
0.7469811924767084
0.0
0.0
0.0
0.0
0.21753327710937456
0.0
0.0
0.0
0.5430070256245436
0.22847867516371523
0.0
0.8081032661926059
0.0
0.7391824693727668
0.14970336329144623
0.0
0.0
0.0
0.0
0.0
0.3362854699137322
0.0
0.96678873724479
0.0
0.34016196648882074
0.9180689472305601
0.0
0.0
0.0
0.0
0.0
0.49744626863723357
0.8800560514228113
0.8698065114618719
0.8590961932738678
0.0
0.0
0.0
0.49560743835378956
0.7105641569997914
0.0
0.9415260945563071
0.4142021348237807
0.0
0.8480434807352589
0.6167176682600304
0.0
0.449020783428592
0.0
0.0
0.025119721183001546
0.0
0.0
0.05717979406209575
0.0
0.0
0.0
0.9977406943452246
0.0
0.0
0.0
0.8393263520923102
0.0
0.0
0.9052038044873628
0.0
0.0
0.0
0.0
0.8446243082882793
0.0
0.8887546977791447
0.0
0.4646886578448162
0.6255744961262997
0.0
0.0
0.0
0.0
0.11133789110245797
0.8513124320049645
0.12064734551774177
0.07815447322105633
0.0
0.30349290442274485
0.32061378685711356
0.6854588220071541
0.0
0.0
0.8141646091628252
0.4925871078629296
0.0
0.0
0.0
0.0
0.0
0.7995923135341224
0.0
0.2977235753746922
0.0
0.035641647659598465
0.43767544928858265
0.0
0.0
0.5870690341765015
0.0
0.0
0.4664655011764813
0.0
0.0
0.0
0.31657339562135495
0.0
0.0
0.0
0.0
0.9660759131000405
0.7489196580047616
0.692656730332516
0.888796608681194
0.0
0.2522506223790892
0.0
0.0
0.0
0.40625641399502777
0.8545322584144963
0.0
0.0
0.0
0.0
0.0
0.8806617179104222
0.0
0.0
0.0
0.0
0.705387117436417
0.019805432803769042
0.0
0.5270974707607361
0.0
0.0
0.0
0.22813768417363886
0.5291114485239347
0.0
0.0
0.0
0.5509819963090815
0.0
0.0
0.5528710513303433
0.0
0.0
0.0
0.0
0.2966661054953604
0.0
0.5846205876519328
0.0
0.0
0.12180271899213649
0.0
0.0
0.6140605272089782
0.24740194792536632
0.0
0.21177458977083571
0.05450728101636996
0.9933517380231877
0.6060056307215254
0.0
0.0
0.0
0.916478404134785
0.12780083163145775
0.612751200974037
0.0
0.0
0.0669240738634348
0.466219298878363
0.0
0.0
0.0
0.34920424549888746
0.8270958923447557
0.0
0.6741732532574466
0.03643069234870302
0.07727800083296187
0.0
0.0
0.0
0.0
0.0
0.0
0.0
0.0
0.17046635671688476
0.0
0.0
0.0
0.520223133981437
0.0
0.5045329921063635
0.0
0.0
0.16267524212425807
0.0
0.8130872113479712
0.0
0.0
0.49446364484863525
0.0
0.0
0.6994397043813753
0.0
0.41559990290214915
0.04930649449211432
0.0
0.0
0.16852558824833241
0.829289866659393
0.0
0.0
0.0
0.6898505567143564
0.11275077371321487
0.0
0.7442762114738196
0.0
0.2038747263563859
0.0
0.0
0.0
0.0
0.0
0.11848143213439775
0.07421096328935545
0.0
0.0
0.0
0.0
0.0
0.0
0.0
0.0
0.0
0.0
0.17934244830911247
0.40476282647697925
0.4830950771336259
0.3761888990982135
0.23857385934194217
0.0
0.0
0.09744305920799229
0.0
0.0
0.0
0.0
0.0
0.0
0.43905478586956675
0.0
0.4589789631437408
0.27060205620622574
0.1040993202696417
0.7206514701559086
0.5847488701030104
0.0369405310595366
0.4012993649786562
0.7599704619756482
0.0
0.253528463470725
0.0
0.9333988758868411
0.09329334391416914
0.4778059373201652
0.4696667886634004
0.0
0.2561400521417693
0.48227667475144237
0.31265060953668145
0.0
0.11994382161110623
0.0
0.626410795664475
0.9313978620485247
0.0
0.0
0.0
0.11325285584623886
0.0
0.0
0.1475239390928384
0.0
0.6030901396728787
0.0
0.0
0.7933690274036026
0.0
0.8320679860277355
0.6580223389764659
0.0
0.6237538713619157
0.0
0.0
0.0
0.0
0.0
0.0
0.09670698255702483
0.0
0.609032257206051
0.0
0.3090184277967502
0.3641901096586579
0.06680317397379078
0.0
0.0
0.5683242612153465
0.2461579388360199
0.0
0.0
0.0
0.5968159254395689
0.0
0.0
0.5580543422029718
0.0
0.332782328953433
0.0
0.48219700317189296
0.9855558913831521
0.0
0.0
0.0
0.0
0.23770343548144604
0.0
0.0
0.3836756905689529
0.3707346989045317
0.0
0.9990532566028537
0.0
0.7950192201600869
0.6289721415932239
0.0
0.6492314294590981
0.0
0.0
0.0
0.09881738521331637
0.0
0.49111557312733306
0.05435862509546597
0.5417291227041089
0.0
0.0
0.0
0.2730562835277068
0.0
0.0
0.0
0.5983409714346396
0.0
0.31788541313661467
0.6720158764608077
0.45446132144272955
0.7350742228711538
0.95479710291923
0.0
0.0
0.6974228923818635
0.8886846631599308
0.17880677943511616
0.15242174695179453
0.664220651182953
0.0
0.0
0.0
0.0
0.9752935444031111
0.0
0.0
0.6554218615616335
0.0
0.0
0.0
0.0
0.0
0.0
0.0
0.0
0.4735534447150688
0.9545648833579842
0.0
0.7494789188374449
0.5787341922689443
0.9170164855742496
0.0
0.8769818872503663
0.16063255434746693
0.004206238346782222
0.0
0.0
0.0
0.0
0.5617780469262428
0.48507293816761204
0.0
0.0
0.4719405823674339
0.0
0.20659212721229386
0.0
0.0
0.0
0.0
0.0
0.355401872483431
0.0
0.5038615044852861
0.0
0.18922819440035155
0.0
0.5826750378400112
0.0
0.0
0.0
0.0
0.0
0.0
0.0
0.0
0.9603002029671774
0.0
0.42618628093662864
0.0
0.39706910620056896
0.9781304944260137
0.6476432894468152
0.2750918278224397
0.0
0.5328893852260178
0.0
0.0
0.61250970702921
0.31134285669447337
0.0
0.7659502611446346
0.0
0.0
0.0
0.9170382516332881
0.0
0.7764790854982159
0.0
0.0
0.0
0.7627897529406502
0.4733785157612818
0.0
0.0
0.9826691722123029
0.4840213054103876
0.952762637345868
0.0
0.0
0.0
0.0
0.6784125215726866
0.16304775068835645
0.0
0.0
0.26674198776714153
0.0
0.9312796940566372
0.0
0.0
0.0
0.0
0.6249541761061687
0.0
0.8504789012128412
0.0
0.0
0.46668401773841406
0.0
0.4466512274603308
0.0
0.0
0.0
0.0
0.6028899545006774
0.0
0.27809923449401514
0.04217935882565601
0.0
0.0
0.0
0.8980777533577965
0.0
0.0
0.0
0.0
0.0
0.0
0.0
0.0
0.0
0.0
0.0
0.8533648816872701
0.0
0.6716840594013629
0.0
0.0
0.06764623058133912
0.0
0.9339286700915259
0.0
0.0
0.8473800751687179
0.0
0.0
0.32619349323950075
0.7462576500830664
0.010677869408755052
0.0
0.599117393359999
0.0
0.6192727485294827
0.1211477444216385
0.0
0.0
0.0
0.0
0.7248201895813772
0.0
0.44177584597808206
0.0
0.5215298045444827
0.7138790728249528
0.0
0.0
0.0
0.0049912591027854525
0.03228598630844797
0.0
0.0
0.0
0.0
0.0
0.0
0.0
0.6471102403644082
0.14153074255379042
0.823383557676873
0.864861233352818
0.527835105524155
0.0
0.0
0.0
0.6237933174536805
0.23370406287189402
0.7936493523264387
0.37978810822556824
0.0
0.0
0.0
0.4596404905667044
0.0
0.0
0.0
0.0
0.6958015786595174
0.0
0.454418853839313
0.2655159491390602
0.001358016405068631
0.23927216566828763
0.2481526561092862
0.0
0.0
0.0
0.0
0.0
0.0
0.0
0.0
0.37766056701689443
0.0
0.0
0.0
0.0
0.0
0.0
0.0
0.0
0.0
0.008119724099961489
0.0037386891566895493
0.0
0.0
0.0
0.9106413598332703
0.20336720287579246
0.25391334216799255
0.011446622013922707
0.0
0.3225773318681245
0.0
0.0
0.0
0.0
0.0
0.0
0.0
0.0
0.0
0.33732379596932865
0.0
0.0
0.0
0.0
0.0
0.0
0.0
0.23752726488414405
0.3108783110795485
0.23632128720827653
0.8804603010489154
0.0
0.0
0.7049285852452907
0.0
0.5042933424384596
0.0
0.0
0.0
0.9461918817484029
0.35945848272441666
0.5290530117910995
0.8235469988046078
0.0
0.9082828945202032
0.23644931673676609
0.6886960796123491
0.6474167493704944
0.5673816125832556
0.0
0.0
0.0
0.0
0.8441212791839402
0.30134048777863726
0.0
0.27243888048540443
0.0
0.0
0.0
0.0
0.0
0.0
0.6354088243545988
0.8133103137876755
0.2549080758177404
0.0
0.1633557917848056
0.03876614760852521
0.9976048223227681
0.0
0.0
0.0
0.3194646498495904
0.8500696870187164
0.0
0.28636063922320704
0.07378068372314169
0.7596160446565845
0.3238348492351207
0.5521189208182735
0.0
0.0
0.4446254591925477
0.0
0.0
0.34726878931891575
0.0
0.30150169227446716
0.0
0.0
0.0
0.0
0.0
0.031055254257835067
0.0
0.0
0.0
0.16241581258320828
0.0
0.0
0.0
0.0
0.23039107543783868
0.0
0.34218268186075934
0.0
0.0
0.0
0.0
0.0
0.0
0.5343609347054282
0.24272241606495332
0.405802269970473
0.0
0.8003567857935159
0.0
0.08466310009083373
0.0
0.9664549182434627
0.6658462415120808
0.03294759934371936
0.3163188123238872
0.27441134033775183
0.0
0.0
0.0
0.0
0.0
0.0
0.0
0.5016761417920365
0.0
0.0
0.7808376763518339
0.0
0.0
0.0
0.01392592114466218
0.0
0.6539030912187804
0.36624268218321715
0.0
0.7782808567649315
0.2577767956492819
0.0
0.0
0.3080918808101761
0.2197065482031254
0.0
0.8659504764533879
0.0
0.29195023752820215
0.0
0.0
0.0
0.28849594654445176
0.0
0.0
0.0
0.0
0.0
0.0
0.1955857436932216
0.0
0.07464836584622368
0.0
0.43381952061721774
0.0
0.09496185717154115
0.1391251807070672
0.0
0.0
0.0
0.014997681711146044
0.663199470955191
0.6656696568336263
0.7563594870828175
0.0
0.7042190402256016
0.8423433697619823
0.5886150549908132
0.8603470849542824
0.23586819666229605
0.9171371151129436
0.35950544864783285
0.0
0.47431408453897966
0.0
0.2901523543607582
0.0
0.0
0.0
0.0
0.0
0.0
0.8967088961929836
0.5885546430265332
0.7521387567310346
0.0
0.7999029912279553
0.0
0.7896765273813374
0.6441525524209536
0.6920251106947288
0.0
0.6156053984570823
0.0
0.8075126680483692
0.8867280493548615
0.25262113324565283
0.0
0.0
0.8149640461070438
0.0
0.632719817318196
0.12249722830160806
0.0
0.3458786984416437
0.0
0.8626049295480887
0.0
0.0
0.0
0.0
0.5632543758898015
0.413063873332104
0.0
0.519461166504648
0.5118755830273021
0.5552555237825018
0.0
0.01862934441867259
0.0
0.15357940834756836
0.8892219922819223
0.3454704942587787
0.024392757990790586
0.8822785391705822
0.3399162353645328
0.7860191924226178
0.0
0.7581439339131752
0.9155693219990978
0.11785365205837776
0.43849771503262797
0.0
0.21420176241282265
0.30417475691098905
0.37965118282666105
0.0
0.0
0.0
0.0
0.0
0.0
0.0
0.3437636261860501
0.7051267740078994
0.6498614760204866
0.7019998271141871
0.8675915458025514
0.012271464588311264
0.7647146693341508
0.0
0.0
0.8144448501849355
0.0
0.8106979279764763
0.0
0.6160935724489879
0.8162919616260725
0.0
0.199970389817911
0.0
0.7598916382967769
0.3753082998662581
0.11960699123230006
0.495217313966945
0.793375333632597
0.8147953850260075
0.755733081102201
0.0
0.0
0.0
0.7892395600233802
0.0
0.726705086866037
0.0
0.689817983314045
0.7630018997520568
0.7373329103225289
0.0
0.7114339007495594
0.47058478665073517
0.0
0.2837991922247136
0.0
0.0
0.6360530761679648
0.3458182722248938
0.0
0.0
0.0
0.2956457021039682
0.0
0.18880792018679754
0.0
0.9949193342896553
0.8944485417898139
0.0
0.798647324719511
0.5583548864868435
0.7602891736656268
0.0
0.0
0.1208750612485342
0.3872868986950687
0.0
0.4611376492796957
0.749104550576375
0.0
0.0
0.0
0.0
0.0
0.5631894307574364
0.8181358043534767
0.0
0.580035970387926
0.3114955207781439
0.0
0.099940142732579
0.11505974956341827
0.0
0.0
0.0
0.5368388727173923
0.0
0.22847164534813866
0.0
0.016288625516100684
0.0
0.5579277407833289
0.3457898688391286
0.13774609654760667
0.5958709527084066
0.0
0.0
0.22112863194196866
0.0
0.8515000764148221
0.0
0.09838795167688863
0.07644855723936404
0.0
0.7761013036423532
0.0
0.886506080624191
0.07674451431630583
0.0
0.0
0.0
0.0
0.0
0.0
0.0
0.0
0.44051330043319475
0.050543026948503406
0.8616874566345595
0.5796239640290232
0.0
0.36018737157393677
0.04838739531750374
0.0
0.0
0.46830876163550694
0.4040016754825209
0.0
0.07906611054137726
0.9564814982277224
0.5524524889945467
0.050955535385187115
0.810578524194461
0.5237696357618985
0.541582800666862
0.0
0.0
0.12458885217211829
0.0
0.07319450378419447
0.0
0.7032951652589634
0.0
0.39531445793383896
0.0
0.5566350596088978
0.0
0.0
0.9001841348752382
0.04216467185234656
0.0
0.0
0.0
0.07394018706950582
0.0
0.0
0.7874399193086712
0.8043790102835057
0.0
0.6911329156263322
0.41966063468364073
0.0
0.0
0.0
0.0
0.0
0.540731866784025
0.0
0.44809696616201405
0.0
0.3092898926443235
0.0
0.0
0.0
0.32129923163933943
0.012057781751129001
0.0
0.0
0.26208271186553767
0.056842822618998534
0.0
0.0
0.1959015153530194
0.3756484125362862
0.2579855990283755
0.30944754256507334
0.0
0.0
0.7827194841264759
0.4589787158255782
0.0
0.0
0.24404787546683485
0.6456979278464966
0.0
0.1420238773988245
0.18624184297964846
0.0
0.0
0.0
0.7187941653666836
0.14475649097313958
0.0
0.0
0.7642373757975666
0.0
0.21115525706014224
0.0
0.0
0.0
0.020030709765141513
0.0
0.0
0.24423178714547855
0.0
0.5635797562345677
0.35607122602017643
0.0
0.0
0.5883245239795276
0.0
0.0
0.0
0.0
0.0
0.0
0.0
0.039685961620160456
0.6609378807153421
0.0
0.5402962198018867
0.0
0.23924178323638245
0.0
0.0
0.0
0.0
0.0
0.0
0.0
0.0
0.0
0.8769740070939749
0.547059290000874
0.0
0.0
0.029018944173326188
0.3475730959932603
0.7122626223481359
0.0
0.0
0.0
0.030608756782056868
0.136977358960823
0.01853477336993369
0.38878577898432426
0.0
0.03461152825055625
0.0
0.6061602647108286
0.0
0.6208584965189606
0.0
0.7869247706792537
0.0
0.8138420116660813
0.6555869570137484
0.0
0.8826472242085842
0.0
0.8129335986673654
0.0
0.0
0.0
0.0
0.0
0.0
0.0
0.0
0.0
0.29997208262897124
0.0
0.0
0.35445341047764234
0.9299984494154304
0.0
0.9578236678239903
0.0
0.5297351597244454
0.0
0.0
0.0
0.0
0.12298828731199117
0.0
0.5713630508588121
0.0
0.47689336523284587
0.0
0.7793735853642548
0.28438513317572794
0.3967602461443385
0.5008051099056017
0.3816129920736762
0.017226079955338532
0.9025011509533146
0.06134633365858494
0.0
0.0
0.6574755413014639
0.10001001052736912
0.0
0.5821540399141154
0.9127578358346509
0.5306818183543498
0.7581933245408647
0.09041531129227467
0.1746928306217003
0.14583368415464304
0.784039704349646
0.0
0.2620208082851879
0.7562521608089828
0.0
0.0
0.05980010157564584
0.9653471340201263
0.0
0.8261985364722075
0.5825741903193715
0.0
0.1722927478658691
0.30218676763545443
0.20111445929399274
0.015171985282475209
0.0
0.0
0.8529391456766855
0.4385176351899451
0.885087919923446
0.0
0.6967588706569391
0.8418613885598389
0.9389429831948758
0.6411858336890961
0.0
0.0
0.0
0.0
0.0
0.0
0.0
0.3265011441371565
0.0
0.0
0.0
0.8100659250710107
0.7026913817005409
0.4393544764178329
0.6807295893886056
0.7140084281594641
0.7328617443170363
0.0
0.0
0.9519390963722332
0.0
0.5790905695044182
0.0
0.7321431200463383
0.0
0.0
0.0
0.7385503229230993
0.5404642722368356
0.0
0.21293462142830788
0.9299970296888525
0.4674401125270765
0.711279033442976
0.18386325359667272
0.0
0.0
0.0
0.0
0.3945701583839149
0.0
0.0
0.0
0.0
0.07685083812704194
0.2628324948881506
0.9829908182140419
0.0
0.0
0.7946163482086359
0.7193615056176061
0.6733889304247069
0.0
0.48407807369820727
0.0
0.0
0.0
0.8550911681484696
0.16617413044867224
0.24602025378294687
0.0
0.21700939239253247
0.0
0.0
0.8471389902307924
0.5922922374051025
0.0
0.0
0.3991064667779679
0.02978928715560263
0.0
0.0
0.0
0.7648149638283634
0.7345612350712284
0.0
0.0
0.0
0.30744359223783385
0.9431359406205528
0.0
0.0
0.07051249310132579
0.02280205588600725
0.7431625582732501
0.14010369229954162
0.0
0.5485917257549655
0.0
0.0
0.8515103959224581
0.0
0.0
0.0
0.0
0.052638007090748
0.055348151261742896
0.0
0.0
0.0
0.0
0.0897529033931714
0.0
0.17279224822948683
0.15186269785855835
0.6005467627961895
0.03685181395046823
0.0
0.0
0.0
0.0
0.8645876330566816
0.4945522333301095
0.22265427771941074
0.8569791217761531
0.9225389422121778
0.05580378209898962
0.6773958194406077
0.0
0.0
0.0
0.0
0.5695602937592517
0.8394885004276413
0.0
0.0
0.7342219123774184
0.0
0.0
0.0
0.0
0.0
0.0
0.716763017111809
0.0
0.0
0.314622955089034
0.0
0.0
0.0
0.05071278287664707
0.5003121063319961
0.6417768020654249
0.0
0.8647572047079068
0.4080618277489331
0.0
0.5389131919559557
0.7692749581389189
0.0
0.6031251440738471
0.5567250440144687
0.0
0.0
0.0
0.0
0.12343705287187257
0.0
0.0
0.0
0.3959468738029365
0.0
0.045343405161460744
0.0
0.0019905209489488006
0.4234970125320141
0.3893440777324272
0.0
0.0
0.8882345405494586
0.8467289711732673
0.5210830553343492
0.0789485454933745
0.899698490663078
0.0
0.0
0.6765708702991239
0.0
0.0
0.0
0.7232594371391573
0.10061618609636448
0.0
0.0
0.14173632852023801
0.0
0.07089581412673378
0.0
0.7445540514064881
0.14908639310589036
0.0
0.19416640519562048
0.0
0.0
0.0
0.8541243248898641
0.0
0.0
0.751751268421639
0.0
0.0
0.0
0.22697590278873722
0.5661368008228215
0.4995628991659121
0.14234367897132577
0.9965177338255348
0.2523140107707363
0.46622584930531824
0.0
0.2723417083522581
0.0
0.0
0.8652550584567603
0.34860122205583444
0.7151382186292412
0.0
0.0
0.0
0.0
0.4204296076977526
0.0
0.5934024594887963
0.06282847726743493
0.0
0.0
0.0
0.4557008407273925
0.0
0.2528252690833391
0.0
0.42898048755251733
0.0
0.0
0.0
0.409397717642531
0.2692077226240896
0.0
0.15133283931553945
0.7152079347251644
0.0
0.2617862044131884
0.0
0.0
0.5772559035207764
0.0
0.0
0.0
0.0
0.0
0.0
0.0
0.43103756053959846
0.0
0.3925057942780636
0.0
0.2814178564071409
0.6940665000769437
0.0
0.0
0.0
0.7844650026280177
0.0
0.14533287461298924
0.4406896146991517
0.0
0.0
0.0
0.0
0.0
0.0
0.8297312655109512
0.7585602311430579
0.0
0.0
0.0
0.0
0.0
0.0
0.0
0.3956353637982609
0.8316772004435735
0.3489963855596837
0.0
0.0
0.49794666866027515
0.9443384718566231
0.3252058155858042
0.0
0.0
0.8952385120256057
0.8731291771632362
0.0
0.0
0.0
0.02453646373630308
0.0
0.776892499037799
0.6113461306473682
0.0
0.0
0.39651875686545945
0.0
0.0
0.0
0.7183687581885003
0.0
0.0
0.0
0.11261435807077129
0.0
0.21959200469715398
0.712110207437459
0.0
0.0
0.0
0.0
0.0
0.0
0.030049199915764293
0.0
0.0
0.7349319623928161
0.0
0.0
0.0
0.5415940310828095
0.0
0.0
0.09851950702326179
0.0
0.5649814333545163
0.8375513702526064
0.0
0.0
0.06493011136698368
0.0
0.0
0.0
0.5619576785120464
0.2816589505271304
0.22583924661467294
0.19345342842283
0.0
0.10913648279617741
0.6574885761527037
0.0
0.7851339934611822
0.0
0.0
0.0
0.0
0.0
0.0
0.8235839404593839
0.4223476972783859
0.0
0.8945347974706984
0.047588017815925476
0.0
0.0
0.0
0.9996416039188251
0.0
0.6667200088168517
0.0
0.43582556774199527
0.0
0.7896051266185619
0.6400053159767617
0.18452009155912186
0.0
0.0
0.23527689003309463
0.21497458674090358
0.808748550354931
0.7920357179965011
0.7181065359747164
0.47961110639333987
0.9078589987413126
0.0
0.5521596586618688
0.5276375041781193
0.0
0.0
0.0
0.34939487452908047
0.0
0.5703476370383697
0.0
0.0
0.8045540608717524
0.0
0.0
0.0
0.27110456665999905
0.0
0.38189961097900593
0.0
0.0
0.7832807728250923
0.0
0.0
0.0
0.2390965978989069
0.0
0.9012140291579273
0.9925900093736754
0.6157731992919364
0.0
0.0
0.0
0.0
0.0
0.656730472378755
0.0
0.003825639334793522
0.0
0.0
0.0
0.0
0.0
0.0
0.035205643752699974
0.0
0.5253935282492526
0.7628538366280335
0.25283245839041235
0.0
0.0
0.09989474085561899
0.8556552891506243
0.07312248841458306
0.0
0.0
0.0
0.028558228492416515
0.02101900157731342
0.0
0.0
0.0
0.4478684472432916
0.0
0.7514271262624149
0.15989590506233228
0.7773191724356466
0.0
0.0
0.0
0.5819921917185281
0.2220279506072373
0.0
0.7608791439157544
0.34659191647634685
0.024959836116249728
0.1890003844042394
0.08806589765841352
0.008099877630691664
0.0
0.5004615571534997
0.0
0.0
0.0
0.0
0.8999674922722652
0.0
0.0
0.43360695198028876
0.0
0.0
0.9903856518665985
0.0
0.5524369775333491
0.0
0.0
0.16820816842402267
0.2201305868723273
0.0
0.0
0.7756963791763819
0.286566681774414
0.0
0.0
0.0
0.0
0.8138208086183055
0.9294422101809924
0.0
0.0
0.4009840073856635
0.0
0.0
0.08695421047638843
0.0
0.06907686139588735
0.0
0.0
0.0
0.3177913197779906
0.8413426269012998
0.0
0.4217045970485636
0.0
0.0429592512714714
0.9138305746121446
0.2125276565194798
0.0
0.0
0.5376908624047886
0.0
0.5091030211200565
0.0
0.9380235663196144
0.3078323353118315
0.0
0.0
0.0
0.6651885183306046
0.0
0.07448210427049592
0.0
0.0
0.0
0.0
0.3192813559174487
0.9269877121810232
0.4680727260592405
0.28522703940620153
0.46058317745041844
0.862552055286987
0.004616182260368347
0.42236967823889926
0.0
0.09961052551127451
0.0
0.0
0.8379818096594066
0.0
0.6076404081113453
0.3076531229238412
0.20255754166844026
0.6971991958618502
0.531633676451864
0.0
0.6250769872556592
0.501915725929334
0.0
0.9343912536682976
0.0
0.0
0.0
0.0
0.5783476910600367
0.0
0.0
0.0
0.0
0.5535550306510435
0.33288674487206144
0.3642703999098304
0.0
0.9878020824859746
0.0
0.0
0.0
0.6102071807676361
0.4791900655926563
0.0
0.9450144871039381
0.1469474066430169
0.0
0.7873869692163116
0.8181471057665197
0.26604794212108884
0.0
0.4684278098050211
0.0
0.0
0.23660821990459557
0.0
0.0
0.10198285933716712
0.0
0.7647087469608939
0.35450748682689315
0.40913879746963433
0.0
0.8841255696224511
0.2345946145850151
0.0
0.0
0.0
0.0
0.06585238246003415
0.0
0.0
0.046911638232693675
0.0
0.0
0.019130053169285215
0.3074841093102852
0.5486048013256533
0.2183429755868132
0.0
0.7959144512297958
0.0
0.0
0.548629097419131
0.7657157224501916
0.0
0.0
0.0
0.0
0.5225412373092393
0.538302844607524
0.0
0.0
0.7342939905500248
0.0
0.0
0.03221876539403069
0.5628393329487353
0.0
0.0
0.7474949817448339
0.8530434639680955
0.5364446339350118
0.0
0.14429599881216584
0.6792728548833241
0.0
0.0
0.633923071028075
0.11553875036483355
0.0
0.0
0.7038528021191676
0.0
0.8644280512556813
0.8285025033183304
0.2651074901855426
0.0
0.0
0.0
0.5973514207800648
0.5962312414140578
0.7361876615367534
0.0
0.675989923020148
0.0
0.0
0.897458392752079
0.0
0.40955100238142883
0.9028356962936407
0.0
0.0
0.0
0.0
0.0
0.9728638921903227
0.2701159431966467
0.5204832490504809
0.0
0.39376560644889297
0.9758482821647022
0.0
0.0
0.14702125080508396
0.0
0.0
0.47474796517214335
0.0
0.0
0.04515063804879856
0.0
0.0
0.0
0.87379587578853
0.0
0.7789839915666229
0.0
0.0
0.33218935896530716
0.01903970674264629
0.5911747917594181
0.0
0.0
0.0
0.9190413537641137
0.9313995233233253
0.0
0.5080941163163143
0.21320192983279115
0.0
0.0
0.7543015872254254
0.0
0.17097249693731217
0.0
0.2887512517417473
0.02793313055635255
0.0
0.0
0.0
0.0
0.0
0.015409079358871137
0.0
0.8111304516477943
0.24271980046566907
0.38113069897308305
0.0
0.0
0.0
0.6404702932825059
0.0
0.0
0.0
0.7289111812241308
0.0
0.6294535286200085
0.21318342873357543
0.0
0.0
0.7420375534836997
0.3337849126419973
0.0
0.1103983934676622
0.22133875924088842
0.0
0.0
0.0
0.852341665356327
0.0
0.0
0.3362143376989487
0.9142034479128515
0.24520025977372256
0.019244700912371033
0.0
0.0
0.2124233380583784
0.6990486399521448
0.0
0.0
0.4221356464908527
0.0
0.0
0.0
0.7933326545880602
0.0
0.0
0.41118387426524644
0.0
0.0
0.6809258144132168
0.0
0.0
0.3094908874953774
0.0
0.0
0.16873584473848663
0.0
0.8921937681174297
0.0
0.3593423650890607
0.6392497523243263
0.0
0.0
0.8698584299595309
0.0
0.8736256935209583
0.0
0.0
0.0
0.24436960063376933
0.0
0.0
0.32904797514240985
0.0
0.6299577592140285
0.48109061866051694
0.7054292865354022
0.5818991297281667
0.0
0.0
0.6194130950228552
0.0
0.7692742518773522
0.0
0.711926408039062
0.0
0.0
0.0
0.4624977136201726
0.8488930148121906
0.6052922999640412
0.0
0.0
0.44984255139808343
0.0
0.0
0.6966401405020545
0.23625411514113007
0.0
0.0
0.8620084651972411
0.2641737555405486
0.0
0.0
0.0
0.04538042979424369
0.0
0.0
0.0
0.6505078705992753
0.43105213509631135
0.0
0.8885304027732199
0.31991537031028955
0.0
0.0
0.3468541016970139
0.25350449254066426
0.0
0.0
0.0
0.0
0.7928571506389219
0.0
0.22640860459498038
0.0
0.3797046233551887
0.0
0.0
0.0
0.0
0.04291086545764708
0.0
0.0
0.0
0.5726399066733326
0.1392529507155905
0.0
0.3629101982873626
0.0
0.2842571306929227
0.10811038247331127
0.0
0.0
0.5439645480590589
0.9415125173722374
0.0
0.0033014633566876943
0.002924948657638477
0.0
0.0
0.6269571770788099
0.0
0.0
0.0
0.9079431355776039
0.0
0.0
0.0
0.994430877318523
0.9393068990529453
0.28683057178371296
0.0
0.6765302017105624
0.0
0.0
0.0
0.0
0.0
0.0
0.6270907907576672
0.11336538082160107
0.43968473064820157
0.0
0.0
0.0
0.0
0.0
0.0
0.0946753291913943
0.5130013705889824
0.876959476213399
0.0
0.7807422625144983
0.0
0.0
0.0
0.0
0.0
0.5418472678843401
0.6877126698993067
0.0
0.5723482732955586
0.9657893898763061
0.36468055601022725
0.3254152454980334
0.3393725885233702
0.0
0.0
0.0
0.564894451060776
0.0
0.0
0.7148761322973531
0.34000511116075227
0.0
0.0
0.0
0.015127117324493716
0.0
0.18203813481338754
0.5838776172522299
0.0
0.0
0.11892644014498997
0.8584350983774232
0.0
0.040621285302675926
0.041766120460740845
0.5714415133157703
0.369218259927254
0.0
0.0
0.0
0.0
0.0
0.0
0.054192216522584546
0.24343014140144328
0.8712173719088497
0.0
0.0
0.0
0.0
0.6929097380785906
0.0
0.7458649730707582
0.0
0.0
0.0
0.0
0.0
0.0
0.4658396855836542
0.0
0.0
0.0
0.0
0.0
0.8766389574679837
0.23245527136531363
0.5331033837939032
0.6728632262174249
0.0
0.0
0.0
0.23900111105513758
0.4661335836495514
0.0
0.0
0.0
0.0
0.8197495708611503
0.0
0.8958635227786457
0.01005619954960519
0.0
0.0
0.9179413875758308
0.15924817133644092
0.0
0.0
0.0556616080345072
0.0
0.16976279880453415
0.9184181789015097
0.0
0.0
0.0
0.0
0.17659912590213497
0.0
0.21328431979574133
0.0
0.0
0.0
0.0
0.0
0.0
0.0
0.0
0.2910136175477505
0.0
0.0
0.22114966151426582
0.667661112008076
0.0
0.0
0.0
0.0
0.8635116514601725
0.0
0.0
0.0
0.6902185896793872
0.3880375146357143
0.0
0.31630779010739624
0.0
0.9258912723001017
0.15955847757792246
0.0681309919777309
0.0
0.0
0.0
0.0
0.0
0.0
0.0
0.0
0.38872600854225475
0.0
0.6645403291822725
0.0
0.7975211616902285
0.0
0.0
0.3559559639022948
0.0
0.0
0.0
0.7403089571278297
0.0
0.0
0.6027103481278151
0.8092155690306279
0.0
0.0
0.0
0.0
0.0
0.0
0.0
0.9427208479002391
0.9627963163869921
0.7949495723534493
0.4499724786749934
0.16017984073173577
0.0
0.0
0.0
0.0
0.0
0.6926849076067548
0.0
0.0
0.3719225739477793
0.0
0.9246497829724537
0.662369668141713
0.902957934880776
0.0
0.7944604812988358
0.8797881707382653
0.5379400452799096
0.9018876035948278
0.9128134093896356
0.0
0.0
0.0
0.0
0.43140171412378786
0.0
0.0
0.5248391605118724
0.8003303774734939
0.0
0.0
0.0
0.4794797580769628
0.0
0.6090129682016032
0.0
0.19404001446514602
0.2719819145271058
0.9119641811294855
0.0
0.5567994969391589
0.8158153189305133
0.8669599511439836
0.9144394464797541
0.9301281663403123
0.0
0.0
0.0
0.48569540627262975
0.0
0.9659423340113306
0.8694253068024602
0.0
0.0
0.0
0.0
0.8208157280378853
0.0
0.0
0.0
0.9120910857010356
0.0
0.0
0.0
0.1786680112005411
0.0
0.0
0.8823787867031359
0.0
0.6393830902144051
0.05873885361726464
0.46464259265763136
0.009380061875142426
0.0
0.0
0.1997374177216926
0.6879633471576725
0.0
0.0
0.037417143754333825
0.0
0.0
0.0
0.0
0.0
0.24781546557680173
0.0
0.4462213628977058
0.0
0.6075642325679815
0.0
0.0
0.0
0.17999302750133828
0.3077518674009664
0.21940801607775587
0.0
0.9763197238359637
0.4970412614812416
0.0
0.0
0.0
0.3868177739342356
0.0
0.5413034950930802
0.658413292456289
0.4603318817251023
0.0
0.0053778572394828795
0.8704801467154641
0.0
0.0
0.0
0.0
0.7732366000971886
0.0
0.0
0.0
0.9531210913394003
0.9767498905592332
0.6966074041329499
0.6595706307744805
0.2386265173042893
0.0
0.0
0.0
0.8371505714034836
0.0
0.0
0.3196187802927314
0.3795445462250503
0.2884450618146174
0.0
0.14855057085371187
0.0
0.738312085874903
0.009861998725239034
0.8022710460625755
0.560112585818619
0.37529686759093417
0.0
0.0
0.0
0.0
0.773326623216787
0.0
0.0
0.0
0.7152659780169762
0.0
0.0
0.10893166448173892
0.0
0.0
0.0
0.7832151927208938
0.0
0.0
0.0
0.7371789814711304
0.5044057345668073
0.0
0.6079652993178166
0.0
0.9605593357020037
0.5097369513693446
0.0
0.0
0.9898507218669624
0.6597521769111707
0.0
0.0
0.09912051734592833
0.0
0.5984628444482656
0.0
0.0
0.0
0.26612879503606646
0.0
0.0
0.39274534022359436
0.37262872438798916
0.7439081753800473
0.28253038375774264
0.5654754491318988
0.0
0.5063995934499819
0.7884472063082919
0.0
0.0
0.0
0.9199916522292325
0.7552825482812773
0.0
0.2191167685748451
0.0
0.0
0.0
0.0
0.0
0.0
0.5412396263963618
0.0
0.0
0.0
0.41678320917136036
0.0
0.0
0.0
0.8785405909072549
0.0
0.0
0.3186674672412763
0.0626353701885979
0.0
0.33758391133453663
0.6389878515066559
0.0
0.0
0.0
0.0
0.2658727865828525
0.0
0.0
0.0
0.0
0.0
0.9171397453821792
0.0
0.30934443191987754
0.5236812340811862
0.6220991808826999
0.0
0.0
0.0
0.5204164696236581
0.0
0.0
0.2857046911513063
0.0
0.0
0.10044147955684964
0.5747261386336617
0.9152115252157413
0.0
0.0
0.0
0.13510003331116638
0.42509935930340853
0.014158569195187952
0.05623771271209511
0.0
0.0
0.0
0.0
0.0
0.0
0.43215106060330005
0.0
0.6039124336226662
0.0
0.0
0.27309947802156176
0.0
0.05258602507122723
0.20145005783767725
0.8741934675240048
0.0
0.0
0.7111561580178817
0.18045180825647447
0.0
0.5984755817664015
0.9209952755395293
0.7711109383749607
0.0
0.29515559017421156
0.0
0.09708685453263037
0.0
0.0
0.05916654837198709
0.0
0.1493491414099466
0.4272227612128918
0.0
0.6645272057905721
0.0
0.0
0.0
0.0
0.0
0.0
0.9398714427858651
0.0
0.44157588115592167
0.0
0.33520482463075574
0.4544828505108968
0.5521206862279303
0.0
0.0
0.29112741835532424
0.9348733561782412
0.0
0.6779593041651947
0.47798868702805386
0.0
0.4597644577953069
0.0
0.8988397438607156
0.2830953613429607
0.2757034535914835
0.8241713951790886
0.0
0.7715851888782335
0.0
0.607978221879424
0.0
0.0
0.0
0.4684038374283782
0.6444504254313996
0.702642339574941
0.0
0.20839450850587693
0.0
0.20926271949117087
0.6471479459064923
0.0
0.0
0.9930148986087393
0.0
0.10612508222699112
0.34068432004858473
0.15361508031475252
0.0
0.37689608987402234
0.0
0.7388003342164886
0.0
0.3415881817807453
0.15743622945268215
0.8132644731758055
0.6129633803138268
0.0
0.0
0.3553876917212992
0.4658793112780774
0.005914709521817383
0.18980944011369597
0.0
0.4214633041924805
0.2707551844201103
0.6125047614771382
0.21938202707733306
0.0
0.7462341236992682
0.18703127557929883
0.0
0.0
0.0
0.0
0.0
0.2180551688135966
0.853448279265941
0.0
0.0
0.6390096545231051
0.03954577420233071
0.0
0.4203757180060691
0.0
0.0
0.0
0.0
0.0
0.0
0.0
0.8083090544322208
0.0
0.0
0.45896773875127306
0.09490585353265342
0.6737236617683736
0.4139600139834703
0.6317772186575062
0.1618868991380281
0.0
0.0
0.12870130215745515
0.734511423110503
0.0
0.0
0.4864829731291697
0.16563659650696597
0.0
0.1276646510127327
0.0
0.0
0.0
0.8673213885128906
0.4032404270322642
0.0
0.0
0.0
0.0
0.0
0.0
0.5965387350703492
0.0
0.3188447785333593
0.0
0.9725521825145432
0.0
0.0
0.10698107562768709
0.19449702732778104
0.044922767603118474
0.5716244134583901
0.814266569208002
0.0
0.0
0.4009494640456048
0.5969715527375197
0.0
0.0
0.0
0.36055963854896006
0.2302052748791508
0.0
0.0
0.0
0.0
0.0
0.0
0.17539065938364037
0.4910837663880053
0.0
0.0
0.0
0.0
0.0
0.0
0.42981405274275375
0.0
0.1623908027126527
0.0
0.0
0.8271427842577814
0.0
0.500854082020812
0.0
0.7930864916683057
0.0
0.0
0.6835562611796236
0.10908580859037775
0.057441641992836315
0.0
0.023416478208760142
0.3328962479867277
0.7887270546134113
0.16440233596891862
0.37868931522666116
0.028926803332810894
0.0
0.22993507832556928
0.0
0.0
0.6826020096626708
0.0
0.17231880631944263
0.32226761322633796
0.41463686222992463
0.0
0.8380311575108017
0.45287638542511854
0.3687829571331337
0.625580634774635
0.0
0.0
0.8546677527235745
0.49053842838103434
0.49609854116994073
0.6097559114809368
0.5635830552896853
0.9824958111563907
0.0
0.0
0.6749775831568409
0.0
0.0
0.0
0.0
0.0
0.0
0.0
0.0
0.09215925497041837
0.0
0.548374678989957
0.0
0.0
0.5852310131651023
0.0
0.0
0.0
0.8915826776616497
0.6052371790294379
0.3443297734570797
0.0
0.20972169666352233
0.0
0.0
0.0
0.0
0.9754238932896673
0.9154646695981291
0.5598700200925721
0.0
0.2659858496118291
0.0
0.18914471334669739
0.0
0.9205361349526938
0.0
0.7105246294214533
0.9443083312092291
0.0
0.0
0.0
0.0
0.802706848659297
0.41235343986304074
0.0
0.0
0.5797987034724348
0.37186766319475706
0.010126062618850615
0.0
0.0
0.6511274715828357
0.19929449381605058
0.18176717976010048
0.0
0.0
0.017946361340583628
0.0
0.0
0.0
0.0
0.0
0.0
0.0
0.2178365838729145
0.6770993749291218
0.7604966086177004
0.18788729963751735
0.0
0.0
0.6706580961998887
0.39936195949900477
0.557323819913509
0.05729889967382779
0.21209306058479527
0.0
0.0
0.0
0.0
0.43192390762892324
0.0
0.6610616809670168
0.0
0.621595161634881
0.0
0.0
0.10083782486168047
0.0
0.1628214294964873
0.8500416333223807
0.07167939906244193
0.0
0.1381309130117078
0.8240619170119733
0.0
0.42847912160083096
0.0
0.48091979461291623
0.1992814993883687
0.0
0.0
0.0
0.0
0.0
0.0
0.0
0.0
0.0
0.0
0.5959210663700453
0.26422160066167116
0.0
0.0
0.46113398055396265
0.0
0.0
0.0
0.7251829507288083
0.0
0.0
0.5431585103633408
0.0
0.2929656986972167
0.0
0.0
0.0
0.0
0.0
0.0
0.4415855553622652
0.0
0.0
0.0
0.0
0.0
0.8671859782104235
0.0
0.6978039164583448
0.5303641809111613
0.4154743207615938
0.0
0.0
0.23170952138739717
0.0
0.23226467794462316
0.13118034293862052
0.39452654968687445
0.0
0.3387010348117745
0.19115191700090112
0.5301851138920709
0.19549328946117553
0.37227609511412585
0.0
0.0
0.4892921380056752
0.0
0.8033993980144167
0.8741610826817396
0.038265055341117515
0.500458664549659
0.0
0.41442067076476785
0.0
0.8134466174086349
0.14716787918465135
0.17497886445250585
0.0
0.5342425228481069
0.0
0.43931160288189636
0.0
0.0
0.0
0.5190637340372977
0.0
0.639476735031182
0.45157081221916057
0.0
0.9504658312424952
0.0
0.3026328469015903
0.0
0.0
0.3438797106537252
0.545212466977229
0.0
0.0
0.0
0.0
0.0
0.18547959233954026
0.0
0.31697469079402063
0.2566959319501857
0.0
0.0
0.0
0.0
0.0
0.0
0.17206665313470185
0.8166471528516959
0.0
0.22620058933493414
0.6977035520183114
0.0
0.3301116660181231
0.7269936871180703
0.0
0.0
0.0
0.0
0.0
0.7362889237472526
0.0
0.0
0.0
0.0
0.0
0.2062223952500682
0.6056660424429355
0.12961649972047867
0.8672640803580122
0.0
0.0
0.11121790779467991
0.0
0.0
0.4828666268845483
0.7862825541185507
0.0
0.9265930333279545
0.0
0.11054020039171895
0.36456316744084566
0.0
0.0
0.0
0.41930059400011416
0.8743654406302722
0.6287574008457514
0.023827808230541054
0.0
0.022431899258150898
0.8159359493613784
0.6039852928173595
0.18504282539673594
0.7459325327095268
0.0
0.7091140623803914
0.23482420084078603
0.2859973066621182
0.0
0.9463702977177384
0.0
0.7155333850640511
0.49781587855553
0.41073527733165693
0.0
0.0
0.7216821250780995
0.0
0.5262186719507199
0.0
0.4344560491631828
0.0
0.0
0.7984426545769444
0.0
0.0
0.5125224908081798
0.0
0.5892077808422076
0.02636818439955576
0.41830488960685125
0.0
0.0
0.0
0.0
0.0
0.0
0.0
0.37225939303904637
0.312186581032563
0.5449100100422972
0.0
0.0
0.08683610873382915
0.0
0.0
0.7505599070173286
0.849532392633535
0.0
0.02255003860479527
0.03730407299631555
0.32821954891924315
0.0
0.4592003870650005
0.0
0.0
0.0
0.9332355349061252
0.0
0.2403293844557878
0.4055923823036163
0.06849287968057152
0.051198100135884946
0.0
0.9032872380046437
0.0
0.07467016738556694
0.5380043038637147
0.0
0.41517368615259187
0.9814531436722497
0.6326745177866501
0.0
0.23970865356378265
0.2564446673043498
0.24190675238991063
0.0
0.0
0.0
0.0
0.0433783131319987
0.7720319614668734
0.43233237390363427
0.0
0.0
0.0
0.7136972304835397
0.0
0.16690308114785188
0.6080428679385983
0.3702475192154807
0.0
0.0
0.11105912800801426
0.0
0.4901618030208763
0.0
0.0
0.0
0.0
0.5217068331860621
0.0
0.0
0.0
0.0
0.0
0.0
0.0
0.4012954193619352
0.0
0.44594672157774073
0.0
0.0
0.12076193230047502
0.0
0.0
0.755865472292947
0.7472572920133093
0.33039023748435425
0.9753258113779896
0.0
0.03639500843629067
0.0
0.0
0.16509071415929924
0.0
0.7958068709637379
0.40539789665300485
0.22975235730339605
0.0
0.4219421905233459
0.0
0.17188251804461804
0.0
0.5156642595256149
0.0
0.3604276881667656
0.0
0.0
0.5021589912902135
0.4534988757833922
0.8117464755929654
0.0
0.6512904571069694
0.0
0.5730230061697333
0.0
0.7941226991575352
0.2354494949592782
0.7176072862384469
0.9985779894915465
0.0
0.0
0.8056554352798099
0.018784340999271676
0.0
0.9354394920119438
0.7000642524658763
0.0
0.0
0.04042512562686562
0.28226996161510415
0.0
0.0
0.0
0.0
0.08711823691230333
0.0
0.3367151081510605
0.8483508061940638
0.0
0.6869508267807461
0.0
0.0
0.11948434167371502
0.0
0.0
0.4936095905631194
0.3235747432504277
0.654267136253658
0.05719779874795624
0.596626772967043
0.40555490905860203
0.8430642396123479
0.2380158914563697
0.0
0.0
0.5373845358787832
0.0
0.22416396697908061
0.0
0.0
0.7414251777267377
0.0
0.0
0.24156488012620375
0.3997458063038071
0.8368882720903174
0.0
0.29294502610074913
0.5354111248455692
0.8045831993218162
0.8668472661309198
0.8884773127274119
0.0
0.20690587729855803
0.0
0.6248383789711945
0.0
0.9910324115079103
0.0
0.0
0.2973883223736782
0.8545143151634583
0.24842660293688934
0.8894827635344967
0.9572265447414013
0.4351821986949342
0.32078024768362245
0.8000118120099945
0.0
0.0
0.0
0.0
0.0
0.0
0.8772250896605078
0.020904140498958945
0.0
0.7705418679941588
0.0
0.0
0.0
0.0
0.35713050507107713
0.0
0.0
0.0
0.973695146314169
0.0
0.0
0.0
0.6380360545249602
0.0
0.4820900945014232
0.0
0.0
0.0
0.20160242368528433
0.3337591175751138
0.18042839864044047
0.944847156679385
0.3026910539761786
0.4076857965657261
0.0
0.10341248145887892
0.6518590269510613
0.18233086046397548
0.0
0.8033113935150449
0.0
0.0
0.8060184872171472
0.9162928434950752
0.0
0.3471093541269254
0.0
0.021594666025427617
0.42966947509463244
0.0
0.8915651755041926
0.5693632127778389
0.12443257367478759
0.0
0.0
0.6806777679934006
0.8559096727273046
0.0
0.2356431246052915
0.0
0.0
0.0
0.0
0.24898701801768316
0.0
0.0
0.9468777396937568
0.6773766221708636
0.2490143254134543
0.0
0.0
0.0
0.6399488496051495
0.7547361731921177
0.9239416838103315
0.08086014598280189
0.0
0.548648738478996
0.0
0.5832670118593312
0.8798143704868658
0.48682791259207253
0.8543252617590656
0.5836098633454951
0.7172798454211116
0.0
0.0
0.0
0.0
0.0
0.0
0.4016405740279404
0.3195067623065039
0.0
0.4835781458974216
0.9737881866750251
0.0
0.0
0.20193778876474408
0.0
0.0
0.10227716355640873
0.2198950861976375
0.0
0.0
0.0
0.0
0.0
0.6914286881022554
0.5151743787261959
0.45200843750889064
0.0
0.2181067517074165
0.0
0.0
0.0
0.21892266101963348
0.10318734013563839
0.3031520489046819
0.0
0.0
0.0
0.0
0.0
0.8417504734756537
0.0
0.0
0.0
0.7540701886852249
0.9936504898448256
0.23457874538864235
0.9715724945599896
0.0
0.2807842795918331
0.0
0.0
0.0
0.0
0.0
0.8342755437700565
0.0
0.0
0.0
0.0
0.6650177496991652
0.9125158355615323
0.9694411138000274
0.0
0.0
0.1383718399389481
0.9865511498990459
0.2765065344788996
0.8524512990141305
0.6781310471294858
0.0
0.49846198209597065
0.0
0.0
0.6859149515014886
0.8766940465159855
0.0
0.0
0.7988763804440268
0.0
0.0
0.0
0.0
0.12690640751633583
0.0
0.0
0.9359070419522263
0.0
0.0
0.08123018908201302
0.32561001265147543
0.0
0.0
0.5931895580466787
0.5945830497956992
0.0
0.5033287803445957
0.0
0.0682251797501995
0.992320640606288
0.46359829251699064
0.0
0.0
0.0
0.12238002532269979
0.0
0.09247665634206086
0.0
0.0
0.0
0.0
0.9985832765799159
0.0
0.2986734249369313
0.7188181203801336
0.0
0.0
0.4533680114607749
0.0
0.0
0.0
0.8532066789530224
0.0
0.6621225033386015
0.0
0.6123834175356847
0.628754765256264
0.7365546614779305
0.0
0.9999046648226066
0.07768231308750606
0.0
0.0
0.06296744328572854
0.8886059977962023
0.1579474762546278
0.17165851737959834
0.10494678440981547
0.39663983644732004
0.0
0.0
0.0
0.43172240679299095
0.5720877734973273
0.0
0.0
0.0
0.9666108234500709
0.0
0.028265930739858086
0.2546962924501033
0.0
0.0
0.8672708611981828
0.8535877318448634
0.0
0.1285471861416905
0.0
0.0
0.0
0.3976939907356773
0.0
0.8414407345676723
0.0
0.13088859923454407
0.58290146562772
0.8430043260938299
0.0
0.0
0.6428294213165057
0.14603575206905714
0.8865151994698882
0.8258944665063936
0.799229724340994
0.12123496206240439
0.9234214336589256
0.501910674752399
0.0
0.21269104098737665
0.563193919595141
0.21707124618798407
0.940885932378037
0.6669700315766715
0.0
0.0
0.9709970160564441
0.9125548492855695
0.0
0.0
0.0
0.0
0.0
0.0
0.7392967168119946
0.08029194844054979
0.49055456439125855
0.42747386731646697
0.0
0.0
0.0
0.5466447094490283
0.0
0.0
0.9970141453471703
0.018864394227515385
0.8163438791105989
0.11301891500067669
0.10909374063501275
0.0
0.0
0.9961457625024543
0.1659115623397902
0.0
0.0
0.0
0.0
0.0
0.0
0.262688961745762
0.6727050347396166
0.5210357084771637
0.0
0.22414306984214516
0.20620621489900368
0.43138846904250155
0.0
0.0
0.3007970745033426
0.0
0.5068368526583736
0.0
0.0
0.0
0.9911954682227926
0.4116235365811103
0.8607770609537279
0.8863526201886074
0.9533789090826552
0.48064991228056786
0.6355292731389154
0.0
0.1280531040905013
0.0
0.0
0.6730363817140732
0.0
0.4369916019743815
0.0
0.29570913866744214
0.9896168387278537
0.7874491286036605
0.0
0.0
0.0
0.0
0.3930326353606486
0.0
0.0
0.49430745025345696
0.0
0.0
0.0
0.0
0.0
0.6540668973437518
0.0
0.0
0.8927189292007242
0.16617381248987909
0.17149793823039453
0.03142667853519329
0.7306902803267297
0.0
0.0
0.0
0.0
0.0
0.6929343645827183
0.2643838547312078
0.6754850063572791
0.0
0.6891161912713635
0.0
0.6352124045163718
0.0
0.4159046009806439
0.1835528363792573
0.6299623987420406
0.0
0.418446325323732
0.14404495208042264
0.0
0.0
0.0
0.0
0.9463596812363138
0.0
0.9096606471682177
0.0
0.0
0.0
0.1634271185675522
0.0
0.0
0.31567249209100545
0.0
0.0
0.4072283215703696
0.13449551053367578
0.5823243261932632
0.0
0.0
0.5184663461082009
0.0
0.0
0.7050867404502161
0.0
0.0
0.0
0.982612289729149
0.5650819032209591
0.0
0.0
0.0
0.0
0.6720066304473574
0.9772926286737518
0.06176060870325269
0.0
0.30781297177813965
0.0
0.0
0.4496658805585289
0.0
0.0
0.13015022136673574
0.0
0.0
0.0
0.6314486044047514
0.6192497379381684
0.2630590690511048
0.46674054086472405
0.1194487352603614
0.0
0.3690843292161123
0.007947476818254359
0.0
0.0
0.6465291004759549
0.7784008398741937
0.0
0.3762113009661852
0.0
0.0
0.7837325740964005
0.5642889809813662
0.4021612194557432
0.0
0.0
0.7962029120987314
0.0
0.0
0.917998471167704
0.0
0.0
0.38204176448167315
0.971558172094682
0.0
0.0
0.8629181030023962
0.0
0.0
0.0
0.0
0.31334624549515494
0.0
0.48567677686770433
0.8387739138813036
0.7185753191235809
0.1691777068869062
0.8120614991642878
0.0
0.0
0.13776027413771588
0.0
0.0
0.0
0.0
0.6762570676811783
0.0
0.0
0.0
0.7759514868428555
0.35083597827568064
0.0
0.2330621007496192
0.8425836026783236
0.4384842347211031
0.83924577294524
0.0
0.8902820798122943
0.776534753837785
0.0
0.0
0.9996886024326647
0.0
0.5459641842706705
0.0
0.0
0.2085905431661627
0.0
0.0
0.0
0.6298351738893395
0.24998576710645315
0.0
0.5771820503754873
0.3222740763190012
0.0
0.7551840247352989
0.4334705771022777
0.3549873783856095
0.0
0.0
0.0
0.0
0.0
0.18500549985135994
0.6727360488051286
0.9774714823683833
0.610694206795842
0.0
0.0
0.0
0.0
0.6378883315194761
0.0
0.8004283687302859
0.0
0.0
0.0
0.0
0.7323193082558819
0.0
0.9846850083044245
0.0
0.0
0.0
0.0
0.0
0.5296038494996759
0.1358944733446382
0.0
0.0
0.0
0.9521133356566971
0.0
0.3903773615664629
0.0
0.9545579631966506
0.9755733037399777
0.9582729552040179
0.13845817838693472
0.0
0.0
0.0
0.0
0.0
0.0
0.0
0.0
0.0
0.4354167246278627
0.29781360848906857
0.0
0.0
0.794932387554392
0.41008582271468086
0.0
0.004695600151479302
0.0
0.7896297128134097
0.8311809780693237
0.12569977309370514
0.04229273745927231
0.5906321643314366
0.0
0.0
0.9827758438688701
0.0
0.0
0.41080547129008005
0.0
0.0
0.0
0.2357623354294092
0.18275227038619143
0.0
0.2849681951436648
0.0
0.11899514257389293
0.0
0.0
0.0
0.5186483287564316
0.9362561645886738
0.0
0.5659133590514006
0.0
0.0
0.9933839971127313
0.0810173199615541
0.7765905855176659
0.9335026553339184
0.6533764075666199
0.0
0.0
0.9001586797374258
0.5788209860800655
0.0
0.8317900977999262
0.8374564339294158
0.0
0.23991802481843927
0.0
0.0
0.0
0.0
0.1634578957555391
0.915794237564616
0.0
0.0
0.0
0.48970162233820425
0.13191375343808714
0.0
0.0
0.0
0.6302074402961667
0.0
0.7726673160876979
0.0
0.5003912842524798
0.0
0.0
0.0
0.0
0.0
0.7227149517378822
0.4332563902104642
0.10766756304270386
0.0
0.0
0.0
0.0
0.0
0.1629641625825841
0.0
0.619340792727203
0.0
0.0
0.10640583122278072
0.0
0.0
0.0
0.0
0.3431960460632284
0.0
0.0
0.8897508164119123
0.0
0.0
0.6917346553691943
0.0
0.0
0.24679257556098952
0.8609332838614941
0.0
0.0
0.0
0.08956414346788354
0.0
0.0
0.0
0.0
0.0
0.36448564856227605
0.0
0.7985905687514583
0.14294566206131634
0.4742426407062683
0.0
0.38774990738264725
0.0
0.9174356259815349
0.0
0.11004303665725805
0.0
0.31032955180233185
0.7857666208367634
0.8991575674293911
0.8920401887843382
0.1529731704593453
0.0
0.44654216546985354
0.30517022508312175
0.1544170109476684
0.0
0.0
0.0
0.0
0.0
0.9587655576850376
0.38817109228766805
0.0
0.0
0.0
0.7793118090492439
0.0
0.9521580881524891
0.9492620356063277
0.0
0.029420375069965077
0.0
0.0
0.08225184975282541
0.69687950167834
0.9786407660848786
0.5382462755575517
0.20319515688677775
0.0
0.0
0.0
0.6124650310586551
0.0
0.0
0.0
0.4429118525069193
0.0
0.0
0.26113206917554066
0.6731111587818582
0.0
0.0
0.22669524061455634
0.0
0.5409815129651759
0.7751137543102877
0.9697973349323695
0.5988651848009923
0.0
0.0
0.0
0.0
0.0
0.019419892286209314
0.0
0.9619247531230791
0.0
0.0
0.3196038692381587
0.0
0.5418421982706829
0.6677852519522333
0.21364369885889897
0.0801007786651773
0.0
0.1583138721118446
0.0
0.1014946439106467
0.0
0.0
0.0
0.0
0.27749804018095964
0.0
0.7665211749904953
0.0
0.0
0.6344812789054187
0.5585094900907517
0.0
0.0
0.0682911049973894
0.0
0.8736756629538912
0.5214174333734427
0.29568637914967427
0.0
0.0
0.8275145431010037
0.539867809846188
0.5947371240620821
0.0
0.3053922783863736
0.4872392760170866
0.19124609204195192
0.0
0.0
0.0
0.0
0.0
0.0
0.18781965850305452
0.2661109447455992
0.2846664879735234
0.7479865546220976
0.06712053859462193
0.0
0.0
0.325938357945779
0.0
0.6411719864730773
0.9818728083018112
0.0
0.8731627193040674
0.5884701171617087
0.6897376512423483
0.0
0.8479911364571109
0.0
0.9178098392967824
0.0
0.0
0.6341860986017287
0.0
0.5253966103899276
0.5423412901044915
0.0
0.4623968846464621
0.0
0.1834804863744804
0.1629141723802471
0.934704416875051
0.0
0.0
0.0
0.0
0.24127972880431003
0.5529700468552946
0.0
0.0
0.23002979314977767
0.0
0.0
0.0
0.9152450539289129
0.003507336963389889
0.0
0.0
0.0
0.9036762485336066
0.20101254860191356
0.0
0.0
0.0
0.33904431706057025
0.09045769110892987
0.0
0.0
0.0
0.0
0.3354522900254417
0.009576358317247409
0.0
0.0
0.0
0.6663915963798197
0.0
0.0
0.0
0.0
0.7297242224226312
0.0
0.0
0.6398011455986147
0.0
0.9727432749995125
0.0
0.0
0.9340346755467025
0.0
0.0
0.0
0.0
0.0
0.504616209520069
0.39373428748010764
0.0
0.6131946079567441
0.5570329785018259
0.0
0.9802616921631029
0.0
0.0
0.0
0.0
0.0
0.0
0.422980315864266
0.0
0.9500455258321153
0.0
0.0
0.24542304806580026
0.0
0.547568225482598
0.12746641089259886
0.8692436427921157
0.8292988765067684
0.0
0.0
0.0
0.0
0.0
0.0
0.45616957437491096
0.45662727177409196
0.0
0.0
0.0
0.0
0.0
0.4998095597349654
0.0
0.0
0.6166356971233454
0.0
0.0
0.3826887538588538
0.3472335161334247
0.0
0.7134814052260512
0.38257227453012094
0.0
0.0
0.5697702604737132
0.0
0.0
0.2965792899043538
0.9211061610531996
0.0
0.0
0.0
0.0
0.0
0.7120679362178793
0.0
0.9947065758975226
0.7706021027157037
0.7494058666778042
0.310866176916157
0.0
0.0
0.0
0.0
0.8343854007107616
0.0
0.24988728228079246
0.8954328622917541
0.0
0.0
0.0
0.10231680588486036
0.0
0.0
0.6049799831294701
0.6520106851822647
0.8339024096575415
0.96651819383624
0.0
0.0
0.6158118171236313
0.1869842089179932
0.15065626664489368
0.5255248405040684
0.9463641600058224
0.0
0.15672505067959072
0.0
0.0
0.0
0.0
0.459801435154015
0.0
0.40635112041227384
0.0
0.45210525927166184
0.0
0.04715521946058688
0.0
0.0
0.7518342523311575
0.055337172926532174
0.07851482097363627
0.0
0.871415325368559
0.25494344273361524
0.0
0.0
0.0
0.317222530389523
0.0
0.0
0.6708001157424894
0.0
0.0
0.6309821249297694
0.0
0.9800606041709359
0.18936231822626934
0.38533507543126555
0.0
0.0
0.0
0.0
0.3646683612189877
0.2847472363298274
0.8464581853800656
0.0
0.0
0.0
0.46480734280075514
0.3332099216963505
0.9448261245441665
0.9874092555290199
0.07527300514006402
0.15321594272663092
0.6795406993719617
0.0
0.6823866126864965
0.9000064844456042
0.0
0.6858443596588063
0.0038851219896566024
0.0
0.516883347530612
0.9659571059240252
0.0
0.0
0.0
0.0
0.0
0.0
0.1276060392057405
0.0
0.0
0.0
0.0
0.0
0.49106799107938237
0.30807167541252634
0.0
0.9982204811313654
0.0
0.1708223708513205
0.26888999604244407
0.4546787163394298
0.5497936153870525
0.0
0.591863630812035
0.18330762612791718
0.19489550909764483
0.46620684937322193
0.34005178562140065
0.0
0.008945597097990487
0.0
0.0
0.0
0.0
0.0
0.0
0.9953747528625199
0.0
0.623231337952725
0.3002095499209363
0.09207245861625109
0.06934014836368932
0.6173719275177143
0.0
0.09799442653411952
0.48318416644290924
0.0
0.2588841101206332
0.0
0.6407648088313329
0.2952252086562368
0.3894489595808252
0.954346487428196
0.0
0.22980576712060513
0.0
0.0
0.8639049437699233
0.7889999366483669
0.7695069837319066
0.9799598888247483
0.13303257066194762
0.0
0.11302056862140539
0.43149132454473815
0.0
0.8808526396282614
0.0
0.0
0.9624990991250373
0.0
0.8420613928284281
0.5475012690253022
0.0
0.0
0.32035249968048246
0.0
0.0
0.0
0.10294778900082177
0.0
0.0
0.07699609163069243
0.59680092343168
0.0
0.0
0.3939888864615705
0.0
0.3713705662297895
0.0
0.0
0.0
0.0
0.0
0.0
0.0
0.0
0.7218889747920773
0.0
0.0
0.0
0.0
0.0
0.0
0.6660111425606547
0.0
0.0
0.31012038784109935
0.0
0.0
0.2915294829254007
0.8281174426069355
0.9832097714711722
0.05869941540854602
0.0
0.3454540307155639
0.043220174963205085
0.0
0.0
0.0
0.0
0.0
0.0
0.0
0.6569292706960768
0.36656053536355426
0.05220549403090338
0.0
0.26595104896835126
0.0
0.6589360084324011
0.0
0.0
0.0
0.0
0.0
0.19027824537253962
0.0
0.0
0.9587925305817038
0.5357726332922405
0.0
0.0
0.0
0.21765828076308236
0.43977771448838093
0.2914777198074508
0.0
0.9324201609475425
0.0
0.0
0.8946327789658816
0.9220669254947621
0.0
0.9599485211254283
0.0
0.8765125822513924
0.0
0.12757251078034576
0.0
0.5733110669859447
0.0
0.0
0.057228758304157364
0.6852859654963769
0.0
0.0
0.38241289903834136
0.0
0.0
0.0
0.0
0.0
0.738160102158656
0.9042887949787386
0.0
0.638040749243956
0.3412564082169509
0.18007759709279003
0.39955431975687944
0.0
0.0
0.9625909718157502
0.7769462292383839
0.0
0.0
0.7188396048007741
0.9755607594175393
0.0
0.0
0.9633489200769844
0.0
0.9953300414063541
0.8610846464631415
0.0
0.0
0.0
0.8243151107679817
0.0
0.9174516755148499
0.0
0.28414721267960547
0.05504365799169272
0.0
0.4523495585961825
0.0
0.8211415235166515
0.49383752836383316
0.0
0.014224074241482849
0.3902036443355954
0.0
0.0
0.7536656676617287
0.0
0.5366993879164602
0.9758526994845308
0.8510353185784612
0.0
0.0
0.34931576984158036
0.0
0.0
0.0
0.0
0.607666663800397
0.0
0.6746853458920282
0.0
0.6741143107034223
0.2258293698710842
0.7249467332338075
0.0
0.0
0.0
0.4140612527424612
0.0
0.0
0.0
0.0
0.0
0.0
0.15273308148730133
0.0
0.03323253489943485
0.0
0.0
0.8676779367700823
0.0
0.0
0.5264695383886726
0.0
0.7739328019022587
0.8110704396687428
0.6105388726335224
0.0
0.0
0.0
0.10344299498695171
0.0
0.06993342136118964
0.0
0.0
0.0
0.0
0.0
0.0
0.0
0.0
0.23943760348269783
0.535808783459009
0.9939052416426176
0.8982721896398327
0.0
0.0
0.0061265350504840655
0.0
0.37152454825129066
0.9747813198018133
0.07474521020776057
0.0
0.0
0.6799029152103557
0.0
0.06152668119132342
0.0
0.0
0.0
0.3625546638288745
0.0
0.0
0.24951315030996213
0.0
0.25779235468310446
0.0
0.0
0.7384827777291324
0.0
0.0
0.7230027348864613
0.0
0.625347407014825
0.0
0.6117558649992817
0.0
0.9028199592542492
0.0
0.4257548634763769
0.0
0.0
0.0
0.0
0.0
0.8268398605327172
0.0
0.0
0.688978943599254
0.0
0.13227643757213742
0.0
0.04126312013991289
0.0
0.47957238996619383
0.0
0.0
0.0
0.0
0.08730165606048361
0.0
0.0
0.0
0.6029299444128424
0.0
0.6140381119275183
0.0
0.0
0.0
0.27877923258728726
0.9703469815085437
0.09096873338801724
0.0
0.0
0.0
0.011092577316628476
0.34212185825562647
0.0
0.8409252745872458
0.0
0.0
0.0
0.0
0.3839032683575519
0.0
0.5983811835869671
0.0
0.0
0.6366271602161363
0.4997487248753584
0.0
0.9556523637966989
0.6677251153899212
0.6713867006965726
0.37542529778612804
0.0
0.0
0.0
0.8044653540664549
0.051354536186146056
0.29201038857407463
0.0
0.0
0.0
0.0
0.0
0.0
0.0
0.0
0.9699310667328395
0.0
0.8263040209920967
0.0
0.18785001505428076
0.0
0.696857309463584
0.0
0.7043199149525331
0.4501612368227237
0.0
0.9204320969458887
0.0
0.0
0.0
0.0
0.818135951619204
0.0
0.028378807393312337
0.0
0.0
0.0
0.0
0.0
0.2809680319063399
0.0
0.0
0.8775580839568556
0.6537514670157347
0.7946328171413677
0.1481585201799957
0.43347496129982244
0.7520485318549134
0.671855958285403
0.10675030114603141
0.0
0.9891698828362159
0.5058167867418047
0.0
0.1395889084134012
0.3846714686561189
0.0
0.0
0.0
0.1676911758399723
0.983716778069916
0.0
0.2785255158485922
0.07053732472002387
0.7613390665818073
0.0530175174563682
0.4299931857374642
0.0
0.0
0.6641686928307243
0.0
0.0
0.7212676474673159
0.0
0.4014477039873442
0.0
0.0
0.828702300186234
0.0
0.8994603006661914
0.0
0.6475705304274862
0.0
0.0
0.0
0.0
0.0
0.0
0.0
0.0
0.0
0.12175243009554018
0.4506823103597959
0.7075081373714703
0.07498830104274624
0.0
0.0
0.0
0.0
0.6600596657529405
0.0
0.9509444171814186
0.02012248304691026
0.8038492407955072
0.0
0.0
0.0
0.4856506127330878
0.0
0.6421471348165563
0.0
0.0
0.4893173959582003
0.0
0.0
0.10948896775810533
0.4639824325992243
0.4803553672618194
0.0
0.0
0.0
0.0
0.027502679281317076
0.6919449798960644
0.7461398109969504
0.0
0.0
0.7632504507536154
0.48096026792903673
0.9041723037403824
0.0
0.0
0.2039971844161721
0.06437707925550516
0.0
0.9671006898464868
0.0
0.0
0.0
0.0
0.0
0.0
0.0
0.9784060819643883
0.26554459985061374
0.8447438211415337
0.0
0.4861051799417028
0.0
0.33785338400011666
0.0
0.17257071523314058
0.8330420485156668
0.5790170932207686
0.0847552090274121
0.7915133307257586
0.0
0.014469096607050494
0.0
0.0
0.0
0.45359179946921657
0.8207418336862613
0.2020198297392805
0.49074620985353024
0.0
0.3641991015747688
0.8963965591694578
0.660401019433355
0.0
0.0034882897803147116
0.0
0.0
0.0
0.0
0.20049818809421469
0.0
0.23636502940043425
0.0
0.9588224601203209
0.522499118139411
0.0
0.0
0.0
0.9581899744944985
0.0
0.9215515890366475
0.0
0.0
0.8456849397955787
0.9991787874396489
0.0
0.0
0.7114952617986869
0.0
0.05896521669533847
0.33602042896877043
0.0
0.0
0.0
0.630729353171013
0.0
0.0
0.36320903718925196
0.8900129985120956
0.0
0.15106098566777704
0.0
0.0
0.0
0.6449956549901387
0.3492968362758224
0.0
0.0
0.0
0.0
0.0
0.0
0.9698265970083729
0.0
0.0
0.0
0.0
0.37160458408375324
0.29661250598948086
0.08229829679408038
0.6069873424287601
0.8973400405958425
0.0
0.0
0.413258677567254
0.0
0.5604235345061281
0.5792949220617104
0.0
0.14157009561732628
0.0
0.25843569580827735
0.0
0.0
0.0
0.5304274398445252
0.09646710600656157
0.46374499510503814
0.0
0.0
0.0
0.0
0.0
0.6356669536966092
0.5314750478673629
0.8994060330821607
0.0
0.0
0.0
0.0
0.0
0.9097203487280227
0.1361716487636433
0.3631005644568398
0.35690504158821407
0.0
0.0
0.7901711116604728
0.0
0.0
0.10759784486672049
0.0
0.0
0.0
0.0
0.0
0.5885374577239508
0.7917810986093193
0.4604208056460309
0.9916706673491311
0.16541355349278658
0.31663571533436474
0.8493114228903462
0.18264761152670062
0.0
0.0
0.559337706660834
0.1601898145849414
0.5979202598018446
0.4446011533785338
0.860236737766783
0.0
0.0
0.9787577439377201
0.796785753279394
0.919233864203163
0.0
0.0
0.0
0.6886359161355576
0.0
0.1343326002188697
0.0
0.0
0.45117713659233144
0.0
0.8913055800146713
0.23511087045691614
0.3448026112274608
0.0
0.0
0.23295100928719117
0.0
0.8982669402270441
0.9707189308036674
0.21089685209131948
0.0
0.05906484637097346
0.6731255129036002
0.0
0.0
0.0
0.0
0.0
0.4791508273789976
0.0
0.031604033835067935
0.0
0.0
0.0
0.8631279481381721
0.0
0.0
0.0
0.0
0.0
0.0
0.0
0.908865697792113
0.37211005217851156
0.32482609634411097
0.6995365314605629
0.0
0.0
0.4315865406592179
0.8968905221807861
0.5658933384796568
0.0
0.3462907510330513
0.0
0.0
0.0
0.0
0.28957624208225796
0.0
0.0
0.0
0.9327607177566806
0.0
0.011296276752539516
0.06667754522503395
0.5392908451968171
0.17430156894221638
0.0
0.0
0.037086076733363046
0.0
0.5775580387780903
0.0
0.13989973123098523
0.0
0.0
0.0
0.0
0.0
0.7791057870475829
0.44137262022852924
0.0
0.8080898681859512
0.0
0.48847267364725533
0.5429669365863207
0.6315624675987783
0.0
0.0
0.0
0.8334830329465851
0.8042328614162406
0.0
0.0
0.0
0.0
0.5672020702754382
0.37620960289592487
0.6597270131702767
0.0
0.281892132227419
0.0
0.0
0.4900380036313598
0.08981001365365411
0.24688756293197855
0.0
0.0
0.0
0.0
0.729559238912525
0.0
0.0
0.8693230048632246
0.0
0.6141028777759747
0.18374129147153728
0.9898628914486096
0.0
0.2627252572166199
0.6203407159300114
0.0
0.0
0.0
0.0
0.0
0.4115701546291524
0.0
0.0
0.0
0.0
0.982681924129987
0.04220831124033086
0.0
0.0
0.3220160131939269
0.5548593851219672
0.0
0.0
0.0
0.9271536298683005
0.0
0.0
0.0
0.0
0.0
0.35739664602728394
0.2748383285669755
0.0
0.9893314165795793
0.0
0.0
0.9962041243527451
0.049242820620428784
0.9877926054903857
0.5403390086554631
0.493891054118534
0.23085366357328813
0.01639380188376298
0.23090036389094787
0.8464228293371878
0.209885699706784
0.0
0.0
0.9907267068389141
0.4839526626417978
0.16478900410864145
0.6282015584434432
0.0
0.0
0.4263397477026656
0.0
0.3935737524131153
0.5249046148484806
0.0
0.0
0.008352467423314957
0.900239642481284
0.0
0.8220621759285914
0.8036405148426482
0.2479525561571321
0.19441044301879107
0.8888533679810776
0.0
0.25902568209879573
0.9937753872074568
0.20206205720517684
0.6351402425963981
0.6570924057478796
0.0
0.0
0.7720321277904841
0.0
0.8598661557308283
0.0
0.4907644654207436
0.0
0.0
0.08317556379554462
0.0
0.0
0.8308271238063089
0.0
0.0
0.9868911905419596
0.0
0.0
0.0
0.9501990982792466
0.8392509334939655
0.0
0.0
0.0
0.0
0.0
0.42363481101467093
0.6763599221360007
0.0
0.0
0.2921468090322392
0.9471498427605252
0.8956991274818974
0.0
0.10798871576989262
0.0
0.0
0.0
0.0
0.0
0.0
0.27628475907599465
0.0
0.0
0.0
0.0
0.0
0.1138258601107193
0.378365855594581
0.0
0.6430814833314511
0.6659293574914962
0.0
0.9965878762838232
0.0
0.9002522632850699
0.0
0.0
0.9250325960688108
0.0
0.0
0.0
0.0
0.0
0.0
0.8801484743484528
0.0
0.0
0.0798194403610524
0.0
0.28281679059813875
0.8952043642580256
0.0
0.0
0.0
0.0
0.0
0.0
0.0
0.0
0.24736107430878945
0.8541565224529037
0.0
0.024553416969454893
0.29883808935587003
0.39234601559716337
0.2053283673429299
0.3679620177059664
0.0
0.0
0.031854269275228525
0.0
0.5995102632240404
0.0
0.5449805715621054
0.15583125739097947
0.3844052600682701
0.0
0.0
0.0
0.915331510246721
0.39441998639342873
0.0
0.0
0.0
0.102399893473728
0.2911130049379809
0.4362271420440782
0.8775864060232259
0.0
0.0
0.0
0.0
0.0
0.7646411801162066
0.0
0.7769408756473352
0.0
0.0
0.0
0.21755569361588434
0.0
0.10265936219854448
0.3869937216715492
0.6154560798940483
0.6312564504909871
0.4853671530390039
0.0
0.0
0.0
0.0
0.09178895130266032
0.0
0.0
0.741374452797498
0.0
0.9568084552986968
0.0
0.5669501662421764
0.0
0.5088681921822361
0.6003462034557348
0.0
0.3609882762658324
0.3494957039603404
0.06305139568857064
0.0
0.0
0.0
0.0
0.0
0.9990972423076195
0.6144660730281926
0.0
0.7019102927905037
0.0
0.0
0.0
0.0
0.9982667190878687
0.6590960485415893
0.983961184147343
0.0
0.0
0.8903285984692214
0.0
0.0
0.0
0.0
0.0
0.8410485740169809
0.0
0.0
0.4010592654553637
0.6429930989598017
0.0
0.4752217742624899
0.3011937275861659
0.0
0.36544693917719107
0.0
0.2369947864531255
0.0
0.0
0.8851239754224225
0.0
0.0
0.0
0.02743851173893055
0.0
0.5071778633202617
0.44514780748244
0.0
0.9503846830403563
0.7924856833057594
0.4070033008634799
0.0
0.0
0.8572338919169065
0.955600555722589
0.0
0.9030306678129275
0.0
0.07556100649747348
0.46069352418877724
0.26595569332447216
0.8168928885065183
0.0
0.19369320352977537
0.702399119765905
0.4577604543391073
0.0
0.0
0.768218673191346
0.9724090390248621
0.0
0.0
0.0
0.0
0.809504723101215
0.0
0.3974909160973428
0.0
0.0
0.0
0.9483254333464823
0.0
0.0
0.2833084523088264
0.5951268030499605
0.7865254779721014
0.7094540188110485
0.0
0.0
0.12756782339065342
0.0
0.0
0.0
0.5441131333131657
0.0
0.0
0.15045857660556097
0.0
0.5540822223869726
0.44969665398192743
0.0
0.7131616786042002
0.0
0.0
0.0
0.2645907640804432
0.20013202221492823
0.8452418684372277
0.0
0.560142542425857
0.4394628069706902
0.0
0.0
0.6060631973257041
0.0
0.5517686350981733
0.0
0.7107626479755079
0.9026394251989399
0.0
0.5929634552774525
0.0
0.0
0.0
0.5825977229659228
0.0
0.0
0.12145562667387517
0.9799479786000501
0.0
0.0
0.0
0.03362233246153161
0.0
0.0
0.0
0.3376586503314233
0.5347744184374239
0.5462371308971885
0.0
0.513743801185887
0.9478388081117993
0.050922466391378436
0.0
0.2817083942285013
0.0
0.5284829906368881
0.0
0.0
0.44443099275014836
0.9352576321368321
0.0
0.2482550714677813
0.520679304866965
0.0
0.6216642341765403
0.17366851799064373
0.25805823172664555
0.0
0.0
0.0
0.4512197913204821
0.006817942765111265
0.0
0.0
0.0
0.5219773093986984
0.0
0.9870595635824408
0.0
0.0
0.0
0.4459011526412434
0.148959047986298
0.0
0.9406697769356722
0.8804585976218067
0.9657154358835397
0.0
0.9595358443362447
0.9450035029222028
0.0
0.7398862025637605
0.0
0.1549212391158454
0.8056334291527503
0.0
0.0
0.4772253579220103
0.3964905132821859
0.014402618271381592
0.6636035241080592
0.0
0.0
0.0
0.21358629484730932
0.9944420389668902
0.19127341605532377
0.0
0.3886333393545443
0.0
0.0
0.4039773972731854
0.6820209508136361
0.0
0.0
0.22317209982134217
0.0
0.6004649574941252
0.3552366771154318
0.9428788206209704
0.780756304528909
0.7488764935232936
0.0
0.6046359849131132
0.9473209529064799
0.9069959584765828
0.4625325534728161
0.13294882651992196
0.0
0.37775038155711993
0.299917479301314
0.6754030614534545
0.0
0.0
0.9764316482902794
0.06740881046466186
0.0
0.5226128858232737
0.6902179000106512
0.8376224000114514
0.0
0.6797567708329331
0.0
0.8968095430127084
0.8654143600915676
0.9851146137705441
0.0
0.0
0.9510440855441303
0.8532401227489016
0.0
0.7420835612903018
0.5496051297610536
0.6356498329734167
0.1878630588894061
0.8800243152160927
0.9676200504511363
0.6421723606836574
0.0
0.0
0.4125526349170764
0.0
0.0
0.0
0.0
0.0
0.0
0.0
0.0
0.0
0.9581723333319357
0.8073353950219924
0.29809086740509855
0.11077852360091636
0.0
0.0
0.43813909486589825
0.483770453566368
0.5415994354129308
0.8344126924308134
0.0
0.0
0.48485535915687755
0.0
0.0
0.0
0.0
0.7100466672453021
0.9760329340991063
0.7307340982591102
0.07760404996731281
0.0
0.0
0.023850925016397427
0.10843497133705002
0.3173940104762462
0.29187695945846387
0.8144433817302809
0.0
0.0
0.3828070600806203
0.864561115661594
0.9783245859429234
0.0
0.0
0.0
0.0
0.1753005191019881
0.4216572180869267
0.0
0.0
0.9877143884212394
0.9450678092339727
0.0
0.0
0.0
0.0
0.0
0.0
0.2972591909029115
0.0
0.0
0.8008911495581411
0.7902523223329754
0.6762931639376734
0.4701874967129177
0.31949956272112356
0.0
0.0
0.3293965028165335
0.317924594229607
0.0
0.15015539995880042
0.0
0.1398882850615899
0.0
0.0
0.11863438747000835
0.0
0.0
0.43442630099391755
0.6737136853341982
0.0
0.6425776007642
0.0
0.8916217872856715
0.586287457735097
0.0
0.9130222373019727
0.2641669567507176
0.4619871241300065
0.09044711195876916
0.0
0.0
0.0
0.7658508494332513
0.0
0.0
0.0
0.0
0.023385727293343934
0.7798598125054247
0.1895090323529894
0.9879950953876084
0.0
0.33021408548630526
0.8184961922032715
0.0
0.0
0.0
0.0
0.0
0.4651657884190757
0.0
0.45782748679562385
0.0
0.580681673616751
0.6090283526950641
0.23279899102341015
0.0
0.71319130620228
0.3383953198277836
0.0
0.3970463116257487
0.8667627533579784
0.27895729755248894
0.0
0.0
0.0
0.0
0.6400453297842462
0.0
0.0
0.0
0.4828779367991721
0.8051815801911271
0.0
0.0
0.0
0.0
0.0
0.0
0.23253985870266095
0.0
0.45832073562715075
0.21746307515613725
0.21988834705713436
0.7543443118047422
0.0
0.4919150208502733
0.03470605512051438
0.0
0.8266437729949683
0.0017214920402442442
0.11743554040515418
0.24911333050524537
0.4356170649672793
0.0
0.4464622871024503
0.5907589081321859
0.41294615520583244
0.7717340307681837
0.7757689615246304
0.019794545261425045
0.0
0.0
0.62846481957077
0.738915915681853
0.0
0.9589446840324536
0.0
0.0
0.0
0.24011006587299205
0.0
0.0
0.0
0.0
0.0
0.0
0.835676150283911
0.0
0.8929311696139659
0.2392637413777649
0.0
0.7392667601127447
0.20685557023750795
0.9630225933769404
0.23206560303839055
0.6542562089897325
0.0
0.0
0.45092126985421127
0.07237108003773826
0.3029662833530995
0.0
0.0
0.9582559153757148
0.0
0.0
0.8847731568942979
0.0
0.18968711326983645
0.5088032113744927
0.0
0.4467542848773196
0.0
0.0894380900671334
0.6533920306398845
0.16535132587138696
0.686609559886794
0.16543354186393452
0.0
0.0
0.14202555886026683
0.0
0.24341719897339423
0.0
0.0
0.059812230124803197
0.0
0.18421000573660623
0.8205600219977623
0.4422156212098863
0.331954992819344
0.4664461283073421
0.7143203379143636
0.0
0.0
0.0
0.6899513584267415
0.10982505030539429
0.39018979624934247
0.0
0.35508352648689856
0.2964465267667269
0.7960549607477171
0.0
0.0
0.025811970052288517
0.3498933374181168
0.6961471626552489
0.0
0.25274801255674784
0.9627390545936925
0.0
0.0
0.0
0.6017840750384119
0.0
0.608420596971083
0.0
0.6036484283414885
0.0
0.6815368949293259
0.43791164389061665
0.4280614078619045
0.0
0.0
0.0
0.0
0.3274943754274774
0.0
0.10845632431459677
0.5275998958267256
0.0
0.0
0.34722848165484954
0.0
0.8319769473687865
0.17289229980780949
0.0
0.22447637860510705
0.0
0.0
0.0
0.0
0.0
0.0
0.9531853792668272
0.6027679009455129
0.9981168774478362
0.0
0.0
0.6087555148963658
0.0
0.0
0.0
0.0
0.7190783299435807
0.0
0.0
0.17905268047833203
0.0
0.0
0.3219736812206759
0.7624986912455425
0.9583942817891646
0.0
0.863510707602313
0.0
0.3431823128292196
0.0
0.7615129589867493
0.0
0.0
0.0
0.0
0.8972215538613646
0.0
0.0
0.18299711487157294
0.41163806871274594
0.0
0.0
0.9564920634151458
0.0
0.0
0.8987689638439131
0.0
0.0
0.543244469672912
0.670188948315128
0.0
0.3399796754088486
0.7138812784296164
0.6774437220786863
0.7422431976282096
0.0
0.4667261594603747
0.0
0.0
0.21831945203380956
0.0
0.38993426338680626
0.2637543116673987
0.0
0.0
0.0
0.0
0.0
0.16683435014630285
0.0
0.0
0.0
0.954300386924469
0.0
0.4872120317992427
0.4225533482650638
0.4037173699877265
0.12169477639500983
0.456932822208782
0.0
0.8910605146138537
0.06698479487213609
0.0
0.0
0.06461540544700824
0.9128790076975843
0.0
0.0
0.0
0.0
0.0
0.1119913317193333
0.0
0.5920189238661295
0.6588457004575201
0.2495715671379801
0.8299557385160788
0.4778493415092665
0.5514936536917756
0.0
0.81357087090406
0.961319964360272
0.0
0.686850477076547
0.0
0.0
0.0
0.0
0.9540371326472205
0.0
0.0
0.5742759124886314
0.28821373334314515
0.0
0.045864671592847864
0.0
0.5985322012028139
0.0
0.6296309628126329
0.9815564701660149
0.1894050013769082
0.9878344044956053
0.0
0.9060713239737138
0.5010215195263158
0.0
0.454029860444372
0.6681043346550479
0.883748503877699
0.0
0.5158371593878242
0.6869183851536728
0.0
0.37011095482844386
0.26043789917562554
0.0
0.0
0.005464398084618813
0.40526229333042335
0.0
0.3578241250697354
0.7802601534383407
0.41028793721067763
0.028580276573668947
0.0
0.0
0.702162317303992
0.3939426581699108
0.08145042711418123
0.0
0.33133522021612327
0.33494159061881357
0.0
0.451779486762247
0.0
0.12651471609860646
0.0
0.0
0.48023634519789454
0.0
0.0
0.9325089090244553
0.0
0.0
0.41007433522310266
0.0
0.0
0.9771249604719471
0.270315490998535
0.36212659721959606
0.0
0.0
0.0
0.4968321137320259
0.0
0.0
0.0
0.7319752281617644
0.0
0.0
0.0
0.0
0.9570586299339282
0.9593805654647708
0.39684641481367283
0.0
0.3376596857486424
0.4288185011775175
0.0
0.0
0.2866841688466811
0.5535266850914116
0.0
0.0
0.0
0.01948924664387036
0.268096113091175
0.5213844016934083
0.0
0.0
0.9676099164656163
0.3969958552400455
0.43337520799730733
0.0
0.5850717321763923
0.0
0.19308255052559495
0.03161173748757624
0.0
0.0
0.26452650107583986
0.19700004763757212
0.0
0.0
0.39145915119344854
0.2983425683685045
0.7405289777737332
0.0
0.0
0.8711160992354562
0.5428281360414292
0.0
0.0
0.4753341067883707
0.0
0.0
0.0
0.5724943413694057
0.0
0.0
0.0909912208635765
0.26629323797497423
0.6322883744038874
0.7600190313297517
0.0
0.0
0.9409800916838708
0.0
0.8700549507901438
0.26623759929690904
0.0
0.39366472760674753
0.9805519199317866
0.0
0.0
0.0
0.0
0.0
0.0
0.8188315752901959
0.0
0.0
0.792996935470283
0.0
0.0
0.0
0.913322603928641
0.0
0.11570954116890765
0.1401563899889972
0.0
0.0
0.0
0.0
0.0
0.9946769836302934
0.9935759789883153
0.642636159976459
0.33928178567352846
0.5008139103619397
0.0
0.4998124606205235
0.0
0.7697879115617001
0.0
0.0
0.0
0.0
0.03031509720021784
0.9695483040779026
0.0
0.0
0.5886262025827357
0.0
0.45408417056135475
0.9264005826444589
0.0
0.0
0.7313342540879583
0.0
0.0
0.0
0.032138104733297965
0.0
0.0
0.0
0.0
0.026562894735991806
0.41091563590309427
0.9717466669223852
0.0
0.0
0.660797611865611
0.5541630254016423
0.0
0.0
0.9092304836018523
0.8028205478855477
0.20865131128377656
0.14932042324231418
0.28477987419093015
0.07145299393288282
0.5389128158308899
0.0
0.0
0.0
0.0
0.0
0.0
0.14768381435270453
0.0
0.5747497770475504
0.0
0.20217524115854585
0.1421715630962309
0.0
0.8897333355663216
0.6102423818585131
0.0
0.0
0.45432416702297307
0.7706165400111361
0.0690758641418531
0.4224201857031053
0.4231020769508143
0.12460011244182059
0.04132779027170453
0.5805198301802074
0.20583723791416852
0.0
0.0
0.7178592351848073
0.0
0.2822674465534937
0.0
0.0
0.8135052146744368
0.0
0.0
0.0
0.0
0.0
0.1514485327541371
0.7180595061585283
0.1075665579583474
0.13898057466880637
0.0
0.046329556619413105
0.08361612303907712
0.0
0.0
0.24096968783385478
0.0
0.4464444977586595
0.0
0.0
0.2134891105347022
0.0
0.9535363154925116
0.09971418583162238
0.0
0.2204951639550397
0.1202582272920735
0.4317001901825065
0.0
0.0
0.0
0.3157780754071674
0.3206589209458137
0.0
0.0
0.9951372545101446
0.2112904236734477
0.0
0.39028784744790607
0.6727609950934806
0.8972034976661097
0.0
0.3242052578896644
0.0
0.0
0.0970986606803036
0.7345417599475667
0.7054767674743169
0.0
0.0
0.0
0.448671139945745
0.0
0.0
0.0
0.0
0.21724608540737217
0.0
0.0
0.0
0.5824190791145624
0.831833960837583
0.5577170198440888
0.0
0.0
0.0
0.7189525875940194
0.0
0.0
0.8811024929860922
0.0
0.1515706385015631
0.0
0.7839043548283762
0.0
0.3504994424022256
0.0
0.0
0.6114845768054147
0.032210987506450614
0.4727424932926387
0.8104031684928524
0.0
0.0
0.556538189003436
0.07879682529143563
