0.20281583439700876
0.20281583439700876
0.0
0.20281583439700876
0.20281583439700876
0.20281583439700876
0.20281583439700876
0.20281583439700876
0.20281583439700876
0.20281583439700876
0.20281583439700876
0.20281583439700876
0.20281583439700876
0.2028158342814625
0.20281583439700546
0.20281583439700876
0.0
0.20281583439700876
0.20281583439702205
0.20281583439700876
0.20281583439700876
0.20281583439700876
0.20281583439700876
0.20281583439700876
0.0
0.20281583439700876
0.20281583439700876
0.20281583447977616
0.20281583439700876
0.20281583439700876
0.20281583439700876
0.20281583439700876
0.20281583439700876
0.20281583439700876
0.20281583439700876
0.20281583439700876
0.20281583439700876
0.20281583439700876
0.0
0.20281583439700876
0.20281583439700876
0.0
0.0
0.20281583439700876
0.20281583439700876
0.20281583439700876
0.20281583439700876
0.20281583439700876
0.0
0.20281583439700876
0.20281583439700876
0.0
0.20281583439700876
0.20281583439700876
0.20281583439700876
0.20281583439700876
0.0
0.20281583439700876
0.0
0.20281583439700876
0.20281583439700876
0.0
0.20281583439700876
0.20281583439700876
0.20281583439700876
0.20281583439700876
0.20281583439700876
0.20281583439700876
0.20281583439700876
0.20281583439700876
0.0
0.20281583439700876
0.20281583439700876
0.20281583439700876
0.20281583439700876
0.20281583439700876
0.0
0.0
0.0
0.20281583439700876
0.20281583439700876
0.0
0.20281583439700876
0.20281583439700876
0.2028158343970121
0.20281583439700876
0.20281583439700876
0.20281583439700876
0.20281583439700876
0.20281583439700876
0.20281583439700876
0.20281583439700876
0.20281583439700876
0.20281583439700876
0.0
0.0
0.20281583439700876
0.20281583439700876
0.20281583436677378
0.20281583439700876
0.20281583424377644
0.0
0.20281583439700876
0.20281583439700876
0.20281583439700876
0.0
0.0
0.20281583439700876
0.20281583439700876
0.20281583439700876
0.20281583439700876
0.0
0.20281583439700876
0.20281583439700876
0.20281583439700876
0.20281583439700876
0.20281583439700876
0.20281583439700876
0.20281583439700876
0.2028158343970121
0.0
0.20281583439700876
0.20281583439700876
0.2028158343970121
0.20281583439700876
0.20281583439700876
0.20281583439700876
0.20281583439700876
0.20281583439700876
0.20281583439700876
0.2028158343970121
0.0
0.20281583439700876
0.20281583439700876
0.20281583439700876
0.20281583444438406
0.20281583439700546
0.0
0.20281583439700876
0.20281583439700876
0.0
0.20281583439700876
0.2028158343970121
0.2028158343970121
0.20281583442530163
0.20281583439700876
0.20281583439700876
0.20281583439700876
0.20281583439700876
0.20281583439700876
0.20281583439700876
0.20281583439700876
0.20281583439700876
0.2028158343970121
0.20281583439700876
0.20281583439700876
0.20281583439700876
0.20281583439700876
0.20281583439700876
0.20281583439700876
0.20281583439700876
0.20281583439700876
0.20281583439700876
0.2028158343970121
0.2028158343970121
0.20281583439700876
0.20281583439700876
0.2028158343970121
0.20281583439700876
0.20281583439700876
0.20281583439700876
0.20281583439700876
0.20281583439700876
0.0
0.2028158343970121
0.20281583439700876
0.20281583439700876
0.20281583439700876
0.20281583439700876
0.20281583439700876
0.20281583439700876
0.20281583439700876
0.20281583439700876
0.20281583439700876
0.20281583439700876
0.20281583439700876
0.20281583439700876
0.20281583439700213
0.20281583439700876
0.20281583439700876
0.0
0.20281583439700876
0.20281583439700876
0.20281583439700876
0.2028158343970121
0.20281583439700876
0.20281583439700876
0.20281583439700876
0.20281583439700876
0.20281583439700876
0.20281583439700876
0.20281583439700876
0.20281583439700876
0.20281583439700876
0.20281583439700876
0.20281583439700876
0.2028158343970121
0.2028158342782741
0.0
0.2028158345193176
0.0
0.20281583439700876
0.2028158343970121
0.0
0.20281583439700876
0.20281583439700876
0.20281583439700876
0.20281583439700876
0.20281583439700876
0.20281583439700876
0.2028158343970121
0.20281583439700876
0.2028158336872207
0.20281583439700876
0.20281583439700876
0.20281583439700876
0.20281583439700876
0.20281583439700876
0.20281583439700876
0.20281583439700876
0.20281583439700876
0.0
0.20281583439700876
0.20281583439700876
0.20281583439700876
0.2028158343970121
0.20281583439700876
0.20281583439700876
0.20281583439700876
0.20281583439700876
0.20281583439700876
0.20281583439700876
0.20281583447192236
0.20281583444681495
0.2028158343970121
0.20281583439700876
0.20281583450960178
0.2028158343970121
0.20281583439700876
0.20281583439700876
0.20281583439700876
0.20281583439700876
0.20281583439700876
0.20281583448359988
0.20281583439700876
0.20281583439700876
