0.32977402440937953
0.3297741270225023
0.3297741269759875
0.3297737944663416
0.3041036239218341
0.32977412224282543
0.3290023130382833
0.32977412708419407
0.3297741261214391
0.0
0.32977412708548737
0.0
0.32963873979741987
0.31122905725402794
0.31305570767564717
0.32967165488144146
0.0
0.3297527417717495
0.32762680971754965
0.3297741270488652
0.32977412704818954
0.32967237100958346
0.3282006910355917
0.0
0.0
0.0
0.32661674130198093
0.0
0.0
0.0
0.3084497694349697
0.32977386391575836
0.3283276858915738
0.32977284429932674
0.0
0.3297741270859923
0.3297725308944821
0.3296158873455084
0.3201958157115996
0.32977412563596387
0.328985036103999
0.32312423510249844
0.3269417177592451
0.32954905610567464
0.32977411906049425
0.3262340315676614
0.25235665132569507
0.3275057652365567
0.0
0.31005574255148716
0.3287142661369751
0.3297723238642103
0.32969277640694505
0.3295839231131332
0.3293691925335561
0.32977412708568243
0.3297741270856138
0.21143748838840293
0.32969516434508206
0.0
0.3297741270603808
0.32864642326416127
0.3297128119002556
0.32812841008348825
0.3297741270859923
0.3296868759128102
0.32970929072363875
0.0
0.32977412682117335
0.3297717753983447
0.0
0.3230213307227642
0.3297741270859923
0.3288053334996297
0.09788357565086925
0.329774126511835
0.0
0.0
0.0
0.3297308729163555
0.32977263428914616
0.0
0.32977262858901324
0.32977412698285047
0.32970719131310444
0.32977412607957435
0.32977412421864194
0.3286309542955417
0.3202065219860577
0.3297741270830379
0.32977412443052
0.327722352962851
0.32674204825394193
0.0
0.32593967256721446
0.32885816108828003
0.3122445359476097
0.32896577983006225
0.0
0.32977253501645665
0.3264564622317172
0.32643396119997337
0.32977412708225695
0.0
0.3297578506986443
0.0
0.32977348842288856
0.329381082656826
0.3297719286503986
0.32717182622205954
0.3132722210475325
0.0
0.30437108422372927
0.32919123720114385
0.32977412649713633
0.0
0.32894159015106916
0.30738407389498335
0.3199683497487147
0.3297697381277481
0.3255287792598114
0.10943330655452232
0.0
0.3297741270856138
0.3297741270859458
0.32948976430355903
0.3262509533035858
0.32977257595066467
0.31202868285190144
0.3297715315409294
0.3267276665343244
0.32961426646717684
0.3297735912934434
0.32696600144597276
0.3297741270367329
0.328215481767574
0.0
0.32977347068728546
0.3296277146283014
0.3297715315210168
0.3295924240231347
0.32871741414010613
0.31033880891202126
0.3248525940135901
0.32714016773417565
0.3280775877644323
0.3297721067385516
0.3297741270854432
0.3296363740191479
0.32816017681636667
0.32977412708595577
0.0
0.32977412708579457
0.3297722513954373
0.3297740044534223
0.3297727541527806
0.32977411999092365
0.0
0.3274512615427345
0.31722334946644404
0.0
0.0
0.3297741265146408
0.32977340888482976
0.0
0.31252545839840185
0.32804535528564616
0.0
0.3297730943762536
0.3297714405990755
0.3297740150617767
0.3289623365245211
0.3297736015853284
0.3297741189565764
0.30290082372568317
0.31635825339806734
0.32977412708598486
0.3181463758159586
0.0
0.30733120839210826
0.3284029104433184
0.0
0.3297741270859923
0.32977396338942633
0.3297741270859068
0.32977412598665934
0.0
0.3072731859108958
0.0
0.3297741082932226
0.0
0.3277388989728178
0.32717475906947247
0.3297741270859875
0.32977412666135775
0.3297735448310368
0.3297725209988086
0.32638974766337303
0.3297741270859875
0.3297741270857387
0.30605605027618177
0.3297740830796976
0.32977412643489534
0.3297238646302043
0.32977412708593623
0.3285441167759213
0.3297741267432941
0.3297741270859823
0.32977412704009723
0.3297704361357623
0.32975297427349815
0.3297722652068522
0.3289649338977487
0.3297499323758456
0.3297741270859923
0.32977412708598963
0.0
0.329763317510119
0.31304231452824216
0.32977412579571364
0.3297737696907034
0.3297740258349109
0.3227231728783009
0.0
0.31785957249257435
0.32970611076509804
0.32833581605662754
0.32974905967627377
0.3289472427930602
0.32972625704606684
0.3297741263957994
0.08910823267034029
0.3291580026350789
0.0
0.23212590076699424
0.0
0.32589831460960883
0.0
0.310093787059347
0.0
0.317575870011531
0.3297738769671832
0.0
0.3297741270859801
0.3297709471143453
0.3297731609119565
0.32977404988406533
0.32976900136807163
0.32977401736250855
0.32977264911636994
0.3277171084368422
0.3214044632630709
0.3238816594905751
0.3296953291665514
0.3221224367460922
0.0
