0.6345200477613668
0.5643079841316495
0.3288400147625932
0.3480318712827539
0.7421458042319308
0.5943981310763968
0.5671772295720261
0.39901676830113936
0.6316255162631985
0.5679844345544627
0.5418609648433147
0.34819030728943773
0.43910920912931667
0.0
0.0
0.478887454696253
0.0
0.5195340368059944
0.0
0.6371234880423313
0.5102486625087864
0.6030215190945407
0.6417085803702758
0.557627575057052
0.0
0.0
0.0
0.0
0.4292843223274392
0.0
0.0
0.6549200743900522
0.4949982330222964
0.5744378066893139
0.0
0.2868034840031069
0.43194065259745135
0.1949714281718342
0.0
0.4365223884875398
0.7105801414283758
0.0
0.0
0.06612596000983255
0.6984654930641854
0.0
0.5295904711176095
0.4562516845170521
0.0
0.0
0.0
0.24937336658771292
0.5953927075348044
0.0
0.465088438239528
0.6902886427827172
0.19791704116489944
0.07298081342648055
0.09292769425810077
0.0
0.4098428930267406
0.36923258747959664
0.5545565525013803
0.43951699305917974
0.3222505727493976
0.699444363881496
0.5658267916506163
0.12099148484903402
0.5289632254757913
0.3535488553212143
0.0
0.8575530855631662
0.5541150120096153
0.1147650364203048
0.5060647897192485
0.7202114722452311
0.0
0.0
0.0
0.2742700794587433
0.6225317125763243
0.0
0.28717261767632696
0.5184383697723547
0.0
0.49736903504023317
0.5516031752933745
0.7840814435928035
0.0
0.5655904983019819
0.5372478271629411
0.5076910221146038
0.8247808646059465
0.9321019856839686
0.0
0.0
0.0
0.3347130219503296
0.0
0.6448996005819924
0.0
0.0
0.0
0.0
0.7265055069962112
0.0
0.5977912759416052
0.0
0.4325270252995245
0.6339153548154687
0.0
0.0
0.0
0.7228199059459877
0.5854319912139572
0.5538870657536932
0.08962427916121704
0.0
0.428987697739672
0.5663219233519575
0.0
0.12002682750938722
0.7228915636335401
0.4707804336213134
0.0
0.0
0.2364244451536071
0.5353549400708241
0.09334965822139193
0.5142594371834571
0.0
0.0
0.0
0.4004101354795093
0.6009872371306911
0.0
0.0
0.0
0.872247415464196
0.5671731766157527
0.17895281834896373
0.5315457053026147
0.43721492753250585
0.6582347637746808
0.5206361353771344
0.5487964997441118
0.14377158299900325
0.5193332911048061
0.20707464221222152
0.0
0.4322770037089129
0.0
0.6273692833002821
0.0
0.2544443130726882
0.5321653356535263
0.5163571244540519
0.4954350648223784
0.4647369331153624
0.0
0.45866960505468074
0.0
0.7320618461924872
0.5024487129643794
0.7930574332119101
0.0
0.6857166670628011
0.0
0.0
0.5825127654351714
0.0
0.7573147578844591
0.25748523085125613
0.0
0.0
0.0
0.0
0.5612155549942085
0.383343701354971
0.197531550935997
0.5219500865502046
0.1810890619144629
0.05512427609531222
0.6858479518658438
0.6249803523959556
0.0
0.0
0.0
0.46194529371736737
0.6013306970906883
0.0
0.537952580757495
0.14545028423701267
0.06663561686412771
0.16057740692352232
0.8989440122462252
0.611096830224118
0.0
0.38006938263769524
0.08653604079731532
0.0
0.7294166038464949
0.5038919412001874
0.7863434709809687
0.4114928123160906
0.26506930909298165
0.43039956045754774
0.0
0.5387944366033351
0.5498112530794623
0.0
0.0
0.4170729337198365
0.0
0.6612206810518637
0.6398016961926177
0.0
0.3433079676884286
0.0
0.6826358731053577
0.4250163637224074
0.5527003961007468
0.0
0.6305521940648047
0.2427723038945126
0.5285394268699872
0.8206690377220711
0.5092425577173512
0.6525061665134765
0.7024575526694501
0.5027397361156355
0.0
0.6838757794007904
0.39283690218030254
0.8197639735300156
0.7570454437535797
0.7851263835643117
0.0
0.0
0.9174903174352071
0.41007796322874623
0.5997931989749843
0.0
0.4185319865184948
0.0
0.0
0.0
0.4641781810089297
0.8245577639791382
0.0
0.0
0.754090029862857
0.6426085114122201
0.0
0.7396611177334277
0.6212061113019146
