0.5551086509675742
0.9999998970731049
0.7981336177876098
0.0
0.6832323036777654
0.8892361446497071
0.9039990399794842
0.8214815255651301
0.5199138964756521
0.9854161725515352
0.44862239547239535
0.9788780009830095
0.11108793303739717
0.0
0.0
0.0
0.0
0.4145048687950077
0.0
0.36367942490803795
0.0
0.35179915123046723
0.0
0.3826211629225692
0.0
0.0
0.0
0.0
0.0
0.0
0.0
0.8736187787969812
0.0
0.0
0.0
0.6266640812715443
0.9225014954199252
0.2752440682507691
0.0
0.0
0.0
0.0
0.0
0.0
0.0
0.0
0.0
0.33526894767975435
0.0
0.0
0.0
0.0
0.615724618111583
0.0
0.19980593163824434
0.0
0.0
0.6849540841417519
0.008466382507909986
0.0
0.29077531278618085
0.0
0.4414752674183915
0.0
0.9916634824978766
0.9972173569982695
0.3624772933650302
0.0
0.0
0.0
0.18002596079002664
0.0
0.7330122544671924
0.0
0.018633668468438058
0.5014201357103765
0.0
0.0
0.0
0.5092693449659239
0.2790717352873904
0.0
0.0
0.9278461200650006
0.0
0.9050980610594646
0.0
0.0
0.0
0.9758037322946129
0.1795848610637738
0.0
0.14027749778320553
0.0
0.0
0.0
0.0
0.0
0.0
0.0
0.0
0.0
0.0
0.0
0.9588578891296203
0.0
0.49535518585356264
0.0
0.6243729086301137
0.1984767146362596
0.0
0.0
0.0
0.08037130292100969
0.03665663219440274
0.8095826456348817
0.0
0.0
0.0
0.9682300178256327
0.0
0.810906566199431
0.9755597166835592
0.0
0.05409491619191853
0.0
0.0
0.7254664901991557
0.0
0.7940617436048433
0.0
0.0
0.0
0.19199191530569804
0.5750553236964989
0.0
0.0
0.0
0.29872277366026434
0.24966248632995625
0.0
0.8091158907477781
0.0
0.0
0.21870768498258386
0.8835484601351236
0.0
0.0
0.3660196255590531
0.0
0.7163939064019867
0.0
0.8669017197978542
0.0
0.0
0.5865132174980332
0.0
0.1462909960894656
0.0
0.0
0.0
0.0
0.8772318379002316
0.10667540974289669
0.0
0.0
0.0
0.0
0.0
0.5364993626148373
0.0
0.8836939691820439
0.6585425378107452
0.0
0.0
0.0
0.5268779397754686
0.0
0.21194984631578417
0.8962894667819822
0.45532557802000584
0.0
0.2268218970777749
0.0
0.3111306643244882
0.0
0.4460117538477546
0.0
0.8342682591075228
0.8792045467667003
0.0
0.0
0.8503949680868237
0.6399802025066605
0.029629009398726036
0.46004052695492037
0.0
0.0
0.7383648048156992
0.0
0.0
0.4113026857256833
0.0
0.9212685959081546
0.8559460448899828
0.030748058313068816
0.6358840178958864
0.0
0.09755747122921066
0.0
0.0
0.0
0.0
0.12503546594963466
0.4471474572485179
0.9921362916890749
0.0
0.494112101657885
0.0
0.9497878015418201
0.0
0.0
0.0
0.0
0.0
0.0
0.0
0.897852804864338
0.21882832959679976
0.6567409987957127
0.12105764118592155
0.10908390800022227
0.0
0.0
0.20340701764361846
0.0
0.04449880554742047
0.0
0.0
0.22437382710312948
0.0
0.5290430663830807
0.0
0.05738187075010881
0.0
0.0
0.0
0.0
0.07690605771753822
0.0625658687850712
0.0
0.18208546841971374
0.0
0.2149064387718418
0.0
0.0
