13.2002920319363
14.7238044854189
8.12530124903398
27.5354015594777
12.7677154926799
19.3552368509865
8.7059356133422
10.0387835699954
11.2772857998685
12.684993046111
10.3921746716166
45.2146573789279
22.3743576046509
13.3345836227899
16.6536729105155
32.9735988368389
31.9352142038809
51.1830809114229
22.0323848996792
11.5118498744202
16.8412393801931
23.3261865633728
13.3086609502689
9.84266079904782
10.4190579244308
25.4710845971169
12.7075804044683
15.6140789938948
9.11678559489006
10.4523151005489
7.47576082144642
12.4339530437469
16.830892751455
21.6233688994657
15.9476555939775
14.215572505418
23.7990198821077
10.3726822295278
10.2641958631847
42.2850641861069
11.7734403282425
9.89827465913021
18.6756108385678
6.59307065674689
18.8355836636028
10.3265495928538
12.6664510060524
4.4302379170067
8.18387919821956
12.7985782071633
12.3201593473302
18.6474362229072
46.23350233477
5.96199825407246
21.6137020963788
14.703084285765
14.6761424518663
13.7169032910285
20.5716557922926
6.80761408342104
23.056915579368
9.1871866062111
23.2721056388766
27.2623074977393
12.4871550037145
6.76763626737762
7.50460262302029
9.31908519692083
11.9816579115603
12.013440241589
10.529416257303
41.2123586237154
9.17185319454827
9.22256261364514
5.34638773009477
26.9031765774534
25.5767734308761
16.32694990548
11.9152440782002
10.9499993318529
19.5247255694917
18.7784122561332
19.8176631765674
17.1718013318136
13.6883569976459
11.5610463922024
24.5454038189043
8.06514029874044
8.38821030420256
9.81816041753493
20.7501744986584
14.5932689201527
18.5081588746623
19.6788163850058
31.299620587148
4.36595537016437
17.2903778924649
16.1071844895797
8.64838788404793
12.3389466547889
12.491318682648
6.31826671379611
6.30606411072782
7.46100116456112
10.1067321670087
6.45094770477033
10.3589489184375
10.3256496530295
11.4747386270935
13.0611487705271
12.1400904043796
16.9066467946948
11.0147691437647
9.9847176344017
8.11957790861877
15.5269698380652
36.2137016106215
24.6483083218785
13.9221703376895
13.255105866434
17.9375149608051
12.3438415982669
15.2526445715114
9.57870273288418
24.1522395511554
12.2987144320338
28.7694775093218
12.2882008731885
17.4139051920709
14.5769467320825
9.13492544565031
11.8173391415869
8.77796014688954
59.4490769369843
20.9727325117446
14.2824786991298
20.3066444928871
17.0043793523929
10.8331704259864
10.7009196235603
13.5081691111392
28.5676704313767
14.4122165718439
6.31053920691749
32.705551541478
25.1660709707526
12.6973445819418
14.4007831179568
9.38252859613911
8.5718240843962
8.33216330802384
11.8950849207633
17.4678640881076
8.31839569594657
13.5491510801608
11.6743951723143
19.0534659656972
13.8866994574137
22.4084316526525
26.0590810268876
4.71751354343946
8.27591423407751
7.46241553068443
21.9017532645617
8.44675543170634
13.1881247664359
13.6476003703849
27.7944586937123
26.483260049351
12.022365210434
15.1370248362397
11.2678521943117
4.24626991181093
12.6756758892362
15.121956247762
19.8925842186597
9.57130194475931
12.0367082373696
11.8557769165323
15.3083283741161
8.43142973566938
11.2901561537123
40.7878815372537
8.12778261747789
13.5328879944906
16.9737178549139
10.0618312468345
8.1922086222354
19.7754991247852
17.8974088379108
17.8690283397101
22.3916309809403
7.69542517305388
16.2178253806436
18.0229944257557
6.1680867948063
15.1251533580531
18.0189964006268
7.58828909911692
18.249559795579
12.7925167375064
8.28043396505965
19.7164507630265
15.3333679973023
12.4867964481836
8.23446713386293
13.3147875601831
22.9960341609742
10.0112731304344
13.6217260806669
19.1737170697673
9.3787614665667
17.2847471009932
11.9009913177989
7.52923379152158
22.0584476445005
11.2887211515674
19.0989781655748
24.3761151558591
11.5772519195833
10.4438382328562
15.9451368477259
15.7009241113927
15.9698157037215
15.4418649393233
10.6388256821781
15.7917630126817
8.05921825802349
23.3797899821865
11.2237451892405
9.81120460102475
17.1659068397829
10.420259607517
10.3571995962456
12.0219606137677
19.6307891823981
8.4158168541909
13.033601718507
24.4047565256047
17.5521268720323
15.1157608935402
7.06282701845847
10.0249164203681
25.5774433048091
19.044650107835
14.8287915121047
13.6712338786602
11.7115219898045
10.6033160726534
24.5959023005676
15.3918477113329
8.38628328531657
11.0345156085288
16.0596398410149
8.73825847747426
28.0729135886646
10.2804190899093
13.6977280375472
21.5434653642744
8.12317217023011
10.4934292955091
15.9613023015495
18.0374948295301
12.6099555827862
19.536233977967
10.5854961578908
13.3247747490975
9.98820413341951
37.5151359321162
44.6533203606778
8.65316260895628
5.83546113200521
7.49160129312978
16.6222309404741
15.8932971273484
6.28639266446223
6.3318158976785
9.90336612288198
13.7352907307424
17.0970861426088
15.0801463564872
11.8790611074366
8.47760893435411
9.63521285685871
8.36512917968243
11.9982445663516
10.9809315875828
8.4202709840471
16.2231079421843
12.2509855028187
13.0796703543256
12.1493547872416
13.4810327973371
11.8798131891123
31.9591544821228
10.4253515277299
16.2051945792372
7.55926610335468
14.840377748473
15.4218563395324
8.16619644213901
15.5711280389702
9.34440608897459
10.3161800339962
12.9272171344466
5.66892966320071
9.99623812188627
10.285588724775
16.3457528343328
14.0454865801933
18.1243962101636
21.8210205129816
10.5491317086788
8.46417909943359
5.28483213726977
17.006970976251
10.9318673448417
10.0534045785091
8.17082734912977
10.7339747277461
17.0967181920594
60.3457823715774
8.70927523883048
9.12108483433892
8.86944485431255
12.4021732244301
12.2532879891784
21.5926362111699
8.53881878965164
9.63754921520706
11.828712852737
13.0812744738209
9.72718601450522
7.27476822107295
9.74090806559584
6.75094408594813
7.77420887392
12.4077206328426
13.3268306264378
16.231464747725
18.7875773638221
21.6836959492644
22.2487972126304
9.29192504000713
5.28686537878956
9.5824285775036
7.28932728327419
7.58290027343127
11.7180768203333
12.0268150759876
29.3837381929463
30.5041451754991
13.7192321448862
10.8118966351144
16.5177081058201
8.25616672422123
16.6934236811163
8.48280120829793
22.7994784926368
10.6258090749622
21.0642741268575
18.8396449285203
18.7212789645554
16.4263624085602
11.9977599783515
15.0434070482365
13.3519257166008
9.12329362876282
13.4402423645527
21.1056562230019
9.99916412414064
6.79155481976122
8.17740101257955
14.8744942819699
19.4367103318143
11.5941772528512
23.8296701554549
9.79808882045147
9.06280815473907
9.24118358387395
31.7377626302101
20.9583222735764
25.238825141675
7.16495393723061
23.1299581767808
9.63113413763809
19.4459944906641
15.2748335896952
10.2846287883145
16.9597760812522
6.31232989409218
9.37441023166869
10.2264042816297
19.5687877587627
8.31667521698346
14.9628187956237
8.76778928635341
11.3298379590829
3.72899164898876
4.47918404780815
39.9809041968875
14.6843650934297
2.85570692867847
3.79814137960301
5.95298885417353
2.51688912575883
3.81905405938593
2.75091741693309
