0.887623659733994
0.871739100398429
1.09837832273915
0.983618843621147
1.1069029832503
1.28837469356567
1.01737469651638
0.830801167234175
0.938603581394103
1.0063263578031
1.2099007769346
0.941336634379414
1.30144665648232
0.958952502110668
1.45039789651324
1.15234280660457
1.20858102259843
1.62980336294668
0.994279114264225
0.825507805154384
0.786266421110461
1.0696004642996
0.861315896376244
0.73900792516026
0.969073203557246
0.94288856975514
0.98757950675965
1.3862204685956
0.908308550500598
1.46046568646072
0.771581331216874
0.918129091059043
1.26345700862468
1.53759412537646
0.817828296085238
0.959378106470441
1.32966276048443
0.957310112363444
1.28955789649959
1.4501760897944
0.89723216123043
0.749674419476469
0.705599856118875
0.763018413327682
1.00962346057549
0.988312239222463
1.08954876078354
0.866651616738688
1.64211401717962
0.964146242244344
1.09771900096332
1.01541951423471
1.14659960275583
0.717895505760449
1.1326660034469
1.18370117051522
0.826422535635515
1.29161224229826
1.19055645022253
0.956084987910826
1.11232615828583
1.05609407740873
1.53231365576675
1.34203581523658
1.01096305476308
0.733843744789324
1.11511161483699
0.860142889422014
1.14771416233712
1.0167371151162
0.973870330633504
1.77697284085149
1.01107598719996
0.926812416264776
0.948498336046586
1.08363180118322
1.17111876334052
0.954013380349301
1.15403148303517
1.0791766083997
0.949537161679711
1.02998117527816
0.873400390194138
1.16759126725207
1.01866639593115
1.00749846446775
1.23178934033921
1.07135300129976
0.927917111372491
1.11176308374534
0.989739186128379
0.847782973974858
0.964231954454164
1.1073948673928
1.45172932676673
0.922771481661174
0.951942597116807
1.08344659136429
0.82947560755967
1.00613376862449
1.14138460086565
0.957181162160869
1.41557482119044
0.953596714633847
0.956899044722909
0.970163786678923
1.25222859696128
1.33539891331303
0.906228892735079
0.899738392092288
0.786989445207199
1.39399868553332
0.973625588987173
1.17361469788275
0.704419444447693
0.952012876631002
0.935883745616807
0.978623286962683
0.975592938339482
1.01809503632612
0.925454621449844
1.00124777511691
0.788648275399078
1.08383171236465
1.46152516764539
0.890189385225331
0.87945957590033
0.984725560440456
0.896573216052941
1.06008070163459
1.09502004961496
1.13184107050673
0.730536783176701
1.99662148265245
1.29028828049915
0.957106605332383
1.04772841103081
0.948211319494363
0.843873961587764
1.45872331786928
1.16663655954669
1.0702256175061
1.03406282352918
1.23097912970629
1.09247643305306
1.57444624378826
0.656950156664902
0.784385770363421
1.00785663907651
0.768841138500187
0.926143307466754
0.844928294797978
0.955649604662084
0.773604075717859
1.6458845902445
0.959112380614937
1.80007786142016
1.05757903704339
1.19906496182228
0.993770024073769
0.93689806960142
0.981970122098333
1.09302440255909
0.871553632929243
1.1309481387163
0.958812170969729
1.13410093837757
1.33057966939866
1.10133977094587
1.0160592739187
1.27539553632567
0.910151988846256
0.883452834267862
0.672407639659451
1.01014941015577
1.88648466057067
1.00951756522508
0.760194734925918
0.820222011344609
1.10893960741628
1.068820790864
1.4338621076932
2.74805398977961
0.91935501495223
1.07531439067267
1.02600519652744
0.896876220380511
0.730652061948216
1.11117955098632
2.30128844611291
1.1428463367702
1.30332615844411
0.669125000652994
1.28904330362051
1.07735493198249
0.671055343921099
0.879243519887173
1.14928859228347
0.92923157436021
1.16806094395616
1.04130009412755
0.931600066142303
1.00256921042379
1.41379966745368
1.30268866837746
0.958441550909116
1.32439798382663
1.04984375171745
1.07271280536532
1.17181204405497
0.915928444616386
1.26042054728348
0.984694143689519
1.64369933831944
1.10026997857078
0.748021655373341
1.10216062030999
1.09822161683966
1.21258905524263
1.68249039620221
1.19673570675554
1.00180109426557
0.82664319142823
1.19108918249416
1.52031785967038
1.32172313271775
1.01147163817774
1.18259642327988
1.17508592823274
0.692009315444279
0.902649754968656
1.21789860633676
0.94824664679657
1.14502008766146
0.702085953219962
1.35264451924199
0.881044591844654
0.84867203123348
1.1821298657819
1.34000596403089
1.03518123671557
0.916721189958765
1.03886348167463
1.56150611717563
1.31980092149782
2.23172361350106
1.10181932786407
0.770928502289828
1.02240421450516
0.845572570106007
1.05949383337704
1.09457895200331
0.89208662741037
1.11349604866983
0.839647239895945
1.60412252353069
0.95154861394065
0.899799805088568
1.18294175991417
0.801757832229365
0.921815994329592
0.837655250388673
1.12160683238671
1.36978625244524
1.14370465635511
1.41690007266372
1.17742127891674
0.820971179175167
1.03383962053845
2.21584988345
0.823111631042202
0.983755037173842
0.802807799286176
0.870128382812663
0.947980252393982
0.771647222344388
0.942626477535849
0.89415791076905
0.801323043071192
1.53516865667068
1.08307379510275
1.31007172334378
1.14836955165088
1.11280179451394
0.95804286643467
1.31256368287194
1.08925477075632
0.704285924559464
1.39534942713733
1.04526993022077
1.00088511343749
0.935935419614915
0.962453738269308
0.89675989639599
1.4187535580564
0.97377360326703
1.44062407685101
0.87056139875513
1.04976770508396
1.21700585606256
0.876209659515679
1.09859864527705
0.858340913548873
0.92311767206087
1.09609524637554
0.896062460971151
1.26821683446876
1.22620519228389
1.18205740176684
0.835402424745362
0.882947532244157
1.56810474036388
0.923143520992115
1.05964665029177
1.09963852837998
1.00476966728368
1.34600618627072
0.921890395344281
0.959987083621413
0.993455825278732
1.07263162063208
1.17858228208256
1.18108398846665
0.850641052555698
0.873734066659909
1.11986526852291
0.930340664794491
1.53350867188311
1.08109369909154
0.941122650617478
1.21934186132125
1.21585876796541
0.805717309262564
0.905128362085816
0.951043694877938
1.12418282701305
0.787982355119829
1.11780025421345
1.2421222397034
0.976495887310511
1.3630628694954
1.1907255202685
1.04904430645704
0.953397084564268
1.12105611584921
0.937447392298449
0.906258996061103
0.82033748880825
0.813770248061892
0.914654452344743
1.37048085831606
1.56877184737718
1.2396132934413
1.25338020287729
1.02390029509258
0.950221288863717
1.01008312691987
0.983718611225078
1.50919032444273
1.0670035598682
1.26752289993098
1.15539125783305
1.07786422270676
0.987100577913968
0.854086574424851
0.937220514382821
0.961651397246667
0.767879992633263
0.882142036263864
1.04952197367275
1.14586666861708
0.982910132251226
0.819991174061553
1.14014600935834
1.04886847152537
0.982079532353684
0.97032889776511
0.966975242952603
0.819170293819165
1.11554833313457
2.01895332019038
1.19694404724796
1.07415373416496
0.843598370828953
1.08230807306423
1.00102373336213
1.21180629139636
0.728539193483219
0.712373992290369
0.927423210997725
0.897963445962591
1.35358089894929
0.976932448407086
0.824196275307314
1.23583821282358
1.26034570668083
0.803071151699592
1.22961253669996
1.1161179372152
1.02329188848947
2.73459545297419
1.92209650802838
0.792577103075184
0.806946439272435
0.977971555640726
0.848975790154222
0.992481154109987
0.789067023926616
