0.4747498173313151
0.14263923223678684
0.0
0.34155112095663687
0.0
0.49503468616784096
0.2628181989498425
0.0
0.9612439778438036
0.0
0.29888455466189495
0.0
0.0
0.6320635238569834
0.0
0.0
0.5252325622922166
0.0
0.6304397995257033
0.0
0.0
0.0
0.0
0.0
0.0
0.002443113840264992
0.0
0.0
0.49872396920347944
0.8104062177287982
0.23847159584247293
0.0
0.06290278261845687
0.0
0.3563349401562563
0.9609729141987345
0.0
0.0
0.42712608638061417
0.8829869785342321
0.0
0.7989587764989223
0.0
0.0
0.0
0.0
0.6038654858747583
0.0
0.0
0.009001562048822494
0.7470514542205188
0.0
0.14803455541036967
0.0
0.0
0.8051783069025064
0.0
0.0
0.08066379246072602
0.0
0.29627347663285486
0.0
0.0
0.0
0.0
0.0
0.24361041898689656
0.12391925426599391
0.0
0.2756094260979851
0.0
0.2345128254540962
0.0
0.5246997638262003
0.0
0.34036120371393974
0.0
0.0
0.0
0.0
0.0
0.7055522952693646
0.22573976980073568
0.0
0.0
0.3460768081280464
0.0
0.03383505124877237
0.621246147359781
0.9557106469995893
0.0
0.0
0.0
0.0
0.7572929740485294
0.06656164085308085
0.7212763054123982
0.0
0.0
0.8938656466635895
0.8241343285854814
0.0
0.32136219825529333
0.0
0.5779389057225384
0.6693385791817147
0.0
0.12971571289444028
0.0
0.7551560039946743
0.5653548801689766
0.0
0.0
0.0
0.3716336273311731
0.0
0.7294489025841729
0.7849295140008477
0.0
0.0
0.0
0.0
0.0
0.0
0.0
0.4802721214216522
0.6479148976729439
0.0
0.9081721633340348
0.0
0.9089498478922755
0.0
0.22225424478531938
0.22617670241622437
0.0
0.17622163739213756
0.0
0.0
0.06566149136600724
0.0
0.0
0.0
0.041674643340813784
0.0
0.0
0.0
0.5567682258160644
0.0
0.06897465934945418
0.0
0.3179338224977022
0.7290945095069287
0.4527330439747412
0.0
0.6896370802569892
0.5591886486772208
0.0
0.4281931820792494
0.0
0.34308859211727377
0.41231550339989786
0.0
0.7470398823708309
0.9604189368950397
0.0
0.0
0.0
0.0
0.6976468064717829
0.0
0.2761597777226938
0.7824676754318095
0.0
0.3499638420876663
0.0
0.7182944774600931
0.0
0.0
0.7084853626773912
0.12040604461244239
0.7858963422591512
0.0
0.0
0.12344576733142851
0.0
0.4510973353199961
0.0
0.0
0.0
0.036948476221636085
0.9072493492584216
0.0
0.7552019145686543
0.0
0.2091106886169806
0.8279688513106539
0.0
0.0
0.9214982864529031
0.0
0.0
0.0
0.2567269187251043
0.0
0.729118324991332
0.21247850950920946
0.0
0.0
0.0
0.9799144904547217
0.7562906760747743
0.8845678538731562
0.0
0.9875050787754384
0.2502102385995569
0.8010272849120897
0.0
0.0
0.30456499158658
0.3370418453913136
0.0
0.0
0.0
0.0
0.4159616190522204
0.0
0.5379833630081374
0.0
0.8528389895523156
0.0
0.0
0.01414059483655024
0.0
0.46425493204151047
0.7205598048027572
0.0
0.0
0.4608661019889659
0.7021998065547532
0.6557562676415868
0.14524714656871643
0.7520233403369728
0.7130086783368956
0.798966384102741
0.710067039065231
0.4729524526214384
0.42730560562552444
0.3200695196060807
0.1287611693832065
0.0
0.20870441212994953
0.7540397297790098
0.0
0.0
0.9676954956226194
0.0
0.6725119909118643
0.0
0.20265785383535903
0.21861025689645527
0.9031284899138823
0.21138458595379214
0.4979853486533481
0.41553930562612607
0.7633682794772191
0.0
0.0
0.0
0.7166960450327964
0.0
0.0
0.18659414125280935
0.0
0.3965958287966776
0.4495460058836439
0.0
0.0
0.6067236676993998
0.0
0.5802697713854752
0.012995669910015438
0.0
0.0
0.0
0.4617129094592642
0.0
0.0
0.5132075934427424
0.3446791697909272
0.4370371940995638
0.0
0.0
0.0
0.7569773758513606
0.6379880427204503
0.5710316723641734
0.0
0.0
0.0
0.0
0.5302612922716621
0.9880753335746609
0.0
0.7655168935028323
0.4338348442364138
0.0
0.0
0.0
0.0
0.0
0.5560046448285637
0.0
0.8480564743585606
0.5922197595099804
0.0
0.21046324655580972
0.8051907749770467
0.36355111173961024
0.0
0.0
0.0
0.0
0.3443578753475685
0.0
0.0
0.0
0.2148101837425444
0.011562257080400486
0.2763412816653605
0.8298853694410463
0.0
0.0
0.0
0.0
0.4156999648179284
0.6029295417507309
0.42619513530036823
0.13289291355300406
0.0
0.0
0.07840984783883237
0.17995603768507248
0.0
0.0
0.4183653900400192
0.769889768173946
0.45192276889994126
0.0
0.2492243100640915
0.0
0.34419120752963567
0.3577892883548085
0.0
0.0
0.0
0.0
0.0
0.31405203334055787
0.0
0.0
0.23657225363349554
0.084401189636344
0.0
0.0
0.0
0.7057028016123627
0.0
0.7447894876806129
0.39220653373181574
0.7681314976457293
0.0
0.5097776531792096
0.33348688997638193
0.0
0.8707801580135625
0.35135089303993655
0.2410574739346065
0.06524047591234229
0.9112112211397951
0.2524222290712618
0.0
0.6178035692538819
0.0
0.23689544408193594
0.0
0.0
0.0
0.0
0.2542306727729704
0.961091476100564
0.6668648259266978
0.0
0.0
0.0
0.24973540602426283
0.0
0.0
0.44580793059487483
0.18503907482270243
0.0
0.0
0.863422569864509
0.5501251446382512
0.0
0.0
0.0
0.9798295619639392
0.0
0.0
0.0
0.0
0.0
0.0
0.04862735287237081
0.29680974646581754
0.0
0.6881842898735862
0.7241753495427431
0.0
0.0
0.9128514183767944
0.0
0.5722710110362758
0.0
0.0
0.0
0.0
0.0
0.0
0.0
0.0
0.5313170223010293
0.5122245000101613
0.04248461291738695
0.0
0.02377237035437499
0.0
0.19435910369046352
0.0
0.0
0.0
0.0
0.0
0.09863026651973757
0.7767120923310236
0.0
0.633789577503789
0.12448914718024277
0.0
0.40249095779077704
0.4368415455305695
0.3488303226414201
0.7805855971523966
0.7931582509371305
0.08872844547301134
0.0
0.796393717415481
0.0
0.0
0.0
0.13594120097259932
0.0
0.22378799153713588
0.3145343898247511
0.2245689860599534
0.8822801141332398
0.2847745466038357
0.0
0.727119358040159
0.22850100212420846
0.0
0.0
0.0
0.0
0.9885870917038428
0.0
0.0
0.0
0.3088985947627815
0.8925784820409431
0.660707697058483
0.0
0.0
0.07245199162920868
0.0
0.23734596265701757
0.0
0.0
0.8456332606931343
0.8305069290803324
0.7308971110887607
0.8544502422767285
0.4100087120053018
0.7594412592597087
0.0
0.0
0.0
0.0
0.09333750458619247
0.6287158174023124
0.0
0.0
0.0
0.0
0.0
0.0
0.987016712146538
0.0
0.0
0.0
0.0
0.9073589272676648
0.37815057192186613
0.6711586626868952
0.0
0.3705263599380175
0.0
0.0
0.9656334239358599
0.35666331083196523
0.0
0.9906363908406391
0.07181270747148549
0.21675252996890698
0.0
0.29863017330866093
0.0
0.109790433894647
0.0
0.0
0.10791173093834938
0.0
0.0
0.2020549767047011
0.0
0.0
0.004513292535778006
0.0
0.3791013843132679
0.0
0.0
0.0
0.0
0.0
0.15892900579096922
0.0
0.17629420787936434
0.3652720309399983
0.0
0.38728039060183894
0.0
0.3442089795650706
0.0
0.3307104737382379
0.0
0.1700307001836077
0.0
0.0
0.0
0.09713361149281091
0.7019221723039544
0.0
0.6071841039598292
0.7419678922896372
0.981390706572959
0.0
0.0
0.0
0.2277388134252953
0.0
0.10193433761871223
0.0
0.0
0.5451101428225543
0.0
0.0
0.3941767506025182
0.0
0.0
0.0
0.0
0.0
0.8643837667435622
0.7724757922392697
0.0
0.395190588969568
0.5504204925667555
0.0
0.0
0.0
0.2281391077780456
0.0
0.0
0.7081794028670215
0.0
0.0
0.0
0.6409441600273157
0.434679676873081
0.0
0.2116900353469317
0.0
0.0
0.0
0.0
0.0
0.4334028360980077
0.0
0.045921135957965126
0.0
0.749004235922843
0.7536506886488702
0.0
0.0
0.0
0.10283739682154827
0.0
0.8770887904579884
0.0
0.0
0.5311376046970979
0.6789735160903259
0.0
0.6077653717156697
0.6715557653909708
0.11816960416900893
0.0
0.26817931177326276
0.3783229184686326
0.0
0.0
0.0
0.1609031074623761
0.0
0.0
0.7687759929896619
0.8372514017809849
0.0
0.0
0.0
0.8135668697879095
0.7433959470278642
0.0691309174421416
0.371811391356151
0.0
0.0
0.21588649739479096
0.3054033716181369
0.40900341754806835
0.5905493498568833
0.0
0.0
0.19470166660633995
0.8205284612571722
0.37221269169917814
0.8401133811907752
0.0
0.8649719325562966
0.0
0.12661182960772568
0.0
0.6970236246817971
0.21930723624970927
0.0
0.20662050394307385
0.0
0.11174694759527665
0.0
0.0
0.0
0.0
0.13619683163605803
0.06606135952478975
0.0
0.0
0.5693053596081149
0.7449796396691681
0.19929324282751093
0.0
0.0
0.0
0.0
0.0
0.39846333068557777
0.6555568518805285
0.7003781401104187
0.0
0.9380338863751247
0.14289444612828422
0.0
0.0
0.2698969876523336
0.0
0.6392425834885979
0.0
0.7382927473795858
0.0
0.738387028669469
0.0
0.0
0.7285665747664514
0.0
0.22849217881071943
0.0
0.0
0.0
0.0
0.0
0.9374395266274607
0.0
0.3880943187404006
0.0
0.4627579241138615
0.0
0.6121872537684049
0.0
0.0
0.7433251523155203
0.2318399843774784
0.0
0.0
0.0
0.0
0.0
0.09720413916302244
0.0
0.0
0.5450396686300031
0.0
0.0
0.2953547275099597
0.14549750557195396
0.49433921226154
0.22230076948547164
0.431270966796887
0.0
0.0
0.25312876912822757
0.0
0.9143420881040699
0.9155107395123723
0.9254140425781253
0.19346006731812915
0.0
0.0
0.039233788643709584
0.153952565223859
0.3573792700196505
0.0
0.8610742678378034
0.0
0.0
0.09470089696277062
0.23560653269557058
0.6735104124070354
0.9571961418000371
0.0
0.20685611545219457
0.0
0.9214958461770981
0.9019382139555574
0.7998237530263491
0.11823105361358943
0.0
0.0
0.5791637021190541
0.31216387103310456
0.0
0.8219080893713168
0.4581366317785805
0.9921914148118648
0.0
0.29377056876769625
0.0
0.47650142744798457
0.1754560926798982
0.3880905813190128
0.9082318831186601
0.0
0.0
0.0
0.04428508612467018
0.05519893258910764
0.0
0.0
0.5512041506351347
0.3238731325932835
0.14491974243603145
0.08209674076057605
0.0
0.42130209278327846
0.0
0.0
0.0
0.0
0.42857593487968315
0.05655743992100066
0.0
0.9159508699563992
0.0
0.0
0.4471368218078995
0.0
0.0
0.0
0.4972756513699299
0.8656995460969117
0.8538122361632371
0.0
0.5762038283653735
0.0
0.8750948690752729
0.980027327136402
0.0
0.039110734549054296
0.6431170896124855
0.8506413684026436
0.0
0.0
0.7584609923819498
0.0
0.0
0.8256943480053329
0.0
0.3117758987695438
0.0
0.5463635354290127
0.0
0.0
0.24376532931406963
0.0
0.3513840007383539
0.0035224997773492766
0.5508564343162767
0.0
0.462775904902428
0.0
0.9521126657988253
0.0
0.0
0.0
0.0
0.25968547239400835
0.8012811564715164
0.0
0.0
0.0
0.0
0.01743691884978596
0.0
0.4797264835568799
0.0
0.0
0.6789456079729292
0.0
0.0
0.0
0.0
0.24622434527852058
0.3439558617208905
0.0
0.0
0.9147972701095158
0.0
0.0
0.5621990520328511
0.2867132347475722
0.0
0.0
0.0
0.9765653977031676
0.0
0.0
0.20075894051822132
0.0
0.0
0.8563596172818856
0.0
0.5938713206063565
0.0
0.0
0.6895143966410593
0.0
0.0
0.0
0.7475571889806347
0.0
0.5812227371162585
0.0
0.0
0.0
0.7464046944195889
0.5949515030414707
0.0
0.0
0.0
0.0
0.0
0.2694913388559454
0.0
0.0
0.0
0.0
0.917388854098842
0.0
0.23651318429854684
0.0
0.2710752912569781
0.0
0.4216379931230279
0.16044255690196388
0.0
0.0
0.7447615646091927
0.0
0.0
0.0
0.0
0.7123716219238571
0.0
0.0
0.0
0.0
0.5988708157947729
0.36082107493986215
0.4052475492162179
0.8577608122621009
0.10648095917775054
0.0
0.45652312393467165
0.17949151786089731
0.0
0.43770935170795194
0.5824860511581361
0.581972812741276
0.0
0.0
0.0
0.3130759646656854
0.0
0.0
0.0
0.0
0.0
0.0
0.46763330688307647
0.0
0.0
0.43913386121254555
0.0
0.2195096770339451
0.13527961703841287
0.0
0.0
0.0
0.9088074609986241
0.4788480828262468
0.42801474425098707
0.75193327370905
0.0
0.2201946720559394
0.0
0.0
0.0
0.0
0.32448268008829745
0.0
0.0
0.17503340384488766
0.17976549669118017
0.0
0.3628639131125307
0.0
0.0
0.0
0.6790502396878044
0.3585034464675032
0.9094859463551371
0.6687595889226203
0.0
0.0
0.0
0.3995676181051932
0.30652223451546345
0.0
0.0
0.16130130701262435
0.6996336538973957
0.0
0.0
0.6757301469288618
0.6897095791662681
0.0
0.2929140479739295
0.0
0.693012921752532
0.0
0.0
0.0
0.3008998973219893
0.7474904733368222
0.0
0.027584491897105465
0.0
0.0
0.690679363282586
0.0
0.8031558795725458
0.4212163293191348
0.8340031811697226
0.7470536803988376
0.5170139170296907
0.09725770663817641
0.0
0.5178295054117366
0.5398682462120696
0.24380904457798933
0.2981831543224892
0.2375870967085656
0.0
0.9434139885865693
0.8837247360316004
0.3608312084320117
0.2513149218650699
0.03743059136833224
0.40768524975285947
0.5294623846405644
0.8057629899080445
0.0
0.6891093190662905
0.9137723947113108
0.0
0.4256485127251951
0.6997204419595744
0.6161127976423103
0.19643020758439117
0.0
0.0
0.8255413751457261
0.0
0.0
0.10933682166089685
0.0
0.45847114827406515
0.16068246916773765
0.0
0.8949027494387385
0.6074050789332535
0.6303575908487873
0.0
0.01852131582491042
0.0
0.3540111673301909
0.7787369901153349
0.37596766911609414
0.0
0.3970005429966124
0.0
0.0
0.02124737538380089
0.09313215069926861
0.0
0.0
0.0
0.0
0.9546546711673122
0.0
0.0
0.5366885860419786
0.5605618614460118
0.0
0.0
0.2681075088615728
0.0
0.526673142266415
0.8133006317191344
0.0
0.0
0.0
0.7170012085321373
0.0
0.3867849077235608
0.316642640081613
0.0
0.5093422566691674
0.0
0.7540227733327375
0.7337711839230925
0.5621664381511372
0.0
0.0
0.23254785553365798
0.7852597656595482
0.0
0.20437455972882956
0.5925338036107097
0.0
0.0
0.0
0.0
0.2635664675035707
0.0
0.0
0.0
0.1556775080286526
0.0
0.7005544208064267
0.0
0.0
0.0
0.22473815414210835
0.8298798882290804
0.0
0.0
0.31402881876399386
0.6876358984145937
0.6376039920475743
0.0
0.7429574556089538
0.0
0.0
0.0
0.0
0.0
0.0
0.38873454867067253
0.814137313144012
0.0
0.907421595544965
0.0
0.0
0.0
0.30124885283976
0.0
0.0
0.09371981426193385
0.0
0.0
0.04977588644451422
0.0
0.10910608936007257
0.0
0.0
0.0
0.5679513115009653
0.8078257239887239
0.1810698774659956
0.0
0.0
0.9190369396120487
0.0
0.05727010587876974
0.3481411652566053
0.988851684997143
0.27448090505485495
0.122649339915997
0.0
0.0
0.5956590459646821
0.7446036762198477
0.10836304277211808
0.0
0.0
0.0
0.3451801941484969
0.0
0.6774169597004037
0.48484906192474647
0.20071562993454728
0.0
0.0
0.3579663915582134
0.7231408930429426
0.16539286252804783
0.0
0.0
0.0
0.0
0.0
0.08239731257128817
0.0
0.0
0.836415290526881
0.621477466384316
0.0
0.0
0.0
0.0
0.0
0.5417591645576806
0.429280299833419
0.0
0.0
0.40241285060750914
0.7069789523519585
0.2705581259642479
0.4136031652391095
0.0
0.5219362547660167
0.0
0.8343758333242228
0.0
0.46856021958502897
0.0
0.15631167881101796
0.050748756129729226
0.0
0.0
0.0
0.019456746925794053
0.0
0.0
0.6656932964829602
0.47020505517760797
0.0
0.0
0.621717015194491
0.2702297247237916
0.0
0.2801944195610298
0.6497350857911501
0.0
0.36825368440993306
0.0
0.0
0.23169017669648248
0.0
0.2327377059092893
0.0
0.17993108827355686
0.0
0.0
0.07110488202301492
0.0
0.5706058439669379
0.0
0.0
0.46228389302987455
0.7282960257629972
0.0
0.0
0.0
0.0
0.41371251198312076
0.0
0.09522915584462253
0.2918725548400426
0.8032574820293679
0.0
0.0
0.0
0.0
0.0
0.0
0.0
0.04939423066516279
0.0
0.0
0.8854111745909784
0.6367646434346965
0.0
0.0
0.5915002173782494
0.9131428702206205
0.0
0.8906685672445984
0.0
0.41282482053439806
0.0
0.0
0.0
0.8961561364670165
0.0
0.0
0.0
0.0
0.0
0.8020808077450843
0.0
0.4787905780324178
0.4942401722943657
0.21225886665215024
0.5960246149546005
0.10942057925549224
0.0
0.0
0.0
0.0
0.0
0.5414073177849406
0.47413510819209115
0.0
0.5169382334139331
0.0
0.0
0.0
0.8625829944162839
0.4602562714982534
0.0
0.0
0.832875087562562
0.3239280386909173
0.6908028669165198
0.7183185265181996
0.03294923465064751
0.2996080514214224
0.0
0.5032866220751997
0.0
0.767399614042655
0.0
0.8910113285666555
0.0
0.7466201805683528
0.8756737799441355
0.48475324554315397
0.9825258976634317
0.905274772097605
0.06487623405886542
0.0
0.0
0.14349334636412323
0.21356375945053863
0.7334933594972669
0.0
0.7996560507898255
0.0
0.0
0.868721034414524
0.0
0.9683469665175246
0.0
0.0
0.0
0.0
0.133062021185893
0.8587032430926137
0.0
0.745115134973282
0.6039024123112173
0.16735870350528378
0.0
0.6444430028036052
0.7271813904542537
0.7929373309858397
0.9678002420211631
0.6510676803308231
0.0
0.0
0.0
0.3233519787780481
0.580244074616733
0.0
0.0
0.0
0.0
0.7772650305321642
0.3451529455551666
0.0
0.7464945036933733
0.7321382189996744
0.6376549119786726
0.0
0.6916029385935112
0.0
0.0
0.0
0.8661596993982592
0.0
0.5948747465315242
0.9152060455374259
0.0
0.6769078107554057
0.6864718035173143
0.0
0.6772745859985749
0.7483498184275705
0.0
0.0
0.0
0.0
0.0
0.0
0.0
0.7899076423037563
0.0
0.5867826073837439
0.0
0.7505693390081958
0.0
0.3357403182741829
0.9820848396683574
0.0
0.8801235144344087
0.40372721109919946
0.6999850196715788
0.0
0.5664007571042428
0.16457080863811818
0.37741387359771167
0.0
0.0
0.0
0.38099340575033896
0.0
0.9238016976861627
0.8948152163991867
0.8914554439912631
0.0
0.0
0.0
0.5313162203175898
0.0
0.2585305924857148
0.0
0.5691355896776201
0.6169258960630316
0.0
0.0
0.0
0.0
0.7496865085051958
0.0
0.5228246178262774
0.7463821756127692
0.0
0.1293468615949847
0.23835490281275346
0.0
0.3033546741664574
0.29145492694533065
0.0
0.0
0.0
0.0
0.0
0.0
0.0
0.5896920665889106
0.56431241260493
0.6053923363997903
0.07429965813215791
0.0
0.0
0.0
0.0
0.5300563833824056
0.6239210532816971
0.0
0.31819328721968027
0.0
0.01818333211132889
0.6324330768628915
0.7910768731313315
0.0
0.8398911050185608
0.0
0.14992475566942767
0.0
0.10678511980830949
0.9105144787820546
0.0
0.07255065963494667
0.3134690566750071
0.0
0.8156507850826674
0.9435002834489057
0.7604357124912049
0.21812431983616726
0.0
0.0
0.5468061227041459
0.0
0.0
0.0
0.0
0.0
0.0
0.3007632306466575
0.5600292525052643
0.0
0.9317591196040489
0.47011058859489846
0.0
0.0
0.0
0.46464520170269163
0.0
0.0
0.4495105806013105
0.0
0.12537727275610178
0.3388663406037067
0.2970579682098221
0.0
0.0
0.6987112683265078
0.0
0.0
0.5231111794496812
0.723080901751012
0.0
0.18137613054803
0.15335315161119473
0.8633334344162356
0.0
0.0
0.0
0.0
0.0
0.0
0.21494308875789844
0.8307479268860564
0.0
0.08611860964643604
0.10042246662438638
0.0
0.48828793140058774
0.09315949845524112
0.1662496869180296
0.0
0.08110393654329257
0.021501803395473886
0.6904844180311766
0.3993494124328314
0.3454483078080248
0.12868233470894436
0.0
0.0
0.0
0.0
0.0
0.7578300648204682
0.8110727567036443
0.0
0.0812046922009702
0.0
0.0
0.0
0.641610179215523
0.46877564114309866
0.0
0.0
0.8328489539472568
0.22952837535301762
0.08241983627731109
0.7943421442423271
0.2952878375220315
0.06528458422464303
0.0
0.0
0.5183675895861272
0.0
0.0
0.6640783150412384
0.016631194417589618
0.0
0.0
0.23461714677928772
0.3004245242198955
0.2117526411840373
0.21126544170104128
0.0
0.9194590363603513
0.8212711946900033
0.0
0.0
0.7811234171442666
0.0
0.0
0.0
0.0
0.0
0.0
0.278895089852726
0.0
0.0
0.7471944770599407
0.0
0.4669075862262442
0.0
0.0
0.5881361158488205
0.9073630780400044
0.0
0.0
0.38774851780823466
0.0
0.22429330818077028
0.0
0.2461248783551604
0.0
0.07782207362227947
0.0
0.0
0.0
0.29514574926135173
0.0
0.0
0.0
0.0
0.0
0.0
0.9677598918949737
0.08085681815602203
0.0
0.0
0.19521901210192985
0.19735066721840597
0.2789080858184443
0.0
0.35596300306057405
0.6613121765617337
0.0
0.0
0.6685573742643532
0.20299345407469924
0.0
0.19930786305342005
0.8956583008162401
0.0
0.47200065742877784
0.30653614530494155
0.4580864140848903
0.0
0.0
0.5304899184832976
0.14738391082598618
0.7868332324559403
0.0
0.0
0.0
0.0
0.7250662586618857
0.0
0.0
0.8731268224016403
0.0
0.8569185197323018
0.8857276265849375
0.0
0.7186778156983991
0.43512599601362345
0.0
0.931421693613539
0.08311221841740382
0.5545645220054348
0.0
0.0
0.0
0.5527683368477732
0.16670065199658424
0.0
0.6181970188317567
0.5547810171743979
0.3428357762270086
0.6495440969999653
0.0944299693373167
0.7197473399571552
0.37615046570450755
0.560253298769195
0.2707023286302373
0.7634916111439287
0.0
0.3027653608896023
0.3225021928911779
0.07691239464209375
0.0
0.17295552152155652
0.0
0.0
0.8251271334962514
0.0
0.7330797252649077
0.19470840672720652
0.5083635862301903
0.0
0.0
0.0
0.0
0.0
0.2543374033086953
0.0
0.10526029401427897
0.0
0.1544962224908688
0.0
0.0
0.0
0.0
0.0
0.3050202496478348
0.0
0.0
0.0
0.91878135485482
0.5876053106603685
0.0
0.0
0.0
0.6695220449905489
0.0
0.0
0.0
0.5926891769414354
0.0
0.8575936354003709
0.4761992617897892
0.0
0.0
0.0
0.5946984561690154
0.0
0.0
0.8294624348956755
0.0
0.8312841824993503
0.0
0.0
0.8369494060414336
0.0
0.0
0.0
0.10483332384430935
0.0
0.7614396675585119
0.9721745630125515
0.0
0.6183860955122727
0.0
0.22057765585150868
0.0
0.0
0.0
0.3805465479904127
0.0
0.44602515914014274
0.0
0.0
0.7481684452863219
0.0
0.0
0.0
0.0
0.0
0.22658235076381764
0.3409835603609963
0.0
0.0
0.16028387841549402
0.0
0.0
0.0
0.0
0.661492165564407
0.005087396001200741
0.0
0.10840350619204597
0.0
0.0
0.9649677313764521
0.0
0.0
0.0
0.0
0.0
0.0
0.0
0.7449323339162791
0.0
0.6680841797297636
0.0
0.0
0.0
0.0
0.67535833282622
0.0
0.9041783212768776
0.2296294503555038
0.0
0.13045488065837146
0.0
0.4891545418665191
0.0
0.0
0.6325292767982311
0.6664716190083738
0.25795239605721093
0.0
0.3855471315832241
0.0
0.0
0.0
0.39036100503392107
0.0
0.0
0.0
0.0
0.0
0.49342274374454337
0.0
0.8213668626153432
0.03312305931335186
0.0
0.0
0.5294899874497141
0.640751610513638
0.5289548157792442
0.6678926075109005
0.0
0.0
0.26668478992312306
0.7260577600817602
0.0
0.659540352994613
0.14720011824275706
0.0
0.0
0.0
0.0
0.0
0.0
0.0
0.0
0.0
0.0
0.8379256909559036
0.0
0.12868679303760341
0.0
0.8318921469354991
0.5016484074047491
0.0
0.12934031648366376
0.0
0.0
0.5046506519110102
0.0
0.0
0.27975919616537936
0.0
0.0
0.0
0.0
0.6771182654142867
0.0
0.047080751231146196
0.0
0.8811868338363701
0.0
0.14651327899237454
0.7048655736918323
0.975160083617929
0.1617120199406618
0.0
0.03475293645986513
0.2594449848965228
0.0
0.0
0.1924261284057228
0.4395120734238212
0.0
0.22173536854794168
0.5189212864532041
0.9254999661132227
0.6065715782847751
0.733853399401042
0.0
0.27531233436578234
0.9195181076242949
0.0
0.0
0.6894613970263191
0.3541833297248716
0.0
0.0
0.7360899775198899
0.319449879972866
0.9512063397008268
0.0
0.0
0.1746025439006792
0.0
0.0
0.0
0.3580547639650808
0.0
0.0
0.3707260073112666
0.18069037155755777
0.0
0.0
0.25705680689237603
0.0
0.0
0.7319301018064475
0.24186500942206557
0.0
0.0
0.46590261430377344
0.0
0.37916401709084924
0.7079394112679279
0.8440259506647101
0.0
0.015377392981841015
0.8661243581685655
0.0
0.2851494085247491
0.657754651144234
0.0
0.0
0.0
0.2506479876102943
0.0
0.8665276511410268
0.0
0.7547569794566649
0.5567460393251029
0.0
0.0
0.0
0.0
0.8067466144953384
0.8866701949328684
0.6942403368281062
0.0
0.4324838764509925
0.0
0.0
0.4288861769558569
0.0
0.0
0.3864029353876059
0.0
0.365083229477338
0.0
0.0
0.0
0.0
0.0
0.6746681744770627
0.0
0.04624908181355094
0.7466931519711542
0.0
0.0
0.3364860363355361
0.6148123109791277
0.0
0.3773056994419433
0.0
0.5579897498791734
0.0
0.0
0.34227289951571477
0.35792137521317186
0.5256365609344531
0.0
0.0
0.0
0.633318049953267
0.0
0.0
0.0
0.0
0.5877091480848631
0.05014831373493034
0.0
0.8038443879620802
0.0
0.7060937458357298
0.0
0.0
0.0
0.43632080872587325
0.0
0.0
0.0
0.0
0.0
0.9784705441633199
0.0
0.0
0.2294118021019244
0.0
0.5009938826945735
0.5261378174262064
0.0
0.8265074690475033
0.0
0.3603110426677036
0.7351504445050597
0.931094380123554
0.0
0.5328134887096417
0.0
0.0
0.0
0.0
0.7469490248050945
0.0
0.06661268799169065
0.3004019409071773
0.26793205927610353
0.48001155228916553
0.0
0.6001245717956502
0.0
0.0
0.0
0.0
0.0
0.0
0.5368571654211723
0.0
0.3484021152238046
0.5955358092738057
0.45345054724759964
0.7553620795659849
0.0
0.2957237796620289
0.3033233921967891
0.0
0.2009545512591394
0.0
0.0
0.49609695521605446
0.0
0.0
0.11997170473133204
0.2492300557724829
0.47527318205131924
0.7160439983090088
0.14752634131305514
0.8850876523543625
0.8966826923651062
0.0
0.0
0.0
0.20559410512579795
0.3806933686752255
0.5871187834675125
0.24290359703178535
0.023213405010089682
0.01593340313793464
0.4500780595822825
0.0
0.0
0.0
0.6719319348547055
0.3023000755479712
0.0
0.7200974984512211
0.0
0.4760466879580868
0.0
0.795829358672895
0.0
0.0
0.0
0.26222578358037324
0.0
0.8047827315827535
0.0
0.0
0.2329977085675329
0.0
0.0
0.0
0.0
0.0
0.0
0.0
0.03955753257232954
0.0
0.0
0.0
0.36029306082794227
0.43584750910177644
0.0
0.6465784006752399
0.0
0.0
0.0
0.21821289413226327
0.5015180450658141
0.0
0.7663373446663698
0.6138719913981164
0.0
0.4051617886153772
0.0
0.0
0.800310270435327
0.0
0.0
0.7795887127408375
0.0
0.8053467741883419
0.7622160660633435
0.18024644142337937
0.0
0.44103602310805473
0.0
0.22373024474213057
0.4614277666755019
0.5680959980092904
0.06021256236916829
0.8852230123586105
0.0
0.0
0.0
0.0
0.0
0.8411987684187178
0.0
0.06255511950019436
0.9422442014332414
0.504615120167105
0.017076428782057042
0.2301659958516602
0.0
0.1230728593862182
0.1771879437640362
0.8017247833154664
0.27941495013792966
0.0
0.9554172426621409
0.8799909680221953
0.5170370415056821
0.0
0.0
0.005260727299297916
0.0
0.8322106727139449
0.5172655141310731
0.2442643296925477
0.0
0.9371030771352812
0.0
0.03325774375787892
0.0
0.0
0.0
0.0
0.0
0.24984805119848086
0.2129629789950643
0.0
0.41541533629345706
0.0
0.23084036728123503
0.0
0.3932851500848706
0.0
0.0
0.0
0.0
0.0
0.0
0.45477414938412386
0.39090705742981524
0.0
0.0
0.0
0.0
0.8481191639882394
0.6076176172956788
0.0
0.0
0.0
0.0
0.0
0.0
0.8479060605817773
0.0
0.0
0.5702080347451673
0.8303142551635735
0.6309684511178836
0.6484308521391948
0.0
0.0
0.0
0.0
0.0
0.0
0.0
0.0
0.6006705261766129
0.46610511070640254
0.0
0.0
0.8341349177751178
0.4169718807402415
0.0
0.7652003484173587
0.0
0.0
0.0
0.0
0.0
0.0
0.0
0.0
0.16285196952016434
0.6454837490175606
0.0
0.0
0.0
0.0
0.010099234257702474
0.7039449756117396
0.23924728340289447
0.06683717790552224
0.0
0.0
0.11054509198927297
0.0
0.0
0.0
0.0
0.0
0.9396020548255595
0.073867587999734
0.5037560951420871
0.0
0.01553527023647301
0.4736804212262901
0.4018498494667972
0.0
0.0
0.0
0.0
0.026213921452065112
0.0
0.0
0.3518144438103077
0.637668383804657
0.5965540732788481
0.0
0.0
0.9374628874291037
0.0
0.7989815803518581
0.0
0.4786170205871478
0.0
0.6804560137984164
0.11028802603424341
0.0
0.20519287387839386
0.0
0.0
0.0
0.0
0.0
0.0
0.0
0.5411621973665247
0.0
0.0
0.44736457443622407
0.0
0.30944631187661686
0.6581624371168009
0.12864807345274215
0.0
0.0
0.8124925477831142
0.9099738523121763
0.0
0.0
0.6546092830524561
0.0
0.0
0.0
0.502678138730816
0.6264924668063502
0.0
0.7685880075943188
0.0
0.571085578138916
0.0
0.0
0.0
0.11020235366091401
0.0
0.0
0.5328835321986016
0.2587199494685118
0.19385157106875228
0.4010136107292995
0.0
0.33116945333220016
0.09688936154221747
0.698358058699591
0.6723008062166647
0.011624500595653045
0.0
0.0
0.06125351424423171
0.37933370957004303
0.0
0.0
0.0
0.0
0.0
0.0
0.0
0.8657890994100131
0.0
0.0
0.9772909169733192
0.7709400941132879
0.0
0.0
0.2128136301907955
0.0
0.3024165857725473
0.0
0.0
0.0
0.0
0.0
0.057871151651347326
0.8494806947098522
0.0
0.5019965134775922
0.0
0.15124940631036898
0.0
0.6067981662357481
0.0
0.0
0.0
0.0
0.36788252263289223
0.0
0.27342041252878574
0.0
0.27466991434085114
0.0
0.0
0.5895344608319795
0.0
0.0
0.7806072886199117
0.5698256022833191
0.20014806304518512
0.0
0.07994673304117579
0.0
0.0
0.6401030252339622
0.02689746274199442
0.815587652786486
0.10108231822439927
0.7256469412331383
0.0
0.13253467504517574
0.0
0.0
0.8497692791771831
0.0
0.0
0.35682748329534014
0.2887295358510178
0.08958860064405047
0.0
0.4525634721680138
0.0
0.3671919266552387
0.22463035172130405
0.0
0.0
0.14337930679803193
0.5557103724524055
0.0
0.0
0.0
0.19704237388022394
0.0
0.5269723442689905
0.0
0.6280347940596701
0.5887579136344385
0.6417339095443454
0.0
0.0
0.0
0.8631633019028118
0.21619439924366804
0.6800139166788194
0.0
0.725321451767973
0.8407895911110227
0.0
0.5819734959302153
0.144602668836344
0.0
0.0
0.0
0.0
0.8550935764660652
0.0
0.530857181686314
0.9308776967047458
0.0
0.875742010918242
0.24844174123472745
0.0
0.5553747989814718
0.6741436646640132
0.2404740105552262
0.7877784374077205
0.9850751522830684
0.0
0.013804489032076497
0.0
0.0
0.7173744878708266
0.14628270687357758
0.6545977309879797
0.0
0.0
0.571478631073274
0.0
0.24312173401634146
0.1581933440450355
0.07792425307661786
0.0
0.0
0.0
0.10602659356550785
0.33006622646688194
0.0
0.0
0.0
0.0
0.0
0.13208221711311866
0.0
0.0
0.03550435324546489
0.753624980416477
0.9050528201741604
0.34864320089508405
0.924143488442872
0.0
0.0
0.0
0.0
0.6523326520490694
0.0
0.6188375268679942
0.9186439848663686
0.0
0.23765657517766522
0.0
0.10773278418343084
0.0
0.0
0.0
0.9503628516772548
0.2427476139282739
0.0
0.0
0.0
0.7657569588144598
0.0
0.0
0.007763155758920803
0.0
0.0
0.0
0.6720949620501883
0.0
0.0
0.2970084608573722
0.0
0.3579653257286113
0.9348228309672437
0.0
0.3906052354332237
0.0
0.0
0.0
0.0
0.0
0.6788380930470496
0.6927020675985334
0.6474138866296805
0.0
0.06130587305928664
0.2710226779496745
0.0
0.8810250719078836
0.0
0.3915855074421326
0.0
0.0
0.8182896130456659
0.9003550086911989
0.0
0.0
0.0
0.0
0.6846425020861024
0.0
0.0
0.716072687506989
0.5856315296471729
0.0
0.30926124674499017
0.0
0.0
0.0
0.0
0.0
0.7997289066098758
0.0
0.6366610467225983
0.0
0.0
0.4739783341310406
0.40498165765466787
0.0
0.0
0.0
0.3455522839856964
0.0
0.47147746890833175
0.0
0.0
0.0
0.0
0.0
0.0
0.4113017740860834
0.0
0.0
0.21787451416709344
0.21093624668017916
0.0
0.0
0.0
0.29265811035884004
0.0
0.0
0.3969889187186769
0.0
0.0
0.919957993849434
0.0
0.9582923602128806
0.0
0.0
0.0
0.5976624395897395
0.0
0.3649888909380684
0.0
0.5296725366439902
0.8063273782887869
0.3747266993760077
0.0
0.0
0.14820516807790352
0.0
0.0
0.0
0.5688638443923357
0.0
0.8108702504330094
0.0
0.35407217881331454
0.0
0.0845353063733813
0.0
0.0
0.0
0.0
0.4057544107296256
0.0
0.0
0.060333451586864206
0.2554889400320195
0.4375067056134788
0.0
0.581222224973743
0.0
0.0
0.0
0.0
0.48780480237831786
0.0
0.8194383386064404
0.0
0.0
0.4470731328294828
0.4837078902591851
0.18433302552194158
0.020446945115754196
0.3325092638215761
0.7020669126046012
0.5653731926120628
0.0
0.0
0.40972790176175067
0.4313593894458802
0.08145926683118192
0.5875326456596571
0.6107031095891248
0.0
0.0
0.0
0.0
0.0
0.8016848678684341
0.5614010499516635
0.9312130395402023
0.3881101390514641
0.0
0.0
0.0
0.0
0.47416069562927826
0.2512770886614585
0.0
0.0
0.4869525051128749
0.0
0.7485580471855999
0.0
0.0
0.9059056330944877
0.0
0.0
0.8706495529540638
0.10797485591461481
0.7827445367895779
0.0
0.0
0.6161812310577637
0.0
0.0
0.0
0.0
0.0
0.0
0.0
0.5076754158628468
0.0
0.0
0.0
0.8497509444475131
0.6877001512705249
0.0
0.0
0.3529606820271171
0.0
0.0
0.2504266714899579
0.0
0.0
0.3384648094845073
0.0
0.5989891622900477
0.6319402263825885
0.1475921335636202
0.0
0.0
0.09400205354900293
0.4648733365939622
0.0
0.09883394707578483
0.0
0.0
0.6865125444578064
0.9840307515178983
0.6473890290141848
0.09214607590291467
0.0
0.26939792640336685
0.0
0.8115253989071168
0.0
0.7753491511515761
0.0
0.36899503529040933
0.0
0.0
0.24285100676024315
0.3718995716600796
0.5583977513343885
0.0
0.0
0.0
0.12237091831559034
0.798545057960322
0.0
0.08599997367638072
0.0
0.33013813780937634
0.0
0.0
0.0
0.4805130750111063
0.0
0.0
0.8535753008644156
0.6163074553993027
0.8464066884515103
0.11926505355753601
0.0
0.0
0.0
0.195120875303015
0.9238801794371426
0.4069613666032557
0.13870764615001943
0.3473996570496298
0.0
0.0
0.8266280605467391
0.46515361183357934
0.0
0.34803280915802726
0.0
0.0
0.0
0.7686716705773643
0.0
0.8749451061436458
0.0
0.0
0.3345713650358594
0.0
0.221069845504849
0.0
0.0
0.7664966801222468
0.0
0.0
0.0
0.5495286492065554
0.557251261356612
0.0
0.0
0.0
0.0
0.0
0.23642679974484948
0.7721080068684247
0.593343832588862
0.0
0.0
0.0
0.0
0.7299799961870027
0.20390670726744506
0.0
0.015672997244800063
0.0
0.45900515763929783
0.17200665775594653
0.41105569873905246
0.5979963545174369
0.0
0.0
0.0
0.07281024506865702
0.0
0.5011628494210387
0.5200447100539174
0.0
0.37204155713066306
0.0
0.07461264863997216
0.0
0.9374097516288693
0.0
0.011561799602403791
0.0
0.8105068467429141
0.0
0.0
0.273178820819818
0.0
0.0
0.0
0.5305725071806732
0.8466184239952445
0.7936814927598363
0.7979105769316953
0.346929147986595
0.0
0.0
0.22563602162143043
0.0
0.6032591059070362
0.0
0.5874908176901974
0.6091476289974511
0.9918316983147506
0.4127538313576482
0.9398355339623347
0.0
0.36633219010421614
0.0
0.0
0.21719037326504878
0.9508202983915822
0.0
0.0
0.007969562530579566
0.19352843227049996
0.0
0.4832053838085858
0.0
0.09013302062403472
0.0
0.0
0.0
0.0
0.0
0.0
0.49995413626623203
0.0
0.0
0.0
0.7453070440537771
0.9946133845722083
0.9788459698025996
0.3743964366802753
0.19883003825434267
0.9239900538585745
0.0
0.17680898295853772
0.0
0.7613792866348534
0.20311812195249443
0.0
0.0
0.4609734513584656
0.2532279746446722
0.0
0.0
0.0
0.0
0.03455065202145624
0.12661075730721877
0.0
0.48791087198937305
0.0
0.0
0.0
0.2506386251709051
0.020855553583506298
0.17919141863866273
0.5869801748665768
0.857945735409278
0.9624662102467364
0.6123913088913325
0.0
0.04138309148887789
0.7468994245491561
0.0
0.0
0.34082275907871634
0.023046447512403416
0.0
0.0
0.0
0.2537631380557443
0.9233795962189312
0.0
0.444844204929619
0.0
0.00805106974156297
0.1378768660729111
0.8318835982407239
0.0
0.9295212559834164
0.0
0.14427675882330598
0.9208210896948054
0.5342868472402571
0.0
0.2055352004985072
0.0
0.0
0.02793103108603631
0.0
0.9138815725408397
0.0
0.0
0.0
0.587657190409552
0.0
0.7059522522535816
0.9598398266650969
0.020719888741700533
0.3908582528430858
0.5061744673612739
0.2253475307232515
0.0
0.336320447985738
0.0
0.0
0.7259147124164392
0.0
0.6898076436361867
0.0
0.0
0.047373434711833605
0.0
0.6325631299657128
0.0
0.0
0.0
0.3303955839135645
0.0
0.0
0.0
0.7925249176203221
0.0
0.5697653044675409
0.0
0.0
0.015694717336808887
0.0
0.0
0.0
0.0
0.5516889463931062
0.5177987441497727
0.3933537702062657
0.5167650453051934
0.0
0.0
0.6539171235926282
0.36005901303302057
0.0
0.0
0.9255298538225731
0.0
0.6661574638256822
0.8909012785193952
0.0
0.0
0.0
0.0
0.864008328529307
0.3782959344812936
0.5872526901072255
0.69577918042849
0.0
0.0772925129962788
0.15738511536940755
0.23391075999128208
0.0
0.0
0.0
0.4775054533478977
0.39421270403279496
0.6867294662328438
0.0
0.0
0.6239536972653352
0.0
0.2133854185739995
0.4540246276870461
0.0
0.0
0.0
0.0
0.6158422650207208
0.0
0.0
0.05588576386058051
0.0
0.0
0.0
0.3142795948863987
0.0
0.4843144730130713
0.0792395842138383
0.792389412122173
0.15708518569464075
0.9027154685732067
0.0
0.24266545858238758
0.0
0.0
0.0
0.3657156645445213
0.6200311498076189
0.45140224733197304
0.8993090857045438
0.0
0.0
0.0
0.46626807857489366
0.0
0.0
0.0
0.0
0.0
0.0
0.0
0.0
0.0
0.1850892497377476
0.0
0.817354468918695
0.0
0.8309369105745636
0.0
0.0
0.0
0.9096420534951946
0.01591580017342479
0.523861109887946
0.0
0.0
0.0
0.0
0.30473350488869805
0.0
0.08268505930244187
0.6868684728023406
0.5422945327059698
0.18409714100344593
0.0
0.8093559807686308
0.48899168750062155
0.8155395059315047
0.20484359976848376
0.38011214178185715
0.0
0.8403179809955516
0.0
0.0
0.0
0.9183923316409253
0.7162025360716223
0.3449692761320961
0.1806222362254895
0.0
0.6642075200718852
0.0
0.0
0.2928519118693628
0.26485448686599256
0.724009643273072
0.0
0.0
0.9780503974909412
0.582833773899513
0.0
0.8780924334921136
0.0
0.5519874578440642
0.0
0.0
0.0
0.44735421916348417
0.7277527912875906
0.801503302640813
0.0
0.0
0.751636145930619
0.2102335593704025
0.23496943185258437
0.0
0.7358668660463834
0.0
0.6642517589822668
0.0
0.5621835215477694
0.0
0.0
0.0
0.0
0.0
0.0743726216263842
0.0
0.21160307049981264
0.5450410575755344
0.6153994721390862
0.38729684637554584
0.6403349282989793
0.0
0.16200870461963698
0.6945006876459768
0.0
0.6773820946747684
0.0
0.0
0.0
0.22945614312722104
0.0
0.36838504278264766
0.0
0.0
0.0
0.22535945022414822
0.0
0.0
0.3992467188009575
0.45321587356091575
0.0
0.0
0.0
0.7411746489620891
0.9239972430695228
0.3417571487449663
0.9376006846559951
0.6564003160287264
0.5115627745378682
0.32328038854348773
0.0
0.33044519286718016
0.0
0.12914762780158556
0.0
0.0
0.0
0.56135615376524
0.0
0.0
0.0
0.030138173688155634
0.0
0.12575272818798153
0.4520901390074145
0.0
0.0
0.19636422281459923
0.0
0.06090104297382472
0.9680186386181414
0.0
0.0
0.0
0.9621509210215415
0.0
0.0
0.0
0.051173642541377816
0.0
0.9738160691107518
0.0
0.0
0.5479164792324444
0.8753206087996539
0.0
0.0
0.3549176086583427
0.5099559410751748
0.22916870626958405
0.356397402463995
0.9123087386478017
0.0
0.4543879544245616
0.8291287453981004
0.8239093227664082
0.42051046173671197
0.0
0.0
0.0
0.0
0.0
0.6468744572387367
0.0
0.5116142070310741
0.0
0.0
0.17201012519449482
0.0
0.8085630058230641
0.8455411550249198
0.0
0.0
0.7735931480137507
0.0
0.0
0.8174302124271978
0.46594578961942923
0.0
0.0
0.7268161860538
0.5537611384333953
0.0
0.8393179326069882
0.0
0.056630300609529664
0.7808351396979012
0.0
0.8572040515082471
0.7092637259803907
0.6920729581768499
0.5498535138169233
0.0
0.9393435908101017
0.0
0.29421687531369617
0.7532064272912106
0.0
0.13754272970195436
0.0
0.0
0.0
0.0
0.0
0.0
0.7461475445179048
0.1448366712684725
0.6717281573985627
0.0
0.6044148412724141
0.8026454080237793
0.2869739939012817
0.0
0.821717971163546
0.0
0.2667545441122181
0.0
0.0
0.0
0.46871199848957107
0.19026491752287178
0.0
0.0
0.0
0.0
0.7147320618149208
0.22736327292815672
0.0
0.17292704604948655
0.4843146522288392
0.7478860401527994
0.0
0.3803803817047718
0.0
0.0
0.0
0.0
0.0
0.12533978189955908
0.0
0.0
0.0
0.787842691449839
0.0
0.0
0.8896661134316531
0.43368169223791075
0.6960376463397812
0.0
0.3074329917966938
0.0
0.0
0.7607908020978218
0.3958672050847909
0.0
0.7220605517786803
0.5263795206991023
0.4418607596909004
0.26314879490902127
0.0
0.9086490352124433
0.0
0.0
0.5800944748699467
0.0
0.0
0.0
0.0
0.6131831028465603
0.0
0.35258464309562193
0.0
0.19145316200123005
0.38406480739240156
0.07322682250030849
0.5553865643554284
0.0
0.0
0.003988723586987376
0.0
0.1513099488684682
0.7473789183794527
0.8015326002337588
0.0
0.14709885359540997
0.0
0.8045827494243115
0.45586076673551507
0.0
0.6459544873746341
0.0
0.13820531607812658
0.446920763475434
0.0
0.46179857602071295
0.0
0.0
0.4083503297552151
0.0
0.17718924052755586
0.0
0.4992011251238759
0.46237519409255096
0.0
0.0
0.34480870384919904
0.0
0.27380730635515277
0.0
0.4391254690153178
0.0
0.5548128837247487
0.0
0.0
0.0
0.5838375359771505
0.0
0.0
0.08407715410447965
0.0
0.7962695434260871
0.0
0.0
0.6107186788291993
0.0
0.16895260757830421
0.0
0.0
0.6456865006773657
0.0
0.9178525693123721
0.0
0.6975136104676541
0.7022600860629822
0.0
0.0
0.0
0.0
0.0
0.0
0.0
0.1812020677911567
0.9205704808370384
0.9203100247721276
0.0
0.0
0.02645121578169251
0.7533190055113186
0.6451864386522858
0.39295485809199837
0.08377997751248605
0.0
0.0
0.0
0.8766251499000857
0.0
0.0
0.0
0.0
0.501264835375734
0.0
0.0
0.6569018046365326
0.0
0.30643187784724696
0.13921933715591067
0.0
0.7097737692896295
0.643432256350803
0.0
0.0
0.0
0.0
0.0
0.06949719561418227
0.8585644452909506
0.0
0.0
0.2688343123322073
0.17771757937804028
0.0
0.0
0.0
0.84932620458632
0.5625033747191053
0.0
0.0
0.0
0.70519529691268
0.9208976005365566
0.0
0.0
0.14362475663669677
0.0
0.0
0.0
0.0
0.14592827095453045
0.0
0.2441037132182005
0.8270424453497366
0.0
0.0
0.0
0.0
0.5277588887042269
0.023428503294335927
0.5676002609719756
0.3564576869138054
0.0
0.0
0.0
0.0
0.0
0.0
0.5868878232696085
0.0
0.7217893658398373
0.0
0.6624158039975345
0.2891473515757644
0.0
0.0
0.6219717356139391
0.0
0.8692796652992119
0.7545901707606082
0.0
0.7929309693637228
0.0
0.8056320226264336
0.3687576567103859
0.07953626783521044
0.0
0.0
0.5999015479887572
0.5777875757777815
0.6763068586001345
0.16822201823804087
0.0
0.12269713025592241
0.13354111754464335
0.2975441870473347
0.0
0.0
0.7390892989916407
0.0
0.248225981450696
0.0
0.0
0.6518883669083283
0.0
0.0
0.39155161334292293
0.0021727960378801372
0.8926522379505497
0.3918948846996329
0.0
0.0
0.0
0.5150671182535214
0.7393221772194556
0.0
0.0
0.0
0.0
0.4526113656877033
0.0
0.0
0.0
0.7351409150458466
0.0
0.19929205847506337
0.0
0.0
0.9054134865507993
0.0
0.0
0.05806116214807138
0.12096020907750515
0.0
0.0
0.1423981218454891
0.0
0.0
0.0
0.0
0.6070841895177147
0.2701383719655448
0.0
0.0
0.0
0.3814214114613915
0.0336232688387713
0.0
0.1915805042949495
0.08473298199740505
0.2623410622505163
0.0
0.6403169762972359
0.3118620642710841
0.0
0.0
0.24247037476270947
0.0
0.0
0.0
0.0
0.875992617289644
0.0
0.0
0.0
0.929547588714971
0.0
0.0
0.5711297010033357
0.0
0.0
0.0
0.8361951474896854
0.0
0.310687331128302
0.0
0.13045470355661062
0.0
0.0690447511397915
0.0
0.3785042939731262
0.2362558424627924
0.7675972491953962
0.4979351919791044
0.0
0.0
0.3248915097065648
0.3929812639816937
0.0
0.0
0.9264618830550543
0.7780745081569811
0.0
0.3915990678164914
0.42127859394345896
0.0
0.8958019943915217
0.0
0.0
0.2890051421212907
0.0
0.0
0.134892158026175
0.0
0.5009078187031551
0.0
0.9121713209378208
0.0
0.0
0.0
0.0
0.0
0.18697750884985243
0.0
0.0
0.0
0.13958134866623287
0.9118987385222781
0.16088115853880183
0.0
0.5410327288949106
0.0
0.0
0.0
0.7287028169679094
0.3528401454802879
0.7174533683284124
0.05089684141961073
0.0
0.42320373764575525
0.0
0.0
0.0
0.8417309562780314
0.2429113555007294
0.0
0.0
0.0
0.0
0.418844122808476
0.0
0.35229304734091466
0.0
0.0
0.0
0.0
0.9953847106856673
0.0
0.5568846703724406
0.0
0.0
0.0
0.0
0.0
0.0
0.0
0.7600670217543829
0.0
0.2905365266184268
0.23931501985200654
0.4051406246593143
0.0
0.0
0.7068250680673398
0.0
0.5075327251533612
0.9465800717494112
0.3546101270133678
0.0
0.0
0.0
0.0
0.0
0.9032976804378382
0.8467859450175583
0.7188246484953033
0.22728551104119774
0.5926463738949601
0.8120627583138433
0.0
0.015375858700614482
0.5409483263795483
0.0
0.7019999645650186
0.684827476126741
0.0
0.7751149942874943
0.0
0.0
0.0
0.7229005576833307
0.0
0.6187435981814193
0.0
0.0
0.4228322199508742
0.8309973455984835
0.0
0.6771919586110839
0.0
0.0
0.0
0.0
0.20248993533712756
0.0
0.3267288947603147
0.0
0.0
0.0
0.0
0.1329624534181782
0.0
0.06319394843518539
0.0
0.01778440984838962
0.0
0.0
0.0
0.0
0.0
0.0
0.8097467707522448
0.0
0.03489614463433667
0.0
0.0
0.9496837003534518
0.40009153130294056
0.0
0.0
0.0
0.0
0.0
0.0
0.1652891135745027
0.0
0.0
0.3056298105216134
0.4925264281039517
0.7648975723964045
0.0
0.5157720624218578
0.6379612556097044
0.0
0.8897462866892684
0.5774657751533281
0.0
0.0
0.0
0.0
0.6317879116091274
0.0
0.7580271800225163
0.11926462372283289
0.4329800227948912
0.0
0.0
0.9963395950559144
0.0
0.0
0.0
0.0
0.0
0.4331335494234746
0.0
0.38437398133250783
0.0
0.0
0.0
0.27888180729528955
0.0
0.0
0.02935997219230212
0.0
0.053397469063534084
0.0
0.0
0.7124129148378291
0.0
0.0
0.6227696251421417
0.3366513409521845
0.4335225595367424
0.7013749385096171
0.0
0.0
0.0
0.3907901978981587
0.0
0.0
0.5357168647774818
0.6575578809454599
0.0
0.0
0.8632556762978532
0.9885052680862912
0.0
0.0
0.7160834234638712
0.0
0.8716743264120459
0.0
0.0
0.8637123449700956
0.0
0.0
0.0
0.88003074928851
0.2447347028598065
0.0
0.5283938475376413
0.0
0.5331110256215127
0.506651713803258
0.0
0.0
0.3209528993122495
0.0
0.15643583269392827
0.0
0.0
0.8308465639313316
0.0
0.0
0.0
0.6952344054765303
0.0
0.0
0.0
0.0
0.0
0.5854992277567378
0.9373005843241691
0.0
0.0
0.8933245862488757
0.6747428952150908
0.0
0.8285255513021369
0.0
0.0
0.0
0.0
0.0
0.0
0.0
0.0
0.0
0.72422790901096
0.0
0.3359889716697799
0.49459130610557506
0.0
0.24704579769014598
0.23041481880308007
0.0
0.0
0.0
0.0
0.0
0.0
0.0
0.0
0.9390826755679806
0.17197088840747263
0.0
0.2009540287708403
0.16052101484203005
0.0
0.0
0.0
0.0
0.0
0.5823852058103269
0.0
0.0
0.7083285819146443
0.5369720108186387
0.6314954165661711
0.0
0.0
0.9685097725206654
0.0
0.2034676393596311
0.1794466596814315
0.0
0.9613146889146337
0.37117080483187415
0.0
0.0
0.0
0.8847498518154688
0.0
0.7996377722403865
0.0
0.3618356040031484
0.642495856479411
0.7737927446520071
0.0
0.3011441104853866
0.6716165994401792
0.6822931274723836
0.0
0.0
0.5240560746108608
0.0
0.0
0.0
0.0
0.0
0.1650845328847506
0.0
0.3624643063309316
0.6622916886339661
0.0
0.0
0.15728152256972233
0.0
0.0
0.08529482933063832
0.11580605267362964
0.43189749909418357
0.0
0.8073179328174811
0.15591708795643563
0.0
0.208818939779523
0.0
0.0
0.0
0.47379240633599157
0.0
0.0
0.7038319257560144
0.1672554978251746
0.23211799300050032
0.0
0.43467986929847247
0.0
0.6076268555896482
0.0
0.6569954116668076
0.022926407548374342
0.0
0.0
0.0
0.4647600443002864
0.2287040434781958
0.1287390752325582
0.0
0.0
0.0
0.4730213703314448
0.0
0.0
0.0
0.0
0.0
0.0
0.2261018154437497
0.0
0.0
0.5429700408042916
0.3204116379658837
0.0
0.0
0.0
0.0
0.5123316765415393
0.0
0.46412489683674263
0.0
0.15474784482016257
0.0
0.0
0.9800777475962562
0.9599534572635398
0.06819930198865673
0.0
0.0
0.0
0.2695065951893405
0.034183430778823735
0.09227090544476876
0.0
0.8962066872168755
0.0
0.6583264714686614
0.15920803855046559
0.0
0.8476483102877109
0.36043189508264334
0.0
0.7963254334791636
0.0
0.0
0.0
0.8290396723702087
0.0
0.0
0.6965021609702472
0.0045094935643750726
0.0
0.39322074277921465
0.02510848873402468
0.0
0.5345514480294689
0.39396289639206294
0.31819588101404817
0.1474143100836896
0.0
0.0
0.6709441647207599
0.6010432985328591
0.0
0.3034034260534436
0.0
0.37359025875104945
0.0
0.0
0.7191287383855282
0.9339106614766839
0.0
0.0
0.5769264185887354
0.0
0.0
0.0
0.3976050173676905
0.0
0.6838233165149705
0.6357944395516216
0.20694360899360273
0.0
0.0
0.0
0.0
0.9359592358185653
0.0
0.0
0.0
0.90840784685785
0.0
0.0
0.6892936237928584
0.0
0.0
0.9443901863379359
0.0
0.0
0.9417537299522896
0.7460863427600785
0.0
0.16726573705566952
0.0
0.0
0.02405921873052078
0.0
0.0
0.2659232047173561
0.0
0.39756560100629446
0.5250084002058449
0.8323405406479002
0.0
0.0
0.3969122999333799
0.6506362193684898
0.0
0.47889214428053345
0.0
0.0
0.2443709601749511
0.9484373596888396
0.7520800461406589
0.0
0.0
0.0
0.0
0.763629918839121
0.0
0.23560687072671474
0.0
0.0
0.0
0.0
0.0
0.7671589329162936
0.0
0.8416311695279424
0.0
0.6346234504614451
0.0
0.0
0.0
0.5539783036894326
0.6164382900817669
0.0
0.004102947604588856
0.0
0.0
0.0
0.0
0.0
0.30062720015487276
0.7294188175121766
0.0
0.0
0.1987356540048258
0.0
0.0
0.0
0.7426793389225751
0.0
0.0
0.0
0.5404290167238485
0.0
0.0
0.7630596084542333
0.0
0.5636455528056684
0.0
0.0
0.0
0.7519065684500673
0.0
0.2835346563087226
0.0
0.0
0.0
0.0
0.0
0.45957504347219363
0.0
0.0
0.0
0.0
0.7637114469166402
0.7914334685048722
0.3089731043573617
0.0
0.0
0.0
0.5086185732802333
0.0
0.0
0.8147718109126175
0.0
0.9033150960537587
0.0
0.4252423860824565
0.0
0.6948807208577678
0.0
0.5518568456297529
0.1684533187465944
0.0
0.0
0.0
0.6797246984906987
0.03443871939578085
0.4583552521326006
0.0
0.2647542106025421
0.0
0.0
0.7480184535153833
0.1077738719111004
0.8863004374767867
0.492583796670255
0.0
0.0
0.6136901171493789
0.7474470250077011
0.0
0.0
0.0
0.0
0.46365102245164985
0.0
0.0
0.0
0.298115259709824
0.0
0.0
0.5211073697410303
0.0
0.0
0.735025079872664
0.5652219490207867
0.0
0.0
0.0
0.0
0.0
0.3124440059291968
0.0
0.46311232547337056
0.2726252644309281
0.5182155049954149
0.3349387587566389
0.0
0.2954883496130407
0.0
0.3081074383312362
0.6359298371685358
0.27489339759768067
0.0
0.753421047859271
0.0
0.9435583106142432
0.5370154977634065
0.0
0.7891013604443671
0.761922061320658
0.0
0.8749508613293498
0.0
0.0
0.0
0.7192930228543208
0.42775075716556155
0.0
0.2147426307063468
0.0
0.0
0.0
0.04786123329829712
0.8910462407944174
0.0
0.0
0.09792375008448645
0.30903295885714155
0.44236822216522287
0.6527170603237286
0.0
0.0
0.0
0.23857800131647647
0.0
0.0
0.0
0.5473441520565216
0.9198091317143606
0.0
0.5197641742103299
0.46699874269829633
0.22203740774554806
0.0
0.12744544810322952
0.9929779033545437
0.0
0.4690691355647887
0.0
0.0
0.0
0.9647072556802546
0.0
0.0
0.0
0.0999335715472199
0.0
0.0
0.4113169123655045
0.7254321941843455
0.0
0.0
0.0
0.0
0.3055480305704654
0.40325555779536093
0.0
0.5388606816435334
0.16794387004506256
0.30032664471285747
0.0
0.0
0.28137207517218427
0.14583366515603466
0.28924050930759576
0.0
0.0
0.0
0.51554299724537
0.972075710539797
0.0
0.0
0.0
0.8082114381531835
0.0
0.0
0.28945878330346236
0.0
0.3336252186870613
0.20134575438532512
0.0
0.0
0.021397652461165463
0.11728712601809022
0.0
0.0
0.3261275828291711
0.0
0.0
0.27370621057599565
0.4116840756815141
0.0
0.3924053619150757
0.0
0.0
0.5694481409320297
0.0
0.0
0.0
0.0
0.6814355483797836
0.0
0.3432098248915369
0.4819491303759306
0.0
0.7605021811333367
0.24025441262634267
0.0
0.0
0.6450752877035549
0.0
0.8216759970235039
0.0
0.0
0.10169345309489744
0.5170261642628599
0.0
0.5620626729909254
0.8227238988237425
0.14664556388307703
0.0
0.0
0.0
0.5776704213031538
0.0
0.5943684924615412
0.0
0.0
0.0
0.0
0.6787567497826873
0.0
0.13692448987128286
0.6105778471547453
0.0
0.7012316312164938
0.0
0.0
0.0
0.16127017017728287
0.4087051396859054
0.0
0.0
0.45392773374156303
0.1157817314633072
0.2198644753485868
0.42708888090665653
0.06178548586571261
0.9791053652674744
0.0
0.0
0.0
0.19338491106238187
0.0
0.0
0.0
0.8277961984485073
0.0
0.0
0.0
0.0
0.8822392008090142
0.7383084527864875
0.0
0.0
0.0
0.3475275689343135
0.628399969081392
0.32664869473003716
0.0
0.0
0.5387279648350967
0.7609604614031924
0.0
0.0
0.0
0.0
0.0
0.8075735588916075
0.07984518399649747
0.7855994475709961
0.0
0.6375680305155313
0.17451172971772858
0.17809639568452137
0.2275582230959516
0.0
0.08288189726777624
0.38252395996761623
0.776291714259896
0.0
0.0
0.0
0.0
0.4312330319328743
0.0
0.8662570179866956
0.0
0.0
0.0
0.0
0.36216225116264983
0.5990983795190384
0.9727361561193787
0.0
0.7971316880543055
0.0
0.0
0.3431530449893056
0.0
0.9961848605826937
0.5040163739947039
0.547034577663223
0.6332239133247739
0.0
0.0
0.7598305687331028
0.06204001089276805
0.0
0.11502082429253926
0.5494866176345884
0.0
0.0
0.11756694703038667
0.7532956735835526
0.6329091195509737
0.058576603576728295
0.6878942367944428
0.36453183148034624
0.0
0.0
0.0
0.0
0.378756444175908
0.0
0.481127760500052
0.048115307572120396
0.731223755693451
0.0
0.0
0.3913546083807646
0.1954846261591183
0.0
0.5849322349069889
0.9705652188766312
0.6998444279749569
0.3752389563525528
0.6434143454594521
0.8777630850804239
0.0
0.06625746080205294
0.655329467588845
0.06265871791672502
0.0
0.0
0.36430132584251945
0.9319559449325218
0.5752063477737165
0.8291501004152962
0.497201612829667
0.0
0.0
0.7750873211690947
0.0
0.0
0.0
0.0
0.8291014499027638
0.3785790130162499
0.0
0.41589657429395666
0.0
0.0
0.16497949850133048
0.0
0.0
0.0
0.0
0.5564550096650837
0.0
0.0
0.0
0.0
0.6195421405936442
0.0
0.0
0.9565426159655125
0.9643988111443406
0.0
0.0
0.0
0.0
0.32233311806109594
0.536869061946286
0.0
0.08914022659761203
0.0
0.9838422873442006
0.8843573602278567
0.0
0.0
0.9540579107785229
0.7750825358500122
0.9732722289398514
0.0
0.5915769233557927
0.9715645707565779
0.0
0.5457162754344311
0.0
0.0
0.0
0.21312269328057948
0.3414422254273035
0.0
0.6683127504114211
0.0
0.0
0.0
0.7530554048969408
0.0
0.0
0.0
0.0
0.8296669748762507
0.7373368739225213
0.0
0.7228830886371804
0.08913241178858947
0.498175801339295
0.0
0.09249381048662583
0.018817042072006886
0.0
0.0
0.44624019199131726
0.0
0.0
0.3227430541770432
0.7441679613118797
0.9963430099161886
0.0
0.6172547536383292
0.0
0.9600300397066858
0.0
0.17511044731456277
0.6806101357418348
0.0
0.5571941393265539
0.0
0.954801533336663
0.0
0.0
0.0
0.3259467164052408
0.3347094215039392
0.6565388680065801
0.9353554046508805
0.0
0.0
0.0
0.0
0.0
0.2621578605173615
0.013053698212452268
0.24333190839492855
0.0
0.0
0.6225954071411733
0.26865054972626007
0.10873979413185267
0.22098183633324217
0.0
0.0
0.8963685340677597
0.0
0.0
0.0
0.4333921782872969
0.7062327402433801
0.8019243708798638
0.0
0.003911112165047366
0.0
0.0
0.0
0.611949968526549
0.0
0.0798557948575351
0.11351173152652286
0.0
0.0
0.0
0.0
0.0
0.0
0.1897437037283748
0.052720324131640725
0.0
0.0
0.0
0.0
0.9335660739176848
0.6646502457592297
0.0
0.8605325557492879
0.28918110900752003
0.0
0.304734478957732
0.0
0.7218034212102826
0.13952095050934077
0.0
0.0
0.28433938146224474
0.0
0.4301873021941565
0.9978239652535258
0.6989988739788149
0.0
0.0
0.0
0.7958914171068299
0.0
0.0
0.0
0.0
0.8627254588436655
0.18217932798341188
0.15194961706317764
0.0
0.0
0.0
0.0
0.47956355523633526
0.23150171256304608
0.0
0.0
0.0
0.8415410879587801
0.5512171010209638
0.0
0.0725381511542771
0.4043896313017193
0.7391504962727489
0.0
0.9574978913545731
0.0
0.8173287646700088
0.5245357765026267
0.8863615725937368
0.65359142118495
0.0
0.7634754317646345
0.3389549659460097
0.5032446152309472
0.05115634178715348
0.0
0.0
0.0
0.6791560008959462
0.0
0.2553756191994004
0.11911596897292973
0.0
0.0
0.0
0.6603666889533703
0.0
0.0
0.5431346043809764
0.9942885461168703
0.0
0.0
0.0
0.0
0.0
0.1697219870030708
0.0
0.6433252441222497
0.10934193456119307
0.0
0.16489142696061795
0.0
0.07612381555997272
0.0
0.06895981127315269
0.0
0.0
0.06933484780534853
0.8291644895326791
0.6740588330417624
0.7355753560894642
0.0
0.9853807199433642
0.1599010095275301
0.0
0.5615267982631823
0.0
0.0
0.0
0.48183975098279397
0.0
0.0
0.0
0.0
0.6432801422841735
0.0
0.030191743551287765
0.9663317143834412
0.0
0.0
0.3944533117919884
0.0
0.5372587660048926
0.2999235427416881
0.9937073643367903
0.0
0.005947568051821711
0.0
0.06901254133204733
0.2357652754601669
0.0
0.0
0.43605247008469716
0.0
0.0
0.0
0.0
0.0
0.5765602418728566
0.0
0.4213827167160392
0.0
0.0
0.3593431087345489
0.9386476514745205
0.6371963928327126
0.9786387526792759
0.5126420974392503
0.9965175652265377
0.6103738974774676
0.5306922411680612
0.8291506964180195
0.0
0.5886156113359976
0.6091607728739806
0.5180304587785032
0.19835028852441067
0.9749436045057948
0.11395231729970323
0.3517705998096264
0.0
0.8693822845304716
0.0
0.9682865603184778
0.3417889219176684
0.1895045634648944
0.7323496665892153
0.9688103049765798
0.18345360626115328
0.0
0.8336942245662547
0.0
0.0
0.5419344069589225
0.9798969904809823
0.0
0.8963461300648184
0.5390029638611373
0.7089330413832432
0.7744231748299794
0.0
0.0
0.0
0.3798547183695064
0.19027454229289179
0.6433909565980727
0.9543274211877906
0.0
0.1985221601300449
0.7137652374303831
0.0
0.0
0.028312139711839955
0.0
0.0
0.9641856332363613
0.0
0.10317429218917504
0.43417134790149314
0.02252990929479059
0.08412451895119226
0.0
0.609816897093895
0.0
0.9038532098440686
0.0
0.0
0.0
0.9293017078438156
0.0
0.0
0.11524384720418197
0.0
0.0
0.0
0.0
0.636391457372952
0.36884512771540484
0.20228980020013432
0.0
0.27845901618215335
0.46205017611031124
0.0
0.2355044707348074
0.8934188251746782
0.6583100709670374
0.8388358137741456
0.0
0.0
0.0
0.6273777960031753
0.0
0.49169397591844255
0.0
0.0
0.0
0.16990091742888352
0.291314874755615
0.06183469018089984
0.0
0.0
0.0
0.3816307099610039
0.9246690412702073
0.0
0.5247525288447035
0.0
0.3523429318321839
0.0
0.0
0.0
0.5111094464733726
0.0
0.6187823178531412
0.7341391005097851
0.1828883859078291
0.0
0.11139983571512596
0.0
0.0
0.0
0.0
0.965832361284422
0.0
0.0
0.0
0.10143284890438092
0.0
0.8658188431687965
0.5548746883422204
0.0
0.9578730611856368
0.026837598498901334
0.0
0.0
0.39238922866014975
0.744052665918205
0.34098933462163245
0.561199629527419
0.5086427495784569
0.9727903944016232
0.11981754745877227
0.0
0.4770604055963465
0.9288527092892827
0.0
0.0
0.8719814770733771
0.0
0.20187915551916877
0.0
0.0
0.48825229195582553
0.0
0.0
0.7343404971895645
0.0
0.0
0.0
0.0
0.0
0.0
0.9595363872595153
0.0
0.6542954773762423
0.0
0.0
0.4214741699957029
0.446738712148071
0.0032746641482705686
0.23949510841021726
0.0
0.0
0.0
0.5619453879679898
0.0
0.9695634464571558
0.0
0.2217933604217553
0.8034144084505981
0.0
0.08413045674603085
0.11814541222645417
0.0
0.0
0.0
0.9628464875493864
0.4675904862729959
0.752441982799055
0.0
0.0
0.0
0.2926962618392061
0.7946021803115911
0.0
0.5427598514426132
0.5048971662969594
0.026041717840482672
0.3191498193042688
0.0
0.0
0.0
0.0627087799496029
0.5943284413294511
0.0
0.22242150548532105
0.22855329669675337
0.0
0.0
0.06735016243605128
0.0
0.0
0.0
0.0
0.0
0.20889341961921407
0.003576993096498311
0.0
0.6457457467949327
0.0
0.0
0.0
0.2826386381271043
0.032244795842527915
0.0
0.5011209645562928
0.6238053812627519
0.0
0.8462994176548796
0.4529528251406129
0.0
0.0
0.0
0.0
0.4354158575349948
0.0
0.062183929422405276
0.0
0.0
0.0
0.0
0.0
0.6829269443906275
0.9340341400335596
0.6368463234610207
0.0
0.064918173944003
0.0
0.4517525977898224
0.2842914459175905
0.28007293221522334
0.3331067803552011
0.0
0.0
0.0
0.39205730314552223
0.8245220419148435
0.5777364049817303
0.0
0.0
0.0
0.0
0.0
0.9174831463901297
0.5995270836551544
0.8805669911315114
0.19163325436510548
0.0
0.0
0.0
0.26945749822685217
0.0
0.7277956265193424
0.0
0.0
0.8972856846571965
0.0
0.0
0.0
0.0
0.09386997235969678
0.9793028738312728
0.0
0.0
0.0
0.0
0.7976822613788197
0.0
0.0
0.7659957890792284
0.4887264555069664
0.0
0.07739482007744668
0.5460682901912858
0.0
0.0
0.0
0.849101012947907
0.40438547547914044
0.530537954002048
0.7358015525566755
0.920705271828379
0.0
0.0
0.0
0.14419546838760305
0.9180557609955957
0.0
0.0
0.0
0.2963555214679231
0.580713774465802
0.41866914399535615
0.6127526376781308
0.0
0.9872829069124702
0.7974721989290848
0.436745521229586
0.0
0.22581207411808188
0.719408430499947
0.0
0.0
0.23205790050664474
0.291354294404266
0.26450624300731485
0.0
0.0
0.0
0.0
0.14912214659272274
0.47520651514502393
0.0
0.28465535654850765
0.0
0.0
0.0
0.0
0.0
0.0
0.4294588558903601
0.4396522905299236
0.0
0.0
0.5707456197039523
0.2149035023100016
0.0
0.0
0.0
0.9897438783432364
0.19967524914545293
0.0
0.0
0.0
0.0
0.34418810060643035
0.30131877337470186
0.9384827868459358
0.0
0.0
0.8588218191612929
0.05625054007741859
0.0
0.37402968260949365
0.0
0.0
0.0
0.0
0.706208154075013
0.7092662597566453
0.7203132497502682
0.0
0.938494871985375
0.006345528029676225
0.0
0.29725399673676245
0.0
0.0
0.9065565442032316
0.8239370345793995
0.7869982648504922
0.09375978499394669
0.4779985765236059
0.8734002609964693
0.6871809954783872
0.3525076993066727
0.8319435219210201
0.0
0.0
0.8105304330571752
0.0
0.0
0.0
0.0
0.5058241309595595
0.0
0.0
0.0
0.8827122027683343
0.49295522159126426
0.9565675254041504
0.2025041004240981
0.0
0.05847275299190461
0.0
0.49079581751813206
0.98974784377061
0.0
0.9301768838222471
0.23115238092539223
0.0
0.3267089838336757
0.0
0.0
0.0
0.0
0.0
0.0
0.6760925106073844
0.0
0.17036689178296865
0.0
0.0
0.0
0.0
0.9098207827841915
0.9396088524041925
0.0
0.0
0.9838763330725631
0.6528071029218445
0.0
0.0
0.0
0.6211200008789503
0.0
0.0
0.0
0.0
0.8981110187680599
0.0
0.0
0.0
0.5404990998712379
0.0
0.0
0.5847858582765321
0.9996444848910032
0.0
0.0
0.0
0.0
0.03218435529286392
0.0
0.0
0.08192648110464887
0.719831050625964
0.0
0.0
0.0
0.0
0.6881239386028276
0.0
0.1673930854959523
0.5745670398134242
0.7603457888017137
0.0
0.0
0.6326576089807905
0.3271740460108414
0.0
0.5421685898329562
0.6827150976284186
0.7047635125909064
0.0
0.0
0.9764679971249272
0.0
0.13642878542810105
0.08882819258380487
0.8368717642978055
0.8454558879094933
0.0
0.2456154727588007
0.08174653784674801
0.3054427371457576
0.0
0.0
0.8757882394438198
0.5953705074469147
0.6993821843095283
0.0
0.0
0.02493602738101837
0.0
0.0
0.0
0.8756306951565257
0.0
0.0
0.0
0.46552416339536246
0.0
0.0
0.9764645479499454
0.0
0.6763444457792436
0.0
0.0
0.0
0.25310010662657956
0.8551186825093482
0.09413840083459052
0.0
0.16028816660287454
0.9923204498429838
0.9177461707046585
0.2273204992381537
0.0
0.6387999931708748
0.9258966724383447
0.0
0.2207526879719832
0.0
0.0
0.0
0.5414359910907675
0.8750114108548439
0.0
0.7572324768691524
0.0
0.27625359696872076
0.0
0.0
0.0
0.0
0.7896398314740356
0.0
0.0
0.0
0.0
0.7695775072212827
0.0
0.0
0.8233037213603985
0.0
0.0
0.0
0.0
0.7286535496787485
0.0
0.0
0.2993696014491495
0.0
0.0
0.0
0.0
0.7476457036466638
0.8484372351267332
0.0
0.7421112441920277
0.7666750421762701
0.17871535743627645
0.009276744608670055
0.0
0.0
0.6780845205105244
0.7042688794529185
0.0
0.0
0.9504969154888092
0.0050341425871964895
0.0
0.0
0.0
0.4024558175623818
0.0
0.8798035104596028
0.0
0.0
0.0
0.0
0.5262494813607637
0.5222646260372806
0.3600236202092968
0.0
0.21542633812310275
0.0
0.0
0.0
0.0
0.0
0.24777709075800497
0.18066161282469545
0.0
0.0
0.0
0.7565654451410301
0.0
0.5591539608130198
0.34612703413918583
0.0
0.06221361744237748
0.6224573124622405
0.0
0.0
0.5492960835247074
0.0
0.0
0.8922555505285241
0.5576990194062683
0.06742288271666608
0.574892780637061
0.4148181492639703
0.39182408572477095
0.46165279035863
0.8196710373690728
0.0
0.0
0.0
0.0
0.7649151075195242
0.6703823595205858
0.5066685824737688
0.0
0.8016937145117915
0.22273403196324656
0.0
0.9687642258442531
0.7682663176806528
0.0
0.0
0.7562738123944663
0.17635648425355657
0.9972355481734166
0.0
0.0
0.8812406869327312
0.0
0.46894978800413945
0.0
0.725455445551359
0.0
0.9673823238808296
0.06735892027307001
0.2948123817957313
0.1626238875904974
0.1607613712643691
0.0
0.8218344688783497
0.4510695108162263
0.0
0.25770966791545363
0.0
0.2726446822392584
0.013665810957682822
0.0
0.30078355803550955
0.9358349568917979
0.0
0.6237479891492125
0.0
0.0
0.0
0.33207519237007854
0.8979995502578697
0.7706769213367766
0.9545071929534114
0.0
0.0
0.6007501853585638
0.0
0.3783183240483441
0.9086759741415296
0.0
0.0
0.0
0.5238080376630799
0.0
0.5262263306354633
0.0
0.2581986403587302
0.15152262851132292
0.0
0.0
0.7363020829214584
0.0
0.0
0.0
0.0
0.0
0.9662576215005197
0.0
0.22499502330984042
0.19837494478184098
0.0
0.0
0.6576397035402426
0.0
0.2697917228123799
0.0
0.0
0.04572445763053135
0.0
0.0
0.0
0.23203691060066525
0.0
0.836143791829022
0.0
0.0
0.0
0.6775211713057292
0.0
0.3318321593947087
0.2689990547846385
0.1390570309507445
0.6945797368770624
0.6988168860680932
0.0
0.0
0.7835881558879553
0.4283645667657572
0.42150574822064013
0.0757564056348897
0.9019370737746392
0.7149243586049365
0.111926042538261
0.0
0.9116746034950602
8.473988544468397E-4
0.13555792966015906
0.7619536154544132
0.0
0.0
0.0
0.44602409697907186
0.9025854631446449
0.0
0.3626872382458591
0.9983393568583111
0.0
0.0
0.0
0.42208598712921147
0.5761427275659499
0.5257648774880814
0.0
0.0
0.10058420781773526
0.0
0.0
0.3711379034172919
0.0
0.0
0.1830844100279466
0.898205343683699
0.688476822924958
0.33521050392783136
0.0
0.8606595389450724
0.05951459403479285
0.0
0.0
0.0
0.0
0.9131479418093299
0.0
0.6206921602672669
0.0
0.8786959841530966
0.0
0.8876149541558289
0.0
0.0
0.0
0.46969526487085966
0.5031088768964994
0.0
0.0
0.3912873880953429
0.0
0.0
0.0
0.04123698980781262
0.9039351210023048
0.0
0.05670101418084198
0.25077994925854497
0.7515306161586615
0.5277725642572678
0.0
0.0
0.9565597724775005
0.880105103402618
0.9492665813574224
0.0
0.2547183905502439
0.1870535967848508
0.0
0.6811103285815937
0.0
0.30889099461175934
0.5759735352686707
0.21630831661856303
0.0
0.0
0.1458872479270806
0.0
0.0
0.946036605059768
0.2706717810520637
0.0
0.0
0.50876165961119
0.0
0.7469576400291229
0.7073433654304623
0.0
0.0
0.7305235186361545
0.30969271582277674
0.0
0.9098688227069345
0.3501946160835556
0.0
0.0
0.0
0.08578360851319351
0.5063266720945964
0.0
0.0
0.3119499220743628
0.0
0.0
0.0
0.0
0.18404566189433438
0.20452378665740764
0.5917111399164693
0.21799539379252683
0.0
0.8550878736181478
0.601244959360949
0.0
0.0
0.0
0.0
0.0
0.9315273252775924
0.815539195374951
0.0
0.0
0.24791075722679068
0.531288245471493
0.9588449279655672
0.0
0.2557674132899116
0.6006830910884012
0.0
0.0
0.0
0.0
0.0
0.0
0.0
0.923900413685702
0.2444797923562761
0.0
0.1314204572200048
0.0
0.0
0.0
0.0
0.0
0.5660563337194553
0.3229402444870928
0.6470574951019105
0.0
0.5858162692237556
0.4521511569270304
0.8838669640430848
0.0
0.23440080085708984
0.0
0.5766131172275183
0.5957976761953655
0.0
0.7439400416218761
0.0
0.0
0.9927214977543394
0.0
0.0488631062435176
0.0
0.5357799190340912
0.0
0.8876280819090393
0.0
0.3400120126433361
0.0
0.0
0.0
0.0
0.9072843849521658
0.5831670107902489
0.0
0.0
0.8749120402884317
0.7533127222698539
0.0
0.0
0.0
0.0
0.0
0.0
0.4342631481640647
0.42450545184050137
0.0
0.0
0.8127243295798185
0.0
0.0
0.3309667440716188
0.0
0.8305038637599473
0.6317849644296184
0.26821045215365125
0.6294614516812719
0.0
0.0
0.20449494513562155
0.0
0.0
0.0
0.0
0.10745370460411671
0.0
0.0
0.9579448359407191
0.36484468544295545
0.0
0.0
0.0
0.0
0.4713419469414547
0.0
0.0
0.0
0.0
0.0
0.13231433844465232
0.0
0.0
0.05245736478958258
0.9016658096268607
0.10616533847205346
0.0
0.20492757314723806
0.9382504878617913
0.3172881204779341
0.16908096054386468
0.0
0.9599376362587704
0.0
0.0
0.02605994627408228
0.10675242020184159
0.5111782765701445
0.21237122246656764
0.9509308434273953
0.0
0.0
0.0
0.2655821801976325
0.20402339271496647
0.0
0.0
0.4435325646638574
0.0
0.4570420127800012
0.0
0.5815024269722029
0.0
0.0
0.0
0.17699903163777295
0.0
0.0
0.9159732496583026
0.0
0.0
0.0
0.6674254608022204
0.9784423333772181
0.4679756252504434
0.0
0.0
0.0
0.0
0.0
0.6127564394429715
0.0
0.0
0.9956135309857748
0.9169148095112309
0.0
0.78519498311842
0.0
0.0
0.1450299602083789
0.0
0.0
0.0
0.9568608159256304
0.2518499191802173
0.5547564212025005
0.0
0.46892799861258877
0.0
0.3911674723264911
0.7188232613278234
0.717195378113623
0.5031760271885564
0.0
0.08769921395129768
0.7571983696357105
0.0
0.0
0.7061399025374229
0.5771729867623275
0.05189664367318723
0.0
0.0
0.0
0.740068275724543
0.9527007125866621
0.8962255178831429
0.4164961762814318
0.6465992383156792
0.0
0.6294073668247175
0.0
0.0
0.0
0.0
0.5564234080069883
0.0
0.0
0.0
0.0
0.0
0.0
0.0
0.8611231118393938
0.25068762078092466
0.5345324247508813
0.4515148476614848
0.7921838566777726
0.0
0.5138971860256686
0.9554848640672814
0.0
0.0
0.0
0.0
0.0
0.3584079673401855
0.0
0.0
0.5380328694856239
0.9899949721271843
0.09617657937866803
0.6053652229304198
0.0
0.8731093762977258
0.0
0.059296381190876477
0.4337000750002059
0.0
0.72498736461878
0.0
0.0
0.13484291381589109
0.0
0.2838292746246361
0.0
0.0
0.0
0.0
0.0
0.9172580054592933
0.0
0.0
0.45477397225036537
0.431786117053199
0.82673065607444
0.34968860792081996
0.16612322555694228
0.0
0.0
0.0
0.0
0.6655268584896648
0.2987713083425197
0.04401052505010552
0.0
0.2281523838767629
0.35055150232637894
0.2929007672420691
0.0
0.0
0.0
0.0
0.0
0.024218717039504824
0.0
0.9753678571578923
0.0
0.0
0.0
0.0
0.23903232513315223
0.0
0.39813473986167447
0.8673911217419171
0.0
0.17285018543335096
0.805273824953887
0.6924096184426783
0.16324088862652106
0.02931866771811634
0.0
0.0
0.18834017139300163
0.0
0.0
0.0
0.0
0.7819935532093161
0.7048725081014218
0.0
0.46223688535842855
0.6471445644143258
0.010610248578340838
0.0
0.0
0.0
0.2760378524827984
0.29330140263423304
0.0
0.0
0.0
0.03024458266940263
0.0
0.0
0.77067621331732
0.0
0.49002341500460433
0.3608267982478628
0.6382420713187105
0.0
0.44814367540402783
0.0
0.3584518720420161
0.9036926423891408
0.848057121355442
0.5075176705934576
0.0
0.17267512603476617
0.8852033363604281
0.10676224711646175
0.7494711293492187
0.5853682923843901
0.0
0.0
0.5411862666452811
0.5054307962629471
0.0
0.8805331976172952
0.5327391699214149
0.0
0.0
0.0
0.16678514471646907
0.0
0.997829225134473
0.0
0.0
0.0
0.9958528072360564
0.4732933337010243
0.0
0.08528970426904703
0.9040677438457231
0.43390244069501976
0.5335795304108616
0.0
0.11442029917259994
0.08634699467526816
0.0
0.17299439482196946
0.97253306368047
0.0
0.864856969434429
0.0
0.0
0.0
0.0
0.0
0.0
0.0
0.0
0.0
0.0
0.0
0.0
0.05880540677183097
0.645752412193781
0.0
0.7374911482463965
0.7304653035994313
0.003996192967939007
0.41342293718065903
0.0
0.0
0.0
0.03046381210826532
0.9847713242281387
0.9414783646732903
0.0
0.6092629497308071
0.9530290938698392
0.0
0.03200487490555885
0.5050310729022321
0.6075562751079702
0.0
0.0
0.0
0.0
0.0
0.8303811117765253
0.0
0.3736561569498734
0.0
0.0
0.5733588442863136
0.7666757030930269
0.0
0.0
0.48707685370163045
0.0
0.0
0.0
0.5345017104011696
0.0
0.5243211961008188
0.7693429779648298
0.1832214071218107
0.02534424389431328
0.0
0.14001958069355172
0.0
0.0
0.0
0.0
0.0
0.0
0.0
0.0
0.7696496431879922
0.0
0.0
0.0
0.0
0.5331854800411191
0.0
0.0
0.0
0.0
0.0
0.4477026985170047
0.0
0.0
0.41473791559669965
0.16862980678298006
0.8522311691296931
0.0
0.9615511276242008
0.0
0.3192240553489394
0.0
0.5921726694419109
0.9355738388246025
0.11650309881365616
0.669090550296252
0.765070472130391
0.0
0.0
0.0
0.0
0.0
0.783265026988003
0.0
0.0
0.0
0.31637849581300714
0.0
0.0
0.0
0.4344112801274093
0.5816863427369544
0.6315230860601123
0.0
0.0
0.0
0.0
0.7286971742637629
0.6798132491368932
0.9988137954895956
0.8059606210742849
0.0
0.9884218149569725
0.0
0.22076880158722434
0.0
0.0
0.940645887476748
0.9740964818625218
0.11215410369669794
0.0
0.9431787832063165
0.04821093044891733
0.0
0.20928653236581188
0.0
0.957672755220705
0.03295073087148409
0.0
0.06787530374588517
0.6868292696032657
0.7305139888332066
0.4885799337186827
0.01677810167086696
0.841968654281272
0.0
0.821499929042554
0.0
0.0
0.0
0.0
0.0
0.4909710189025218
0.9907925065063072
0.0
0.0
0.1562416108268746
0.0
0.0
0.0
0.5665853615312275
0.7398999594010238
0.18102488115132628
0.5487288468425471
0.0
0.5729729923773965
0.0
0.0
0.5295048882255028
0.0
0.0
0.0
0.0
0.5108424220684428
0.7476271714125508
0.0
0.5845655392257227
0.0
0.0
0.0
0.31478062939674384
0.047447712793992174
0.0
0.0
0.6937126175135957
0.5816732951797585
0.7258024832011496
0.4831601717440159
0.3446741931732705
0.09867564333727273
0.0
0.0
0.0
0.45802806045668043
0.0
0.0
0.7513163745118561
0.6341714446662103
0.0
0.4318413862576157
0.0
0.7055850774320261
0.693962508053189
0.0
0.4248716126503377
0.49402488659181254
0.0
0.0
0.0
0.0
0.5148452724245178
0.0
0.6025231754624024
0.6860721862619321
0.6188292587760297
0.7474146050901461
0.0
0.0
0.0
0.0
0.0
0.06879997318873293
