0.5833376692602973
0.0
0.3137931521081134
0.0
0.21909187659026508
0.2075773194172451
0.4929447668967202
0.5646094909468975
0.9882174900341748
0.9983160690636317
0.4426969674592617
0.36624973464245314
0.3139183773840656
0.0
0.027173859015656054
0.11319143692578482
0.10495522011819891
0.9999796425998347
0.3950655591789747
0.9820222675281904
0.9921616441295331
0.6578209218330535
0.35378721782118916
0.0
0.1014503776038711
0.0
0.0
0.0
0.0
0.891498183306795
0.0
0.7651356916077416
0.9527047619638068
0.3164375416576177
0.0
0.0
0.32489038011047433
0.0
0.2587788551282606
0.0
0.359389942702782
0.0
0.5969139325717705
0.0
0.5957060666980034
0.05762078541133675
0.17806349057678417
0.05846971388348288
0.14046251384853758
0.0
0.9829759759041661
0.0
0.0
0.0
0.3909131339385499
0.0
0.9123034566354796
0.9998739357842744
0.0
0.9981419625147362
0.740613775254394
0.2960874424854374
0.0
0.5803931546048162
0.0
0.058253014651947876
0.0
0.4176794084786335
0.0
0.9999986157603242
0.09996833931983384
0.0
0.0
0.3125147437605016
0.9989943562825847
0.2018243019294872
0.0
0.0
0.7369581954287219
0.0
0.0
0.0
0.05006310795075297
0.13686855059722558
0.3370598066297512
0.0
0.0
0.0
0.14885878137840003
0.04806863933848171
0.4909881533197207
0.0
0.6888331014775317
0.05446183963325013
0.9882313159398188
0.0
0.0
0.0
0.0
0.5355118607636121
0.0
0.0
0.1283795784345445
0.0
0.0
0.0
0.0
0.0
0.0
0.12144485712882025
0.0
0.0
0.22499829881031197
0.6189259794587703
0.0
0.0
0.0
0.2253098529584323
0.9999989480016053
0.25929909549928876
0.7968291851850526
0.0
0.0
0.10019897809745248
0.0
0.9129220037264668
0.0
0.0
0.0
0.36880318909004295
0.0
0.3421655499337368
0.0
0.2492301368065316
0.0
0.0
0.1330727376695202
0.9993582723972635
0.37860750235561724
0.0
0.0
0.10525625078403289
0.0
0.0
0.999980050294511
0.0
0.0
0.0
0.0
0.35058295845512255
0.0
0.4128628908385562
0.05829853479573999
0.2891633722846997
0.0
0.10739895770525043
0.0
0.0
0.0
0.7845514419279638
0.5404433737504004
0.0
0.8860815187895608
0.3107857184554601
0.0
0.0
0.008679768512076413
0.9999999999832698
0.24489090453448847
0.0
0.0
0.0
0.19492555022503133
0.0
0.0
0.0
0.0
0.9998045668269674
0.6134417637106582
0.0
0.0
0.0
0.0
0.0
0.22274415217358423
0.0
0.9742569412375571
0.68618078305929
0.0
0.18553600156672123
0.4398888282732677
0.7455202701603354
0.0
0.0
0.0
0.6207170794803607
0.0
0.3384944091989427
0.0
0.0
0.8270184568685734
0.0
0.28652484775190934
0.0
0.9291967102052994
0.0
0.0
0.18773841048619488
0.7777976805443734
0.23228069656340233
0.12723290655417396
0.0
0.0
0.007052969586453739
0.0
0.2685872089570762
0.08185001590484164
0.0
0.07238530499922202
0.0
0.0
0.0
0.47864151692267265
0.0
0.3184591946267339
0.4237252361324204
0.0
0.7228103494645219
0.0
0.0
0.0
0.6998702715234282
0.9636826703782468
0.0
0.34655981648856593
0.9999839853764837
0.0
0.0
0.0
0.21286632774925485
0.8480592042593906
0.0
0.01104126022955898
0.0
0.5816697736428966
0.0
0.3105275206672826
0.10040892992857764
0.033839689786820726
0.8143986806704665
0.14063748966072898
0.0
0.0
0.0
0.9999998886729217
0.0
0.0
0.38234869690724027
0.0
0.0
0.9008630230420156
0.0
0.0
0.5276461158688125
0.6621647443561209
0.0
0.0
0.07102344003514482
0.7788048784645806
0.8428861494839164
0.18656766661672441
0.9659889985755384
0.6914547790238557
0.0
0.0
0.22501718568255802
0.26408109676241354
0.0
0.2931327284006672
0.0
0.9309588840854593
0.04217446227394295
0.3760512563739351
0.21017255190923012
0.0
0.0
0.0
0.0
0.9995870850756252
0.12462203968527041
0.9210063033968926
0.42204393925934247
0.0
0.0
0.7637802483941211
0.187863659971081
0.0
0.0
0.06207373664250393
0.0
0.0
0.0
0.0
0.0
0.0
0.0
0.9743308621165636
0.0
0.5691210236649157
0.0
0.8048026865976045
0.09823342080594699
0.0
0.2180308171584906
0.037304683696021024
0.5795972599067807
0.0
0.0
0.0
0.6499385122835234
0.46803062992919386
0.23307257528768344
0.04140298099266593
0.0
0.0
0.9422050757816139
0.25536843369714246
0.02445646299760984
0.4820645306909592
0.2471406862712977
0.0
0.0
0.8959427721570583
0.9991569155293167
0.0
0.4153234398307335
0.0
0.4119406993988991
0.0
0.9960539301024884
0.04845604393544234
0.0
0.0
0.05775117579825273
0.0
0.0
0.012903791772846951
0.0750752359613881
0.05867436673800064
0.0
0.3927764360067869
0.0
0.4271891123827537
0.0
0.0
0.0
0.0
0.3212798201533683
0.8942403718691632
0.07429444720706113
0.0
0.978298683804069
0.0
0.0
0.0
0.0
0.0
0.13203719778361533
0.0
0.641122697409225
0.6755136818141462
0.8714222772519997
0.8319631708698108
0.5167205734606831
0.982455461633388
0.04867937442421333
0.6245059141433871
0.0
0.0
0.9418072377870476
0.951040108836435
0.0
0.0
0.0
0.0
0.0
0.0
0.0
0.0
0.3665623455890312
0.1424300770420971
0.0
0.05366679418700293
0.17845699788049374
0.0
0.0
0.03437206226848499
0.0
0.0
0.3007043891819705
0.0
0.0
0.6739342283543561
0.3052187240570581
0.6343390162912972
0.09918697383329766
0.0
0.1152695585410074
0.0
0.0
0.0
0.9489019430888878
0.0
0.9833089153042255
0.238316215567286
0.8994916590046211
0.8774898675842193
0.14144214508319086
0.0
0.7629359235073865
0.20085231341007537
0.0
0.0
0.43678736460813783
0.05482688636908162
0.0
0.4478261406818955
0.0
0.0
0.0
0.0
0.9927421889877799
0.9721025445601047
0.0
0.0
0.2005392043322003
0.0
0.003663532964682248
0.0
0.0
0.0
0.0
0.20134322887295397
0.20369022745217225
0.0
0.0
0.0
0.031876836745892034
0.0
0.958790129132157
0.0
0.7138584913970369
0.0
0.0
0.0
0.0
0.0
0.0
0.34461285877926884
0.8575881655833064
0.039181188507149356
0.0
0.0
0.0
0.0
0.05099956018702967
0.0
0.3252076212738556
0.9881323410846535
0.11181967809642679
0.009713056226167471
0.3800055160784479
0.29779479675117815
0.0
0.9101880306559894
0.0
0.0
0.0
0.20108425756731962
0.1796044097903089
0.08851785228614362
0.0
0.9527214813362765
0.5369442401689317
0.575933726573161
0.0
0.9834885072071374
0.0
0.07154412826679968
0.6906906806430864
0.6968049926516571
0.0
0.5133427174290913
0.0
0.0
0.0
0.2929269239456468
0.0
0.0
0.24832138091356137
0.0
0.0
0.26200602777081117
0.6258061767310125
0.0
0.0
0.28903733564107514
0.0
0.0
0.24167957323261935
0.0
0.0
0.0
0.7867185644432763
0.00939678468514682
0.7875277359386025
0.0
0.0
0.02146435032474825
0.0
0.0
0.1477900214847534
0.6107789503791596
0.0
0.0
0.0
