0.5508913903950845
0.06352395726455096
0.0
0.2968995702098459
0.27091001887761823
0.0
0.9813440362939003
0.0
0.2150166286389109
0.0
0.3010101632832929
0.0
0.0
0.0
0.0
0.0
0.0
0.0
0.021116560575612286
0.05570969858198338
0.5052219584915909
0.0
0.0
0.0
0.2848851900266105
0.0
0.02740221080052374
0.0
0.006316603597448456
0.0
0.802033095485744
0.0
0.911121197437621
0.6259379150608334
0.9349029025216304
0.0
0.0
0.0
0.0
0.0
0.0
0.2800014480141544
0.0
0.039158939855807984
0.0
0.6756832299682733
0.21490784794213535
0.0
0.0
0.5064427002931307
0.5478813644636092
0.0
0.3884932442542661
0.1186539299548297
0.0
0.0
0.0
0.41198819891185345
0.0
0.0
0.5389956177927345
0.0021387293746495395
0.0
0.0
0.0
0.0
0.0
0.0
0.0
0.0
0.0
0.0
0.0
0.39616517662409634
0.0
0.0
0.5821750612592861
0.0
0.04660455056546475
0.0
0.0
0.0
0.03225244399596727
0.5635703264888553
0.0
0.0
0.0
0.0
0.0
0.0
0.30936992319318923
0.0
0.6236951011856509
0.5196284309633856
0.0
0.07347044225713462
0.9933393681081379
0.0
0.09628394384169447
0.5192134762274054
0.0
0.4806944968099369
0.0
0.0
0.0
0.1884805334492532
0.14708951796747427
0.4406833874299312
0.71253740341228
0.0
0.0
0.18809813964051902
0.30382545173543063
0.7686483324071641
0.0
0.2846072803907249
0.9273770790695989
0.9754681372765679
0.0
0.0
0.7613087105428744
0.0
0.7798821275870296
0.7801147994055603
0.0
0.7381710944301025
0.0
0.5774181901066695
0.12215524161510305
0.0
0.31672469979964957
0.0
0.0
0.0
0.0
0.0
0.7719006087359437
0.7905501816415381
0.0
0.1818128849609042
0.25247447204786266
0.9397580732990497
0.0
0.08366624684994561
0.985423100835963
0.9946545496104362
0.9614239173595205
0.6990051792782987
0.6661266299871356
0.292712368793407
0.0
0.0
0.07020179037068419
0.0
0.0
0.8535173837288021
0.9398386289068419
0.01773399061182135
0.8898447366916112
0.0
0.4011965888049105
0.2898095209234466
0.0
0.0
0.15775821010196278
0.0
0.0
0.0
0.0
0.0
0.0
0.0
0.6707841833544992
0.0
0.3800718485821021
0.8070177409571941
0.0
0.0
0.0
0.5409633087969057
0.0
0.0
0.41705634094087496
0.14124333655524124
0.9547925980243888
0.9807119036068325
0.6949263408260435
0.024931719842867794
0.0
0.0
0.09680467192675135
0.18967622440920762
0.8978241517614163
0.9744413434658576
0.6136153727123314
0.381336761793422
0.0
0.5168383230182158
0.0
0.6320285734559001
0.9790030284819423
0.7187027468246119
0.6314453187223134
0.10716060171915187
0.0
0.0
0.0
0.0
0.0
0.0
0.0
0.33737567296399473
0.0
0.5968983816491795
0.33601263243275603
0.21363948888681583
0.0
0.4579417045664316
0.4392065470011508
0.961120941735167
0.43837162673598995
0.4595517573509398
0.0
0.0
0.5816744570942376
0.13144545053111334
0.6271554734112892
0.5567594288093081
0.30754217286562124
0.4460889087316453
0.0
0.0
0.0
0.0
0.0
0.4633052194823951
0.04774018016603698
0.0
0.9014751002709243
0.3746862331531726
0.0
0.0
0.0
0.39177257886498484
0.36115010601236996
0.7282676148924896
0.0
0.0
0.0
0.6452005734635917
0.0
0.39902743581058
0.9845492690470132
0.9906261158698696
0.7669340897250256
0.9751008842212009
0.999543052784479
0.7800631373856887
0.0
0.0
0.0
0.42017876718409597
0.0
0.44378809842160805
0.6585447431297159
0.0
0.999133415301371
0.8316787468702084
0.8309360208382287
0.2276418122787227
0.0
0.4230376399487823
0.0
0.0
0.7308004691655595
0.6360722971326545
0.8593297412493826
0.6013044807252304
0.8107529255681266
0.12614590875064313
0.9895953804008749
0.0
0.13988075946391865
0.02442127119773896
0.7890156936464117
0.34073186780203146
0.3613409756292003
0.0
0.0
0.0
0.7604304657335571
0.37885294506202183
0.9204209042254373
0.0
0.0
0.0
0.7628569872863376
0.03014246906263318
0.0
0.0
0.0
0.5358010806314992
0.6840792457559297
0.9901739355630483
0.9438558400652265
0.07089651922747497
0.6993750014238266
0.0
0.34421778099345157
0.48752896391831546
0.9567429666754849
0.794112508291742
0.0
0.0
0.0
0.0981878738437949
0.9403489495334865
0.39227302819855747
0.0
0.559180628976041
0.0
0.32122742905504387
0.0
0.0
0.8978268566533213
0.0
0.934683163345517
0.645609930652283
0.052374132725770184
0.9440842239995055
0.0
0.0
0.0
0.3319311459427403
0.0
0.0
0.4586705617520723
0.0
0.9936598299150338
0.0
0.0
0.8123663138818322
0.0
0.9982625150271197
0.23872836920054075
0.0
0.0
0.0
0.0
0.0
0.0
0.035151546563142344
0.0
0.08204566986827555
0.0
0.0
0.0
0.0
0.0
0.14974563958975495
0.019362701300318697
0.9367499700814949
0.8799191929488499
0.0
0.10008337673097167
0.0
0.8708313478526081
0.3791981756600312
0.0
0.666683028748435
0.0
0.8925447402600056
0.0
0.4356222848843734
0.0
0.22763503642194594
0.0
0.16776159284966186
0.0
0.0
0.0
0.0
6.671919170637697E-4
0.1035233623786086
0.0
0.6931726504050564
0.10595730249926927
0.0
0.36513818560850364
0.0
0.0
0.0
0.0
0.0
0.0
0.0
0.0
0.0
0.0
0.9569292719571432
0.0
0.6278440004442178
0.0
0.0
0.10576479433298402
0.0
0.2414657990971656
0.0
0.0
0.0
0.0
0.4362302561331295
0.0
0.636172116139141
0.0
0.0
0.0
0.0
0.0
0.0
0.0
0.0
0.0
0.0
0.0
0.0
0.0
0.0
0.0
0.0
0.0
0.0
0.0
0.26416476723291393
0.0
0.2947716876938882
0.0
0.16047117752007467
0.0
0.7374526821109308
0.0
0.0
0.0
0.0
0.0
0.0
0.998885568718629
0.5922195072976708
0.7970191707083276
0.0
0.0
0.0
0.0
0.34878043789477364
0.0
0.39152173454821815
0.0
0.0
0.0
0.0
0.0
0.0
0.0
0.25808914358429536
0.0
0.0
0.0
0.0
0.7272557930428164
0.06484186485560495
0.18306442306020543
0.0
0.0
0.0
0.09747261298615739
0.0
0.24874375031600815
0.0
0.0
0.5524827968026911
0.0
0.3564953377857487
0.0
0.0
0.0
0.0
0.9998959925763163
0.7338020180614083
0.3835810559070927
0.8367421655904298
0.0
0.0
0.0
0.0
0.0
0.0
0.5684378214502286
0.13512048932067222
0.7433260465413174
0.0
0.0
0.1927249423740629
0.0
0.0
0.0
0.0
0.198407384244495
0.0
0.9948277653928377
0.0
0.07453194195854096
0.698055675043309
0.3713326090996073
0.8681272101503857
0.02708794682520832
0.0
0.23268213645965874
0.0
0.0
0.5780516762761664
0.0
0.16083956175194603
0.0
0.0
0.2875442696348258
0.0
0.9609469884614702
0.8650713082088644
0.8838171266957772
0.770257816502202
0.0
0.7008741074621645
0.24312271088477
0.0
0.0
0.0
0.0
0.018175878977561122
0.0
0.5555181173929985
0.0
0.0
0.4326104272229837
0.0
0.0
0.0
0.3784224405317388
0.0
0.3206429093940555
0.0
0.0
0.0
0.0
0.0
0.9790128645368494
0.2810466268756274
0.8849183391998545
0.0
0.9449667151374209
0.0
0.620802029386849
0.0
0.30767513067639474
0.0
0.0
0.7145276245187777
0.0
0.40672116443964823
0.0
0.0
0.0
0.0
0.0
0.3913935160893407
0.7558879499507688
0.0
0.5149490945581604
0.0
0.0
0.0
0.0
0.0
0.0
0.0
0.0
0.0
0.0
0.0800309637838511
0.0
0.4957234928711248
0.0
0.43021509677487035
0.0
0.0
0.0
0.0
0.0
0.21383082313176272
0.07354650916109606
0.0
0.0
0.0
0.1528649303399452
0.0
0.23871909620419984
0.0
0.0
0.42846138220971
0.0
0.0
0.4956158124702852
0.0
0.9874728294962453
0.9901653892159101
0.9519896473450278
0.040520546090076826
0.2560404904236502
0.44085417374884694
0.0
0.0
0.24207729333962014
0.6322335474196485
0.5882368665404953
0.0
0.5631736066932356
0.8646844427259414
0.2451735477316086
0.0
0.0
0.2453689277982135
0.947333946613917
0.0
0.6086599420135599
0.0
0.0
0.0
0.0
0.0
0.0
0.0
0.0
0.4232388884985169
0.6248874511105363
0.722422033866355
0.0
0.0
0.0
0.8986783036181745
0.20310549239203202
0.0
0.0
0.8084221465522483
0.0
0.0
0.0
0.0
0.0
0.0
0.0
0.0
0.0
0.5332159696753442
0.3651639122999447
0.0
0.0
0.045491350176018575
0.5220567155109614
0.8835387271444787
0.6678471886513357
0.0
0.0
0.0
0.0
0.10402198020247688
0.07943594640539253
0.9351423615518804
0.32541260768623603
0.1951836413697896
0.6149721590136774
0.28417641186282805
0.0
0.0
0.03533089656115007
0.0
0.0
0.0
0.0
0.0
0.0
0.0
0.0
0.0
0.4149851094112076
0.5274075938008702
0.0
0.03850667427828902
0.04654471638782598
0.9909766471271231
0.13807396398156202
0.0
0.0
0.3184843591231703
0.0
0.0
0.8705912353817009
0.3188317109924592
0.0
0.19940828866379445
0.0016743402689137765
0.0
0.0
0.1865746644456554
0.9089548049753395
0.330052847566344
0.0
0.0
0.6403960567302787
0.5568342779666682
0.0
0.040016352750992246
0.0
0.056051703674169784
0.9307691991239619
0.0
0.0
0.0
0.7015194888946539
0.6598481599041384
0.8926125151849268
0.9975512473976081
0.3992359652981947
0.0
0.6570974920534693
0.0
0.0
0.48319782928044874
0.0
0.3217571964150634
0.12467541413066474
0.0
0.0
0.0
0.0
0.9235982858375799
0.0
0.0
0.0
0.9791561174707971
0.04022301496321612
0.0
0.23151945860884537
0.8393994167396126
0.3562695286890478
0.0
0.0
0.0
0.37339569472896117
0.0
0.35177042495537125
0.0
0.49093385508357335
0.2236430840884729
0.0
0.0
0.0
0.543510745560594
0.9978849725137684
0.7604979906828725
0.0
0.0
0.3105204663196721
0.0
0.0
0.0
0.0
0.832773377373287
0.0
0.0
0.5058933866260782
0.6203350048475466
0.06516009443233339
0.5830463887543924
0.9151387733892817
0.0
0.0
0.0
0.04248356479858417
0.0
0.06101409188698537
0.3394129766736088
0.0
0.8880724791541236
0.0
0.9356354963268475
0.9785632400577792
0.627078171652542
0.6673025453012201
0.0
0.0
0.0
0.0
0.23766078685109926
0.4654699640007929
0.98993662422463
0.0
0.0
0.41721257137367207
0.0
0.0
0.3434094204247802
0.9769790305252921
0.0
0.12794396894869076
0.0
0.0
0.0
0.0
0.0
0.0
0.0
0.0
0.0
0.2915396540064953
0.2992623446589435
0.0
0.0
0.0
0.15515211517350025
0.0
0.0
0.44435375391260434
0.0
0.0
0.0
0.0
0.1788311832379872
0.34402137786340203
0.5779796686862655
0.0
0.4083421990349658
0.0
0.9743366749799052
0.0
0.7243674849085797
0.0
0.0
0.5770122300844349
0.08340602805379826
0.2246684884650394
0.0
0.0
0.0
0.0
0.18224573431537716
0.0
0.1694354208623392
0.212050938450848
0.0
0.0
0.0
0.0
0.0
0.04924483143317515
0.22581602898425013
0.3524857292460024
0.8173233969777307
0.4458900429860494
0.0
0.0
0.0
0.05011218553656016
0.0
0.0
0.0
0.6664872278772522
0.0
0.0
0.0
0.4424253365563606
0.0
0.1098038494921939
0.33411526054927776
0.5468613856226474
0.6312075944636831
0.0
0.6955859949118599
0.0
0.0
0.0
0.0
0.0
0.9504511982538598
0.6701747020149003
0.0
0.412307042837884
0.7765763990342177
0.7689525798302661
0.14949614252819365
0.0
0.3343148995541195
0.9834450502450744
0.6547706874908032
0.0
0.0
0.012284539962265195
0.0
0.05297254807657348
0.9981274007246131
0.9989588354791649
0.9961265045981076
