0.4438684195874292
0.3311835046629506
0.6358803174665486
0.0
0.5729074338630746
0.22375290902050599
0.0
0.33581569878120976
0.13927934852754828
0.7338254789701225
0.6297784920399823
3.3353527518863635E-4
0.40236576457749984
0.30001011674197686
0.6801291297033507
0.4880978744963384
0.4204510237852238
0.0
0.7496800250775203
0.7212061768985683
0.0
0.0
0.6064763876205768
0.7072611139030247
0.5970294795846443
0.6612721234670953
0.5212070531826893
0.45634009251576424
0.440945946652829
0.3460869306106053
0.36477628215913166
0.4019368532717152
0.5270038205342753
0.0
0.47719306532965766
0.46772205186464694
0.4058990422214041
0.40573761646045053
0.3665339723968425
0.4717839192996916
0.5410464243537669
0.362262176700256
0.3332752778632499
0.5618905057108247
0.0
0.5472507081023994
0.5931853490294948
0.5050346956651695
0.18545047712522203
0.46350044155088593
0.4821042471764968
0.1563779793654707
0.46361169624848625
0.0
0.3822396212040901
0.0
0.540953802041393
0.3660741399802926
0.0
0.2561111670254771
0.055532524660892764
0.6755143096162962
0.02936306290804798
0.3544492851322661
0.43340166227981547
0.6107638181687035
0.0
0.28463855831877655
0.5293693216903412
0.28386632185114
0.25560306388919046
0.0
0.6061220027338715
0.3164837279122264
0.7270154005786453
0.4777779555273772
0.12544229731022902
0.058129359696479664
0.5026231487714676
0.5485851378671118
0.0
0.16904121362125768
0.6093650474178643
0.3167977689508392
0.32913105912118773
0.3030464874129181
0.0
0.46988605988944837
0.2802900722547376
0.5496171742555145
0.43152826784751797
0.0
0.0
0.5547223251191069
0.10059529978016037
0.24741704431318498
0.0
0.10513922537676781
0.6733637800461091
0.20060519004171162
0.4934467986819479
0.6132674868391927
0.45584177610938564
0.0
0.1674150689629125
0.39593782578415715
0.5484869184775009
0.0
0.7513712172124201
0.0
0.14710317170161963
0.29788016417761254
0.6446774101923411
0.5521615830173963
0.5187421770550104
0.0
0.5622362265167238
0.45425312572972204
0.0
0.2900660657913479
0.0
0.11673677013371896
0.3658487935853153
0.4982442225249548
0.44832037735893465
0.43747432664250147
0.3915511414342425
0.33811306796433654
0.6128134812260504
0.0
0.5808856107830105
0.5821557759501463
0.5271408969262878
0.3345690386719033
0.7865389800690189
0.0
0.2546678540596167
0.0943796960835491
0.4355133151556855
0.6606613252316014
0.0
0.0
0.3078919123436606
0.37281108983634453
0.0
0.0
0.29858677399378314
0.1536210317744324
0.0
0.0
0.5170709080032263
0.0
0.38029984904832725
0.5721229279650917
0.0
0.0
0.6993353179692068
0.0
0.24762001038892825
0.24264887805523952
0.0
0.0
0.4423680686473403
0.6197987918148693
0.5612773564435847
0.0
0.0
0.3988878319641768
0.2658888519971558
0.5654082190817749
0.4140061729769453
0.013067214250560006
0.0
0.45815984876767135
0.332894167331759
0.3270913066900986
0.66183490187451
0.2951061672231395
0.10324728488048587
0.5154010732596649
0.0
0.0
0.0
0.19622051641164817
0.0
0.32682545525071005
0.7120406629716989
0.6848082309013147
0.0
0.0
0.0
0.6104699351373428
0.0
0.005139771528803284
0.0
0.5856902274443669
0.489508907878328
0.0
0.3020469840290381
0.570050143238318
0.20901115853522673
0.4344240928526033
0.0
0.4922634612066101
0.0
0.0
0.276978578472191
0.38807604878507895
0.6493137978703176
0.43674533816989564
0.0
0.0
0.5798262689009049
0.6588057379104045
0.2597522787398945
0.3947510221384553
0.5051077156370565
0.0
0.43534283888800074
0.0
0.0
0.5802955816837613
0.170673868328082
0.08728107858199252
0.39449065961306307
0.0
0.5079225972894618
0.6752050209383803
0.5458413703977897
0.0
0.0
0.5172425995545523
0.766831235235461
0.14249751678282674
0.651871993537543
0.5015815319461311
0.0
0.41078982766058086
0.18032375840030074
0.5666231840478115
0.0
0.47552356146450475
0.5741026613145673
0.0
0.5468901691176105
0.0
0.0
0.16509842319324988
0.0
0.0
0.6015117144569888
0.695112083502874
0.5066568551509372
0.0
0.4234846324822235
0.469745816043745
0.29073799587154653
0.16284649968388135
0.0
0.25742947916040443
0.0
0.7014824865377101
0.0
0.35986514367928074
0.0
0.0
0.0
0.0
0.10527310702039885
0.5548658985824627
0.0
0.2919371694740725
0.20850920110712143
0.2595153736435299
0.5945816963643337
0.0
0.0
0.13513679211092222
0.40493159950929125
0.6147267106468909
0.0
0.0
0.44072774014996596
0.0
0.6813645790867204
0.5401574668270525
0.20217245148669233
0.0
0.0
0.0
0.0
0.7428566406019234
0.6045593083160151
0.46167147832021677
0.3376172007299478
0.032336790117740016
0.09327793470611835
0.48036578934046015
0.0
0.20437363031415956
0.4497899697768755
0.012160808358120563
0.04979167998924895
0.5734011908999713
0.0
0.23200358499004486
0.3211607640965545
0.0
0.0
0.5480915410046483
0.39708163142662145
0.0
0.05655991799211608
0.532928224532977
0.3220690119924339
0.32016041762736347
0.0
0.6013512922717085
0.16932177965434247
0.0
0.4898052130958821
0.6468690030918902
0.012491154860682878
0.3435619287633351
0.14271404670932344
0.5246669388060711
0.0
0.43897612234440914
0.0
0.0634344963041402
0.5970459166375643
0.0
0.14455406014496394
0.6286006224123667
0.5467769786602321
0.4128137592225485
0.5680999776082013
0.6867547248665857
0.45617377994035
0.0
0.4445205113562903
0.6414321132551524
0.0
0.46174119180102213
0.0
0.0
0.0788062608301275
0.46456138659118745
0.8350507707311953
0.0
0.0
0.37901593215541923
0.0
0.0
0.10185326099347974
0.0
0.3166684358347283
0.37662600770348087
0.0
0.2539817524079004
0.6114377834487131
0.6093191320278545
0.0
0.4787708388763714
0.0
0.6227506449415455
0.5211583384521157
0.0
0.08181506794866031
0.0
0.3732117590396397
0.0
0.5382856722610105
0.01199306733612575
0.0
0.0
0.6279514659331114
0.3156960615357158
0.4698000718356433
0.20221060750459557
0.4150416244761293
0.22305711150269264
0.15005321008243436
0.0
0.5520362081266716
0.0
0.46927259153662626
0.32895762774952414
0.0
0.1552373822980689
0.0
0.0
0.6841173332556073
0.30261393597209313
0.34329331966921406
0.0
0.0
0.3362717418717334
0.49738201707582846
0.0
0.0
0.1752747494041904
0.2131509745835601
0.0
0.4971650672101779
0.27561505089338123
0.14447856618751687
0.27381730197427345
0.0
0.17898015036632572
0.4758194247543386
0.545248874303222
0.0
0.0
0.4716276164693803
0.4542369609968883
0.0
0.40032169018153785
0.28664349124974364
0.439908922592361
0.0
0.0
0.657684115089456
0.4468664950708715
0.0
0.5354144450170268
0.2543498183553249
0.0
0.0
0.0
0.49970529395292107
0.3607717041410435
0.33950527649368145
0.22710461037183416
0.47490432785581504
0.6434515209886683
0.5191548105560425
0.3648612989930644
0.0
0.5550854658279032
0.0
0.24458730359827122
0.0
0.0
0.11233146729394787
0.0
0.22667152495633414
0.0
0.36440005640840095
0.6661150467180382
0.47845931605093484
0.6241200654562501
0.5211789748612043
0.0
0.4943047205393423
0.7432052580760838
0.0
0.0321369934267411
0.546291437825487
0.0
0.0
0.37445121610765764
0.0
0.5154641184680828
0.7144906835475008
0.5336455574065865
0.5335251426262122
0.5671046201069188
0.4470483560034943
0.4300840634836438
0.5345921523548106
0.4985333621908423
0.0
0.3500192015276782
0.47050924988832754
0.08616660491951818
0.0
0.0
0.26284407386654046
0.22974614269514018
0.6469276760044187
0.5281269122860437
0.4849515252155572
0.415018264903163
0.4700251638264018
0.5946387833919773
0.260460316683244
0.0
0.5453833214991701
0.34880665551226014
0.4431899084815572
0.698747816902965
0.4113233321684185
0.1856517238097008
0.4151753678742601
0.5421007930036157
0.2730502047864273
0.46963406067827446
0.4575953578113566
0.0
0.0
0.5686330412419129
0.22768521608657571
0.0
0.3890130406915191
0.5643989837776799
0.0
0.5369458677800937
0.6082667972943011
0.0
0.496541758558674
0.7993214898309103
0.4075754127258414
0.0
0.08598902374793688
0.3768633733970499
0.505278133813927
0.01187033687093682
0.0
0.0
0.6753757332214271
0.3035561225037358
0.2950442608208242
0.0
0.17611733055644263
0.0
0.5416688059711745
0.5395879783073386
0.32339409770168714
0.23109445367754408
0.0
0.15308289574384384
0.0
0.035281623651651085
0.0
0.6323000218147615
0.0
0.0
0.0
0.22708104648776295
0.14236054030610149
0.0
0.0
0.0
0.5107065521025306
0.0
0.15508430683870036
0.2083199178699207
0.3985231243942468
0.4016265427541793
0.0
0.0
0.6509940675148695
0.3138901114664561
0.7245602539002554
0.0
0.0
0.4673523685830856
0.0
0.0
0.0
0.0
0.10048420119476768
0.0
0.4396702951419592
0.0
0.0
0.6758772932962795
0.5512963109811745
0.0
0.0
0.15339636593451103
0.5371024541887686
0.3205162456013254
0.40036927007197437
0.04857380066166017
0.6526570679044836
0.6094706311819486
0.3748372688092803
0.0
0.0
0.3231080789649787
0.46615705513232913
0.5991525295098723
0.11519149234544838
0.19573416650112196
0.40972165428709323
0.37003667732523954
0.0
0.7045243938161952
0.7251788360922392
0.4190232346916041
0.5574455916136579
0.2472694772452389
0.0
0.0
0.0
0.6844921475220898
0.0
0.48929179319212524
0.6501195526424175
0.31032060664067695
0.5351014031307749
0.0
0.47476540885821944
0.5692625789040611
0.5114318109851511
0.0
0.220875236313617
0.03735045904816921
0.628179003553444
0.43268513782322066
0.47973761164113554
0.5911424585431075
0.4425863284031952
0.3411784519257393
0.13265357818146947
0.0
0.45194257525600784
0.44377883240922733
0.0
0.0
0.0
0.5272749014724021
0.6830785374888366
0.5981514469923812
0.5136409134550599
0.5689347130614615
0.04867308279545204
0.5112646447968054
0.3522108958893784
0.4760996894605365
0.4521326094172741
0.5886662219818001
0.29408495616496244
0.0
0.6055058583600929
0.6519206826930378
0.6886940222408968
0.1692314297853262
0.5675056772034544
0.6297526147258358
0.0
0.0
0.781988638645163
0.36539439499419757
0.5092435418706245
0.23142448633132381
0.0
0.35051195673773894
0.49293108470265506
0.44545551407713474
0.45960688743007744
0.6015564387349314
0.419013699415722
0.2895335752787358
0.5005153855707305
0.39543875786624544
0.0
0.6101434553630639
0.0
0.0
0.0
0.7534576742862678
0.6678311890424921
0.021472330614755054
0.4112031076657886
0.7823454302997238
0.385659987522697
0.0
0.0
0.0
0.0
0.0
0.33006988116849656
0.48362291623713133
0.5230504059098099
0.3372910037560581
0.0
0.7075602137380024
0.0
0.3734504225310149
0.3150484858689
0.4958615550822783
0.6495688017707747
0.0
0.2829960753810207
0.4918458915945386
0.0
0.0
0.3613250057079962
0.5567969671752742
0.3320504217516204
0.37007751822015883
0.0
0.2538490165992371
0.0
0.48601564419943855
0.0
0.21992337924362976
0.5955264998647358
0.42937669583262905
0.0
0.6604634400258543
0.008922358251387822
0.15757471786177266
0.0
0.0
0.5854357727157272
0.33684733747524126
0.0
0.49140343510216883
0.3032187627029634
0.5860138300799246
0.0
0.0
0.6032922908316132
0.5166617059653136
0.0
0.0
0.0
0.0
0.0
0.5568688863019837
0.16503491567875236
0.0
0.6577983105973386
0.0
0.4538068745952219
0.5029546665703207
0.0
0.3875615087796514
0.3461580985890431
0.0
0.0
0.5278580550431917
0.5069238712402097
0.3135747927989632
0.664595400335376
0.31853983129140095
0.0
0.0
0.0
0.589151542347258
0.0
0.4960146290606571
0.4990928058319171
0.0
0.0
0.4068773735310109
0.3878635356475268
0.13634958711966547
0.2523300018319682
0.0
0.5978540026145212
0.46475870245452133
0.40190459101731996
0.6428945363757061
0.6039259510452222
0.03336720811846749
0.5675834185174164
0.7294895398074768
0.14309806279620843
0.26878391965094167
0.13446215705123182
0.0
0.0
0.5637588829351585
0.5764124304270991
0.28062449110001
0.2880985881510711
0.26232878919074387
0.3648012064719426
0.34867809143222167
0.17294916070877922
0.0
0.4345072800364542
0.0
0.0
2.478398415326026E-4
0.0
0.3219497386028636
0.4327977717542928
0.29912258984659257
0.621228798087707
0.46461855770486604
0.21115790470805534
0.001233817362173561
0.540076902197761
0.5348075036027463
0.0
0.43849422137115707
0.0
0.014184024398144594
0.6383267778898664
0.13368440622968952
0.0
0.4510073262826425
0.5400522013054384
0.0
0.21580342572989605
0.0
0.5206129279055691
0.09216264309297463
0.3931243399121437
0.0
0.0
0.0
0.34143769517930883
0.0
0.20616101170668094
0.6237732824076481
0.0
0.0
0.39759622219456126
0.5144974037746614
0.3206641197991855
0.5638690366773497
0.3805617334842923
0.15259866837323985
0.5233985778976998
0.0
0.0
0.4915752253602151
0.0
0.0
0.3605789430115649
0.13137413168013876
0.0
0.40265816647516606
0.0
0.0
0.0
0.0
0.6990518177785248
0.40896731333498504
0.3067792108372586
0.6477237611519049
0.28213886294410645
0.1907227569316673
0.2196778048444061
0.5531923436944106
0.0
0.0
0.0
0.25948277599212133
0.5181922678113853
0.0
0.35300291776983067
0.6279468706773981
0.29590401233065516
0.5864690249264615
0.0
0.34855098306738763
0.0
0.0
0.0
0.0
0.18725844928608057
0.0
0.0
0.06993728891370106
0.4349122420652821
0.45631588042429716
0.22898256659351263
0.41325268170022783
0.0
0.038082314072528246
0.11047072452950761
0.3900252944774873
0.0
0.18810085421022313
0.17866008717748638
0.3739837551037799
0.5994576083800052
0.0
0.0
0.0
0.49500581071975464
0.0
0.0
0.0
0.3178419713586168
0.0
0.4121927656898421
0.4844234683835898
0.4149982952787122
0.0
0.260956751453971
0.5950127263354557
0.180796724712507
0.034262279116807244
0.0
0.0
0.1530193793102182
0.46239016417487167
0.18614549825323043
0.0
0.6245546823808147
0.0
0.09690167227698869
0.7437523922069326
0.6317561780460451
0.30790636684560146
0.1541257887851353
0.589363963304172
0.0
0.0
0.37957145079662497
0.33040843734548436
0.6640180949404462
0.0
0.6948490322030008
0.378016025588219
0.0
0.2602853645442944
0.1101323190198792
0.2578592253569691
0.5667610485847491
0.3578820305278352
0.0
0.3878669304882584
0.0
0.0
0.2708503433013686
0.4346302970579813
0.4354393107449294
0.4174468999597743
0.4046680294491181
0.4794587825102323
0.4435620015710499
0.0
0.6292356230615687
0.5968380866552397
0.0
0.0
0.0
0.4989957767282689
0.10770262104422611
0.0
0.587236953703811
0.4209934877526828
0.5094016846207212
0.6464835361569731
0.0
0.0
0.0
0.05606205703569126
0.0
0.5266296574555072
0.4759373938748814
0.0
0.041228503544101375
0.5014216127975106
0.4676406058726629
0.6502742953971248
0.1506901492055397
0.5335358607369329
0.2824128907233077
0.44164258093872183
0.0
0.0
0.09338448346654848
0.5297260057780784
0.2851948423780472
0.449507196714602
0.0
0.5217114922273365
0.055652916523282046
0.0
0.3776332471066888
0.17082609563074347
0.0
0.46610447355919976
0.07144851437585403
0.0
0.5418450851809462
0.0
0.24803129093684706
0.0
0.0
0.6962582580183239
0.38811609954393494
0.6504159898946915
0.528694699559646
0.0
0.009184655697154957
0.4307133158983354
0.0
0.4308325405011161
0.0
0.6176206881794949
0.0
0.14042770335571736
0.14922532187338744
0.349534243858059
0.49407353716918007
0.4222001249245363
0.0
0.3511883517543105
0.0
0.45423131320145105
0.3654842851610844
0.5029658425808269
0.0
0.0
0.24376919330561192
0.037096901372809625
0.5541113681692044
0.1195978451461346
0.4304234534647873
0.0
0.0
0.0
0.0
0.09206157987883215
0.01981659219221514
0.46240961842574757
0.3269090240911456
0.5912748339721227
0.6281664270677444
0.36938923085115005
0.3955861294105516
0.09649803530443715
0.0
0.3695575054525827
0.6391048670544659
0.0
0.0
0.0
0.3364349764932138
0.0
0.3916438428124889
0.4007071567527681
0.0
0.5636949222045835
0.7055695859510785
0.5214734894111117
0.0
0.6236265507707076
0.0
0.38223271069962017
0.6483477188487933
0.06676638086499008
0.6698534940979053
0.0
0.0
0.4503969062318765
0.46901360042612916
0.0
0.0
0.7537764543216077
0.592285788808177
0.0
0.4711874632273942
0.04135089199598813
0.18363525960363586
0.0
0.11856190566174149
0.5147527605711351
0.0
0.6562122386408479
0.38853547871955907
0.3975645324380671
0.24462827321537753
0.4974220164044746
0.0
0.0
0.0
0.4442151347112525
0.0
0.0
0.1848788221071946
0.5479712075700273
0.0
0.4363613086690224
0.0
0.47210396567214596
0.0
0.0
0.0
0.5676192723038498
0.2598192070355404
0.5885534369615033
0.0
0.0
0.0
0.0
0.0
0.22043922588333822
0.0
0.0
0.0
0.4134001993753736
0.47087484888313463
0.0
0.6108300351803386
0.7676845519244633
0.42901864980760707
0.2649878501262217
0.7192849128016203
0.4983427207004642
0.0
0.47584330472456693
0.2507187913780935
0.6544829688773675
0.33208091539385187
0.0
0.6907331695235043
0.0
0.5745299782730277
0.0
0.4659971308489363
0.0
0.12418693326462457
0.4713380806620534
0.46365268378102037
0.0
0.06271805402838188
0.35960069806234657
0.2883264158018001
0.3842548166615686
0.0
0.0
0.49704327230068085
0.33234162452484767
0.0
0.18545377446653585
0.47471566343286914
0.0
0.2690389369059825
0.5856991870924113
0.0
0.7104278892073745
0.7661116640557185
0.0
0.0
0.0
0.46445921671615104
0.0
0.0
0.5735833888464695
0.5712663144456129
0.0
0.2205028861006718
0.0
0.4083876012250394
0.0
0.5699061001407316
0.5059444929027376
0.3762196503614
0.5183313003881974
0.6015362032946947
0.2633675096243012
0.23994973483099505
0.4842190974730298
0.0
0.0
0.0
0.32286818272166795
0.11753131810012969
0.21668329524164656
0.0
0.44465646875048215
0.6392361171645011
0.0
0.6388054313029917
0.6232374798117218
0.24698331599508888
4.836887480387532E-4
0.32770629847729305
0.27920708196292404
0.14745637275144538
0.0908814420601658
0.4710985329575365
0.29060399965155514
0.0
0.41450856393368934
0.0
0.0
0.16506495120259673
0.024757450673133303
0.3712730294333106
0.16855688761546989
0.32885794060683926
0.050546335089667674
0.3181616816489569
0.3358330412219595
0.0
0.6565517760355419
0.5837070409059484
0.23218234832604612
0.3422354195191287
0.2615769523937277
0.4864783636478115
0.60668775755943
0.0
0.5505269768505794
0.478837887502677
0.5141521506989993
0.10000936512098961
0.05253099302763804
0.0480046650727684
0.0
0.2620464551500651
0.0
0.0
0.38216310824051025
0.0
0.4869040824658607
0.5152376623832897
0.08136552468646469
0.31077023969362855
0.4727303554404868
0.2128582290679027
0.6174735582446634
0.0
0.11440639844934032
0.1937132576848919
0.3675411233984107
0.3293937454265892
0.7116819113144759
0.16679490689012286
0.7245729508900238
0.0
0.4230659999855882
0.3455833692655193
0.03245124692711096
0.26132483083710106
0.20895353459639346
0.5685646535876542
0.0
0.0
0.18683674183813348
0.0
0.0
0.48102754931553626
0.14914223372449487
0.46995043179626667
0.0
0.5175026730502135
0.3200425780511771
0.0
0.0
0.40360252223174053
0.6323963452578737
0.3940936259918712
0.016370293530990388
0.0
0.4848296087853049
0.23788933982879748
0.3192271349961935
0.0
0.08546311283211845
0.0
0.18277683984638587
0.4954510179302225
0.2888142458956714
0.27134311739945083
0.5215466084733208
0.27322147966744087
0.4081661861534752
0.28359017917677815
0.4857891030089369
0.23843776850585913
0.4870404189409169
0.0
0.6601926287142479
0.3833497724885658
0.6430841037255487
0.36845327439861736
0.44440262512851897
0.26105191574970243
0.0
0.0
0.5612297365976047
0.5342287878406375
0.44665326610990747
0.0
0.15743205691043524
0.2478938537597876
0.0
0.5760589571698677
0.0
0.015338426894137013
0.2561410009154039
0.3265995523350812
0.48932627287677055
0.3314049425293642
0.06940830475851194
0.5897592717379827
0.0
0.0
0.30975445824914877
0.5557573915771102
0.0
0.0
0.31974927937008
0.021102570075300257
0.27610692963106975
0.0
0.0
0.5673923748333417
0.2769763092555638
0.5189960611918909
0.5413276932900112
0.0
0.37910584795107877
0.4088253710158494
0.4346232401343545
0.0
0.4897442189793212
0.5977974120346841
0.0
0.5630080561964365
0.5922106872669579
0.0
0.6047254500373468
0.6129558319058712
0.3833597047207285
0.0
0.0
0.5869621286544187
0.0
0.12491181607976252
0.0
0.3062333328608265
0.3815329033040209
0.0
0.3939052246564937
0.5319474858176152
0.0
0.7904524509686979
0.0
0.21928745538375052
0.0
0.0
0.0
0.6558367188503759
0.511264283560702
0.36447933115422276
0.37586654726397467
0.6805436849504111
0.14478359961641835
0.0
0.0
0.0
0.292110055007383
0.29349412403992864
0.7282636292381462
0.0
0.0
0.08582583056883192
0.0
0.0
0.538508285768535
0.0
0.0
0.5841536750477894
0.04156741688885873
0.0
0.16676213843373142
0.0
0.6047433692734138
0.0
0.0
0.0
0.6842033847840109
0.5782561572419583
0.39783433459409595
0.0
0.336088428648807
0.0
0.0
0.0
0.6164142498912738
0.0
0.0
0.5843673145248599
0.5825042667450487
0.08057052419072051
0.0
0.6992955212047354
0.0
0.2360887156291873
0.49841926125565095
0.08982650815682701
0.6275777806550598
0.578006820770285
0.11617155479816736
0.36316075222544625
0.5405398081413961
0.3726120089320714
0.036773086084164124
0.14832234591933863
0.6131428757605915
0.6289930380023809
0.0
0.0
0.44791259142713613
0.6105279711653522
0.18648077575452107
0.3158669008505152
0.3909873667175732
0.6161955850574117
0.4707620410860533
0.0759314318532068
0.21699062390769097
0.22625941036291414
0.2211782244945917
0.25286779605543724
0.0
0.5256464047725087
0.33075261093897085
0.0
0.5196332497746858
0.6238679048535972
0.6740101755645699
0.4375129810373159
0.3483555951615291
0.5592119562787304
0.3352007606300372
0.20631413782893868
0.5406347664875524
0.26778082713186135
0.5754552316522589
0.5005911797667733
0.0
0.2188786799153989
0.2323506668400495
0.6331754455106581
0.16600984798180315
0.5636145458622585
0.6821783401928275
0.0
0.3283851414106286
0.0
0.04563160346704774
0.0
0.5146801318569242
0.7724319587925931
0.0
0.37627876927084875
0.21565705350571324
0.34772325754468897
0.5837505381565171
0.5975733416138763
0.0
0.0
0.09526328312535567
0.0
0.0293372960114942
0.0
0.23459320739858955
0.7232483273882621
0.5370628264180137
0.0
0.0
0.49455762377716944
0.4805845152907517
0.5561720315242623
0.0
0.7162254675895326
0.6270915078619349
0.07977045521939666
0.36444139788890306
0.0
0.5896065688967734
0.6022927779290205
0.0
0.0
0.5757444676544294
0.0
0.2968616732409607
0.6131329279753575
0.5186395682237879
0.0
0.0
0.3144455111756252
0.5490440361162244
0.5979206902785636
0.6977541318602606
0.0
0.0
0.5220822066071841
0.7844833515075532
0.0
0.34186795422494237
0.5973263271966568
0.0
0.0
0.36718494306320276
0.3024998724701477
0.0
0.0
0.4149180970625922
0.6581934262786543
0.3458609220143041
0.09909552593773749
0.0
0.19993009939665793
0.47012894183915255
0.0
0.5708293421831848
0.0
0.6109730116859101
0.0
0.2652285606953252
0.0
0.1038608260285964
0.3150864826812319
0.0
0.0
0.5205874362616286
0.5623596195445685
0.0
0.0
0.15041639973097587
0.5662612017614833
0.7943510984481772
0.28437110826561923
0.46583082807337334
0.21620907322657387
0.46608158893755053
0.6934822453332422
0.27158383935489777
0.5354498200173784
0.17735626020805398
0.0
0.0
0.2002359679267019
0.0
0.6331971090628459
0.5469460972671809
0.0
0.0
0.0
0.019293896447621178
0.0
0.17615494166641155
0.0
0.4735611108585382
0.0
0.0
0.16940790887367743
0.4254864092641238
0.49652511574671543
0.5018669394754223
0.5712927656877889
0.5825854205274026
0.187087259472129
0.0
0.0
0.35948338053587614
0.5075096793099269
0.0
0.5738971030850757
0.4378016119482461
0.3202179707270458
0.0
0.4354486789130851
0.0
0.3544594245771937
0.6338129707617857
0.0
0.0
0.0
0.3835907137023787
0.06742359894469085
0.5391154451846423
0.3636579490334381
0.33938129382530235
0.6768260681100378
0.0
0.0
0.0
0.6961676883722085
0.4424967616437629
0.5188991951806367
0.0
0.0
0.012317603242795952
0.1012154445706897
0.0
0.5187680129388195
0.34546279963957743
0.6863326245609728
0.2549368882778479
0.5137254667830665
0.0
0.0
0.5090770018635498
0.2740118195616189
0.18934454153866556
0.3743850419848116
0.23364502965176384
0.16173659718275554
0.5763943524106543
0.0
0.4458599758186172
0.0
0.8022276714734615
0.19995746024595293
0.08775067024987422
0.11114919019828638
0.0
0.0
0.0
0.5814505032033499
0.4412466709494953
0.43542741379312194
0.4046678300991397
0.7045285780253235
0.12170241421413874
0.0
0.3255629095443868
0.6988177095662786
0.0
0.3644260611846409
0.0
0.0
0.22757623079200123
0.0
0.3535418775069825
0.650100197962362
0.0
0.0
0.4048602582618076
0.0
0.0
0.0
0.0
0.0
0.29971202248439327
0.0
0.0
0.29539971150112
0.0
0.5508678546860913
0.6888308067724935
0.4026974004641642
0.14789039337434462
0.5136041166421461
0.602204879205945
0.0
0.0
0.0
0.584851774343777
0.0
0.19594084782789803
0.2303394342646434
0.2540003302142267
0.4210459625996856
0.5377996158025387
0.46371728389848593
0.0
0.2604751398935743
0.496512301810891
0.0
0.0
0.49668074543618373
0.0
0.4081600727934919
0.0
0.4962437731284211
0.4984019833373388
0.6585705044656689
0.5846880897245569
0.70342522235205
0.24584288032622365
0.0
0.3872113763216553
0.0
0.14751610280574648
0.15932406767758933
0.5163997871832445
0.4560443837532597
0.0
0.0
0.0
0.4683236871577425
0.5173530871154958
0.7214288644912729
0.0
0.6362765685462802
0.5797891761166071
0.5251045694804376
0.0
0.46997960918405657
0.7203815268581668
0.21684864744316437
0.09758449513399971
0.0
0.2628464689757157
0.5272002640969299
0.0
0.0
0.0
0.5249114409644492
0.5544762529174877
0.0
0.16487075726665085
0.007384350509404725
0.0
0.391992656467736
0.6993284611488401
0.0
0.31577282583028426
0.5247693538425227
0.645662371211741
0.6917052652979767
0.3223165885628951
0.0
0.0
0.0
0.0
0.0
0.30975471967499796
0.5929787159958438
0.0
0.0
0.0
0.2340737521863483
0.4444189954560254
0.6618837969441883
0.0
0.12494407027615007
0.14629498282724454
0.0
0.0
0.1771730511023573
0.31493497668229414
0.0
0.48746349689748086
0.5027506231807605
0.0
0.5817882240396861
0.0
0.35816855608626597
0.028740714736391053
0.2897369138122375
0.0
0.4942458968330839
0.0
0.4064629269121558
0.3196765483813219
0.0
0.4649474389585269
0.185439767310119
0.4667049358055304
0.0
0.2020742291647955
0.0
0.5214481221456291
0.5576813179124007
0.4920057008489422
0.0
0.0
0.06621972799908235
0.7136878138059733
0.4924317935666044
0.5384066306444661
0.41559231576725264
0.2476167957030461
0.0
0.22237203290770263
0.2317128472114974
0.0
0.3675671005870991
0.0
0.5087825534620273
0.23395630393155786
0.7007035500410563
0.6780731350583432
0.5510659569827896
0.060872685499714654
0.0
0.5890876931136018
0.15562924398393896
0.011882689360068005
0.0
0.5366355691692457
0.31399358071455047
0.5666117873066027
0.5057063617771058
0.0
0.0
0.0
0.3745686813641755
0.0
0.5641125874865414
0.0
0.5332041542416701
0.49816851068266904
0.564137729714775
0.7341251346149273
0.41044186452247866
0.0
0.42014497793019495
0.5726610226819959
0.0
0.5844206319450046
0.0
0.16135577007356564
0.34992759029688725
0.27345671282456346
0.6421797911863107
0.466837832044606
0.0
0.4652962609878689
0.11936887278568531
0.11551437596010085
0.0
0.5359269823126652
0.55721581904987
0.6012739987715723
0.0
0.7230822573927828
0.39712941670077434
0.5727391548124291
0.01000213769036529
0.224211002126924
0.0
0.0
0.6984752703568364
0.0
0.6362784429158068
0.15047475204438066
0.0
0.0
0.3803492642994017
0.0
0.0
0.639457037102547
0.0
0.0
0.4853016297270744
0.6443058470969245
0.5416404729377466
0.5102742518412396
0.48043765017811385
0.41571986536069655
0.0
0.5601503472072771
0.0
0.5431304223046944
0.43671301453781414
0.5560318416398551
0.07494943097338701
0.3585537891628342
0.3223765468298035
0.5033913768276136
0.6146669510877611
0.38210833573949426
0.0
0.0
0.0
0.312416959390102
0.24803176799392024
0.15221685686887862
0.4733154733920255
0.6614214660644729
0.029472280990760224
0.0
0.028874219872550528
0.07965663154687594
0.0
0.0
0.4550861575400516
0.4293396708543732
0.5667898787669406
0.0
0.343854295907467
0.5921889331994137
0.6163899268949109
0.0
0.0
0.0
0.24949175610659385
0.34359818883906645
0.6610178674994726
0.3071749606248048
0.36389591445039077
0.1343556238416314
0.4563599602691478
0.24537846136085625
0.21981808580098963
0.0
0.3874646238264224
0.30489526788652954
0.0
0.0
0.2450495528907301
0.0
0.18920724725050253
0.0
0.5765596113903607
0.4200555433031866
0.5586698271757344
0.0
0.0
0.5295899744510895
0.40584251112779446
0.5524763402101043
0.48230107362263874
0.5386783385640219
0.0
0.0
0.0
0.5994633785265648
0.46790352650147965
0.4852948736212426
0.0
0.5110124839288097
0.5281656115448353
0.4865089180130027
0.0
0.20290451860634903
0.2027548755070494
0.0
0.0
0.0
0.1107757874586631
0.0
0.5069022253328026
0.0
0.5089044235621049
0.639040571961109
0.12346656733933241
0.5237205912219103
0.7139360435224982
0.3784780719594983
0.4094491030696595
0.028579152424340122
0.037449733174133526
0.27959550867953137
0.22931637494110163
0.0
0.4973473828420986
0.4818822418912371
0.0
0.21275298465591447
0.2806844980352904
0.0
0.0
0.23995698923413575
0.4574298783373875
0.0
0.5247988192353218
0.0
0.11369943589679707
0.1182322763826132
0.6953266457756642
0.46029710675829855
0.0
0.0
0.28217523733670846
0.1767556956813752
0.0
0.0
0.3981465064546731
0.522049876379053
0.5515417852326289
0.5472963494198249
0.0
0.5802639938079764
0.387128915915994
0.6441200155809191
0.5586596779388171
0.514042582797432
0.04901325746211924
0.0731893894782789
0.36870947061906867
0.35037506593341644
0.1135548178063121
0.42909790722437396
0.0
0.0
0.5271215320280859
0.0
0.6590575252755747
0.32774085678320586
0.6369190223227963
0.6856145542409791
0.0
0.6736182337757284
0.5503720044352447
0.0
0.0
0.0
0.0
0.13583750357732477
0.22201179564480886
0.6428420245782236
0.23609945587930048
0.0
0.29657383443552693
0.0
0.6104279791453443
0.06223680347641089
0.0
0.0
0.3286687666002914
0.13537184857583145
0.3353407328303299
0.06452746680330758
0.0
0.46204951864545335
0.0
0.31293627243708866
0.0
0.6329131190998737
0.7119864663116714
0.3938916787919934
0.3910551038623566
0.5575547640025299
0.0
0.4170063970936264
0.0
0.1062235268463978
0.628400195439809
0.6981539019815065
0.2830296053803952
0.7305479188258194
0.6182776823580929
0.3797226189265293
0.4144747900105346
0.45003480898133535
0.6452567096151732
0.0
0.0
0.3488377214986129
0.0
0.09484295069670858
0.18984525670649424
0.19011487195695634
0.0
0.0
0.5822573139175073
0.5440135789808208
0.3931607344926241
0.0
0.5111431681501756
0.5872804855081905
0.41624638617808984
0.14497852931875813
0.30210852843708175
0.0
0.0
0.6685702671588702
0.24428777861497097
0.2501065281786368
0.6252377109643495
0.2670283288535997
0.0
0.2479433753822891
0.3874493420266086
0.023284476511804864
0.0
0.6065901431025362
0.0792184091272338
0.6618935721532526
0.0
0.24205305736926053
0.3475949049019936
0.0
0.13904817251404178
0.029048388489329086
0.14569367411740175
0.30968559543032514
0.0
0.10543463229465236
0.3004627568493221
0.2600563380100464
0.6272330736774506
0.0
0.2328060958305775
0.25071182013279475
0.0
0.0
0.0
0.2874012641440851
0.44882395445046547
0.13609643406811497
0.37741923047166276
0.6022614608494319
0.32861319903025815
0.4671887023562098
0.6199563182944559
0.29086309515509035
0.0
0.0
0.561889552800369
0.0
0.29623571107984803
0.0
0.4652372090551746
0.0
0.63407278950284
0.0
0.04279780485926164
0.0
0.0
0.0
0.45594090849041025
0.0
0.0
0.0
0.6077917416101815
0.0
0.5637997646266838
0.0
0.42293086245598654
0.31405502374787686
0.30999754087149317
0.2321703508072232
0.0
0.34905137699320093
0.490709218553054
0.37670171918049256
0.5663764660228853
0.0
0.36578698741263616
0.09143830914727885
0.0
0.0
0.0
0.0
0.0
0.4075890118682368
0.24879751661965424
0.05197497173745249
0.40523922282471614
0.0
0.14811981404225347
0.3440402919663993
0.28792352302585356
0.0
0.0
0.5533150210164897
0.5381019028311887
0.396794023160462
0.0
0.10737384322214856
0.26771839659189034
0.41102263167007685
0.49743188182773923
0.5461787761261857
0.0
0.5389065092411209
0.5052871299979338
0.3583933291488222
0.07122484435811796
0.0
0.5511408746556664
0.0
0.4071698540229452
0.3797724228021106
0.0
0.47606195046850963
0.08880688074302273
0.0
0.6248877266367966
0.0
0.0
0.3852229916035843
0.22461696857463892
0.4404009412342555
0.0
0.0
0.5419649919076805
0.3051460158190636
0.5089584822330893
0.0
0.4936970576123563
0.0
0.4666886844828693
0.497701866775341
0.5421103039195505
0.0
0.30720710187544037
0.0
0.6170597566490508
0.0
0.0
0.25478864091337583
0.20993844264047215
0.5585399809014799
0.0
0.2903562646883967
0.3218512684243181
0.18821788613672355
0.10417591842168325
0.0
0.20500417037560859
0.7793052985632726
0.0
0.0
0.5334563388060202
0.17842872709105384
0.4196105067887485
0.3051644175509054
0.3273025504430342
0.3078909232270607
0.0
0.5212129563665592
0.37702914548261685
0.0
0.0
0.45438598398897967
0.0
0.0
0.0
0.12451208087824123
0.032933613925675266
0.00851768435577086
0.6852268883417655
0.46000916215473
0.0
0.0
0.0
0.0
0.43634939051996685
0.440336909313054
0.4950977832205669
0.0
0.0
0.6318127543590536
0.6133376628402246
0.40980934691259246
0.5964589182372871
0.0
0.5132420379909371
0.6911814223969307
0.6885506858255891
0.09534166469121425
0.0
0.0
0.5035608251072929
0.6066039633026011
0.14575652657011212
0.24909493322047932
0.5481902679787203
0.5759822568875093
0.077046718570117
0.0
0.5641036674017335
0.38742192956227706
0.0
0.0
0.0
0.5276628042362405
0.4103237552016334
0.0
0.0
0.5380784325142876
0.7109503128423644
0.0
0.4476545154088546
0.4982116120714067
0.6764977950829072
0.705669404307585
0.21187973234687932
0.13957672368874033
0.0
0.0
0.0
0.24769180316173597
0.5311406640960135
0.5922294453002424
0.28278069680044066
0.4964610777682378
0.0
0.0
0.004170956110018744
0.0
0.5326898387413354
0.0
0.025858640552661988
0.3765393994756894
0.35311588716556724
0.0
0.4416103349032566
0.15881820766745
0.14546919220462107
0.47992797880599336
0.5542923929828467
0.0
0.1872169132947053
0.0
0.0
0.4812730665821011
0.0
0.5349899126478126
0.4348564921877807
0.0
0.0
0.0
0.0
0.0
0.5539728593036579
0.08261602697574771
0.710472550353248
0.18459803791900414
0.0
0.35085200702688935
0.4624839612493967
0.0
0.6319588656251015
0.41556862742400824
0.0
0.49078435094661066
0.40571253787034234
0.0
0.3703281023767709
0.16657039820346206
0.0
0.154533139343427
0.0018621919169979429
0.0
0.3361527814564218
0.3477653537968835
0.14895059692041818
0.0
0.0
0.09531081054997682
0.2255973571286309
0.0
0.3037144094433565
0.24655883450460342
0.6734783755542457
0.0
0.0
0.6374067436208988
0.13000846638003902
0.4399369257107538
0.0
0.0
0.18192923768028155
0.0
0.0
0.15256129815580416
0.307367135004022
0.0
0.11770984130619723
0.0
0.441046712465038
0.35285275946629435
0.2308440610815864
0.38174600146244236
0.0
0.2900116168088308
0.0
0.0
0.0
0.17726155581285116
0.0
0.0
0.2505561268742282
0.4975456366248913
0.4449296581566522
0.0
0.6510360463456152
0.30330826732534083
0.36007156446076954
0.0
0.3232183798297403
0.7036412247932674
0.5722481962921362
0.2552250178657784
0.0
0.33383923401183274
0.6067192032681168
0.5008655758842971
0.10849594929220571
0.17067895312288428
0.4329398489126043
0.0
0.0
0.09861053582326507
0.5495007996785138
0.5863161132807393
0.718112720307065
0.7169318484504156
0.0
0.3198141735931942
0.4630462451537592
0.0
0.3947389930784283
0.587061708079288
0.415914572757387
0.0
0.0
0.0
0.41871438688031265
0.6683466509054036
0.14369798625048025
0.5674272655218741
0.4679381557974973
0.22541359891032928
0.41405313104405295
0.39977028371023693
0.0
0.48393106012422016
0.0
0.3046707843054127
0.4696630385065023
0.04372078621169169
0.20984714332018733
0.0
0.0
0.5138766739007362
0.5620981282018181
0.3714943428824662
0.2302296278158385
0.22511718040423784
0.36452193356711904
0.0
0.19523385716679026
0.0
0.3443492609535356
0.7479985798248874
0.0
0.0
0.0
0.0
0.29137029924285335
0.0
0.6161546741336461
0.0
0.0
0.15827109021078647
0.29068019186652055
0.40850570900827826
0.0685833828419186
0.2366417318524952
0.09633707815736406
0.6347952514629368
0.07955043386683203
0.009179822260633902
0.2961722305226046
0.17149702963793131
0.12244036676834096
0.22198023951896134
0.0
0.0
0.4727209921125838
0.11455025654244591
0.0
0.3990256988470315
0.6777674791899382
0.4100169242586729
0.0
0.0
0.4245937171311858
0.0
0.5573909897782797
0.0
0.28104406161859397
0.3172693242982458
0.5381311154245372
0.1267087238294071
0.4641568076780847
0.2942381014268377
0.7142707475139262
0.5086589202307978
0.0
0.43713954546247374
0.0
0.19086401964405308
0.6582296204421954
0.43801377953773585
0.2625180170260176
0.24135489382142544
0.0
0.3584597053055149
0.015158494531357362
0.0
0.3616059074836901
0.42387729406175184
0.5190586001108112
0.6717725693914314
0.3092908550809294
0.3485943507753758
0.0
0.23178478210349893
0.0
0.0
0.43707916290521165
0.37314415889312136
0.5468800556083485
0.13750877736443023
0.5001942233027692
0.0
0.2732513028377663
0.0
0.3910528155587633
0.0
0.0
0.5333160826040652
0.5708511864373774
0.0
0.0
0.1386547964662136
0.5377353217256056
0.38726898711758373
0.7119599924311488
0.0
0.4995727131933309
0.415920370349734
0.46759356081016323
0.08756767734068151
0.06116727466852739
0.0
0.0
0.0
0.5581380409516129
0.6131327997524177
0.19853017278588614
0.3821651844804279
0.0
0.0
0.5837630523692633
0.1365073531726789
0.6460656100763142
0.48166039125095655
0.4147756989038485
0.0
0.029283581256064305
0.3264248868177916
0.47787957180725804
0.3138538929293076
0.0
0.26874756131068045
0.3395899374292306
0.0
0.5423061500230217
0.19535564568252312
0.07381535059627369
0.0
0.39721512529523806
0.08459490734255919
0.0
0.7238348527658035
0.579115421387401
0.33666427423763384
0.0321537535637305
0.5045050297362452
0.0
0.43618520006836575
0.0
0.3972535675923019
0.0
0.6708552781381604
0.0
0.44808753302498716
0.0
0.5785002029437404
0.0
0.0
0.6052383879860549
0.0
0.6799257458242901
0.6840991363415128
0.0
0.0
0.0
0.5536483799528772
0.5338864611719248
0.2524291121809914
0.0
0.42963672395910707
0.0
0.2736010457456744
0.2812733559926265
0.08540544110761518
0.2076000857700496
0.0
0.0
0.0
0.4092669676047887
0.528704258602663
0.6291528125453383
0.4362547151126642
0.2414737456604386
0.6125974267444413
0.1357945281927659
0.5140458680303291
0.0
0.0
0.5927347460973601
0.4155336362700766
0.5545852981961111
0.45998838200187714
0.4306919972011831
0.4752440961768917
0.5251311800788727
0.0
0.34995998311170473
0.2996968036597207
0.24179880857860947
0.40286896043361087
0.5130469930348973
0.0
0.0
0.26049389548226315
0.46724023020785177
0.46704381766161107
0.0
0.18390064267810746
0.2557878650996947
0.03164864856131734
0.0
0.4202683616473042
0.13895225559284868
0.0
0.6954959880835858
0.39358472812922124
0.5049661610755145
0.5101490685354406
0.0
0.4626712950457696
0.06861929520861355
0.0
0.054493110305457955
0.1819578759465066
0.10093395509399793
0.5668213039570772
0.0
0.0
0.5367194152104761
0.5445564060734347
0.0
0.0
0.6501083767354959
0.0
0.5964429197720025
0.323651390431107
0.0
0.2340471617102672
0.5404808293883826
0.4128168682427751
0.4538310061833373
0.48545603446059743
0.6632916353400925
0.5813123477870733
0.0
0.0
0.4798917293408547
0.0
0.0
0.3183591992079074
0.0
0.35641396035501005
0.5417974454130621
0.5352664431261821
0.49776172127167256
0.0
0.0
0.0
0.18672328410499767
0.6358488801078237
0.38446450120647585
0.32549072912852106
0.17277008674987973
0.43418771363943304
0.37580964022634117
0.5180055017420532
0.033545563735058126
0.3690507047869574
0.0
0.0
0.4341367573171806
0.0
0.0
0.0
0.38829239643996244
0.48346238397574604
0.11599759568361209
0.0
0.31711449986215895
0.18618875633201287
0.5423760794779576
0.3730789529960569
0.0
0.0
0.0
0.585860776050208
0.428022789565039
0.0
0.0
0.6108924412269271
0.5273272589806992
0.21982841532415973
0.0
0.0
0.09351324061807727
0.0
0.0
0.5659877521831851
0.13058264196253128
0.0
0.0
0.0
0.5479513954319203
0.4937437973649657
0.0
0.37822473373138216
0.22026621913488273
0.0
0.7656688055770425
0.0
0.4984476627660198
0.6204192930132275
0.0
0.5991005748213706
0.0
0.6373207192353958
0.0
0.0
0.0
0.36320383918933247
0.0
0.617887764021406
0.0
0.5401708692160203
0.36505494687981355
0.5509214029044053
0.0
0.4120671358261091
0.6214653297382391
0.40200212161855076
0.5281087902619417
0.20221235909700133
0.15826479453364406
0.6153737539005372
0.32777110519472713
0.0
0.0
0.0
0.540253246571128
0.5137911122969876
0.0
0.0
0.25704237157871174
0.45200295668531365
0.0
0.36310936379031283
0.6670731235421617
0.5611330810814701
0.3487220378911267
0.2912682717065183
0.6519431746727214
0.43837637577360583
0.0
0.3914411338765213
0.22503430865269383
0.4600440531813496
0.0
0.04740753966537682
0.7198564249262711
0.0
0.5087385936791906
0.0
0.0
0.29474483980340055
0.0
0.0
0.7164949648036086
0.0
0.08281946417686466
0.5536190755710289
0.5475837880425374
0.0
0.0
0.31639954800759335
0.0
0.0
0.0
0.32284268684723233
0.7950949481503143
0.2732434107865698
0.0
0.0
0.11611441402360048
0.5135263354636901
0.629096299123904
0.0
0.544143752106936
0.0
0.3063155666812533
0.396114082466209
0.42249356120987475
0.6600990546282495
0.0
0.0
0.0
0.6264261788836988
0.10941570070530754
0.6129878118604108
0.0
0.0
0.5231086991410507
0.0
0.30089969744387063
0.03422493348078722
0.623517942575892
0.0
0.6340965941619148
0.38484335888898896
0.45384545363522594
0.0
0.0
0.0
0.0
0.43112472756022324
0.5421162718225986
0.2479980199841195
0.062424335584842956
0.3424822461708723
0.38143614815842575
0.1791201643756755
0.38174869235117426
0.3762044293109999
0.014320782498917231
0.5621149346475696
0.0
0.5025045604560967
0.004475804270707064
0.0
0.5381748474664164
0.0
0.0
0.48760564791489636
0.2967518082706822
0.0
0.0
0.0
0.4433528323102251
0.0
0.2892072020755962
0.0
0.0
0.28713355533035523
0.377645878967806
0.0
0.4207152803115265
0.0
0.2315561007742535
0.0
0.054573341446138825
0.0
0.0
0.5343922216120679
0.6616000101720085
0.37214251331899506
0.47770911835372853
0.12017424566081818
0.0
0.0
0.4259431013435919
0.17011063586184588
0.6838122876799739
0.0
0.0
0.0
0.36597198832115546
0.7398647327366726
0.4940721469620754
0.3827320571090119
0.02341184641475115
0.07789005742188236
0.41679287610670357
0.4394475838397604
0.504457779589824
0.5307016449593954
0.0
0.1187908528841218
0.4499140438804701
0.05755631047154812
0.788979820414474
0.0
0.42285801678172036
0.5149469229345781
0.0
0.5007346688918469
0.7036054719246287
0.0
0.0
0.0
0.0
0.4109396930074877
0.0
0.28197773907626406
0.5544749678824004
0.0
0.0
0.0
0.45119722313875127
0.6002129879528169
0.49813742186262855
0.3706829983454358
0.0
0.438428751425931
0.6302303477941945
0.0
0.0
0.41319761699622154
0.0
0.0
0.7151256580901219
0.5125917269616239
0.47675804370518127
0.023788340189483573
0.22115325289963197
0.5436420039232546
0.24768174375545826
0.0
0.0
0.3515428113581066
0.0
0.4882525079800197
0.572357752423423
0.13834206264359772
0.6349799055121306
0.27689894567827866
0.0
0.0
0.0
0.641893815170332
0.0
0.0
0.0
0.1903999481077986
0.11146117713723523
0.4428806439978956
0.0
0.11278159651622663
0.23872984325745258
0.5511609900221074
0.39802752311265677
0.09619832880163169
0.0
0.6811301132473834
0.21358576235512378
0.0
0.0
0.6449222827126345
0.0
0.6344939804603492
0.4271961206545109
0.22410442071016884
0.0
0.5734652286856547
0.0
0.46793029498136046
0.0
0.6125777204154013
0.0
0.0
0.0
0.22993637008832388
0.0
0.0
0.0
0.36637190235134726
0.5164865045018174
0.2121172970867161
0.46232183650356323
0.137447303396331
0.38242901695664605
0.03969649697068838
0.0
0.0
0.27556076261786366
0.0
0.35155682529398935
0.8097446149266793
0.0073734280687098456
0.0
0.24605231431250413
0.5209386311786341
0.0
0.39013926829387174
0.21159268721053465
0.0
0.0
0.7016199734318685
0.5694799715058216
0.4935257556386327
0.0
0.3267851143595218
0.0
0.4825490867217541
0.23277909226328183
0.5813204289358908
0.2532612660505313
0.21873822268310666
0.0
0.4435239114674091
0.44833500871760823
0.6951548312438185
0.0
0.0
0.0
0.25065118891170174
0.6528429047063062
0.0
0.0
0.4399026196503616
0.4936591195333165
0.0
0.0
0.0
0.18009765486766677
0.0
0.0
0.17623217261580654
0.0
0.5278416623405673
0.4724146677725485
0.8644219389603601
0.30803107755132736
0.023414926643197182
0.6841870124422267
0.1499228577722007
0.299185515782897
0.38055898778337266
0.2450555417700481
0.0
0.5403496790981455
0.0
0.2593719112381501
0.0
0.3860216461828149
0.39161080646054997
0.5979024803414795
0.48350621408801775
0.1465288716253255
0.0
0.5534679649960654
0.3290756214883712
0.3916515033538793
0.7242777156177095
0.0
0.0
0.2407922807499523
0.6691145080193407
0.5683246908513672
0.0
0.0
0.35377820810664823
0.37330677692206066
0.2576302122439173
0.21585290100944002
0.5949737571088144
0.0
0.013339601824746881
0.16949721614089427
0.5641150525555839
0.4895197184013711
0.0
0.6152546991909648
0.18058575129357107
0.21987796170406634
0.48731321774405106
0.15835942675670056
0.42184901176694345
0.13712362678371395
0.11965606241539625
0.0
0.39954065609727907
0.5044752522720349
0.49765824729879415
0.0
0.7279752580722545
0.0
0.1361934021003224
0.5790325341874796
0.3168982789903775
0.5371165311471923
0.4795851885855004
0.5809859988760093
0.6118113508865434
0.5226650143948257
0.35730153517947577
0.0
0.0
0.46486830354297143
0.4871162251360631
0.2956747788191869
0.0
0.5704444981049186
0.0
0.0
0.5624853607217335
0.39172851780783
0.5263307833898535
0.5862886119614692
0.5835607617889065
0.608394065597779
0.6207972852065522
0.43948687310621903
0.2828439495752174
0.27804599613131464
0.0
0.0
0.0
0.0
0.0
0.6352183225620243
0.5748620308035767
0.5722861459006574
0.0
0.1907989526139908
0.0
0.0
0.44548368649950704
0.0
0.5127297904644073
0.08096561355821894
0.48498843650112655
0.5038819301392782
0.43636371916863026
0.5073225525925306
0.20111318607557147
0.0
0.30230980422492176
0.4397737723120528
0.24580006671980856
0.15778365904160027
0.43733312086936715
0.0
0.09852548769582749
0.15636985338878662
0.31473695041908156
0.2928469772543346
0.4146973066769577
0.447198047513498
0.0
0.2997318128432089
0.5102946719654796
0.15289565800613208
0.0
0.15878726440031082
0.5646606339961878
0.6063684321143503
0.2895708544250447
0.3200612397192758
0.467985077307181
0.20282311818119927
0.3522640053370697
0.657736036255614
0.6403735482083822
0.5889039882641552
0.0
0.0
0.0
0.0
0.0
0.4490570191236437
0.024407523391357443
0.0323197101191952
0.5666776008615474
0.0
0.26568127151272297
0.4485855450330922
0.12054926285136959
0.656059935509488
0.0
0.0
0.7377716113646606
0.6559856373742476
0.5950182881605769
0.3642339556100455
0.0
0.0
0.0
0.46075733601112767
0.3860587881609901
0.6390851699615963
0.39656539290268283
0.5639060803441295
0.0
0.20061018306341166
0.1516766316948342
0.6337884148017993
0.0
0.0
0.5236429791005734
0.35420458834255447
0.24519575813745717
0.5382457875440682
0.0
0.0
0.0
0.4020027601388621
0.7279264424392078
0.0
0.0
0.6848730633467495
0.0
0.0
0.0
0.0
0.38976927489066465
0.6563713898285768
0.44376207105746424
0.3708779521249779
0.6011967744219888
0.45397810690958285
0.41440292585059696
0.04283277866205608
0.0
0.0
0.5868046076951631
0.0
0.34162110590047856
0.6214168821161532
0.007023012334032772
0.4946957669078514
0.0
0.0
0.0
0.5509760337280337
0.0
0.0
0.0
0.17538033698227387
0.10233982295313382
0.0
0.2848871246004187
0.0
0.2066668405127361
0.5056021087212734
0.0
0.3239893989978286
0.5337499858195889
0.25716554851985884
0.0
0.3705518250056149
0.5254054766298234
0.42153866032945314
0.0
0.4955767021926525
0.0
0.35558326648016547
0.4999809367476388
0.7230661020039136
0.6811130064540836
0.4376849285035086
0.5002248711671786
0.7224991968061757
0.4257783285866539
0.7008127642595248
0.4161990598417887
0.020381833798148615
0.6076191929047353
0.5538152094652196
0.7786066795260812
0.0
0.3840117382612776
0.0
0.0
0.34560538177707156
0.5086739663614737
0.27228775923353576
0.0
0.0
0.4380600394749254
0.20200348556371747
0.5654867723272831
0.4853295199187616
0.5861833053471532
0.0
0.0
0.4117244012709338
0.3882962327069249
0.45353140900279126
0.0
0.0
0.5203080577197786
0.3124521262533226
0.45536872386513316
0.17615650939633648
0.44000297182838805
0.0
0.5005840267453426
0.6172034926935076
0.523417721607021
0.4127701337741545
0.0
0.0
0.09679350448023578
0.26714961739350385
0.3988015250879883
0.0
0.4549105044563784
0.8548300869207686
0.0
0.0
0.5367519980424764
0.6016844740738254
0.0
0.0
0.4666179094408873
0.4189617109619476
0.3242563378335074
0.0
0.08268100739455807
0.0
0.38398127603523075
0.0
0.413021362112627
0.5040388627435086
0.0
0.0
0.0
0.3191429337254929
0.0
0.3767665310554362
0.16338431430447745
0.14833736131306982
0.3733762440880789
0.5620265973883515
0.29280641180650807
0.753661903931934
0.37723788042829215
0.5957214576624547
0.029492415766721097
0.0
0.41580360404468314
0.6125356003624258
0.6028557422156658
0.5095848428982384
0.0
0.0
0.0
0.0
0.39503026653567647
0.0010147467897953409
0.4774924790915535
0.6688233009978767
0.0
0.0
0.45653057734893904
0.5631090276169772
0.369984595861126
0.2456120970195828
0.5738226608861808
0.6269848644181911
0.6042100760899759
0.4997094940373399
0.0
0.0
0.5885379172346299
0.1610581641094869
0.5956048348855238
0.3847237876284348
0.0
0.0
0.0
0.0
0.0
0.5252453473291134
0.0
0.28754180875878366
0.0
0.0
0.0
0.0
0.0
0.0
0.2423986617434811
0.4262990290602932
0.06631302549430271
0.0
0.34597372053729847
0.6402152294763817
0.0
0.0
0.46777875150526027
0.6307683173364816
0.225054771742387
0.0
0.0
0.5060124916020016
0.046787762431015525
0.2991394888177238
0.5657201928527156
0.0
0.45586522231859433
0.0
0.5119096083958504
0.4596300692578191
0.0
0.4674478080075999
0.0
0.0
0.6034828095424665
0.23381488983629303
0.6170155507422682
0.06824704553098994
0.15623963905898147
0.5701458398451961
0.4356104329719443
0.3814619677253002
0.0
0.7198614376369259
0.0
0.30342148354836534
0.0
0.0
0.0
0.4489482246741964
0.0
0.0
0.5592385216378772
0.0
0.2862185219438994
0.0
0.7195437858477806
0.6079192645951342
0.19991367189264747
0.48596024735266385
0.1838768235798745
0.10989007997695056
0.8145282083360363
0.0
0.08051467982205267
0.24476401358529065
0.0
0.4524493334651178
0.0
0.5827790346544616
0.0
0.0
0.41700396823720925
0.28900839692893193
0.44450766844263956
0.15072833621112694
0.0
0.07744413634147293
