0.11290151786299041
0.9090182071804379
0.5424029455598061
0.02713755728054068
0.6686754680827885
0.0
0.0
0.7994780106124443
0.4112361123595707
0.9997557356336918
0.9811405111163335
0.5939340398939215
0.8363510860641803
0.0
0.9957220677267943
0.9998466324020312
0.6998663156143281
0.0
0.970149104385627
0.7900484264491725
0.0
0.0
0.8901083269532538
0.9900793287213271
0.8080424441609646
0.855319636030405
0.9104579349840807
0.6594014757069698
0.5348366410507965
0.17276820069751575
0.21741023157455608
0.7197082191909709
0.7730131930147852
0.0
0.9992696112816054
0.5213519758128994
0.007327410971869508
0.13734726065452385
0.5720017391683907
0.25709030448811077
0.7005767735961237
0.3955214957710431
0.8617258879013964
0.8863005252277097
0.0
0.8963575254147715
0.4922872577104821
0.6461861790082444
0.0
0.8607406716850969
0.0
0.20931285559110224
0.7672403368867688
0.09069084478215728
0.46217473581093294
0.0
0.9581085669109192
0.3373147721598967
0.0
0.04263905452317629
0.0
0.9938080461336137
0.0
0.24094883327828864
0.8966891485173469
0.943154445680452
0.0
0.5881672055749226
0.997428359548651
0.4786928427788705
0.41666785406626206
0.0
0.4510622696378621
0.7833267378049446
0.7936213949052703
0.49452969493561194
0.1617372418814954
0.0
0.9958775486693358
0.4431117811124604
0.0
0.16021930691768638
0.926846390367271
0.012993179313655956
0.0
0.46282072508938876
0.0
0.8087382807633042
0.0
0.9297480186353764
0.9358695888839029
0.0
0.0
0.7136745819926831
0.9637909652302001
0.17600819731562545
0.0
0.0
0.969527205751054
0.0
0.9499381917308094
0.40782047776571484
0.0
0.0
0.0
0.0
0.5257579522962652
0.0
0.9042650911441344
0.0
0.03120411501935627
0.0
0.36490064393727306
0.49540927270302915
0.0
0.06834108368922776
0.9528045454835585
0.07881144032039089
0.0
0.0
0.021986031402177142
0.0
0.5666004521917818
0.9275223806370726
0.8438404009180478
0.0
0.20903833446019449
0.5661328275010049
0.38487098242717277
0.0
0.4295282535435696
0.9904647301799432
0.7997444655462054
0.09128320248642541
0.9898038768370323
0.24967605588351394
0.0
0.0
0.15463430087530916
0.5487299214397647
0.0
0.0
0.23879751705468877
0.3620234403952274
0.0
0.0
0.0
0.0
0.0
0.0
0.5329260464258112
0.0
0.34742757333894136
0.868313133143304
0.0
0.0
0.6146641008886796
0.0
0.0
0.12841124931546677
0.0
0.0
0.0
0.9990046823538882
0.5899100478386473
0.0
0.0
0.7978375331745337
0.8862787678402422
0.0
0.0
0.0
0.0
0.0
0.6194448958787748
0.0
0.9830109154046336
0.0
0.0
0.3296036715041426
0.0
0.0
0.0
0.0
0.0
0.5019669205400893
0.7373389430713451
0.6760968044055367
0.0
0.0
0.0
0.7400981657967433
0.0
0.0
0.0
0.9413719535486058
0.06766030056520622
0.0
0.0
0.7885542318131408
0.0
0.0
0.0
0.8243743255147178
0.0
0.0
0.2693313491810313
0.0
0.5473551557519563
0.0
0.0
0.0
0.0
0.9712221736003358
0.0
0.062378935603035646
0.0
0.0
0.7491800087341434
0.0
0.0
0.8852248254881352
0.0
0.0
0.17480855628264413
0.0
0.7235035703725922
0.951033030451589
0.3825153040395972
0.0
0.0
0.9992151173188977
0.6576229690746838
0.0
0.9708381183237138
0.0
0.0
0.5887183107595441
0.4386499303542035
0.2542032193238857
0.0
0.2689041074256119
0.13311627790047653
0.0
0.5883109678447278
0.0
0.27915141031442037
0.0
0.0
0.0
0.742223220600953
0.0
0.8382726754163015
0.0
0.0
0.5285810739920062
0.0
0.0
0.0
0.0
0.0
0.7883621537816777
0.0
0.0
0.0
0.0
0.0
0.0
0.0
0.8948066529717427
0.0
0.0
0.09426851859379859
0.0
0.6791154975200682
0.0
0.0
0.0
0.4358569390010447
0.9951529997185623
0.0
0.04661768985258474
0.7218824143307612
0.0
0.8036788349629331
0.6686790334570325
0.0
0.0
0.0
0.0
0.0
0.8275122514467805
0.9949597976932396
0.0
0.5283678406143841
0.0
0.0
0.8308892509860895
0.23574731559922546
0.2289921220831701
0.0
0.0
0.0
0.6386532019896874
0.0
0.0
0.3011092579245326
0.0
0.0
0.6751774352563862
0.0
0.0
0.0
0.4619845598995118
0.0
0.0
0.0
0.8573395148078864
0.0
0.0
0.596901925553416
0.6708009687574157
0.0
0.39807874641449437
0.0
0.0
0.0
0.0
0.0
0.3812676799299437
0.3939738170436411
0.0
0.0
0.8636586459815687
0.3052116271474681
0.1370327689556914
0.8413282161108893
0.5222514417140532
0.793933302400252
0.0
0.2962047273646691
0.8047999671191706
0.0
0.2063990363409305
0.0
0.0
0.0
0.09220973848597813
0.9443044402493614
0.0
0.0
0.0
0.0
0.0
0.0
0.0
0.0
0.0
0.0
0.0
0.8458589028408647
0.9924407418280052
0.0
0.7498105291944707
0.0
0.0
0.7692111780280759
0.0
0.0
0.0
0.8390563134635269
0.0
0.0
0.0
0.0
0.0
0.6555283017938303
0.13859326803070804
0.7947820839989892
0.26050068684649763
0.0
0.0
0.5142858285913352
0.0
0.4127139815512445
0.0
0.3309614150562936
0.02348796235183792
0.0
0.0
0.0
0.0
0.9697926333228621
0.0
0.2554635889094721
0.0
0.0
0.20609947668740114
0.3130446868800467
0.0
0.0
0.5156781378744185
0.34052251686562607
0.0
0.7649236213106851
0.0
0.0860225098232903
0.0
0.0
0.0
0.6378534532952556
0.705306410250433
0.0
0.0
0.0
0.5250850993531755
0.0
0.8920991278989974
0.43456257464420234
0.0
0.0
0.0
0.7859454244875708
0.35570482183064367
0.0
0.7605468652337144
0.0
0.0
0.0
0.0
0.0
0.7036542941461281
0.0
0.0
0.7376754583610033
0.1215836397158081
0.9185301020001511
0.09339811275096821
0.0
0.5255314121895143
0.0
0.00717663704248972
0.0
0.0
0.0
0.0
0.0
0.0
0.44024931571294645
0.9859487569324282
0.15275641913862403
0.34866422086264204
0.23086395524321524
0.0
0.0
0.0
0.0
0.0
0.7713091984150289
0.0
0.0
0.7201704743465405
0.0
0.7327372453648571
0.5471400000641695
0.3410713717592342
0.49360205455648043
0.3799184229244621
0.8658363672465195
0.11221477907862898
0.9789952260762124
0.0
0.0
0.0
0.8657881875384671
0.0
0.0
0.0
0.2719349986139039
0.0
0.26303585128513096
0.0
0.6707879784805348
0.5648451884723942
0.8431083404299068
0.9212339420595327
0.0
0.0
0.07003583741456432
0.0
0.0
0.0
0.519881625617606
0.18758817626659896
0.21142830817350622
0.7990875680107687
0.5082959481120591
0.7405762763469901
0.0
0.0
0.0
0.6210025145629536
0.0
0.0
0.0
0.37179445408684364
0.0
0.6999721625018889
0.8040385925798521
0.0
0.6920225695902091
0.792975596955013
0.0
0.0
0.18876031284548844
0.1859822350169743
0.2849949557143894
0.0
0.0
0.0
0.4032608446387801
0.0
0.0
0.0
0.1302988334248808
0.0
0.41287055730824895
0.1546471785825524
0.3264133545892719
0.1385781895828171
0.0
0.0
0.0
0.09615303712194079
0.0
0.8745395830201582
0.0
0.0
0.0
0.43340376188870844
0.0
0.0
0.0
0.0
0.9311004948707404
0.0
0.0
0.10658255684670415
0.40083313429683964
0.28483523511885367
0.0
0.0
0.37346365070863907
0.6646466194363694
0.5022459987967174
0.0
0.0
0.7566823713904336
0.0
0.0
0.0
0.0
0.0
0.0
0.6003774488105953
0.0
0.0
0.44435566562429396
0.7636122465493588
0.0
0.0
0.017663487904483355
0.0
0.2655604759970003
0.7971360945214994
0.0
0.93023412433564
0.9725423520220264
0.19142372381846084
0.0
0.0
0.728514610786557
0.0
0.5550366713924111
0.0
0.0
0.15331183712273566
0.4503526012414448
0.0
0.5345218552460729
0.869438808684166
0.703792758954198
0.49329204223576695
0.0
0.0
0.0
0.0
0.4454519553663492
0.0
0.0
0.8521200540151136
0.0
0.9438328002580987
0.0
0.6324897665537623
0.0
0.8008639430901219
0.0
9.067095782632206E-4
0.0
0.674027248944029
0.6222318903928428
0.6242095084930213
0.7316399992727323
0.0
0.0
0.0
0.0
0.0
0.6339393807674785
0.11042293185309027
0.0
0.0
0.4955119494287342
0.24814349302454097
0.928526911502096
0.8558962374958508
0.3676343859535076
0.00411949540624168
0.5260719133985705
0.0
0.6382319786743536
0.15975935783475803
0.6798847521548224
0.5655767550411566
0.0
0.5017286004302581
0.9278561009920571
0.2779758578846582
0.0
0.9905759975162096
0.9704796821959636
0.0
0.0
0.9949909229110515
0.25216007388631856
0.8421077210169345
0.0
0.0
0.35360505781565554
0.6254114897270173
0.4975861814400827
0.4873830657200833
0.9537030676431836
0.42599674250802244
0.0
0.26746417682296797
0.0
0.0
0.9999785245831625
0.0
0.0
0.0
0.9599383768527741
0.9946323000004331
0.0
0.0
0.944721438995057
0.0
0.0
0.0
0.0
0.0
0.0
0.820050697249137
0.6941903884668298
0.6961868498120339
0.0
0.0
0.5196762828953778
0.0
0.0
0.19442600843010605
0.0
0.9924862203304221
0.0
0.0
0.4824319593384714
0.0
0.0
0.6318503363568573
0.4877103234285616
0.19134543950225447
0.4081297300723432
0.0
0.12683724623727477
0.0
0.5723789657643945
0.0
0.0
0.5651640116450332
0.0
0.0
0.3281393586221002
0.0
0.0
0.0
0.0
0.0
0.0
0.0
0.29341296337174727
0.0
0.1735864160787126
0.0
0.0
0.9270063921310969
0.0
0.0
0.0
0.0
0.0
0.0
0.6401773624657991
0.0
0.0
0.6488337482565056
0.0
0.0
0.1237302633543721
0.0
0.0
0.0
0.0
0.0
0.3732806912033797
0.37774704562032135
0.0
0.8472182132239187
0.614159123898498
0.0
0.0
0.0
0.0
0.0
0.6348531998955849
0.07110507904892804
0.0
0.0
0.0
0.0
0.0
0.0
0.0
0.7449421493279025
0.13459544199900075
0.4533015629898838
0.6089707196902748
0.631559574934448
0.0
0.9310813515572607
0.904627588341713
0.0
0.0
0.0
0.0
0.0
0.4013969321872637
0.1472239339921414
0.45395790660003454
0.26157958763751055
0.0
0.2702816398102754
0.3237804540272615
0.0
0.0
0.7295797112466557
0.0
0.0
0.0
0.0
0.0
0.29282883149208194
0.0
0.29804244390979084
0.9003249481764406
0.09425288136402987
0.0
0.619950161599307
0.13114515937429383
0.0
0.05986291887633943
0.0
0.0
0.4552757761644739
0.0
0.0
0.08630110363065058
0.8797149068388025
0.0
0.0
0.0
0.7524162834111158
0.0
0.13554896300913022
0.0
0.0
0.0
0.631527743416648
0.0
0.0
0.5095125372663762
0.0
0.0
0.3281661231812818
0.40860918440515503
0.0
0.6440836689818316
0.8418796193830064
0.0
0.38465449558791975
0.0
0.0
0.0
0.0
0.0
0.0
0.0
0.0
0.1711472118005204
0.0
0.0
0.0
0.0
0.9117008348329155
0.08929102979037618
0.7568940410799039
0.9303564370816683
0.04289805891567833
0.17751234998005005
0.0
0.0
0.0
0.0
0.0
0.049493027270044454
0.3390936543725558
0.0
0.4115343545580492
0.3906120065859082
0.0
0.5513180351809146
0.0
0.032753389057899374
0.0
0.0
0.0
0.0
0.0
0.0
0.0
0.0
0.3814823902341098
0.06869146658299008
0.0
0.4498049394104181
0.0
0.0
0.0
0.482446601833867
0.0
0.0
0.0
0.570049193435372
0.39746036619668146
0.0
0.0
0.0
0.8361682231133447
0.0
0.0
0.0
0.2563111714449736
0.0
0.12497540231830218
0.3148014476827484
0.1302102853979784
0.0
0.0
0.9763782571486341
0.0
0.0
0.0
0.0
0.30260307442322976
0.12464381617397247
0.0
0.0
0.9302463853816201
0.0
0.0
0.22413043717576664
0.5044532415816978
0.0
0.05286501005850419
0.0
0.0
0.0
0.1019274973996881
0.0
0.67427962969281
0.0
0.7283530529571495
0.17324025723048675
0.0
0.6129528127078618
0.0
0.0
0.7267580982296018
0.04144671504159658
0.0
0.0
0.0
0.0
0.0
0.0
0.0
0.0
0.8022921590049842
0.5465341771164962
0.4482110417835877
0.0
0.9862115785571094
0.7498072561664095
0.0
0.0
0.0
0.5508060153720417
0.0
0.0
0.7127346604777984
0.16280953451843927
0.7719604093708555
0.8962109528781542
0.028245039745638634
0.0
0.0
0.0
0.0
0.0
0.7685612693842964
0.0
0.0
0.9920178004463418
0.04114049847105661
0.4362580906243996
0.0
0.4196445140166696
0.0
0.21725952862472342
0.0
0.0
0.0
0.9439189941414977
0.18129176395343838
0.5340638048828255
0.0
0.8855315947990836
0.31040068770463103
0.0
0.0
0.048807228152103366
0.0
0.23024958299604148
0.0
0.03905730168783528
0.7662509665151495
0.0
0.0
0.0
0.0
0.9019456864895098
0.12488132815935837
0.9758154139920949
0.4091289552677505
0.0
0.23114945732237402
0.12134389912262866
0.0
0.8370881833235656
0.0
0.7747272861371335
0.0
0.0
0.0
0.0
0.1486020680445279
0.37813009635257977
0.0
0.4657453260409603
0.0
0.5171920474550087
0.5844169197554026
0.9883694432935186
0.0
0.0
0.0
0.0
0.9605980402240448
0.0
0.10232105288140514
0.0
0.0
0.0
0.0
0.0
0.0
0.3751697560479156
0.0
0.2838462014015144
0.7098799584962014
0.0
0.7256878330679457
0.06779473607578357
0.0
0.3226919499252555
0.9156431704010521
0.0
0.0
0.0
0.0
0.0
0.28986944653295454
0.09558604442839091
0.0
0.0
0.4620613727492653
0.10679313708487059
0.19725950358753186
0.9822841053118252
0.0
0.01461505895689974
0.8706556112460158
0.0
0.16352228327502594
0.0
0.0
0.42768983512317904
0.3571832854136431
0.0
0.0
0.9872396945762765
0.6484834575236762
0.0
0.6271035460433401
0.0
0.13690641225853095
0.0
0.0
0.0
0.0
0.9134006851128744
0.0
0.0
0.026030847530302048
0.9690883563330476
0.0
0.0
0.0
0.352390536937769
0.0
0.0
0.0
0.43373665938979944
0.0
0.0015691629059050305
0.0
0.7069599021350714
0.0
0.0
0.0
0.3932945535532445
0.0
0.8033268248934411
0.0033667520470568313
0.0
0.0
0.0
0.0
0.3414158429682119
0.0738161420288177
0.0
0.13515740085367667
0.002817345297505991
0.2277421706876066
0.0
0.898836895001499
0.9980628362916184
0.31175578916749935
0.10895256979021595
0.9480025590734783
0.8746710226479593
0.11821008270682509
0.9150429500579356
0.0
0.9725772078784081
0.2294375490256757
0.0
0.8737463919697868
0.0
0.934995413724771
0.0
0.4094528725211344
0.0
0.0
0.0020490787500276886
0.8365577334004515
0.0
0.22747947996954898
0.6363834338627095
0.0
0.32424713792250603
0.0
0.0
0.5392447629991023
0.0
0.0
0.13266863055852918
0.7257203006405011
0.0
0.0
0.9777563177625935
0.0
0.9571462273482629
0.45418785478147183
0.0
0.0
0.0
0.963685599468527
0.0
0.0
0.9917846409965368
0.9608604655627585
0.0
0.0
0.0
0.6039116657907646
0.0
0.5235113306838234
0.27514991009741485
0.2858818575983255
0.4287467493386038
0.968040954541965
0.0
0.0
0.10173197864393257
0.0
0.0
0.0
0.10659738084801518
0.07959953371623152
0.0
0.0
0.13644523284293686
0.31096530738949113
0.0
0.638210776494578
0.0
0.0
0.0
0.0
0.0
0.0
0.0
0.9369503575271955
0.0
0.0
0.0
0.0
0.0
0.0
0.0
0.04035352180980378
0.0
0.0
0.7449106150262803
0.0
0.4008818883096359
0.0
0.8507689589444444
0.7900708971470526
0.6860836452762737
0.004855369252714126
0.1093732401037143
0.7931461864466994
0.5061505710196939
0.0
0.7358933142131059
0.6490048627624743
0.0
0.0
0.0
0.0
0.0
0.0
0.6253274927557726
0.0
0.19131928246367613
0.0
0.9607161138711344
0.5246030059560358
0.27303813554266987
0.3469030781683452
0.8920391199486791
0.03323264100724854
0.1585928129739701
0.0
0.0
0.0
0.0
0.0
0.9700839010123448
0.0
0.6309840918364971
0.0
0.0
0.0
0.0
0.32576786940132973
0.0
0.9420647073750792
0.0
0.0
0.0
0.0
0.0
0.7653519795061647
0.38685999386089787
0.5006040136380571
0.0
0.9291002292383685
0.0
0.0
0.236660918629652
0.0
0.0
0.0
0.0
0.0
0.7265024583793309
0.571875743742758
0.5493096676560619
0.0
0.0
0.0
0.0
0.2887774462356285
0.2692222161898663
0.20666933727149683
0.6397353515531063
0.3318805540753732
0.0
0.0
0.4258924281439005
0.0
0.3361563198948031
0.0
0.9996687307859529
0.7182473800820746
0.501679247148922
0.21556569092664346
0.37230008879589005
0.0
0.0
0.0
0.37025768939837156
0.7051411698116774
0.29684085887112044
0.0
0.08130936924804
0.1934477219188271
0.0
0.961915769179503
0.0
0.0
0.0
0.24048393263184575
0.46518627996794715
0.0
0.0
0.0
0.0
0.0
0.0778255526899918
0.21381450758747111
0.0
0.0
0.0
0.0
0.09147714948149543
0.0
0.0
0.29175697647856413
0.0
0.8091743133426279
0.6634346521895718
0.0
0.0
0.0
0.6743341143027379
0.0
0.0
0.8202808358417935
0.0
0.020933939210954988
0.523139884048488
0.0
0.25924780010610027
0.8241334678287147
0.0
0.0
0.0
0.4032196369540759
0.0
0.25613009731977154
0.0
0.2296220724475746
0.0
0.0
0.0
0.7751636640240834
0.0
0.9918042930264565
0.0
0.0
0.0
0.0
0.0
0.7727996045916664
0.3295585223279418
0.14617812525670626
0.07295210594184887
0.8914289260813651
0.6340507450551993
0.0
0.0
0.0
0.0
0.0
0.5916167445466898
0.0
0.0
0.0
0.0
0.16254286366757242
0.6373530156640203
0.0
0.0
0.7632076712357257
0.0
0.0
0.0
0.0
0.48635899124535875
0.0
0.0
0.0
0.4909238970404384
0.059006972762637666
0.37918385546551814
0.0
0.0
0.0
0.0
0.492799110983996
0.6308822207376671
0.0
0.0
0.7614526707456604
0.09336679885692423
0.0
0.0
0.7998752285411073
0.0
0.07454987490627307
0.9110982356329888
0.0
0.39364424158857014
0.8483693794458965
0.0
0.01221828851440121
0.5061105318167531
0.1584514064359186
0.0
0.0
0.7876189751735458
0.0
0.0
0.0
0.6072241219744814
0.8589671201431743
0.019601875473464814
0.8337934533873012
0.3014603952425745
0.38147972015098197
0.26886714227517927
0.0
0.0
0.1017484722589923
0.35716369756848376
0.0
0.0
0.7255484374967442
0.0
0.0
0.0
0.34036650603120955
0.9213632944798925
0.8977393724897142
0.0
0.0
0.0
0.0
0.5148733245462821
0.25026702700258086
0.9187996462033833
0.5573167081003265
0.0
0.0
0.0
0.9385074004280849
0.2688959594789406
0.814383871727572
0.24042717380890377
0.0
0.0
0.0
0.0
0.0
0.2893766806695216
0.9998616361406423
0.0
0.0
0.24014839511165853
0.0
0.881563480102052
0.7055305519178835
0.0
0.0
0.27154529745802347
0.08215372673002619
0.0
0.0
0.0
0.8458362393199022
0.47693740953828867
0.0
0.0
0.004078318400008163
0.8377876568488083
0.5505852971243401
0.0
0.9968223539045666
0.8333085117304004
0.0
0.0
0.0
0.5172620083425711
0.5247093975148203
0.0
0.0
0.31487490635300963
0.0
0.09754078629706964
0.49250374349488
0.9097613972314301
0.0
0.0
0.0
0.0
0.8810092748793191
0.0
0.0
0.0
0.0
0.9470619615285976
0.0
0.4205961087513479
0.8156835746727737
0.0
0.0
0.9369624497739721
0.0
0.0
0.0
0.7444543956302632
0.9561796526186473
0.2795383751854075
0.0
0.0
0.0
0.04531631185774354
0.0
0.0
0.0
0.31126444991206115
0.0
0.24006089971631528
0.0
0.0
0.21003720156819383
0.0
0.0
0.0040766728207655145
0.8240995551886044
0.0
0.0
0.0
0.9781786315995404
0.6903829056347621
0.0
0.6088412543583372
0.0
0.7969792098612818
0.9758206690345878
0.2008520763923154
0.6328836930969817
0.0
0.0
0.0
0.0
0.0
0.9289359233648062
0.37101088654787473
0.0
0.0
0.09374620666857192
0.08111034260855032
0.0
0.35202167963236763
0.0
0.08558594817421628
0.0
0.0
0.12391390934872126
0.40965675943480684
0.47474481901426
0.6324044791004058
0.8755282806378599
0.0
0.0
0.0316313444169124
0.0
0.1367668160823261
0.100936265657259
0.0
0.5005175547668561
0.26686096756089706
0.016162917047522485
0.0
0.5262371300128648
0.0
0.02719735795225009
0.7346501649308874
0.0
0.0
0.0
0.19381496273549725
0.0
0.20696047333952117
0.21524862499518127
0.0
0.9440475636854618
0.0
0.0
0.0
0.8696173802553568
0.15059546386737865
0.09310714641444229
0.0
0.0
0.0
0.0
0.0
0.0
0.025209354676097973
0.9361524944695631
0.0
0.16287375372409607
0.04307623463712695
0.0
0.37595958190206646
0.04697613051559901
0.002341814074389492
0.0
0.13602679044665444
0.0
0.45799378085279474
0.0
0.4875206059301379
0.0
0.9909898978420156
0.0
0.0
0.1504370527864749
0.0
0.37842944202470985
0.0
0.7650746329707447
0.7412736522284753
0.0
0.0
0.9025067063880772
0.13379021867119412
0.0
0.416487051721125
0.45101531572426956
0.0
0.4325830494026919
0.0
0.0
0.015023601710333345
0.0
0.0
0.19705172526932635
0.0
0.0
0.0
0.0
0.17233073662319054
0.0
0.0
0.0
0.17577884728583393
0.0
0.0
0.0
0.0
0.0
0.7008198123929317
0.0
0.0
0.136452500530445
0.9300182782286235
0.0
0.0
0.0
0.0824016650816255
0.0
0.0
0.0
0.0
0.9131059948769277
0.11759888845653954
0.0
0.0
0.0
0.27334185447441817
0.0
0.22359245214262613
0.0
0.0
0.11839545762055281
0.0
0.8659610211782306
0.401663951152587
0.9203502089437857
0.9591601775485848
0.4375023398590665
0.0
0.0
0.2302543718863137
0.0
0.5384382366434318
0.0
0.0
0.13936316590609454
0.0
0.0
0.0
0.4560078969914566
0.7424514162478758
0.9155954661517134
0.0
0.9992141684229414
0.8238435465053401
0.4827442628030545
0.0
0.9563824207344704
0.2525900416432798
0.0
0.0
0.0
0.46037672227715043
0.2739699347890747
0.0
0.0
0.0
0.1937310867835117
0.0
0.0
0.0
0.0
0.0
0.0
0.6877099399160849
0.0
0.6187362943953505
0.6876989975579728
0.9342642687494901
0.5312800719362264
0.0
0.0
0.0
0.0
0.0
0.0
0.19350808273864273
0.9942383909563662
0.0
0.0
0.0
0.0
0.2989399008225233
0.7558099104439946
0.0
0.0
0.0
0.0
0.0
0.0
0.6935401216020558
0.0
0.13458940785800944
0.7954744567799821
0.0
0.4245461166688351
0.0
0.0
0.0
0.0
0.0
0.6240985429450616
0.0
0.2522459317251923
0.0
0.0
0.7706466540322564
0.0
0.0
0.0
0.0
0.0
0.9217060077130896
0.9707247357552099
0.6915185883278935
0.0
0.0
0.0
0.9677262163180239
0.7014338129142385
0.629210407146215
0.0
0.0
0.0
0.06182499739434055
0.17830869187005516
0.0
0.30743877776371886
0.0
0.666056134609401
0.359528187319597
0.9990262939459356
0.9637644619362513
0.5375371148584809
0.0
0.0
0.44777366686838715
0.47221585114000875
0.0
0.0
0.015744465831992405
0.0
0.6969238057302602
0.9783616790443977
0.0
0.0
0.0
0.0
0.0
0.7717669716785387
0.0
0.6861105667761798
0.0
0.4675716885750485
0.9126404287309687
0.0
0.0
0.03525029245345668
0.6537718430802268
0.0
0.9941090331242035
0.0
0.0
0.5624010153950225
0.020383844281935404
0.7823627249302698
0.4161703324251729
0.0
0.6406899019687431
0.0
0.0
0.0
0.45027148719611365
0.3676832492929366
0.5336363669653923
0.0
0.9320586222264556
0.5080837753374607
0.6850301243702368
0.0
0.0
0.0
0.0
0.8344693005709064
0.0
0.9869933358672804
9.62163761606849E-4
0.0
0.0
0.3283182542793328
0.0
0.0
0.7815756369988507
0.0
0.0
0.28465764747912503
0.9831707713109976
0.48958172836023794
0.5111085474998254
0.9327472743149231
0.8134904535716043
0.0
0.32363026425334285
0.0
0.6554296244770934
0.43636527417744686
0.732311795146589
0.0
0.01194195701256795
0.0
0.48813828909749124
0.5249988828388076
0.0
0.0
0.0
0.0
0.33342575040178735
0.0
0.0
0.24373024548046884
0.7529857189514707
0.0
0.0
0.0
0.0
0.0
0.0
0.0
0.0
0.0
0.0
0.0
0.7040519281464648
0.6357098441532609
0.0
0.0
0.0
0.2551630582734077
0.6936773774819044
0.6632369397849617
0.48620395481779954
0.0
0.0
0.440935057520216
0.0
0.0
0.0
0.5082024766179293
0.10713260466525198
0.0
0.0
0.5487465315463305
0.0
0.0
0.0
0.9769868752902233
0.928679294128966
0.7473365058687951
0.0
0.0
0.0
0.0
0.2233110770327792
0.7381319791192313
0.927561886694172
0.0
0.0
0.0
0.6266036387347566
0.0
0.2348325294234459
0.03810246553567598
0.5048460173709415
0.33034761271034707
0.0
0.0
0.0
0.0
0.0
0.0
0.0
0.0
0.0
0.23859723083754503
0.0
0.03220771561212532
0.9556872234549989
0.0
0.23773984506031354
0.2847574092318248
0.9529154940092931
0.0
0.0
0.0
0.0
0.0783273442813438
0.0
0.5620046086116882
0.0
0.0
0.0
0.609424938181077
0.0
0.0
0.0
0.38500264667762263
0.0
0.8527207631962435
0.0
0.1094267349697734
0.0
0.8867290950653957
0.9153498672081326
0.0
0.0
0.0
0.05765123492187518
0.0
0.0
0.03616351404130347
0.30599656458657165
0.8176095368611843
0.9751531199994301
0.0
0.9946810166993001
0.5247556776102655
0.8305506128048281
0.6628401739896725
0.5505896825084888
0.0
0.0
0.7012393425510448
0.0
0.0
0.32649655785140697
0.0
0.0
0.9681069004987808
0.0
0.5382986069357854
0.0
0.12398599166921898
0.9862661782033499
0.0
0.5315300162745514
0.8968589934697835
0.0
0.0
0.0
0.0
0.0
0.0
0.0
0.0
0.0
0.4061988843766944
0.0
0.43960668312744167
0.07272594972713464
0.0
0.0
0.0
0.0
0.5114745544447314
0.0
0.0
0.18074962860125865
0.0
0.0
0.0
0.8920925415752331
0.6573855981316639
0.910704697457663
0.0
0.011912879836734613
0.0629095752919393
0.5039045615212283
0.0
0.22827795593289357
0.9491327259340384
0.6908556578514058
0.0
0.8407387017225165
0.9320616699853291
0.09101332040726451
0.027974276054681058
0.12180381242441862
0.9858270405254566
0.0
0.18179047210488686
0.0
0.0
0.0
0.0
0.22019130152140842
0.0
0.0
0.818858192503739
0.5787693076110858
0.9497041167704073
0.0
0.7197439756405895
0.777410869763245
0.0
0.0
0.16791203437671753
0.0
0.0
0.8831937180051654
0.5079512196891577
0.0
0.9274012739642984
0.0
0.0
0.6632066339331015
0.7340639408053424
0.0
0.0
0.8462583928231588
0.0
0.8677936579474502
0.0
0.0
0.0
0.23450866505378654
0.0
0.047957311460543384
0.0
0.24539803208460598
0.0
0.8412160929215922
0.0
0.2556009710714032
0.6037409251500232
0.0
0.0
0.0
0.0
0.0
0.0
0.6050059605224782
0.0
0.0
0.1902057186472319
0.15585616689387005
0.29348452124452273
0.8289429776177442
0.7805999137455302
0.0
0.0
0.0
0.15203547587938504
0.0
0.01990548044657836
0.0
0.21133503164915268
0.0
0.8430380382047301
0.0
0.0
0.21101882178819586
0.0
0.0
0.6154239915088527
0.0
0.0
0.0
0.7727637026994025
0.0
0.0
0.0
0.0262041297172948
0.0
0.0
0.0
0.0
0.4080195275686178
0.8885469972758306
0.7970716031767551
0.8719206459107892
0.0
0.1904337250174123
0.0
0.0
0.20641523702622022
0.0
0.0
0.0
0.006183905120992206
0.0
0.49069275419409353
0.6728211129867936
0.0
0.05235421598016876
0.405612395735362
0.0
0.0
0.0
0.9687137764365574
0.5207929287850134
0.0
0.0
0.0
0.0
0.2653791833498268
0.0
0.5653943150813555
0.0
0.7995291031060983
0.14820922846244056
0.6351632255567841
0.0
0.0
0.9923854188709772
0.0
0.3089715092313401
0.5429529178194474
0.0
0.6481053866898075
0.2299866689132859
0.0
0.7176616134383758
0.0
0.0
0.0035927405266783508
0.3545045200776258
0.8800320890445299
0.0
0.0
0.4031587550811142
0.8937474412883954
0.91328730842461
0.0
0.8191330934509894
0.0
0.2921599001649
0.9636875347805522
0.5343336357132318
0.0
0.0
0.0
0.8645190932006624
0.0
0.0
0.0
0.0
0.8550875693635085
0.356231031042453
0.05319709814151885
0.0
0.0
0.0
0.0
0.6060673406171688
0.17049690829319875
0.0
0.016518097860442227
0.8126725932565364
0.539960669135146
0.004874944438880036
0.0
0.0
0.0
0.0
0.5521340910961141
0.0
0.0
0.0
0.0
0.0
0.0
0.0
0.0
0.0
0.0
0.9962539756705256
0.14555226959554468
0.0
0.0
0.0
0.0
0.0
0.8640315303024506
0.18116780566336133
0.0
0.0
0.6249831756447023
0.9867286287209458
0.7130661595132082
0.5605724668558414
0.0
0.3635060967636623
0.98578401175803
0.9953619761574848
0.0
0.0
0.0
0.9999999160024354
0.5460623424027867
0.0
0.0
0.8672971809012746
0.49893688662224955
0.0
0.0
0.682518059022777
0.6996926728209708
0.0
0.0
0.0
0.0
0.15582421307148087
0.0
0.0
0.26626581918407144
0.8632254526682814
0.0
0.45938314796137325
0.4086456220961028
0.7563887526734155
0.977462818981175
0.8410670027641518
0.0
0.0
0.0
0.0
0.3558958287112577
0.2205726806821835
0.5518100036096852
0.0
0.9379073744171438
0.0
0.4141761328160809
0.02644169836604715
0.0
0.3309770994373733
0.0
0.0
0.0
0.7112296029704059
0.0
0.0
0.0
0.0
0.8506499576183344
0.4990859375197616
0.0
0.0
0.0
0.0
0.9225484444032855
0.0
0.07295661029236977
0.1974869085550045
0.0
0.0
0.0
0.0
0.0
0.8749912045417665
0.0
0.08134654549210807
0.0
0.0
0.5959180156795127
0.0
0.0
0.24348916455179248
0.8641311578847657
0.0
0.4997106796408989
0.0
0.0
0.0
0.07537109943975628
0.0
0.14329603048495143
0.0
0.0
0.5136993732827507
0.0
0.0
0.0
0.26234639932283077
0.16027453747694198
0.0
0.0
0.0
0.43059606839887454
0.6694870725786245
0.0
0.0
0.6327146900961904
0.0
0.0
0.0
0.0
0.23626100965547026
0.0
0.0
0.0
0.022680104292326475
0.0
0.0
0.0
0.6814216566470919
0.0
0.0
0.6348722975379035
0.0
0.0
0.0
0.0
0.0
0.0
0.0
0.0
0.0
0.0
0.20961081528842762
0.0
0.8548638032026786
0.0
0.31302562843105
0.0
0.10150379769291551
0.6493477943106579
0.6480725043695963
0.3548561864791344
0.0
0.0
0.9837472133095005
0.6745835447726303
0.0
0.0
0.0
0.0
0.0
0.24795249470074132
0.6225456571885679
0.3783111790864553
0.9906917793321367
0.7333572264785968
0.0
0.0
0.5510275209211433
0.0
0.0
0.46082930458983995
0.26357664649203727
0.0
0.0
0.0
0.2549689106157703
0.9809253743178152
0.0
0.4770617068678472
0.47471475528888185
0.32858941739074365
0.3837268195621325
0.2366627791482535
0.0
0.08284685967641425
0.0
0.0
0.975243709078994
0.0
0.0
0.0
0.0
0.8994088602800053
0.186667549015894
0.21777862394407832
0.0
0.0
0.6273124708446258
0.0
0.0
0.0
0.17547163583841474
0.9856826581536438
0.0
0.0
0.0
0.0
0.4121528567387125
0.0
0.5401320818212181
0.0
0.0
0.0
0.4245283805451079
0.6943791632892946
0.06258864987935209
0.0
0.0
0.6107173630722503
0.0
0.0
0.2414548334502551
0.0
0.0
0.0
0.0
0.0
0.44188673920318977
0.0
0.0
0.3004031206928581
0.786652353432201
0.8868134430187666
0.0
0.0
0.0
0.0
0.9986187812396029
0.0
0.4417554675471209
0.0
0.27686551370209
0.0
0.9257376049407894
0.0
0.15763652309041998
0.509508446168643
0.0
0.7014704978927802
0.0
0.30416997871409723
0.9993474984353237
0.34844275749212095
0.0
0.28120319205480415
0.0
0.43351793658573934
0.0
0.0
0.31998529372794404
0.0
0.50657848518794
0.8149735170055064
0.0
0.0
0.0
0.543136451044957
0.0
0.0
0.004921424935090624
0.0
0.7080873121309255
0.0
0.756355793257276
0.0
0.29422163266428125
0.0
0.26912421083980653
0.0
0.0
0.0
0.5434837504352079
0.0
0.0
0.31567438418605254
0.6976817290479991
0.34485129690710015
0.9793867468359366
0.0
0.5405487808578568
0.6245727747463002
0.6119053061130628
0.0
0.0
0.0
0.0
0.0
0.9315259656898256
0.8579931211143632
0.0
0.4257295964343758
0.0
0.0
0.9160085167711979
0.0
0.6570508997186026
0.0
0.8093383370723477
0.0
0.0
0.9403835350046593
0.5932762682751533
0.0
0.0
0.15978778618357503
0.48774613540622713
0.0
0.0
0.20549104725162148
0.0
0.0
0.0
0.0
0.0
0.8068074507474203
0.9486813503175056
0.2068728482612937
0.35575856548129636
0.2072928622450756
0.0
0.5965938408654639
0.0
0.0
0.0
0.28600237531471984
0.0
0.6813162305052054
0.0
0.7306998817287272
0.0
0.0
0.9988081126815367
0.0
0.8893526290098202
0.5862068955943003
0.0
0.0
0.0
0.9476753196727995
0.7036230543974868
0.0
0.0
0.0
0.0
0.0
0.15372398719728897
0.0
0.0
0.0
0.0
0.0
0.0
0.0
0.09365822711258842
0.0
0.20912222910457468
0.821648866308629
0.0
0.0
0.0
0.0
0.0
0.5736439466843504
0.8111614826768911
0.4808558887899981
0.428554725573718
0.33581137719671117
0.1025837793123271
0.0
0.09054638976303064
0.3961630806082984
0.2929206559283126
0.18707325318141121
0.9986400113663342
0.0
0.0
0.0
0.5027343334168219
0.9401253837074619
0.0
0.0
0.0
0.0
0.0
0.5812547835996196
0.0
0.0
0.6832942154625455
0.0
0.3771495201868975
0.0
0.0
0.47525399735178664
0.0
0.0
0.0
0.14416893206968406
0.0
0.8089756146440893
0.3216594224817415
0.0
0.8865691336151456
0.9280675898660915
0.0
0.0
0.7814996772506124
0.0
0.49099532286603575
0.11259914246366343
0.0
0.0
0.848273275416108
0.5436544188674719
0.0
0.2500229220971488
0.7651432804367029
0.16526435811610107
0.0
0.0
0.35377368559985833
0.0
0.0
0.27526549694516356
0.0
0.0
0.0
0.6497683332128645
0.0
0.0
0.0
0.0
0.0
0.5682035389665271
0.13680343071960066
0.0
0.017720823337672553
0.5918061359744882
0.30530502419898586
0.3476453763765238
0.0
0.0
0.0
0.0
0.0
0.0
0.0
0.0
0.7697902407778192
0.7947664623444305
0.0
0.0
0.1615847563294197
0.0
0.7826729614124754
0.6157999872266035
0.0
0.0
0.0
0.6017097099359139
0.22301705971620245
0.0
0.0
0.8448644042384239
0.6695014076357805
0.0
0.0
0.0
0.0
0.0
0.0
0.875739682462628
0.0
0.0
0.0
0.0
0.9824041404253743
0.2431426570623788
0.0
0.38911113218958593
0.2121642891660822
0.0
0.8671829876204993
0.0
0.45854111633391526
0.3646912348784155
0.0
0.7021432115594088
0.0
0.5938819022972649
0.0
0.0
0.0
0.0
0.0
0.519723273082979
0.22044530194007672
0.5538714652893351
0.0
0.6244356001700817
0.0
0.0
0.951792299564911
0.1411540109535745
0.4198925018165721
0.37599513856362843
0.0
0.9088792779006805
0.0
0.0
0.0
0.0
0.34536128481584727
0.23521303319430886
0.0
0.0
0.0
0.3202360833319322
0.0
0.7395122096876738
0.9907530812728181
0.6096686125229007
0.0
0.2607295212510444
0.0
0.5246928324812787
0.0
0.0
0.0
0.0
0.0
0.0
0.9982519485692694
0.0
0.5747595129699017
0.0
0.0
0.0
0.0
0.0
0.8946239607060638
0.0
0.0
0.12715313337118472
0.8677246477540785
0.0
0.0
0.0
0.0
0.0
0.0
0.025534244221902536
0.04234288332707059
0.07527213790800524
0.0
0.0
0.0
0.38796164286408374
0.970337340720564
0.0
0.8963214968690938
0.0
0.0
0.16050006782609993
0.5965538630126062
0.7231074254087366
0.0
0.0
0.0
0.9038752013404632
0.0
0.8382736686769935
0.0
0.0
0.0
0.0
0.0
0.0
0.6330673819185588
0.0
0.34519333079923353
0.0
0.0
0.0
0.0
0.0
0.0
0.2892877262634542
0.34849659275379863
0.07631030188069876
0.0
0.0
0.46814231054563504
0.0
0.0
0.0
0.0
0.7898303107770666
0.0
0.5832557601572963
0.4548504029907454
0.0
0.7526030891295463
0.0
0.0
0.5873555820649212
0.0
0.0
0.0
0.0
0.9423015437863203
0.0
0.0
0.0
0.0
0.0
0.0
0.0
0.0
0.0
0.30007218264055013
0.1151673226592882
0.0
0.0
0.0
0.15484200605480458
0.6314006911897454
0.25823740322574085
0.7460366399268423
0.01392716987426279
0.0
0.0
0.7391873934119643
0.028695312093127257
0.8794212978753608
0.0
0.0
0.0
0.2708827392988057
0.9785219648124065
0.5277192497467609
0.0
0.0
0.0
0.0
0.11415588806061361
0.10016854123565766
0.44991042416120564
0.0
0.0
0.4597376923349088
0.0
0.8329952989865878
0.0
0.7652943934841113
0.8629377262910859
0.0
0.24820684564970763
0.8834347466220924
0.0
0.0
0.0
0.0
0.15100727715355222
0.0
0.5396389155063509
0.05432840903517944
0.0
0.0
0.0
0.948068510536457
0.7141658810982021
0.6912467048967217
0.06506893471727015
0.0
0.8082770681685567
0.4348156015102481
0.0
0.0
0.4633134873444019
0.0
0.0
0.995516463917763
0.0
0.49851859661710884
0.0
0.0
0.7955624632750212
0.0
0.09449644179336036
0.0
0.41913474462978106
0.0
0.0
0.9952825240071447
0.20930507985231495
0.19308986175316611
0.0
0.0
0.0
0.0
0.6749361792611304
0.0
0.0
0.08684680711999204
0.0
0.41393112920156105
0.0
0.0
0.0
0.0
0.3779829060859069
0.6303785465622975
0.0
0.0
0.9090860880866867
0.0
0.0
0.0
0.5915904430494578
0.0
0.4869331761306286
0.6839925456916767
0.0
0.0
0.6716810469957705
0.0
0.0
0.0
0.4999261146333076
0.0
0.0
0.0
0.0
0.0
0.14586786505912774
0.0
0.0
0.20719220635317104
0.11173687571331004
0.5591829495390352
0.32959592909691626
0.24381846614945857
0.0
0.0
0.0
0.10346162128118241
0.0
0.0
0.8020061465922506
0.0
0.0
0.0
0.37446842754487497
0.0
0.0
0.0
0.0
0.0
0.8784555190744809
0.8536130279688396
0.28997849644355433
0.0
0.06698468677560798
0.0
0.5876512385815453
0.004101796006005132
0.0
0.04410947311030178
0.0
0.0
0.9907291946972481
0.1970821041847216
0.865596767328976
0.0
0.0
0.0
0.009886950074272094
0.5773345436794926
0.0
0.0
0.2598002067828008
0.5049842583439077
0.0
0.0
0.0
0.0
0.0
0.0
0.15324120397058794
0.0
0.9650112651237185
0.2824503694203533
0.805193019575368
0.0
0.0
0.990454067206968
0.0
0.0
0.5365318115888291
0.6556238397437422
0.0
0.1986703808310354
0.0
0.0
0.0
0.3945244273930033
0.43799533778952315
0.43227598500613096
0.5415483713717644
0.0
0.0
0.9442947961135074
0.5340690501790846
0.6238503957929575
0.38939684237327454
0.0
0.0
0.0
0.8131846180752127
0.687929530568002
0.15225035771835238
0.0
0.2777724456524845
0.10635521618898891
0.0
0.0
0.7741523371722885
0.0
0.0
0.0
0.5509838656308548
0.5283434985990536
0.0
0.7802624460895522
0.0
0.0
0.6226555626387256
0.0
0.5717699779366243
0.0
0.0
0.0
0.768765949086385
0.0
0.6498263528521304
0.0
0.9949054241839261
0.0
0.0
0.7328278270517313
0.0
0.4845691075979659
0.6141306689179048
0.6473447875597675
0.4488964817180001
0.1727306626333761
0.9957170459526984
0.0
0.0
0.0
0.027725799616740487
0.0
0.0
0.7449809976604496
0.0
0.0
0.09169489197076208
0.0
0.6112095611733064
0.6703018935686261
0.9952544841110962
0.566139471025571
0.8418675502735733
0.0
0.5248183581027737
0.0
0.0
0.0
0.0
0.0
0.023106654331912058
0.6947620390864451
0.7540068637820745
0.8109277474954908
0.0
0.21629509789025936
0.0
0.0
0.3957617403391238
0.0
0.34631670000456105
0.20544006123314285
0.7219370091070285
0.5657643446542624
0.9299501688067215
0.2021482402490854
0.0
0.0
0.41391535755416897
0.8304673852129109
0.023940948547710117
0.0
0.9899474144697479
0.0
0.0
0.0
0.0780987282000174
0.450555324303723
0.0
0.31288429416705177
0.0
0.5282859389276325
0.3855012523159903
0.3127108537310581
0.0
0.0
0.28091830932644646
0.637171486993528
0.0
0.013662177964091637
0.9481775697760483
0.0
0.38168079551438117
0.96103741492252
0.7117139740179107
0.2870756464555775
0.0
0.0
0.0
0.0
0.0
0.1670108940592725
0.007927928154201735
0.0
0.7896760493617728
0.0
0.0
0.38242720894509696
0.0
0.8978970660629135
0.0
0.0
0.6806414530766411
0.6397368765316684
0.6417144592724516
0.22804142885969136
0.0
0.0
0.0
0.5408620957007886
0.20767682357960981
0.6045271506493313
0.939823787485122
0.16564342507741048
0.0
0.2466788387815152
0.0
0.9520541231639915
0.0
0.0
0.5582145823925048
0.07102764114684357
0.0
0.5350269978381369
0.0
0.0
0.0
0.39697982137487386
0.9134910621820559
0.0
0.0
0.8139587383160802
0.0
0.0
0.0
0.0
0.37279099065499577
0.2092279003007066
0.0
0.7631734046356883
0.7895380008037026
0.6957123845096485
0.0
0.0
0.0
0.0
0.9661435355244459
0.0
0.16675688149189638
0.6187413757053368
0.0
0.7530741301089012
0.0
0.0
0.0
0.17963935443665457
0.0
0.0
0.0
0.0
0.5493240704921165
0.0
0.0026055718413999784
0.0
0.0
0.2923231200411518
0.0
0.0
0.9616673365832024
0.5391492049112292
0.0
0.0
0.6192946083247578
0.6681382719599249
0.0
0.0
0.0
0.0
0.6739392217061693
0.7750295034837611
0.4089286665368953
0.13697381348067683
0.09556043875556319
0.5398742016189335
0.7751273889106169
0.8754564812378249
0.6612993059133127
0.2168709464141948
0.5965462847755423
0.7482788985041917
0.9981477867699027
0.0
0.0
0.0
0.0
0.0
0.3569048040518512
0.0
0.0
0.0
0.0
0.3084332271535205
0.7091415459338173
0.08907737183898246
0.2638879619461342
0.08302254921914443
0.0
0.30342567839288814
0.0
0.9917956920591215
0.0
0.0
0.5454986034404892
0.0
0.27236947013452206
0.5646191116596295
0.0
0.0
0.5216448364984714
0.9813542599201671
0.0
0.8050944508218505
0.0
0.0
0.03903454221864777
0.0
0.4910195610509709
0.0
0.874300631019535
0.9732758906305151
0.0
0.0
0.846024228275719
0.8139521055371026
0.0
0.0
0.8262537276425115
0.9189495265881806
0.0
0.0
0.056064886983147266
0.0
0.0
0.0
0.2200747319476668
0.39874643190966164
0.0
0.0
0.0
0.7902345207488424
0.4347211835395399
0.5758056777559553
0.0
0.06978995569106616
0.14672004680016038
0.5217656549295021
0.6464017880077735
0.6972022245586795
0.580735071711992
0.6021737561526744
0.0
0.0
0.3590612031500371
0.8158531430568967
0.5248702939665575
0.10527102751289608
0.0
0.0
0.0
0.0
0.07247322544790058
0.283849906180482
0.9720831956875664
0.9795626073298024
0.0
0.0
0.0
0.0
0.2481706897953685
0.4035710840062243
0.3559371217911067
0.7440527166013455
0.8027963416467269
0.3844952733197027
0.0
0.0
0.1382087922412626
0.0
0.9991390904512439
0.0
0.0
0.0
0.0
0.0
0.0
0.38582585444286766
0.0
0.0
0.0
0.0
0.12748377425738144
0.0
0.0
0.16464135500290766
0.0
0.31359959433640094
0.0
0.0
0.0
0.75171881409196
0.0
0.0
0.26655224050401705
0.35835023128056775
0.2482678960963356
0.0
0.0
0.6816340833070222
0.04527507257454555
0.0
0.46020681235737304
0.0
0.22744298094952853
0.0
0.5803011077476719
0.09935231717205162
0.0
0.23079601000311212
0.0
0.0
0.9161844851077762
0.0
0.9920363891076289
0.0
0.21813666734048198
0.15199113165204137
0.0
0.7188655848531108
0.0
0.0
0.0
0.0
0.0
0.0
0.0
0.3637815956746828
0.0
0.0
0.9158940682004606
0.0
0.0
0.0
0.6534895711431088
0.5242841959696203
0.43927764411215164
0.8918426215030572
0.0
0.0
0.6195421308765123
0.0
0.36051621281843926
0.32312006804341487
0.0
0.5875818271742719
0.0
0.6205207436515836
0.0
0.0
0.0
0.0
0.4616540220366123
0.0
0.0
0.0
