0.0
0.05476768438546378
0.0
0.4850140970990395
0.2623109363563652
4.4152430322169786E-4
0.0
0.0
0.3479716472027456
0.0
0.9406623595669301
0.6652781328934835
0.39032216965549116
0.41978665849801067
0.5913740928073169
0.0
0.0
0.0
0.0
0.0
0.9396364600178069
0.8229034479560666
0.0
0.7184046081171371
0.0
0.0
0.0
0.9602016667433069
0.0
0.03348756054488458
0.0
0.9418352177690529
0.28059024099590296
0.14549203898429033
0.7377140156875831
0.0
0.25709569448571207
0.911102976239642
0.9781609257276971
0.0
0.4821081733590401
0.36482526415719607
0.0
0.004323251827433306
0.0
0.0
0.35565483693151323
0.0
0.473521790038507
0.0
0.8578971187864451
0.0
0.33574719951950766
0.0
0.0
0.9226646218233678
0.6507398661965526
0.0
0.0
0.884021090829481
0.7262652890153019
0.38301081418468075
0.0
0.7162419127263583
0.0
0.37699128146921174
0.0
0.0
0.3395999737622894
0.9925370546354562
0.8924805802409259
0.8724539447166423
0.7322313842219899
0.03730497515755412
0.0
0.0
0.1075455361434658
0.0
0.49820722372714116
0.7395668930792635
0.0
0.0
0.7019240418024517
0.2815026594238019
0.12203976489642575
0.9242578721635667
0.0
0.0
0.0
0.0
0.0
0.41114269270745846
0.8922306695595145
0.6987981779203797
0.7134379445893431
0.0
0.0
0.0
0.6069847813449971
0.0
0.0
0.0
0.43225988071268734
0.0
0.3001246466277971
0.0
0.5015382945292884
0.8085762734431361
0.0
0.0
0.0
0.0
0.0
0.03813183900104835
0.0
0.0
0.0
0.0
0.0
0.5502935366766958
0.940736152267549
0.0
0.07856318083409124
0.6202560677458928
0.2753422075466605
0.0
0.7874018141004998
0.0
0.9497995460856747
0.21853240131920565
0.9639136669283539
0.9082938263028025
0.0
0.23349569947836232
0.5031076841628082
0.34147640668816737
0.0
0.0
0.0
0.0
0.0
0.0
0.0
0.6507883371726523
0.0
0.47377317392233187
0.8878824768246364
0.0
0.365305630162882
0.3274406345038438
0.22749806622610935
0.7380709336852714
0.0
0.0
0.0
0.43574362195191685
0.0
0.8884696607491153
0.0
0.0
0.6231214183584577
0.0
0.8784009997586738
0.8171369792648364
0.7031456923203311
0.0
0.21961091438939773
0.270314549646098
0.0
0.9053274521378336
0.0
0.42169413266401523
0.6978163440918455
0.0
0.9874384498587543
0.0
0.0
0.6662498390910444
0.0
0.0
0.4340680265415623
0.0
0.8281384211346007
0.1694479269898714
0.0
0.5185269758723685
0.0
0.5452843381271987
0.0
0.9775100682703501
0.0
0.0
0.0
0.015260578079723343
0.5834793392396774
0.6617259941028811
0.0
0.0
0.0
0.20032839989275694
0.0
0.0
0.9411225412994141
0.0
0.10662341912871712
0.0
0.0
0.0
0.0
0.26827151968632873
0.0
0.0
0.7466880096557431
0.0
0.0
0.0
0.0
0.03481045279756175
0.5691186362553561
0.22854709054559366
0.652296699267644
0.4698482446501836
0.5176995764433882
0.0
0.0
0.0
0.578250225021238
0.0
0.0
0.3543594818856772
0.0
0.9099871035180568
0.0
0.0
0.45328148183571015
0.0
0.7030087974295205
0.0
0.3609806731200264
0.7092534828185859
0.3838475718956847
0.0
0.0
0.8292355825961949
0.02408604085013264
0.22135939483446426
0.11543291542549075
0.0
0.7334454591854078
0.9612794519834449
0.0
0.0
0.0
0.7093805954733831
0.0
0.0
0.22957126100897812
0.0
0.0
0.0
0.0
0.11285438167900728
0.7181922952659551
0.0
0.6320587091027724
0.0
0.0
0.0
0.0
0.0
0.3770066138506188
0.0
0.3670989732532365
0.0
0.817657963720952
0.0
0.24304227686026708
0.26720567617775565
0.002919754315074591
0.0
0.0
0.0
0.0
0.0
0.3885154940247146
0.4939007300123248
0.0
0.8659413664148702
0.33429547142814925
0.5187581476272617
0.27274958780087627
0.22841031449234384
0.0
0.0
0.0
0.0
0.0
0.0
0.701523584304454
0.6560762372872868
0.0
0.0
0.0
0.6732347701719082
0.0
0.0
0.0
0.0
0.0
0.0
0.824708537030469
0.0
0.0
0.18433346997737596
0.0
0.0
0.0
0.4995324524556202
0.7003137091586861
0.0
0.0
0.0
0.3342560898217054
0.0
0.0
0.6017899457364009
0.0
0.10602798179497039
0.9632862473206499
0.0
0.060227748538536005
0.225202667344273
0.0
0.0
0.0
0.9735411168447925
0.40676228498986305
0.9154160463864468
0.346592541042115
0.0
0.0
0.0
0.0
0.0
0.9915729414413811
0.0
0.0
0.7119378166977133
0.1629398679822102
0.0
0.6642054403787018
0.23790774946603982
0.3377714598913651
0.0
0.0
0.0
0.023316332349168658
0.7205826737032789
0.8932356079925078
0.0
0.9079307161920829
0.9953223227794334
0.0
0.40684164535437073
0.0
0.0
0.26376184882788367
0.0
0.8763398482692223
0.783704113671129
0.6898451181554185
0.0
0.0
0.8177111916471876
0.0
0.6574110761167891
0.0
0.0
0.0
0.0
0.0
0.0
0.21343109772596103
0.0
0.0
0.0
0.588178341394169
0.18352983779538548
0.0
0.0
0.7787542710410256
0.36880662252645496
0.0
0.34445036702739573
0.08477589276612457
0.1394777745235431
0.0
0.0
0.8995072149028372
0.5625809000108396
0.0
0.9614486277397543
0.0
0.9733197448406523
0.0
0.4767941986752951
0.0
0.0
0.8732856182999583
0.0
0.0
0.6393754081865385
0.7760770789793475
0.0
0.4958230866951297
0.0
0.3937867427498059
0.0
0.4880476230380038
0.0
0.0
0.0
0.0
0.8339866711799856
0.0
0.8188680825576341
0.0
0.47991496901432845
0.006675081473122766
0.6612662002033391
0.340240251699235
0.0
0.0
0.14764702440899044
0.5740745682071583
0.26659583274246884
0.605494386656571
0.0
0.0
0.0
0.0
0.0
0.0
0.35579682179528227
0.0
0.5622756588282852
0.0
0.6911426233196597
0.0
0.0
0.0
0.0
0.0
0.3184287211764326
0.0
0.0
0.11638592381043175
0.0
0.6100095798619536
0.46299670185635966
0.032665010534339664
0.5714778530223167
0.0
0.34610170621680797
0.2629184208594505
0.0
0.672999836057042
0.8093643542509378
0.0
0.017732658022615
0.8788568354400036
0.8746198718882151
0.0
0.13890978852031063
0.9706856090666147
0.0
0.519684218656272
0.17455013828769947
0.0
0.42074648169603746
0.0
0.0
0.5382090522233822
0.10067994362569625
0.0
0.15397108671909157
0.0
0.0
0.4734066878106656
0.0
0.3679603371716808
0.0
0.8355761351674635
0.0
0.12918963680831197
0.0
0.9959057494481469
0.0
0.0
0.623694841747839
0.35929356834978005
0.0
0.0
0.0
0.511204995452225
0.606436676134258
0.2650124630344277
0.4912082441769374
0.0
0.0
0.0
0.8711370819502867
0.09009202521489786
0.0
0.0
0.7731753612014955
0.0
0.0
0.0
0.0
0.0
0.0
0.0
0.7735353215141121
0.0
0.0035640366457773995
0.0
0.9668563591276413
0.7135945662266958
0.0
0.891371483838859
0.07262462880146718
0.8806526006097823
0.0
0.0
0.0
0.5447408281649871
0.2583627015620618
0.0
0.559157156543845
0.0
0.04753386040013542
0.0
0.0
0.43479292046870804
0.37714115718700797
0.0
0.2843644028017873
0.0
0.0
0.05715808952101666
0.0
0.983429068045547
0.6917257466444077
0.0
0.7196229950109889
0.0
0.5136694758746654
0.11957108616079096
0.8192314309543857
0.5047519505246704
0.853822701969698
0.2925961320962648
0.0
0.0
0.6322477860216017
0.0
0.5606543880811046
0.0
0.5113522406081314
0.8447928769454442
0.0
0.0
0.0
0.559957072308191
0.0
0.9240306707150914
0.0
0.6388621305700142
0.0
0.7685784100345228
0.42950395587751816
0.0
0.0
0.0
0.0
0.0
0.9512037022943172
0.0
0.0
0.0
0.0
0.0
0.0
0.0
0.0
0.0
0.9707511730266676
0.0
0.32108447180693533
0.10533102191509544
0.9043558322649827
0.34235091055271066
0.07512203111255529
0.33358671180039107
0.0
0.21757672869337583
0.007856187960649514
0.8006314365754846
0.06281787427139283
0.40047960736133625
0.0
0.0
0.0
0.0
0.0
0.4031162152851538
0.29397571409114076
0.7461507649226172
0.0
0.0
0.5180774159148285
0.0
0.0
0.014279595681547958
0.45518130530924433
0.6939672642171696
0.0
0.0
0.185415643780945
0.12766697952379924
0.0
0.0
0.0
0.0
0.0
0.19851223977602084
0.5729618427096937
0.31301778246493084
0.0
0.6795560211322357
0.19391090440642614
0.5563112552974012
0.9347060579113077
0.9865862423913117
0.0
0.0
0.0
0.0
0.0
0.0
0.0
0.0
0.0
0.0
0.658412878451025
0.0
0.0
0.0
0.0
0.854857027336866
0.0
0.8210405273260863
0.9911452596168863
0.6464789907690622
0.0
0.0
0.300248960986244
0.0
0.4768612219451141
0.0
0.0
0.4850759246998677
0.0
0.0
0.0
0.0
0.0
0.0
0.0
0.0
0.4110678713674819
0.0
0.9413210947510491
0.0
0.0
0.06381986796215469
0.8198897001438497
0.0
0.0
0.6233914380281128
0.5412412442323359
0.0
0.0
0.0
0.6483465131359027
0.0
0.0
0.9028328765612613
0.8781536133352772
0.0
0.0
0.5515464684251411
0.0
0.0
0.0
0.0
0.0
0.8415079907765944
0.9620962086876776
0.0
0.06059518841451465
0.534789624094766
0.0
0.0
0.6644855712720801
0.0
0.38945006775933827
0.0
0.0
0.0
0.6099458670543373
0.9624232159469842
0.3674332644589428
0.2374170994658616
0.4402580574067425
0.14959575432029776
0.0
0.0
0.0
0.041906085075454756
0.4105155891954162
0.38268856699066056
0.0
0.0
0.1254981053117262
0.04420577483987212
0.04704048751486599
0.0
0.0
0.0
0.0
0.0
0.5218231044204619
0.0
0.6804842953319805
0.7255135172770534
0.5058695105462104
0.0
0.3802671656109399
0.0
0.6043033102367483
0.0
0.7046913200751472
0.0
0.0
0.0
0.0
0.8536110120184922
0.928540621662645
0.05423739838657051
0.5597956716297762
0.9896394333680685
0.0
0.0
0.0
0.20369353331267384
0.930250824425442
0.0
0.0
0.0
0.0
0.0
0.41941217123662655
0.5111489530448011
0.45932672308034983
0.6454841101438683
0.25677542034245854
0.0
0.0
0.0
0.7210877713040604
0.0
0.0
0.0
0.5303844859508557
0.6042762051056269
0.0
0.0
0.0
0.8256157162041152
0.4957285932194566
0.0
0.9810778585599884
0.0
0.7979007637861955
0.14751838680669657
0.6894992591885484
0.0
0.0
0.7577144532149316
0.10655943849276266
0.30394106608077076
0.0
0.9110159931801399
0.0
0.1158620948057583
0.0
0.0
0.11945416815039547
0.3925855857234711
0.37238963788911456
0.03853156511179487
0.3976743763173981
0.0
0.02666829913141715
0.0
0.353736853561337
0.0
0.19958830853832993
0.0
0.0
0.0
0.0
0.0
0.0
0.0
0.0
0.0
0.0
0.0
0.7905871455235362
0.0
0.0
0.4738794917942585
0.0
0.9221552192938501
0.0
0.0
0.0
0.0
0.8671509474628921
0.0
0.0
0.0
0.04450164504531467
0.758459996512775
0.0
0.0
0.0
0.0
0.23710300770435105
0.0
0.0
0.5247321406551778
0.8111269927848529
0.6890146492084668
0.0
0.9117692293339724
0.0
0.3029890679488329
0.0
0.9164963363244933
0.0
0.0
0.0
0.5292702879870155
0.8334100327795043
0.0
0.0
0.0
0.0
0.0
0.0
0.0
0.0
0.567504955827626
0.05553709150488367
0.0
0.6239606970652241
0.0
0.0
0.0
0.0
0.0
0.4761309733183173
0.0
0.7655782175720919
0.0
0.0
0.0
0.0
0.0
0.3650651681720617
0.0
0.0
0.0
0.9686154444868581
0.3936694400391989
0.715937644746437
0.0
0.0
0.0
0.0
0.5824134074950215
0.0
0.0
0.3174163756962493
0.3109019036328799
0.0
0.1879013382801192
0.0
0.0
0.09667658329483883
0.8809791558785135
0.8481837759529028
0.17012884441963474
0.0
0.0
0.0
0.44033712381656726
0.0
0.6215296877850697
0.6925559851326568
0.0
0.0
0.0
0.0
0.0
0.0
0.0
0.0
0.8106503892789042
0.0
0.2595615855778584
0.5205299587165386
0.6050426905507753
0.0
0.2942731834390182
0.47047767267504337
0.0
0.6462034114030855
0.9726517428771178
0.0
0.0
0.0
0.0
0.30810946327898353
0.0
0.0
0.3875900112989291
0.0
0.3723490964218881
0.0
0.0
0.7156563810196027
0.2058888261650273
0.0
0.701137288775759
0.0
0.28525767529826657
0.5508141301264662
0.0
0.9511321591848766
0.0
0.0
0.0
0.0
0.4261701204569404
0.24977706631175475
0.0
0.8940997505050235
0.0
0.48597557043695844
0.7009776723770265
0.0
0.0
0.07496192577147893
0.0
0.0
0.39712755282138185
0.32559843394006355
0.0
0.25263805125218747
0.3591884950219322
0.17980552334475067
0.0
0.0
0.0
0.6356264836967773
0.0
0.20066918132692094
0.2767022798380516
0.9393465702449819
0.0
0.0
0.0
0.9173481048774974
0.5500664396688483
0.0
0.0
0.3240406990597279
0.4346967232933604
0.0
0.0
0.3021506435700119
0.0
0.40881802114738325
0.7519820038633599
0.4194745622376651
0.0
0.0
0.9460534841995436
0.16490045612372864
0.0
0.0
0.0
0.3478711554467425
0.0
0.7796030266655245
0.7859533578028347
0.0
0.0
0.10915483209547952
0.0
0.02851822059601029
0.0
0.0
0.6149071979832471
0.0
0.0
0.44342116770907214
0.22259836348266787
0.6370927158169769
0.0
0.0
0.0
0.8227683895463292
0.0
0.8781028266002532
0.8084802493264633
0.0
0.0
0.0
0.0
0.0
0.0
0.0
0.5425316749934981
0.18593067644952374
0.0
0.0
0.0
0.0
0.045737798376224346
0.0
0.2913299266927743
0.5547253522576616
0.2319951846677133
0.0
0.0
0.6263737927147898
0.0
0.0
0.0
0.5055903064361955
0.0
0.0
0.0
0.0
0.0
0.0
0.0
0.9916015686928282
0.0
0.0
0.0
0.0
0.0
0.0
0.0
0.0
0.0
0.0
0.3956848285707923
0.0
0.0
0.1473257141486499
0.6965147251897406
0.7074607395623693
0.0
0.6648675102091455
0.0
0.7700018160136151
0.0
0.0
0.0
0.410800981301933
0.0
0.0
0.0
0.0
0.0
0.0
0.87032363988724
0.8395303678504104
0.9438535472122679
0.0
0.5600248016896966
0.6859682256808725
0.22121271935416234
0.0
0.0
0.29512750515737013
0.034148233288570834
0.0
0.0
0.0
0.29123479170822997
0.0
0.0
0.0
0.0
0.7740873396396651
0.0
0.0
0.0
0.6935596254256854
0.9911390828267074
0.0
0.21284814710578945
0.3683602786831363
0.41604588138487947
0.0
0.5878301532137938
0.9246976072547212
0.9413610679699742
0.6528370418120681
0.29608369291677894
0.5622466216385936
0.0
0.0
0.0
0.38854280111543565
0.8484493417839203
0.03951372904663899
0.9699578704252378
0.0
0.0
0.0
0.0
0.8367311948830466
0.5878513688866754
0.0
0.8302865565101235
0.34954701150794454
0.75607846847128
0.0
0.8844224171570784
0.0
0.0
0.47806255264416325
0.3388829310650383
0.0
0.7871202416311872
0.6135882549840443
0.3396649120192169
0.0
0.0
0.03491297032689893
0.3740537109031076
0.5725758324663393
0.0
0.0
0.7625704587493495
0.0
0.16892030208884962
0.17665101686264356
0.0
0.0
0.0
0.0
0.0
0.9516691248605426
0.0
0.0
0.0
0.0
0.917896402207324
0.0
0.8159923765567143
0.2507679620435795
0.0
0.7108350834743856
0.3404407754820335
0.0
0.9711623390734405
0.12648557780595787
0.4823820427395921
0.0
0.9208694008377598
0.35934189221208757
0.0
0.137160152197034
0.0
0.1696024686481206
0.2515616425867239
0.8521725234545113
0.6743470384999036
0.0
0.0
0.0
0.0
0.0
0.32298071907078013
0.0
0.9097804960114414
0.055049587143911866
0.0
0.47582252948954334
0.0
0.0
0.19169626969538853
0.17453472339999707
0.0
0.5478795424154217
0.047773733657217723
0.0
0.4354582465943176
0.0
0.0
0.169829576211431
0.34536002207998545
0.04669852865661495
0.0
0.709199095627369
0.0
0.3965619600280427
0.6695922190734439
0.0
0.9964708711008515
0.8519293686145738
0.0
0.23247527992347602
0.5094935437390394
0.0
0.9127357142742952
0.0
0.0
0.0
0.5409805097221868
0.0
0.0
0.0
0.7782655797123988
0.0
0.0
0.0
0.872947604803734
0.0
0.9994531595936659
0.5129465659382291
0.0
0.0
0.9546229243658745
0.2552825848256485
0.0
0.5444762129611658
0.0
0.9581598333083768
0.38230126800034075
0.0
0.8715828354818141
0.0
0.16659074405993696
0.0
0.0
0.974855000272156
0.2222881886711121
0.0
0.42362152326077807
0.5144378096887279
0.0
0.9108743558305326
0.0
0.029267491167744224
0.051584733964173804
0.0
0.6610350097083791
0.0
0.4549460413884318
0.6881259680994609
0.0
0.17404641542273092
0.0
0.04232304939124114
0.5114464760348975
0.07065218532747122
0.38605437490044775
0.0
0.07479523167233554
0.6215366299117905
0.435114319490724
0.0
0.49455816438173733
0.06198470122852333
0.674559315243929
0.5910598030368585
0.0
0.0
0.9212816128994199
0.5843597799532247
0.14752922509315197
0.5394027597747695
0.0
0.489852616563579
0.39221639714381784
0.0
0.0
0.0
0.0
0.0
0.0
0.06698157825675227
0.0
0.0
0.0
0.6537544746159681
0.31220734795215943
0.0
0.0
0.0
0.0
0.0
0.0
0.0
0.7905355579894183
0.0
0.0
0.9794949500847183
0.0
0.646642325258348
0.0
0.0
0.6751835055687229
0.9604617575073318
0.0
0.9874941186479494
0.1571782082663978
0.0
0.6373231983629319
0.0
0.1927320332940129
0.0
0.0
0.3314761140086271
0.5533377431898688
0.36596748567427084
0.0
0.0
0.0
0.0
0.0
0.6117991295047246
0.3261604457260526
0.026544196730399486
0.31477517537124117
0.8505371351511631
0.6931943746886645
0.0
0.0
0.9464556016037027
0.01222732579997554
0.13481488060442656
0.002801257859765393
0.960178693479015
0.8575934293215934
0.7489471746379782
0.7307568893107539
0.0
0.2659831334381803
0.0
0.41352725938475604
0.5135712314683063
0.885729698932641
0.0
0.676873647450306
0.49592507344872183
0.0
0.35584422891728756
0.0
0.4154307465303455
0.7528162035960088
0.40103531969223144
2.592587852821878E-4
0.0
0.0
0.47204587529539566
0.0021695476563940324
0.0
0.0
0.43210178911580777
0.0
0.5935262902516822
0.10698083606722965
0.0
0.949617311277369
0.8034779409115664
0.0
0.0
0.5192771065037275
0.7494689735626238
0.0
0.6725313384037097
0.0
0.0
0.0
0.35433379844601304
0.0
0.02996211759356281
0.614680479162544
0.6780165592700419
0.8810722681353255
0.0774432239319351
0.0
0.9313415814095335
0.0
0.0
0.0
0.0
0.5577544719393682
0.0
0.7192573994380456
0.5658912474071249
0.9601491852421143
0.7567747322238256
0.20653655618889152
0.0
0.6075661455166432
0.08258706555556071
0.995724505126777
0.0
0.0
0.5658969854421155
0.0
0.519513143318636
0.0
0.0
0.7629383659080102
0.6892149305709446
0.0
0.552823207744623
0.4176161149695046
0.1603190299478665
0.0
0.0
0.7424232974128304
0.0
0.7126019496188241
0.0
0.0
0.0
0.14612877363608184
0.0
0.0
0.3261723724320039
0.5412961272166177
0.0
0.0
0.018028706578087108
0.0
0.0
0.0
0.12896809865713962
0.0
0.10510834609777245
0.0
0.9745996149418192
0.025420053091692946
0.0
0.0
0.8394401797671612
0.7749482065757591
0.0
0.0
0.0
0.7091002777900222
0.0
0.9932723216519617
0.0
0.8147172378987303
0.0
0.3522000676017407
0.0
0.0
0.0
0.0
0.0
0.45065728664520227
0.0
0.023007782803093128
0.0
0.8081219332869944
0.0
0.29369747811476005
0.0
0.8573203432936201
0.0
0.0
0.0
0.5839017107993908
0.0
0.0
0.0
0.0
0.4583395142633359
0.0
0.0
0.0
0.07161670222744355
0.0
0.9060885307723375
0.045360524964249804
0.0
0.14347373123707752
0.5573981623909051
0.1132355452710824
0.0
0.0
0.0
0.5937963193017894
0.6711775058238457
0.0
0.17015510414876062
0.0
0.0
0.3027867174657574
0.12374547096641489
0.0
0.7733000790035175
0.4814309334999137
0.0
0.0
0.0
0.6129651616005816
0.0
0.7158656930698607
0.0
0.7520399838291968
0.8644967122991675
0.0
0.6664828534328728
0.632427583788901
0.2957089157396817
0.0
0.0
0.8441275920617339
0.0
0.0
0.0
0.0
0.0
0.0
0.0
0.0
0.0
0.008374399467680147
0.9911638751976802
0.0
0.03568228362121897
0.0
0.0
0.9647702571505166
0.2410398715662515
0.747724402805298
0.902268297498452
0.29715322573536374
0.0
0.595754413012369
0.9236095013143595
0.8543252544131889
0.0
0.0
0.0
0.0
0.0
0.0
0.0
0.0
0.14419952308012654
0.0
0.6851102206223683
0.0
0.0
0.0
0.7019509548848315
0.9926611000695406
0.0
0.0
0.8800465903721858
0.0
0.10186581375056747
0.0842443871686584
0.0
0.0
0.7886077564135324
0.0
0.0
0.8624692845077905
0.0
0.0
0.0
0.534702765975376
0.0
0.5033557162003963
0.32264922259937484
0.36114528634027393
0.0
0.0
0.0
0.8657671638781398
0.0
0.14957276868965405
0.0
0.0
0.0
0.6624870046321094
0.0
0.0
0.9466922187894691
0.37767011340354323
0.0
0.42530900569365876
0.0
0.0
0.7733798583140333
0.0
0.8246685830773943
0.27037302048508244
0.0
0.0
0.46108372260629693
0.0
0.0
0.0
0.854851699111934
0.0
0.0
0.6107908240890786
0.0
0.0
0.22522037987406685
0.0
0.0
0.0
0.20674061560290977
0.0
0.0
0.26814378033524633
0.22272316605610412
0.79752642910758
0.0
0.015758122723643457
0.8234857134934815
0.6592287993852353
0.0
0.0
0.0
0.42616465480892685
0.8997823975484062
0.0
0.0
0.7801190642031124
0.0
0.0
0.0
0.0
0.17403172545688306
0.7136438171361696
0.0
0.32686941320492374
0.6828083113210285
0.17320280992335033
0.0
0.6082415684230227
0.034322732224641606
0.0
0.0
0.22989772607917824
0.0
0.0
0.023436850663827575
0.0
0.6363475663077379
0.0
0.41835508515713477
0.0
0.1439398701199731
0.0
0.8768509205494621
0.0
0.0
0.27769797269911767
0.0
0.9458251050774472
0.0
0.09065909616601026
0.0
0.5772127281620185
0.0
0.9307730711946716
0.0
0.8769940021583442
0.8657442376320407
0.0
0.0
0.0
0.0
0.0
0.7241083818038437
0.0
0.0
0.0
0.0
0.9282817227735638
0.6676609664585217
0.597827625322267
0.0
0.7042760503402671
0.0
0.8758552057024074
0.0
0.0
0.0
0.10571454708663526
0.0
0.012449784664799006
0.0
0.0
0.4503447802717838
0.24531031497310504
0.07946847043094772
0.5326696611966668
0.5303451794925133
0.0
0.704682470516037
0.7670566225349367
0.0
0.0
0.0
0.0
0.847371294052275
0.0
0.721724034846178
0.0
0.45379847748052854
0.0
0.9380433448121531
0.0
0.7155523435117999
0.0
0.0
0.0
0.0
0.0
0.0
0.46575938531112904
0.2472643224392779
0.17842281163988424
0.7314998937535684
0.9803585278192404
0.533783931640114
0.7335915672764423
0.0
0.0
0.0
0.9600219699373155
0.2641399234709908
0.0
0.0
0.34899677660009487
0.7786427395944118
0.0
0.0
0.0
0.0
0.0
0.4427239660443821
0.0
0.0
0.348795944334886
0.0
0.6458804806037903
0.9092595697199082
0.21361246143444046
0.0
0.0
0.0
0.0
0.04784257869563189
0.0
0.6467555932846318
0.5677263869348377
0.0
0.0
0.0
0.13244602074063458
0.16101627019536835
0.0
0.0
0.045450420990502824
0.7040388136902911
0.0
0.4982026389496397
0.0
0.0
0.0
0.365789275076748
0.0
0.0
0.0
0.0
0.0
0.0
0.0
0.0
0.0
0.0
0.0
0.0
0.0
0.3276786008007689
0.30683854368624713
0.0
0.0
0.20317542623881182
0.48501585201885933
0.5873820992282068
0.0
0.8157638429235157
0.0
0.20076379517197337
0.0
0.0
0.0
0.11845738961849572
0.0
0.0
0.0
0.0
0.5502912392195104
0.0
0.0
0.0
0.025760060841476046
0.0
0.06875003210228528
0.7696331521702764
0.0
0.0
0.10074089551897478
0.0
0.0
0.0
0.41678784324360096
0.07821819228213739
0.19239709156107
0.8655213813570476
0.9169355813822883
0.0
0.576669453315782
0.5737059910322785
0.0
0.0
0.0
0.0
0.0
0.7887892169865267
0.0
0.0
0.0
0.899388631576548
0.8029369024610007
0.15454800400172336
0.453084370147668
0.0
0.0
0.0
0.0
0.0
0.0
0.0
0.8184238414550828
0.7305841790883685
0.0
0.0
0.0
0.33674151952956766
0.0
0.2667130860937585
0.0
0.0
0.7471965215765946
0.0
0.23140866214912117
0.7790399349819358
0.9758165656496441
0.9554955871456134
0.923430351460629
0.0
0.939954479393112
0.0
0.0
0.2146375300033246
0.0
0.0
0.80050618376805
0.0
0.0
0.6476350872097238
0.3506124268570973
0.4045584654319085
0.15057343993291472
0.0
0.0
0.8584158780369116
0.0
0.04151674864125026
0.8058995345931528
0.0
0.0
0.0
0.9472975197462402
0.5938044089830863
0.0
0.0
0.0
0.20049756531332927
0.1357437031284074
0.0
0.5301175105389636
0.0
0.8251359799432432
0.27008221258229065
0.0
0.0
0.10254251882757527
0.5105436353217301
0.0
0.17914527828559276
0.0
0.4204914999308888
0.0
0.0
0.0
0.0
0.0
0.0
0.20756200323012156
0.0
0.33447286210380645
0.679987164472997
0.0
0.0
0.609811672343576
0.5590489744301812
0.11330439146980345
0.8312551211478622
0.58995446593637
0.0
0.0
0.0
0.13488963683876545
0.34743056821367263
0.07600550673061336
0.0
0.9819769935370274
0.0
0.0
0.7123278315685343
0.27847751479167937
0.0
0.0
0.0
0.0
0.4358528317100708
0.0
0.0
0.0
0.8300817462507064
0.0
0.0
0.0
0.9433585622948543
0.850341932686317
0.9019518446905846
0.23534603615099825
0.0
0.14995510984546992
0.0
0.0
0.23957893594297308
0.8004839111844585
0.07272324869965242
0.0
0.0
0.4764755697258812
0.5276874918535526
0.0
0.07196762855408755
0.23219068938993553
0.0
0.6765369432100458
0.31138443049117587
0.0
0.7823897031382013
0.0
0.0
0.713140677689941
0.0
0.0
0.9792642556158392
0.0
0.25012735029823707
0.0
0.6704905826727889
0.0
0.13873395800455243
0.0
0.0
0.0
0.3568379229436841
0.4943015989017155
0.47620400992827405
0.0
0.0
0.8684403706892695
0.0
0.0
0.0
0.11566299977964155
0.7927635120561245
0.3240881229105462
0.17607691379134707
0.5835760926285037
0.0
0.8183433950928075
0.0
0.17961546712886298
0.695087566314155
0.0
0.0
0.7888747394183299
0.09565744998435895
0.4766117205779875
0.0
0.0
0.4480563341163832
0.5955735558407287
0.3089601409420016
0.2622237459393311
0.9338626315518271
0.5688775460886851
0.0
0.0
0.2446647107712049
0.8826323454100475
0.0
0.3166180550577501
0.6008967918344423
0.0
0.0
0.0
0.0
0.0
0.0
0.0
0.0
0.0
0.0
0.28814351272239624
3.315854865109139E-4
0.0
0.7186454298974394
0.0
0.0
0.0
0.0
0.350999169837164
0.0
0.8979784897078447
0.24869587963657588
0.9424663133867591
0.10913898581708155
0.12277212897341741
0.0
0.0
0.0
0.0
0.2746533747353849
0.0
0.3853619839790066
0.23122531701589646
0.8423958853201184
0.0
0.4863635061005447
0.0
0.09311096344794505
0.0
0.37884272109850653
0.3125847574809151
0.0
0.36322968212842993
0.0
0.9320631351979195
0.0
0.13377657023525913
0.6878416783884982
0.108422045364114
0.25466426616058296
0.8106790369312746
0.5649312145695419
0.0
0.2577489319931388
0.0
0.0
0.0
0.001651619895373116
0.42695343950582737
0.0
0.5203643259964644
0.8568967345805766
0.0
0.0
0.11593978955940155
0.5914866366348002
0.0
0.8433598596175046
0.9304800731819415
0.0
0.0
0.03178207046671919
0.8609181025022735
0.9345135127026305
0.0
0.7662728829743638
0.0
0.8790874947993049
0.0
0.0
0.0
0.0
0.0
0.3717939412911946
0.551670410802809
0.0
0.0
0.1804545147418811
0.0
0.6970429660173343
0.9302731711920798
0.0
0.0
0.9324672566689197
0.17641358779193386
0.0
0.5549215419136639
0.9168579170698731
0.0
0.0
0.0
0.0
0.0
0.5310938518869759
0.0
0.0
0.0
0.8270307779980937
0.0
0.6425351049357355
0.0
0.0
0.0
0.0
0.5761393321026627
0.01800666930865406
0.07772850236131881
0.0
0.0
0.0
0.4674046809959696
0.05009208954252751
0.0
0.5427298993328188
0.0
0.9012151646930154
0.0
0.048222080683890695
0.5490381162343352
0.0893271319793432
0.0
0.3016262711824992
0.0
0.0
0.0
0.9489647267172356
0.6424477079485279
0.4268002936243113
0.0
0.7741527143253621
0.9345466234149225
0.4540164394173891
0.19987506064832092
0.35772298582419954
0.0
0.0
0.4701180302605116
0.13843882695504964
0.0
0.7512462042227681
0.07223795114030453
0.0
0.5198777277154899
0.0
0.16158267388513067
0.40797082693280046
0.0
0.6083016687866323
0.0
0.09742970097279173
0.0
0.0
0.0
0.0
0.8398640349719891
0.0
0.14666036486235529
0.4951472434856834
0.0
0.0
0.0
0.9848731180238782
0.6696960206847993
0.0
0.0
0.0
0.4306299199650736
0.3532969964100851
0.3152677652522792
0.47882883963762773
0.0
0.5116918215781376
0.0
0.0
0.0
0.0
0.804491160649501
0.0
0.2467948244092527
0.6793992694419448
0.0
0.0
0.2985086183488364
0.0
0.37092075633098115
0.0
0.958444387673457
0.18701598506197473
0.0
0.7448174504630024
0.3417816487555854
0.5383980227689144
0.0
0.6412744806974481
0.0
0.9947724965484747
0.0
0.4377238323942121
0.0
0.04392390053334391
0.0
0.0
0.9106508938653027
0.0
0.0
0.0
0.9859993700335405
0.0
0.0
0.0
0.3771968869594205
0.0
0.8368351289624605
0.0
0.9802909286815598
0.0
0.0
0.15062147602410897
0.0
0.0
0.2797173997336325
0.06743109256398284
0.6148605326923684
0.0
0.0
0.17042011449886152
0.0
0.0
0.0
0.0
0.0
0.5699371994424409
0.0
0.0
0.0
0.0
0.0
0.0
0.0
0.0
0.2113968669400351
0.5349001097229086
0.0
0.0
0.0
0.6812297541748003
0.7055172011998828
0.8478271503057945
0.0
0.7577955889442907
0.7841887627241189
0.0
0.0
0.9457844922142308
0.8159254705051545
0.0
0.0
0.0
0.5731899912693806
0.0
0.727658506703092
0.21957256730173266
0.0
0.9103287160408767
0.0
0.6420787554910852
0.0
0.0
0.0
0.0
0.0
0.0
0.0
0.4873954771752233
0.0
0.0
0.40506042253366764
0.0
0.9103095447899988
0.0
0.0
0.255050842133512
0.0
0.0
0.6976175444841197
0.0
0.0
0.0
0.0
0.0
0.0
0.0
0.0
0.0
0.0
0.5844603212993962
0.0
0.0
0.0
0.3512798864279771
0.0
0.7187575330186964
0.0
0.981118282001574
0.0
0.0
0.3612179134248551
0.19498383438393208
0.5013856603332585
0.005640762999162956
0.0
0.0
0.0
0.9892281643677846
0.0
0.3031056862762393
0.0
0.0
0.4468654440934895
0.0
0.0
0.0
0.0
0.24633513591775213
0.8245491595151336
0.9219442266164329
0.0
0.13909189807133107
0.6160354178342718
0.6448743901859921
0.0
0.2728906050058041
0.0
0.5476565205843494
0.9118529691435701
0.0
0.0
0.1523461457971774
0.0
0.0
0.9367190864146329
0.2638889049215046
0.4297094096231843
0.0
0.3309409520501582
0.44473248742392496
0.0
0.0
0.037702358812384644
0.7489353522899971
0.0
0.5097579001643298
0.0
0.0
0.0
0.516977249629273
0.9810247167141832
0.8457436180469736
0.16053041501764703
0.0
0.0
0.0
0.0
0.5752777591440671
0.42922401002199445
0.8338902506176568
0.0
0.0
0.0
0.0
0.0
0.230160767304816
0.0
0.34740665857413194
0.0
0.0012407817925177633
0.0
0.0
0.0
0.8654092806563659
0.0
0.0
0.0
0.3660196336737348
0.0
0.0
0.0
0.0
0.024217370418598103
0.0
0.5705520559477127
0.9943728658854623
0.8917996382744741
0.7894211207485856
0.0
0.0
0.3781829170972411
0.0
0.0
0.9958530674232438
0.0
0.0
0.0
0.21449065370520737
0.0
0.0
0.0
0.0
0.0
0.0
0.5203512283779381
0.19303901824869826
0.023334054548203156
0.0
0.47708274327763667
0.0
0.0
0.0
0.9244050176546615
0.0
0.900276127381668
0.0
0.6818187315022364
0.0
0.5615240648235186
0.0
0.8101127954584653
0.0
0.44105495105318276
0.0
0.0
0.5640225506610494
0.26961582861591793
0.0
0.0
0.9958798453937909
0.0
0.0
0.0
0.0
0.5882829730543739
0.0
0.0
0.0
0.03130868702636102
0.6328339608588062
0.0
0.0
0.38717319277864853
0.4073539901742874
0.0
0.9434438994160511
0.0
0.0
0.0
0.9861965205768843
0.018036056760710014
0.41206800176470804
0.0
0.0
0.8488065152063221
0.0
0.39384360155563314
0.9127305674465792
0.7700269531388203
0.0
0.0
0.0
0.0
0.0
0.0
0.0
0.0
0.29003955268154397
0.40481932649497254
0.21562139221710047
0.5306101995732945
0.9866192792818239
0.43572555020450143
0.0
0.0
0.0
0.0
0.48449444432876093
0.0
0.09816013245399796
0.0
0.0
0.6473956301572632
0.0
0.0
0.0
0.0
0.7529528930138067
0.23921561423976329
0.3641388733579936
0.31216491870790464
0.5574866988198247
0.0
0.9748790691356488
0.0
0.0
0.47628229309369563
0.0
0.0
0.8430981767912314
0.5071791805810202
0.4980083125693039
0.23453343452385456
0.16846420618503832
0.0
0.9203615645921295
0.0
0.7943005511221223
0.04514607900567453
0.0
0.0
0.18402650279793534
0.9693788569268589
0.0
0.0
0.4044163989808055
0.0
0.0
0.8609347264293601
0.0
0.0
0.0
0.0
0.0
0.0
0.0
0.0
5.002875172845364E-4
0.0
0.0
0.6912482060889971
0.7044274274723682
0.0
0.25422515083431996
0.0
0.0
0.0
0.28585377991536437
0.0
0.0
0.0
0.33151129794019424
0.0
0.0
0.6353457528223116
0.0
0.0
0.0
0.0
0.0
0.992663478846687
0.0
0.8828176551502629
0.3051601800436229
0.0
0.6925565924756911
0.9067247291728961
0.0
0.0
0.506697849716201
0.0823597011854646
0.5361980973588341
0.30067466344122984
0.0
0.0
0.1679554913614659
0.12252328345732458
0.7574887478631687
0.7039066718197893
0.0
0.5366263309206528
0.4566951561024881
0.0
0.0
0.0
0.0
0.0
0.42460283962095985
0.8965826603035142
0.0
0.0
0.0574174959108865
0.2620106433865228
0.6405750812144557
0.0
0.9513963356064693
0.2958671736865487
0.03111441079992238
0.0
0.5639501075228085
0.0
0.0
0.0
0.0
0.0
0.22591118941612998
0.0
0.014104578355868851
0.9250470544359816
0.0
0.5692671446638202
0.0
0.0
0.14334663817057733
0.3307061273838639
0.5615263855315765
0.9097692527538984
0.3998854930296538
0.0
0.9896165903662654
0.0
0.3392972391846431
0.0
0.507629908219385
0.6667732681750459
0.0
0.9681154092463518
0.0
0.521785356803054
0.3547864272138704
0.0
0.0
0.0
0.9208297784289845
0.0
0.3354562345387897
0.0
0.0
0.0
0.816412933083829
0.0
0.0
0.6209174582853109
0.0
0.04339391392863941
0.6416241165540473
0.0
0.8852557006940267
0.0
0.010584733534699908
0.7922758820425252
0.15107908296992378
0.8256314568099637
0.0
0.0
0.034702751304683165
0.0
0.842189784959096
0.33464455586104885
0.9104653458690387
0.8781890764643902
0.3105881546342874
0.4109890062547714
0.0
0.8601531104046383
0.0
0.0
0.30872647349973203
0.0
0.0
0.0
0.558422321548965
0.0
0.5135302695466311
0.6560727815896138
0.0
0.0
0.05671878045242993
0.047530848799386016
0.0
0.10355037450865416
0.0
0.9370813582575577
0.0
0.0
0.2966251253548601
0.0
0.6433191704484619
0.0
0.0
0.0
0.0
0.9213893882582059
0.0
0.0
0.0
0.0
0.0
0.28339506903190503
0.0
0.41080863805938106
0.0
0.0
0.0
0.0
0.09797873314276793
0.0
0.0
0.0
0.0
0.0
0.7752956310991411
0.0
0.0
0.0
0.7391495140255531
0.8733178672593332
0.0
0.03944303945377729
0.33464960276467365
0.0
0.6036105336265427
0.10295157129404403
0.32825337611840144
0.78473720174885
0.0
0.0
0.5112630964825434
0.0
0.08741377656608161
0.0
0.9258819101874728
0.27961096077328956
0.0
0.8929051024431988
0.21968046538628982
0.0
0.7265238317945754
0.0
0.433168330728951
0.5740556029074911
0.0
0.0
0.0
0.09667653143831707
0.0
0.3848272190426281
0.0
0.0
0.0
0.40395905763067197
0.1873914258925748
0.0
0.5872988662057825
0.0
0.6451961669213193
0.0
0.0
0.0
0.29784965935407315
0.0
0.0
0.12569960209784314
0.8545317374624608
0.0
0.0
0.0
0.0
0.0
0.0
0.1366244489766997
0.0
0.0
0.0
0.0
0.0
0.0
0.0
0.0
0.8579904696540851
0.0
0.6269675572522077
0.0
0.0
0.330723335203216
0.17079457969854978
0.01812049758223668
0.0
0.0
0.0
0.7281138521520308
0.8364459419501076
0.0
0.0
0.20074882889375414
0.0
0.6768020489641544
0.7115226709657881
0.0
0.42593295696055805
0.7780572459204906
0.0
0.0
0.0
0.0
0.04201214970208435
0.7922783950173881
0.0
0.787299005702822
0.4435466963556076
0.25161235180887054
0.0
0.6733394675226969
0.3989621235440085
0.0
0.3505878873329126
0.6305628943704708
0.4429628530132937
0.3729285345810323
0.0
0.6826202444551632
0.8771456628884043
0.0
0.9951665799895106
0.2752370000894425
0.0
0.0
0.0
0.0
0.3260569835219503
0.0
0.9837692138184565
0.05584056672384773
0.0
0.0
0.0
0.5900320539693826
0.28510986699455104
0.0
0.0
0.4108898447766844
0.9170872096820216
0.502735858844983
0.0
0.0
0.0
0.0
0.0
0.16279393181625965
0.07985955043160617
0.6637749678848012
0.03408117210902686
0.5137504422974903
0.0
0.0
0.3143177595258278
0.0
0.0
0.3721729425656503
0.0
0.14263391936826297
0.20951111740220746
0.0
0.0
0.0
0.0
0.0
0.0
0.0
0.6688703521972187
0.16098338241573332
0.46448405922962555
0.0
0.5801989049494556
0.9762009453957272
0.0
0.0
0.9268279151261152
0.07956112104081765
0.4832070393338287
0.0
0.3456213152036523
0.0
0.0
0.9199051641050537
0.7828217078373247
0.37971768926759775
0.6717711576827508
0.0
0.5065532075891284
0.6448658271519119
0.0
0.4480364679467207
0.0
0.9624512269391883
0.9220974735551842
0.0
0.9583983821960674
0.0
0.0
0.0
0.6446037241202258
0.0
0.0
0.0
0.13330852165008564
0.28316670756341217
0.9635445267348721
0.4010282408330002
0.6035280578480943
0.9117089763464626
0.8475384782152208
0.0
0.17986198250802374
0.0
0.38323820714977763
0.0
0.0
0.0
0.0
0.0
0.1440485097423902
0.0
0.5568398574557634
0.3543279946686027
0.9090701177466173
0.0
0.813323635340053
0.876659907942268
0.6725165474274155
0.0
0.0
0.34535101751208747
0.0
0.4406272593334716
0.0
0.0
0.0
0.3822288433633814
0.4323398289587838
0.5829910887914017
0.0
0.0
0.44175566541966627
0.0
0.0
0.39488156252307355
0.5841082884214653
0.0
0.0
0.5791783209213227
0.9430623437022361
0.0
0.31524735912705437
0.2827234211548818
0.0
0.0
0.4714366624122321
0.2009440719773554
0.7073567253116856
0.0
0.0
0.0
0.0
0.0
0.24694358077581588
0.8894352968860915
0.0
0.17432464672757025
0.0
0.0
0.2781771976534794
0.0
0.0
0.8053143325057317
0.06417847476379404
0.0
0.0
0.5758326607508294
0.0
0.0
0.0
0.31846842936993214
0.0
0.0
0.0
0.0
0.0
0.0
0.0
0.0
0.0
0.0
0.0
0.6396639818129772
0.0
0.8958997031598277
0.9059184139285114
0.6618996655440902
0.6293450885948988
0.6442901038155301
0.13191509385025052
0.6118328531057762
0.0
0.9258118664358592
0.0
0.0
0.9144314200100433
0.16684258855588469
0.5469387208014712
0.9847746888321887
0.0
0.6806068460784938
0.0
0.0
0.0
0.0
0.0
0.09410919195714287
0.0
0.21958485431658092
0.0
0.0
0.0
0.4338960327910268
0.8154136413422391
0.8841437821035146
0.0
0.06037103062292746
0.0
0.6502585457230381
0.19148904881471318
0.7811035576193249
0.7243978429782868
0.26949816285470884
0.7146691457230342
0.0
0.0
0.8438845691383895
0.7147247446072066
0.7013834198082868
0.0
0.9349802436797673
0.1970405128536507
0.14120143605177732
0.0
0.0
0.5059326669968481
0.0
0.0
0.0
0.007602471083042153
0.8850589321696182
0.0
0.0
0.0
0.22155803415087835
0.0
0.0
0.9197777077991306
0.5918440420164561
0.7166360811034853
0.0
0.36589034327266595
0.0
0.0
0.0
0.46441228824641934
0.6615921601668299
0.7171389851123803
0.7421551025240456
0.0
0.0
0.0
0.49136843157280663
0.0
0.3835557413160918
0.03784106542080824
0.07783312843779631
0.0
0.33874469592074613
0.2179720055940177
0.0
0.0
0.0
0.5470961499099543
0.15043113692415763
0.11783373316087467
0.0
0.6544561873308942
0.6241177951185044
0.0
0.2822988937156189
0.11499446644563446
0.0
0.0
0.087444913698132
0.381274171792499
0.047086225812912975
0.07504842441718432
0.8644853983016708
0.0
0.0
0.0
0.3691813485907622
0.0
0.1101233078443367
0.0
0.0
0.0
0.6526962925932761
0.0
0.9873340935218918
0.0
0.0
0.0
0.0
0.40168058779652505
0.7344625613868818
0.9338358531767271
0.0
0.9936847663211709
0.0
0.4234398878987305
0.7559135493773919
0.3156549174296814
0.0
0.789770869396272
0.15255017236524426
0.0
0.936471157097124
0.0
0.0
0.0
0.5531226049076674
0.5636721923578292
0.0
0.0
0.2563815318995401
0.0
0.6818853461610129
0.0
0.0
0.49489871854564627
0.0
0.0
0.2062993992626241
0.0
0.09602872445088964
0.007349522003085184
0.8650877528399665
0.9760367351470309
0.0
0.0
0.0
0.0
0.0
0.0
0.0
0.1302171329355582
0.4841127465835988
0.0
0.246631783660759
0.0
0.0
0.5242443927697663
0.4293851924842252
0.0
0.3302149687390078
0.5932922943010585
0.0
0.0
0.3474409052410232
0.0
0.09471690570397653
0.29876095618166754
0.0
0.0
0.966552257945469
0.0
0.3056913757996077
0.8478553436145094
0.6932472503988546
0.0
0.8965096811629155
0.5362019607915105
0.15641537216332582
0.5344046148781757
0.0
0.0
0.832309993662099
0.0433381343010981
0.9874785203890886
0.26252261612220684
0.0
0.1574017265672441
0.0
0.0
0.2099816111887305
0.0
0.0
0.0
0.0
0.0
0.9300794142306492
0.0
0.5129011431282272
0.0
0.3210759407239054
0.0
0.0
0.0
0.0
0.031231661852825884
0.0
0.0
0.0
0.0
0.0
0.0
0.0
0.0
0.5891994170115141
0.0
0.7822594786776726
0.0
0.5366746527579253
0.0
0.6714102597961165
0.0
0.6035855372813289
0.07033036172034196
0.0
0.4092196043284027
0.0
0.9228386174512557
0.0
0.8197065597798799
0.38547340539680003
0.0
0.1528433696804238
0.0
0.0
0.9014586142383322
0.9805732007354018
0.0790658308847984
0.0
0.48855186809130186
0.0
0.7649801284479533
0.0
0.10761579615763918
0.0
0.0
0.0
0.0
0.0
0.6137201644340231
0.0
0.9537141999492325
0.0
0.09868007481041038
0.3786150428305499
0.0
0.0
0.8352821773938888
0.0
0.06941845386272279
0.0
0.14729408782331035
0.2771983500637675
0.0
0.1384638443971663
0.7957206905884423
0.03609547570758499
0.5320964734108017
0.3990580557369256
0.0
0.0
0.0
0.0
0.0
0.0
0.0
0.5863797621110012
0.0
0.0
0.0
0.0
0.7310203294854924
0.0
0.4311926318302146
0.0
0.0
0.954920254167235
0.0
0.0
0.8041772133692748
0.0
0.0
0.3675849995984572
0.0
0.1421949455343122
0.0
0.0
0.0
0.0
0.7469106973853743
0.0
0.597259744762764
0.0
0.0
0.0
0.7319520959737427
0.6141793657612863
0.0
0.0
0.0
0.0
0.0
0.855763089464665
0.0
0.0
0.1255153356326861
0.8940944722860118
0.0
0.498242844697622
0.3642182681224339
0.0
0.8736508100520933
0.0
0.7269550069268821
0.0
0.5132989128636254
0.5351402027236342
0.0590861694384818
0.0
0.7927089028663635
0.39661120997455046
0.2454735773869015
0.6086579525529933
0.0
0.2884068815386685
0.0
0.0
0.0
0.0
0.9433622205841228
0.4762552913353889
0.0
0.0
0.0
0.0
0.3340626235217921
0.0
0.8486378808294001
0.0
0.0
0.0
0.05662754378700676
0.0
0.0
0.0
0.922924222178012
0.3584315679195328
0.10311470609753634
0.0
0.7141339971184143
0.0
0.0
0.0
0.0
0.0
0.9334720069349512
0.0
0.19701745261222
0.7315401656450451
0.20069649653044314
0.0
0.0
0.2650981319145666
0.744674176998726
0.8486912354002069
0.0
0.0
0.0
0.5608755925336454
0.2628824482330216
0.0
0.23424751709475913
0.0
0.0
0.0
0.25862619398783154
0.10016375993953436
0.0
0.0
0.0
0.7954176445377213
