0.0
0.05476768438545409
0.0
0.4850140970990342
0.2623109363563576
4.415243032114472E-4
0.0
0.0
0.34797164720273893
0.0
0.9406623595669295
0.66527813289348
0.39032216965548494
0.4197866584980047
0.5913740928073127
0.0
0.0
0.0
0.0
0.0
0.9396364600178063
0.8229034479560648
0.0
0.7184046081171342
0.0
0.0
0.0
0.0
0.0
0.03348756054487467
0.9604617575073313
0.9418352177690522
0.2805902409958956
0.14549203898428156
0.7377140156875803
0.0
0.25709569448570446
0.9111029762396411
0.0
0.0
0.4821081733590348
0.3648252641571896
0.0
0.004323251827423095
0.0
0.0
0.3556548369315066
0.0
0.4735217900385016
0.0
0.8578971187864437
0.0
0.3357471995195008
0.0
0.0
0.9226646218233671
0.650739866196549
0.0
0.0
0.8840210908294799
0.7262652890152991
0.3830108141846744
0.0
0.7162419127263554
0.0
0.37699128146920535
0.0
0.0
0.3395999737622826
0.9393465702449812
0.9497995460856743
0.872453944716641
0.7322313842219871
0.037304975157544246
0.0
0.0
0.10754553614345666
0.0
0.498207223727136
0.7395668930792608
0.0
0.0
0.7019240418024487
0.28150265942379454
0.12203976489641676
0.9242578721635659
0.0
0.0
0.0
0.0
0.0
0.4111426927074524
0.8922306695595134
0.6987981779203766
0.7134379445893401
0.0
0.0
0.0
0.6069847813449931
0.0
0.0
0.0
0.43225988071268157
0.0
0.3001246466277899
0.0
0.5015382945292832
0.8085762734431341
0.0
0.0
0.0
0.0
0.0
0.03813183900103849
0.0
0.0
0.0
0.0
0.0
0.5502935366766911
0.9407361522675485
0.0
0.07856318083408179
0.6202560677458889
0.27534220754665306
0.0
0.7874018141004976
0.0
0.8924805802409248
0.21853240131919763
0.0
0.9082938263028016
0.0
0.23349569947835447
0.503107684162803
0.3414764066881606
0.0
0.0
0.0
0.0
0.0
0.0
0.0
0.6507883371726487
0.0
0.4737731739223265
0.8878824768246352
0.0
0.3653056301628754
0.3274406345038369
0.22749806622610141
0.7380709336852688
0.0
0.0
0.0
0.4357436219519111
0.0
0.8884696607491142
0.0
0.0
0.6231214183584538
0.0
0.8784009997586726
0.8171369792648345
0.703145692320328
0.0
0.21961091438938973
0.2703145496460906
0.0
0.9053274521378326
0.0
0.4216941326640093
0.6978163440918423
0.0
0.0
0.0
0.0
0.666249839091041
0.0
0.0
0.43406802654155646
0.0
0.8281384211345989
0.16944792698986288
0.0
0.5185269758723636
0.9686154444868578
0.545284338127194
0.0
0.0
0.0
0.0
0.0
0.015260578079713243
0.5834793392396731
0.6617259941028777
0.0
0.0
0.0
0.20032839989274875
0.0
0.0
0.9411225412994134
0.0
0.10662341912870796
0.0
0.0
0.0
0.0
0.26827151968632124
0.0
0.0
0.7466880096557406
0.0
0.0
0.0
0.0
0.03481045279755185
0.5691186362553516
0.22854709054558575
0.6522966992676404
0.46984824465017816
0.5176995764433833
0.0
0.0
0.0
0.5782502250212337
0.0
0.0
0.35435948188567057
0.0
0.9099871035180559
0.0
0.0
0.45328148183570455
0.0
0.7030087974295175
0.0
0.3609806731200198
0.7092534828185829
0.38384757189567836
0.0
0.0
0.8292355825961931
0.02408604085012263
0.22135939483445627
0.11543291542548167
0.0
0.733445459185405
0.0
0.0
0.0
0.0
0.7093805954733802
0.0
0.0
0.22957126100897024
0.0
0.0
0.0
0.0
0.1128543816789982
0.7181922952659522
0.0
0.6320587091027686
0.0
0.0
0.0
0.0
0.0
0.3770066138506124
0.0
0.36709897325323004
0.0
0.8176579637209501
0.0
0.2430422768602593
0.26720567617774815
0.002919754315064366
0.0
0.0
0.0
0.0
0.0
0.3885154940247083
0.4939007300123196
0.0
0.8659413664148689
0.3342954714281424
0.5187581476272568
0.27274958780086883
0.2284103144923359
0.0
0.0
0.0
0.0
0.0
0.0
0.7015235843044509
0.6560762372872833
0.0
0.0
0.0
0.6732347701719048
0.0
0.0
0.0
0.0
0.0
0.0
0.8247085370304672
0.0
0.0
0.18433346997736758
0.0
0.0
0.0
0.49953245245561506
0.700313709158683
0.0
0.0
0.0
0.3342560898216986
0.0
0.0
0.6017899457363969
0.0
0.10602798179496123
0.0
0.0
0.06022774853852637
0.22520266734426506
0.0
0.0
0.0
0.5568398574557588
0.40676228498985695
0.915416046386446
0.34659254104210835
0.0
0.0
0.0
0.0
0.0
0.922838617451255
0.0
0.0
0.7119378166977103
0.1629398679822016
0.0
0.6642054403786983
0.237907749466032
0.33777145989135826
0.0
0.0
0.0
0.02331633234915864
0.720582673703276
0.8932356079925067
0.0
0.9079307161920819
0.930273171192079
0.0
0.4068416453543646
0.0
0.0
0.2637618488278761
0.0
0.8763398482692211
0.7837041136711268
0.6898451181554153
0.0
0.0
0.8177111916471859
0.0
0.6574110761167855
0.0
0.0
0.0
0.0
0.0
0.0
0.21343109772595295
0.0
0.0
0.0
0.5881783413941648
0.1835298377953771
0.0
0.0
0.7787542710410233
0.3688066225264485
0.0
0.344450367027389
0.08477589276611518
0.1394777745235343
0.0
0.0
0.8995072149028361
0.5625809000108352
0.0
0.4377238323942063
0.0
0.0
0.0
0.47679419867528977
0.0
0.0
0.873285618299957
0.0
0.0
0.6393754081865347
0.7760770789793453
0.0
0.49582308669512454
0.0
0.3937867427497997
0.0
0.4880476230379986
0.0
0.0
0.0
0.0
0.8339866711799839
0.0
0.8188680825576322
0.0
0.4799149690143231
0.00667508147311258
0.6612662002033357
0.3402402516992282
0.0
0.0
0.1476470244089817
0.574074568207154
0.2665958327424613
0.605494386656567
0.0
0.0
0.0
0.0
0.0
0.0
0.35579682179527566
0.0
0.5622756588282808
0.0
0.6911426233196566
0.0
0.0
0.0
0.0
0.0
0.3184287211764256
0.0
0.0
0.11638592381042269
0.0
0.6100095798619496
0.46299670185635416
0.03266501053432975
0.5714778530223124
0.0
0.34610170621680125
0.26291842085944295
0.0
0.6729998360570385
0.8093643542509358
0.0
0.017732658022604923
0.8788568354400024
0.8746198718882139
0.0
0.1389097885203018
0.0
0.0
0.5196842186562671
0.174550138287691
0.0
0.4207464816960315
0.0
0.0
0.5382090522233774
0.10067994362568702
0.0
0.1539710867190829
0.0
0.0
0.4734066878106602
0.0
0.36796033717167437
0.0
0.8355761351674619
0.0
0.12918963680830303
0.0
0.0
0.0
0.0
0.6236948417478352
0.946053484199543
0.0
0.0
0.0
0.51120499545222
0.6064366761342539
0.26501246303442016
0.4912082441769322
0.0
0.0
0.0
0.8711370819502854
0.09009202521488853
0.0
0.0
0.7731753612014932
0.0
0.0
0.0
0.0
0.0
0.0
0.0
0.7735353215141099
0.0
0.003564036645767181
0.0
0.0
0.7135945662266928
0.0
0.8913714838388579
0.07262462880145767
0.8806526006097811
0.0
0.0
0.0
0.5447408281649825
0.2583627015620542
0.0
0.5591571565438405
0.0
0.04753386040012565
0.0
0.0
0.43479292046870227
0.3771411571870016
0.0
0.28436440280178
0.0
0.0
0.057158089521007
0.0
0.4435466963556019
0.6917257466444046
0.0
0.719622995010986
0.0
0.5136694758746604
0.11957108616078192
0.8192314309543838
0.5047519505246653
0.8538227019696966
0.2925961320962575
0.0
0.0
0.6322477860215979
0.0
0.5606543880811
0.0
0.5113522406081265
0.8447928769454427
0.0
0.0
0.0
0.5599570723081866
0.0
0.9240306707150906
0.0
0.6388621305700104
0.0
0.7685784100345204
0.42950395587751233
0.0
0.0
0.0
0.0
0.0
0.0
0.0
0.0
0.0
0.0
0.0
0.0
0.0
0.0
0.0
0.0
0.951132159184876
0.3210844718069284
0.10533102191508627
0.9043558322649817
0.34235091055270395
0.0751220311125458
0.33358671180038424
0.0
0.2175767286933678
0.00785618796063934
0.8006314365754825
0.06281787427138323
0.4004796073613301
0.0
0.0
0.0
0.0
0.0
0.4031162152851477
0.2939757140911335
0.7461507649226146
0.0
0.0
0.5180774159148236
0.0
0.0
0.014279595681537848
0.4551813053092387
0.6939672642171665
0.0
0.0
0.18541564378093664
0.1276669795237903
0.0
0.0
0.0
0.0
0.0
0.1985122397760126
0.5729618427096894
0.3130177824649238
0.0
0.6795560211322325
0.1939109044064179
0.5563112552973967
0.934706057911307
0.8475384782152192
0.0
0.0
0.0
0.0
0.0
0.0
0.0
0.0
0.0
0.0
0.6584128784510215
0.0
0.0
0.0
0.0
0.8548570273368644
0.0
0.8210405273260846
0.6667732681750425
0.6464789907690586
0.0
0.0
0.30024896098623677
0.0
0.47686122194510877
0.0
0.0
0.48507592469986244
0.0
0.0
0.0
0.0
0.0
0.0
0.0
0.0
0.41106787136747586
0.0
0.9413210947510485
0.0
0.0
0.06381986796214509
0.8198897001438478
0.0
0.0
0.6233914380281089
0.5412412442323312
0.0
0.0
0.0
0.6483465131358992
0.0
0.0
0.9028328765612603
0.8781536133352759
0.0
0.0
0.5515464684251365
0.0
0.0
0.0
0.0
0.0
0.8415079907765928
0.0
0.0
0.060595188414505015
0.5347896240947613
0.0
0.0
0.6644855712720766
0.0
0.389450067759332
0.0
0.0
0.0
0.6099458670543333
0.0
0.36743326445893637
0.23741709946585376
0.4402580574067368
0.14959575432028904
0.0
0.0
0.973319744840652
0.04190608507544493
0.41051558919541015
0.38268856699065423
0.0
0.0
0.12549810531171723
0.04420577483986232
0.04704048751485621
0.0
0.0
0.0
0.0
0.0
0.521823104420457
0.0
0.6804842953319773
0.7255135172770506
0.5058695105462053
0.0
0.3802671656109335
0.0
0.6043033102367443
0.0
0.7046913200751442
0.0
0.0
0.0
0.0
0.8536110120184907
0.9285406216626443
0.05423739838656081
0.5597956716297716
0.04514607900566474
0.0
0.0
0.0
0.20369353331266568
0.9302508244254413
0.0
0.0
0.0
0.0
0.0
0.4194121712366206
0.9874941186479493
0.4593267230803443
0.6454841101438646
0.25677542034245093
0.0
0.0
0.0
0.7210877713040575
0.0
0.0
0.0
0.5303844859508509
0.6042762051056229
0.0
0.0
0.0
0.8256157162041134
0.49572859321945145
0.0
0.0
0.0
0.7979007637861933
0.14751838680668783
0.6894992591885452
0.0
0.0
0.7577144532149291
0.1065594384927535
0.30394106608076366
0.0
0.911015993180139
0.0
0.11586209480574923
0.0
0.0
0.11945416815038644
0.39258558572346486
0.3723896378891081
0.03853156511178501
0.39767437631739194
0.0
0.02666829913140717
0.0
0.3537368535613304
0.0
0.1995883085383217
0.0
0.0
0.0
0.0
0.0
0.0
0.0
0.9994531595936659
0.0
0.0
0.0
0.790587145523534
0.0
0.0
0.4738794917942531
0.0
0.9221552192938494
0.0
0.0
0.0
0.0
0.8671509474628908
0.0
0.0
0.0
0.04450164504530487
0.7584599965127725
0.0
0.0
0.0
0.0
0.23710300770434323
0.0
0.0
0.5247321406551729
0.8111269927848509
0.6890146492084636
0.0
0.9117692293339715
0.0
0.30298906794882574
0.0
0.9164963363244925
0.0
0.0
0.0
0.5292702879870106
0.8334100327795025
0.0
0.0
0.0
0.0
0.0
0.0
0.0
0.0
0.5675049558276215
0.05553709150487399
0.0
0.6239606970652202
0.0
0.0
0.0
0.0
0.0
0.47613097331831195
0.0
0.7655782175720894
0.0
0.0
0.0
0.0
0.0
0.36506516817205514
0.0
0.0
0.0
0.0
0.3936694400391927
0.7159376447464341
0.0
0.0
0.0
0.0
0.5824134074950171
0.0
0.0
0.3174163756962423
0.3109019036328728
0.0
0.18790133828011088
0.0
0.0
0.09667658329482957
0.8809791558785123
0.8481837759529013
0.17012884441962625
0.0
0.9632862473206496
0.0
0.44033712381656154
0.0
0.6215296877850658
0.6925559851326537
0.0
0.0
0.0
0.0
0.0
0.0
0.0
0.0
0.8106503892789022
0.0
0.2595615855778508
0.5205299587165337
0.6050426905507713
0.0
0.294273183439011
0.47047767267503793
0.0
0.6462034114030818
0.04392390053333411
0.0
0.0
0.0
0.0
0.3081094632789764
0.0
0.0
0.38759001129892284
0.9707511730266672
0.3723490964218817
0.0
0.0
0.7156563810195998
0.20588882616501913
0.0
0.7011372887757559
0.0
0.28525767529825924
0.5508141301264616
0.0
0.0
0.0
0.0
0.0
0.0
0.42617012045693453
0.24977706631174704
0.0
0.8940997505050224
0.0
0.48597557043695316
0.7009776723770235
0.0
0.0
0.07496192577146944
0.0
0.0
0.39712755282137563
0.3255984339400566
0.0
0.2526380512521798
0.3591884950219256
0.17980552334474226
0.0
0.0
0.0
0.6356264836967737
0.0
0.20066918132691272
0.2767022798380442
0.992537054635456
0.0
0.0
0.0
0.9173481048774966
0.5500664396688436
0.0
0.0
0.32404069905972094
0.4346967232933546
0.0
0.0
0.30215064357000476
0.0
0.4088180211473772
0.7519820038633573
0.41947456223765917
0.0
0.0
0.35929356834977344
0.16490045612372006
0.0
0.0
0.0
0.34787115544673586
0.0
0.7796030266655223
0.7859533578028325
0.0
0.0
0.10915483209547039
0.0
0.028518220596000326
0.0
0.0
0.6149071979832431
0.0
0.0
0.4434211677090664
0.2225983634826599
0.6370927158169732
0.0
0.0
0.0
0.8227683895463275
0.0
0.878102826600252
0.8084802493264613
0.0
0.0
0.0
0.0
0.0
0.0
0.0
0.5425316749934934
0.1859306764495154
0.0
0.0
0.0
0.0
0.04573779837621456
0.0
0.291329926692767
0.5547253522576571
0.2319951846677054
0.0
0.0
0.6263737927147859
0.0
0.0
0.0
0.5055903064361904
0.0
0.0
0.0
0.0
0.0
0.0
0.0
0.0
0.0
0.0
0.0
0.0
0.0
0.0
0.0
0.0
0.0
0.0
0.39568482857078613
0.0
0.0
0.14732571414864115
0.6965147251897374
0.7074607395623663
0.0
0.664867510209142
0.0
0.7700018160136127
0.0
0.966856359127641
0.0
0.41080098130192694
0.0
0.0
0.0
0.0
0.0
0.0
0.8703236398872387
0.8395303678504087
0.9438535472122672
0.0
0.5600248016896922
0.6859682256808692
0.22121271935415435
0.0
0.0
0.2951275051573629
0.03414823328856093
0.0
0.0
0.0
0.2912347917082227
0.9620962086876773
0.0
0.0
0.0
0.7740873396396628
0.0
0.0
0.0
0.6935596254256823
0.15740172656723544
0.0
0.2128481471057814
0.36836027868312987
0.4160458813848735
0.0
0.5878301532137896
0.9246976072547204
0.9413610679699737
0.6528370418120646
0.2960836929167717
0.5622466216385892
0.0
0.0
0.0
0.3885428011154294
0.8484493417839187
0.039513729046629135
0.7217240348461751
0.0
0.0
0.0
0.0
0.8367311948830449
0.5878513688866712
0.0
0.8302865565101217
0.3495470115079379
0.7560784684712776
0.0
0.8844224171570771
0.0
0.0
0.4780625526441579
0.33888293106503153
0.0
0.787120241631185
0.6135882549840403
0.3396649120192101
0.0
0.0
0.03491297032688904
0.3740537109031012
0.5725758324663348
0.0
0.0
0.762570458749347
0.0
0.1689203020888411
0.1766510168626351
0.0
0.0
0.0
0.0
0.0
0.0
0.0
0.0
0.0
0.0
0.9178964022073232
0.0
0.8159923765567124
0.2507679620435718
0.0
0.7108350834743826
0.3404407754820268
0.0
0.0
0.12648557780594893
0.48238204273958685
0.0
0.920869400837759
0.35934189221208096
0.0
0.13716015219702515
0.0
0.16960246864811207
0.25156164258671626
0.8521725234545099
0.6743470384999003
0.0
0.0
0.0
0.0
0.0
0.3229807190707732
0.0
0.9097804960114404
0.05504958714390218
0.0
0.47582252948953796
0.0
0.0
0.19169626969538023
0.1745347233999886
0.0
0.547879542415417
0.04777373365720796
0.0
0.4354582465943118
0.0
0.0
0.16982957621142247
0.34536002207997873
0.046698528656605176
0.0
0.709199095627366
0.0
0.39656196002803656
0.6695922190734405
0.0
0.0
0.8519293686145722
0.0
0.23247527992346817
0.5094935437390343
0.0
0.9127357142742943
0.0
0.0
0.0
0.5409805097221821
0.0
0.0
0.0
0.7782655797123965
0.0
0.0
0.0
0.8729476048037327
0.0
0.0
0.5129465659382241
0.0
0.0
0.0
0.25528258482564087
0.0
0.5444762129611611
0.0
0.0
0.3823012680003344
0.0
0.8715828354818128
0.0
0.1665907440599284
0.0
0.0
0.0
0.22228818867110414
0.0
0.4236215232607722
0.5144378096887229
0.0
0.9108743558305316
0.0
0.02926749116773427
0.051584733964164076
0.0
0.6610350097083757
0.0
0.45494604138842626
0.6881259680994577
0.0
0.17404641542272245
0.0
0.04232304939123131
0.5114464760348925
0.07065218532746169
0.3860543749004414
0.0
0.07479523167232606
0.6215366299117866
0.4351143194907182
0.0
0.49455816438173217
0.061984701228513704
0.6745593152439257
0.5910598030368542
0.0
0.0
0.9212816128994191
0.5843597799532205
0.14752922509314323
0.5394027597747647
0.0
0.48985261656357376
0.39221639714381157
0.0
0.0
0.0
0.0
0.0
0.0
0.0669815782567427
0.0
0.0
0.0
0.6537544746159646
0.3122073479521524
0.0
0.0
0.0
0.0
0.0
0.0
0.0
0.7905355579894161
0.0
0.0
0.0
0.0
0.6466423252583443
0.0
0.0
0.6751835055687195
0.0
0.0
0.511148953044796
0.15717820826638915
0.0
0.6373231983629282
0.0
0.19273203329400462
0.0
0.0
0.33147611400862026
0.5533377431898642
0.36596748567426435
0.0
0.0
0.0
0.0
0.0
0.6117991295047207
0.3261604457260457
0.026544196730389505
0.3147751753712341
0.8505371351511616
0.6931943746886614
0.0
0.0
0.09065909616600093
0.01222732579996541
0.1348148806044177
0.002801257859755167
0.9601786934790145
0.857593429321592
0.7489471746379757
0.7307568893107511
0.0
0.26598313343817276
0.0
0.41352725938475
0.5135712314683013
0.8857296989326398
0.0
0.6768736474503027
0.49592507344871667
0.0
0.35584422891728096
0.0
0.4154307465303395
0.7528162035960062
0.40103531969222533
2.5925878527193526E-4
0.0
0.0
0.47204587529539027
0.0021695476563837993
0.0
0.0
0.43210178911580194
0.0
0.593526290251678
0.10698083606722049
0.0
0.9496173112773686
0.8034779409115644
0.0
0.0
0.5192771065037226
0.7494689735626212
0.0
0.6725313384037064
0.0
0.0
0.0
0.3543337984460064
0.0
0.029962117593552863
0.61468047916254
0.6780165592700387
0.8810722681353242
0.07744322393192565
0.0
0.9313415814095327
0.0
0.0
0.0
0.0
0.5577544719393637
0.0
0.7192573994380428
0.5658912474071205
0.9601491852421139
0.7567747322238231
0.2065365561888834
0.0
0.6075661455166391
0.0825870655555513
0.995724505126777
0.0
0.0
0.5658969854421111
0.0
0.5195131433186311
0.0
0.0
0.7629383659080078
0.6892149305709414
0.0
0.5528232077446185
0.4176161149694987
0.1603190299478579
0.0
0.0
0.7424232974128278
0.0
0.7126019496188212
0.0
0.0
0.0
0.1461287736360731
0.0
0.0
0.326172372431997
0.541296127216613
0.0
0.0
0.018028706578077036
0.0
0.0
0.0
0.1289680986571307
0.0
0.10510834609776327
0.0
0.974599614941819
0.02542005309168295
0.0
0.0
0.8394401797671596
0.7749482065757569
0.0
0.0
0.0
0.7091002777900192
0.0
0.9932723216519617
0.0
0.8147172378987284
0.9874384498587542
0.35220006760173406
0.0
0.0
0.0
0.0
0.0
0.45065728664519666
0.0
0.023007782803083108
0.0
0.8081219332869924
0.0
0.29369747811475283
0.0
0.8573203432936186
0.0
0.0
0.0
0.5839017107993865
0.0
0.0
0.0
0.0
0.45833951426333036
0.0
0.0
0.0
0.07161670222743403
0.0
0.9060885307723366
0.045360524964240014
0.0
0.14347373123706875
0.5573981623909006
0.11323554527107331
0.0
0.0
0.0
0.5937963193017852
0.6711775058238424
0.0
0.1701551041487521
0.0
0.0
0.30278671746575025
0.1237454709664059
0.0
0.7733000790035152
0.4814309334999084
0.0
0.0
0.0
0.6129651616005777
0.0
0.7158656930698578
0.0
0.7520399838291942
0.864496712299166
0.0
0.6664828534328695
0.6324275837888972
0.2957089157396745
0.0
0.0
0.8441275920617324
0.0
0.0
0.0
0.0
0.0
0.0
0.0
0.0
0.0
0.008374399467669977
0.9911638751976801
0.0
0.03568228362120908
0.0
0.0
0.9647702571505161
0.24103987156624374
0.7477244028052954
0.902268297498451
0.2971532257353565
0.0
0.5957544130123648
0.9236095013143587
0.8543252544131873
0.0
0.0
0.0
0.0
0.0
0.0
0.0
0.0
0.14419952308011777
0.0
0.685110220622365
0.0
0.0
0.0
0.7019509548848284
0.9926611000695404
0.0
0.0
0.8800465903721846
0.0
0.10186581375055827
0.084244387168649
0.0
0.0
0.7886077564135303
0.0
0.0
0.862469284507789
0.0
0.0
0.0
0.5347027659753713
0.0
0.5033557162003912
0.3226492225993679
0.3611452863402674
0.0
0.0
0.0
0.8657671638781383
0.0
0.1495727686896453
0.0
0.0
0.9748550002721557
0.662487004632106
0.0
0.0
0.9466922187894685
0.37767011340353684
0.0
0.4253090056936529
0.0
0.0
0.773379858314031
0.0
0.8246685830773925
0.270373020485075
0.0
0.0
0.4610837226062914
0.0
0.0
0.0
0.8548516991119325
0.0
0.0
0.6107908240890746
0.0
0.0
0.2252203798740589
0.0
0.9959057494481468
0.0
0.20674061560290163
0.0
0.0
0.26814378033523883
0.22272316605609613
0.797526429107578
0.0
0.015758122723633364
0.8234857134934797
0.6592287993852318
0.0
0.0
0.0
0.42616465480892096
0.8997823975484052
0.0
0.0
0.7801190642031101
0.0
0.0
0.0
0.0
0.1740317254568746
0.7136438171361666
0.0
0.3268694132049168
0.6828083113210252
0.17320280992334183
0.0
0.6082415684230187
0.034322732224631704
0.0
0.0
0.22989772607917033
0.0
0.0
0.023436850663817562
0.0
0.6363475663077341
0.0
0.4183550851571288
0.0
0.14393987011996434
0.0
0.8768509205494609
0.0
0.0
0.2776979726991103
0.0
0.9458251050774467
0.0
0.9464556016037021
0.0
0.5772127281620142
0.0
0.9307730711946708
0.0
0.876994002158343
0.8657442376320392
0.0
0.0
0.0
0.0
0.0
0.7241083818038409
0.0
0.0
0.0
0.0
0.928281722773563
0.6676609664585182
0.5978276253222629
0.0
0.704276050340264
0.0
0.8758552057024062
0.0
0.0
0.0
0.1057145470866261
0.0
0.012449784664788879
0.0
0.0
0.45034478027177816
0.2453103149730973
0.07946847043093827
0.532669661196662
0.5303451794925085
0.0
0.704682470516034
0.7670566225349342
0.0
0.0
0.0
0.0
0.8473712940522734
0.0
0.9699578704252375
0.0
0.45379847748052293
0.0
0.9380433448121525
0.0
0.715552343511797
0.0
0.0
0.0
0.0
0.0
0.0
0.46575938531112354
0.24726432243927018
0.17842281163987583
0.7314998937535657
0.9803585278192402
0.5337839316401091
0.7335915672764395
0.0
0.0
0.0
0.960021969937315
0.26413992347098325
0.0
0.0
0.34899677660008815
0.7786427395944095
0.0
0.0
0.0
0.0
0.0
0.44272396604437636
0.0
0.0
0.3487959443348793
0.0
0.6458804806037867
0.9092595697199072
0.2136124614344324
0.0
0.0
0.0
0.0
0.04784257869562212
0.0
0.6467555932846282
0.5677263869348332
0.0
0.0
0.0
0.1324460207406257
0.16101627019535975
0.0
0.0
0.04545042099049303
0.7040388136902881
0.0
0.49820263894963457
0.0
0.0
0.0
0.3657892750767415
0.0
0.0
0.0
0.0
0.0
0.0
0.0
0.0
0.0
0.0
0.0
0.0
0.0
0.327678600800762
0.30683854368624003
0.0
0.0
0.20317542623880364
0.48501585201885405
0.5873820992282026
0.0
0.8157638429235138
0.0
0.2007637951719652
0.0
0.0
0.0
0.11845738961848669
0.0
0.0
0.0
0.0
0.5502912392195058
0.0
0.0
0.0
0.025760060841466054
0.0
0.06875003210227572
0.7696331521702741
0.0
0.9916015686928281
0.10074089551896555
0.0
0.0
0.0
0.41678784324359497
0.07821819228212792
0.19239709156106172
0.8655213813570463
0.9169355813822875
0.0
0.5766694533157777
0.5737059910322742
0.0
0.0
0.0
0.9775100682703499
0.0
0.7887892169865245
0.0
0.0
0.0
0.899388631576547
0.8029369024609987
0.1545480040017147
0.4530843701476624
0.0
0.0
0.0
0.0
0.0
0.0
0.0
0.818423841455081
0.7305841790883657
0.0
0.0
0.0
0.3367415195295609
0.0
0.266713086093751
0.0
0.0
0.7471965215765919
0.0
0.2314086621491133
0.7790399349819336
0.9758165656496439
0.955495587145613
0.9234303514606282
0.0
0.9399544793931114
0.0
0.0
0.21463753000331656
0.0
0.0
0.800506183768048
0.0
0.0
0.6476350872097202
0.35061242685709065
0.4045584654319024
0.15057343993290603
0.0
0.0
0.8584158780369101
0.0
0.04151674864124043
0.8058995345931508
0.0
0.0
0.0
0.9472975197462398
0.5938044089830822
0.0
0.0
0.0
0.20049756531332105
0.13574370312839854
0.0
0.5301175105389588
0.0
0.8251359799432413
0.27008221258228315
0.0
0.0
0.10254251882756607
0.5105436353217251
0.0
0.17914527828558435
0.0
0.42049149993088286
0.0
0.0
0.0
0.0
0.0
0.0
0.20756200323011342
0.0
0.3344728621037996
0.6799871644729938
0.0
0.0
0.609811672343572
0.5590489744301766
0.11330439146979435
0.8312551211478605
0.5899544659363658
0.0
0.0
0.0
0.13488963683875657
0.34743056821366597
0.07600550673060388
0.0
0.9819769935370273
0.0
0.0
0.7123278315685314
0.278477514791672
0.0
0.0
0.0
0.0
0.435852831710065
0.0
0.0
0.0
0.8300817462507046
0.0
0.0
0.0
0.9433585622948537
0.8503419326863155
0.9019518446905836
0.23534603615099042
0.0
0.1499551098454612
0.0
0.9711623390734402
0.23957893594296528
0.8004839111844565
0.0727232486996429
0.0
0.0
0.4764755697258758
0.5276874918535478
0.0
0.07196762855407803
0.23219068938992765
0.0
0.6765369432100425
0.31138443049116876
0.0
0.7823897031381991
0.0
0.0
0.713140677689938
0.0
0.0
0.979264255615839
0.0
0.25012735029822936
0.0
0.6704905826727856
0.0
0.1387339580045436
0.0
0.0
0.0
0.3568379229436775
0.49430159890171027
0.47620400992826867
0.0
0.0
0.868440370689268
0.0
0.0
0.0
0.11566299977963249
0.7927635120561224
0.32408812291053923
0.17607691379133864
0.5835760926284995
0.0
0.8183433950928056
0.0
0.17961546712885457
0.6950875663141519
0.0
0.0
0.7888747394183276
0.09565744998434968
0.4766117205779822
0.0
0.0
0.4480563341163775
0.5955735558407246
0.3089601409419945
0.2622237459393235
0.9338626315518265
0.5688775460886807
0.0
0.0
0.24466471077119717
0.8826323454100463
0.0
0.3166180550577431
0.6008967918344382
0.0
0.0
0.0
0.0
0.0
0.0
0.0
0.0
0.0
0.0
0.288143512722389
3.315854865006621E-4
0.0
0.7186454298974365
0.0
0.0
0.0
0.0
0.35099916983715734
0.0
0.8979784897078437
0.24869587963656817
0.9424663133867586
0.10913898581707242
0.1227721289734084
0.0
0.0
0.0
0.0
0.2746533747353775
0.0
0.38536198397900034
0.23122531701588858
0.8423958853201168
0.0
0.4863635061005394
0.0
0.09311096344793575
0.0
0.37884272109850015
0.312584757480908
0.0
0.3632296821284234
0.0
0.9320631351979188
0.0
0.13377657023525025
0.687841678388495
0.10842204536410485
0.2546642661605753
0.8106790369312726
0.5649312145695373
0.0
0.2577489319931312
0.9512037022943166
0.0
0.0
0.0016516198953628778
0.4269534395058215
0.0
0.5203643259964595
0.8568967345805751
0.0
0.0
0.11593978955939249
0.591486636634796
0.0
0.8433598596175029
0.9304800731819407
0.0
0.0
0.031782070466709264
0.8609181025022721
0.9345135127026298
0.0
0.7662728829743615
0.0
0.8790874947993037
0.0
0.0
0.0
0.0
0.0
0.37179394129118815
0.5516704108028044
0.0
0.0
0.1804545147418727
0.0
0.6970429660173312
0.9953223227794334
0.0
0.0
0.932467256668919
0.17641358779192542
0.0
0.5549215419136594
0.9168579170698723
0.0
0.0
0.0
0.0
0.0
0.5310938518869711
0.0
0.0
0.0
0.8270307779980919
0.0
0.6425351049357318
0.0
0.0
0.0
0.0
0.5761393321026583
0.018006669308643992
0.07772850236130935
0.0
0.0
0.0
0.46740468099596416
0.050092089542517766
0.0
0.5427298993328141
0.0
0.9012151646930144
0.0
0.04822208068388093
0.5490381162343305
0.08932713197933385
0.0
0.301626271182492
0.0
0.0
0.0
0.9489647267172351
0.6424477079485242
0.42680029362430544
0.0
0.7741527143253598
0.9345466234149218
0.4540164394173835
0.1998750606483127
0.357722985824193
0.0
0.0
0.47011803026050614
0.13843882695504078
0.0
0.7512462042227656
0.072237951140295
0.0
0.519877727715485
0.0
0.1615826738851221
0.4079708269327944
0.0
0.6083016687866283
0.0
0.09742970097278247
0.0
0.0
0.0
0.0
0.8398640349719875
0.0
0.14666036486234654
0.49514724348567823
0.0
0.0
0.0
0.9848731180238781
0.669696020684796
0.0
0.0
0.0
0.4306299199650678
0.3532969964100785
0.3152677652522721
0.4788288396376224
0.0
0.5116918215781326
0.0
0.0
0.0
0.0
0.804491160649499
0.0
0.24679482440924497
0.6793992694419415
0.0
0.0
0.2985086183488292
0.0
0.3709207563309747
0.0
0.9584443876734565
0.1870159850619664
0.0
0.7448174504629999
0.3417816487555787
0.5383980227689096
0.0
0.6412744806974443
0.0
0.9947724965484747
0.0
0.9614486277397538
0.0
0.9726517428771175
0.0
0.0
0.9106508938653017
0.0
0.0
0.0
0.9859993700335403
0.0
0.0
0.0
0.3771968869594141
0.0
0.8368351289624587
0.0
0.9802909286815596
0.0
0.0
0.15062147602410025
0.0
0.0
0.27971739973362514
0.06743109256397328
0.6148605326923644
0.0
0.0
0.170420114498853
0.0
0.0
0.0
0.0
0.0
0.5699371994424365
0.0
0.0
0.0
0.0
0.0
0.0
0.0
0.0
0.211396866940027
0.5349001097229038
0.0
0.0
0.0
0.681229754174797
0.7055172011998798
0.8478271503057929
0.0
0.7577955889442882
0.7841887627241166
0.0
0.0
0.9457844922142302
0.8159254705051526
0.0
0.0
0.0
0.5731899912693763
0.0
0.7276585067030892
0.21957256730172464
0.0
0.9103287160408758
0.0
0.6420787554910814
0.0
0.0
0.0
0.0
0.0
0.0
0.0
0.48739547717521803
0.0
0.0
0.40506042253366153
0.0
0.9103095447899979
0.0
0.0
0.2550508421335043
0.0
0.0
0.6976175444841167
0.0
0.0
0.0
0.0
0.0
0.0
0.0
0.0
0.0
0.0
0.584460321299392
0.0
0.0
0.0
0.3512798864279704
0.9612794519834444
0.7187575330186935
0.0
0.9811182820015738
0.0
0.0
0.36121791342484855
0.1949838343839238
0.5013856603332534
0.0056407629991527585
0.0
0.0
0.0
0.9892281643677845
0.0
0.3031056862762322
0.0
0.0
0.44686544409348383
0.0
0.0
0.0
0.0
0.24633513591774442
0.8245491595151319
0.9219442266164322
0.0
0.13909189807132225
0.616035417834268
0.6448743901859885
0.0
0.27289060500579665
0.0
0.5476565205843448
0.9118529691435692
0.0
0.0
0.1523461457971687
0.0
0.0
0.9367190864146322
0.263888904921497
0.4297094096231785
0.0
0.3309409520501514
0.4447324874239193
0.0
0.0
0.03770235881237477
0.7489353522899945
0.0
0.5097579001643248
0.0
0.0
0.0
0.5169772496292682
0.981024716714183
0.8457436180469721
0.16053041501763843
0.0
0.0
0.0
0.0
0.5752777591440628
0.42922401002198857
0.833890250617655
0.0
0.0
0.0
0.0
0.0
0.2301607673048081
0.0
0.3474066585741252
0.0
0.0012407817925075208
0.0
0.0
0.0
0.8654092806563646
0.0
0.0
0.9602016667433064
0.3660196336737283
0.0
0.0
0.0
0.0
0.024217370418588093
0.0
0.5705520559477083
0.9943728658854623
0.891799638274473
0.7894211207485834
0.0
0.0
0.3781829170972347
0.0
0.0
0.9958530674232436
0.0
0.0
0.0
0.2144906537051993
0.0
0.0
0.0
0.0
0.0
0.0
0.5203512283779331
0.19303901824869
0.02333405454819314
0.0
0.4770827432776313
0.0
0.0
0.0
0.9244050176546608
0.0
0.900276127381667
0.0
0.6818187315022332
0.0
0.561524064823514
0.0
0.8101127954584633
0.0
0.441054951053177
0.0
0.0
0.564022550661045
0.26961582861591044
0.0
0.0
0.9958798453937908
0.0
0.0
0.9516691248605421
0.0
0.5882829730543697
0.0
0.0
0.9964708711008515
0.03130868702635108
0.6328339608588024
0.0
0.0
0.38717319277864226
0.40735399017428137
0.0
0.9434438994160506
0.0
0.0
0.0
0.9861965205768842
0.018036056760699946
0.41206800176470204
0.0
0.0
0.8488065152063206
0.0
0.3938436015556269
0.9127305674465783
0.770026953138818
0.0
0.0
0.0
0.0
0.0
0.0
0.0
0.0
0.2900395526815367
0.40481932649496644
0.21562139221709242
0.5306101995732897
0.9866192792818237
0.43572555020449566
0.0
0.0
0.0
0.0
0.48449444432875566
0.0
0.0981601324539887
0.0
0.0
0.6473956301572595
0.0
0.0
0.0
0.0
0.7529528930138042
0.2392156142397555
0.3641388733579871
0.31216491870789753
0.5574866988198202
0.0
0.9748790691356486
0.0
0.0
0.47628229309369025
0.0
0.0
0.8430981767912299
0.5071791805810152
0.49800831256929873
0.23453343452384673
0.16846420618502977
0.0
0.9203615645921287
0.0
0.7943005511221202
0.9896394333680684
0.0
0.0
0.18402650279792696
0.9693788569268585
0.0
0.0
0.4044163989807994
0.0
0.0
0.8609347264293586
0.0
0.0
0.0
0.0
0.0
0.0
0.0
0.0
5.002875172742863E-4
0.0
0.0
0.6912482060889938
0.7044274274723651
0.0
0.2542251508343123
0.0
0.0
0.0
0.28585377991535704
0.0
0.0
0.0
0.33151129794018735
0.0
0.0
0.635345752822308
0.0
0.0
0.0
0.0
0.0
0.9926634788466869
0.0
0.8828176551502617
0.3051601800436157
0.0
0.6925565924756879
0.9067247291728953
0.0
0.0
0.5066978497161959
0.08235970118545519
0.5361980973588293
0.3006746634412227
0.0
0.0
0.16795549136145738
0.12252328345731558
0.7574887478631662
0.7039066718197863
0.0
0.536626330920648
0.45669515610248257
0.0
0.0
0.0
0.0
0.0
0.4246028396209539
0.8965826603035131
0.0
0.0
0.05741749591087683
0.26201064338651525
0.6405750812144521
0.0
0.9513963356064687
0.2958671736865415
0.031114410799912444
0.0
0.563950107522804
0.0
0.0
0.0
0.9706856090666145
0.0
0.22591118941612204
0.0
0.014104578355858741
0.9250470544359808
0.0
0.5692671446638158
0.0
0.0
0.14334663817056856
0.3307061273838571
0.5615263855315721
0.9097692527538975
0.39988549302964765
0.0
0.9896165903662653
0.0
0.33929723918463633
0.0
0.50762990821938
0.9911452596168862
0.0
0.9681154092463515
0.0
0.5217853568030492
0.3547864272138638
0.0
0.0
0.0
0.9208297784289837
0.0
0.33545623453878287
0.0
0.0
0.0
0.8164129330838272
0.0
0.0
0.620917458285307
0.0
0.043393913928629596
0.6416241165540436
0.0
0.8852557006940255
0.0
0.010584733534689762
0.792275882042523
0.1510790829699151
0.825631456809962
0.0
0.0
0.03470275130467327
0.0
0.8421897849590945
0.334644555861042
0.9104653458690377
0.8781890764643888
0.31058815463428036
0.41098900625476537
0.0
0.8601531104046368
0.0
0.0
0.30872647349972493
0.0
0.0
0.0
0.5584223215489605
0.0
0.5135302695466261
0.6560727815896102
0.0
0.0
0.05671878045242025
0.047530848799376246
0.0
0.10355037450864497
0.0
0.9370813582575571
0.0
0.0
0.29662512535485286
0.0
0.6433191704484582
0.0
0.0
0.9581598333083764
0.0
0.9213893882582052
0.0
0.0
0.0
0.0
0.0
0.28339506903189765
0.0
0.410808638059375
0.0
0.0
0.0
0.0
0.09797873314275868
0.0
0.0
0.0
0.0
0.0
0.7752956310991388
0.0
0.9639136669283536
0.0
0.7391495140255504
0.8733178672593319
0.0
0.03944303945376744
0.3346496027646668
0.0
0.6036105336265387
0.10295157129403483
0.32825337611839456
0.7847372017488478
0.0
0.0
0.5112630964825384
0.0
0.08741377656607224
0.0
0.925881910187472
0.2796109607732822
0.0
0.8929051024431977
0.21968046538628183
0.0
0.7265238317945725
0.0
0.4331683307289452
0.5740556029074868
0.0
0.0
0.0
0.0966765314383078
0.0
0.3848272190426218
0.0
0.0
0.0
0.40395905763066586
0.18739142589256647
0.0
0.5872988662057783
0.0
0.6451961669213157
0.0
0.0
0.0
0.29784965935406593
0.0
0.0
0.12569960209783418
0.8545317374624594
0.0
0.0
0.0
0.0
0.0
0.0
0.13662444897669085
0.0
0.0
0.0
0.0
0.0
0.0
0.0
0.0
0.8579904696540835
0.0
0.6269675572522039
0.0
0.0
0.3307233352032092
0.17079457969854128
0.018120497582226607
0.0
0.0
0.0
0.7281138521520281
0.8364459419501059
0.0
0.0
0.20074882889374596
0.0
0.6768020489641512
0.7115226709657851
0.0
0.42593295696055217
0.7780572459204884
0.0
0.0
0.0
0.0
0.04201214970207452
0.7922783950173858
0.0
0.7872990057028199
0.9834290680455468
0.2516123518088629
0.0
0.6733394675226936
0.39896212354400235
0.0
0.3505878873329059
0.6305628943704669
0.44296285301328797
0.3729285345810259
0.0
0.68262024445516
0.8771456628884031
0.0
0.9951665799895106
0.2752370000894351
0.0
0.0
0.0
0.0
0.32605698352194334
0.0
0.9837692138184563
0.055840566723838046
0.0
0.0
0.0
0.5900320539693785
0.2851098669945437
0.0
0.0
0.41088984477667834
0.9170872096820207
0.5027358588449778
0.0
0.0
0.0
0.0
0.0
0.16279393181625107
0.07985955043159673
0.6637749678847977
0.03408117210901695
0.5137504422974853
0.0
0.0
0.3143177595258208
0.0
0.0
0.37217294256564387
0.0
0.1426339193682542
0.20951111740219935
0.0
0.0
0.0
0.0
0.0
0.0
0.0
0.6688703521972154
0.1609833824157247
0.46448405922962005
0.0
0.5801989049494513
0.976200945395727
0.0
0.0
0.9268279151261145
0.07956112104080822
0.4832070393338234
0.0
0.3456213152036456
0.0
0.0
0.9199051641050529
0.7828217078373225
0.37971768926759136
0.6717711576827474
0.0
0.5065532075891234
0.6448658271519082
0.0
0.44803646794671503
0.0
0.9624512269391878
0.9220974735551835
0.0
0.9583983821960671
0.0
0.0
0.0
0.6446037241202222
0.0
0.0
0.0
0.13330852165007676
0.28316670756340484
0.9635445267348718
0.40102824083299404
0.6035280578480902
0.9117089763464616
0.9865862423913114
0.0
0.17986198250801533
0.0
0.3832382071497713
0.0
0.0
0.0
0.0
0.0
0.14404850974238143
0.0
0.9735411168447922
0.35432799466859605
0.9090701177466164
0.0
0.8133236353400511
0.8766599079422668
0.6725165474274122
0.0
0.0
0.34535101751208075
0.0
0.4406272593334658
0.0
0.0
0.0
0.3822288433633751
0.43233982895877804
0.5829910887913974
0.0
0.0
0.44175566541966055
0.0
0.0
0.39488156252306733
0.584108288421461
0.0
0.0
0.5791783209213185
0.9430623437022354
0.0
0.3152473591270474
0.2827234211548745
0.0
0.0
0.47143666241222665
0.20094407197734718
0.7073567253116826
0.0
0.0
0.0
0.0
0.0
0.24694358077580816
0.8894352968860904
0.0
0.1743246467275618
0.0
0.0
0.278177197653472
0.0
0.0
0.8053143325057297
0.06417847476378445
0.0
0.0
0.5758326607508251
0.0
0.0
0.0
0.31846842936992514
0.0
0.0
0.0
0.0
0.0
0.0
0.0
0.0
0.0
0.0
0.0
0.6396639818129736
0.0
0.8958997031598266
0.9059184139285104
0.6618996655440867
0.629345088594895
0.6442901038155264
0.1319150938502416
0.6118328531057723
0.0
0.9258118664358584
0.0
0.0
0.9144314200100424
0.16684258855587614
0.5469387208014665
0.9847746888321885
0.0
0.6806068460784904
0.0
0.0
0.0
0.0
0.0
0.09410919195713358
0.0
0.21958485431657293
0.954622924365874
0.0
0.0
0.433896032791021
0.8154136413422373
0.8841437821035135
0.0
0.06037103062291783
0.0
0.6502585457230344
0.19148904881470488
0.7811035576193226
0.7243978429782839
0.26949816285470135
0.7146691457230312
0.0
0.0
0.8438845691383878
0.7147247446072037
0.7013834198082838
0.0
0.9349802436797666
0.1970405128536425
0.14120143605176852
0.0
0.0
0.505932666996843
0.0
0.0
0.0
0.007602471083031977
0.885058932169617
0.0
0.0
0.0
0.2215580341508704
0.0
0.0
0.9197777077991297
0.5918440420164519
0.7166360811034824
0.0
0.36589034327265946
0.0
0.0
0.0
0.46441228824641384
0.6615921601668263
0.7171389851123774
0.7421551025240429
0.0
0.0
0.0
0.4913684315728014
0.0
0.3835557413160855
0.037841065420798375
0.07783312843778685
0.0
0.33874469592073936
0.2179720055940097
0.0
0.0
0.0
0.5470961499099496
0.15043113692414892
0.11783373316086562
0.0
0.6544561873308906
0.6241177951185005
0.0
0.2822988937156115
0.11499446644562539
0.0
0.0
0.08744491369812264
0.3812741717924927
0.047086225812903205
0.07504842441717482
0.8644853983016695
0.0
0.9624232159469839
0.0
0.36918134859075574
0.0
0.11012330784432758
0.0
0.0
0.0
0.6526962925932726
0.0
0.9873340935218917
0.0
0.0
0.0
0.0
0.4016805877965189
0.7344625613868792
0.9338358531767263
0.0
0.9936847663211708
0.0
0.42343988789872455
0.7559135493773893
0.31565491742967433
0.0
0.7897708693962697
0.15255017236523558
0.0
0.9364711570971234
0.0
0.0
0.0
0.5531226049076627
0.5636721923578247
0.0
0.0
0.2563815318995325
0.0
0.6818853461610097
0.0
0.0
0.4948987185456411
0.0
0.0
0.20629939926261598
0.0
0.09602872445088037
0.0073495220030750045
0.8650877528399651
0.9760367351470307
0.0
0.0
0.0
0.0
0.0
0.0
0.0
0.13021713293554926
0.4841127465835935
0.0
0.24663178366075128
0.0
0.0
0.5242443927697615
0.4293851924842193
0.0
0.3302149687390009
0.5932922943010542
0.0
0.0
0.3474409052410165
0.0
0.09471690570396725
0.2987609561816604
0.0
0.0
0.9665522579454686
0.0
0.3056913757996006
0.8478553436145079
0.6932472503988515
0.0
0.8965096811629144
0.5362019607915057
0.15641537216331716
0.5344046148781709
0.0
0.0
0.8323099936620973
0.043338134301088294
0.9874785203890885
0.2625226161221993
0.0
0.9911390828267073
0.0
0.0
0.20998161118872238
0.0
0.0
0.0
0.0
0.0
0.9300794142306485
0.0
0.5129011431282222
0.0
0.32107594072389845
0.0
0.0
0.0
0.0
0.031231661852815947
0.0
0.0
0.0
0.0
0.0
0.0
0.0
0.0
0.5891994170115099
0.0
0.7822594786776703
0.0
0.5366746527579206
0.0
0.671410259796113
0.0
0.6035855372813248
0.07033036172033243
0.0
0.40921960432839666
0.0
0.991572941441381
0.0
0.819706559779878
0.3854734053967937
0.0
0.15284336968041512
0.0
0.0
0.9014586142383312
0.9805732007354016
0.07906583088478897
0.0
0.4885518680912966
0.0
0.7649801284479508
0.0
0.10761579615763003
0.0
0.0
0.0
0.0
0.0
0.6137201644340191
0.0
0.953714199949232
0.9794949500847182
0.09868007481040114
0.37861504283054354
0.0
0.0
0.8352821773938871
0.0
0.06941845386271325
0.0
0.1472940878233016
0.27719835006376004
0.0
0.13846384439715748
0.7957206905884402
0.03609547570757511
0.5320964734107969
0.39905805573691944
0.0
0.0
0.0
0.0
0.0
0.0
0.0
0.586379762110997
0.0
0.0
0.0
0.0
0.7310203294854897
0.0
0.4311926318302088
0.0
0.0
0.9549202541672345
0.0
0.0
0.8041772133692728
0.0
0.0
0.3675849995984507
0.9781609257276969
0.1421949455343034
0.0
0.0
0.0
0.0
0.7469106973853717
0.0
0.5972597447627599
0.0
0.9810778585599883
0.0
0.7319520959737399
0.6141793657612824
0.0
0.0
0.0
0.0
0.0
0.8557630894646634
0.0
0.0
0.12551533563267714
0.8940944722860107
0.0
0.4982428446976168
0.36421826812242736
0.0
0.873650810052092
0.0
0.7269550069268793
0.0
0.5132989128636204
0.5351402027236294
0.059086169438472155
0.0
0.7927089028663614
0.3966112099745443
0.2454735773868938
0.6086579525529893
0.0
0.2884068815386612
0.0
0.0
0.0
0.0
0.9433622205841221
0.4762552913353835
0.0
0.0
0.0
0.0
0.3340626235217853
0.0
0.8486378808293985
0.0
0.0
0.0
0.05662754378699709
0.0
0.0
0.0
0.9229242221780112
0.35843156791952624
0.10311470609752714
0.0
0.7141339971184114
0.0
0.0
0.0
0.0
0.0
0.9334720069349506
0.0
0.19701745261221176
0.7315401656450423
0.20069649653043492
0.0
0.0
0.26509813191455905
0.7446741769987234
0.8486912354002053
0.0
0.0
0.0
0.5608755925336408
0.26288244823301404
0.0
0.23424751709475128
0.0
0.0
0.0
0.25862619398782394
0.10016375993952513
0.0
0.0
0.0
0.7954176445377192
