0.0
0.054767684385463554
0.0
0.48501409709903937
0.262310936356365
4.415243032214538E-4
0.0
0.0
0.3479716472027455
0.0
0.94066235956693
0.6652781328934835
0.390322169655491
0.4197866584980105
0.5913740928073168
0.0
0.0
0.0
0.0
0.0
0.9396364600178069
0.8229034479560666
0.0
0.718404608117137
0.0
0.0
0.0
0.0
0.0
0.033487560544884346
0.0
0.9418352177690529
0.2805902409959028
0.1454920389842901
0.737714015687583
0.0
0.2570956944857119
0.911102976239642
0.0
0.0
0.48210817335904
0.36482526415719596
0.0
0.004323251827433062
0.0
0.0
0.35565483693151306
0.0
0.47352179003850686
0.0
0.8578971187864451
0.0
0.3357471995195075
0.0
0.0
0.9226646218233678
0.6507398661965524
0.0
0.0
0.884021090829481
0.7262652890153017
0.3830108141846806
0.0
0.7162419127263582
0.0
0.37699128146921157
0.0
0.0
0.33959997376228923
0.9393465702449819
0.9497995460856747
0.8724539447166422
0.7322313842219897
0.037304975157553884
0.0
0.0
0.1075455361434656
0.0
0.49820722372714105
0.7395668930792634
0.0
0.0
0.7019240418024517
0.28150265942380176
0.12203976489642554
0.9242578721635667
0.0
0.0
0.0
0.0
0.0
0.4111426927074583
0.8922306695595145
0.6987981779203796
0.713437944589343
0.0
0.0
0.0
0.6069847813449971
0.0
0.0
0.0
0.43225988071268723
0.0
0.3001246466277969
0.0
0.5015382945292882
0.808576273443136
0.0
0.0
0.0
0.0
0.0
0.03813183900104812
0.0
0.0
0.0
0.0
0.0
0.5502935366766957
0.940736152267549
0.0
0.07856318083409101
0.6202560677458928
0.2753422075466603
0.0
0.7874018141004997
0.0
0.8924805802409259
0.21853240131920545
0.0
0.9082938263028025
0.0
0.23349569947836213
0.503107684162808
0.3414764066881672
0.0
0.0
0.0
0.0
0.0
0.0
0.0
0.6507883371726522
0.0
0.47377317392233176
0.8878824768246363
0.0
0.3653056301628818
0.3274406345038437
0.22749806622610916
0.7380709336852714
0.0
0.0
0.0
0.4357436219519167
0.0
0.8884696607491153
0.0
0.0
0.6231214183584576
0.0
0.8784009997586738
0.8171369792648364
0.703145692320331
0.0
0.21961091438939753
0.27031454964609786
0.0
0.9053274521378335
0.0
0.4216941326640151
0.6978163440918453
0.0
0.0
0.0
0.0
0.6662498390910444
0.0
0.0
0.4340680265415621
0.0
0.8281384211346007
0.1694479269898712
0.0
0.5185269758723684
0.0
0.5452843381271986
0.0
0.0
0.0
0.0
0.0
0.015260578079723102
0.5834793392396773
0.6617259941028811
0.0
0.0
0.0
0.20032839989275675
0.0
0.0
0.9411225412994141
0.0
0.10662341912871691
0.0
0.0
0.0
0.0
0.26827151968632856
0.0
0.0
0.7466880096557431
0.0
0.0
0.0
0.0
0.034810452797561516
0.569118636255356
0.22854709054559347
0.6522966992676439
0.4698482446501835
0.517699576443388
0.0
0.0
0.0
0.5782502250212379
0.0
0.0
0.354359481885677
0.0
0.9099871035180568
0.0
0.0
0.45328148183571004
0.0
0.7030087974295204
0.0
0.36098067312002624
0.7092534828185858
0.3838475718956845
0.0
0.0
0.8292355825961949
0.0240860408501324
0.22135939483446407
0.11543291542549053
0.0
0.7334454591854077
0.0
0.0
0.0
0.0
0.7093805954733831
0.0
0.0
0.22957126100897793
0.0
0.0
0.0
0.0
0.11285438167900708
0.7181922952659551
0.0
0.6320587091027724
0.0
0.0
0.0
0.0
0.0
0.3770066138506186
0.0
0.36709897325323637
0.0
0.817657963720952
0.0
0.2430422768602669
0.2672056761777555
0.002919754315074348
0.0
0.0
0.0
0.0
0.0
0.3885154940247144
0.49390073001232465
0.0
0.8659413664148702
0.3342954714281491
0.5187581476272616
0.2727495878008761
0.22841031449234364
0.0
0.0
0.0
0.0
0.0
0.0
0.7015235843044539
0.6560762372872867
0.0
0.0
0.0
0.6732347701719081
0.0
0.0
0.0
0.0
0.0
0.0
0.824708537030469
0.0
0.0
0.18433346997737576
0.0
0.0
0.0
0.4995324524556201
0.700313709158686
0.0
0.0
0.0
0.33425608982170524
0.0
0.0
0.6017899457364008
0.0
0.10602798179497017
0.0
0.0
0.060227748538535776
0.2252026673442728
0.0
0.0
0.0
0.5568398574557633
0.4067622849898629
0.9154160463864468
0.3465925410421149
0.0
0.0
0.0
0.0
0.0
0.9228386174512557
0.0
0.0
0.7119378166977132
0.16293986798220997
0.0
0.6642054403787017
0.23790774946603963
0.3377714598913649
0.0
0.0
0.0
0.02331633234916842
0.7205826737032788
0.8932356079925078
0.0
0.9079307161920829
0.9302731711920796
0.0
0.40684164535437056
0.0
0.0
0.2637618488278835
0.0
0.8763398482692223
0.7837041136711289
0.6898451181554184
0.0
0.0
0.8177111916471876
0.0
0.657411076116789
0.0
0.0
0.0
0.0
0.0
0.0
0.21343109772596083
0.0
0.0
0.0
0.5881783413941689
0.1835298377953853
0.0
0.0
0.7787542710410256
0.36880662252645485
0.0
0.34445036702739557
0.08477589276612435
0.1394777745235429
0.0
0.0
0.8995072149028371
0.5625809000108395
0.0
0.4377238323942119
0.0
0.0
0.0
0.476794198675295
0.0
0.0
0.8732856182999582
0.0
0.0
0.6393754081865384
0.7760770789793475
0.0
0.4958230866951296
0.0
0.39378674274980574
0.0
0.4880476230380037
0.0
0.0
0.0
0.0
0.8339866711799856
0.0
0.818868082557634
0.0
0.4799149690143283
0.006675081473122524
0.661266200203339
0.34024025169923483
0.0
0.0
0.14764702440899025
0.5740745682071582
0.2665958327424687
0.6054943866565708
0.0
0.0
0.0
0.0
0.0
0.0
0.3557968217952821
0.0
0.5622756588282851
0.0
0.6911426233196597
0.0
0.0
0.0
0.0
0.0
0.31842872117643245
0.0
0.0
0.11638592381043153
0.0
0.6100095798619535
0.4629967018563595
0.03266501053433943
0.5714778530223166
0.0
0.3461017062168078
0.26291842085945033
0.0
0.6729998360570418
0.8093643542509377
0.0
0.01773265802261476
0.8788568354400036
0.8746198718882151
0.0
0.1389097885203104
0.0
0.0
0.5196842186562719
0.17455013828769925
0.0
0.42074648169603734
0.0
0.0
0.5382090522233821
0.10067994362569603
0.0
0.15397108671909138
0.0
0.0
0.47340668781066547
0.0
0.3679603371716807
0.0
0.8355761351674635
0.0
0.12918963680831175
0.0
0.0
0.0
0.0
0.6236948417478388
0.3592935683497799
0.0
0.0
0.0
0.5112049954522249
0.6064366761342579
0.26501246303442755
0.4912082441769373
0.0
0.0
0.0
0.8711370819502867
0.09009202521489763
0.0
0.0
0.7731753612014955
0.0
0.0
0.0
0.0
0.0
0.0
0.0
0.7735353215141121
0.0
0.003564036645777156
0.0
0.0
0.7135945662266957
0.0
0.891371483838859
0.07262462880146696
0.8806526006097822
0.0
0.0
0.0
0.544740828164987
0.2583627015620616
0.0
0.5591571565438449
0.0
0.047533860400135186
0.0
0.0
0.4347929204687079
0.37714115718700786
0.0
0.28436440280178715
0.0
0.0
0.057158089521016434
0.0
0.4435466963556075
0.6917257466444077
0.0
0.7196229950109888
0.0
0.5136694758746653
0.11957108616079073
0.8192314309543857
0.5047519505246703
0.853822701969698
0.2925961320962646
0.0
0.0
0.6322477860216016
0.0
0.5606543880811045
0.0
0.5113522406081313
0.8447928769454442
0.0
0.0
0.0
0.5599570723081909
0.0
0.9240306707150914
0.0
0.6388621305700141
0.0
0.7685784100345228
0.42950395587751805
0.0
0.0
0.0
0.0
0.0
0.0
0.0
0.0
0.0
0.0
0.0
0.0
0.0
0.0
0.0
0.0
0.0
0.32108447180693517
0.10533102191509522
0.9043558322649827
0.3423509105527105
0.07512203111255505
0.3335867118003909
0.0
0.21757672869337563
0.007856187960649273
0.8006314365754845
0.06281787427139261
0.40047960736133614
0.0
0.0
0.0
0.0
0.0
0.4031162152851537
0.29397571409114054
0.7461507649226171
0.0
0.0
0.5180774159148284
0.0
0.0
0.014279595681547717
0.45518130530924417
0.6939672642171696
0.0
0.0
0.1854156437809448
0.12766697952379905
0.0
0.0
0.0
0.0
0.0
0.19851223977602064
0.5729618427096936
0.31301778246493067
0.0
0.6795560211322357
0.19391090440642594
0.5563112552974011
0.9347060579113077
0.8475384782152207
0.0
0.0
0.0
0.0
0.0
0.0
0.0
0.0
0.0
0.0
0.6584128784510249
0.0
0.0
0.0
0.0
0.8548570273368659
0.0
0.8210405273260863
0.6667732681750458
0.6464789907690621
0.0
0.0
0.30024896098624376
0.0
0.476861221945114
0.0
0.0
0.4850759246998676
0.0
0.0
0.0
0.0
0.0
0.0
0.0
0.0
0.41106787136748174
0.0
0.9413210947510491
0.0
0.0
0.06381986796215447
0.8198897001438495
0.0
0.0
0.6233914380281127
0.5412412442323358
0.0
0.0
0.0
0.6483465131359026
0.0
0.0
0.9028328765612613
0.8781536133352771
0.0
0.0
0.551546468425141
0.0
0.0
0.0
0.0
0.0
0.8415079907765943
0.9620962086876776
0.0
0.06059518841451442
0.5347896240947659
0.0
0.0
0.6644855712720801
0.0
0.3894500677593381
0.0
0.0
0.0
0.6099458670543372
0.9624232159469842
0.3674332644589427
0.2374170994658614
0.4402580574067424
0.14959575432029754
0.0
0.0
0.9733197448406523
0.04190608507545452
0.4105155891954161
0.3826885669906604
0.0
0.0
0.12549810531172598
0.04420577483987189
0.04704048751486575
0.0
0.0
0.0
0.0
0.0
0.5218231044204618
0.0
0.6804842953319805
0.7255135172770534
0.5058695105462103
0.0
0.3802671656109397
0.0
0.6043033102367482
0.0
0.7046913200751471
0.0
0.0
0.0
0.0
0.8536110120184922
0.928540621662645
0.05423739838657028
0.5597956716297761
0.9896394333680685
0.0
0.0
0.0
0.20369353331267365
0.9302508244254419
0.0
0.0
0.0
0.0
0.0
0.41941217123662644
0.511148953044801
0.4593267230803497
0.6454841101438682
0.25677542034245837
0.0
0.0
0.0
0.7210877713040604
0.0
0.0
0.0
0.5303844859508556
0.6042762051056269
0.0
0.0
0.0
0.8256157162041151
0.4957285932194565
0.0
0.9810778585599884
0.0
0.7979007637861953
0.14751838680669635
0.6894992591885483
0.0
0.0
0.7577144532149316
0.10655943849276245
0.3039410660807706
0.0
0.9110159931801399
0.0
0.11586209480575808
0.0
0.0
0.11945416815039525
0.39258558572347096
0.3723896378891144
0.03853156511179464
0.397674376317398
0.0
0.02666829913141691
0.0
0.35373685356133683
0.0
0.19958830853832973
0.0
0.0
0.0
0.0
0.0
0.0
0.0
0.0
0.0
0.0
0.0
0.790587145523536
0.0
0.0
0.47387949179425837
0.0
0.9221552192938501
0.0
0.0
0.0
0.0
0.8671509474628921
0.0
0.0
0.0
0.04450164504531444
0.758459996512775
0.0
0.0
0.0
0.0
0.23710300770435086
0.0
0.0
0.5247321406551777
0.8111269927848528
0.6890146492084667
0.0
0.9117692293339724
0.0
0.30298906794883274
0.0
0.9164963363244933
0.0
0.0
0.0
0.5292702879870154
0.8334100327795042
0.0
0.0
0.0
0.0
0.0
0.0
0.0
0.0
0.5675049558276258
0.055537091504883444
0.0
0.623960697065224
0.0
0.0
0.0
0.0
0.0
0.47613097331831716
0.0
0.7655782175720918
0.0
0.0
0.0
0.0
0.0
0.3650651681720615
0.0
0.0
0.0
0.9686154444868581
0.39366944003919874
0.715937644746437
0.0
0.0
0.0
0.0
0.5824134074950214
0.0
0.0
0.31741637569624914
0.31090190363287973
0.0
0.187901338280119
0.0
0.0
0.09667658329483861
0.8809791558785135
0.8481837759529028
0.17012884441963455
0.0
0.9632862473206499
0.0
0.44033712381656714
0.0
0.6215296877850696
0.6925559851326568
0.0
0.0
0.0
0.0
0.0
0.0
0.0
0.0
0.8106503892789041
0.0
0.2595615855778582
0.5205299587165385
0.6050426905507752
0.0
0.29427318343901804
0.4704776726750432
0.0
0.6462034114030853
0.9726517428771178
0.0
0.0
0.0
0.0
0.30810946327898336
0.0
0.0
0.38759001129892895
0.9707511730266676
0.37234909642188796
0.0
0.0
0.7156563810196027
0.2058888261650271
0.0
0.7011372887757589
0.0
0.2852576752982664
0.5508141301264661
0.0
0.9511321591848765
0.0
0.0
0.0
0.0
0.42617012045694025
0.24977706631175456
0.0
0.8940997505050235
0.0
0.4859755704369583
0.7009776723770265
0.0
0.0
0.0749619257714787
0.0
0.0
0.3971275528213817
0.3255984339400634
0.0
0.2526380512521873
0.359188495021932
0.17980552334475045
0.0
0.0
0.0
0.6356264836967773
0.0
0.20066918132692074
0.2767022798380514
0.9925370546354562
0.0
0.0
0.0
0.9173481048774974
0.5500664396688482
0.0
0.0
0.3240406990597277
0.4346967232933603
0.0
0.0
0.30215064357001176
0.0
0.40881802114738314
0.7519820038633598
0.419474562237665
0.0
0.0
0.9460534841995436
0.16490045612372842
0.0
0.0
0.0
0.3478711554467424
0.0
0.7796030266655245
0.7859533578028347
0.0
0.0
0.1091548320954793
0.0
0.02851822059601005
0.0
0.0
0.614907197983247
0.0
0.0
0.443421167709072
0.22259836348266768
0.6370927158169769
0.0
0.0
0.0
0.8227683895463292
0.0
0.8781028266002531
0.8084802493264632
0.0
0.0
0.0
0.0
0.0
0.0
0.0
0.542531674993498
0.18593067644952355
0.0
0.0
0.0
0.0
0.04573779837622412
0.0
0.29132992669277413
0.5547253522576615
0.2319951846677131
0.0
0.0
0.6263737927147897
0.0
0.0
0.0
0.5055903064361954
0.0
0.0
0.0
0.0
0.0
0.0
0.0
0.9916015686928282
0.0
0.0
0.0
0.0
0.0
0.0
0.0
0.0
0.0
0.0
0.3956848285707922
0.0
0.0
0.14732571414864967
0.6965147251897404
0.7074607395623693
0.0
0.6648675102091454
0.0
0.7700018160136151
0.0
0.9668563591276413
0.0
0.4108009813019329
0.0
0.0
0.0
0.0
0.0
0.0
0.87032363988724
0.8395303678504104
0.9438535472122678
0.0
0.5600248016896965
0.6859682256808725
0.22121271935416215
0.0
0.0
0.29512750515736996
0.0341482332885706
0.0
0.0
0.0
0.29123479170822975
0.0
0.0
0.0
0.0
0.7740873396396651
0.0
0.0
0.0
0.6935596254256853
0.9911390828267074
0.0
0.21284814710578925
0.3683602786831362
0.4160458813848793
0.0
0.5878301532137937
0.9246976072547212
0.9413610679699742
0.652837041812068
0.2960836929167788
0.5622466216385935
0.0
0.0
0.0
0.3885428011154355
0.8484493417839203
0.03951372904663875
0.9699578704252378
0.0
0.0
0.0
0.0
0.8367311948830465
0.5878513688866753
0.0
0.8302865565101234
0.34954701150794437
0.75607846847128
0.0
0.8844224171570784
0.0
0.0
0.47806255264416314
0.3388829310650382
0.0
0.7871202416311871
0.6135882549840442
0.3396649120192167
0.0
0.0
0.034912970326898704
0.37405371090310746
0.5725758324663391
0.0
0.0
0.7625704587493495
0.0
0.1689203020888494
0.17665101686264334
0.0
0.0
0.0
0.0
0.0
0.9516691248605426
0.0
0.0
0.0
0.0
0.917896402207324
0.0
0.8159923765567143
0.2507679620435793
0.0
0.7108350834743855
0.34044077548203333
0.0
0.9711623390734405
0.12648557780595768
0.482382042739592
0.0
0.9208694008377598
0.3593418922120874
0.0
0.13716015219703379
0.0
0.16960246864812037
0.25156164258672375
0.8521725234545113
0.6743470384999035
0.0
0.0
0.0
0.0
0.0
0.32298071907077996
0.0
0.9097804960114413
0.05504958714391164
0.0
0.47582252948954323
0.0
0.0
0.19169626969538833
0.17453472339999687
0.0
0.5478795424154216
0.04777373365721749
0.0
0.4354582465943175
0.0
0.0
0.1698295762114308
0.3453600220799853
0.04669852865661472
0.0
0.7091990956273689
0.0
0.3965619600280426
0.6695922190734438
0.0
0.9964708711008515
0.8519293686145738
0.0
0.23247527992347583
0.5094935437390393
0.0
0.9127357142742951
0.0
0.0
0.0
0.5409805097221867
0.0
0.0
0.0
0.7782655797123987
0.0
0.0
0.0
0.8729476048037339
0.0
0.9994531595936659
0.512946565938229
0.0
0.0
0.9546229243658745
0.2552825848256483
0.0
0.5444762129611657
0.0
0.9581598333083767
0.3823012680003406
0.0
0.8715828354818141
0.0
0.16659074405993676
0.0
0.0
0.9748550002721559
0.2222881886711119
0.0
0.42362152326077795
0.5144378096887278
0.0
0.9108743558305324
0.0
0.02926749116774399
0.05158473396417357
0.0
0.6610350097083791
0.0
0.4549460413884317
0.6881259680994608
0.0
0.17404641542273072
0.0
0.0423230493912409
0.5114464760348973
0.070652185327471
0.3860543749004476
0.0
0.07479523167233532
0.6215366299117904
0.4351143194907239
0.0
0.4945581643817372
0.0619847012285231
0.674559315243929
0.5910598030368583
0.0
0.0
0.9212816128994199
0.5843597799532246
0.14752922509315178
0.5394027597747694
0.0
0.48985261656357887
0.3922163971438177
0.0
0.0
0.0
0.0
0.0
0.0
0.06698157825675204
0.0
0.0
0.0
0.653754474615968
0.31220734795215926
0.0
0.0
0.0
0.0
0.0
0.0
0.0
0.7905355579894182
0.0
0.0
0.9794949500847183
0.0
0.6466423252583479
0.0
0.0
0.6751835055687228
0.9604617575073318
0.0
0.9874941186479494
0.15717820826639758
0.0
0.6373231983629318
0.0
0.1927320332940127
0.0
0.0
0.3314761140086269
0.5533377431898687
0.3659674856742707
0.0
0.0
0.0
0.0
0.0
0.6117991295047246
0.3261604457260524
0.02654419673039925
0.314775175371241
0.8505371351511631
0.6931943746886644
0.0
0.0
0.9464556016037027
0.012227325799975299
0.13481488060442637
0.00280125785976515
0.960178693479015
0.8575934293215934
0.7489471746379782
0.7307568893107538
0.0
0.26598313343818014
0.0
0.4135272593847559
0.5135712314683062
0.8857296989326409
0.0
0.6768736474503059
0.4959250734487217
0.0
0.3558442289172874
0.0
0.41543074653034534
0.7528162035960086
0.40103531969223133
2.592587852819437E-4
0.0
0.0
0.47204587529539555
0.0021695476563937887
0.0
0.0
0.43210178911580766
0.0
0.5935262902516821
0.10698083606722943
0.0
0.949617311277369
0.8034779409115664
0.0
0.0
0.5192771065037274
0.7494689735626238
0.0
0.6725313384037096
0.0
0.0
0.0
0.35433379844601287
0.0
0.029962117593562574
0.6146804791625439
0.6780165592700419
0.8810722681353255
0.07744322393193488
0.0
0.9313415814095334
0.0
0.0
0.0
0.0
0.5577544719393681
0.0
0.7192573994380456
0.5658912474071248
0.9601491852421143
0.7567747322238255
0.20653655618889133
0.0
0.6075661455166431
0.08258706555556049
0.995724505126777
0.0
0.0
0.5658969854421154
0.0
0.5195131433186359
0.0
0.0
0.7629383659080101
0.6892149305709445
0.0
0.5528232077446229
0.4176161149695045
0.16031902994786632
0.0
0.0
0.7424232974128304
0.0
0.7126019496188241
0.0
0.0
0.0
0.14612877363608165
0.0
0.0
0.32617237243200375
0.5412961272166176
0.0
0.0
0.01802870657808687
0.0
0.0
0.0
0.1289680986571394
0.0
0.10510834609777224
0.0
0.9745996149418192
0.025420053091692707
0.0
0.0
0.8394401797671611
0.7749482065757591
0.0
0.0
0.0
0.709100277790022
0.0
0.9932723216519617
0.0
0.8147172378987302
0.9874384498587543
0.35220006760174055
0.0
0.0
0.0
0.0
0.0
0.45065728664520216
0.0
0.023007782803092888
0.0
0.8081219332869943
0.0
0.2936974781147599
0.0
0.8573203432936201
0.0
0.0
0.0
0.5839017107993907
0.0
0.0
0.0
0.0
0.4583395142633358
0.0
0.0
0.0
0.07161670222744333
0.0
0.9060885307723375
0.04536052496424957
0.0
0.14347373123707732
0.557398162390905
0.11323554527108218
0.0
0.0
0.0
0.5937963193017893
0.6711775058238457
0.0
0.17015510414876042
0.0
0.0
0.3027867174657572
0.12374547096641467
0.0
0.7733000790035175
0.4814309334999136
0.0
0.0
0.0
0.6129651616005816
0.0
0.7158656930698607
0.0
0.7520399838291967
0.8644967122991675
0.0
0.6664828534328728
0.6324275837889008
0.29570891573968155
0.0
0.0
0.8441275920617339
0.0
0.0
0.0
0.0
0.0
0.0
0.0
0.0
0.0
0.008374399467679905
0.9911638751976802
0.0
0.03568228362121873
0.0
0.0
0.9647702571505166
0.24103987156625134
0.7477244028052978
0.902268297498452
0.29715322573536357
0.0
0.5957544130123689
0.9236095013143595
0.8543252544131887
0.0
0.0
0.0
0.0
0.0
0.0
0.0
0.0
0.14419952308012635
0.0
0.6851102206223681
0.0
0.0
0.0
0.7019509548848314
0.9926611000695406
0.0
0.0
0.8800465903721858
0.0
0.10186581375056726
0.08424438716865817
0.0
0.0
0.7886077564135324
0.0
0.0
0.8624692845077905
0.0
0.0
0.0
0.5347027659753759
0.0
0.5033557162003962
0.3226492225993747
0.36114528634027376
0.0
0.0
0.0
0.8657671638781397
0.0
0.14957276868965383
0.0
0.0
0.0
0.6624870046321094
0.0
0.0
0.9466922187894691
0.37767011340354306
0.0
0.4253090056936586
0.0
0.0
0.7733798583140333
0.0
0.8246685830773943
0.27037302048508227
0.0
0.0
0.4610837226062968
0.0
0.0
0.0
0.8548516991119339
0.0
0.0
0.6107908240890785
0.0
0.0
0.22522037987406668
0.0
0.9959057494481469
0.0
0.20674061560290957
0.0
0.0
0.26814378033524616
0.22272316605610393
0.79752642910758
0.0
0.015758122723643218
0.8234857134934814
0.6592287993852352
0.0
0.0
0.0
0.42616465480892674
0.8997823975484062
0.0
0.0
0.7801190642031123
0.0
0.0
0.0
0.0
0.17403172545688286
0.7136438171361695
0.0
0.3268694132049236
0.6828083113210284
0.1732028099233501
0.0
0.6082415684230226
0.03432273222464137
0.0
0.0
0.22989772607917805
0.0
0.0
0.02343685066382734
0.0
0.6363475663077378
0.0
0.41835508515713465
0.0
0.1439398701199729
0.0
0.8768509205494621
0.0
0.0
0.2776979726991175
0.0
0.9458251050774472
0.0
0.09065909616601003
0.0
0.5772127281620184
0.0
0.9307730711946716
0.0
0.8769940021583442
0.8657442376320406
0.0
0.0
0.0
0.0
0.0
0.7241083818038436
0.0
0.0
0.0
0.0
0.9282817227735637
0.6676609664585216
0.5978276253222669
0.0
0.704276050340267
0.0
0.8758552057024074
0.0
0.0
0.0
0.10571454708663505
0.0
0.012449784664798765
0.0
0.0
0.45034478027178365
0.24531031497310485
0.07946847043094749
0.5326696611966667
0.5303451794925131
0.0
0.7046824705160369
0.7670566225349366
0.0
0.0
0.0
0.0
0.8473712940522748
0.0
0.7217240348461779
0.0
0.45379847748052843
0.0
0.9380433448121531
0.0
0.7155523435117997
0.0
0.0
0.0
0.0
0.0
0.0
0.46575938531112887
0.2472643224392777
0.17842281163988405
0.7314998937535684
0.9803585278192404
0.5337839316401137
0.7335915672764421
0.0
0.0
0.0
0.9600219699373155
0.26413992347099063
0.0
0.0
0.3489967766000947
0.7786427395944118
0.0
0.0
0.0
0.0
0.0
0.4427239660443819
0.0
0.0
0.3487959443348858
0.0
0.6458804806037902
0.9092595697199081
0.21361246143444027
0.0
0.0
0.0
0.0
0.04784257869563165
0.0
0.6467555932846317
0.5677263869348376
0.0
0.0
0.0
0.13244602074063438
0.16101627019536813
0.0
0.0
0.04545042099050259
0.704038813690291
0.0
0.49820263894963956
0.0
0.0
0.0
0.36578927507674786
0.0
0.0
0.0
0.0
0.0
0.0
0.0
0.0
0.0
0.0
0.0
0.0
0.0
0.3276786008007687
0.30683854368624697
0.0
0.0
0.20317542623881163
0.4850158520188592
0.5873820992282067
0.0
0.8157638429235157
0.0
0.20076379517197318
0.0
0.0
0.0
0.11845738961849551
0.0
0.0
0.0
0.0
0.5502912392195103
0.0
0.0
0.0
0.025760060841475807
0.0
0.06875003210228504
0.7696331521702764
0.0
0.0
0.10074089551897455
0.0
0.0
0.0
0.4167878432436008
0.07821819228213715
0.1923970915610698
0.8655213813570476
0.9169355813822883
0.0
0.5766694533157819
0.5737059910322784
0.0
0.0
0.0
0.9775100682703501
0.0
0.7887892169865266
0.0
0.0
0.0
0.899388631576548
0.8029369024610006
0.15454800400172317
0.4530843701476679
0.0
0.0
0.0
0.0
0.0
0.0
0.0
0.8184238414550827
0.7305841790883685
0.0
0.0
0.0
0.3367415195295675
0.0
0.2667130860937583
0.0
0.0
0.7471965215765944
0.0
0.23140866214912098
0.7790399349819358
0.9758165656496441
0.9554955871456134
0.9234303514606289
0.0
0.939954479393112
0.0
0.0
0.21463753000332442
0.0
0.0
0.80050618376805
0.0
0.0
0.6476350872097237
0.3506124268570972
0.4045584654319083
0.15057343993291453
0.0
0.0
0.8584158780369116
0.0
0.041516748641250024
0.8058995345931527
0.0
0.0
0.0
0.9472975197462402
0.5938044089830862
0.0
0.0
0.0
0.20049756531332905
0.1357437031284072
0.0
0.5301175105389635
0.0
0.8251359799432431
0.2700822125822905
0.0
0.0
0.10254251882757506
0.51054363532173
0.0
0.17914527828559257
0.0
0.42049149993088863
0.0
0.0
0.0
0.0
0.0
0.0
0.20756200323012136
0.0
0.3344728621038063
0.679987164472997
0.0
0.0
0.609811672343576
0.5590489744301811
0.11330439146980323
0.8312551211478622
0.5899544659363699
0.0
0.0
0.0
0.13488963683876523
0.34743056821367246
0.07600550673061313
0.0
0.9819769935370274
0.0
0.0
0.7123278315685342
0.2784775147916792
0.0
0.0
0.0
0.0
0.4358528317100706
0.0
0.0
0.0
0.8300817462507063
0.0
0.0
0.0
0.9433585622948543
0.850341932686317
0.9019518446905846
0.23534603615099808
0.0
0.14995510984546973
0.0
0.0
0.23957893594297291
0.8004839111844585
0.07272324869965219
0.0
0.0
0.476475569725881
0.5276874918535525
0.0
0.07196762855408732
0.23219068938993534
0.0
0.6765369432100458
0.3113844304911757
0.0
0.7823897031382012
0.0
0.0
0.7131406776899409
0.0
0.0
0.9792642556158392
0.0
0.2501273502982369
0.0
0.6704905826727889
0.0
0.1387339580045522
0.0
0.0
0.0
0.35683792294368394
0.4943015989017153
0.47620400992827394
0.0
0.0
0.8684403706892694
0.0
0.0
0.0
0.11566299977964134
0.7927635120561245
0.324088122910546
0.17607691379134688
0.5835760926285036
0.0
0.8183433950928075
0.0
0.17961546712886278
0.6950875663141549
0.0
0.0
0.7888747394183298
0.09565744998435873
0.4766117205779874
0.0
0.0
0.44805633411638307
0.5955735558407286
0.3089601409420014
0.2622237459393309
0.9338626315518271
0.568877546088685
0.0
0.0
0.24466471077120472
0.8826323454100475
0.0
0.3166180550577499
0.6008967918344422
0.0
0.0
0.0
0.0
0.0
0.0
0.0
0.0
0.0
0.0
0.2881435127223961
3.3158548651066977E-4
0.0
0.7186454298974393
0.0
0.0
0.0
0.0
0.35099916983716384
0.0
0.8979784897078447
0.2486958796365757
0.9424663133867591
0.10913898581708133
0.12277212897341719
0.0
0.0
0.0
0.0
0.27465337473538476
0.0
0.3853619839790065
0.23122531701589627
0.8423958853201184
0.0
0.4863635061005446
0.0
0.09311096344794483
0.0
0.37884272109850636
0.3125847574809149
0.0
0.36322968212842976
0.0
0.9320631351979195
0.0
0.1337765702352589
0.6878416783884981
0.10842204536411378
0.2546642661605828
0.8106790369312746
0.5649312145695418
0.0
0.25774893199313864
0.9512037022943172
0.0
0.0
0.0016516198953728722
0.4269534395058272
0.0
0.5203643259964643
0.8568967345805765
0.0
0.0
0.11593978955940135
0.5914866366348001
0.0
0.8433598596175045
0.9304800731819415
0.0
0.0
0.03178207046671895
0.8609181025022735
0.9345135127026305
0.0
0.7662728829743638
0.0
0.8790874947993049
0.0
0.0
0.0
0.0
0.0
0.3717939412911945
0.5516704108028089
0.0
0.0
0.1804545147418809
0.0
0.6970429660173342
0.9953223227794334
0.0
0.0
0.9324672566689197
0.17641358779193367
0.0
0.5549215419136638
0.9168579170698731
0.0
0.0
0.0
0.0
0.0
0.5310938518869758
0.0
0.0
0.0
0.8270307779980937
0.0
0.6425351049357354
0.0
0.0
0.0
0.0
0.5761393321026625
0.01800666930865382
0.07772850236131858
0.0
0.0
0.0
0.4674046809959695
0.05009208954252728
0.0
0.5427298993328187
0.0
0.9012151646930154
0.0
0.04822208068389046
0.5490381162343351
0.08932713197934297
0.0
0.301626271182499
0.0
0.0
0.0
0.9489647267172356
0.6424477079485279
0.42680029362431116
0.0
0.774152714325362
0.9345466234149225
0.454016439417389
0.1998750606483207
0.35772298582419937
0.0
0.0
0.4701180302605114
0.13843882695504942
0.0
0.7512462042227681
0.0722379511403043
0.0
0.5198777277154898
0.0
0.16158267388513048
0.40797082693280035
0.0
0.6083016687866322
0.0
0.09742970097279151
0.0
0.0
0.0
0.0
0.8398640349719891
0.0
0.14666036486235506
0.4951472434856833
0.0
0.0
0.0
0.9848731180238782
0.6696960206847993
0.0
0.0
0.0
0.4306299199650735
0.35329699641008494
0.315267765252279
0.4788288396376276
0.0
0.5116918215781375
0.0
0.0
0.0
0.0
0.8044911606495009
0.0
0.24679482440925252
0.6793992694419447
0.0
0.0
0.2985086183488362
0.0
0.37092075633098104
0.0
0.958444387673457
0.18701598506197453
0.0
0.7448174504630024
0.34178164875558525
0.5383980227689142
0.0
0.641274480697448
0.0
0.9947724965484747
0.0
0.9614486277397541
0.0
0.04392390053334368
0.0
0.0
0.9106508938653026
0.0
0.0
0.0
0.9859993700335405
0.0
0.0
0.0
0.37719688695942033
0.0
0.8368351289624604
0.0
0.9802909286815598
0.0
0.0
0.15062147602410875
0.0
0.0
0.27971739973363235
0.06743109256398262
0.6148605326923683
0.0
0.0
0.1704201144988613
0.0
0.0
0.0
0.0
0.0
0.5699371994424408
0.0
0.0
0.0
0.0
0.0
0.0
0.0
0.0
0.2113968669400349
0.5349001097229085
0.0
0.0
0.0
0.6812297541748003
0.7055172011998828
0.8478271503057945
0.0
0.7577955889442907
0.7841887627241187
0.0
0.0
0.9457844922142308
0.8159254705051545
0.0
0.0
0.0
0.5731899912693805
0.0
0.7276585067030918
0.21957256730173247
0.0
0.9103287160408767
0.0
0.6420787554910851
0.0
0.0
0.0
0.0
0.0
0.0
0.0
0.4873954771752232
0.0
0.0
0.4050604225336675
0.0
0.9103095447899988
0.0
0.0
0.2550508421335118
0.0
0.0
0.6976175444841197
0.0
0.0
0.0
0.0
0.0
0.0
0.0
0.0
0.0
0.0
0.5844603212993961
0.0
0.0
0.0
0.3512798864279769
0.9612794519834449
0.7187575330186963
0.0
0.9811182820015739
0.0
0.0
0.36121791342485493
0.19498383438393188
0.5013856603332584
0.005640762999162713
0.0
0.0
0.0
0.9892281643677846
0.0
0.30310568627623913
0.0
0.0
0.4468654440934894
0.0
0.0
0.0
0.0
0.24633513591775197
0.8245491595151336
0.9219442266164329
0.0
0.13909189807133088
0.6160354178342717
0.644874390185992
0.0
0.2728906050058039
0.0
0.5476565205843493
0.9118529691435701
0.0
0.0
0.1523461457971772
0.0
0.0
0.9367190864146329
0.2638889049215044
0.4297094096231842
0.0
0.33094095205015805
0.44473248742392485
0.0
0.0
0.03770235881238441
0.748935352289997
0.0
0.5097579001643296
0.0
0.0
0.0
0.5169772496292729
0.9810247167141832
0.8457436180469735
0.16053041501764684
0.0
0.0
0.0
0.0
0.5752777591440671
0.4292240100219943
0.8338902506176566
0.0
0.0
0.0
0.0
0.0
0.23016076730481583
0.0
0.3474066585741318
0.0
0.0012407817925175193
0.0
0.0
0.0
0.8654092806563659
0.0
0.0
0.9602016667433069
0.36601963367373463
0.0
0.0
0.0
0.0
0.024217370418597863
0.0
0.5705520559477126
0.9943728658854623
0.8917996382744741
0.7894211207485855
0.0
0.0
0.378182917097241
0.0
0.0
0.9958530674232438
0.0
0.0
0.0
0.21449065370520717
0.0
0.0
0.0
0.0
0.0
0.0
0.5203512283779379
0.19303901824869807
0.023334054548202917
0.0
0.47708274327763656
0.0
0.0
0.0
0.9244050176546615
0.0
0.900276127381668
0.0
0.6818187315022364
0.0
0.5615240648235185
0.0
0.8101127954584653
0.0
0.4410549510531826
0.0
0.0
0.5640225506610493
0.2696158286159177
0.0
0.0
0.9958798453937909
0.0
0.0
0.0
0.0
0.5882829730543739
0.0
0.0
0.0
0.03130868702636078
0.632833960858806
0.0
0.0
0.38717319277864837
0.4073539901742873
0.0
0.9434438994160511
0.0
0.0
0.0
0.9861965205768843
0.018036056760709775
0.4120680017647079
0.0
0.0
0.8488065152063221
0.0
0.39384360155563297
0.9127305674465792
0.7700269531388202
0.0
0.0
0.0
0.0
0.0
0.0
0.0
0.0
0.2900395526815438
0.4048193264949724
0.21562139221710028
0.5306101995732944
0.9866192792818239
0.4357255502045013
0.0
0.0
0.0
0.0
0.4844944443287608
0.0
0.09816013245399774
0.0
0.0
0.6473956301572631
0.0
0.0
0.0
0.0
0.7529528930138066
0.2392156142397631
0.36413887335799344
0.3121649187079044
0.5574866988198246
0.0
0.9748790691356488
0.0
0.0
0.47628229309369546
0.0
0.0
0.8430981767912314
0.5071791805810201
0.4980083125693038
0.2345334345238544
0.1684642061850381
0.0
0.9203615645921295
0.0
0.7943005511221222
0.04514607900567429
0.0
0.0
0.18402650279793512
0.9693788569268589
0.0
0.0
0.40441639898080534
0.0
0.0
0.8609347264293601
0.0
0.0
0.0
0.0
0.0
0.0
0.0
0.0
5.002875172842923E-4
0.0
0.0
0.691248206088997
0.7044274274723681
0.0
0.2542251508343198
0.0
0.0
0.0
0.2858537799153642
0.0
0.0
0.0
0.33151129794019407
0.0
0.0
0.6353457528223115
0.0
0.0
0.0
0.0
0.0
0.992663478846687
0.0
0.8828176551502629
0.3051601800436227
0.0
0.692556592475691
0.9067247291728961
0.0
0.0
0.5066978497162009
0.08235970118546436
0.536198097358834
0.3006746634412297
0.0
0.0
0.1679554913614657
0.12252328345732437
0.7574887478631686
0.7039066718197893
0.0
0.5366263309206527
0.456695156102488
0.0
0.0
0.0
0.0
0.0
0.4246028396209597
0.8965826603035142
0.0
0.0
0.05741749591088627
0.26201064338652263
0.6405750812144556
0.0
0.9513963356064692
0.2958671736865485
0.031114410799922144
0.0
0.5639501075228084
0.0
0.0
0.0
0.9706856090666147
0.0
0.22591118941612978
0.0
0.014104578355868612
0.9250470544359816
0.0
0.5692671446638201
0.0
0.0
0.14334663817057713
0.33070612738386373
0.5615263855315764
0.9097692527538984
0.39988549302965365
0.0
0.9896165903662654
0.0
0.33929723918464294
0.0
0.5076299082193849
0.9911452596168863
0.0
0.9681154092463518
0.0
0.5217853568030539
0.3547864272138702
0.0
0.0
0.0
0.9208297784289845
0.0
0.33545623453878953
0.0
0.0
0.0
0.816412933083829
0.0
0.0
0.6209174582853108
0.0
0.04339391392863917
0.6416241165540472
0.0
0.8852557006940267
0.0
0.010584733534699667
0.7922758820425251
0.1510790829699236
0.8256314568099636
0.0
0.0
0.03470275130468293
0.0
0.842189784959096
0.3346445558610487
0.9104653458690386
0.87818907646439
0.31058815463428724
0.41098900625477125
0.0
0.8601531104046382
0.0
0.0
0.30872647349973187
0.0
0.0
0.0
0.5584223215489649
0.0
0.513530269546631
0.6560727815896137
0.0
0.0
0.056718780452429694
0.04753084879938579
0.0
0.10355037450865394
0.0
0.9370813582575577
0.0
0.0
0.2966251253548599
0.0
0.6433191704484618
0.0
0.0
0.0
0.0
0.9213893882582059
0.0
0.0
0.0
0.0
0.0
0.28339506903190487
0.0
0.41080863805938095
0.0
0.0
0.0
0.0
0.09797873314276771
0.0
0.0
0.0
0.0
0.0
0.775295631099141
0.0
0.9639136669283539
0.0
0.7391495140255531
0.8733178672593331
0.0
0.03944303945377706
0.3346496027646735
0.0
0.6036105336265426
0.10295157129404381
0.3282533761184013
0.78473720174885
0.0
0.0
0.5112630964825433
0.0
0.08741377656608139
0.0
0.9258819101874728
0.2796109607732894
0.0
0.8929051024431988
0.21968046538628963
0.0
0.7265238317945752
0.0
0.4331683307289509
0.574055602907491
0.0
0.0
0.0
0.09667653143831685
0.0
0.38482721904262795
0.0
0.0
0.0
0.4039590576306718
0.1873914258925746
0.0
0.5872988662057824
0.0
0.6451961669213192
0.0
0.0
0.0
0.297849659354073
0.0
0.0
0.12569960209784292
0.8545317374624608
0.0
0.0
0.0
0.0
0.0
0.0
0.1366244489766995
0.0
0.0
0.0
0.0
0.0
0.0
0.0
0.0
0.857990469654085
0.0
0.6269675572522075
0.0
0.0
0.33072333520321584
0.17079457969854958
0.01812049758223644
0.0
0.0
0.0
0.7281138521520307
0.8364459419501076
0.0
0.0
0.20074882889375395
0.0
0.6768020489641544
0.711522670965788
0.0
0.4259329569605579
0.7780572459204906
0.0
0.0
0.0
0.0
0.04201214970208411
0.792278395017388
0.0
0.787299005702822
0.983429068045547
0.25161235180887037
0.0
0.6733394675226968
0.39896212354400834
0.0
0.3505878873329124
0.6305628943704706
0.4429628530132936
0.37292853458103215
0.0
0.6826202444551632
0.8771456628884043
0.0
0.9951665799895106
0.27523700008944235
0.0
0.0
0.0
0.0
0.3260569835219501
0.0
0.9837692138184565
0.055840566723847504
0.0
0.0
0.0
0.5900320539693826
0.2851098669945509
0.0
0.0
0.4108898447766843
0.9170872096820216
0.5027358588449828
0.0
0.0
0.0
0.0
0.0
0.16279393181625945
0.07985955043160595
0.6637749678848011
0.03408117210902662
0.5137504422974901
0.0
0.0
0.31431775952582763
0.0
0.0
0.37217294256565014
0.0
0.14263391936826278
0.20951111740220726
0.0
0.0
0.0
0.0
0.0
0.0
0.0
0.6688703521972187
0.1609833824157331
0.46448405922962543
0.0
0.5801989049494555
0.9762009453957272
0.0
0.0
0.9268279151261152
0.07956112104081743
0.4832070393338286
0.0
0.34562131520365214
0.0
0.0
0.9199051641050536
0.7828217078373247
0.3797176892675976
0.6717711576827506
0.0
0.5065532075891283
0.6448658271519118
0.0
0.44803646794672053
0.0
0.9624512269391882
0.9220974735551842
0.0
0.9583983821960674
0.0
0.0
0.0
0.6446037241202257
0.0
0.0
0.0
0.13330852165008542
0.283166707563412
0.9635445267348721
0.40102824083300004
0.6035280578480942
0.9117089763464625
0.9865862423913117
0.0
0.17986198250802354
0.0
0.38323820714977747
0.0
0.0
0.0
0.0
0.0
0.14404850974238997
0.0
0.9735411168447925
0.35432799466860254
0.9090701177466173
0.0
0.813323635340053
0.876659907942268
0.6725165474274154
0.0
0.0
0.3453510175120873
0.0
0.4406272593334714
0.0
0.0
0.0
0.38222884336338125
0.4323398289587837
0.5829910887914016
0.0
0.0
0.44175566541966615
0.0
0.0
0.3948815625230734
0.5841082884214652
0.0
0.0
0.5791783209213226
0.9430623437022361
0.0
0.3152473591270542
0.28272342115488164
0.0
0.0
0.4714366624122319
0.2009440719773552
0.7073567253116855
0.0
0.0
0.0
0.0
0.0
0.2469435807758157
0.8894352968860915
0.0
0.17432464672757006
0.0
0.0
0.27817719765347926
0.0
0.0
0.8053143325057316
0.06417847476379382
0.0
0.0
0.5758326607508293
0.0
0.0
0.0
0.31846842936993197
0.0
0.0
0.0
0.0
0.0
0.0
0.0
0.0
0.0
0.0
0.0
0.6396639818129771
0.0
0.8958997031598277
0.9059184139285114
0.6618996655440901
0.6293450885948987
0.64429010381553
0.1319150938502503
0.6118328531057762
0.0
0.9258118664358592
0.0
0.0
0.9144314200100433
0.1668425885558845
0.5469387208014711
0.9847746888321887
0.0
0.6806068460784936
0.0
0.0
0.0
0.0
0.0
0.09410919195714265
0.0
0.21958485431658073
0.0
0.0
0.0
0.4338960327910267
0.815413641342239
0.8841437821035146
0.0
0.06037103062292723
0.0
0.650258545723038
0.191489048814713
0.7811035576193248
0.7243978429782867
0.2694981628547087
0.7146691457230341
0.0
0.0
0.8438845691383895
0.7147247446072066
0.7013834198082868
0.0
0.9349802436797673
0.1970405128536505
0.14120143605177712
0.0
0.0
0.505932666996848
0.0
0.0
0.0
0.007602471083041911
0.8850589321696181
0.0
0.0
0.0
0.22155803415087816
0.0
0.0
0.9197777077991305
0.591844042016456
0.7166360811034852
0.0
0.36589034327266584
0.0
0.0
0.0
0.4644122882464192
0.6615921601668298
0.7171389851123802
0.7421551025240455
0.0
0.0
0.0
0.49136843157280646
0.0
0.3835557413160917
0.03784106542080801
0.07783312843779608
0.0
0.33874469592074596
0.21797200559401753
0.0
0.0
0.0
0.5470961499099541
0.1504311369241574
0.11783373316087446
0.0
0.6544561873308941
0.6241177951185043
0.0
0.2822988937156187
0.11499446644563426
0.0
0.0
0.08744491369813177
0.38127417179249884
0.047086225812912746
0.07504842441718408
0.8644853983016708
0.0
0.0
0.0
0.369181348590762
0.0
0.11012330784433648
0.0
0.0
0.0
0.652696292593276
0.0
0.9873340935218918
0.0
0.0
0.0
0.0
0.4016805877965249
0.7344625613868818
0.933835853176727
0.0
0.9936847663211709
0.0
0.4234398878987303
0.7559135493773917
0.3156549174296812
0.0
0.7897708693962718
0.15255017236524407
0.0
0.9364711570971239
0.0
0.0
0.0
0.5531226049076673
0.5636721923578291
0.0
0.0
0.25638153189953994
0.0
0.6818853461610129
0.0
0.0
0.49489871854564615
0.0
0.0
0.20629939926262392
0.0
0.09602872445088942
0.007349522003084942
0.8650877528399664
0.9760367351470309
0.0
0.0
0.0
0.0
0.0
0.0
0.0
0.13021713293555798
0.48411274658359865
0.0
0.24663178366075883
0.0
0.0
0.5242443927697662
0.429385192484225
0.0
0.33021496873900763
0.5932922943010583
0.0
0.0
0.34744090524102306
0.0
0.09471690570397631
0.29876095618166737
0.0
0.0
0.966552257945469
0.0
0.30569137579960753
0.8478553436145094
0.6932472503988545
0.0
0.8965096811629154
0.5362019607915104
0.1564153721633256
0.5344046148781756
0.0
0.0
0.832309993662099
0.04333813430109787
0.9874785203890886
0.2625226161222067
0.0
0.15740172656724388
0.0
0.0
0.2099816111887303
0.0
0.0
0.0
0.0
0.0
0.9300794142306492
0.0
0.5129011431282271
0.0
0.3210759407239052
0.0
0.0
0.0
0.0
0.031231661852825648
0.0
0.0
0.0
0.0
0.0
0.0
0.0
0.0
0.589199417011514
0.0
0.7822594786776725
0.0
0.5366746527579251
0.0
0.6714102597961163
0.0
0.6035855372813288
0.07033036172034172
0.0
0.40921960432840254
0.0
0.9915729414413811
0.0
0.8197065597798799
0.38547340539679986
0.0
0.1528433696804236
0.0
0.0
0.9014586142383322
0.9805732007354018
0.07906583088479818
0.0
0.48855186809130174
0.0
0.7649801284479533
0.0
0.10761579615763896
0.0
0.0
0.0
0.0
0.0
0.613720164434023
0.0
0.9537141999492325
0.0
0.09868007481041016
0.37861504283054975
0.0
0.0
0.8352821773938888
0.0
0.06941845386272257
0.0
0.14729408782331013
0.2771983500637673
0.0
0.13846384439716608
0.7957206905884422
0.03609547570758476
0.5320964734108016
0.3990580557369255
0.0
0.0
0.0
0.0
0.0
0.0
0.0
0.5863797621110011
0.0
0.0
0.0
0.0
0.7310203294854924
0.0
0.43119263183021445
0.0
0.0
0.954920254167235
0.0
0.0
0.8041772133692748
0.0
0.0
0.36758499959845703
0.9781609257276971
0.14219494553431197
0.0
0.0
0.0
0.0
0.7469106973853743
0.0
0.5972597447627639
0.0
0.0
0.0
0.7319520959737426
0.6141793657612863
0.0
0.0
0.0
0.0
0.0
0.855763089464665
0.0
0.0
0.12551533563268588
0.8940944722860118
0.0
0.4982428446976218
0.36421826812243374
0.0
0.8736508100520933
0.0
0.7269550069268821
0.0
0.5132989128636252
0.535140202723634
0.05908616943848157
0.0
0.7927089028663635
0.3966112099745503
0.24547357738690134
0.6086579525529932
0.0
0.28840688153866834
0.0
0.0
0.0
0.0
0.9433622205841227
0.47625529133538874
0.0
0.0
0.0
0.0
0.334062623521792
0.0
0.8486378808294001
0.0
0.0
0.0
0.05662754378700653
0.0
0.0
0.0
0.922924222178012
0.3584315679195327
0.10311470609753612
0.0
0.7141339971184143
0.0
0.0
0.0
0.0
0.0
0.9334720069349512
0.0
0.1970174526122198
0.731540165645045
0.20069649653044294
0.0
0.0
0.2650981319145664
0.744674176998726
0.8486912354002069
0.0
0.0
0.0
0.5608755925336453
0.2628824482330214
0.0
0.23424751709475894
0.0
0.0
0.0
0.2586261939878314
0.10016375993953414
0.0
0.0
0.0
0.7954176445377212
