0.760249938906523
0.760249938906523
0.5
0.760249938906523
0.760249938906523
0.760249938906523
0.760249938906523
0.760249938906523
0.760249938906523
0.760249938906523
0.760249938906523
0.760249938906523
0.760249938906523
0.760249938871773
0.760249938906522
0.760249938906523
0.23975006088001
0.760249938906523
0.760249938906527
0.760249938906523
0.760249938906523
0.760249938906523
0.760249938906523
0.760249938906523
0.239750061116006
0.760249938906523
0.760249938906523
0.760249938931415
0.760249938906523
0.760249938906523
0.760249938906523
0.760249938906523
0.760249938906523
0.760249938906523
0.760249938906523
0.760249938906523
0.760249938906523
0.760249938906523
0.239750061093477
0.760249938906523
0.760249938906523
0.239750061107724
0.239750061093477
0.760249938906523
0.760249938906523
0.760249938906523
0.760249938906523
0.760249938906523
0.239750061093477
0.760249938906523
0.760249938906523
0.239750061108456
0.760249938906523
0.760249938906523
0.760249938906523
0.760249938906523
0.239750061093477
0.760249938906523
0.239750061093477
0.760249938906523
0.760249938906523
0.23975006113026
0.760249938906523
0.760249938906523
0.760249938906523
0.760249938906523
0.760249938906523
0.760249938906523
0.760249938906523
0.760249938906523
0.239750061093477
0.760249938906523
0.760249938906523
0.760249938906523
0.760249938906523
0.760249938906523
0.239750061093477
0.239750061093477
0.239750061093477
0.760249938906523
0.760249938906523
0.239750061093477
0.760249938906523
0.760249938906523
0.760249938906524
0.760249938906523
0.760249938906523
0.760249938906523
0.760249938906523
0.760249938906523
0.760249938906523
0.760249938906523
0.760249938906523
0.760249938906523
0.239750061101986
0.239750061093477
0.760249938906523
0.760249938906523
0.76024993889743
0.760249938906523
0.760249938860439
0.5
0.760249938906523
0.760249938906523
0.760249938906523
0.239750061119519
0.5
0.760249938906523
0.760249938906523
0.760249938906523
0.760249938906523
0.239750061058726
0.760249938906523
0.760249938906523
0.760249938906523
0.760249938906523
0.760249938906523
0.760249938906523
0.760249938906523
0.760249938906524
0.239750061127338
0.760249938906523
0.760249938906523
0.760249938906524
0.760249938906523
0.760249938906523
0.760249938906523
0.760249938906523
0.760249938906523
0.760249938906523
0.760249938906524
0.239750061093477
0.760249938906523
0.760249938906523
0.760249938906523
0.760249938920771
0.760249938906522
0.239750061047392
0.760249938906523
0.760249938906523
0.5
0.760249938906523
0.760249938906524
0.760249938906524
0.760249938915032
0.760249938906523
0.760249938906523
0.760249938906523
0.760249938906523
0.760249938906523
0.760249938906523
0.760249938906523
0.760249938906523
0.760249938906524
0.760249938906523
0.760249938906523
0.760249938906523
0.760249938906523
0.760249938906523
0.760249938906523
0.760249938906523
0.760249938906523
0.760249938906523
0.760249938906524
0.760249938906524
0.760249938906523
0.760249938906523
0.760249938906524
0.760249938906523
0.760249938906523
0.760249938906523
0.760249938906523
0.760249938906523
0.239750061093477
0.760249938906524
0.760249938906523
0.760249938906523
0.760249938906523
0.760249938906523
0.760249938906523
0.760249938906523
0.760249938906523
0.760249938906523
0.760249938906523
0.760249938906523
0.760249938906523
0.760249938906523
0.760249938906521
0.760249938906523
0.760249938906523
0.239750061084383
0.760249938906523
0.760249938906523
0.760249938906523
0.760249938906524
0.760249938906523
0.760249938906523
0.760249938906523
0.760249938906523
0.760249938906523
0.760249938906523
0.760249938906523
0.760249938906523
0.760249938906523
0.760249938906523
0.760249938906523
0.760249938906524
0.760249938870814
0.239750061093477
0.760249938943307
0.239750061118368
0.760249938906523
0.760249938906524
0.239750061093477
0.760249938906523
0.760249938906523
0.760249938906523
0.760249938906523
0.760249938906523
0.760249938906523
0.760249938906524
0.760249938906523
0.760249938693057
0.760249938906523
0.760249938906523
0.760249938906523
0.760249938906523
0.760249938906523
0.760249938906523
0.760249938906523
0.760249938906523
0.239750061057768
0.760249938906523
0.760249938906523
0.760249938906523
0.760249938906524
0.760249938906523
0.760249938906523
0.760249938906523
0.760249938906523
0.760249938906523
0.760249938906523
0.760249938929053
0.760249938921502
0.760249938906524
0.760249938906523
0.760249938940385
0.760249938906524
0.760249938906523
0.760249938906523
0.760249938906523
0.760249938906523
0.760249938906523
0.760249938932565
0.760249938906523
0.760249938906523
