0.0
0.5323857558999039
0.0
0.0
0.0
0.0
0.26595843715644635
0.06617442836307899
0.2751569085462931
0.0
0.12523146387090034
0.0
0.86287553911374
0.0
0.0
0.2581188835519311
0.0
0.0
0.013533380465858204
0.5631227515307579
0.0
0.9850470614199954
0.0
0.8749917829461323
0.0
0.47027762108828575
0.0
0.801866553830285
0.0
0.0
0.7808252594322665
0.0
0.7012053335343028
0.5907179958055113
0.0
0.0
0.0
0.0
0.09440709434778685
0.12219047611408722
0.21604410450186787
0.0
0.0
0.4386467449529171
0.0
0.34492787493478055
0.0
0.18653218278569356
0.0
0.4563030485160822
0.8575481038494936
0.0
0.0
0.0
0.786764022419621
0.0
0.19749952829225678
0.26249323896349674
0.5461203688597784
0.0
0.0
0.0
0.0
0.0
0.6707028087876686
0.0
0.4860136307087641
0.0
0.7808220963757326
0.0
0.0542136354731486
0.020454157912685976
0.8422286867850568
0.0
0.0
0.0
0.0
0.0
0.8161456855068968
0.7511085298407074
0.19026972698668046
0.0
0.48277672732876253
0.0
0.299641041059714
0.0
0.0
0.37054338672529746
0.6183966759117234
0.0
0.0
0.0
0.0
0.0
0.0
0.0
0.0
0.7055912542785259
0.4873750951642115
0.0
0.48197202651870413
0.5276452933861119
0.0
0.7336084483511556
0.0
0.2384868717282089
0.7510676635933999
0.9297144908417202
0.0
0.9390129271554754
0.0
0.44190704813711124
0.0
0.8361434772174987
0.0
0.0894352363468554
0.0
0.0
0.0
0.7059497995870393
0.18177051022908156
0.0
0.24500330892363262
0.9534013306097254
0.6764614929201167
0.5286191768961606
0.0
0.2384178074293816
0.8591303323574783
0.0
0.0
0.7191358799214753
0.6415714824683136
0.0
0.781051254892415
0.0
0.2227924347376325
0.0
0.0
0.0
0.0
0.0
0.0
0.411071374530023
0.7277691493161612
0.0
0.7547898228332479
0.0
0.0
0.0
0.7776470052025372
0.0
0.0
0.3284105873924213
0.0
0.525980716410995
0.0
0.1794349717996474
0.32095755386674457
0.0
0.0
0.9985313308864174
0.0
0.0
0.0
0.0
0.6316709732063637
0.0
0.0
0.6356607331453826
0.0
0.8645996159568047
0.0
0.46383971550415837
0.0
0.06164147307374674
0.29191273514651506
0.024681569636270172
0.0
0.766194977073521
0.0
0.5553341435305678
0.06095877408130916
0.7588182344046832
0.6080816314450922
0.4687246463385006
0.0
0.12617928859339414
0.9049832920884362
0.0
0.3052021388086459
0.0
0.0
0.0
0.0
0.0
0.0
0.0
0.0
0.0
0.0
0.0
0.0
0.07754512463780582
0.19386823882927887
0.0
0.0
0.28474364641795463
0.7407742389560364
0.0
0.0
0.0
0.0
0.7514589475640707
0.0
0.0
0.8212775436142322
0.6676382074775876
0.0
0.5021711596897642
0.0
0.0
0.34702967258885287
0.0
0.0
0.0
0.33636799011074836
0.0
0.8835307411238859
0.0
0.9683990855681522
0.7242279909266572
0.10373876933283517
0.0
0.7352920582853534
0.9147032924393773
0.0
0.0
0.572159442073377
0.0
0.0
0.0
0.4095890622630125
0.39354689253744285
0.6921537644897957
0.0
0.0
0.8837032609413628
0.0
0.7733696378284964
0.32468997313001724
0.0
0.339530609061676
0.008675639861042632
0.053386203462446116
0.32734014975980347
0.0
0.22237872544695636
0.0
0.8556944071493123
0.09278193075078557
0.08570569102210639
0.0
0.4871432997847902
0.6841017947192839
0.3096916134422903
0.0
0.0
0.0
0.9017144914242718
0.0
0.0
0.3405465558452759
0.0
0.0
0.5305946027956135
0.0
0.9914448007384411
0.0
0.047310037259295494
0.16928025864441149
0.0
0.9181421609748533
0.7369647780970179
0.06652979959338741
0.32004768730528177
0.9181955118156756
0.4702510340207376
0.0
0.7710565615945638
0.0
0.0
0.0
0.8432881222393469
0.5317005677664957
0.38044184442306334
0.0
0.0685436891410167
0.30483719983066376
0.0
0.0
0.0
0.18537022351368596
0.7361867130165383
0.0
0.0
0.0
0.05772848875484959
0.005468665763043787
0.23943937561788267
0.0
0.3506906670419525
0.0
0.0
0.0
0.9018597200788984
0.0
0.0
0.0
0.36228057921584494
0.0
0.0
0.0
0.0
0.17386488720508866
0.07220788509004755
0.0
0.0
0.4089131883203936
0.0
0.19316124315536168
0.9949100573861689
0.0
0.0
0.5081035897298297
0.0
0.20095657880709186
0.9525770018330163
0.0
0.1954264277471088
0.7291944353023829
0.0
0.0
0.0
0.8425936307987872
0.0
0.46265996719170166
0.4169811524837767
0.0
0.0
0.0
0.44584150762472086
0.0
0.4379869237913946
0.31501196011721044
0.971316718529791
0.5387057333624006
0.0
0.1330730657140902
0.41958489709295443
0.0
0.13367434619579863
0.0
0.6891941768230498
0.22261541986948918
0.285940444130833
0.0
0.4305414369403569
0.0
0.0
0.0
0.41262977988436955
0.7479274223142198
0.0
0.0
0.0
0.0
0.6200064222475486
0.4635480858400428
0.0
0.17108954187632422
0.0
0.38436834742005194
0.0
0.0
0.0
0.3465819836431622
0.0
0.0
0.0
0.0
0.0
0.0
0.6196676760065131
0.0
0.5757728394308903
0.51819300923396
0.9176259445660218
0.0
0.38177784394793945
0.0
0.0
0.0
0.23800579278504294
0.047354996491631184
0.7624176904979391
0.0
0.9098513359581237
0.0
0.0
0.6474816052423396
0.01431527993862855
0.0
0.0
0.11488244640795593
0.0
0.0
0.5581391749357741
0.0
0.0
0.0
0.0
0.04025076517686481
0.0
0.4703551861708173
0.536340651941722
0.0
0.0
0.49190549135459066
0.003973420657245201
0.0
0.7222234357908247
0.0
0.5853175566106723
0.4614929398427686
0.7069348996386865
0.6662140778136986
0.4548871928627216
0.5947964041536739
0.9135837520810944
0.7314743091687816
0.2923440052658172
0.0
0.17257311361138852
0.0
0.892537129929806
0.0
0.0
0.0
0.0
0.0
0.0
0.0
0.011961558571861255
0.3378183917608814
0.937099185796667
0.0
0.0
0.14462882711767316
0.0
0.24255509994414554
0.2853817341180351
0.3683054403375138
0.9974286473852747
0.8666081014329498
0.8292374948163234
0.8422753439987224
0.0
0.9754524515379919
0.0
0.9809982842751894
0.0
0.0
0.0
0.0
0.0
0.0
0.0
0.0
0.0
0.08745174979446182
0.09895626707273054
0.23736634523574723
0.0
0.0
0.0
0.0
0.0
0.2100194388735473
0.3156642725249153
0.0
0.8625391857135701
0.0
0.0
0.8616251027053269
0.0
0.42473350350232214
0.3216596493317721
0.0
0.6280700820747364
0.0
0.0
0.4298618470894181
0.7977231640284398
0.0
0.5415441984998879
0.0
0.3010633581962607
0.0
0.0
0.0
0.750621163273533
0.6910184561292189
0.2998901219206837
0.0
0.7207225927950941
0.0
0.6768248922872149
0.0
0.6320486080365171
0.49891701257908555
0.5510379276304775
0.0
0.0
0.0
0.0
0.0
0.0
0.2383104856544515
0.5909984075594471
0.9068187265015311
0.0
0.0
0.0
0.0
0.2179919901254232
0.0
0.44195823793810796
0.0
0.0
0.03080817576696371
0.0
0.0
0.28636854543405
0.0
0.003397213825027419
0.0
0.2503971341917911
0.0
0.0
0.0
0.0
0.34121566318934293
0.0
0.0
0.0
0.9307971096322791
0.434169038420453
0.0
0.0
0.0
0.3816002342059306
0.0
0.0
0.40904430416567794
0.33505684579213
0.0
0.9160566986864338
0.0
0.0
0.3036571046740852
0.5680498309273572
0.0
0.0
0.0
0.0
0.0
0.0
0.7223950367471267
0.0703601375696551
0.7987447190295596
0.0753762824489936
0.0
0.0
0.0
0.0
0.4240167794053999
0.0
0.1875278067288802
0.16656220068235883
0.0
0.0
0.0
0.6915746573751529
0.0
0.0
0.0
0.0
0.8511336011403575
0.3493811972212549
0.0
0.0
0.0
0.0
0.0
0.03773304242506587
0.0
0.42666935031705955
0.0
0.4227966476777889
0.0
0.759772262213021
0.0
0.411237781750207
0.0
0.4908480458945479
0.2918515611261508
0.0
0.5722199025003224
0.8209805458812526
0.3061016535167019
0.0
0.813278609913214
0.0
0.5580097989854462
0.5757583660857816
0.0
0.15065971635798933
0.0
0.8619255746249943
0.0
0.1940445782643626
0.0
0.0
0.0
0.0
0.0
0.4472626830547487
0.0
0.0
0.0
0.0
0.0
0.0
0.8289242329062365
0.0
0.0
0.0
0.03556836189332403
0.6052912843427175
0.7170896869442048
0.387138060158624
0.0
0.0
0.0
0.9436433833447929
0.0
0.0
0.0
0.2542185537649294
0.49584833201562745
0.3551972961310164
0.37858077663791095
0.0
0.0
0.0
0.0
0.0
0.5667932035541753
0.0
0.7150260217054373
0.0
0.0
0.9521666922115717
0.9655754438764935
0.0
0.0
0.0
0.8322703247298444
0.3798224354189003
0.0
0.0
0.6042230594324928
0.0
0.0
0.5440315790123189
0.6292236073619242
0.0
0.6067361143897819
0.0
0.0
0.0
0.8963288420597512
0.24177558740266977
0.0
0.0
0.9092012586434736
0.0
0.3435881552257694
0.0
0.3948633482663205
0.0
0.0
0.0
0.0
0.6794095741724138
0.0
0.0
0.918548552490397
0.0
0.0
0.9881672624722787
0.5268543614993704
0.0
0.591487662995463
0.5629168303655926
0.4831827560002174
0.0
0.0
0.0
0.0
0.4067156391441761
0.0
0.29959032322806006
0.0
0.0
0.638192437107059
0.6560371121531032
0.0
0.020900520442108092
0.06452111820994777
0.0
0.5029395385129221
0.0
0.13267710346449163
0.0
0.0
0.483620251270984
0.0
0.0722238150771067
0.4816490333368956
0.0
0.0
0.8084536797161038
0.0
0.0
0.0
0.8600605913633022
0.0
0.0
0.0
0.8588447211658767
0.0
0.0
0.0
0.2956397735438888
0.7857171538160763
0.0
0.0
0.13248487245154367
0.0
0.0
0.6496922605874355
0.15932304578911605
0.0
0.8133535216354028
0.0
0.0532592486459272
0.0
0.0
0.0
0.8276455340081897
0.38989801188442746
0.48605053404888826
0.2545167554449717
0.13928422519972922
0.0
0.0
0.0
0.0
0.22818479053269308
0.3607759781130596
0.5598430647560234
0.7454422522406765
0.8886449950326398
0.5332228457882768
0.796657282686679
0.24187500064105621
0.0
0.0
0.18277861569952034
0.6834514649799719
0.9777617905037238
0.441335849020485
0.0
0.5471726884707748
0.0
0.9921959075320713
0.9389620185652248
0.0
0.09408726677160274
0.4940831553582032
0.3191155481220803
0.3160511241697375
0.5839821676829202
0.23877551535146788
0.36393378831042744
0.6526012353402294
0.10400832490496767
0.0
0.0
0.0
0.0
0.0
0.0
0.0
0.8288812447667407
0.0
0.9774146743416775
0.0
0.4266081922633075
0.0
0.0
0.0
0.0
0.656482733688289
0.0
0.0
0.11047961564679462
0.0
0.7462135076396125
0.35113813805278327
0.0
0.0
0.24228912279647413
0.26459021420137513
0.0
0.0
0.34453753198097636
0.0
0.8255266064575514
0.0
0.014651653270788732
0.057382374765510225
0.0
0.0
0.0
0.4137484565422296
0.0
0.1914985876039792
0.9098526472947327
0.0
0.0
0.6013805668359289
0.5502208124967968
0.0
0.060394399180085885
0.0
0.6745309419045228
0.6215139718000695
0.0
0.0
0.916694960063109
0.0
0.36125334205736576
0.7168585032871857
0.0
0.0
0.0
0.0
0.37264084624600796
0.0
0.1268751808962609
0.0
0.7091945130536048
0.0
0.21378291577344405
0.6684835362213745
0.0
0.0
0.0
0.052054886489614836
0.0
0.0
0.0
0.0
0.5899824125756783
0.0
0.0
0.8662811440076812
0.0
0.8173633565148879
0.672485307882036
0.9058425816070516
0.5400033551587247
0.0
0.0
0.0
0.9831389679765352
0.16458876882702586
0.0
0.0
0.0
0.2415040092185525
0.9346565371809459
0.0
0.0
0.0
0.41337167890500537
0.0
0.7435066129038372
0.0
0.9447248098843282
0.34600773016093794
0.0
0.0
0.7824610394785008
0.4453247990934663
0.3157589304517029
0.9289428520812651
0.5722340059727764
0.691234293306336
0.0
0.9510556866709362
0.0
0.4565781211981241
0.8194938142341509
0.0
0.43876879125398427
0.13353914582391185
0.26206620719390333
0.0
0.57254867076528
0.0
0.0
0.0
0.0455320100559825
0.0
0.9384257746914467
0.0
0.0
0.6919776344737425
0.049899006616530454
0.0
0.5194365736206928
0.8083574953471276
0.2510610650062178
0.0
0.0
0.0
0.0
0.23174138153589738
0.0
0.9938571924892515
0.49605320234854766
0.0
0.09593290396870453
0.7522733650608587
0.0
0.0
0.0
0.0
0.9339510303225842
0.0
0.4698780526510438
0.19203298575139055
0.0
0.0
0.06990487366551634
0.0
0.4499068080701036
0.0
0.5795067819517713
0.5956708128182568
0.0
0.0
0.9444166644033436
0.0
0.7558267029005076
0.29776566551465966
0.0
0.11311487550825722
0.0
0.6946677126290798
0.0
0.0
0.9182329929756436
0.2802028834907739
0.3934341496633366
0.0
0.0
0.0
0.0
0.0
0.0
0.0
0.0
0.2297432594645412
0.3518815155824542
0.0
0.0
0.05886243176341125
0.0
0.0
0.41122022926600693
0.0
0.0
0.0
0.0
0.4424700362801909
0.0
0.6366134076897785
0.5633238402979348
0.8104850821447794
0.0
0.0
0.19254715054023636
0.863661957793359
0.0
0.0
0.7114931069076005
0.0
0.6214566043646339
0.27503430888501523
0.8602045770745759
0.0
0.0
0.05122005361972745
0.7831521798259766
0.0
0.0
0.0
0.0
0.17559041429649555
0.6179456039789394
0.0
0.0
0.0
0.0
0.0
0.15635809749822643
0.0
0.8492018861510967
0.6871229766809267
0.21567109198484777
0.0
0.0
0.0
0.0
0.8927567894493338
0.0
0.0
0.0
0.0
0.0
0.0
0.0
0.0
0.40777754470218547
0.0
0.0
0.0
0.0
0.0
0.1521939869900453
0.0
0.0
0.584457415743506
0.887548212944158
0.0
0.0
0.0
0.6085848429675385
0.0
0.0
0.1096820409490944
0.0
0.1777817123387069
0.0
0.16911684752402478
0.28540342268662594
0.024077115693208098
0.0
0.6147775395449722
0.0
0.5901224532014323
0.9619670966068904
0.0
0.8445608039391955
0.34146353108082844
0.0
0.5632794645003253
0.0
0.17761926803119762
0.0
0.84074866004225
0.9758989771186781
0.0
0.0
0.0381769132989352
0.0
0.0
0.519890302452359
0.0
0.0
0.0
0.0
0.0
0.020578286318181867
0.0
0.0
0.408403838696355
0.0
0.9942469193252703
0.0
0.9407776335715102
0.0
0.0
0.0
0.2350657752359633
0.0
0.9468425179257706
0.0
0.8881465389697101
0.0
0.0
0.0
0.0
0.0
0.12214798577196834
0.0
0.0
0.9673078232903243
0.0
0.23340176662758738
0.6412376673418162
0.0
0.23058168532252563
0.0
0.891751837593727
0.0
0.0
0.0
0.44355153380058143
0.0
0.0
0.0
0.0
0.07040636803424985
0.09008852316922615
0.0
0.24367047758116506
0.4396519830607993
0.8815238509314302
0.9819650825810743
0.0
0.0
0.7716720250897202
0.0
0.198939809965496
0.0
0.35676150960825115
0.0
0.0
0.5503641640664393
0.0
0.0
0.21443004472779387
0.0
0.0
0.11087535245561353
0.0
0.9942652997043416
0.0
0.2771887825404002
0.3894525915243053
0.5089883606687706
0.1704251794463583
0.9356551658014943
0.8251433999757782
0.0
0.5855254122160624
0.0
0.8959174487564829
0.4711080264666809
0.0
0.0
0.0
0.12426206646857627
0.0
0.0
0.07505864606628095
0.7479032748483069
0.8151535095420434
0.0
0.0
0.0
0.9288894169370289
0.559004563330196
0.031372945576955816
0.8810416662034761
0.0
0.0
0.0
0.9533181158975428
0.4050255269442217
0.5558213578455864
0.40686041050855126
0.6242344687892369
0.0
0.0
0.0
0.04228058429495179
0.0
0.35169940037140374
0.0
0.0
0.9940811302508171
0.0
0.0
0.0
0.0
0.1854166138092184
0.3662683243947211
0.0
0.0
0.0
0.0
0.0
0.2471169698107812
0.0
0.0
0.0
0.0
0.7829836993793682
0.0
0.46388844478392
0.0
0.10893736795701722
0.9474187011702697
0.0
0.21388301446780245
0.0
0.0
0.8287979850507109
0.8169182798075812
0.0
0.8143505620889285
0.9087396324573991
0.0
0.5118931758299343
0.5500716271117713
0.0
0.0016427101321779365
0.6157657939828305
0.0
0.0
0.13296408035867577
0.5974880348475553
0.0
0.0
0.0
0.0
0.0
0.2486146189557773
0.0
0.0
0.0
0.36013864448739824
0.8317988784847435
0.0
0.27315141141012594
0.0
0.8009464436833854
0.804497891413698
0.0
0.0
0.0
0.5549619583672875
0.0
0.6971691742162235
0.16950182059292593
0.0
0.05422537768802014
0.02583933265537445
0.0
0.0
0.0
0.0
0.0
0.4453734434752841
0.0
0.0
0.9050863762369542
0.0
0.11136319978985455
0.0
0.0
0.0
0.0
0.0
0.9437142274174828
0.1479131640579806
0.0
0.0
0.0
0.0
0.0
0.03645316689376538
0.0
0.43558031798457514
0.0
0.7171755554971391
0.8116469319437859
0.0
0.0
0.0
0.0
0.3939721785109751
0.0
0.25359627267526114
0.0
0.0
0.0
0.0
0.0
0.5900197777838938
0.0
0.0
0.405962170538964
0.0
0.0
0.31664903711013404
0.0
0.0
0.0
0.8013146950224497
0.0
0.0
0.0
0.1414904671428416
0.0
0.0
0.0082715941610469
0.6269228398638362
0.0
0.40229443999019254
0.5777023379790008
0.0
0.0
0.0
0.0
0.0
0.0
0.9102298637371662
0.0
0.19673038734214215
0.0
0.0
0.3389181747223284
0.0
0.6232440485174281
0.8935358097451365
0.7695274902713682
0.0
0.0
0.466053764778108
0.9795764488662279
0.0
0.3218343333769434
0.06999533922222168
0.0
0.0
0.0
0.9623039222193028
0.0
0.33390626224150705
0.0
0.0
0.9749217076821567
0.0
0.0
0.0
0.9352991486048523
0.0
0.0
0.9457389607271622
0.020364977171942734
0.0
0.0
0.0
0.0
0.10197548648354508
0.0
0.0
0.0
0.0
0.02865586406347
0.0
0.4517992678293904
0.0
0.4098298925277586
0.0
0.6453571110084699
0.0
0.684961899436668
0.0
0.0
0.5584753913136378
0.0
0.0
0.0
0.30073214273454774
0.0
0.8934718689007954
0.0
0.05741553654180308
0.0
0.0
0.0
0.44481912519086575
0.0
0.043440770183508205
0.11435970852524213
0.6177284536097016
0.0
0.0
0.0
0.8445697119073411
0.7689423686365219
0.0
0.0
0.0
0.0
0.0
0.9335904775741031
0.0
0.03251610939422941
0.3290634153523633
0.41416048586627185
0.6524368089833664
0.0
0.0
0.0
0.0
0.0
0.0
0.47025740486054296
0.0
0.0
0.0
0.7599107683019959
0.11770805559453881
0.20261526081254166
0.3059237404109024
0.0
0.7569207550088896
0.38241129666074997
0.3501338171718017
0.0
0.3974408599983643
0.0
0.3660632416291716
0.0
0.0
0.0
0.0
0.0
0.4152224905616428
0.23258083739180685
0.9475189061368384
0.501269679114665
0.0
0.0
0.0
0.9706139454871406
0.0
0.0
0.0
0.5798608712940477
0.0
0.0
0.0
0.0
0.9081564657666789
0.0
0.9285390487972868
0.0
0.0
0.0
0.0
0.0
0.30220621036385675
0.0
0.3685737746202331
0.8605208396302783
0.7670050494820496
0.0
0.6399438966061712
0.1226425958459707
0.006092244611034518
0.9775412533411747
0.24888230129302039
0.9289360422149
0.0
0.0
0.0
0.0
0.37682167341383066
0.0
0.0
0.0
0.0
0.0
0.0
0.0
0.11358448916425647
0.5846433079809148
0.8538254151669049
0.0
0.5814226084267768
0.9958404865253939
0.13864918733867312
0.0
0.6379909041643416
0.0
0.9619790049351887
0.0
0.6167706993199898
0.26661255898000324
0.9094900066744057
0.15991320687208066
0.16348467452278473
0.7760030118618054
0.0
0.6455472028621002
0.0
0.0
0.0
0.5364668394837735
0.7665755624836196
0.7620438094524868
0.0
0.16339819582727763
0.77980253890597
0.0
0.058192152503379564
0.0
0.010790860474316955
0.1107509099179538
0.22549113913390603
0.0
0.39762305398414016
0.0
0.0
0.934639763464049
0.748159698492355
0.07094924952970019
0.2035543108659093
0.8437036735324944
0.29682814406765856
0.0
0.0
0.28843473736674297
0.0
0.0
0.535147462910598
0.0
0.0
0.0
0.0
0.0
0.05198726459247948
0.8492854878182289
0.0
0.0
0.02244805055259731
0.5147531972370798
0.0
0.0
0.08138351342871702
0.045532280729355536
0.0
0.0
0.0
0.0
0.0
0.0
0.33464380765332413
0.0
0.5112523409292067
0.19186195273257628
0.0
0.0
0.0
0.9292527783897062
0.0
0.0
0.8371613752244446
0.0
0.0
0.0
0.34016212039514254
0.3415167784159185
0.0
0.0
0.0
0.0
0.22620504234028938
0.22744139671957564
0.0
0.5706643573500296
0.0
0.0
0.0
0.0
0.0
0.0
0.0
0.4649304834888323
0.0
0.0
0.9667439149687377
0.0
0.5433496391055439
0.5355713240303001
0.8390827752429628
0.0
0.0
0.040489014881427955
0.7823039040319322
0.8213540316814848
0.4093070030754156
0.0
0.0
0.6921454202544083
0.36377866319668645
0.3283982362818166
0.3415921830682343
0.0
0.41540669937083424
0.0
0.40197262135440215
0.0
0.8833494434818102
0.0
0.807918033271196
0.7481934301608664
0.0
0.2018895125295228
0.0
0.0
0.0
0.0
0.0
0.0
0.11561400392914886
0.8791696461609166
0.0
0.0
0.14926200938967668
0.0
0.25440328306556687
0.0
0.0
0.0
0.0
0.2536207437819673
0.6800285115023441
0.40700930001236774
0.539637011890225
0.0
0.0
0.0
0.17379556308920754
0.0
0.783270248916025
0.0
0.0
0.3597021202491362
0.02863476877944696
0.0
0.3402387474238991
0.09888639498005121
0.6136930116720195
0.0
0.3987939006789813
0.0
0.2619930482213072
0.0
0.2291807634060074
0.21567159881120307
0.13517831719478945
0.12474701807389453
0.6523017132178892
0.0
0.0
0.6841108383310092
0.0
0.0
0.0
0.0
0.5915423795898106
0.0
0.18784468660648132
0.0
0.0
0.0
0.17318092930971674
0.0
0.3838245189342625
0.004050100375575862
0.9316225952793641
0.3856290949077077
0.8414309834650909
0.700115085518181
0.703702111533303
0.0
0.0
0.0
0.0
0.0
0.3805736832488054
0.0
0.0
0.4403952045669821
0.0
0.0
0.0
0.0
0.640263713497942
0.7134556617578848
0.8914513464824418
0.0
0.0
0.4020014542246502
0.62066698085465
0.0
0.9427751855946915
0.0
0.0
0.033478800530808546
0.0
0.0
0.8618215957537458
0.0
0.7505520992876842
0.0
0.0
0.0
0.0
0.0
0.0
0.7309521937985956
0.0
0.04031113893987858
0.0
0.0
0.3199738357740225
0.8055881791312772
0.6044619515042273
0.16504749384652934
0.0
0.1848457377516074
0.0
0.4427899130515687
0.7013544042767618
0.4744604725729051
0.0645525446395647
0.6245537534531842
0.0
0.0
0.0
0.6645119531956267
0.0
0.0
0.7232484974095535
0.0
0.0
0.7391450151144869
0.3534035142849468
0.0
0.26264780684892264
0.0
0.0
0.9759626344987569
0.0
0.0
0.0
0.29472195907102594
0.0
0.0
0.0
0.6313588298548404
0.662238096559714
0.17436009468488864
0.0
0.9654587774377922
0.0
0.0
0.15043297623298857
0.2259818735685584
0.004222350903684706
0.0
0.0
0.0
0.04906550814984989
0.060667827834120995
0.0
0.7270464130328499
0.0
0.10142461274356634
0.39622183571093766
0.32162815463453936
0.0
0.7476145490734025
0.434392715349037
0.7350269979908939
0.6854557565857827
0.5417026248858215
0.0
0.8539484464920954
0.0
0.9023340560153826
0.0
0.7318759973258734
0.0
0.0
0.0
0.0
0.0
0.0
0.0
0.0
0.037475625047757005
0.0
0.4576657745373222
0.7492708873886064
0.05464091641400241
0.6477479083831966
0.902523545704025
0.11184473177029647
0.0
0.631231973351148
0.8971266652743344
0.8118426128087937
0.0
0.0
0.6673540587475751
0.0
0.09805996808319527
0.14511928065387936
0.0
0.6511255737529843
0.0
0.2538775771671097
0.5980350286448449
0.0
0.0
0.6343918304962031
0.0
0.49552504135138165
0.0
0.010285796255543139
0.0
0.0
0.035504108949532424
0.0
0.44835435291257997
0.0
0.0
0.0
0.0
0.15158696329361815
0.0
0.0
0.6125499495851181
0.2535990580900727
0.0
0.7571377029644002
0.0
0.0
0.12607652631389543
0.0
0.694019275118032
0.0
0.0
0.0
0.0
0.0
0.22651476660205214
0.7077996174884432
0.0
0.9662762892195839
0.0
0.0
0.2055180436856078
0.0
0.0
0.0
0.0
0.0
0.0
0.6585009617352068
0.42377208517765735
0.0
0.41549978681566313
0.020011924526743767
0.7557641955120912
0.0
0.0
0.0
0.1035360707535867
0.0
0.0635061165675469
0.5750149327966066
0.0
0.0
0.8786468641419221
0.038317105348463734
0.0
0.0
0.24172318985108865
0.0
0.0
0.5415792233763975
0.8318198157960996
0.18760756996626302
0.0
0.5946621134420136
0.0
0.5587618780428548
0.5772252323603895
0.0
0.656041127036727
0.0
0.0
0.2490656878548443
0.4027177682422075
0.1535659927082991
0.0
0.0
0.06343854872619789
0.0
0.309700559391675
0.6585918834512738
0.0
0.05390986082622697
0.975995972379787
0.9588151537399958
0.0
0.6529338351404709
0.6145359201139308
0.0
0.0
0.0
0.0
0.0
0.5849424458872858
0.0
0.06926983904474174
0.6913616132376977
0.2535684243028788
0.10842140614189623
0.0
0.0
0.0
0.0
0.7095934462550313
0.0
0.7141732249162082
0.0
0.7324199015346055
0.6859152888963479
0.7261328065557855
0.0
0.0
0.0
0.0
0.14270756295248951
0.2798040805903401
0.7330554331408199
0.470963637195125
0.7174863393471377
0.0
0.8342244950980391
0.0
0.0
0.3823398209003728
0.0
0.0
0.0
0.0
0.0
0.44952124444634894
0.0
0.0
0.07277313922264478
0.0
0.0
0.0019395563000527175
0.0
0.7260281981527655
0.4353641745047504
0.7882211457208229
0.0
0.0
0.28015998889879296
0.0
0.010181886938908763
0.8879945304883009
0.0
0.4388875070431077
0.0
0.0
0.9575163037662315
0.5362652124087932
0.0
0.6119634992601841
0.48887129607226026
0.0
0.0
0.0
0.0
0.19192680122268432
0.013511970339863611
0.0
0.46393063185682554
0.45799093177856887
0.0
0.643969301328389
0.1707589525382502
0.18072870781711234
0.0
0.0
0.0
0.5661950513353408
0.0
0.0
0.0
0.28177845820147196
0.2098733637539668
0.03911516063829523
0.7653440032406859
0.49957385464859694
0.7121395587012682
0.187464288936367
0.0
0.0
0.0
0.028287467989375474
0.0
0.7355203002438755
0.0
0.0
0.24227944385723832
0.0
0.0
0.0
0.7169980196723682
0.0
0.9198606257464822
0.7950899555005636
0.6459561418339952
0.5781798816852278
0.0
0.0
0.0
0.0
0.0
0.0
0.0
0.09629628562179839
0.0
0.8046626751277807
0.9409899915919709
0.6234139685564308
0.6516143839451939
0.07490397351554728
0.0
0.678945601870761
0.0
0.31978521888903527
0.685821642197978
0.0
0.8599796787516918
0.1901054635901473
0.0
0.595093017602577
0.0
0.0
0.0
0.0
0.908629649459085
0.0
0.0
0.9032860155940959
0.0
0.7471423479384081
0.0
0.0
0.0
0.0
0.4382443850105857
0.0
0.8335609761809367
0.4540657282657855
0.3989908418151045
0.0
0.0
0.0
0.0
0.0
0.0
0.0
0.6044455819958126
0.3011376636386891
0.0
0.21773969867339105
0.4240803395515225
0.0
0.4859709063651626
0.0
0.0
0.0
0.19307525634281972
0.0
0.7251029859921233
0.0
0.929219375977078
0.0
0.0
0.11515531783981985
0.0
0.013177041841925726
0.7768803325022056
0.7444779372700125
0.6362298202107557
0.8804687811274767
0.0
0.3771366164907208
0.0
0.0
0.29586804423229135
0.0
0.47606075931356506
0.6412270857816079
0.0
0.035077357140962086
0.4579268929276554
0.0
0.11088160558597492
0.0
0.0
0.0
0.3086569570202265
0.0
0.13861919286838098
0.0
0.6484771813596089
0.0
0.0
0.4682153939655964
0.9083014054755354
0.0
0.0
0.0
0.0
0.03873358305571217
0.0
0.0
0.0
0.4589568245802534
0.0
0.0
0.09941439057948238
0.7279746677984081
0.0
0.5787472995767339
0.0
0.30278634436137586
0.8115058181366923
0.0
0.0
0.260957464543371
0.9076610271267929
0.22476891188320658
0.0
0.1656300947049815
0.0
0.0
0.0
0.9091141227282714
0.7859558050232642
0.7118359213603419
0.3361549327486694
0.7345570017526998
0.595655684919189
0.855849460881696
0.0
0.0
0.0
0.0
0.0
0.2700781944415243
0.6529464135973673
0.0
0.844482072579305
0.0
0.21651669667522758
0.7889591388107728
0.16795474183646175
0.20664798068050855
0.0
0.0
0.0
0.0
0.129176222857493
0.0
0.0
0.0
0.0
0.0
0.0
0.0
0.2756744995581363
0.0
0.3706555150785898
0.3721266907830718
0.0
0.12751459580693716
0.02971894989637109
0.0
0.8571251239973343
0.5099065521956051
0.6716150566090802
0.0
0.0
0.0
0.35778024669357666
0.15076273244119742
0.3659729256025341
0.0
0.0
0.2784532331053418
0.717235442886982
0.7819859842978704
0.0
0.36896483338047353
0.16298854539092722
0.6086459327308897
0.0
0.0
0.0
0.676715230702687
0.0
0.0
0.5150721687338263
0.6874512938191321
0.013870029448003642
0.2582016554263034
0.0
0.8878540869993333
0.0
0.5940960643175697
0.0
0.0
0.0
0.7942153319874476
0.0
0.49621222246725616
0.9835723891424972
0.0
0.0
0.0
0.0
0.5385257007733391
0.0
0.0
0.0
0.0
0.39235225350477393
0.0
0.0
0.0
0.0
0.0
0.0
0.0
0.0
0.6127277516211177
0.0
0.0
0.09810488974994842
0.38336174653350574
0.0
0.2816728152713782
0.47285659423728016
0.4651447342573316
0.5826224807653211
0.0
0.0
0.033045749733708774
0.0
0.9539902098874318
0.10889815736894787
0.45112467080318375
0.2727796997494219
0.3846327917845891
0.6055150949574825
0.3474585422497719
0.0
0.8228330588641705
0.0
0.597981758283872
0.0
0.7761517728207386
0.05785760357478196
0.23620280513071462
0.8919917453081748
0.0
0.0
0.0
0.2892999552160747
0.0
0.0
0.0
0.8699604522047345
0.0
0.0
0.0
0.0
0.0
0.5302898109967263
0.0
0.0
0.0
0.38807044627613513
0.9090898066913587
0.016726019845891428
0.0
0.0
0.93245435177023
0.7724511766158114
0.9634263171717995
0.0
0.0
0.8477505809811209
0.7102847625406665
0.0
0.0
0.5397407418120893
0.9653958121628375
0.7194401711895092
0.401680098936047
0.6706429611651207
0.28996209214245733
0.0
0.39728272173250767
0.0
0.0
0.3962957653166114
0.0
0.37176899203213104
0.0
0.0
0.426675370865252
0.0
0.5849883193223074
0.9727795993034746
0.5109652820742283
0.14009499594171365
0.0
0.9250177867200988
0.0
0.0
0.0
0.0
0.32527789236617666
0.0
0.0
0.5361506190779227
0.0
0.0
0.0
0.0
0.29198155937942916
0.0
0.46571755615039384
0.21091045837669256
0.0
0.7281088882094333
0.0
0.0
0.2670062106544599
0.0
0.0
0.0
0.4697264280228117
0.3024295516667634
0.0
0.0
0.17312420498240455
0.7744255121810366
0.0
0.6110619425171335
0.0
0.0
0.847007350403382
0.13711077600887633
0.3273886880369495
0.0
0.0
0.8030802003356391
0.9960913166564194
0.0
0.006710193152405769
0.0
0.0
0.729861592687649
0.8740753095454263
0.26168934667864263
0.18792818826050042
0.9285741271163442
0.0
0.0
0.00997632794081662
0.0
0.0
0.0
0.40213511607316993
0.43285333675720156
0.0
0.0
0.33738767687489357
0.1864027494362126
0.0
0.6889956274187948
0.8103553492435812
0.646939890347287
0.0
0.053258053834539444
0.274055938605275
0.0
0.6948406570623096
0.9395866038453977
0.0
0.2675288940086364
0.2363971903841554
0.6326552581456485
0.0
0.08966642307989195
0.7321367793431284
0.0
0.0
0.0
0.23493036242090054
0.9984716335627986
0.8517654630296325
0.0
0.4450620086662162
0.0
0.0
0.7161947261115555
0.9695009257188545
0.15019194412550715
0.0
0.7053213355382283
0.0
0.0
0.0
0.3328231223291022
0.0
0.6849680645242482
0.850725823934413
0.0
0.0
0.3651568372230096
0.9803340555042661
0.8650584686401761
0.0
0.0
0.5609606201235682
0.10452273624039683
0.9849185975288014
0.2787236859709608
0.0
0.9224588213338477
0.0
0.0
0.19696344855793796
0.0
0.22990355799510803
0.9214906894393788
0.7198658904781886
0.29336350192744826
0.5905745850253836
0.7058450338697485
0.0
0.0
0.33266728669066736
0.0
0.664826371096714
0.6750290095363644
0.039468106676794575
0.0
0.9080025793057458
0.0
0.0
0.9221523839271892
0.0
0.37473546891690207
0.0
0.049068175292958094
0.0
0.0
0.23035737168780188
0.2823034366039303
0.0
0.2769779458973556
0.31475847701369086
0.02444531088974694
0.0
0.0
0.0
0.0
0.40361563420864055
0.21510466241946288
0.0
0.0
0.0
0.0
0.15154595894457368
0.0
0.0
0.11518411905888078
0.0
0.0
0.5556687017373487
0.05769187423217111
0.0
0.0
0.0
0.3422823520865304
0.0
0.8187497677842104
0.26773862307406854
0.0
0.0
0.0
0.6834041285879424
0.5213147742202011
0.0
0.3015260981415882
0.0
0.8338465606765461
0.3685276727387688
0.37775818946036904
0.45679041568550666
0.7602392612198137
0.0
0.9035399311432628
0.0
0.0
0.0
0.6903058248873148
0.0
0.0
0.2353046405435906
0.9723668817764126
0.0
0.0
0.0
0.0
0.0
0.0
0.0
0.0
0.17278301585164324
0.0
0.0
0.0
0.4782015295747158
0.0
0.0
0.6549543863131662
0.0
0.0
0.0
0.5592226471271862
0.0
0.8877760638946135
0.0
0.3135950156020089
0.11886032718300589
0.5294373599883444
0.03883191344238278
0.0
0.0
0.0
0.4995972690664958
0.04679828697369732
0.4342537364219209
0.4992236886222124
0.0
0.0
0.0
0.0
0.0
0.0
0.591335019089254
0.6598285615784965
0.7046794187585539
0.5321567285307743
0.5613035306889591
0.0
0.430354868776536
0.8777629142043025
0.5381340745446695
0.0
0.0
0.8852297609276627
0.0
0.0
0.5287525206406819
0.7319950952932649
0.0
0.3313352041440085
0.0
0.0
0.0
0.9223979409374773
0.0
0.0
0.0
0.0
0.7106347845705183
0.6321510472359306
0.0
0.0
0.0
0.6218845719994651
0.0
0.0
0.0
0.23441159259598382
0.0
0.4000070226826207
0.0
0.9193359796984303
0.0
0.0
0.0
0.0
0.1906291756919527
0.37157366952274123
0.0
0.39781063142995937
0.4305850602408685
0.0
0.2618878465821542
0.0
0.12262831653807114
0.0
0.10810452656079124
0.0
0.4563748910450237
0.0
0.49766822805629596
0.0
0.6794150520895613
0.5282042199022422
0.0
0.0
0.44558817250683697
0.0
0.0
0.9908938038999361
0.3185497212664025
0.0
0.13519439027304758
0.0
0.0
0.4585240386073457
0.0
0.6023622460175455
0.0
0.16518593906059517
0.0
0.0
0.0
0.4422640358441182
0.0
0.0
0.0
0.0
0.0
0.0
0.0
0.45167621421698934
0.839775595390106
0.0
0.923240485092208
0.4750436493484701
0.7746915751296125
0.0
0.7851165227314116
0.0
0.0
0.0
0.8127545821740078
0.0
0.0
0.12802630673830911
0.7701409248399331
0.0
0.0
0.0
0.0
0.03526020963263129
0.0
0.0
0.0
0.7231527176093774
0.0
0.6400159140253558
0.0
0.0
0.0
0.0
0.0
0.23414668432520172
0.27498491308376705
0.0
0.0
0.0
0.0
0.31403935300222147
0.0
0.7334480210149624
0.25539741503598384
0.05875978941841212
0.24358764664626026
0.22103453344350496
0.8370247356772925
0.639213377878801
0.0
0.7835870498039208
0.0
0.5787552415788253
0.0
0.0
0.5887115743294792
0.3593408672678341
0.0
0.817895058684664
0.8471749216121748
0.06797328162172799
0.0
0.6715345569466142
0.6131514331667042
0.6970723185878633
0.0
0.8546583772081849
0.0
0.0
0.0
0.0
0.7043991107903518
0.0
0.0
0.0
0.9208801770838396
0.5228663359193277
0.0
0.8902892112134525
0.0
0.4344282389000424
0.06594227236683248
0.32434592629862635
0.005736223479528776
0.0
0.0
0.0
0.5895446876899878
0.0
0.56918578682712
0.9716330884149325
0.0
0.5027371998224174
0.2684250010435756
0.0
0.41058023060886967
0.0
0.0
0.0
0.0
0.0
0.6990044156840458
0.0
0.0
0.0
0.5896000565078374
0.8256397273893942
0.4297398006662715
0.0
0.5060316183326407
0.666446420691833
0.0
0.05849222067599494
0.0
0.2317896887375801
0.0
0.010212654633791386
0.0
0.0
0.0
0.0
0.4320326573265256
0.0
0.0
0.0
0.0
0.0
0.0
0.8453092508631913
0.0
0.8020386907099036
0.2975277931378464
0.0
0.0
0.346121750566767
0.0
0.8894458611010985
0.08465264469437023
0.24405812014119757
0.23956462785764548
0.0
0.0
0.3340161763894886
0.0
0.0
0.09445058047621491
0.0
0.0
0.0
0.0
0.0
0.0
0.0
0.17444243071583102
0.0
0.5234356047465342
0.0
0.7929121192602973
0.0
0.8354068623043182
0.7219369771472917
0.0
0.5980457059472349
0.0
0.9608909148864422
0.0
0.1411396874987204
0.4390240242664268
0.3344930148688215
0.8680278920746715
0.7767260077532204
0.7278765078770422
0.7025343122998882
0.0
0.0
0.35249294108486856
0.24318476659292196
0.0
0.43037155373073394
0.6303281752152257
0.0
0.04143930479181089
0.72114021710225
0.7063446600455215
0.9801983495988423
0.0
0.0
0.0
0.0
0.1357780885769376
0.0
0.0
0.0
0.4919115755178807
0.6501750587807233
0.8988967370476603
0.2387230164148795
0.93537147836725
0.0
0.020015655109555403
0.0
0.2699685313274978
0.0
0.0
0.0
0.5091650604557644
0.8090984799035433
0.0
0.0
0.0
0.9892229076006755
0.0
0.4840624937823611
0.47148689666772936
0.0
0.0
0.9764598994914907
0.41023365355130337
0.10471942729368325
0.19054849424510356
0.3457141081425275
0.0
0.0
0.6999236171449282
0.0
0.0
0.36098157718477686
0.32002382055709727
0.0
0.07711279959407481
0.27793520825978796
0.6463644849997565
0.0
0.6208834555841458
0.3255828113529131
0.8453191728276672
0.9957852054305422
0.0
0.189513598208724
0.0
0.9866482968403031
0.0
0.0
0.3229635042924647
0.0
0.0
0.620089692673883
0.6605894703250533
0.0
0.0
0.45729940084197235
0.3870773797950003
0.656134327139617
0.9822500123214
0.4155150600658422
0.0
0.7924407254278859
0.0
0.5203799580474634
0.06796782442971007
0.0
0.0
0.2529255696930637
0.0
0.0
0.4148286912400124
0.0
0.0
0.0
0.0
0.664393122558878
0.0
0.7050463139177761
0.0
0.0
0.0
0.0
0.18062003054346903
0.639539939841246
0.32770408261090667
0.0
0.0
0.0
0.5904477340365193
0.0491387560602589
0.0
0.0
0.0
0.0
0.0
0.8672180811029158
0.31983674672957535
0.044903497250266024
0.9209140796895197
0.0
0.0
0.0
0.3320371237651931
0.8630098278419569
0.0
0.496649765768925
0.0
0.0
0.0
0.3290898225278418
0.0
0.0
0.90922863485465
0.9722118087703562
0.21143373935398696
0.0
0.21326554915653256
0.0
0.0
0.0
0.0
0.3752562893817203
0.2566055035458633
0.0
0.16146625828541653
0.9113421519025595
0.0
0.4186430550868875
0.6812778410244494
0.0
0.6386088971642983
0.0
0.9877290936214207
0.0
0.0
0.42962564141417436
0.0
0.0
0.18957784005744707
0.0
0.0
0.0
0.505226384745574
0.18713595291367643
0.15619113547759716
0.0
0.7051832322994286
0.0
0.0
0.013563000368856255
0.0
0.5250458510639484
0.9524703974448976
0.0
0.4446849352517906
0.7809558913853946
0.0
0.0
0.1262507354354817
0.0
0.0
0.0
0.04077793925231468
0.7882668475419065
0.13004492712319674
0.0
0.0
0.0
0.0
0.7357284277127591
0.0
0.0
0.968752275402656
0.0
0.478262161808947
0.0
0.30638374572347266
0.935902415581956
0.7254685450802796
0.6659756642531963
0.0
0.0
0.0
0.0
0.03830733327198489
0.0
0.17236173719613124
0.7095867266987766
0.35962574567088906
0.30898305175479357
0.8320963597374952
0.7231252598003036
0.0
0.33298606571721384
0.9214779906388648
0.0
0.0
0.8551714445240619
0.21379852491442938
0.0
0.8241354853593799
0.7817805090107202
0.28591562020430167
0.0
0.0
0.0
0.6756080753559588
0.7425388237689288
0.0
0.1098583952672002
0.9712273685361629
0.4769676477172032
0.0
0.2576011238999764
0.0
0.8647071763003547
0.0
0.004625531533182055
0.0
0.35566343934224753
0.0
0.8160323721614332
0.0
0.5766755139413918
0.019702560655484258
0.0
0.0
0.0
0.4665784078940203
0.6768290656383491
0.0
0.53261302339603
0.0
0.0
0.0
0.05459039560790395
0.0
0.0
0.2454902566550335
0.0
0.9793221105786302
0.37674631229726147
0.0
0.0
0.6282139233716794
0.0
0.0
0.6860020950851541
0.0
0.20462579945671752
0.0
0.5604448862155823
0.5074789288408819
0.7132027856230515
0.0
0.12403183815321009
0.0
0.0
0.407095886247087
0.7189207499107136
0.28943188966545724
0.10735167898110143
0.09489326425541346
0.0
0.0
0.6340935156927003
0.0
0.0
0.24060788597175536
0.0
0.6486498230103728
0.26339476805465983
0.0
0.41592928874271873
0.0
0.0
0.46203255759499134
0.0
0.0
0.021272490226457552
0.03985322041822494
0.8114265972370723
0.43792729741856484
0.0
0.41261953527314565
0.0
0.4102416437964401
0.0
0.6518799696630178
0.0
0.8982813372515996
0.0339765729627781
0.10156885563194558
0.0
0.0
0.20903191220941875
0.6153097291660906
0.9352736995057032
0.07530827687220161
0.0
0.0
0.0
0.0
0.0
0.7810375291945785
0.0
0.3749402597221023
0.07689607074075017
0.2108568873609723
0.3539992746149651
0.0
0.12667256672345775
0.9947860946812315
0.0
0.0
0.0
0.19480533636416514
0.4356361992789821
0.0
0.1457889499259509
0.0
0.0
0.0
0.0
0.0
0.0
0.08809072871485592
0.7678050571782737
0.0
0.0
0.0
0.7039197086164901
0.7579549987727907
0.0
0.0
0.5175555259025868
0.17699144457428
0.24780129009602087
0.5827141113278033
0.0
0.0
0.6652105860162277
0.5556349190394272
0.0
0.7233794806115043
0.43923722231962126
0.0
0.0
0.3543709277125446
0.5546584628926946
0.0
0.0
0.5115827006930309
0.9690628962087005
0.8071939237516127
0.5802910375275007
0.0
0.0
0.0
0.2273182568819704
0.7514548677207493
0.0
0.5456700012360212
0.0
0.8761085626248406
0.0
0.0
0.0
0.0
0.0
0.0
0.0
0.0
0.0
0.0
0.0
0.0
0.6090778406560295
0.9955349830567131
0.0
0.20760969306080596
0.0
0.1452899358097294
0.0
0.6289730536015763
0.8475693087939415
0.6045822717194086
0.4538321528855705
0.0
0.0
0.5566483083313248
0.0
0.0
0.0
0.0
0.32199639033892696
0.66566982791029
0.5718228704513245
0.41841936502048865
0.3211545992307804
0.0
0.0
0.0
0.0
0.0
0.0
0.0
0.0
0.0
0.0
0.3259350479257549
0.0
0.7154873971395735
0.0
0.0
0.13971732421850658
0.6601602307517014
0.0
0.2551230419324845
0.0
0.0
0.0
0.8184478632634763
0.6236361480267015
0.0
0.045158903477119525
0.0
0.25093241105291464
0.5535795832558763
0.24603328579310027
0.5126438392959091
0.0
0.8744094532173387
0.0
0.7322671767375178
0.1806413400469947
0.7336165854835704
0.0
0.0
0.0
0.0
0.0
0.4558285781916484
0.0
0.0
0.0
0.12357921941898847
0.0
0.4666709479269343
0.8715389930572102
0.2501704466560157
0.0
0.0
0.6846583759156839
0.0
0.0
0.9618026717851565
0.0
0.003369670652927037
0.33042317463427007
0.8998486380228312
0.0
0.7519036374670862
0.0
0.39481203234130446
0.4629152553773462
0.0
0.39993277086635826
0.8444671386381186
0.0
0.7587517311587856
0.24371284733434437
0.0
0.0
0.0
0.0
0.0
0.5588945858673504
0.5529870026891124
0.10999208197811206
0.0
0.0
0.2680229205661701
0.0
0.0
0.5112444561995405
0.18981699633465554
0.40400875262020314
0.0
0.8804565109211704
0.6687412407307437
0.9760731123969845
0.0
0.0
0.0
0.4676023264420726
0.0
0.0
0.0
0.0
0.0
0.0
0.9305800424672523
0.2272948098444967
0.0
0.369705973964586
0.0
0.0
0.0
0.6566984050399793
0.6092779328666079
0.0
0.9576927828303251
0.29209868556754776
0.0
0.06089085251782813
0.2592983030907229
0.6891420411030225
0.21759759249039295
0.0831720529406579
0.7219207751753262
0.0
0.7306220466040955
0.6269131820918107
0.0
0.48038624769207555
0.0
0.0
0.0
0.20585394969870266
0.0
0.0
0.0
0.0
0.0
0.0
0.0
0.0
0.0
0.0
0.0
0.0
0.0
0.0
0.0
0.7740115470864861
0.0
0.17539023618747168
0.0
0.0
0.31920522627032755
0.0
0.0
0.44716991412903634
0.027202623236401147
0.7295697039733972
0.0
0.0
0.0
0.0
0.8660183512300151
0.4357082615385076
0.0
0.49678214036361257
0.5202042140250522
0.1287444046817077
0.0
0.9341038278883029
0.0
0.0
0.11683573193005586
0.0
0.0
0.22642125703712115
0.0
0.4282714677567328
0.11048849154856583
0.0
0.4880122981411816
0.0
0.0
0.0
0.25830313278451034
0.0
0.0
0.0
0.18901058284084765
0.8239902006862535
0.0
0.0
0.0
0.0
0.0
0.0
0.0
0.8287655177195811
0.0
0.0
0.020356991611902048
0.7780666160018551
0.0
0.9678019712984749
0.7858564499675126
0.8036807615923192
0.0
0.08336833342028678
0.0
0.0
0.86299273268631
0.0
0.0
0.0
0.7163052746420209
0.0
0.0
0.9436792335909565
0.0
0.25474952409176194
0.5183690488373649
0.297502302810683
0.44658670812960216
0.0
0.3930480970008939
0.6717892638872355
0.06923353392067043
0.0
0.19967001792192238
0.9865335024944984
0.0
0.0
0.0
0.06320887639379229
0.9484003815516073
0.0
0.0
0.25229470982946
0.0
0.8493022940021692
0.6161137263320976
0.0
0.4088920924098007
0.0
0.0
0.0
0.0
0.0
0.0
0.12670728943067847
0.0
0.2342553830621695
0.7544432307682178
0.5943491165879802
0.0
0.16696971921820772
0.638004532889277
0.09316004759221785
0.0
0.42641119414304185
0.0
0.8627508230606398
0.0
0.0
0.0
0.0
0.2052420317679862
0.0
0.0
0.3933425328049658
0.0
0.6064470449321449
0.0
0.0
0.0
0.006048084454306088
0.0
0.0
0.3375962752689702
0.8425525076209514
0.0
0.7303894199930624
0.0
0.8506073155092981
0.0
0.0
0.0
0.13096344548891528
0.0
0.6486641738027445
0.8904221438682185
0.0
0.0
0.0
0.10421005901434463
0.8571246400873073
0.8333750610161011
0.618153560378801
0.0
0.0
0.3212267017075636
0.11306552741895791
0.2748853516927255
0.0
0.0
0.9289868948481321
0.8777171145654068
0.797540573926019
0.4029641488974693
0.0
0.9056757228517053
0.5431731313642466
0.0
0.0
0.36929664912557203
0.0
0.47406344453560956
0.7264854142127833
0.07745853307147879
0.8486216204169373
0.0
0.83285687069447
0.0
0.4064581379621788
0.0
0.5161861995647687
0.0
0.0
0.0
0.0
0.0
0.25441875434191824
0.943412357753727
0.3096167553895853
0.7417214407971537
0.0
0.4384285489684338
0.23307938897406225
0.0
0.25867499413711104
0.9509958183178292
0.0
0.007228246518813825
0.0
0.0
0.08359707171454359
0.47707797161162435
0.344727516979307
0.0
0.0
0.6582032672157101
0.0
0.0
0.0
0.9515054738927863
0.0
0.0
0.0
0.0
0.0
0.0
0.10168959721831584
0.7802037197513797
0.8531637704896373
0.0
0.0
0.42705554438308607
0.10848087339600278
0.0
0.0
0.9588106565565088
0.0
0.0
0.6817242442947936
0.560320583420465
0.39541564893049747
0.0
0.0
0.0
0.3701032920430599
0.0
0.49766025478532416
0.5517261521728916
0.0
0.0
0.0
0.33761994648404714
0.0
0.2873935764670742
0.0
0.7486941608709223
0.5111246977922959
0.32368809968758006
0.9549736171374364
0.5028902465029135
0.09608835093087095
0.0
0.0
0.0
0.0
0.570842374201529
0.0
0.0
0.595509607810195
0.8377604584468192
0.0
0.0
0.0
0.44604391440918784
0.3201679271556084
0.0
0.5994550559106369
0.0
0.0
0.9633506916114759
0.0
0.3300981814261813
0.33071623427736
0.0
0.9877528925014665
0.0
0.36522377174732845
0.0
0.24149723657546976
0.0
0.9124824207083515
0.0
0.0
0.0
0.0
0.9599580885041159
0.892166546359926
0.20362252661407496
0.0
0.6142371703784735
0.6435177687051855
0.6470173138585462
0.3995344034907705
0.0
0.19488391030261834
0.0
0.0
0.0
0.0
0.0
0.0
0.0
0.5319230155412936
0.0
0.0
0.25222974427750766
0.0
0.6213397109700647
0.9843001440954088
0.15221402650006716
0.3258936899704273
0.0
0.18800600769119422
0.0
0.7386734796359696
0.0
0.27392058120289015
0.0
0.0
0.9554357038151967
0.0
0.60077260277081
0.0
0.06429360959635828
0.0
0.0
0.0
0.0
0.0
0.0
0.0
0.42075263340740393
0.9244056761093103
0.0
0.5003464531665768
0.00782484571488234
0.0
0.9450216303804303
0.12944774724370206
0.0
0.8134910540916362
0.45763447874282465
0.0
0.5556822053121502
0.523759747917064
0.0756506049001306
0.0
0.12441856503843549
0.0
0.29343550886669256
0.0
0.0
0.0
0.025800922772552543
0.7563672697390239
0.5535852377320528
0.0
0.6494878545282828
0.0
0.0
0.6709719925350761
0.0
0.9180500907911339
0.0
0.0
0.856750861079931
0.0
0.0
0.0
0.0
0.0
0.0
0.4748373925494286
0.0
0.8832504177613473
0.0
0.1319953738760143
0.0
0.0
0.0
0.40058646131302
0.01727925447348835
0.0
0.8141473840771992
0.029717830364732103
0.0
0.0
0.0
0.0
0.8023756336456418
0.32911314394757274
0.6118978861045639
0.08058947572370438
0.0
0.995556182913948
0.49890801095469606
0.17750582627009914
0.0
0.7501276892821093
0.0
0.0
0.44130883099886165
0.0
0.6338256789871233
0.0
0.10127847306815724
0.6186291876141216
0.0
0.0
0.0
0.0
0.0
0.0
0.854761027144341
0.7586098135046834
0.0
0.0
0.0
0.047750245390710606
0.0
0.9618483132196849
0.534686395567101
0.6760620857088062
0.0
0.497377160296559
0.8588419272101979
0.7669920742654668
0.0
0.7151123707303012
0.0
0.5833295150223086
0.0
0.29537484761306065
0.04953957054953501
0.6420074068302425
0.0
0.31856829226303235
0.42065080418541495
0.43377927934044597
0.02787695788398539
0.7344583380721958
0.0
0.0
0.43504118068458786
0.47341126664513195
0.0
0.5142729270009854
0.0
0.0
0.0
0.0
0.6848733517505236
0.26982776635121075
0.0
0.11595975700670917
0.9702854254839726
0.0
0.6102024155465081
0.7062371534539833
0.5671348205955868
0.7012980251285548
0.4422271444735363
0.2536256145889213
0.0
0.0
0.7677538723095289
0.0
0.0
0.0
0.9507671746582261
0.0
0.17433052950342198
0.0
0.0
0.3119206187202101
0.0
0.0
0.2775065565170955
0.7350832704609226
0.9622446857078514
0.5026538257163454
0.0
0.0
0.0
0.0
0.3359553117059597
0.29856537302393116
0.0
0.013929073965001914
0.5292232258189621
0.016281029969336162
0.0
0.0
0.5944753822868514
0.0
0.0
0.0
0.8215946866604552
0.833047345241165
0.2933238485283448
0.5134475095406491
0.0
0.09975901882418164
0.0
0.0
0.0
0.029882161563036483
0.0
0.40988816598004846
0.7426282392901035
0.0
0.47348467098110397
0.23680591854918354
0.35246529881130134
0.3216211227029407
0.0
0.0
0.0
0.7412280082018236
0.2389984409222623
0.0
0.9690164756422065
0.3435171378996269
0.40667506622748584
0.0
0.4302992944257414
0.0
0.46418075268737774
0.0
0.0
0.9692016391690685
0.0
0.0
0.0
0.1713474772087575
0.0
0.0
0.0
0.0
0.2242914681306112
0.0
0.0
0.9677091802297545
0.7114127157691033
0.0
0.5202187169534607
0.0
0.0
0.0
0.0
0.0
0.0
0.147714885931494
0.0
0.9737287343971146
0.0
0.0
0.0
0.9905587322451699
0.0
0.001041474397879346
0.5301970455849101
0.13696892730190643
0.2932559369662538
0.0
0.6526365724205239
0.3618363939384702
0.9358616740824719
0.0
0.6204101611695191
0.49816511156614973
0.0
0.0
0.0
0.0
0.8342894060998959
0.8398705205737913
0.0
0.07764710465668177
0.0
0.0
0.0016656529589322323
0.804733570962089
0.9653981824621674
0.0
0.0
0.0
0.7483217603632005
0.7260463534539721
0.48980118878955764
0.17927828927652373
0.23213274519784272
0.0
0.0
0.24526359813715778
0.7478431154635027
0.7672017578387766
0.0
0.0
0.266124198016204
0.0
0.7114852676133507
0.34174739387223996
0.5905995306117555
0.0
0.0
0.0
0.0
0.7442306754693715
0.0
0.7360476131363637
0.0
0.42234728431320484
0.0
0.0
0.0
0.0
0.0
0.004117635810909408
0.4867085861936204
0.36555495261053295
0.0
0.0
0.0
0.9183804390592808
0.2726751985144692
0.38622549228571235
0.0
0.18527222913612357
0.0
0.0
0.0
9.384381632158579E-4
0.0
0.6218984812415504
0.2173793080810265
0.0
0.0
0.3032065249024353
0.0
0.0
0.0
0.7347162069348275
