0.0
0.5323857558999018
0.0
0.0
0.0
0.0
0.265958437156443
0.06617442836307472
0.27515690854628977
0.0
0.12523146387089634
0.0
0.8628755391137395
0.0
0.0
0.2581188835519277
0.0
0.0
0.013533380465853694
0.5631227515307559
0.0
0.0
0.0
0.8749917829461318
0.0
0.47027762108828336
0.0
0.8018665538302842
0.0
0.0
0.7808252594322656
0.0
0.7012053335343015
0.5907179958055094
0.0
0.0
0.0
0.0
0.0944070943477827
0.12219047611408321
0.21604410450186426
0.0
0.0
0.4386467449529145
0.0
0.34492787493477756
0.0
0.18653218278568984
0.0
0.4563030485160798
0.857548103849493
0.0
0.0
0.0
0.78676402241962
0.0
0.19749952829225312
0.26249323896349336
0.5461203688597763
0.0
0.0
0.0
0.0
0.0
0.6707028087876671
0.0
0.48601363070876175
0.0
0.7808220963757316
0.0
0.05421363547314428
0.020454157912681497
0.8422286867850561
0.0
0.0
0.0
0.0
0.0
0.816145685506896
0.7511085298407063
0.19026972698667677
0.0
0.48277672732876015
0.0
0.2996410410597108
0.0
0.0
0.3705433867252946
0.6183966759117216
0.0
0.0
0.0
0.0
0.0
0.0
0.0
0.0
0.7055912542785245
0.4873750951642092
0.0
0.48197202651870175
0.5276452933861098
0.0
0.7336084483511544
0.0
0.23848687172820543
0.7510676635933988
0.9297144908417199
0.0
0.939012927155475
0.0
0.4419070481371087
0.0
0.8361434772174979
0.0
0.08943523634685124
0.0
0.0
0.0
0.705949799587038
0.1817705102290778
0.0
0.24500330892362918
0.0
0.6764614929201151
0.5286191768961583
0.0
0.2384178074293781
0.8591303323574776
0.0
0.0
0.7191358799214741
0.641571482468312
0.0
0.781051254892414
0.0
0.22279243473762894
0.0
0.0
0.0
0.0
0.0
0.0
0.4110713745300203
0.72776914931616
0.0
0.7547898228332467
0.0
0.0
0.0
0.7776470052025362
0.0
0.0
0.32841058739241824
0.0
0.5259807164109928
0.0
0.17943497179964363
0.32095755386674146
0.0
0.0
0.0
0.0
0.0
0.0
0.0
0.631670973206362
0.0
0.0
0.635660733145381
0.0
0.8645996159568041
0.0
0.4638397155041559
0.0
0.061641473073742445
0.29191273514651184
0.024681569636265714
0.0
0.76619497707352
0.0
0.5553341435305658
0.060958774081304866
0.7588182344046821
0.6080816314450904
0.46872464633849814
0.0
0.12617928859339014
0.9049832920884358
0.0
0.3052021388086427
0.0
0.0
0.0
0.0
0.0
0.0
0.0
0.0
0.0
0.0
0.0
0.0
0.0775451246378016
0.19386823882927517
0.0
0.0
0.28474364641795136
0.7407742389560353
0.0
0.0
0.0
0.0
0.7514589475640696
0.0
0.0
0.8212775436142314
0.6676382074775862
0.0
0.502171159689762
0.0
0.0
0.3470296725888499
0.0
0.0
0.0
0.3363679901107453
0.0
0.8835307411238854
0.0
0.0
0.7242279909266559
0.10373876933283108
0.0
0.7352920582853523
0.9147032924393769
0.0
0.0
0.572159442073375
0.0
0.0
0.0
0.4095890622630098
0.3935468925374401
0.6921537644897943
0.0
0.0
0.8837032609413622
0.0
0.7733696378284953
0.32468997313001413
0.0
0.339530609061673
0.008675639861038099
0.053386203462441786
0.32734014975980036
0.0
0.2223787254469528
0.0
0.8556944071493117
0.09278193075078142
0.0857056910221022
0.0
0.4871432997847879
0.6841017947192825
0.30969161344228713
0.0
0.0
0.0
0.9017144914242714
0.0
0.0
0.3405465558452729
0.0
0.0
0.5305946027956113
0.0
0.11136319978985049
0.0
0.047310037259291136
0.1692802586444077
0.0
0.918142160974853
0.7369647780970167
0.06652979959338313
0.32004768730527866
0.9181955118156753
0.4702510340207352
0.0
0.7710565615945627
0.0
0.0
0.0
0.8432881222393462
0.5317005677664935
0.3804418444230605
0.0
0.06854368914101246
0.3048371998306606
0.0
0.0
0.0
0.18537022351368224
0.736186713016537
0.0
0.0
0.0
0.05772848875484528
0.005468665763039239
0.2394393756178792
0.0
0.35069066704194957
0.0
0.0
0.0
0.9018597200788979
0.0
0.0
0.0
0.36228057921584206
0.0
0.0
0.0
0.0
0.17386488720508486
0.0722078850900433
0.0
0.0
0.4089131883203909
0.0
0.193161243155358
0.0
0.0
0.0
0.5081035897298275
0.0
0.20095657880708823
0.0
0.0
0.19542642774710514
0.7291944353023817
0.0
0.0
0.0
0.8425936307987865
0.0
0.4626599671916992
0.41698115248377404
0.0
0.0
0.0
0.4458415076247183
0.0
0.43798692379139204
0.3150119601172073
0.3373876768748905
0.5387057333623985
0.0
0.13307306571408625
0.41958489709295177
0.0
0.13367434619579469
0.0
0.6891941768230485
0.22261541986948563
0.2859404441308298
0.0
0.4305414369403543
0.0
0.0
0.0
0.41262977988436683
0.7479274223142187
0.0
0.0
0.0
0.0
0.6200064222475469
0.46354808584004037
0.0
0.17108954187632042
0.0
0.3843683474200491
0.0
0.0
0.0
0.3465819836431592
0.0
0.0
0.0
0.0
0.0
0.0
0.6196676760065114
0.0
0.5757728394308884
0.5181930092339577
0.9176259445660214
0.0
0.3817778439479366
0.0
0.0
0.0
0.23800579278503947
0.047354996491626826
0.762417690497938
0.0
0.9098513359581233
0.0
0.0
0.647481605242338
0.014315279938624043
0.0
0.0
0.11488244640795188
0.0
0.0
0.5581391749357721
0.0
0.0
0.0
0.0
0.040250765176860416
0.0
0.47035518617081484
0.5363406519417199
0.0
0.0
0.49190549135458833
0.0039734206572406465
0.0
0.7222234357908234
0.0
0.5853175566106704
0.4614929398427662
0.7069348996386852
0.666214077813697
0.4548871928627191
0.594796404153672
0.9135837520810941
0.7314743091687804
0.292344005265814
0.0
0.17257311361138472
0.0
0.8925371299298056
0.0
0.0
0.0
0.0
0.0
0.0
0.0
0.011961558571856738
0.33781839176087836
0.9370991857966666
0.0
0.0
0.14462882711766925
0.0
0.2425550999441421
0.2853817341180318
0.3683054403375109
0.5397407418120872
0.8666081014329492
0.8292374948163226
0.8422753439987217
0.0
0.0
0.0
0.9809982842751894
0.0
0.0
0.0
0.0
0.0
0.0
0.0
0.0
0.0
0.08745174979445766
0.09895626707272644
0.23736634523574376
0.0
0.0
0.0
0.0
0.0
0.21001943887354368
0.3156642725249122
0.0
0.8625391857135695
0.0
0.0
0.8616251027053262
0.0
0.4247335035023195
0.321659649331769
0.0
0.6280700820747347
0.0
0.0
0.4298618470894155
0.7977231640284389
0.9843001440954087
0.5415441984998858
0.0
0.30106335819625746
0.0
0.0
0.0
0.7506211632735319
0.6910184561292175
0.29989012192068054
0.0
0.7207225927950929
0.0
0.6768248922872134
0.0
0.6320486080365154
0.4989170125790833
0.5510379276304755
0.0
0.0
0.0
0.0
0.0
0.0
0.238310485654448
0.5909984075594452
0.9068187265015307
0.0
0.0
0.0
0.0
0.21799199012541962
0.0
0.4419582379381054
0.0
0.0
0.030808175766959277
0.0
0.0
0.2863685454340467
0.9850470614199953
0.0033972138250228617
0.0
0.25039713419178766
0.0
0.0
0.0
0.0
0.3412156631893399
0.0
0.0
0.0
0.9307971096322788
0.4341690384204504
0.0
0.0
0.0
0.38160023420592776
0.0
0.0
0.4090443041656752
0.33505684579212697
0.0
0.9160566986864335
0.0
0.0
0.303657104674082
0.5680498309273552
0.0
0.0
0.0
0.0
0.0
0.0
0.7223950367471255
0.07036013756965086
0.7987447190295586
0.07537628244898936
0.0
0.0
0.0
0.0
0.4240167794053973
0.0
0.18752780672887648
0.166562200682355
0.0
0.0
0.0
0.6915746573751514
0.0
0.0
0.0
0.0
0.8511336011403569
0.3493811972212519
0.0
0.0
0.0
0.0
0.0
0.037733042425061473
0.0
0.42666935031705694
0.0
0.42279664767778624
0.0
0.7597722622130199
0.0
0.4112377817502043
0.0
0.49084804589454556
0.2918515611261476
0.0
0.5722199025003205
0.8209805458812518
0.3061016535166987
0.0
0.8132786099132131
0.0
0.5580097989854442
0.5757583660857797
0.0
0.15065971635798545
0.0
0.8619255746249936
0.0
0.19404457826435892
0.0
0.0
0.0
0.0
0.0
0.4472626830547462
0.0
0.0
0.0
0.0
0.0
0.9957852054305422
0.8289242329062357
0.0
0.0
0.0
0.035568361893319626
0.6052912843427157
0.7170896869442035
0.38713806015862123
0.0
0.0
0.0
0.9436433833447926
0.0
0.0
0.0
0.25421855376492597
0.49584833201562517
0.3551972961310135
0.3785807766379081
0.0
0.0
0.0
0.0
0.0
0.5667932035541733
0.0
0.7150260217054359
0.0
0.0
0.697169174216222
0.46291525537734374
0.0
0.0
0.0
0.8322703247298436
0.3798224354188975
0.0
0.0
0.604223059432491
0.0
0.0
0.5440315790123168
0.6292236073619224
0.0
0.6067361143897801
0.0
0.0
0.0
0.8963288420597507
0.2417755874026663
0.0
0.0
0.9092012586434732
0.0
0.3435881552257664
0.0
0.39486334826631775
0.0
0.967307823290324
0.0
0.0
0.6794095741724123
0.0
0.0
0.9185485524903967
0.0
0.0
0.0
0.5268543614993683
0.0
0.5914876629954611
0.5629168303655906
0.48318275600021504
0.0
0.0
0.0
0.0
0.40671563914417336
0.0
0.29959032322805684
0.0
0.0
0.6381924371070573
0.6560371121531017
0.0
0.020900520442103613
0.0645211182099435
0.0
0.9938571924892515
0.0
0.13267710346448766
0.0
0.0
0.4836202512709816
0.0
0.07222381507710246
0.48164903333689324
0.0
0.0
0.8084536797161029
0.0
0.0
0.0
0.8600605913633016
0.0
0.0
0.0
0.8588447211658761
0.0
0.0
0.0
0.2956397735438856
0.7857171538160753
0.0
0.0
0.1324848724515397
0.0
0.0
0.6496922605874338
0.1593230457891122
0.0
0.8133535216354019
0.0
0.05325924864592287
0.0
0.0
0.9475189061368382
0.827645534008189
0.3898980118844247
0.4860505340488859
0.25451675544496827
0.1392842251997253
0.0
0.0
0.0
0.0
0.22818479053268956
0.36077597811305673
0.5598430647560213
0.7454422522406753
0.8886449950326393
0.5332228457882747
0.7966572826866781
0.24187500064105275
0.0
0.0
0.1827786156995166
0.6834514649799704
0.0
0.44133584902048245
0.0
0.5471726884707727
0.0
0.9023340560153822
0.9389620185652244
0.0
0.0940872667715986
0.49408315535820085
0.3191155481220772
0.3160511241697344
0.5839821676829183
0.23877551535146438
0.3639337883104245
0.6526012353402278
0.10400832490496358
0.0
0.0
0.0
0.0
0.0
0.0
0.0
0.82888124476674
0.9754524515379918
0.23441159259598032
0.0
0.4266081922633049
0.0
0.0
0.0
0.0
0.6564827336882875
0.0
0.0
0.11047961564679055
0.0
0.7462135076396114
0.3511381380527803
0.0
0.0
0.24228912279647066
0.26459021420137174
0.0
0.0
0.34453753198097337
0.0
0.8255266064575506
0.0
0.014651653270784225
0.9662762892195836
0.0
0.0
0.0
0.4137484565422269
0.0
0.19149858760397548
0.9098526472947323
0.0
0.0
0.601380566835927
0.5502208124967948
0.0
0.06039439918008158
0.0
0.6745309419045213
0.6215139718000678
0.0
0.0
0.9166949600631087
0.0
0.3612533420573628
0.7168585032871845
0.0
0.0
0.0
0.0
0.3726408462460051
0.0
0.1268751808962569
0.0
0.7091945130536035
0.0
0.21378291577344044
0.6684835362213729
0.0
0.0
0.0
0.0520548864896105
0.0
0.0
0.0
0.0
0.5899824125756764
0.0
0.0
0.8662811440076806
0.0
0.817363356514887
0.6724853078820344
0.9058425816070511
0.5400033551587226
0.0
0.0
0.0
0.04490349725026165
0.16458876882702203
0.0
0.0
0.0
0.24150400921854903
0.9346565371809455
0.0
0.0
0.0
0.4133716789050027
0.0
0.743506612903836
0.0
0.9447248098843279
0.34600773016093495
0.0
0.0
0.7824610394784998
0.44532479909346373
0.3157589304516998
0.9289428520812649
0.5722340059727744
0.6912342933063347
0.0
0.0
0.0
0.4565781211981216
0.81949381423415
0.0
0.4387687912539817
0.1335391458239079
0.26206620719389995
0.0
0.572548670765278
0.9985313308864173
0.0
0.0
0.04553201005597814
0.0
0.9384257746914465
0.0
0.0
0.691977634473741
0.04989900661652611
0.0
0.5194365736206907
0.8083574953471268
0.25106106500621433
0.0
0.0
0.0
0.0
0.23174138153589388
0.9576927828303249
0.5029395385129198
0.4960532023485454
0.0
0.0959329039687004
0.7522733650608576
0.0
0.0
0.0
0.0
0.933951030322584
0.0
0.4698780526510414
0.19203298575138686
0.0
0.0
0.06990487366551208
0.0
0.4499068080701011
0.0
0.5795067819517694
0.595670812818255
0.0
0.0
0.9444166644033433
0.0
0.7558267029005065
0.29776566551465644
0.0
0.11311487550825317
0.0
0.6946677126290783
0.0
0.0
0.9182329929756433
0.2802028834907706
0.39343414966333384
0.0
0.0
0.0
0.0
0.0
0.0
0.0
0.0
0.22974325946453766
0.3518815155824512
0.0
0.0
0.05886243176340694
0.0
0.0
0.41122022926600427
0.0
0.0
0.0
0.0
0.44247003628018833
0.0
0.6366134076897769
0.5633238402979328
0.8104850821447785
0.0
0.0
0.19254715054023266
0.8636619577933584
0.0
0.0
0.7114931069075993
0.0
0.6214566043646321
0.27503430888501196
0.8602045770745752
0.0
0.0
0.051220053619723115
0.7831521798259756
0.0
0.0
0.0
0.0
0.17559041429649178
0.6179456039789376
0.0
0.0
0.0
0.0
0.0
0.15635809749822258
0.0
0.849201886151096
0.6871229766809253
0.2156710919848442
0.0
0.0
0.0
0.0
0.8927567894493333
0.0
0.0
0.0
0.0
0.0
0.0
0.0
0.0
0.40777754470218275
0.0
0.9687522754026558
0.9958404865253939
0.0
0.0
0.1521939869900414
0.0
0.0
0.5844574157435041
0.8875482129441574
0.0
0.0
0.0
0.6085848429675367
0.0
0.0
0.10968204094909033
0.0
0.17778171233870316
0.0
0.16911684752402098
0.28540342268662267
0.024077115693203633
0.0
0.6147775395449704
0.0
0.5901224532014304
0.9619670966068903
0.0
0.8445608039391949
0.34146353108082544
0.0
0.5632794645003233
0.0
0.17761926803119385
0.0
0.8407486600422492
0.975898977118678
0.0
0.0
0.038176913298930804
0.0
0.0
0.5198903024523569
0.0
0.0
0.0
0.0
0.0
0.020578286318177392
0.0
0.0
0.40840383869635233
0.0
0.0
0.0
0.9407776335715099
0.0
0.0
0.0
0.2350657752359598
0.0
0.4427899130515661
0.0
0.8881465389697095
0.0
0.0
0.0
0.0
0.0
0.12214798577196433
0.0
0.0
0.0
0.0
0.23340176662758388
0.6412376673418145
0.0
0.2305816853225221
0.0
0.8917518375937264
0.0
0.0
0.0
0.4435515338005789
0.0
0.0
0.0
0.968399085568152
0.07040636803424559
0.090088523169222
0.0
0.24367047758116162
0.43965198306079667
0.8815238509314297
0.9819650825810742
0.0
0.0
0.7716720250897191
0.0
0.19893980996549235
0.0
0.3567615096082482
0.0
0.0
0.5503641640664372
0.0
0.0
0.21443004472779026
0.0
0.0
0.11087535245560946
0.0
0.9942652997043416
0.0
0.27718878254039686
0.38945259152430245
0.5089883606687684
0.1704251794463545
0.935655165801494
0.8251433999757775
0.0
0.5855254122160605
0.0
0.8959174487564825
0.47110802646667843
0.0
0.0
0.0
0.12426206646857225
0.0
0.0
0.07505864606627671
0.7479032748483058
0.8151535095420425
0.0
0.0
0.0
0.9288894169370285
0.9702854254839725
0.03137294557695138
0.8810416662034756
0.0
0.0
0.0
0.9533181158975426
0.405025526944219
0.5558213578455844
0.40686041050854854
0.6242344687892353
0.0
0.0
0.0
0.04228058429494741
0.951055686670936
0.35169940037140074
0.0
0.0
0.0
0.0
0.0
0.0
0.0
0.18541661380921468
0.36626832439471824
0.0
0.0
0.0
0.0
0.0
0.24711696981077777
0.0
0.0
0.0
0.0
0.7829836993793672
0.0
0.46388844478391755
0.0
0.10893736795701316
0.5887115743294773
0.0
0.21388301446779887
0.0
0.0
0.82879798505071
0.8169182798075805
0.0
0.8143505620889278
0.9087396324573987
0.0
0.5118931758299321
0.5500716271117693
0.0
0.0016427101321733711
0.6157657939828287
0.0
0.0
0.1329640803586718
0.5974880348475534
0.0
0.0
0.0
0.0
0.0
0.24861461895577386
0.0
0.0
0.0
0.3601386444873953
0.8317988784847428
0.0
0.2731514114101226
0.0
0.8009464436833845
0.8044978914136971
0.0
0.0
0.0
0.5549619583672855
0.0
0.9521666922115715
0.16950182059292213
0.0
0.05422537768801581
0.025839332655369994
0.0
0.0
0.0
0.0
0.0
0.44537344347528157
0.9759959723797869
0.0
0.9050863762369538
0.0
0.9914448007384411
0.0
0.0
0.0
0.0
0.0
0.9437142274174826
0.14791316405797672
0.0
0.0
0.0
0.0
0.0
0.03645316689376098
0.0
0.43558031798457253
0.0
0.7171755554971377
0.8116469319437851
0.0
0.0
0.0
0.0
0.3939721785109723
0.0
0.25359627267525775
0.0
0.0
0.0
0.0
0.0
0.5900197777838919
0.0
0.0
0.4059621705389613
0.0
0.0
0.3166490371101309
0.0
0.0
0.0
0.8013146950224488
0.0
0.0
0.0
0.14149046714283767
0.0
0.0
0.008271594161042365
0.6269228398638345
0.0
0.9695009257188543
0.577702337978999
0.9881672624722787
0.0
0.0
0.0
0.0
0.0
0.9102298637371659
0.0
0.1967303873421385
0.0
0.0
0.3389181747223254
0.0
0.6232440485174264
0.893535809745136
0.7695274902713672
0.0
0.0
0.46605376477810556
0.0
0.0
0.3218343333769403
0.06999533922221741
0.9712273685361628
0.0
0.0
0.9623039222193026
0.0
0.333906262241504
0.0
0.0
0.7768803325022046
0.0
0.0
0.0
0.935299148604852
0.0
0.0
0.945738960727162
0.02036497717193825
0.0
0.0
0.0
0.0
0.10197548648354098
0.0
0.0
0.0
0.0
0.02865586406346556
0.0
0.4517992678293879
0.0
0.40982989252775587
0.0
0.6453571110084683
0.0
0.6849618994366665
0.0
0.0
0.5584753913136358
0.0
0.0
0.0
0.30073214273454457
0.0
0.893471868900795
0.0
0.05741553654179876
0.0
0.0
0.0
0.4448191251908632
0.0
0.043440770183503834
0.11435970852523808
0.9759626344987568
0.0
0.0
0.0
0.8445697119073404
0.7689423686365209
0.0
0.0
0.0
0.9949100573861689
0.0
0.9335904775741027
0.0
0.03251610939422498
0.3290634153523602
0.4141604858662692
0.6524368089833649
0.960890914886442
0.0
0.0
0.0
0.0
0.0
0.4702574048605405
0.0
0.0
0.0
0.7599107683019948
0.11770805559453479
0.202615260812538
0.30592374041089926
0.0
0.7569207550088884
0.38241129666074714
0.3501338171717987
0.0
0.39744085999836154
0.0
0.36606324162916865
0.0
0.0
0.0
0.0
0.0
0.4152224905616401
0.23258083739180332
0.0
0.5012696791146628
0.0
0.0
0.0
0.9706139454871405
0.0
0.0
0.0
0.5798608712940458
0.0
0.0
0.0
0.0
0.9081564657666784
0.9723668817764124
0.9285390487972864
0.0
0.0
0.0
0.0
0.0
0.30220621036385353
0.0
0.3685737746202302
0.8605208396302776
0.7670050494820485
0.0
0.6399438966061696
0.12264259584596669
0.006092244611029973
0.9775412533411746
0.24888230129301694
0.9289360422148997
0.0
0.0
0.0
0.0
0.3768216734138278
0.0
0.0
0.0
0.0
0.0
0.0
0.0
0.11358448916425241
0.5846433079809129
0.8538254151669042
0.0
0.581422608426775
0.0
0.13864918733866918
0.0
0.6379909041643399
0.0
0.0
0.0
0.6167706993199881
0.26661255897999986
0.9094900066744054
0.15991320687207683
0.16348467452278093
0.7760030118618044
0.0
0.6455472028620987
0.0
0.0
0.0
0.5364668394837714
0.7665755624836186
0.7620438094524858
0.0
0.1633981958272738
0.779802538905969
0.0
0.05819215250337526
0.0
0.01079086047431243
0.11075090991794974
0.2254911391339025
0.0
0.3976230539841374
0.0
0.0
0.9346397634640486
0.7481596984923539
0.07094924952969595
0.20355431086590567
0.8437036735324936
0.29682814406765534
0.0
0.0
0.28843473736673975
0.0
0.9764598994914906
0.5351474629105958
0.0
0.0
0.0
0.0
0.0
0.051987264592475144
0.8492854878182282
0.0
0.0
0.02244805055259284
0.5147531972370776
0.0
0.0
0.08138351342871282
0.04553228072935117
0.0
0.0
0.0
0.0
0.0
0.0
0.33464380765332113
0.0
0.5112523409292045
0.19186195273257256
0.0
0.0
0.0
0.9292527783897059
0.0
0.0
0.8371613752244438
0.0
0.0
0.0
0.34016212039513954
0.3415167784159155
0.0
0.0
0.0
0.0
0.22620504234028582
0.22744139671957211
0.0
0.9539902098874316
0.0
0.0
0.0
0.0
0.0
0.0
0.0
0.4649304834888298
0.0
0.0
0.0
0.0
0.5433496391055418
0.535571324030298
0.839082775242962
0.0
0.0
0.04048901488142356
0.7823039040319312
0.821354031681484
0.4093070030754129
0.0
0.0
0.6921454202544068
0.36377866319668356
0.3283982362818135
0.3415921830682313
0.0
0.4154066993708316
0.0
0.4019726213543994
0.0
0.8833494434818097
0.0
0.8079180332711952
0.7481934301608653
0.0
0.20188951252951917
0.0
0.0
0.0
0.0
0.0
0.0
0.11561400392914482
0.8791696461609161
0.0
0.0
0.1492620093896728
0.0
0.2544032830655635
0.0
0.0
0.0
0.0
0.25362074378196386
0.6800285115023426
0.407009300012365
0.5396370118902228
0.0
0.0
0.0
0.17379556308920374
0.0
0.783270248916024
0.0
0.0
0.9955349830567131
0.02863476877944252
0.0
0.34023874742389604
0.09888639498004709
0.6136930116720177
0.9960913166564194
0.3987939006789786
0.0
0.2619930482213038
0.0
0.22918076340600388
0.2156715988111995
0.13517831719478549
0.12474701807389053
0.6523017132178875
0.0
0.0
0.6841108383310077
0.0
0.0
0.0
0.9940811302508171
0.5915423795898087
0.0
0.1878446866064776
0.0
0.0
0.0
0.17318092930971296
0.0
0.3838245189342597
0.004050100375571308
0.9316225952793638
0.3856290949077049
0.8414309834650903
0.7001150855181797
0.7037021115333016
0.0
0.0
0.0
0.0
0.0
0.3805736832488026
0.0
0.0
0.4403952045669795
0.0
0.0
0.9575163037662313
0.0
0.6402637134979403
0.7134556617578834
0.8914513464824414
0.0
0.0
0.40200145422464745
0.6206669808546483
0.0
0.9427751855946913
0.0
0.0
0.033478800530804126
0.0
0.0
0.8618215957537452
0.0
0.750552099287683
0.0
0.0
0.0
0.0
0.0
0.0
0.7309521937985943
0.0
0.04031113893987419
0.0
0.0
0.3199738357740194
0.8055881791312763
0.6044619515042255
0.16504749384652553
0.9892229076006754
0.18484573775160365
0.0
0.9468425179257702
0.7013544042767604
0.4744604725729027
0.06455254463956042
0.6245537534531825
0.0
0.0
0.0
0.6645119531956252
0.0
0.0
0.7232484974095523
0.0
0.0
0.7391450151144858
0.3534035142849439
0.0
0.2626478068489193
0.0
0.0
0.6177284536096999
0.0
0.0
0.0
0.2947219590710227
0.0
0.0
0.0
0.6313588298548387
0.6622380965597124
0.17436009468488486
0.0
0.0
0.0
0.0
0.15043297623298468
0.22598187356855487
0.004222350903680152
0.0
0.0
0.0
0.049065508149845546
0.0606678278341167
0.0
0.7270464130328487
0.0
0.10142461274356224
0.3962218357109349
0.32162815463453626
0.0
0.7476145490734014
0.43439271534903445
0.7350269979908927
0.6854557565857813
0.5417026248858194
0.0
0.8539484464920948
0.0
0.9921959075320712
0.9534013306097252
0.7318759973258722
0.0
0.0
0.0
0.0
0.0
0.0
0.0
0.0
0.0374756250477526
0.0
0.4576657745373197
0.7492708873886053
0.05464091641399809
0.6477479083831951
0.9025235457040246
0.11184473177029242
0.0
0.6312319733511463
0.8971266652743338
0.8118426128087928
0.0
0.0
0.6673540587475736
0.0
0.09805996808319115
0.14511928065387544
0.0
0.6511255737529827
0.0
0.25387757716710624
0.598035028644843
0.0
0.9618026717851564
0.6343918304962014
0.0
0.4955250413513793
0.0
0.010285796255538613
0.0
0.0
0.03550410894952802
0.0
0.44835435291257747
0.0
0.0
0.0
0.0
0.1515869632936143
0.0
0.0
0.6125499495851163
0.25359905809006933
0.0
0.7571377029643991
0.0
0.9795764488662277
0.12607652631389143
0.0
0.9692016391690683
0.0
0.0
0.0
0.0
0.0
0.22651476660204858
0.7077996174884419
0.0
0.057382374765505915
0.0
0.0
0.20551804368560417
0.0
0.0
0.0
0.0
0.0
0.0
0.6585009617352052
0.9727795993034744
0.0
0.41549978681566047
0.020011924526739285
0.7557641955120901
0.0
0.0
0.0
0.1035360707535826
0.0
0.06350611656754261
0.5750149327966046
0.0
0.0
0.8786468641419215
0.038317105348459335
0.0
0.0
0.24172318985108518
0.0
0.0
0.5415792233763954
0.8318198157960989
0.1876075699662593
0.0
0.5946621134420118
0.0
0.5587618780428528
0.5772252323603876
0.0
0.6560411270367255
0.0
0.0
0.24906568785484087
0.40271776824220473
0.15356599270829524
0.0
0.0
0.06343854872619362
0.0
0.30970055939167185
0.6585918834512723
0.0
0.05390986082622264
0.0
0.05875978941840781
0.0
0.6529338351404692
0.614535920113929
0.0
0.0
0.0
0.0
0.0
0.584942445887284
0.0
0.06926983904473749
0.6913616132376964
0.2535684243028754
0.10842140614189215
0.0
0.0
0.0
0.0
0.7095934462550301
0.0
0.7141732249162068
0.0
0.7324199015346042
0.6859152888963465
0.7261328065557843
0.0
0.0
0.0
0.0
0.1427075629524856
0.2798040805903368
0.7330554331408187
0.47096363719512263
0.7174863393471365
0.0
0.8342244950980383
0.0
0.0
0.38233982090036994
0.0
0.0
0.0
0.0
0.0
0.4495212444463464
0.0
0.0
0.07277313922264053
0.0
0.0
0.0019395563000481535
0.0
0.7260281981527642
0.43536417450474785
0.7882211457208219
0.0
0.0
0.2801599888987896
0.0
0.010181886938904237
0.8879945304883003
0.0
0.9690164756422063
0.0
0.0
0.0
0.5362652124087911
0.0
0.6119634992601823
0.48887129607225793
0.0
0.0
0.0
0.0
0.19192680122268063
0.0135119703398591
0.0
0.4639306318568231
0.4579909317785664
0.0
0.6439693013283874
0.17075895253824644
0.1807287078171086
0.0
0.0
0.0
0.5661950513353388
0.0
0.0
0.0
0.2817784582014687
0.2098733637539632
0.03911516063829084
0.7653440032406849
0.4995738546485946
0.7121395587012669
0.18746428893636327
0.0
0.0
0.0
0.02828746798937103
0.9942469193252703
0.7355203002438744
0.0
0.9619790049351886
0.9599580885041157
0.0
0.0
0.0
0.716998019672367
0.0
0.9198606257464818
0.7950899555005627
0.6459561418339935
0.5781798816852259
0.0
0.0
0.0
0.0
0.0
0.0
0.0
0.09629628562179425
0.0
0.8046626751277798
0.9409899915919706
0.6234139685564292
0.6516143839451922
0.07490397351554307
0.0
0.6789456018707596
0.0
0.3197852188890321
0.6858216421979766
0.0
0.8599796787516911
0.1901054635901436
0.0
0.5950930176025753
0.0
0.9554357038151965
0.0
0.0
0.9086296494590845
0.0
0.0
0.9032860155940955
0.0
0.747142347938407
0.0
0.0
0.0
0.0
0.4382443850105831
0.0
0.8335609761809359
0.454065728265783
0.39899084181510175
0.0
0.0
0.0
0.0
0.0
0.0
0.0
0.6044455819958107
0.3011376636386859
0.0
0.21773969867338747
0.4240803395515199
0.0
0.48597090636516027
0.0
0.0
0.0
0.19307525634281603
0.0
0.7251029859921221
0.0
0.9292193759770777
0.0
0.0
0.11515531783981581
0.0
0.013177041841921214
0.9749217076821566
0.7444779372700113
0.636229820210754
0.8804687811274762
0.0
0.37713661649071795
0.0
0.0
0.29586804423228813
0.0
0.4760607593135627
0.6412270857816064
0.0
0.03507735714095767
0.457926892927653
0.0
0.11088160558597085
0.0
0.0
0.0
0.30865695702022333
0.0
0.13861919286837704
0.0
0.6484771813596072
0.0
0.0
0.46821539396559403
0.908301405475535
0.0
0.0
0.0
0.0
0.038733583055707774
0.0
0.0
0.0
0.45895682458025094
0.0
0.0
0.09941439057947826
0.7279746677984069
0.0
0.5787472995767319
0.0
0.3027863443613727
0.8115058181366914
0.0
0.0
0.2609574645433676
0.9076610271267924
0.22476891188320303
0.0
0.1656300947049777
0.0
0.0
0.0
0.909114122728271
0.7859558050232632
0.7118359213603406
0.3361549327486664
0.7345570017526986
0.5956556849191872
0.8558494608816953
0.0
0.0
0.0
0.0
0.0
0.2700781944415209
0.6529464135973657
0.0
0.8444820725793042
0.0
0.216516696675224
0.7889591388107718
0.16795474183645795
0.2066479806805049
0.0
0.0
0.0
0.0
0.12917622285748903
0.0
0.0
0.0
0.0
0.0
0.0
0.0
0.27567449955813295
0.0
0.3706555150785869
0.3721266907830689
0.0
0.12751459580693317
0.029718949896366652
0.0
0.8571251239973338
0.5099065521956029
0.6716150566090786
0.0
0.0
0.0
0.3577802466935737
0.15076273244119354
0.3659729256025312
0.0
0.0
0.2784532331053385
0.7172354428869807
0.7819859842978694
0.0
0.36896483338047065
0.1629885453909234
0.608645932730888
0.0
0.0
0.0
0.6767152307026856
0.0
0.0
0.5150721687338241
0.6874512938191307
0.013870029447999132
0.2582016554263
0.0
0.8878540869993328
0.0
0.5940960643175679
0.0
0.0
0.0
0.7942153319874468
0.0
0.4962122224672538
0.0
0.0
0.0
0.0
0.0
0.538525700773337
0.0
0.0
0.0
0.0
0.39235225350477115
0.0
0.0
0.990893803899936
0.0
0.0
0.9515054738927861
0.0
0.0
0.6127277516211159
0.0
0.0
0.0981048897499443
0.3833617465335029
0.0
0.2816728152713749
0.47285659423727777
0.46514473425732916
0.5826224807653192
0.0
0.0
0.03304574973370435
0.0
0.5706643573500276
0.10889815736894379
0.45112467080318125
0.27277969974941857
0.3846327917845863
0.6055150949574807
0.3474585422497689
0.0
0.8228330588641696
0.0
0.5979817582838702
0.0
0.7761517728207376
0.05785760357477765
0.23620280513071112
0.9801983495988422
0.0
0.0
0.0
0.2892999552160715
0.0
0.0
0.0
0.8699604522047338
0.0
0.0
0.0
0.0
0.0
0.5302898109967242
0.9737287343971145
0.0
0.0
0.9865335024944984
0.9090898066913583
0.01672601984588693
0.0
0.0
0.9324543517702296
0.7724511766158104
0.4102416437964374
0.0
0.0
0.8477505809811202
0.7102847625406652
0.0
0.0
0.9974286473852747
0.6860020950851526
0.719440171189508
0.4016800989360443
0.6706429611651192
0.28996209214245405
0.0
0.39728272173250495
0.0
0.0
0.39629576531660865
0.0
0.37176899203212815
0.0
0.0
0.42667537086524937
0.0
0.5849883193223055
0.42377208517765474
0.5109652820742261
0.1400949959417097
0.0
0.9250177867200985
0.9690628962087003
0.0
0.0
0.0
0.32527789236617355
0.0
0.0
0.5361506190779206
0.0
0.0
0.0
0.0
0.2919815593794259
0.0
0.4657175561503914
0.21091045837668895
0.0
0.728108888209432
0.0
0.0
0.2670062106544565
0.0
0.0
0.0
0.4697264280228093
0.30242955166676017
0.0
0.0
0.17312420498240078
0.7744255121810355
0.0
0.6110619425171318
0.0
0.0
0.8470073504033814
0.1371107760088724
0.32738868803694643
0.0
0.0
0.8030802003356382
0.0
0.0
0.006710193152401227
0.0
0.0
0.7298615926876478
0.8740753095454258
0.26168934667863925
0.1879281882604967
0.9285741271163439
0.0
0.0
0.009976327940812092
0.0
0.0
0.0
0.40213511607316715
0.43285333675719895
0.0
0.0
0.9713167185297908
0.18640274943620888
0.0
0.6889956274187934
0.8103553492435803
0.6469398903472854
0.0
0.053258053834535114
0.27405593860527167
0.0
0.6948406570623081
0.9395866038453975
0.0
0.26752889400863306
0.2363971903841519
0.6326552581456468
0.0
0.08966642307988779
0.7321367793431272
0.0
0.0
0.0
0.23493036242089704
0.4992236886222101
0.8517654630296319
0.0
0.44506200866621365
0.0
0.0
0.7161947261115542
0.4022944399901898
0.15019194412550327
0.0
0.705321335538227
0.0
0.0
0.0
0.33282312232909916
0.0
0.6849680645242467
0.8507258239344122
0.0
0.9524703974448974
0.36515683722300674
0.0
0.8650584686401755
0.0
0.0
0.5609606201235662
0.10452273624039274
0.4390240242664242
0.27872368597095754
0.0
0.9224588213338473
0.0
0.0
0.1969634485579343
0.0
0.2299035579951045
0.9214906894393785
0.7198658904781873
0.29336350192744504
0.5905745850253817
0.7058450338697472
0.0
0.0
0.3326672866906643
0.0
0.6648263710967126
0.6750290095363629
0.03946810667679018
0.0
0.9080025793057453
0.0
0.0
0.9221523839271888
0.0
0.37473546891689924
0.0
0.04906817529295374
0.0
0.0
0.23035737168779838
0.28230343660392704
0.0
0.27697794589735225
0.3147584770136877
0.02444531088974248
0.0
0.0
0.0
0.0
0.40361563420863783
0.21510466241945927
0.0
0.0
0.0
0.0
0.1515459589445698
0.0
0.0
0.11518411905887674
0.0
0.0
0.5556687017373466
0.057691874232166804
0.0
0.0
0.0
0.34228235208652735
0.0
0.8187497677842096
0.2677386230740652
0.0
0.0
0.0
0.683404128587941
0.521314774220199
0.0
0.301526098141585
0.0
0.8338465606765453
0.3685276727387659
0.3777581894603662
0.45679041568550416
0.7602392612198126
0.0
0.9035399311432624
0.0
0.0
0.0
0.6903058248873134
0.0
0.0
0.2353046405435871
0.0
0.0
0.0
0.0
0.0
0.0
0.0
0.0
0.0
0.17278301585163947
0.0
0.0
0.0
0.4782015295747134
0.0
0.0
0.6549543863131646
0.0
0.0
0.0
0.5592226471271842
0.0
0.8877760638946129
0.0
0.31359501560200576
0.11886032718300185
0.5294373599883422
0.03883191344237839
0.0
0.0
0.0
0.4995972690664935
0.046798286973692954
0.9760731123969844
0.9984716335627986
0.0
0.0
0.0
0.0
0.0
0.0
0.5913350190892521
0.6598285615784949
0.7046794187585524
0.5321567285307722
0.5613035306889571
0.0
0.4303548687765334
0.877762914204302
0.5381340745446674
0.0
0.0
0.8852297609276621
0.0
0.0
0.5287525206406798
0.7319950952932637
0.0
0.33133520414400547
0.0
0.0
0.0
0.922397940937477
0.0
0.0
0.0
0.0
0.710634784570517
0.632151047235929
0.0
0.0
0.0
0.6218845719994635
0.0
0.0
0.0
0.9774146743416774
0.0
0.400007022682618
0.0
0.91933597969843
0.0
0.0
0.0
0.0
0.190629175691949
0.37157366952273835
0.0
0.3978106314299566
0.4305850602408659
0.0
0.26188784658215086
0.0
0.12262831653806713
0.0
0.10810452656078717
0.0
0.4563748910450212
0.0
0.4976682280562937
0.0
0.6794150520895599
0.52820421990224
0.0
0.0
0.44558817250683447
0.0
0.0
0.0
0.3185497212663994
0.0
0.1351943902730436
0.0
0.0
0.45852403860734325
0.0
0.6023622460175436
0.0
0.16518593906059137
0.0
0.0
0.0
0.44226403584411567
0.9484003815516071
0.0
0.0
0.0
0.0
0.9525770018330161
0.0
0.9793221105786301
0.8397755953901054
0.0
0.9232404850922077
0.47504364934846766
0.7746915751296115
0.0
0.7851165227314107
0.0
0.0
0.0
0.8127545821740069
0.0
0.0
0.12802630673830512
0.7701409248399321
0.0
0.0
0.0
0.0
0.03526020963262688
0.0
0.0
0.0
0.7231527176093762
0.0
0.6400159140253542
0.0
0.0
0.0
0.0
0.0
0.23414668432519822
0.2749849130837637
0.0
0.0
0.0
0.0
0.3140393530022183
0.0
0.7334480210149612
0.25539741503598046
0.9588151537399956
0.2435876466462568
0.2210345334435014
0.8370247356772917
0.6392133778787993
0.0
0.7835870498039198
0.0
0.5787552415788234
0.0
0.0
0.9474187011702694
0.35934086726783115
0.0
0.8178950586846632
0.8471749216121741
0.06797328162172372
0.0
0.6715345569466128
0.6131514331667024
0.697072318587862
0.0
0.8546583772081843
0.0
0.0
0.0
0.0
0.7043991107903504
0.0
0.0
0.0
0.9208801770838393
0.5228663359193255
0.0
0.8902892112134521
0.0
0.4344282389000398
0.0659422723668282
0.32434592629862324
0.00573622347952423
0.0
0.0
0.0
0.5895446876899859
0.0
0.569185786827118
0.0
0.0
0.5027371998224152
0.26842500104357225
0.0
0.41058023060886695
0.0
0.0
0.0
0.0
0.0
0.6990044156840445
0.0
0.0
0.0
0.5896000565078356
0.8256397273893934
0.4297398006662689
0.0
0.5060316183326383
0.6664464206918315
0.0
0.058492220675990636
0.0
0.2317896887375766
0.0
0.01021265463378686
0.0
0.0
0.0
0.0
0.432032657326523
0.0
0.0
0.0
0.0
0.0
0.0
0.8453092508631905
0.0
0.8020386907099026
0.2975277931378432
0.0
0.0
0.346121750566764
0.0
0.889445861101098
0.08465264469436605
0.2440581201411941
0.23956462785764202
0.0
0.0
0.33401617638948555
0.0
0.0
0.09445058047621077
0.0
0.0
0.0
0.0
0.0
0.0
0.0
0.17444243071582724
0.0
0.5234356047465321
0.0
0.7929121192602964
0.0
0.8354068623043174
0.7219369771472904
0.0
0.5980457059472332
0.0
0.0
0.0
0.1411396874987165
0.9849185975288013
0.33449301486881844
0.8680278920746709
0.7767260077532193
0.7278765078770408
0.7025343122998867
0.9835723891424971
0.0
0.3524929410848656
0.24318476659291852
0.0
0.4303715537307313
0.630328175215224
0.0
0.041439304791806506
0.7211402171022486
0.7063446600455201
0.8919917453081743
0.0
0.0
0.0
0.0
0.13577808857693366
0.0
0.0
0.0
0.4919115755178784
0.6501750587807218
0.8988967370476598
0.23872301641487603
0.9353714783672498
0.0
0.02001565510955092
0.0
0.2699685313274945
0.0
0.0
0.0
0.5091650604557622
0.8090984799035424
0.0
0.0
0.0
0.0
0.0
0.48406249378235877
0.471486896667727
0.0
0.0
0.0
0.4102336535513007
0.10471942729367915
0.19054849424509987
0.3457141081425245
0.0
0.0
0.6999236171449269
0.0
0.0
0.36098157718477397
0.32002382055709416
0.0
0.0771127995940706
0.2779352082597847
0.646364484999755
0.0
0.6208834555841442
0.32558281135291006
0.8453191728276664
0.0
0.0
0.18951359820872027
0.0
0.986648296840303
0.0
0.0
0.32296350429246157
0.0
0.0
0.6200896926738814
0.6605894703250518
0.0
0.0
0.4572994008419699
0.3870773797949975
0.6561343271396154
0.5161861995647665
0.4155150600658395
0.0
0.7924407254278849
0.0
0.5203799580474613
0.0679678244297058
0.0
0.0
0.2529255696930603
0.0
0.0
0.41482869124000976
0.0
0.0
0.0
0.0
0.6643931225588764
0.0
0.7050463139177747
0.0
0.0
0.0
0.0
0.1806200305434653
0.6395399398412444
0.3277040826109036
0.0
0.0
0.0
0.5904477340365174
0.04913875606025455
0.0
0.0
0.0
0.0
0.0
0.8672180811029152
0.31983674672957224
0.9831389679765351
0.9209140796895192
0.0
0.0
0.0
0.33203712376519007
0.8630098278419562
0.0
0.4966497657689227
0.0
0.0
0.0
0.32908982252783875
0.0
0.0
0.9092286348546496
0.8660183512300146
0.21143373935398335
0.0
0.21326554915652898
0.0
0.0
0.0
0.0
0.37525628938171746
0.2566055035458599
0.0
0.1614662582854127
0.9113421519025591
0.0
0.4186430550868848
0.681277841024448
0.0
0.6386088971642966
0.0
0.4392372223196187
0.0
0.0
0.42962564141417176
0.0
0.0
0.18957784005744335
0.0
0.0
0.0
0.5052263847455717
0.18713595291367272
0.1561911354775933
0.0
0.7051832322994273
0.0
0.0
0.013563000368851743
0.0
0.5250458510639462
0.0
0.0
0.44468493525178804
0.7809558913853936
0.0
0.0
0.1262507354354777
0.0
0.0
0.0
0.0407779392523103
0.7882668475419055
0.13004492712319277
0.0
0.0
0.0
0.0
0.7357284277127579
0.0
0.0
0.0
0.0
0.4782621618089446
0.0
0.3063837457234695
0.9359024155819556
0.7254685450802784
0.6659756642531948
0.0
0.0
0.0
0.0
0.03830733327198049
0.0
0.17236173719612743
0.7095867266987753
0.3596257456708862
0.3089830517547904
0.8320963597374944
0.7231252598003024
0.0
0.3329860657172108
0.9214779906388645
0.0
0.0
0.8551714445240612
0.2137985249144258
0.0
0.824135485359379
0.7817805090107192
0.2859156202042984
0.0
0.0
0.0
0.6756080753559572
0.7425388237689275
0.0
0.10985839526719614
0.0
0.4769676477172008
0.0
0.25760112389997303
0.0
0.8647071763003541
0.0
0.0046255315331775035
0.0
0.3556634393422446
0.0
0.8160323721614323
0.0
0.5766755139413899
0.019702560655479776
0.0
0.0
0.0
0.46657840789401783
0.6768290656383475
0.0
0.5326130233960278
0.0
0.0
0.0
0.054590395607899626
0.0
0.0
0.24549025665503002
0.0
0.45167621421698684
0.37674631229725863
0.0
0.0
0.6282139233716777
0.0
0.0
0.9653958121628373
0.0
0.20462579945671389
0.0
0.5604448862155802
0.5074789288408796
0.7132027856230503
0.0
0.12403183815320608
0.0
0.0
0.40709588624708426
0.7189207499107124
0.28943188966545397
0.10735167898109735
0.09489326425540932
0.0
0.0
0.6340935156926987
0.0
0.0
0.2406078859717519
0.0
0.6486498230103711
0.26339476805465645
0.9716330884149322
0.41592928874271606
0.0
0.0
0.4620325575949889
0.0
0.0
0.021272490226453077
0.03985322041822055
0.8114265972370714
0.4379272974185623
0.0
0.412619535273143
0.0
0.9634263171717993
0.0
0.6518799696630162
0.0
0.8982813372515992
0.033976572962773684
0.9678019712984748
0.0
0.0
0.20903191220941514
0.6153097291660888
0.9352736995057028
0.07530827687219738
0.0
0.0
0.0
0.0
0.0
0.7810375291945775
0.0
0.3749402597220995
0.07689607074074595
0.2108568873609687
0.35399927461496217
0.0
0.12667256672345376
0.9947860946812315
0.0
0.0
0.0
0.19480533636416147
0.4356361992789795
0.0
0.14578894992594701
0.0
0.0
0.0
0.0
0.0
0.0
0.08809072871485175
0.7678050571782727
0.0
0.0
0.0
0.7039197086164888
0.7579549987727896
0.0
0.0
0.5175555259025846
0.17699144457427624
0.24780129009601742
0.5827141113278014
0.0
0.0
0.6652105860162262
0.5556349190394251
0.0
0.7233794806115029
0.9877290936214206
0.0
0.0
0.35437092771254164
0.5546584628926926
0.0
0.0
0.5115827006930287
0.0
0.8071939237516118
0.5802910375274987
0.0
0.0
0.0
0.22731825688196688
0.7514548677207482
0.0
0.545670001236019
0.0
0.87610856262484
0.0
0.0
0.0
0.0
0.0
0.0
0.0
0.0
0.0
0.0
0.0
0.0
0.6090778406560278
0.3597021202491333
0.0
0.20760969306080232
0.0
0.1452899358097255
0.0
0.6289730536015746
0.8475693087939408
0.6045822717194068
0.453832152885568
0.0
0.0
0.5566483083313227
0.0
0.0
0.0
0.0
0.32199639033892385
0.6656698279102884
0.5718228704513225
0.418419365020486
0.32115459923077727
0.0
0.0
0.0
0.0
0.0
0.0
0.0
0.0
0.0
0.0
0.3259350479257518
0.0
0.7154873971395723
0.0
0.0
0.13971732421850264
0.6601602307516998
0.9877528925014664
0.2551230419324811
0.0
0.0
0.0
0.8184478632634754
0.6236361480266998
0.0
0.04515890347711515
0.0
0.25093241105291125
0.5535795832558743
0.24603328579309683
0.5126438392959068
0.0
0.8744094532173381
0.0
0.7322671767375166
0.18064134004699095
0.7336165854835692
0.0
0.0
0.0
0.0
0.0
0.4558285781916459
0.0
0.0
0.0
0.12357921941898446
0.0
0.46667094792693187
0.8715389930572095
0.25017044665601224
0.0
0.0
0.6846583759156825
0.0
0.0
0.0
0.0
0.0033696706529224795
0.330423174634267
0.8998486380228308
0.0
0.751903637467085
0.0
0.3948120323413017
0.9655754438764934
0.0
0.39993277086635554
0.8444671386381178
0.0
0.7587517311587845
0.2437128473343409
0.0
0.0
0.0
0.0
0.0
0.5588945858673484
0.5529870026891104
0.10999208197810799
0.0
0.0
0.2680229205661667
0.0
0.0
0.5112444561995382
0.18981699633465185
0.4040087526202004
0.0
0.8804565109211698
0.6687412407307421
0.4342537364219183
0.0
0.0
0.0
0.46760232644207017
0.0
0.0
0.0
0.0
0.0
0.0
0.930580042467252
0.22729480984449316
0.0
0.36970597396458316
0.0
0.0
0.0
0.6566984050399778
0.609277932866606
0.0
0.0
0.2920986855675445
0.0
0.060890852517823835
0.2592983030907195
0.6891420411030211
0.21759759249038937
0.0831720529406537
0.7219207751753248
0.0
0.7306220466040942
0.626913182091809
0.0
0.48038624769207317
0.0
0.0
0.0
0.20585394969869902
0.0
0.0
0.0
0.0
0.0
0.9777617905037237
0.0
0.0
0.0
0.0
0.0
0.0
0.0
0.0
0.0
0.774011547086485
0.965458777437792
0.1753902361874679
0.0
0.0
0.31920522627032444
0.0
0.0
0.44716991412903384
0.027202623236396696
0.7295697039733959
0.0
0.0
0.0
0.0
0.972211808770356
0.43570826153850506
0.0
0.49678214036361024
0.52020421402505
0.1287444046817037
0.0
0.9341038278883026
0.0
0.0
0.11683573193005183
0.0
0.0
0.22642125703711763
0.0
0.4282714677567302
0.11048849154856176
0.0
0.48801229814117925
0.0
0.0
0.0
0.2583031327845069
0.0
0.0
0.0
0.18901058284084393
0.8239902006862527
0.0
0.0
0.0
0.0
0.0
0.0
0.0
0.8287655177195803
0.0
0.0
0.02035699161189757
0.7780666160018541
0.0
0.10156885563194147
0.7858564499675116
0.8036807615923183
0.0
0.08336833342028259
0.0
0.0
0.8629927326863094
0.0
0.0
0.0
0.7163052746420197
0.0
0.0
0.9436792335909562
0.0
0.2547495240917585
0.5183690488373627
0.2975023028106798
0.4465867081295996
0.0
0.3930480970008911
0.671789263887234
0.06923353392066617
0.0
0.1996700179219187
0.3880704462761323
0.0
0.0
0.0
0.06320887639378801
0.0
0.0
0.0
0.2522947098294566
0.0
0.8493022940021685
0.6161137263320958
0.0
0.40889209240979796
0.0
0.0
0.0
0.0
0.0
0.0
0.12670728943067447
0.0
0.234255383062166
0.7544432307682167
0.5943491165879783
0.0
0.16696971921820392
0.6380045328892754
0.0931600475922137
0.0
0.42641119414303924
0.0
0.8627508230606391
0.0
0.0
0.0
0.0
0.20524203176798256
0.0
0.0
0.393342532804963
0.0
0.6064470449321431
0.0
0.0
0.0
0.006048084454301543
0.0
0.0
0.3375962752689671
0.8425525076209507
0.0
0.7303894199930612
0.0
0.8506073155092975
0.0
0.0
0.0
0.1309634454889113
0.0
0.648664173802743
0.890422143868218
0.0
0.9667439149687376
0.0
0.10421005901434054
0.8571246400873066
0.8333750610161004
0.6181535603787992
0.0
0.0
0.3212267017075605
0.11306552741895386
0.2748853516927222
0.0
0.9803340555042661
0.9289868948481318
0.8777171145654062
0.7975405739260181
0.40296414889746657
0.0
0.9056757228517048
0.5431731313642445
0.0
0.0
0.36929664912556914
0.0
0.4740634445356071
0.7264854142127821
0.07745853307147457
0.8486216204169367
0.0
0.8328568706944693
0.0
0.40645813796217606
0.0
0.9822500123213999
0.0
0.0
0.0
0.0
0.0
0.25441875434191485
0.9434123577537268
0.3096167553895821
0.7417214407971525
0.0
0.4384285489684312
0.23307938897405875
0.0
0.25867499413710765
0.950995818317829
0.0
0.007228246518809285
0.0
0.0
0.0835970717145394
0.47707797161162196
0.344727516979304
0.0
0.0
0.6582032672157085
0.0
0.0
0.0
0.0
0.0
0.0
0.0
0.0
0.0
0.0
0.10168959721831174
0.7802037197513786
0.8531637704896367
0.0
0.0
0.42705554438308346
0.1084808733959987
0.0
0.0
0.9588106565565085
0.0
0.0
0.6817242442947922
0.560320583420463
0.3954156489304947
0.0
0.0
0.0
0.37010329204305703
0.0
0.4976602547853219
0.5517261521728896
0.0
0.0
0.0
0.3376199464840441
0.0
0.2873935764670709
0.0
0.7486941608709212
0.5111246977922936
0.32368809968757695
0.9549736171374362
0.5028902465029111
0.09608835093086682
0.0
0.0
0.0
0.0
0.570842374201527
0.0
0.0
0.5955096078101931
0.8377604584468186
0.0
0.0
0.0
0.4460439144091853
0.32016792715560527
0.0
0.5994550559106351
0.0
0.0
0.9633506916114758
0.0
0.3300981814261782
0.3307162342773569
0.0
0.0
0.0
0.36522377174732557
0.0
0.2414972365754663
0.0
0.9124824207083511
0.0
0.0
0.0
0.0
0.24227944385723488
0.8921665463599254
0.20362252661407132
0.0
0.6142371703784717
0.6435177687051838
0.6470173138585447
0.3995344034907678
0.0
0.19488391030261465
0.0
0.0
0.0
0.0
0.0
0.0
0.0
0.5319230155412915
0.0
0.0
0.2522297442775042
0.0
0.621339710970063
0.0
0.15221402650006327
0.32589368997042417
0.0
0.1880060076911905
0.0
0.7386734796359684
0.0
0.2739205812028868
0.0
0.0
0.0
0.0
0.6007726027708081
0.0
0.064293609596354
0.0
0.0
0.0
0.0
0.0
0.0
0.0
0.42075263340740127
0.92440567610931
0.0
0.5003464531665744
0.007824845714877801
0.0
0.94502163038043
0.1294477472436981
0.0
0.8134910540916354
0.45763447874282215
0.0
0.5556822053121482
0.5237597479170618
0.07565060490012639
0.0
0.12441856503843149
0.0
0.29343550886668934
0.0
0.0
0.0
0.02580092277254809
0.7563672697390228
0.5535852377320508
0.0
0.6494878545282813
0.0
0.0
0.6709719925350747
0.0
0.9180500907911334
0.0
0.0
0.8567508610799304
0.0
0.0
0.0
0.0
0.0
0.0
0.47483739254942614
0.0
0.8832504177613467
0.0
0.13199537387601032
0.0
0.0
0.0
0.4005864613130173
0.017279254473483857
0.0
0.8141473840771983
0.029717830364727665
0.0
0.0
0.0
0.0
0.8023756336456409
0.3291131439475697
0.6118978861045621
0.08058947572370018
0.0
0.995556182913948
0.4989080109546938
0.17750582627009537
0.0
0.7501276892821082
0.0
0.0
0.4413088309988591
0.0
0.6338256789871216
0.0
0.10127847306815313
0.6186291876141198
0.0
0.0
0.0
0.0
0.0
0.0
0.8547610271443403
0.7586098135046823
0.0
0.0
0.0
0.047750245390706256
0.0
0.9618483132196847
0.5346863955670987
0.6760620857088048
0.0
0.4973771602965567
0.8588419272101973
0.7669920742654658
0.0
0.7151123707302999
0.0
0.5833295150223067
0.0
0.29537484761305743
0.04953957054953066
0.6420074068302408
0.0
0.31856829226302924
0.4206508041854123
0.43377927934044336
0.027876957883980945
0.7344583380721946
0.0
0.0
0.43504118068458525
0.47341126664512956
0.0
0.5142729270009831
0.0
0.0
0.0
0.0
0.6848733517505221
0.2698277663512074
0.0
0.11595975700670512
0.559004563330194
0.0
0.6102024155465063
0.706237153453982
0.5671348205955848
0.7012980251285534
0.44222714447353373
0.2536256145889179
0.0
0.0
0.7677538723095277
0.0
0.0
0.0
0.9507671746582259
0.0
0.1743305295034182
0.0
0.0
0.311920618720207
0.0
0.0
0.2775065565170922
0.7350832704609214
0.9622446857078513
0.5026538257163431
0.0
0.0
0.0
0.0
0.33595531170595666
0.29856537302392794
0.0
0.013929073964997405
0.52922322581896
0.016281029969331662
0.0
0.0
0.5944753822868496
0.0
0.0
0.0
0.8215946866604544
0.8330473452411642
0.2933238485283416
0.5134475095406469
0.0
0.09975901882417752
0.0
0.0
0.0
0.029882161563032045
0.0
0.40988816598004574
0.7426282392901024
0.0
0.47348467098110153
0.23680591854918004
0.35246529881129834
0.32162112270293763
0.0
0.0
0.0
0.7412280082018223
0.23899844092225883
0.0
0.43888750704310514
0.3435171378996239
0.4066750662274832
0.0
0.4302992944257388
0.0
0.4641807526873753
0.0
0.0
0.6940192751180305
0.0
0.0
0.0
0.17134747720875373
0.0
0.0
0.0
0.0
0.22429146813060766
0.0
0.0
0.9677091802297543
0.7114127157691019
0.0
0.5202187169534584
0.0
0.0
0.0
0.0
0.0
0.0
0.14771488593149013
0.0
0.0
0.0
0.0
0.0
0.9905587322451698
0.0
0.0010414743978747777
0.5301970455849079
0.1369689273019025
0.2932559369662506
0.0
0.6526365724205223
0.3618363939384673
0.9358616740824717
0.0
0.6204101611695173
0.49816511156614746
0.0
0.0
0.0
0.0
0.8342894060998952
0.8398705205737905
0.0
0.07764710465667755
0.0
0.0
0.0016656529589276672
0.8047335709620881
0.9653981824621672
0.0
0.0
0.0
0.7483217603631994
0.7260463534539708
0.4898011887895553
0.17927828927651998
0.2321327451978392
0.0
0.0
0.24526359813715434
0.7478431154635016
0.7672017578387755
0.0
0.0
0.2661241980162007
0.0
0.7114852676133494
0.34174739387223696
0.5905995306117537
0.0
0.0
0.0
0.0
0.7442306754693703
0.0
0.7360476131363625
0.0
0.4223472843132022
0.0
0.0
0.0
0.0
0.0
0.004117635810904854
0.48670858619361806
0.36555495261053006
0.0
0.0
0.0
0.9183804390592805
0.2726751985144659
0.38622549228570957
0.0
0.18527222913611985
0.0
0.0
0.0
9.384381632112892E-4
0.0
0.6218984812415487
0.21737930808102293
0.0
0.0
0.3032065249024321
0.0
0.0
0.0
0.7347162069348263
