1.54475410187537
1.55869479965067
1.52783717159339
1.68802922750244
1.86481958466049
1.53470845144766
1.56511968600464
1.19993730429623
1.3350444749146
1.46144020364189
1.41825241381675
1.38759236830902
1.40388150882342
1.23497833392362
1.51659249370097
1.24023624404509
1.24248435044918
1.43536381254942
1.2344943916686
1.25349511367217
1.3626974882359
1.2985702607954
1.42945781033204
1.19341007525065
1.50626584823382
1.31592065859048
1.23323436241064
1.52937634107187
1.40593796509332
1.56753219906384
1.4937197278216
1.30736158071174
1.13549753842239
1.29419196683852
1.43236426068352
1.18241242191019
1.14939597663778
1.16836284429035
1.85460668936091
1.719531388037
1.96801629869456
1.62726610264605
1.71856134297533
1.51593568470577
1.29186256845772
1.41406649134689
1.23833983271257
1.1116023219759
1.62417125212701
1.04478597581551
1.63588182322843
1.20394950140255
1.2506934017819
1.58574400265305
1.77377716493335
1.22572049356997
1.28547747315571
1.59115938687626
1.20147390351032
1.48973532541766
1.27107586622898
1.55696184054154
1.76799793010032
1.47625599892987
1.89711037574986
1.38806294886075
1.8366439256871
1.60983845807929
1.37817814523377
1.86750818085372
1.78968417845629
1.22243211581575
1.47155666725523
1.31419203103825
1.59158808617507
1.27240006022686
1.4390263512421
1.88925833388507
1.47139389695622
1.12523917210718
1.14165046535564
1.45292371197683
1.19717805911099
1.22079318463907
1.16505096455048
1.17691446856935
1.37671352722868
1.21221725085288
1.23909008675586
1.4133125393878
1.52813907807834
1.45236204612987
1.50215795737717
1.47491071058819
1.46059942983846
1.13114832262519
1.56717185538601
1.52905312930003
1.44907178144417
1.49537505059771
1.40839195023528
1.39517943359535
1.38611591095193
1.5389286681254
1.40805002584548
1.15709616185422
1.15894314281503
1.06870112642573
1.23447861871562
1.25078871735142
1.48842999672376
1.20903601903438
1.09204302200852
1.13644941103137
1.12925472920213
1.16834495659239
1.10898968975619
1.09760038443227
1.12094559875825
1.25709099820887
1.67261349682565
1.56292682050816
1.13570107769158
1.78316246240968
1.30960137309037
1.13068642970479
1.17409020598563
1.3246822876695
1.36580892799021
1.50185549822248
1.33810153888164
1.31006896008244
1.75895495911235
1.12845892507418
1.13101409606049
1.34340926044266
1.20973250566428
1.35362744366234
1.36664787090941
1.23456097547031
1.16759824739682
1.22792670652553
1.57613989812391
1.50916782173897
1.63804693559217
1.31372103225138
1.26170151761505
1.29042196446429
1.85079839735379
1.37964653307034
1.49770658007502
1.73072949265872
1.19158653576743
1.45055045721026
1.1898776769292
1.15278819910057
1.29075038705815
1.1712083610286
1.46073635835382
1.42129147061553
1.39287118008595
1.13638451073386
1.1355486177462
1.43580139710457
1.10832230443083
1.49491330924378
1.64512319404421
1.30632102927239
1.63099256989066
1.23618055360498
1.43649718443758
1.65272753072499
1.38721141612897
1.60820313349841
1.61870849477078
1.3412711473883
1.19727611534344
1.62111715595553
1.21713033402344
1.29549651545448
1.49379011102035
1.55795938890685
1.57317018464932
1.64436061725193
1.87636930347907
1.77900814186469
1.88172179486376
1.32042687795375
1.86359414357996
1.45455953674084
1.16581314248694
1.32897072745958
1.47290686942871
1.76771223419036
1.25274235768756
1.32945079384884
1.71425801895618
1.44053045100858
1.17998180878366
1.1627561964516
1.4997272276214
1.8340222640012
1.22568889803476
1.72025226470066
1.50257326046394
1.23279709909664
1.12496466178373
1.22687977142032
1.43311232673614
1.12929734791152
1.11471282387224
1.39536734530541
1.31917175438797
1.06419399439658
1.06491555481592
1.16457927811896
1.2033220621516
1.3071883936903
1.1032834986337
1.51575005474453
1.20740581338088
1.32037254027972
1.17950525174282
1.38645417266583
1.10449160789818
1.33800534035419
1.16722153350452
1.18673593989694
1.46179969472759
1.23971339523237
1.28157941260631
1.25936430036868
1.09972543581476
1.15827368563695
1.23658690746151
1.17295795074153
1.31450931392461
1.03146260606468
1.43633110812034
1.44136746419192
1.20789430213273
1.15242491708288
1.20026068360868
1.34574771632693
1.1206655169623
1.37934211844097
1.12792059166907
1.26413451364722
1.12677102846126
1.36881209154146
0.986241088811844
1.16765379638888
1.40018561998335
1.18698088068474
1.46061936052069
1.5404837804332
1.24128823617272
1.34513655853639
1.6900386128839
1.27117509623318
1.3729530217746
1.77282394787648
1.54899160746597
1.36251833289794
1.50935163600505
1.83598914459025
1.23782964184181
1.25845778093449
1.39551613311268
1.53514288831401
1.31234814476237
1.51989692443175
1.43284875529679
1.36504738654426
1.43162446581187
1.31699303842705
1.35734966932148
1.58697497879876
1.39790637003619
1.58941289396609
1.43403464191342
1.31574011573494
1.49272304212766
1.9075866331673
1.49876685422828
1.23715623732638
1.5059142664102
1.44094701573451
1.27178808672714
1.86405056821815
2.0060455503303
1.30074764825636
1.44151612894202
1.57626562002983
1.40525321711347
1.4624578457789
1.34803741087223
1.55599484858429
1.38279907825263
1.51515492423859
2.04146257483316
1.45378457253244
1.16394772458026
1.09544430641546
1.08713194569332
1.31580272288651
1.12537287934935
0.950158417040582
1.28399604101155
1.08878218125636
1.18374280182581
1.28256876575445
1.22580589025728
1.26286771789525
1.19752348619975
1.31337078225867
1.47029539985152
1.45127214212182
1.42061275144536
1.60096769911061
1.23501792471867
1.2325602247547
1.60651078840614
1.39285052908483
1.51551605173328
1.47842045468004
1.30503763488186
1.50765309478267
1.47803947661909
1.07503131051803
1.16441777905198
1.58649322174108
1.43387532269828
1.32352445329055
1.46360914005502
1.2994256209743
1.38081472528198
1.37079347683566
1.56042662889747
1.36565560638866
1.63124302241755
1.2936741038897
1.4644218142325
1.23623672894798
1.50221774828595
1.6285532623952
1.34207342146177
1.38057632913465
1.90289832493666
1.91045586815023
1.85393696505792
1.72994429690905
1.4303993761476
1.27386167561243
1.52510745039842
1.95283749017642
1.41468573988373
1.59229149950245
1.19442796487076
1.4744584693296
1.12224230536463
1.37690550299297
1.44248204074429
1.19315175527303
1.05362479130127
1.63837466470588
1.80107909592092
1.41748570657958
1.21831608092014
1.34365442567931
1.22000070280824
1.30188124282062
1.14278769630271
1.40795754858475
1.5037364090391
1.18066657807956
1.31365366099406
1.34207342146177
1.19978931564147
1.64834196998074
1.27718386510457
1.71878491512671
1.85795880195534
1.49720828646559
1.77247412980171
1.43187163342805
1.73560844196846
1.64107930892628
1.27512254313066
1.94871752699051
1.58305370337768
1.64025954924484
1.2741270328832
1.17832639347897
1.45533194382443
1.22204062568162
1.49271302464193
1.69817272407915
1.33733794195232
1.43860149148336
1.05366282757235
1.26913849290467
1.52880053634605
1.1481116804732
1.18337543213874
1.3978646758279
1.32398414936803
1.6821416986819
1.48903810507234
1.78154055890921
1.460002082167
1.52596457543664
1.20430274282337
1.36521772785312
1.17688612067739
1.53904951057797
1.16331905406672
1.07910897852862
1.01314717146281
1.15070855254599
1.51394488808201
1.42529870660898
1.21391669813048
1.54647061327067
1.46489002241731
1.69752679573025
1.80162445988182
2.08910425205726
1.7121400676087
1.49904313203148
1.47372826531895
1.83105387436206
1.70020361092256
1.53728002500632
1.16001825895591
1.61067348081211
1.23291096371329
1.24318935420481
1.23595716928785
1.23755845240966
1.08727913763237
1.17558303188359
1.75163273837993
1.99741169677024
1.61812386112188
1.16012210168427
1.37568795920845
1.26108688596699
1.2704566167833
1.4470000801351
1.16336776481602
1.15372207110159
1.30356422589878
1.30663257557015
1.24791847665479
1.3663702588024
1.52351931760353
1.19177731974962
1.1914476690925
1.17384604647131
1.46262427520131
1.25552873130196
1.36979527559024
1.36368605758604
1.32599764987464
1.24871007518286
1.29890726135299
1.23687803130976
1.30868411931591
1.29262321193249
1.19176378663332
1.32577216729314
1.39742471979913
1.26575837914525
1.31501661870981
1.30731117183324
1.29864379043849
1.2776245995389
1.13673568301455
1.38798483898972
1.61847514826628
1.49773319365892
1.53387008496192
1.59627859986285
1.47537149270067
1.1938855940966
1.51864498694457
1.65342593380959
1.56309161135473
1.7657082699145
1.27253301638023
2.10469052884794
1.82215107830119
1.40906556656333
1.73460146724381
1.71664051558948
1.68067486833074
1.65676747681207
1.74477891786387
1.66082831576429
1.43006114871122
1.47791234625927
1.09445316723045
1.22638766907231
1.12063453296065
1.01358718680771
1.23156784255127
1.3592262350136
1.41108171895714
1.2033220621516
1.22961648516098
1.05094102632656
1.20437217251644
1.20573744735333
1.10449160789818
1.12647541065325
1.71644364428711
1.33067176954974
1.22824824445224
1.33128128196186
1.20368726186515
1.43738230317739
1.16638389430277
1.35431344050213
1.84257142180281
1.47107528699248
1.54389249138122
1.32689159247692
1.51153491914391
1.40374648025881
1.22336200011825
1.40482104899707
1.26958715426267
1.30249052703988
1.61953675646944
1.67593521882851
1.5327267683354
1.25468481510727
1.28634009791566
1.09052102735853
1.22044133034584
1.31440184416686
1.12957675844787
1.17310232845589
1.14123241406056
1.56807741425934
1.2136553460439
1.62409550875393
1.49608694433983
1.25132786144601
1.35063970314431
1.46649211913584
1.42188738905918
1.28148499725355
1.29753371825167
1.69087023741129
1.64985580092086
1.66281847409084
1.4390263512421
1.28159262629094
1.63138647768368
1.55876549175193
1.58649322174108
1.42260970807853
1.38179879643608
1.42490613626496
1.57154930542689
1.85874673187751
1.2302246686117
1.44324262098877
1.47736293937759
1.24318935420481
1.46982455957105
1.09759622428045
1.44754165379395
1.37527061237743
1.35634892082535
1.8631432558851
1.41899019139151
1.36100648235932
1.44067415415814
1.56577893955088
1.38066593162307
1.38115441358754
1.11609825364588
1.33372390112963
1.13788912758083
1.30503763488186
1.28535658679479
1.39894477562939
1.35898326962117
1.29522031456633
1.70947624370091
1.37215615000626
1.75875700070848
1.19424626249678
1.20333737303108
1.52250979261025
1.37377470658199
1.87787742174805
1.13162270105415
1.25287238072152
1.54256730449238
1.48476353221604
1.29672738587002
1.34019400417285
1.39188496291899
1.46974700203811
1.30776261437447
1.60639558981612
1.33251276833574
1.42828568570857
1.24773405731261
1.50550435646893
1.70815727967728
1.38082024203599
1.10328779790994
1.14928345671984
1.1857310740086
1.39459484095137
1.04528961799471
1.33764198072358
1.23682848822068
1.13628987984716
1.36627942186684
1.35351266258494
1.26051017836561
1.8104514774371
1.50022591363771
1.76500973191127
1.46873670206746
1.4012511618529
1.21710107797734
1.22579252673285
1.21456598390415
1.29493768484814
1.09640616501648
1.2796863203154
1.23188135119811
1.06865566613494
1.59096242033006
1.4602318894444
1.40201330171505
1.3071883936903
1.36358199876169
1.20994511902114
1.72237056818492
1.30821308862921
1.24913164282677
1.32373418015295
1.30577864417176
1.36683706002296
1.32467814192928
1.29348621019465
1.4239886811953
1.30844457580337
1.49240205011222
1.31708127675142
1.50085552888814
1.36166448617216
1.10310387177611
1.54916939192847
1.52839370347582
1.27151620997226
1.24252920432299
1.35800653800671
1.58032382631228
1.16104970733492
1.31714045768125
1.68144236923038
1.45127165384889
1.96809623183872
2.05449625483015
1.91497633242333
1.35063970314431
1.84127541092822
1.54210544868132
1.3882063941037
1.2265700685129
1.12577134050886
1.32530723820345
1.49184605766256
1.85481730157507
1.97915513884494
1.25342209086557
1.09050760359463
1.22792670652553
1.12881072152247
1.13745452302504
1.17025868314981
1.45212295229919
1.15561986287579
1.40110323594579
1.39124377038045
1.09860636309967
1.30858348161568
1.29127613692478
1.33759761336638
1.60186456867361
1.28103737543796
1.13099874591677
1.20180620398109
1.31014884527026
1.18292620786983
1.28029506707678
1.07794743065945
1.16348433200294
1.24778303970375
1.05469729416277
1.38536420671994
1.23827064920407
1.41978311176993
1.09034562105662
1.33629878561811
1.61445295172493
1.64193102778405
1.37426748164654
1.33442583855159
1.69636281466582
1.5900569958338
2.13010008893688
1.23623672894798
1.17389509371284
1.23317761932997
1.30672590713274
1.24398347859772
1.33428773676857
1.42370724469397
1.35501830886041
1.30299105440898
1.33003418366041
1.40482495822978
1.04370531799753
1.33554437740331
1.13370779628039
1.15090703638487
1.40013559126809
1.24929841422207
1.48570093095341
1.48063247769783
1.55337238641429
1.37203284781653
1.61513565821712
1.42237338071899
1.45071186294765
1.46186404472535
1.23093122506459
1.27831050033267
1.18039413767095
1.60141445943092
2.00948096461886
1.67321714437932
1.84717783990124
1.44611475137683
1.35834859068403
1.67997720513206
1.24365780518379
1.37154060050231
1.16516180885589
1.4912876470929
1.56652542694503
1.61668836334413
1.33599842488028
1.31822743432008
1.14127789572074
1.38022204783767
1.29572614776426
1.43108367788073
1.314278078227
1.23357237143978
1.21317643076108
1.20634086841834
1.74172403316649
1.23827373823658
1.68439792142764
1.35596035053471
1.48954691097662
1.6587886728306
1.6875971039501
1.28174079998938
1.35781246534383
1.31825099577805
1.29981187475854
1.25894156906269
1.25666852068253
1.92154271065956
1.33948670339954
1.30961127842564
1.3795945962492
1.41000780879909
1.49073453956056
1.45514123031559
1.82939837371834
1.37661521292061
1.37661521292061
1.76656598673458
1.42055954816037
1.57861687878978
1.2085524959585
1.4544372874169
1.20333737303108
1.46533438542577
1.25536956122919
1.64030804221524
1.31134545916219
1.29300251857394
1.15280325910702
1.36841885147101
1.45074710399963
1.57396350374178
1.22596334003555
1.17884196029279
1.480869644238
1.29415686006684
1.53467634330049
1.1675555408815
1.28133665571677
1.57524799634851
1.66288633773395
1.26157761932002
1.24227268455918
1.44473384452614
1.03678299498311
1.54496831143339
1.22637105697572
1.44946037343201
1.11317481253634
1.27759742207884
1.27181312255725
1.38641310411105
1.50461673783651
1.16797181612627
1.27499799804709
1.0906394463467
1.26677735534087
1.09410542491983
1.26923996800128
1.40333803443393
1.05485713184019
1.12164528792637
1.13812704908968
1.29102052085192
1.36323774880368
1.14146135623497
1.30114718047605
1.28058445326738
1.31844230351948
1.16656993646616
1.20532089405575
1.37941129010494
1.26089610407074
1.33740153065852
1.21135310556909
1.7754729632271
1.28542765764494
1.32085213880026
1.31804684796307
1.14964517472905
1.17755336399509
1.53062172278744
1.37043989763818
1.32045545464804
1.25847734793312
1.11299009034557
1.27320732872829
1.24379660972365
1.27336738082885
1.40737071114689
1.21970589439457
1.21021644336757
1.54332838260274
1.48082179207006
1.32073702768856
1.643045516288
1.19752348619975
1.55408778592841
1.4632172834525
1.49096746619796
1.56489261257407
1.67238082950292
1.54633325707951
1.8886634144859
1.52064347565635
1.71377131419187
1.57921613818727
1.77417621649191
1.72269666879487
1.89087665933459
1.64833143747784
1.5077027590112
1.37888443276134
2.21705823609174
1.74239916813316
1.72732772472224
1.53202405833553
1.38524911395379
1.42522238886068
1.58415548830003
1.24077805713787
1.40906939540657
1.3550630209759
1.22691538327211
1.50232965820669
1.46177921362556
1.43144564531369
1.36230274321545
1.47034364379182
1.49757326847285
1.67863675573656
1.38965609479158
1.42765347491765
1.27395818558412
1.13912056572836
1.20570835565193
1.09766988700565
1.51710100213541
1.61161689857664
1.25220058564486
1.50553718631848
1.3625
1.54647061327067
1.34376267157237
1.2874629862808
1.72627021572804
1.38017334861322
1.59532682322541
1.6236132448403
1.48337955194371
1.16996820370044
1.078917281352
1.72552080606239
1.05664814942854
1.58044578951804
1.46404634293915
1.90230976754929
1.24692923914671
1.27942600698444
1.32591272435526
1.38027538653687
1.51642556205729
1.46042112457712
1.47382697836021
1.18841249700537
1.12229518633057
1.08687486784699
1.13018097125097
1.46634630468412
1.30576511149608
1.35531361684298
1.19563984110641
1.53205682543463
1.62506914438816
1.38173134865095
1.36206503640228
1.39899107126281
1.41253217071899
1.21106534799335
1.22362749244293
1.28467536839242
1.21949808671342
1.29015384446953
1.17113236547927
1.57788346528229
1.15589689967553
1.42960054468724
1.61330674241594
1.59005292560123
1.32158192839988
1.35650595783968
2.05642766308792
1.34876801217991
1.90491337848743
1.32060476609584
1.3577958312585
1.70358921985649
1.43945397211713
1.4327479087028
1.89778241365262
1.18933939277544
1.31404037133783
1.57933611888983
1.34800814747078
1.73933725193354
1.30273823666357
1.57477333879962
1.65937435276986
1.61660190364004
1.60515209595035
1.22174340948367
1.9719913792915
1.2741270328832
1.36729468522182
1.31090471022765
1.64263337416705
2.03576954464126
1.303747270158
1.33654494691526
1.92603237107906
1.81945981757712
1.38470613077075
1.50523321808161
1.50538244438245
1.61053390043316
2.04780963606375
1.8012962035819
1.18636552205778
1.25021525924316
1.33936785462396
1.88585303797486
1.48829058241654
1.52233843225433
1.16097600834389
1.34494144323351
1.23943380021876
1.81028339373911
1.59831127221905
1.31925510337379
1.47001866012344
1.50350624704361
1.29758832969321
1.40155480354745
1.26898089032105
1.18668329817368
1.81330862015473
1.44552735004492
1.35576188092813
1.50913140753016
1.36757153862798
1.16698565245617
1.16089961384681
1.5113339051654
1.43005139011066
1.65083505372763
1.25375046770112
1.35270460056679
1.36052879714989
1.37483872552498
1.28523147235861
1.32729019548799
1.49239735267677
1.20789430213273
1.30963197493163
1.29866302477873
1.49775294654656
1.27855571503656
1.37993586698364
1.28374311528998
1.18873384402373
1.28400197375008
1.27136243681438
1.34272581885354
1.22546716414931
1.30291032808425
1.34642686097319
1.47666051546797
1.7722004526702
1.22209861065805
1.30616859129627
1.01600227239475
1.39220189192305
1.08085233825451
1.17182638788062
1.2060097574426
1.18071894294206
1.3653815390784
1.12233101768832
1.18656037536082
1.1901046431683
1.20224614509648
1.14973737617683
1.27322207749347
1.46353750865494
0.997605729255343
1.11130553854464
1.25342209086557
1.14819839407404
1.18306113329985
0.981371630819731
1.33419243156467
1.3078767194208
1.68849187697013
1.46375486409241
1.44437864141066
1.44515400437873
1.42213405759717
1.58343167882902
1.29294963165624
2.0750665064609
1.52014183794901
1.93909432611092
1.83853428940918
1.51865711878766
1.70528182747343
1.73970184227068
1.78863600265677
1.65214221007584
1.43428310072961
1.29897728173284
1.23459957521097
1.3524283714859
1.47391085023635
1.37340184901903
1.17752262011157
1.21203368432046
1.4217128265269
1.52644364166101
2.35130726051134
1.62420920929404
1.48855004954486
1.14442368453641
1.58693121919144
1.16255882132413
1.70590783097381
1.16696206047139
1.12888611370224
1.4598931608103
1.27669543565611
1.85176811153257
1.67354776368855
2.16014242071623
1.94919428162143
1.63244023201804
1.04111505239266
1.09350908425442
1.51811972518639
1.25515518594966
1.39244931961984
1.09136056621427
1.76194337152033
1.27533356203169
1.36662250600678
1.44863094036172
1.17984749341165
1.44107585412668
2.34282008103275
2.37055582576468
2.13459236205749
2.42240081950531
2.36307491921941
2.36542788220383
2.2375975306791
2.24412624593844
2.35486068172222
2.18038529414984
