62
94
268
280
283
173
140
192
289
8
303
287
234
26
307
288
217
159
254
319
300
87
356
53
96
202
195
249
235
51
222
366
21
325
241
137
275
118
199
144
41
277
56
341
177
25
185
44
358
350
294
136
322
124
47
238
259
83
123
42
344
117
348
20
200
304
345
338
135
165
75
188
225
139
29
63
343
111
320
97
284
323
186
131
76
33
190
182
224
82
347
197
92
253
172
5
147
103
65
57
210
175
327
11
18
292
6
89
100
170
129
179
105
9
324
55
239
108
73
267
146
127
46
69
285
198
27
160
132
66
84
308
77
104
30
306
255
119
74
365
296
23
95
262
50
351
138
226
28
257
208
59
318
68
231
45
274
201
220
206
309
72
158
311
114
164
316
211
246
166
301
13
264
183
148
12
85
295
216
357
16
218
184
265
282
205
260
360
354
174
364
349
312
191
176
337
203
276
346
252
250
64
232
154
39
244
299
286
60
149
156
270
58
313
240
10
336
106
31
38
293
228
290
36
115
110
178
229
196
150
3
342
214
271
49
40
19
121
297
81
223
279
314
35
317
125
326
112
157
367
7
328
32
355
155
263
209
141
126
181
128
4
278
243
281
315
236
162
248
258
107
298
233
266
330
215
14
353
169
24
52
363
43
54
180
187
212
37
204
291
134
269
90
80
88
142
145
171
152
334
219
167
251
329
153
17
361
339
273
116
230
34
331
109
71
143
221
340
305
213
359
272
93
99
237
242
98
227
335
163
310
91
352
113
61
1
86
302
48
2
332
130
189
120
207
151
247
333
194
67
362
256
321
15
245
261
79
168
122
70
161
22
193
78
102
101
133
