0.981856391889624
1.17148011371548
1.40160153175758
1.22119499491884
1.25973557157684
1.17789238232547
1
1.11063523842042
0.909688010047196
1.22886552812888
1.25883835943912
1.23034515896048
1.27017796025542
1.11318859697935
1.50107336317979
0.940911811831774
0.947195602287321
1.46355759911602
1.07136371795564
0.918584312135648
1
1
1.44570958577743
0.945785383083851
1.06329816546779
1.1329336257956
1.10724174416134
1.26740721621145
0.930332633887803
1
0.968645637866396
1.12356382928452
1
0.994254685336118
1.24921332607945
1.14327062642448
1.00884450732491
1
1
1
0.957981110935209
1.00822455846405
1.03229918772031
1.04728195793913
1.04485045238388
1.14079395653681
1.04870404258335
1.06688295425368
0.948246696822405
1
0.982990793399791
1.12237841087607
1
1.21656127243891
1.00348734399646
1.13490677022587
2.53145221014115
0.998465917519124
2.254344309958
1
1
1.18123879475548
0.948266085839363
1.05533473591333
1.13664169070658
1.05989107361707
0.995068910547809
1
1.11405559677718
1
1.63960023143474
1.32583966350649
1
1.41547349712882
1.38862877734834
1.33570970026604
1.25457128992505
1.05981090927205
1
1.09217472299713
1.46653334454743
1
1.10534792851145
1
2.17106028884845
1
1
1
1.31261554560885
1
1
1.54491071597419
0.98818392103279
1.0455234145296
1.12112080664919
1.00765353537069
1
1
2.52486175688456
1
0.98636147155039
1.70344573205596
0.850646240469964
1.02015729305388
2.29392364037762
1.32088937330846
1
1.04580086713337
1.87983633176401
1.14424303368146
1.14443067362261
1.22063951058638
1.10030322510487
1.19729988614028
1
1.25532889656174
1.65917095526928
1.0664346803746
3.20375134035815
0.88473873454548
1.13386719381647
1
1
1
1.00355562394917
1
1
1.04066790913418
1.13068253003394
1.29378522959991
1.17904570273253
1.3298378728934
1
1.43117979385671
1.1023959232618
1
1.01552668451632
1.06019265440188
1.17256626846438
1.22325637773138
1.22881875228049
1
0.977674660241663
0.939326780760229
1.52998383956544
1.09286615227303
1.14863084635614
1
1.30100301765258
1.31537603130845
1
1
1.10294107993491
1.10313899867597
1.24106025421827
1.20311609234594
1.40465674660786
1.0270677819692
1.17850379266288
1.34502542858484
1.02716744015106
1.07646889995805
1
0.907001139215201
1
1.60094672638839
1.22218394211784
1.67817105940409
1.28227825255024
1
1
1.23217980048082
1
1
1.29252046815862
1
0.982362324134653
1
1.10493302619576
1
1.09964158291919
1.15872273503445
1.35646319913728
1.3660578775818
1
1.035463960813
1
1.42805148898645
1
1
1
1.15597808154668
1.24675580736483
1
1
1.13258291880162
1
1.0367831169902
0.890325506879586
1
1.00553485818444
1.13695833881943
1.30766969534128
1
1.4206691694821
1.04394160461118
1.96484598793961
1
1.42628097168764
1.09287555040168
0.98178077469964
1.16990856643637
1.18454030529326
1.15043085256144
1.1706026476425
1.11597202351984
1.06588627705341
1.02502504015729
1
1
1.38768707423412
1
1
1
1.23561658690819
1.0621735679216
1
1
1.28926919221011
1
0.968456792480546
0.910682734031716
1
1
0.91959946574657
1.08369593118798
1.23401728280365
0.884260199706155
1
1.28971767114983
1
1
1.08062313609857
1.00604711831634
1
1.06945815914027
1.06279448009594
1
1.24073660974538
1.07483178169969
1
1
1
1
1.10569986445228
1
1.08195963670208
1
1
1
1.15341363625388
1
0.937340612824652
1.06409803920957
1
1.3099436330088
1
1.1253552302337
1
1
1.32917457725444
1.27371686662179
1.16439185823524
1
1.66218951197511
0.975216212686506
1.08604914503417
1.13359699012895
1.30388308000282
1
1
1.14355364330116
1.16331781542679
1.08548180950627
1.00299580724355
1.04786227277337
1
1.27606679337398
1
1.15547623338001
1
1
1
1
1.39365478306453
1.14886947799882
1.76658811227605
1
1.30338689016179
1
1
1
1
1.34112626774645
1.30200072053095
1
1.51624216645862
1.08563165214631
1.23273085778559
0.848019644975009
1
1.18604402321771
0.877100821352319
1.06448793087254
1
1
1
1.14800589947912
1.09666573337129
1.11233716085703
0.980609114304878
2.12986645003386
1
1
1
