0.0
0.7295380687396659
0.47555993455117884
0.2976992478430182
0.680712377579219
0.7492317752686132
0.43037918521708785
0.016840752287587333
0.0
0.0
0.417844348508523
0.7428487582060911
0.5061209030099818
0.7451228836601708
0.6080417371329865
0.884385970280978
0.3160471794168976
0.8582852666749987
0.7858364013419741
0.3907956590784175
0.0
0.4184161042253008
0.0
0.044890850740553136
0.0
0.6551676842156979
0.8170922090814989
0.7439740426631721
0.15614162758190495
0.7363075761205857
0.0
0.6193649195586457
0.415879357356849
0.6486103520706024
0.27164416117513324
0.0
0.31503318118040735
0.0
0.6281202660200076
0.8994440276410519
0.5660148250829403
0.5410753778596813
0.0
0.0
0.0
0.0
0.6473466392486329
0.0
0.7954197878579439
0.35045587687096036
0.7302403665441703
0.5660351504970142
0.7231515127515608
0.0
0.0
0.7144358630932289
0.0
0.7979298667196146
0.7540409419336065
0.0
0.5701820107225648
0.7011968784908317
0.4448921696573736
0.3942419768815688
0.0
0.0
0.06543959688537852
0.37593041736067156
0.0
0.0
0.2586235104060777
0.8732151809393005
0.4292970787470094
0.0
0.0
0.45820800034489184
0.4544269992039646
0.22277038914116518
0.2139207237420315
0.0
0.0
0.9109161464933908
0.2883682459587838
0.3392122964734459
0.2859220745940042
0.0
0.6610889562809453
0.34087424912545555
0.41098254350343894
0.8171896945597127
0.022767236977411568
0.0
0.8752628438721947
0.0
0.7573036045211315
0.0
0.0
0.06678478931021213
0.0
0.7460310250125991
0.0
0.4735517616326654
0.5569969314035345
0.4298101329032801
0.0
0.0
0.6215225050855453
0.7813777879695174
0.609673829273527
0.0
0.0
0.0
0.4062222700967599
0.4568816032643831
0.0
0.5686831526627287
0.6944613671460134
0.0
0.4309834649624524
0.5214268175582355
0.0
0.43064117759334913
0.07227126264485961
0.5924277578680236
0.8399486403210819
0.5601760889861715
0.4683641631786336
0.0
0.0
0.33419118358805117
0.0
0.0
0.0
0.86807178348757
0.6632684663527278
0.037257694423496156
0.1733554638231092
0.5877048194578358
0.0
0.5129681190723786
0.8716515054428196
0.1221918532877125
0.2458204683172843
0.05231850450934826
0.8748242085055614
0.8428217941406724
0.0
0.0
0.0
0.0
0.5691275131866192
0.0
0.050224687484357614
0.0
0.8469716513956954
0.0
0.6029646167794016
0.22396971275868863
0.5792357761414454
0.0
0.0
0.11760839860803038
0.0
0.3509842373766689
0.38428927636357596
0.689346261484606
0.4856966606891786
0.7406386847414705
0.5961912886126657
0.44171723538947033
0.8055510590483979
0.0
0.0
0.0
0.0
0.9033956133109333
0.10332889150304045
0.48307342564869815
0.0
0.54823212114426
0.6610545063375728
0.6447616181788929
0.8444347788870133
0.0
0.15473626379134356
0.0
0.0
0.0
0.0
0.7976170128908209
0.592779778746924
0.8863006209516728
0.0
0.0
0.7938215310568583
0.0
0.22751140982131798
0.0
0.0
0.2843402394288208
0.42773258557295735
0.14755844418932892
0.0
0.6329714906007172
0.4944212860947855
0.36270382971881665
0.7420045382119889
0.0
0.0
0.2842595329071698
0.7784777020242026
0.2114248012518844
0.0
0.6709079639307912
0.0
0.0
0.8150146099767956
0.255650546995218
0.921357137053466
0.845800802830008
0.697167022319517
0.2483065113207034
0.0
0.16353139158265287
0.7085438183248215
0.8605176484256428
0.8953760964683846
0.18001571356457788
0.015702243161565443
0.0
0.012197993394727588
0.815318819329923
0.0
0.0
0.0
0.7428014829405069
0.23600944509680888
0.0
0.7581242607673083
0.7334798699583784
0.3024242825203184
0.33475993446426366
0.2820046748588342
0.8445374469623883
0.577330652904117
0.6567892397221374
0.0
0.0
0.6961119851075649
0.0
0.0
0.6558793778602013
0.0
0.0
0.18574919583373492
0.905607129489406
0.3761667808681413
0.0
0.6598877923700103
0.0
0.2998359080886195
0.0
0.7369680748481992
0.5814784614224822
0.272499455876564
0.5117989594980092
0.7247446404963239
0.0
0.0
0.85783687082816
0.0
0.39409545450905886
0.0
0.7686781620446987
0.0
0.4071220135556318
0.0
0.0
0.0
0.6633647667380983
0.0
0.287243098434757
0.7365537080771645
0.8858624315814799
0.0
0.6560208407440323
0.0
0.0
0.0
0.0
0.0
0.3602238472799206
0.41656113573756043
0.0
0.8051930303144027
0.16110970603173705
0.3523418929576429
0.0
0.0
0.3369014574391171
0.0
0.9731486767908828
0.0
0.0
0.15418386408611745
0.0
0.13097822687083102
0.6645956756863917
0.7000433516619873
0.31900848975024604
0.18754406762782494
0.5918848394025154
0.0
0.4646779207864993
0.048219209413187955
0.4795440782093537
0.7952513777265154
0.0
0.10255229857708736
0.8215959370641962
0.5227627170734883
0.9590952836913494
0.0
0.36371109936409945
0.0
0.0
0.0
0.5222003236951931
0.47037096387151034
0.4352852267162988
0.7137536309706771
0.0
0.262065426955764
0.0
0.0
0.5917702789394196
0.0
0.7091504388338369
0.6246628359641784
0.0
0.8203101970105274
0.0
0.8182506799574725
0.39126339305289326
0.0
0.021878920223155143
0.0
0.0
0.8554049363505583
0.3870652947042247
0.7011565214048993
0.825399091417507
0.2340287351939749
0.9304173256699462
0.3152434597555905
0.06299332745902952
0.0
0.0
0.45047817461157696
0.7597263703146696
0.7635650239079976
0.5132004783462115
0.804617124287948
0.0
0.0
0.1939802781025378
0.0
0.0
0.0
0.5866017360110892
0.2379427653590703
0.0
0.03776703008310567
0.4588081244231616
0.699799528369581
0.6445889804430611
0.43208606565964014
0.0
0.0
0.01201787507030085
0.799502906901732
0.23509328675161525
0.0
0.0
0.0
0.0
0.08927880869229646
0.0
0.0
0.0
0.2428676666945128
0.6875520724067234
0.0
0.5443519708308422
0.2202400107041814
0.6662502009587595
0.0
0.009574271373556901
0.6650629504642398
0.7197196973154091
0.8435179732251445
0.9495888678925479
0.0
0.0
0.5651345803701682
0.0
0.0
0.0
