0.0
0.6509196755411133
0.5333371987585455
0.3221537024955339
0.0697110073834781
0.7581959829821392
0.540238263256797
0.0904315671159495
0.0
0.0
0.49870265090367055
0.6916914875083215
0.7404277894550143
0.6661094032421159
0.7635712831130432
0.8414424815258987
0.2352536415538241
0.8853653448388407
0.8140965968055999
0.38506789209241105
0.0
0.46705371219674807
0.0
0.0
0.14775202896752254
0.5360765680435502
0.467187479951732
0.6548755903931625
0.41863523287477056
0.852084940495761
0.0
0.6150196137947184
0.28496834921163217
0.7380511853259178
0.20243673357605177
0.2479932508557701
0.3575335828012921
0.0
0.44940450107099167
0.9224215338639947
0.49265746333291105
0.0
0.0
0.0
0.0
0.06726536625681882
0.20395343276045616
0.0
0.8143111697716243
0.5185263307022218
0.6984642055005645
0.2278877430548743
0.8455969757712961
0.0
0.0
0.613927699404621
0.0
0.6990686810615246
0.8310962239569042
0.331578143007214
0.4914518354703407
0.09203101352852079
0.4054519697237913
0.43791222162639076
0.0
0.0
0.16705484137415974
0.23226354912888764
0.0
0.0
0.04499513533588219
0.8631977391561911
0.35621540972061494
0.0
0.01800422512246455
0.4043625669905444
0.5128207470046534
0.25158631158244027
0.041690423889063764
0.0
0.0
0.7987343181280425
0.3044978003986908
0.27736518031746427
0.40056087331148255
0.0
0.5053487116564015
0.4866232671395478
0.4435110482882698
0.7416014688367145
0.08149797465659421
0.022295595519624716
0.8915184668824299
0.0
0.811569267179653
0.3828112967241078
0.0
0.17700775844182287
0.0
0.7695764928505561
0.0
0.45905548873526153
0.702288025671758
0.5022160282963312
0.0
0.0
0.6928985306741255
0.8337314408644623
0.5089611979700489
0.0
0.0
0.0
0.5402193663087799
0.6833114463832524
0.0
0.5289574582986021
0.7843018533468258
0.0
0.5243161726584085
0.54858897818043
0.0
0.13923198128540612
0.0
0.6571433042304012
0.8240558256482181
0.2223800682134692
0.4042074760820659
0.0
0.0
0.0
0.0
0.0
0.0
0.7943086300472637
0.686028847640986
0.2790465125815973
0.0
0.5263799947323841
0.0
0.617341775716971
0.804183161871134
0.0
0.43448704312693465
0.3971186596729282
0.8712226454435297
0.8361597576523067
0.0
0.0
0.0
0.0
0.5525741845092076
0.0
0.0542153160803093
0.0
0.8414324521948549
0.0
0.7928089497655558
0.028643424977181458
0.6021818208732729
0.0
0.0
0.25891294536363973
0.0
0.21082618636340364
0.4390123868428835
0.54741548572709
0.20017849230625806
0.8108704724683237
0.647786047353441
0.0
0.8049731495806354
0.0
0.2830446406022663
0.0
0.0
0.8793959407595614
0.0
0.12885496025498475
0.0
0.05375542927284348
0.41573114052435206
0.6410311891681583
0.8985015304671181
0.0
0.015696664315433612
0.0
0.0
0.0
0.0
0.8722803715800815
0.39843934469997105
0.8637088410600259
0.0
0.0
0.7206828376262927
0.0
0.0
0.0
0.0
0.40802331380309126
0.5623511365429241
0.2368257111912426
0.0
0.7526942451825049
0.5801505450522468
0.5722569441108096
0.798115126212536
0.0
0.0
0.0
0.7694883861074433
0.5238254715395727
0.0
0.5791450683224779
0.0
0.0
0.7436810529308512
0.22725418593093727
0.7833220553396372
0.7936313627503783
0.7511855910093955
0.38193765939686924
0.0
0.2562790302682067
0.8031872460104384
0.894515920105916
0.6834149988970362
0.2823872989346565
0.06972792079646856
0.0
0.3409278346372802
0.8606617417569925
0.0
0.0
0.0
0.7853997779393551
0.38065997545812286
0.0
0.6583849767845145
0.7579117304867442
0.4804999311873924
0.0
0.0919356724656729
0.8759140782158199
0.5473443562605502
0.7482008915670355
0.0
0.0
0.7926563427571318
0.0
0.0
0.6673164325492397
0.0
0.0
0.35772636573972316
0.9242439919834886
0.34269784470293035
0.0
0.7152792208428627
0.0
0.31184678734157284
0.0
0.6622226475818763
0.6979981183552233
0.48021853728207
0.7766230274596504
0.024012800983156453
0.0
0.0
0.8365239027504446
0.0
0.2200172466527808
0.0
0.5728717221862104
0.15555957150707933
0.5686447072910098
0.0
0.0
0.38641470805119565
0.7345143188726329
0.0
0.6131786063266065
0.6947579128294011
0.8344596132964877
0.0
0.4842645430527672
0.0
0.0
0.0
0.0
0.0
0.3499385072383043
0.19232834284165623
0.0
0.7103347013999488
0.15079827223837672
0.0
0.0
0.0
0.47195964961222725
0.0
0.8299828462458247
0.0
0.0
0.45468754531228733
0.0
0.0
0.5263747484886064
0.685384196327098
0.27027786050332947
0.3281152946293999
0.72053943678205
0.0
0.20167231034669486
0.4543974762278389
0.25235823913226374
0.8086579667071074
0.14731853903810627
0.3550445559820595
0.5359286754895044
0.4466375505592378
0.9228743602728717
0.0
0.4621058228349273
0.0
0.0
0.16649026098372596
0.5626258668297088
0.44875876936399034
0.7474188854874062
0.7183675492749775
0.0
0.05388759235602413
0.0
0.0
0.5428551411081822
0.0
0.7052114624879022
0.5869453533855035
0.0
0.9027003178175739
0.0
0.8073220944921002
0.0
0.2881575207246492
0.0
0.0
0.0
0.6408801543831807
0.016216549603386293
0.7470765853793564
0.8544334486626715
0.5163792560400977
0.837795636590246
0.2618110015501294
0.0
0.0
0.0
0.3760045511910223
0.940883879997125
0.41700430067897915
0.4457287605687731
0.8469382566955975
0.0
0.0
0.19120925592407756
0.0
0.0
0.0
0.49650670713095674
0.008441167565613417
0.0
0.0
0.374550013743871
0.5584393558839186
0.6307554460642427
0.42152839862124925
0.0
4.4811098251042034E-4
0.44995863865529906
0.8797444792020402
0.0
0.0
0.49012150428774093
0.33457660355306607
0.0
0.0
0.0
0.0
0.0
0.41379370221008965
0.7757182091450925
0.011645117020399014
0.4393575570763348
0.0
0.5214817705654996
0.0
0.14624713260371833
0.6240858637358019
0.7170158441997703
0.7673480853745259
0.8680067474048989
0.0
0.0
0.552497802012794
0.0
0.29759342142319833
0.0
