0.0
0.4669218498199256
0.0
0.0
0.11975876136169485
0.0
0.0
0.0
0.0
0.22904332565042812
0.0
0.0
0.0
0.0
0.0
0.44081071006195394
0.6530014837592192
0.8529194369800183
0.4069582122957313
0.0
0.0
0.0
0.82811568897054
0.27704265600308575
0.0
0.7553504526137896
0.9337272999835305
0.0
0.11871454442682644
0.8758330359361534
0.41211297553700815
0.0
0.0
0.8635554356674892
0.0
0.0
0.43056892206189007
0.0
0.0
0.0
0.7002262846675559
0.4610454162126991
0.0
0.2572891462625866
0.0
0.06860154069429264
0.0
0.8374734743601251
0.6670503452804885
0.0
0.0
0.2272472052859717
0.0
0.0
0.35797929876716855
0.0
0.0
0.18687966324148955
0.0
0.0
0.18378998299197444
0.3784821768005609
0.7116641578235209
0.0
0.574371905929417
0.0
0.13343786925070936
0.0
0.0
0.0
0.18753105541491802
0.30856497699106294
0.0
0.8814544419641936
0.0
0.0
0.8352177140803235
0.1929470532981545
0.0
0.6606333741718382
0.40074313963083696
0.04169907764187185
0.02802128800711028
0.0
0.0
0.0
0.1599965762473322
0.0
0.17713622070317475
0.0
0.1749031610711625
0.0
0.0
0.6034210442418443
0.0
0.0
0.0
0.0
0.0
0.07132098700206402
0.0
0.0
0.0
0.06682150167565037
0.15519589697025193
0.34400800591220765
0.4116485815463924
0.0
0.0
0.0
0.07484598684270106
0.0
0.0
0.11046662831864357
0.0
0.0
0.0
0.8022784533885324
0.0
0.0
0.0
0.5652096256694201
0.6768276171684597
0.41026249739672493
0.43487190316056523
0.0
0.5029262848287266
0.0
0.0
0.26001980935171487
0.8252451772344782
0.0
0.0
0.0
0.0
0.0
0.0
0.0
0.0
0.0
0.0
0.15362977966821648
0.8658005111422667
0.0
0.0
0.0
0.0
0.0
0.0
0.0581389725946455
0.12566067430419794
0.269831673937569
0.8492408317947562
0.13055755895609097
0.0
0.6609485316072118
0.0
0.9682280131146075
0.5946541632729586
0.0
0.0
0.0
0.39972347361532123
0.0
0.0
0.0
0.0
0.48761315230875013
0.0
0.6319830176557444
0.1187819474717726
0.0
0.0
0.0
0.6263606264649192
0.20523862316484534
0.10393214372520321
0.0
0.0
0.5665709844308436
0.0
0.38116149534010163
0.0
0.0
0.0
0.0
0.0
0.20758451684490545
0.0
0.0
0.0
0.010511046871296111
0.0
0.8493623749692585
0.702362198627499
0.0
0.48447215965804663
0.7482330991410829
0.0
0.0
0.0
0.9957008246743091
0.653269155105947
0.0
0.03565332990085349
0.8780923014408665
0.0
0.0
0.0
0.0
0.0
0.0
0.2828391033741219
0.10564899043854759
0.13188016371013017
0.0
0.0
0.3344371825138401
0.0
0.0
0.0
0.0
0.0
0.15718969314889675
0.0
0.0
0.0
0.6677854141538082
0.9661288874884706
0.0
0.4161814011191701
0.9199541664421051
0.4564039374859832
0.3521073355717013
0.0
0.2884595871516949
0.0
0.0
0.0
0.16200746321604761
0.0
0.4401144183312585
0.0
0.3897087542724955
0.0
0.0
0.0
0.29986474318690004
0.7136438281232187
0.9384067081295846
0.48047066531803795
0.5388339331854585
0.0
0.04879292513310178
0.0
0.9032197996145341
0.7613880708011258
0.7004168862498882
0.0
0.1650933027150034
0.492291511642439
0.7829692490363646
0.0
0.0
0.0
0.0
0.0
0.9063368745569541
0.0
0.48235574613952864
0.631930317719538
0.0
0.0
0.0
0.0
0.5896606340655512
0.0
0.05464564179576951
0.5611967299684207
0.2805781081543351
0.0
0.0
0.8684181358449956
0.0
0.5162971315135729
0.7114102653113044
0.0
0.4990460783048755
0.0
0.0
0.0
0.0
0.25192917449162516
0.034842003393447
0.0
0.21654217245016
0.0
0.0
0.0
0.835580712627865
0.0
0.1463038129747867
0.7333604933330867
0.0
0.9446105345010035
0.0
0.0
0.8597127705160862
0.0
0.6974046632226425
0.3077284106974528
0.5769161125799789
0.0
0.0
0.0
0.0
0.0
0.0
0.5775766105315642
0.5516277619746255
0.09833998069243209
0.0
0.0
0.8222398326808485
0.252846482638105
0.0
0.5113161830135351
0.0
0.8695506811185092
0.0
0.9289093431510357
0.17205503552740845
0.14586614717636204
0.06338019541237275
0.5053093006289158
0.0
0.0
0.0
0.0
0.5463882504423141
0.0
0.46371434092649527
0.8743492855045732
0.0
0.0
0.0
0.2798703930574266
0.0
0.0
0.6635890914467253
0.0
0.9419450286872308
0.44742966741644263
0.0
0.0
0.521830868937309
0.1967814930775085
0.6920738530670026
0.42233307108417967
0.47262754090597614
0.0
0.0
0.0
0.0
0.0
0.3436372979963098
0.0
0.0
0.0
0.0
0.0
0.0
0.6711610589388418
0.0
0.0
0.0
0.1133683493418738
0.7319393127125726
0.0
0.3124144387167516
0.7539729932317948
0.45996009158533174
0.8688201265676694
0.7084238698123114
0.0
0.0
0.0
0.0
0.0
0.5779984444263074
0.10919422286094449
0.023285968918231745
0.6404750938353893
0.0
0.0
0.0
0.0
0.565300177446163
0.0
0.0
0.6448116302866382
0.0
0.8243034856057961
0.0
0.0
0.0
0.9207381853423738
0.0
0.40046815156093885
0.20275260256510946
0.0
0.0
0.0
0.9437333013206259
0.0
0.0
0.0
0.24996269009008834
0.21207615220982803
0.0
0.8925696647389285
0.0
0.0
0.7890269228984016
0.32557605283481067
0.0
0.22930677152125198
0.6064890698515362
0.437528484713419
0.0
0.0
0.03855849570461974
0.0
0.0
0.23212289888776913
0.0
0.6180567789000332
0.47738535771704654
0.3525297747073122
0.0
0.0
0.8845157388683016
0.6858277535553097
0.37399174898979215
0.0
0.14286491272716106
0.0
0.6490278172767318
0.42941256111173914
0.0
0.0
0.0
0.0
0.6062415530069597
0.0
0.0
0.0
0.13453073888425474
0.0
0.0
0.32622469623522077
0.0
0.0
0.0
0.15099142032283003
0.0
0.0
0.0
0.8474830321434408
0.0
0.0
0.692995886101614
0.0
0.0
0.0
0.5649140656381854
0.0
0.7748236592152532
0.19871102262796167
0.0
0.0
0.11421254650183582
0.3256209178546704
0.0
0.0
0.0
0.0
0.0
0.6012455606215483
0.09165070140653027
0.2740789307020958
0.0
0.0
0.0
0.7287431662149739
0.1894389933194743
0.0
0.48228069414953884
0.0
0.0
0.0
0.0
0.0
0.8272183610019961
0.0
0.0
0.7582838067948353
0.0
0.24068691524558056
0.0
0.0
0.0
0.7258239827530708
0.5435262256607108
0.8614273181468207
0.0
0.1430730193048931
0.3166126599225545
0.5633516285056475
0.48412931864387326
0.0
0.168786223880054
0.36724483647340983
0.287138034377491
0.0
0.0
0.0
0.3840446345627128
0.781795299406956
0.0
0.8046907210528046
0.5400078741174342
0.0
0.30976899987699574
0.0
0.0
0.0
0.7645610632659061
0.26362269052941906
0.8111822728035759
0.0
0.0
0.7677217510716122
0.0
0.47500763538775126
0.0
0.0
0.0
0.0
0.0
0.0
0.6754998365141717
0.31567611590515016
0.0
0.5381901069105195
0.503320384427187
0.0
0.0
0.2988682985829368
0.0
0.09898329528557302
0.0
0.6798054048532777
0.0
0.5230845871263505
0.0
0.0
0.0
0.0
0.4673840192193514
0.06596476683965372
0.7798086257801452
0.3895717990503864
0.49409002278803876
0.0
0.0
0.0
0.4965850219761612
0.15547788145902042
0.31470385931113093
0.3938974851408117
0.7819477564831483
0.16148562568389896
0.4575434933545486
0.0
0.7782315447396192
0.0
0.6944151847926804
0.6490561440607389
0.0
0.9106642597560808
0.37024875244887356
0.0
0.0
0.34628622744466414
0.0
0.5683278386039453
0.0
0.026779116765495478
0.0
0.7753560025669464
0.0
0.261742955091705
0.5988161790568167
0.09377516529383276
0.17875181934050063
0.0
0.09626561110624808
0.0
0.7542509762036291
0.148986675425158
0.0
0.9916979972733524
0.0
0.6423030149051492
0.0
0.45937635617687894
0.3084797917762378
0.7227132980982698
0.0
0.0
0.0
0.7544935416052475
0.6361863904811673
0.11323531795425536
0.0
0.0
0.6383578129526948
0.0
0.2670048247396626
0.8102697725666845
0.46392252476206197
0.0
0.8695412556716446
0.40300101194417515
0.0
0.0
0.0
0.17367732398779614
0.0
0.0
0.4455257634157145
0.21506170268339125
0.615941951216621
0.3516234930689716
0.0
0.0
0.0
0.0
0.0
0.9678277193328509
0.41277611540528064
0.0
0.0
0.7901454970490961
0.6591241253624779
0.4657796299295553
0.0
0.21109743609876266
0.028302009597650543
0.6071486190413443
0.0
0.0
0.0
0.520085714311096
0.0
0.0
0.7594109335455236
0.0
0.6852261748763147
0.5953771030317222
0.9847177013708812
0.0
0.0
0.7852524891505048
0.7070719222172265
0.02319143918369979
0.0
0.0
0.6698423652440283
0.7111402958210921
0.4229096479384719
0.04650455155645131
0.0
0.0
0.0
0.0
0.5427439790359733
0.0
0.0
0.0
0.0
0.787282295933124
0.0
0.0
0.38811478600727306
0.0
0.2822127794334155
0.0
0.0
0.0
0.0
0.0
0.2856491152025881
0.0
0.0
0.21633568568571485
0.9196338343337411
0.19747520221312395
0.0
0.0
0.0
0.0
0.0
0.46290152746925933
0.0
0.533236707727138
0.6617349839594558
0.0
0.0
0.8945320197833818
0.0
0.8315057996878639
0.0
0.0
0.5800320571774426
0.21972886254147658
0.0
0.8800138513038765
0.45711706940697416
0.5015658866945779
0.0
0.13358192877579464
0.5444793484050456
0.6978676686967143
0.0
0.0
0.0
0.0
0.6571154243639509
0.8250651989328444
0.03885765118961027
0.0
0.8465066782955647
0.01878826799042303
0.0
0.6040572440812129
0.0
0.0
0.8311293926896374
0.0
0.17635485806780551
0.0
0.0
0.5995433964549113
0.0
0.4039528308092848
0.011022425677575364
0.0
0.0
0.0
0.0
0.2070936636067984
0.0
0.0
0.39898984806922777
0.0
0.8941302423456889
0.4744574728262665
0.5116412655215822
0.8073795555185852
0.0
0.12490670910073398
0.0
0.0
0.2749693092269701
0.9274180632362204
0.0
0.0
0.946608608771823
0.1479321443747372
0.0
0.0
0.5879674668484607
0.08738874879446186
0.7774102882461743
0.4349026613910199
0.0
0.4456397086267214
0.0
0.3489479155949642
0.6719839609770637
0.0
0.0
0.0
0.1166065820324841
0.8586716593789332
0.7641541882144028
0.34499746937682363
0.7004211016702956
0.0
0.09558060211171726
0.35332909525305983
0.0
0.9271427500998451
0.09791206667844439
0.5289106337656679
0.7305091544577261
0.10053191250833475
0.0
0.0
0.0
0.0
0.8931191891421284
0.45516486332646655
0.0
0.1054009577073685
0.11216051768627786
0.0
0.12384568257961359
0.652736813358058
0.96617200732029
0.11335213220752012
0.35767396753308073
0.0
0.0
0.7501641448573468
0.0
0.015666885743732945
0.0
0.013252160051653637
0.0
0.0
0.0
0.7398860380181783
0.0
0.0
0.0
0.0
0.009550750237991236
0.0
0.0
0.0
0.0
0.07764524015201635
0.0
0.0
0.0
0.0
0.0
0.0
0.0
0.0
0.9444930659423807
0.0
0.0
0.20778656761949355
0.0
0.9745266435223798
0.0
0.4124420060224512
0.9836132461461415
0.0
0.0
0.0
0.0
0.40133628991953685
0.0
0.6853168314321803
0.0
0.0
0.0
0.0
0.3034397917994788
0.0
0.4439260258953846
0.0
0.7095615987053286
0.0
0.0
0.8319197337559832
0.15571837768062785
0.0
0.0
0.16781806918076198
0.49129381408824374
0.0
0.0
0.09931746643974294
0.2509569386211462
0.16969127873858825
0.979152231300002
0.0
0.0
0.0
0.6751934362878316
0.0733363466056947
0.0693394522248487
0.0
0.0
0.32482597318437534
0.0
0.5954047674817626
0.12196735446057931
0.4499648306829098
0.0
0.8192852365393894
0.8785925037377265
0.0
0.005063750616402616
0.0
0.6680967164116697
0.03667437914530926
0.9892088332089488
0.0
0.0
0.0
0.0
0.5712731210720843
0.0
0.8426878349521277
0.0
0.2540798163343214
0.11248967829212393
0.0
0.79875460702249
0.0
0.0
0.14679226337361947
0.0
0.3382494849244769
0.6236401148883207
0.0
0.0
0.2346050423172962
0.0
0.1600682920276809
0.0
0.038579393936949834
0.0
0.0
0.0
0.0
0.6333587634758098
0.0
0.0
0.0
0.0
0.8098484813504631
0.06091627819877568
0.0
0.10628011792714835
0.1618281098406537
0.5322968184295871
0.0
0.0
0.34069228161358495
0.0
0.0
0.31435976776925095
0.5627989882907306
0.6686716087705633
0.05933349208476392
0.0
0.28307989161619573
0.10764330500870667
0.0
0.4149907917522452
0.8844735331659708
0.0
0.7473778837596907
0.26100198299498406
0.6765146497356855
0.9491239371282687
0.0
0.5737663906812852
0.412285998726403
0.09029475853244052
0.0
0.0
0.0
0.901865354778865
0.0
0.7453668447363908
0.9321332544188895
0.866246630395796
0.291093906609889
0.712128608640998
0.9106697823186762
0.0
0.0
0.0
0.1529386664849944
0.0
0.0
0.2919269936120101
0.0
0.3019012153955016
0.0
0.0
0.5398874159667656
0.6999846643118858
0.0
0.3229050773955865
0.0
0.0
0.0
0.901983545429101
0.07305110341836273
0.0
0.0
0.0
0.0
0.0
0.9241194245775289
0.0
0.0
0.6504226225181549
0.0
0.0
0.6337007473681971
0.0
0.0
0.26452322551310925
0.5655281384428342
0.0
0.0
0.0
0.41924000329246386
0.0
0.471597764666927
0.9183073944121625
0.9575102660226069
0.0
0.6408887125403567
0.3906408099072756
0.6503502812049232
0.5785968839169894
0.0
0.0
0.0
0.5720185936353709
0.0
0.7203326361211818
0.0
0.0
0.0
0.0
0.0
0.3471612921875672
0.0
0.023886126153192334
0.0
0.0
0.0
0.0
0.807179610835423
0.35967191130591747
0.0
0.3106837746987932
0.9191526655210142
0.0
0.7204500085250177
0.0
0.6992565888136506
0.0
0.09588867465669285
0.0
0.4154171552024131
0.0
0.35675411529601236
0.08081053761266316
0.0
0.0
0.0
0.6878350599172138
0.0
0.0
0.7547367131500575
0.38904211627240065
0.0
0.3835559269670607
0.0
0.0
0.0
0.0
0.0
0.0
0.41088242937080627
0.0
0.0
0.0
0.6582449217698597
0.621097074127462
0.27942641330878976
0.0
0.4304638622609502
0.0
0.0
0.14678008642547327
0.7751412745930176
0.0
0.8870434971414732
0.701560161309736
0.47870858276074296
0.0291752684396932
0.012038383110724216
0.4634462585925525
0.0
0.0
0.2195466224383198
0.5862424154388426
0.0
0.9325801896897237
0.7121796609813773
0.1177359113638519
0.0
0.0
0.0
0.9601690014458815
0.0
0.04128835619246234
0.5746661915451914
0.3373431806708237
0.09816147520220271
0.5441772976765465
0.0
0.6952417010521748
0.9824117022188826
0.14001167514952512
0.0
0.0
0.535699513536562
0.0
0.9739136210255676
0.0
0.0
0.9825083690502094
0.0
0.0
0.9360233206547431
0.0
0.0
0.5248232703664689
0.0
0.0
0.0
0.0
0.0
0.0
0.40042579277807516
0.11407881871991522
0.5562863448737451
0.7780649114637613
0.0
0.0
0.0
0.0
0.0
0.0
0.0
0.0
0.5325600198023552
0.0
0.09466110824821682
0.9163082842655245
0.0
0.682816359129147
0.0
0.0
0.13700791631880885
0.0
0.7103318888235979
0.0
0.0
0.0
0.8165002165035233
0.0
0.0
0.46325434415183986
0.4182928806558616
0.0
0.4851165768841073
0.3696629484927118
0.0
0.9404373817279199
0.0
0.0
0.2986481051644473
0.0
0.0
0.4690689676686935
0.1639998211774167
0.8865833527006731
0.0
0.8449949641349379
0.0
0.0
0.0
0.4133835347265632
0.0
0.0
0.0
0.15354206486401747
0.1433185150883654
0.8049635370930731
0.0
0.19934206820843958
0.0
0.0
0.7843375800624834
0.0
0.0
0.0
0.5295332717073624
0.5365787651887401
0.0
0.9957465757243887
0.058520081931459605
0.0
0.0
0.2529179909692076
0.46402825806480985
0.493726699731935
0.0
0.2915791191984817
0.0
0.5288984720548452
0.5455330218692581
0.0
0.0
0.9677565332597253
0.0
0.0
0.0
0.0
0.0
0.0
0.8279770668883089
0.0
0.0
0.06305613357210713
0.5370796801440071
0.0706017992475314
0.0
0.5290812660292187
0.1385757648690063
0.7652085136947367
0.0
0.0
0.0
0.734350409470352
0.42469134490471105
0.0
0.0
0.0672526648723853
0.0
0.0
0.838405168534829
0.2393912586413704
0.0
0.0
0.9172637849321961
0.6838621812973221
0.0
0.5833436681725191
0.0
0.55692678498521
0.0
0.48114569013142666
0.0
0.0
0.0
0.03154944471770243
0.3796752678512183
0.0
0.0
0.0
0.0
0.0
0.0
0.843645841642832
0.0
0.9001770790668435
0.23588854949604018
0.0
0.6761771993381851
0.0
0.19734643907549443
0.08044779021228031
0.8686728484679092
0.2011418777627465
0.0
0.442768185595287
0.0
0.25551293016224874
0.0
0.0
0.015062337987863474
0.39661480693942025
0.0
0.13518701563137928
0.9220157280192914
0.0
0.0
0.4122201530403434
0.897041086203691
0.0
0.0
0.8221407037993083
0.0
0.08094816619102398
0.3358947884087115
0.0
0.18042134110822836
0.02792179219244317
0.0
0.0
0.0
0.0
0.4297540594502869
0.04494625892415751
0.0
0.0
0.7651814701557839
0.0
0.33087068965043903
0.0
0.20882315023337697
0.0
0.6330307429335468
0.5650618678689444
0.0
0.0
0.0
0.0
0.8685997743249804
0.10082046724013234
0.0
0.6818239937280205
0.1712924662118011
0.809216878191962
0.0
0.1248233816300538
0.0
0.0
0.0
0.9176168979732846
0.5608636255644024
0.7202688563112603
0.3829019746228729
0.2575268451347638
0.0
0.0
0.11468424272491193
0.0
0.755980387737219
0.0
0.6175491717873931
0.0
0.0
0.0
0.0
0.0
0.0
0.0
0.5651682957100678
0.0
0.0
0.7716680962694977
0.0
0.10128878736875348
0.20734122909519412
0.0
0.15594449391404022
0.0
0.5921751535695173
0.0
0.0
0.24378965594764407
0.20064903279715943
0.28704477963445285
0.0
0.0
0.09894836252962462
0.0
0.5812292037516223
0.07462926405916442
0.48320266166086717
0.9446867292037441
0.030438233639312876
0.0
0.515909498455996
0.0
0.6441968183562445
0.0
0.6408462388654032
0.007114616335450722
0.2950517010451516
0.7688613174419952
0.7919656147277443
0.061307622461096445
0.2128719734084877
0.0
0.0
0.0
0.06383929090028188
0.4890923686499742
0.0
0.36194589060769167
0.17732470024709487
0.5074272610153814
0.0911750611731157
0.24256500293841798
0.0
0.0
0.0
0.0
0.5935535481622942
0.0
0.0
0.0
0.0
0.0
0.2339284401295394
0.26390909234684273
0.4743377256444918
0.48249596521167165
0.0
0.0
0.5707620846334875
0.7308218244714909
0.0
0.0
0.0
0.0
0.0
0.0
0.5896516389223
0.0
0.6094012214529435
0.13843375495789068
0.0
0.0
0.15848042419092678
0.129073063288596
0.0
0.0
0.0
0.0
0.9100393381230711
0.9631774846876399
0.0
0.0
0.0
0.42679496310608067
0.0
0.9783369692337841
0.0
0.4567653391024161
0.0
0.0
0.19238382123497225
0.3199336181047476
0.0
0.006684997270338674
0.0
0.9587145182981426
0.0
0.0
0.0
0.6621147782056079
0.0
0.08807604012974334
0.8000653038898174
0.24863420714004614
0.0
0.44224330130875955
0.0
0.24223854187917107
0.0
0.0
0.0
0.0
0.9928117659821232
0.0
0.8215060259665846
0.56422487963492
0.0
0.0
0.0
0.0
0.6871361765990609
0.010430059746315543
0.6583412394208104
0.0
0.0
0.0
0.7827575398993765
0.0
0.0
0.0
0.0
0.0
0.0
0.0
0.0
0.0
0.0
0.0
0.712080501631523
0.0
0.0979693009287151
0.0
0.0
0.0
0.8135706021566397
0.0
0.5186530725174106
0.5063665668275817
0.0
0.0
0.5361903553932521
0.479497237038779
0.0
0.98078681667697
0.0
0.0
0.0
0.8468998623924917
0.11731117646186483
0.484419938176821
0.0
0.0
0.6709224064228395
0.508316752635131
0.0
0.0
0.044545349486781606
0.2986505256311249
0.0
0.0
0.3168219715021802
0.0
0.22733585077082524
0.0
0.7575684411909698
0.0
0.0
0.014000519795802333
0.21859073869394421
0.9525305213536452
0.0
0.0
0.0
0.0
0.5557884167348571
0.0
0.0
0.0
0.5029190112553299
0.0
0.0
0.29005296333087577
0.010853896554156688
0.0
0.8163051324605313
0.6133432844235474
0.0
0.0
0.0
0.9062984389265146
0.0
0.0
0.0
0.0
0.8009849198989331
0.33712161496159
0.0
0.0
0.649887720019922
0.3342382058020279
0.2138022038426443
0.9279348565136134
0.0
0.0
0.0
0.9899376476049988
0.012952334569145253
0.0
0.7636778302637333
0.6037931437077827
0.0
0.04616928083807537
0.0
0.0
0.7844315611521531
0.3722215492921005
0.0
0.8943790969485547
0.9251572935879386
0.0
0.5082701194985432
0.0
0.9631498114959242
0.0
0.48893442507411333
0.0
0.07662347586353152
0.0
0.0
0.07779068838418828
0.0
0.5141006859974939
0.0
0.16750124803403907
0.0
0.0
0.0
0.0
0.0
0.0
0.0
0.0
0.0
0.01114814340600901
0.0
0.0
0.0
0.6516663249430501
0.5743055365803243
0.0
0.0
0.9829878426874599
0.0
0.0
0.7026646625860434
0.649835739499545
0.0
0.341271402087467
0.11509845664553915
0.0
0.7651396548602186
0.08889830518328816
0.9948601105741116
0.0
0.0
0.0
0.0
0.18188423502257617
0.05918472580253901
0.0
0.5973000957601313
0.7605472607457845
0.0
0.0
0.0
0.13993362788935942
0.0
0.26426154702835974
0.0
0.0
0.7667734851571432
0.0
0.0
0.655049516203367
0.7674027391372004
0.953401921343078
0.16338144043946257
0.0
0.0
0.0
0.2731860612372104
0.0
0.0
0.09230745210669136
0.0
0.0
0.0
0.0
0.0
0.0
0.14957823464213818
0.0
0.0
0.0
0.0
0.25136448263739963
0.8894838082161771
0.0
0.0
0.19584767027403688
0.8568591616243887
0.8759143236538482
0.2322372514897296
0.0
0.8861564578566994
0.0
0.0
0.5642172413597957
0.6420874850838468
0.0
0.0
0.0
0.2957949712389125
0.0
0.0
0.2632811698948807
0.0
0.0
0.0
0.41056619087999596
0.14941437078539724
0.6970190844093473
0.03145198307411958
0.0
0.363666595768007
0.31099302556610925
0.0
0.0
0.015895509909738568
0.0
0.0
0.08614221298255835
0.0
0.15189107975895494
0.9679248759677375
0.0
0.0
0.9574419137485726
0.0
0.0
0.0
0.4232546378200398
0.8329109553502035
0.12572196385261675
0.0
0.0
0.0
0.0
0.5300184409210404
0.2618610156055591
0.0
0.0
0.0
0.0
0.0
0.5102661318777958
0.7417005030396726
0.14850530505631754
0.46687607462849384
0.0
0.8437849845120428
0.5404066321006414
0.0
0.0
0.0
0.0
0.10169185410303491
0.0
0.13032115708717928
0.5516411543902031
0.8195427550992364
0.0
0.3291103561538511
0.0
0.0
0.4410718741518675
0.0
0.0
0.695005392132304
0.03777980315620506
0.0
0.0
0.0
0.35687147543352193
0.71682556379735
0.0
0.0
0.6995272534166079
0.5685735358705727
0.809997356705897
0.3244865182599319
0.0
0.3286320155972818
0.3900844402521697
0.0
0.0
0.0
0.0
0.5177793356280598
0.18778360682051098
0.46034793922577794
0.1943023881313473
0.0
0.1469352401568343
0.0
0.4140208499453768
0.9525254747239661
0.0
0.5777757324890901
0.0
0.07081123639993259
0.0
0.0
0.10373364406169584
0.9610817877561
0.0
0.0
0.0
0.0
0.0
0.0
0.0
0.2743465754431771
0.8054654071995209
0.8648759132623298
0.0
0.30122881841285915
0.7694602042307163
0.49602737326943375
0.0
0.0
0.02045112139519986
0.0
0.7903259848630925
0.0
0.0
0.0
0.0
0.8744408064023016
0.0999679881164304
0.990947121798201
0.0
0.0
0.0
0.6960178938962825
0.0
0.0
0.0
0.0
0.16056580185219196
0.7119476315268395
0.8533435411212692
0.0
0.7620506961290323
0.913645762834108
0.0
0.0
0.7369052976440931
0.19402636337702012
0.1607687491192191
0.12990711868382226
0.0
0.0
0.0
0.0
0.48144545124306387
0.0
0.0
0.0
0.0
0.9979979726126197
0.0
0.3167665575667724
0.2721993975174347
0.0
0.91122266903562
0.0
0.0
0.6214957928006011
0.06849102255082694
0.0
0.1062438934056828
0.8809066643614569
0.0
0.0
0.0
0.5548595081253819
0.0
0.0
0.9261047109693203
0.0
0.0
0.0
0.0
0.12221144759042894
0.0
0.26211194391545967
0.0
0.08584031730601932
0.0
0.0
0.04781775511093923
0.0
0.0
0.7413743794685896
0.0
0.20616209750392173
0.0
0.47996566294412735
0.5918253827451784
0.0
0.0
0.4994989154594236
0.9741022918495457
0.0376141789916789
0.8982535970141945
0.0
0.0
0.8514724613744159
0.9887789918679643
0.0
0.0
0.5572079937183844
0.0
0.0
0.7147006122824076
0.0
0.0
0.0
0.0
0.4128997131588177
0.8962127368852829
0.7531542639004426
0.43921964877497127
0.8816102374316392
0.0
0.0
0.0
0.8337899244802347
0.0
0.09715724375267083
0.5101144142303297
0.4873346152306604
0.0
0.038438179737007146
0.3463807260317321
0.026737405012558807
0.5892734180490196
0.47578362179209155
0.05198141616507601
0.0
0.0
0.0
0.0
0.0
0.8467806390585801
0.010779414049520467
0.0
0.0
0.12102336878789843
0.0
0.9285377124318285
0.0
0.0
0.4284143102161648
0.0
0.005879952409760805
0.0
0.0
0.0
0.320427039691267
0.2866093799075708
0.0
0.0
0.0
0.0
0.2569548012083
0.0
0.0
0.4207485663653546
0.0
0.22688517114341267
0.0
0.5548815086053716
0.0
0.5738852963432765
0.0
0.641476787465833
0.0
0.8512062898597316
0.0
0.0
0.0
0.0
0.0
0.0
0.24969823701173957
0.12341803552360839
0.2796108311791529
0.5991790945307757
0.0
0.0
0.0
0.4348213059334204
0.0
0.0
0.10068712238572243
0.0
0.7249022091835423
0.0
0.0
0.8669661269103629
0.0
0.0233124421608696
0.2719728110697127
0.0
0.0
0.0
0.12221078182448272
0.0
0.8243391698839657
0.0
0.1835362631974283
0.0
0.0
0.4929519471225415
0.8797352326040977
0.0
0.0
0.0
0.5833531370958566
0.44574451749394123
0.6788959349787121
0.6900273210118473
0.6121506899563325
0.06758161408128607
0.8341282560845904
0.0
0.39751673261766585
0.0
0.8685529969260725
0.0
0.0
0.0
0.0
0.0
0.7503283015025245
0.623045209485368
0.3042038524189575
0.0
0.18648299275936758
0.0
0.871382623647115
0.0
0.0
0.29021054329385837
0.5013816667213565
0.0026823322203366746
0.03506593178400424
0.698433844190255
0.0
0.0
0.0
0.0
0.0
0.0
0.2876053465016748
0.0
0.40836988280864844
0.0
0.0
0.2467326753319704
0.0966941527341109
0.6857080641013579
0.9630315773122478
0.0
0.0
0.0
0.17107735629047144
0.0
0.008994184809120134
0.0
0.9806934367352415
0.0
0.0
0.0
0.0
0.0
0.0
0.43749526527342064
0.6398817106633666
0.6444040822836288
0.0
0.0
0.1863290608613926
0.3219193778116434
0.0
0.7651035905627728
0.0
0.03926449411786783
0.0
0.0
0.0
0.0
0.061010959278056956
0.0
0.0
0.0
0.6907386410006097
0.0
0.0
0.6333760839669756
0.6529587605376607
0.0
0.11676537536838244
0.9968028278815819
0.0
0.7992438255477132
0.0
0.6532150190607309
0.0
0.0
0.7355744943801674
0.0
0.4480345920778172
0.015940399373962882
0.045157842956391726
0.0
0.11179096052814157
0.7985854434631284
0.06738552582610752
0.3716702875347005
0.0
0.8956718723954582
0.0
0.6161596870691318
0.0
0.0
0.31407126705266475
0.0
0.0
0.0
0.9505998385520285
0.0
0.1146456365460197
0.0
0.0
0.994850989088049
0.0
0.0
0.4763972882424241
0.0
0.0
0.0
0.0
0.0
0.0
0.4485249187072438
0.0
0.0
0.029706750034789134
0.0
0.0
0.41407579805813843
0.0
0.0
0.0
0.0
0.0
0.17211015933851517
0.6447645078274853
0.7902521928458678
0.20531884700099234
0.4723322603454083
0.6327359520479492
0.0
0.7338235634018817
0.0
0.05603550527224665
0.0
0.0
0.0
0.5332704468163719
0.9854106689675741
0.459679102073532
0.9541284409946968
0.46146525510730907
0.0
0.9356046105603051
0.312696706840356
0.0818901539516861
0.0
0.0
0.0
0.1868045970793914
0.0037646274878340787
0.0
0.37848375173077864
0.6830347978876092
0.1467815802344943
0.0
0.0
0.0
0.0
0.08969911712178752
0.7017978110470761
0.4369410646807843
0.0
0.0
0.34078564393511834
0.6250525770507799
0.9614694342716915
0.8079842560388506
0.4584508594589616
0.20180803185966614
0.0
0.7828347820484387
0.0908333482550355
0.0
0.0
0.8991806318434247
0.1344024264803369
0.0
0.0
0.0
0.7540367226394917
0.0
0.0
0.0
0.7642924079988528
0.716249961534582
0.0
0.0
0.12386632224605901
0.0
0.33763496883254185
0.6585150305483805
0.36714505073302306
0.0
0.0
0.0
0.0
0.0
0.0
0.0
0.1524447164810678
0.0
0.7390294840404137
0.0
0.0
0.8897391982820745
0.0
0.0
0.0
0.0
0.39725339659822206
0.060401718958036435
0.979971575010274
0.0
0.4644936123198958
0.0
0.8960835146407768
0.0
0.0
0.8230617532758024
0.3605784464324017
0.28320350185808163
0.2668919596447119
0.0
0.0
0.43251325492610876
0.2829173636687181
0.0
0.0
0.3300953105907216
0.0
0.0
0.242887240311457
0.0
0.0
0.0
0.5083269019521126
0.0
0.08605247559311664
0.0
0.0
0.0
0.4099682751336853
0.8171146766327811
0.0
0.7344289435967105
0.20105999607648262
0.0
0.5032153061361649
0.6223999460878521
0.15136675826693644
0.0
0.04961873680827351
0.791007401653654
0.39785768050099296
0.0
0.9138363082676012
0.0
0.7086958491714618
0.0
0.8635868350317861
0.5764897237094292
0.0
0.0
0.5284032963220038
0.883027335733136
0.0
0.0
0.023796483128540227
0.5926295183142601
0.0
0.0
0.0
0.0
0.0
0.2411933871096265
0.0
0.692402241290637
0.0
0.0
0.0
0.1426403308378046
0.0
0.0
0.0
0.9425157125330035
0.0
0.6232949541562113
0.0
0.38730930975179906
0.5156240078611681
0.0
0.0
0.0
0.0
0.3456499560976241
0.7404774501635538
0.0
0.0
0.8535506886053307
0.0
0.0
0.0
0.0
0.0
0.0
0.78114579469818
0.0
0.832092658478925
0.9720297420511814
0.27899011705327703
0.8786346682831091
0.0
0.3016709539224147
0.09407215290925618
0.04896976859167775
0.23353229341122592
0.40362256946337094
0.9261942227446748
0.013309470873387191
0.7171712555386591
0.9789141971031482
0.2841820933034807
0.6959378374104479
0.6761201574033814
0.0
0.33243101477130066
0.23431073425568374
0.08616610666966869
0.15197012422028497
0.0021854847170648304
0.7483126259678099
0.5367612096746613
0.3260972718579798
0.0
0.0
0.0
0.0
0.0
0.5558380196665883
0.8919872258853961
0.0
0.1258728264281735
0.6405475583591651
0.8236475707872944
0.13871270658963222
0.4218289541375426
0.15689655415292098
0.0
0.0
0.0
0.0
0.9914223877756625
0.33904526877100705
0.21015901872661816
0.7586480219732759
0.0
0.0
0.26317594399382205
0.9392205253747998
0.0
0.0
0.0
0.0
0.0
0.0
0.0
0.0
0.39396478288714404
0.0
0.0
0.21916606604628694
0.34770468225621937
0.0
0.0
0.0
0.14543709060171064
0.9829660100775108
0.0
0.8050052046051887
0.0
0.0
0.6443986791954787
0.7553066019929426
0.8946423813217081
0.0
0.6354840249376089
0.0
0.0
0.5152266710866926
0.4000656733987456
0.9287728182959902
0.5857428879319946
0.0
0.28880878671797017
0.7081597809804923
0.0
0.0
0.2515538716457153
0.5428901252214648
0.7540755695962558
0.8190398376136258
0.0
0.5963040069702904
0.0
0.5007999122459366
0.0
0.16003391146971926
0.661700878685048
0.0402948534553573
0.14532852977364852
0.5875041304560031
0.0
0.461507662175519
0.8410800118762074
0.2834177724589823
0.0
0.0
0.43115537817419064
0.09574214965251153
0.24047848462407523
0.6371126874596855
0.0
