0.7658325937740145
0.0
0.8288847540529323
0.0
0.4853376219798111
0.5630059631860722
0.2874629184683478
0.0
0.6934781243112961
0.7683486819923024
0.6378347384918309
0.0
0.0
0.6035863544575717
0.7443444947245186
0.0
0.1350058232699929
0.8553790653544612
0.0
0.0
0.0
0.37751178735338997
0.0
0.0
0.6772504335672326
0.8034169095105904
0.0
0.28093008682787607
0.8369698373328531
0.0
0.0
0.0
0.0
0.6081084959458811
0.6233865880965014
0.6360130347457599
0.6018438454624255
0.0
0.8223535810781719
0.8287239858260291
0.40793623292902864
0.0
0.0
0.8767778881921559
0.0
0.3000032393416665
0.0
0.0
0.5557106460504886
0.7106609883928967
0.0
0.0
0.20247463672015018
0.0
0.7746721270107272
0.5959566182673177
0.0
0.43800894335232426
0.0
0.1917251094341749
0.7817339586080642
0.0
0.0
0.4666375315417563
0.7914747739579908
0.0
0.4925378049130944
0.9659391017135822
0.0
0.2691427834135273
0.2705232483197736
0.0
0.741030763272379
0.373828217998345
0.0
0.0
0.1093463339136016
0.8381246653294628
0.700750768249397
0.5732830553146148
0.0
0.13929355032198001
0.0
0.0
0.0
0.0
0.31626132226053644
0.7102278467197377
0.9797342904884786
0.0
0.0
0.0
0.3622902741344751
0.0
0.24971497647686253
0.4220013063648256
0.0
0.5813294114160497
0.6604787036944766
0.0
0.2755893574065925
0.7885877135308424
0.17256869906305078
0.0
0.0
0.1479760528605313
0.43064221966604377
0.172168390239084
0.31048352967979703
0.25822672178856265
0.0703107515918869
0.0
0.0
0.2766834187246544
0.0
0.0
0.7515864061654098
0.3017579546342237
0.0
0.4641693110066988
0.6280601943813435
0.30491845941880746
0.0
0.16563986097590064
0.7973358090725243
0.4687664819699889
0.06626067627379997
0.9507051025024263
0.24137440995212722
0.0
0.6117945638624436
0.84951491936091
0.9023908478349131
0.38936058077378544
0.0
0.0
0.0
0.0
0.18564210529516412
0.7471285303457993
0.3813480872177633
0.0
0.6539034276132081
0.0
0.0
0.6547231435423368
0.0
0.7840351820072452
0.0
0.47081286662316285
0.10327935053430742
0.25189527070844375
0.0
0.0
0.11198503630112136
0.07188464832119838
0.14039161904317862
0.8043082398472174
0.40922920327523554
0.0
0.0
0.0
0.0
0.20889078028388186
0.06407569889302378
0.6749586374532551
0.0
0.0
0.0
0.6704607397309185
0.060485418305170735
0.6240552016718772
0.16916080604783165
0.0
0.0
0.4681112883445818
0.02399557957838928
0.0
0.0
0.4772420673604519
0.0
0.49427784156180415
0.3018035892030942
0.85282947899806
0.4249808864237752
0.0
0.5333720199152036
0.3469115809346457
0.5826471068221227
0.22507330730072028
0.0
0.6700243007467582
0.45457587516529957
0.21736091626343207
0.022015750871475143
0.5575617374863556
0.0
0.5629971858611668
0.03012082574493646
0.8026123660438154
0.5167385067971274
0.0
0.0
0.0
0.0
0.31994761998570054
0.4770892981131422
0.8097107282450778
0.13466462763668996
0.6608896267663233
0.06490666450730641
0.0
0.0
0.0
0.4455400652966247
0.0
0.5922997089035881
0.0
0.1669277494684905
0.34173860996953426
0.3735057511388408
0.543782741678325
0.0
0.33579688382825246
0.0
0.0
0.0
0.053278797851802444
0.10488488182301704
0.0
0.15058432631143323
0.10627285547127385
0.7003596513362306
0.4868989378805257
0.3583645525234511
0.17832359090226518
0.5290326254181533
0.0
0.0
0.2812506533215772
0.5691375415641372
0.0
0.5924117452084557
0.0
0.0
0.0
0.4099339598981715
0.06153002602176509
0.7614459430967446
0.0
0.0
0.43759865279626997
0.0
0.0
0.0
0.0
0.0
0.053463748065364344
0.0
0.7921697321080854
0.8901412312233556
0.0
0.0
0.0
0.0
0.6011904533645289
0.22200110549261487
0.48799832007534694
0.479824340666594
0.0
0.24736384489331734
0.454628119674488
0.0
0.0
0.0
0.250638387560403
0.0
0.0
0.0
0.0
0.11097181040556221
0.0
0.346041940480374
0.0
0.0
0.4458408397786008
0.0
0.3787542298124865
0.13661938452781017
0.0
0.011618907250466427
0.0
0.0
0.6187997467640395
0.8727895090843284
0.42764564421620277
0.6242014786243029
0.460651385401274
0.0
0.27026888715087544
0.7117564628304333
0.8181377455039792
0.14263914948884965
0.0
0.0
0.0
0.0
0.0
0.0
0.5587483585872269
0.852012789099681
0.822620740257034
0.2823298460065763
0.0
0.0
0.09069260319916803
0.0
0.6647132455278849
0.0
0.7647256845364879
0.10627200941598736
0.44293459123072293
0.0
0.0
0.7074845239300995
0.0
0.7195769279111
0.04998920124941704
0.4646618729792157
0.18701417709476809
0.10455766413692062
0.0
0.0
0.40455550876216223
0.0
0.0
0.49318476699450375
0.8359336115822599
0.8474588476246151
0.0
0.0
0.0
0.6615742253108029
0.5843158383333583
0.732215877964678
0.41605817375093673
0.19719051795807455
0.0
0.6311189460914325
0.3806254635311916
0.633887601817413
0.29105100388261584
0.0
0.18732016042095498
0.0
0.0
0.6239382991235127
0.0
0.0
0.6289466025825097
0.0
0.0
0.0
0.18750438838592673
0.0
0.0
0.0
0.0
0.24079907835254116
0.6471496070162556
0.1589672068323871
0.0
0.0
0.0
0.8658058475852609
0.669146876897809
0.05929769021950609
0.4107620163600666
0.0
0.634489324913281
0.0
0.0
0.9206318510439875
0.1989308406886058
0.0
0.7122500302541653
0.2841673631894429
0.0
0.6922967148217708
0.0
0.0
0.339952251683253
0.0
0.8116632983301318
0.19961392182300816
0.0
0.2039211501648745
0.0
0.41424832363555103
0.5614532843772392
0.5559373585126655
0.0
0.0
0.32107539629227405
0.0
0.4020368120214475
0.29004143953333233
0.3270270707104976
0.3560696659045991
0.6601903272633934
0.7448657050996834
0.16852734702569683
0.0
0.6734216745194643
0.0
0.33370667989625497
0.624271610124641
0.5234909188721285
0.0
0.299589880296045
0.0
0.0
0.0
0.0
0.8418346122588904
0.0
0.665445938728783
0.0
0.7120030678718523
0.818551517224635
0.0
0.0
0.0
0.4838418972644182
0.0
0.0
0.7616490717310861
0.0
0.6590484415449389
0.0
0.0
0.48131678742036715
0.0
0.13706836803387207
0.8564152957130605
0.0
0.9182895842828719
0.0
0.0
0.0
0.0
0.0
0.0
0.617914355904827
0.5671793921170761
0.6059442280630448
0.3340510168202943
0.13350097156410962
0.0
0.3154361855433446
0.0
0.6267889207631823
0.2927772989309281
0.5295444339929319
0.0
0.660410787147325
0.0
0.6900642438387498
0.0
0.0
0.2150565605849901
0.6777378372721473
0.0
0.18869214881105015
0.5955363049489605
0.0
0.0
0.21942675996324304
0.5074436804018627
0.6067735000562443
0.6845295114632199
0.7105826010874684
0.873599717020574
0.0
0.07846972029672332
0.6483202133417746
0.0
0.4257320532355769
0.0
0.0
0.0
0.0
0.511865571773212
0.8353002903506404
0.0
0.0
0.0
0.0
0.581255412493326
0.6615872477051349
0.08762111172520409
0.10827170708017324
0.626536299040173
0.0
0.07426848209288932
0.0
0.0
0.8037473394436327
0.0
0.0
0.0
0.10909396898139824
0.42495189807479306
0.5325752411189024
0.0
0.4285767645019181
0.0
0.5830601807252039
0.0
0.4333660663078794
0.7439290840151633
0.0
0.0
0.5989180612055294
0.0
0.0
0.0
0.8561680861995562
0.0
0.0
0.0
0.5052269856604413
0.39337349545639816
0.0
0.0
0.0
0.6643413639477188
0.29833979719611575
0.725461952243176
0.46445484941258375
0.6462913711604295
0.0
0.5828203620599172
0.6789317727599985
0.0
0.6098386607826186
0.0
0.22264605428110074
0.6110362603537455
0.0
0.0
0.0
0.0
0.25128161746824823
0.18989291418757182
0.2029424270441181
0.0
0.0
0.32028196651641405
0.8074318198283894
0.00975468016213904
0.42202389319595035
0.6458644478252189
0.3071961516915562
0.0
0.0
0.0
0.0
0.0
0.587062166924265
0.0
0.33309146301081954
0.47614951039237813
0.6807372280965558
0.0
0.0
0.0
0.4508947650305322
0.7534093480210303
0.0
0.0
0.5429929839556421
0.41849313579410174
0.0
0.7049268320614213
0.0
0.0
0.290786561048155
0.6611912308250891
0.34729745576675497
0.0
0.669050501168255
0.39754399696545406
0.6976587382117693
0.5255165078287051
0.5797221025329807
0.7248522515237953
0.22482365343701216
0.5310349324947812
0.6341482810276512
0.2641462451700434
0.0
0.08511545499714968
0.0
0.834926352588969
0.3044903899202322
0.22587803798633505
0.0
0.0
0.0
0.0
0.0
0.0
0.7927483275263448
0.38486114434433977
0.0
0.0
0.5601950343553315
0.45644395420028994
0.0
0.5128334020480513
0.0
0.6034247821412618
0.478069489592127
0.8056404742069682
0.4207213621191538
0.8699564257575328
0.0
0.0
0.0
0.0
0.5086284585347716
0.05337170775545097
0.0
0.4941496241976623
0.0
0.2718809121340445
0.38526722877434627
0.0
0.0
0.8834659826798364
0.0
0.0395479829899229
0.7174080256242754
0.36655645585751073
0.0
0.0
0.0
0.9099166491410279
0.0
0.0
0.29778951170638174
0.49499393892718574
0.5113712397281487
0.7790368953068573
0.460350417168379
0.0
0.0
0.46292172865794984
0.3849551286702551
0.0
0.6735250121447539
0.036083706155331415
0.0
0.0
0.5200424000448778
0.0
0.0
0.708628917937798
0.7495042375330376
0.24249999811330852
0.32328450078364834
0.01710919194287223
0.2239103163671842
0.6710153657031303
0.605947231717019
0.7408340626576488
0.8138823068246265
0.3723919873553692
0.0
0.0
0.1517279994794017
0.0
0.0
0.5873247179933963
0.0
0.0
0.20237544812493205
0.4941791900704675
0.24191072046796538
0.5131808769144329
0.2165382702685614
0.0
0.11039271257752661
0.5460217098392632
0.0
0.8044496705620899
0.0
0.2721418201399733
0.5609668226651282
0.5361525397521756
0.0
0.47611750001913267
0.3099475274364337
0.613539100853883
0.10475414104967785
0.15931429634349276
0.8252374788558443
0.6327075288000428
0.22136328078410678
0.7136677757092859
0.6684748307667144
0.4823691738957586
0.0
0.0
0.3654108284586655
0.7809958886092525
0.8098082072939607
0.6248545866812151
0.39453697403937676
0.0
0.0
0.6619265016259046
0.20381433315952993
0.520484095181471
0.47388379438506856
0.35092772986191223
0.9181730174693657
0.13189966692527164
0.0
0.0
0.6137179010138131
0.0
0.0
0.0
0.0
0.3072562412310509
0.6727930130520594
0.6983783895988694
0.6912802885293408
0.0
0.0
0.8187742158219483
0.6357275406950149
0.5314719019164992
0.3044550370264107
0.20119122818375518
0.22175112143114045
0.0961645766758916
0.12194998896655185
0.46163184260782264
0.0
0.545644523346044
0.5386789298598061
0.8011285067701693
0.09394741235016088
0.29881857458183875
0.4103603085548767
0.6727884192062457
0.0
0.6962857398434863
0.39741712446990013
0.20294788185193793
0.5298481575863816
0.31138292511635113
0.5558448727156677
0.0
0.6851462654864239
0.0
0.0
0.0
0.012182544823484059
0.9535139151651857
0.2990080073030607
0.0
0.49038327199914905
0.8165275852182103
0.0
0.0
0.0
0.0
0.933215766012497
0.058327811129029676
0.13373586303288132
0.0
0.21250459429446864
0.15215717381497243
0.0
0.6891552719194826
0.31118183373763414
0.0
0.5869601686227234
0.5590219108127295
0.48013118073504374
0.5833440004789044
0.0
0.44464602705653405
0.08056730599706302
0.0
0.5182914662610859
0.7951627881169159
0.2652377039802467
0.0
0.6835464600380625
0.09176452987331105
0.525734168882036
0.7578532963171055
2.1495325327774032E-4
0.5231262941384447
0.0
0.15640716596217982
0.0
0.6413494199446566
0.4062671378062275
0.0
0.6113149550687905
0.0
0.0
0.7024439233718563
0.0
0.0
0.0
0.5376191301717184
0.35493871591513454
0.0
0.0
0.0
0.0
0.0
0.0
0.0
0.0
0.10482770413999344
0.13724696598308517
0.1545866614728973
0.5773052620334568
0.7755353534195648
0.0
0.0
0.4319537766896197
0.0
0.8362545479559483
0.43642921616667263
0.3665791579551681
0.028879430254301456
0.28403094726161193
0.9189126201753424
0.6629548902315117
0.0
0.0
0.0
0.7464187335710745
0.2517197607697503
0.6600862853397231
0.37646930927807987
0.5805671297721886
0.8578348320656349
0.5791267785559215
0.1818864159758502
0.21102814386043423
0.8787459087835848
0.0
0.09714257799775391
0.1444067295640655
0.0
0.26451559034731814
0.27011046826551793
0.6575643026217576
0.0
0.7644469258957478
0.0
0.0
0.0
0.0
0.2528657371063068
0.7142254073997885
0.6577714255240256
0.0
0.916847910783508
0.1135408186464158
0.5388366053079162
0.21008455814780327
0.6704316341243943
0.5844651905766027
0.7278897037202493
0.0
0.0
0.01168356983591051
0.640316385999676
0.0
0.6212944379381795
0.0
0.0
0.0
0.3832158580426624
0.11897527978054327
0.6171537536954818
0.0
0.3410828125439653
0.7960344061618779
0.6708433571017094
0.0
0.1403836242930019
0.0
0.0
0.2186651380284638
0.7151587643491525
0.4227796075517773
0.0
0.594273114587114
0.39327174019391975
0.10409695437868727
0.7102884564995253
0.8116451666696345
0.0
0.29663447287578704
0.7587398529547891
0.45539270146315175
0.0
0.7113413590860438
0.5551148599052707
0.5110209508153369
0.0
0.87157157636794
0.29601042054392257
0.0
0.7098391897370886
0.7166376194994989
0.04464843944295408
0.7850559882155171
0.0
0.35918921791228636
0.0
0.5034834507303121
0.0
0.0
0.0
0.7796981515176058
0.25976190160136386
0.8173376712958765
0.6952456060834762
0.7916466127849914
0.4181833868999242
0.642799747913756
0.0
0.7012723322794694
0.0
0.0
0.6305090658166853
0.6623306548688866
0.0
0.8110760024439433
0.0
0.0
0.0
0.0
0.0
0.7879121990226651
0.0
0.2786175882108144
0.0
0.0
0.864839826562916
0.4645342614396576
0.9271031930603628
0.0
0.4004099428409517
0.0
0.47626548024408344
0.6712717072365499
0.0
0.4010036403499914
0.2569490976087448
0.7570525362560091
0.0
0.0
0.2825532297754124
0.0
0.0
0.16393920351959002
0.0
0.0
0.0
0.28100693401143145
0.5964265337205356
0.626338682086726
0.0
0.0
0.0747146278449266
0.3078532527629434
0.0
0.8961648574798057
0.24081036876315812
0.3135767063356638
0.0
0.0
0.6482435225504408
0.4077652111005931
0.0
0.0
0.0
0.0
0.0
0.0
0.027911497457668195
0.4295277297957712
0.0
0.0
0.5863032778190538
0.0
0.4453036541633196
0.22415172380818996
0.0
0.5786932480886932
0.0
0.2144157793904344
0.38914894960960333
0.0
0.8760661162827756
0.19623314222200997
0.11189511550963148
0.7242614592033939
0.0
0.6270308677123654
0.0
0.9357341228751163
0.5514050610456334
0.7908476750498499
0.12258306736578137
0.32777791772687287
0.0
0.8923168709139246
0.0
0.0
0.8218897142534489
0.49503341750578245
0.07753742183863745
0.0
0.23719014600060526
0.9045163309205726
0.0
0.5531942919616054
0.0
0.08791154896765681
0.14095389733932648
0.0
0.6974761378883579
0.0
0.0
0.0
0.0
0.29720756537145615
0.0
0.0
0.5431906617547142
0.3276331154114105
0.44777592708407477
0.0838427584770182
0.0
0.8134009290558469
0.6692093518858555
0.4656675186915807
0.6884172907936802
0.7530429236120737
0.0
0.0
0.7772695148851825
0.10935649989618612
0.6209283438848545
0.0
0.0
0.0
0.0
0.5256161854589623
0.6155616333306841
0.21051949414472346
0.0
0.0
0.44651128845325244
0.0
0.03180990494559339
0.0
0.0
0.0
0.0
0.39849461003844144
0.8643576274486969
0.8582803765476242
0.0
0.0
0.10343249917296163
0.0
0.10791362277307806
0.3576317904065389
0.2147649803087758
0.28533322790054566
0.0
0.43099531639279576
0.05865180976081506
0.2541410860629829
0.0
0.32819427446345323
0.0
0.6601442029463497
0.35018864798196636
0.0
0.0
0.0
0.832885213674959
0.0
0.04641333929039603
0.6847433904901449
0.0
0.0
0.7446087329125152
0.5945137314280805
0.31412445130876215
0.0
0.5388107656340712
0.0
0.0
0.8531618350609456
0.0
0.0
0.0
0.3956218828528083
0.17451382922909736
0.0664776172461061
0.7095055083362614
0.9714108761734069
0.20395446544403067
0.0
0.49948597849070425
0.0
0.5585747824222697
0.5833889997051015
0.0
0.030167911829426138
0.0
0.7143883721482938
0.0
0.23121649405169256
0.0
0.45363811120825565
0.0
0.0
0.30315154470816913
0.0
0.4262399817081924
0.0
0.28599716888421006
0.9159643001687702
0.6690968772027098
0.0
0.0
0.3603501105331307
0.038990344749506044
0.1739324384288718
0.09626148038131749
0.19190423266071424
0.8692851965923051
0.0
0.5669856930427467
0.0
0.599914385535425
0.3074632012830967
0.20872205998102727
0.0
0.031781052299615864
0.11517820412242805
0.0
0.0
0.7568612761761588
0.0
0.0
0.8711278500005256
0.07317972312711611
0.5125873715647047
0.19612068929752682
0.0
0.3542426049906129
0.4362133816014136
0.0
0.0
0.0
0.0
0.5566856583131442
0.0
0.417329136849378
0.4166264025085454
0.0
0.3938119584197669
0.0
0.36144674738753363
0.0
0.0
0.0
0.0
0.873391960001391
0.5782830391260088
0.0
0.5321853218357736
0.4174099352850512
0.493365634631134
0.0
0.0
0.6486139170533353
0.0
0.2241601279621289
0.0
0.809897217622118
0.4377818554436609
0.0
0.0
0.7916892744059228
0.0
0.0
0.05436188946296472
0.0
0.0
0.7733142340677955
0.7304677973922428
0.0
0.0
0.4860490476467916
0.0
0.0
0.25474840440195007
0.0
0.2479970450599149
0.0
0.0
0.8384748787476886
0.2107500468971703
0.42748845240466676
0.7340951329225072
0.0
0.6274838924905201
0.0
0.7696624378448922
0.0
0.0
0.0
0.0
0.42964903800230114
0.5462641120293339
0.0
0.0
0.1434389857643332
0.0
0.44531120030908294
0.012455946860243669
0.0
0.06931425317599142
0.0
0.4165939120283332
0.29837889062264555
0.746395497996655
0.5119025734186771
0.6783178249145098
0.0
0.4823939232744322
0.9578313208210257
0.6374842906902397
0.6292608465898303
0.0
0.0
0.0
0.0
0.0980874235303759
0.5965650639859797
0.0
0.688944905699614
0.40275326516375703
0.7685469613553354
0.0
0.7304359133156104
0.7122186580198986
0.815213104491187
0.0
0.0
0.0
0.0
0.23763660957975213
0.0
0.0
0.0
0.22049099959066654
0.7453077086636418
0.5640013405392179
0.9550918977987063
0.5621099164634813
0.4612144434135944
0.27889942014487806
0.47299022262955104
0.69868128178722
0.6688278823814414
0.0
0.0
0.33128937313256207
0.5426332172218858
0.0
0.0
0.28551514493499974
0.481157944199588
0.37436474945347287
0.0
0.43229947024603244
0.7040825229935822
0.0
0.0
0.5836428498849974
0.14417850858717168
0.0
0.4924964794552281
0.2184481649435459
0.0
0.0
0.0
0.5443627613460423
0.7475336714167091
0.0
0.32617489998430416
0.3220696285528337
0.0
0.9091896289026493
0.752097849561077
0.0
0.0
0.04344828626743279
0.39579782704774713
0.0
0.7543394103876041
0.44045172059973087
0.4645231432731673
0.8096758284344394
0.0
0.0
0.37791137117166745
0.0
0.0
0.5482914935784341
0.487034239180246
0.0
0.20294231249181416
0.5534907330170353
0.0
0.0
0.6475249155010084
0.0
0.4558604994113805
0.0
0.12346573955918169
0.0
0.0
0.03070597131920986
0.0
0.0
0.0
0.4536394394788702
0.3569231441800045
0.0
0.0
0.7552845400323144
0.0
0.0
0.0
0.0
0.5024150366818744
0.0
0.3159022351144532
0.19291358250285295
0.45774502986705584
0.0
0.0
0.5272376460742542
0.0
0.6301935882423567
0.6619192185614723
0.0
0.24106663153562052
0.0
0.2589467144233916
0.5296377913196227
0.0
0.641096506840241
0.0
0.844136917305891
0.40156512785777143
0.7889665322952156
0.49842849687322155
0.7809305960374016
0.0
0.0
0.0
0.5735987272127646
0.0
0.0
0.7137182989156332
0.10764876145608551
0.16837624871584525
0.05148453571826762
0.0
0.0
0.0
0.0
0.0
0.008309837431971917
0.04328330814890742
0.0
0.5168625851460869
0.7671919274044179
0.7245748064223446
0.4718804967196672
0.394326489779303
0.9344339901207426
0.6383449659313046
0.0
0.6582817703518364
0.0
0.0
0.23727904892839058
0.0
0.023803528467021506
0.6115492694465136
0.4823322346347328
0.0
0.0
0.45813219066686384
0.0
0.4558638869451651
0.0
0.0
0.0
0.17798814619903122
0.0
0.7569321836411801
0.6607461539152815
0.7102082535854195
0.09960625038340169
0.013519977301634177
0.0
0.6918413023963392
0.5548167952131081
0.0
0.6719098770912958
0.0
0.0
0.0
0.0
0.0
0.07733501448508533
0.4589655617607802
0.0
0.0
0.1000703760656085
0.8158677050679262
0.0
0.0
0.0
0.25169937510068147
0.2025661578526271
0.0
0.7536405827041275
0.5697460844655626
0.0
0.0
0.0
0.20663800457467604
0.2233895881386249
0.0
0.0
0.0
0.6083019633689583
0.723138105146151
0.7584445883201837
0.0
0.0
0.12800841230167734
0.0
0.0
0.9103628101376988
0.0
0.8703708652031038
0.7320969760096194
0.4133967758774007
0.1861511453992013
0.2885108594908394
0.8954044553305173
0.309107415437313
0.4024220464537141
0.04686868671193824
0.6602573309176751
0.037381450709981445
0.0
0.48284059265622675
0.6221004868565841
0.6734043568004666
0.13240920324175212
0.6303004753823669
0.32936112904698944
0.7065804783907688
0.0
0.0
0.9342429567542675
0.0
0.0
0.7781030977351927
0.0
0.0
0.09933913106716445
0.5779730163193173
0.637619220057305
0.0
0.6572940116762671
0.335900201945022
0.6974582659176995
0.0
0.5605783400974599
0.0
0.0
0.2005566378627049
0.10011561475835719
0.0
0.0
0.0
0.0
0.0
0.0
0.7298481171752136
0.674301878962964
0.0
0.9805400974419077
0.41866349008538645
0.15994943988426885
0.2846956476437766
0.7323854980273202
0.007842923844858497
0.32569715793560994
0.0
0.0
0.5229492619827589
0.8585189037692798
0.6281271155165814
0.13508600836530296
0.20712691747285805
0.114442489022414
0.0
0.13120555711582124
0.4651993434118719
0.0
0.0
0.3733175062379092
0.0
0.08860657540715934
0.0
0.3167835801924009
0.0
0.05255920022015999
0.0
0.0
0.0
0.0
0.0
0.5956888437586553
0.0
0.0
0.20408140931655316
0.6275787053646106
0.18090506582379076
0.5183395687214224
0.7148758618642316
0.7051974676218151
0.5240225809663291
0.0
0.15224038608902354
0.0
0.0
0.7009778419635564
0.05180292025059851
0.5139347127452439
0.0
0.8045061487776232
0.5189353992809382
0.7114915105049968
0.5542620240674064
0.6495878927421967
0.0
0.0
0.5473664839177554
0.0
0.0
0.18844716804519773
0.2922272264452845
0.1419528981616201
0.6332177384082398
0.7308341080326438
0.9190034662401672
0.6844537701497703
0.0
0.0
0.10261699774715312
0.08761511238331009
0.0
0.3664523139972175
0.0
0.0
0.2945895498502676
0.0
0.025709933355636864
0.12195906631010443
0.0
0.26623569088226495
0.23650880820156064
0.7511310840112643
0.0
0.22901199221662813
0.0
0.0
0.0
0.0
0.3387787306641272
0.0
0.0
0.00674960185366074
0.27414086824936307
0.8202080873211699
0.0
0.7987448389644517
0.7243792304101262
0.0
0.5603201118891113
0.0
0.5917587932771791
0.0
0.3959863694961337
0.9076939864416814
0.6624787443597205
0.22049357662679078
0.14523061478566457
0.0
0.5645496517611839
0.0
0.41201830423257485
0.0
0.0
0.7125852475084096
0.7491963201596401
0.7474578687631704
0.2592859991519913
0.5305848427795677
0.7109125349981383
0.0
0.0
0.359818088874748
0.42525301836700535
0.46544672484413013
0.0
0.0
0.0
0.0
0.02833813291732395
0.43564167305706153
0.0
0.7512067177146738
0.0
0.0
0.2304368585682263
0.0
0.0
0.30037474475354636
0.0
0.1388803503093181
0.47329949545588873
0.42971083978169755
0.0
0.0
0.0
0.6609647179358461
0.0
0.7409273073101807
0.0
0.0
0.0
0.0
0.6170459144012431
0.0
0.17779766222199075
0.6906568682794265
0.0
0.5137785339355087
0.5449652904494716
0.2438654702543631
0.0
0.5285967133471989
0.0
0.0
0.42722788859579935
0.7725941189646169
0.1072052067627634
0.2223043990675696
0.512839430851731
0.5615011629296005
0.39065778491010095
0.48544314600901445
0.21182901083022085
0.7954727694762063
0.11083553080505504
0.6859300171877221
0.0
0.7411575237639813
0.31538557114751903
0.0
0.0
0.0
0.15766632090600433
0.538910933290276
0.8148771670810183
0.16897354588427516
0.1574826678613307
0.0
0.11954542402244538
0.7574348461375324
0.0
0.0
0.0
0.8374508889219618
0.10919830327529545
0.5814219369381012
0.13872397891095037
0.0
0.0
0.20399741606181132
0.0
0.36436454985640115
0.0
0.7017445803587092
0.034005678003979904
0.6520235989989596
0.7395268627648034
0.48298558935893404
0.2064525692715834
0.0
0.0
0.8499149200351189
0.7004511296423651
0.0
0.0
0.0
0.5247544267761889
0.9153535770314634
0.0
0.0
0.080945931665887
0.6944412319508055
0.0
0.0
0.08363420051573163
0.08129900344397717
0.30226222262260505
0.0
0.7174085012988616
0.0
0.0
0.25643861654678485
0.6170651940730405
0.0
0.5974175344941273
0.1313779004127527
0.6012790875693342
0.0
0.22193802314737424
0.0
0.5892469213346512
0.47110336045270307
0.7947207745598232
0.6089376457162763
0.7170362623133237
0.10075201487127139
0.0
0.5632797394963304
0.8000412634872732
0.018985987239931956
0.0
0.0
0.3953212986930283
0.5931345013849874
0.6803468223573909
0.0
0.7142823332826017
0.6028701141284808
0.3640500520855307
0.5321964694197027
0.6058289498225644
0.0
0.0
0.1399893310008435
0.0
0.0
0.0
0.0
0.03468048116095793
0.0
0.0
0.0
0.7494215668601986
0.0
0.0
0.09186241020735521
0.725604159246906
0.674767055546072
0.5922538315296059
0.35557511112978385
0.0
0.0
0.0
0.0
0.0
0.5437029300742078
0.0
0.13274043161088553
0.0
0.6058206517725128
0.45565227153703997
0.7300335442114994
0.8723680117039694
0.19673425044960965
0.0
0.0
0.0
0.0
0.4845412024888036
0.624700776411773
0.3333894420929713
0.35869261908504796
0.22774670008416162
0.7854032135951964
0.6565158013552842
0.0
0.6000083599842384
0.18284059075672823
0.5467763624643219
0.2330092287937599
0.0
0.0
0.8055548758790563
0.6144168203103316
0.749586430463262
0.0
0.046942443817863805
0.5722799166648601
0.4800367392961581
0.0812030041310169
0.0
0.7666812472603622
0.3745022003651323
0.0
0.0
0.0
0.16372909452788598
0.0
0.0
0.796350273495076
0.0
0.0
0.5956738306660694
0.0
0.4807674194201888
0.0
0.7807172112125953
0.0
0.1989625971416307
0.6955211585416805
0.0
0.0
0.5370686423711488
0.47561371380125883
0.0
0.5057656366369221
0.0
0.05966013390197676
0.6922934355351872
0.03376200739095591
0.24735953181386106
0.0
0.9073123923753851
0.5508369344760167
0.5589895540726887
0.0
0.8183919735039783
0.7966138892840098
0.6315603092008191
0.789926433975525
0.0
0.0
0.0
0.0
0.0
0.0
0.0
0.9126468540394931
0.20031686598692205
0.2439674440626524
0.5319520327111722
0.48998077384693295
0.0
0.3225584996208376
0.0
0.23420038988187342
0.0
0.6102869799298773
0.0
0.0
0.19732336905727016
0.0
0.876925864410407
0.6426645750181315
0.25249411973112146
0.39082110609001164
0.0
0.3782450489276038
0.7199441566996087
0.0
0.0
0.0
0.0
0.1974238467962969
0.7820531465808476
0.21052961163047493
0.0
0.7266487592467702
0.0
0.0
0.3255546204741916
0.6689938376717641
0.6717819316158193
0.0
0.0
0.49994875041030257
0.221298978325345
0.8632641295355559
0.32045783035460446
0.5010474493374486
0.0
0.0
0.5990544058326046
0.3969288173839099
0.12018621543160864
0.0
0.2630385083879764
0.6138056567337943
0.5566490475269608
0.5201545684867379
0.0
0.0
0.5703899834889247
0.530572598736449
0.4898687042167669
0.0
0.7456291262407957
0.0
0.7580266368354401
0.5291869107719882
0.0
0.5983970632048075
0.0
0.0
0.0
0.8050677474093497
0.2899995208752601
0.313954390707064
0.32771170442655784
0.36631384262725725
0.0
0.0
0.0
0.0
0.522855596341006
0.37817339989465304
0.8152572959222061
0.560657501102517
0.0
0.3193731240859857
0.06212334061071149
0.0
0.5182785106954044
0.6825981468321697
0.20729188325331604
0.5902817833392902
0.7948678744830912
0.0
0.0
0.6267229646707002
0.0
0.7032513239641031
0.0
0.7440877309000623
0.0
0.661130149724165
0.0
0.20537509551126987
0.0
0.8276769862247495
0.44901872114262925
0.08593008073157969
0.7893729185023503
0.8907415025117275
0.0
0.9234391909660833
0.2678836121827316
0.0
0.9102403729257956
0.5514445151307558
0.41996956545849895
0.0
0.0
0.5351466845510668
0.10001443152091427
0.0
0.32617013588996435
0.6278885881454757
0.39665850887195997
0.5098822577121251
0.9239075091197875
0.8699187993081245
0.20162433937032387
0.4443276639027266
0.0
0.7653303967624536
0.0
0.0
0.5157895026426602
0.37571478742611153
0.0
0.0
0.0
0.7136040687132933
0.13533071649470257
0.3849965966553353
0.5861960404135838
0.13817102204281068
0.0
0.0
0.2461965018142065
0.1887901127025989
0.0
0.5300558945332394
0.0
0.5822163251139247
0.0
0.47957646920742036
0.8215508193696938
0.2060268287483562
0.322878895385974
0.4728307695564771
0.2292474032167138
0.23387029695753883
0.0
0.7048371234783879
0.0
0.5865771711131462
0.24582565157204397
0.5861656902322842
0.0
0.4089845152355236
0.789440900324081
0.6221882408125089
0.3671531350142117
0.16340787892649017
0.16554354139711477
0.7324844813381277
0.22125698650665607
0.2167207177191613
0.20426837060900946
0.0
0.0
0.8534826645449912
0.0
0.7218852207965977
0.12202370009275884
0.7092083896119094
0.0
0.5192849509004802
0.020731872477063016
0.26457920309918914
0.0
0.35942151346281254
0.0
0.0
0.5319405454012678
0.0
0.9693115058152884
0.1970326936125684
0.5696176501655279
0.4565713424454069
0.4363969960852117
0.0
0.8307208183301132
0.0
0.0
0.0
0.0
0.0
0.0
0.371426746862899
0.5996535277806776
0.0
0.0
0.0
0.0
0.5886322518038728
0.0
0.0
0.0
0.0
0.0
0.0
0.0
0.8928094848689381
0.4699544266338481
0.8248924304517692
0.4968961926858818
0.0
0.3605717613223063
0.4304399118509854
0.541934944573626
0.15575684350684904
0.5088786475419736
0.0
0.0
0.6992608896822067
0.0
0.5354231124474548
0.0
0.0
0.0
0.0
0.0
0.6558908794934565
0.0
0.6943034521594528
0.0
0.0
0.28031118904628255
0.0
0.0
0.6025008474066558
0.0
0.5457381752618778
0.47844469654175487
0.0
0.14248022510133188
0.0
0.5448033283204912
0.0
0.0
0.34952971149913753
0.0
0.981908070781624
0.749131723169557
0.39037790787261994
0.0
0.585589247456833
0.9160945053119711
0.0
0.0
0.5907360360504151
0.8130588819003186
0.0
0.0
0.0
0.6980691923716652
0.5192044435559087
0.14872624187301947
0.6484827500686932
0.5242673704378192
0.8581529468940214
0.8212430573428687
0.0
0.29902732169032925
0.0
0.5453918554509266
0.0
0.0
0.885208877558759
0.0
0.0
0.0
0.5771048566273996
0.4795091118812689
0.0
0.3278048332722835
0.0
0.42282956587498244
0.0
0.6256853288329912
0.39413112620159546
0.0
0.0
0.10066101240367614
0.8872248323033732
0.5175711830715064
0.7350854335481948
0.0
0.20487118392948353
0.18701765579635074
0.7260501739193378
0.0
0.6257312238448937
0.0
0.0
0.7928399937624349
0.5846538196612592
0.0
0.3069727023881182
0.6517856504875524
0.4218559471665689
0.35246519996755526
0.5462789207266835
0.0
0.8118775324673222
0.25225017601263344
0.4757507467493315
0.0
0.4943791970246632
0.5366365246357772
0.6466764550979701
0.0
0.2705102223833963
0.0
0.0
0.44785821308578405
0.6984883420600057
0.0
0.6681976758033532
0.0
0.5202121382254903
0.47310961001958785
0.0
0.0
0.0
0.0
0.8545307975441018
0.0
0.0
0.0
0.21515432089609604
0.0
0.0
0.5511525697369812
0.3274407272603618
0.0
0.0
0.0
0.26235265901735083
0.0
0.0
0.0
0.0
0.3805114547748963
0.4011840973810785
0.8821962810790963
0.0
0.6986893923352752
0.23142112513988675
0.0
0.8025489824598688
0.0
0.0
0.0
0.0
0.7747240575720484
0.0
0.0
0.0
0.0
0.0
0.4214648464578913
0.7229447956450923
0.7099832145325928
0.6392378978644697
0.8046174283744807
0.4709915066653386
0.33163252650440733
0.020321380267605473
0.3417422271021512
0.6577538640448647
0.09559319932978064
0.6604941576089666
0.704376542838586
0.0
0.04215179591431704
0.5707809871606428
0.27245768269878673
0.7951170615931925
0.2602524047810696
0.6709191708542581
0.0
0.0
0.8086926554289607
0.0
0.6931831236038255
0.0
0.5642240274713805
0.001725769522745317
0.4060069773794408
0.6927865654407439
0.40512298433493776
0.11414008686089223
0.0
0.6498521208862296
0.0
0.44239183651261055
0.0
0.018522330187052023
0.7921044920334545
0.6041415432190503
0.0
0.4536490638304365
0.041521902937904843
0.4511176797935255
0.7895898351266207
0.9655123158859436
0.0
0.7471192485922482
0.5070926003116024
0.0
0.35677001136917963
0.31874791377394956
0.5583166798767344
0.4221058086762032
0.0
0.6723396753710963
0.634604178353821
0.4593401546312973
0.0
0.1953013652364144
0.0
0.14939227362794535
0.5117779277575158
0.6893851365990291
0.17574000527979866
0.700356751514272
0.9602680514320934
0.0
0.3918372527656991
0.0
0.6233227029110724
0.0
0.844628936544719
0.0
0.6198801143663131
0.0
0.0
0.019382172181142354
0.2113417722604912
0.728555820360483
0.0
0.0
0.0
0.5129468077286743
0.0
0.44354220501652797
0.652481121052955
0.392431345105563
0.04374365183602373
0.6369117217301911
0.0
0.0
0.5385610354611475
0.46759339510491066
0.6199405539523695
0.0
0.0
0.0
0.0
0.0
0.0
0.0
0.3814624218784343
0.13993250182470668
0.0
0.0
0.36070711248745113
0.5902133795108342
0.0
0.240768763443862
0.0
0.0
0.43634694722385853
0.695954319789043
0.0
0.36532426597522266
0.45564862265037437
0.28266379036435085
0.6793494675040774
0.0
0.16375196014207338
0.0
0.8289745518812431
0.0
0.8068346956596061
0.3158008885657164
0.0
0.0
0.5027089164667844
0.5894383212328108
0.1592008187551055
0.0
0.18092886114621348
0.0
0.0
0.289527278951025
0.0
0.39148772858969827
0.3610473828405993
0.8274171514898107
0.74063198602647
0.0
0.047752813586259844
0.6201888018284075
0.6567380948769503
0.586871911034956
0.11172634190094057
0.4219488919691672
0.0
0.34933753753168684
0.10556815267205413
0.2898438579290991
0.43132619221112367
0.0
0.7287421786372086
0.30390420558437126
0.5940017819073707
0.0
0.0
0.27911010278846266
0.7801992173027142
0.0
0.0
0.0
0.0
0.0
0.5115483618955613
0.822226702268351
0.0
0.0
0.6396836027674458
0.0
0.68677886095155
0.0
0.7446763535331997
0.0
0.0
0.8125960874713066
0.6757705945839141
0.7740515450746652
0.0
0.6091680625407065
0.0
0.5195792050248433
0.742051837945535
0.0
0.4992358799814421
0.0
0.38257360868643164
0.0
0.6369683914814043
0.5371827760664641
0.6304586362497288
0.0
0.20443614862870108
0.0
0.47423983519168056
0.0
0.45837748519476
0.36112033716029907
0.0
0.22603196698730163
0.7742656739457289
0.3615834764848139
0.0
0.37069092165314177
0.5860978364800727
0.0
0.0
0.0
0.0
0.47921887466277974
0.0
0.0
0.0
0.6622651909264087
0.0
0.813022712173671
0.08991143170981664
0.0
0.4782565667364965
0.7701247803537017
0.705791273388023
0.6126832202543946
0.0
0.0
0.1045712964565056
0.5412200136452765
0.8188024863325112
0.0
0.6158816557116492
0.0
0.0
0.0
0.0
0.0
0.0
0.7991526318775628
0.5223897764919849
0.12236109163169295
0.0
0.8046566762489711
0.16259533461688894
0.7270035718819557
0.0
0.7451859995764214
0.26976382643140634
0.0
0.0
0.0
0.0
0.0
0.31796783485228586
0.0
0.6668003847938095
0.7639191038947452
0.24290050912265568
0.0
0.6357072184034795
0.03305769787768739
0.39003359290623274
0.5968184576863106
0.44223084146839514
0.1506333745772428
0.8657263535965605
0.0
0.0
0.0
0.5244758384898416
0.0
0.03280298701741534
0.5549174876915722
0.27731176319993667
0.746388386553579
0.0
0.0
0.14723313604348578
0.34654064752348945
0.4162753662803492
0.6450151518158503
0.06416630186991978
0.0
0.0
0.0
0.0
0.0
0.5485146831929026
0.7903310871120273
0.2326342699199751
0.47542812058183537
0.6622929766659135
0.0
0.0931035694242255
0.0
0.0
0.0
0.0
0.0
0.3878326619970694
0.4438349513178909
0.0
0.22899764266689115
0.610918778909779
0.0
0.0
0.5831072117960101
0.5400514181177127
0.18375137912444922
0.5414930607534348
0.7292610502728573
0.0
0.7348597169417245
0.0
0.0
0.0
0.6556699918804341
0.0
0.7532301520888433
0.0
0.0
0.2702458688881081
0.9751953221576488
0.0
0.0
0.41173077400638697
0.956620762243065
0.7841050920424968
0.7471202266424725
0.693289605019514
0.0
0.7708480295616221
0.0
0.39393237041086965
0.5977981841796413
0.0
0.0
0.18839833613133497
0.0
0.49308449700739654
0.0
0.14521693868943747
0.0
0.689067840065396
0.862065769453582
0.1960020773785878
0.7114037521430594
0.0
0.6994915881638389
0.0
0.6194866714922677
0.0
0.7552620326820627
0.06930502067901598
0.0
0.9490658185025362
0.2115815378078152
0.6924526102909212
0.0
0.6519456591393127
0.0
0.0
0.6554268805165671
0.0
0.4026664513425089
0.5829023792949156
0.8269370544549756
0.7203173296330969
0.0
0.6229876379728706
0.8019930281817039
0.0
0.0
0.0
0.0
0.26744748498540144
0.0
0.7910785696339263
0.3086174535065744
0.7484440008998494
0.5275840428986881
0.0
0.0
0.5900874979000977
0.02223160851462934
0.057706171234000715
0.3074755132834461
0.0
0.17465487503172974
0.5801911152075954
0.0
0.0
0.0
0.0
0.0
0.0
0.39673657373468957
0.758602766661495
0.8477899173286999
0.0
0.0
0.5205313986336491
0.0
0.0
0.0
0.08848709893003842
0.539220013145072
0.0
0.49185056263296173
0.7800470934663016
0.0
0.0
0.1635992791360581
0.2842338386636736
0.10865433483000286
0.0
0.6798091146419014
0.37788324534333617
0.6823860270269655
0.2708590805276129
0.19898245771802725
0.7472943688387759
0.0
0.41069904006241187
0.0
0.0
0.6755475884658709
0.7260953181612431
0.022595908693327862
0.5204247092201786
0.4536014886119699
0.0
0.0
0.0
0.0
0.22030084652777498
0.0
0.6606193945586095
0.0
0.0
0.0
0.18307095199567505
0.0
0.8464379191860112
0.0
0.5310009531802391
0.5621098137939818
0.0
0.6706721041609128
0.034406607304154735
0.20794818634284984
0.026558289063843953
0.2637198685809493
0.0
0.41272548779535545
0.0
0.18734494551723646
0.0
0.7033570163109576
0.43324147049096645
0.0
0.2898775048722941
0.0
0.0
0.10928004316490166
0.0
0.0
0.31266667976168466
0.5374454520411518
0.0
0.0
0.49587469406722606
0.0
0.2175553290380987
0.37464172704679594
0.3231064968868903
0.1617383400593246
0.27547795395480124
0.14970898751919018
0.6343131813527841
0.6078841310068187
0.7309489621938463
0.45792546453572647
0.0
0.3260494034862235
0.0
0.0
0.0
0.023666116205893758
0.0
0.0
0.26328683406803366
0.0
0.8965123118406043
0.0
0.6790693602709876
0.0
0.0
0.0
0.7446679098784763
0.5380803639676415
0.081815170721361
0.0
0.0
0.0
0.0
0.0
0.0
0.5415448130991616
0.4767722591162367
0.5606858229359587
0.0
0.0
0.6712941652220152
0.6378286731391296
0.0
0.0
0.8411124465162615
0.38239511751261734
0.7244742715402012
0.6592288977933979
0.34359513355182836
0.0
0.0
0.6293473121470301
0.6659224531733177
0.7314088316686433
0.8809842172620076
0.7925665070135799
0.0
0.0
0.5385121869834523
0.9377729534269378
0.31077387774772175
0.6895939360085981
0.7499301420487753
0.44166646620012495
0.5321290348928142
0.08754337833100545
0.8754212595301559
0.6703716104392118
0.22678740628795174
0.6729802136041407
0.3730002323344767
0.0
0.0
0.0
0.19597460045384998
0.09846289566690875
0.0
0.0
0.5693858352037692
0.7040935041790947
0.7770436600847943
0.10260930987284482
0.0
0.23283033899465333
0.0
0.9156284983380223
0.0
0.0
0.20582830408040786
0.4487217670150897
0.0
0.5945310681174584
0.0
0.5907235076690585
0.0
0.0
0.4788623853390836
0.0
0.3578329975955699
0.7065588128226646
0.0
0.0
0.058560043884866374
0.7443837265273332
0.8175969408448526
0.4554065744545825
0.0
0.9411312425325878
0.5967953315643777
0.0
0.5403206237520211
0.0
0.0
0.0
0.0
0.5007612489609347
0.0
0.0
0.5126481845078533
0.0
0.7821874063027869
0.0
0.15027927823015713
0.4810668378589446
0.19356863943644945
0.0
0.6445782083165019
0.0
0.3629144786036001
0.7858319250391843
0.0
0.760857750686022
0.0
0.5546475035634576
0.0
0.2938279218337707
0.5139205211568704
0.7700741446902329
0.3941987567989818
0.05152381034721172
0.0
0.1107861494743415
0.0
0.9190264227438201
0.12534790328983864
0.9086681127087066
0.4623409416260949
0.6435463835718471
0.0
0.742864632853525
0.43009216921211374
0.2585031142080096
0.6762177278689062
0.0
0.0
0.0
0.0
0.16321115633162736
0.314531274799447
0.22434596561361045
0.20449896521896135
0.4871088446072068
0.0
0.0
0.2948965876211724
0.39255121680160365
0.0
0.7496147626242334
0.0
0.5989324376268265
0.0
0.23669933945338498
0.27841701913477424
0.3210836320939774
0.881810668792629
0.4571657325296708
0.41872685825620987
0.19410216631784416
0.6328661155887375
0.0
0.0
0.17742522675166122
0.2796282152119896
0.0
0.0
0.6757513157242839
0.0
0.0
0.7569907756514723
0.0
0.0
0.6541490346332358
0.0
0.9256286364321259
0.1187948568959874
0.0
0.7705157908414333
0.0
0.6647039920328874
0.0
0.0
0.7615635809503846
0.0
0.0
0.37909486824341937
0.0
0.5353332740313672
0.6907138377023845
0.7463112710852838
0.005964917268547257
0.6298852806924295
0.0
0.7385115215558307
0.33738470321406394
0.25892675942484084
0.0
0.4321257385810349
0.0
0.0
0.7299053046809042
0.02754508265916469
0.0
0.6452732614787017
0.0
0.45055932589011416
0.0
0.0
0.0
0.0
0.0
0.6975548214923862
0.0
0.4424152491506338
0.5293717026971441
0.0
0.0
0.0
0.4992813687901109
0.2892875621932231
0.7230692559895594
0.2729781288409294
0.0
0.34826900678529876
0.055734140123185755
0.20856829671767824
0.0
0.8680546287386836
0.5046481426976352
0.0
0.8582608358652748
0.5447354374519111
0.3156774416505455
0.0
0.0
0.0
0.0
0.0
0.9624507922173295
0.9088350326764923
0.6853817139482862
0.015374943003924
0.39121907986153726
0.5706262351907003
0.8019989577193539
0.0
0.0
0.46345353385005517
0.0
0.3925452492664224
0.0
0.40337668720680003
0.5555699946616219
0.0
0.6978138866800191
0.5761798330097423
0.0
0.6230852308234588
0.0
0.6901967238049761
0.0
0.0
0.0
0.7132993354738307
0.5109958007142271
0.1380105302554509
0.0
0.0
0.0
0.0
0.7196314632626307
0.07822275368639627
0.0
0.35511180749703647
0.0
0.6644507860954656
0.23677818598862027
0.0
0.7694109693010459
0.6034969400560141
0.40275634438352187
0.0
0.0
0.0
0.0
0.0
0.2681452774687865
0.0
0.7685459316010596
0.6579254243054256
0.7726717126743191
0.0
0.4909208924631869
0.06993409057243233
0.5007705761837953
0.15345555145396872
0.0
0.0
0.0
0.6812794117669775
0.6130139672454682
0.2846487058810753
0.0
0.0
0.7613363520451223
0.0
0.0
0.0
0.4819473422219636
0.34840095190605685
0.647667050606311
0.7095175432072223
0.7131241269846782
0.7022892928329599
0.0
0.1754836788956468
0.0
0.9524629010288408
0.7932389864954221
0.0
0.37449628670432966
0.0
0.0
0.3655869118200054
0.12929896569732363
0.2681636952469394
0.3935502144547015
0.0
0.20871106851215337
0.8470768542662666
0.6983231651959135
0.0
0.0
0.6966684503023212
0.0746906914256534
0.6274681824017851
0.0
0.0
0.0
0.7949349752674382
0.5427078706815469
0.3446694995677013
0.6360125212075907
0.8328735751809251
0.0
0.0
0.039434424524995064
0.235203846881096
0.25927360379967884
0.0
0.8023809858960279
0.0
0.09483202546396513
0.6086853186980021
0.8599225248307415
0.09776780040636657
0.0
0.4263250317386639
0.0
0.5061403875928957
0.24088079884062297
0.3109411956126637
0.6296910768065338
0.4909412984568364
0.0
0.32057568095542494
6.11140002022253E-5
0.0
0.9098597317787863
0.19831248786747596
0.0
0.0
0.5735056715627898
0.0
0.0
0.00455384408090644
0.0
0.0
0.31818635908222775
0.15279500687877998
0.5575420501219034
0.4399610536810085
0.8677757114981899
0.6886215622536817
0.0
0.0
0.6691833163066525
0.7263001266369448
0.33786632102603265
0.0
0.0
0.0
0.0
0.4100541635405408
0.7012686021082617
0.31486493954959954
0.7261213133192372
0.5549667460587269
0.0
0.0
0.0
0.32566294309632077
0.7638900375751874
0.24977006033279767
0.6939434279814788
0.0
0.1596921537781704
0.3848894563703867
0.6436684394885269
0.0
0.6884507552087166
0.30376199985139146
0.5631347974171864
0.425132620461617
0.587687853603079
0.37781538918083907
0.0
0.8689475937424839
0.7223525376875803
0.15745499295722795
0.0
0.0
0.5276117904215845
0.8342821874417743
0.0
0.7550787315210464
0.0
0.31585227697080176
0.0
0.9085213104568662
0.8997408990477039
0.1569912704327692
0.0
0.7228744984167205
0.0
0.0
0.2085826129916013
0.0
0.39981985899887157
0.6816188682382797
0.44546478386126487
0.7243108099897648
0.6047109881450174
0.37175671674806365
0.0
0.9623739767754771
0.5926172900848428
0.0
0.0
0.9299348578815416
0.5078634283802682
0.12655042396384564
0.8665057229720993
0.0
0.04482004849759037
0.0
0.0
0.2691788065622511
0.3224885461848955
0.0
0.9831294741726113
0.0
0.0
0.3020343160273975
0.0
0.7283969094743589
0.0
0.31675207641068637
0.0
0.7971491589985404
0.0
0.0
0.0
0.8049061683755988
0.0
0.12040716421030952
0.0
0.26175428345108015
0.8432564373869709
0.3378743900587192
0.0
0.0
0.28576741263791505
0.0
0.7180716063762863
0.18737889827516896
0.5024773954617253
0.43313700147346545
0.30053388386272684
0.0
0.12584918010422666
0.2296873139449527
0.6820902983184844
0.27905577124296294
0.0
0.18348821678462224
0.7841144076909253
0.0
0.4219224723232627
0.0
0.006822933526191743
0.47688459338263134
0.5004440708657629
0.4730344970935886
0.6330473062971345
0.0
0.0
0.15967895181154135
0.0
0.6793579773400176
0.0
0.0
0.0
0.5361843810127555
0.0
0.6437451984936149
0.8451509023524867
0.12130946304757748
0.7125537999102277
0.6204610853794557
0.6115937320123218
0.0
0.0
0.22331438888881494
0.1235345161578685
0.16404272799387043
0.28298883864777363
0.44283437607337417
0.4432278504449735
0.6186543211580267
0.6003302366016785
0.6414170431572711
0.0
0.0
0.0
0.8429264403237307
0.0
0.4427057616040519
0.2547776179617971
0.0
0.0
0.7909027193409377
0.10899638058714253
0.10806926843297598
0.4065855044376117
0.8564811067346213
0.0
0.0
0.6618665455480959
0.723472926267266
0.0
0.6190142927203893
0.563657077347027
0.42508485272693486
0.5433942034265323
0.5382726578996092
0.255430432331176
0.0
0.37535069690281153
0.7043549807412568
0.0
0.0
0.0
0.0
0.15735722245862263
0.0
0.18397211332371527
0.0
0.39692273978902876
0.7005392193633583
0.7903613301871935
0.4508900670773161
0.0
0.25127888903905127
0.0
0.39652024252461954
0.12147629618819003
0.18230005993883558
0.3169496988488644
0.6973999547701333
0.315552203461934
0.07805731997307427
0.0
0.0
0.0
0.04032470827931824
0.07948604443549485
0.0
0.0
0.459681601651936
0.7126767364151881
0.4463779996201739
0.0
0.1444280401693813
0.0
0.0
0.5050171789352405
0.0
0.0
0.6540094252588325
0.0
0.0
0.06362223119548169
0.5776935082555861
0.0
0.0
0.0
0.9248992737534827
0.0
0.174185315947666
0.7491409507182852
0.0
0.0
0.09637986958162699
0.45957662572784397
0.7182200888765986
0.7836537382189707
0.29105105037754453
0.0
0.4974663595328087
0.8941897477420624
0.4803903758962453
0.5425533107947004
0.2536086257660431
0.0
0.0
0.35222852578478164
0.0
0.0
0.8446752996418505
0.0
0.7056730537241424
0.0
0.0
0.5701947218974838
0.6166656459726446
0.0
0.28738653073265963
0.0
0.6722401349050998
0.0
0.0
0.5355532531713468
0.36098894553507066
0.9152981012556429
0.5760667429482017
0.6167810865966711
0.7652268876973081
0.0
0.0
0.0
0.0
0.7284777386075434
0.0
0.4922333776112387
0.0
0.0
0.22831534544387064
0.5147970040952533
0.0
0.5041613073504191
0.17403846167045323
0.537610789361325
0.3189837880587337
0.0
0.11804923510890848
0.6924768083026972
0.0
0.12623444710243267
0.7097371925265539
0.0
0.6783144665076547
0.8644392493204109
0.0
0.48793768062592263
0.0
0.4121120752068986
0.5391547433255133
0.0
0.16562289622990561
0.11759280794302311
0.34604064374970805
0.0
0.20406413486954525
0.6183210942301227
0.0
0.8176518434497899
0.5606799182936704
0.37166164487875947
0.6516674842338452
0.0019024828729604143
0.18115167253672457
0.0
0.49288031268385357
0.6213932793271372
0.6552373299060299
0.0
0.4648471643860282
0.87844307820796
0.0
0.0
0.6481673263817255
0.0
0.0
0.1366090984105892
0.4897280852505029
0.6874506945885347
0.5684491237926467
0.6246308682685013
0.0
0.4253017623968893
0.0
0.0
0.0
0.0
0.0
0.0
0.37890046119178067
0.16319726098577433
0.7276316070898203
0.919371247341415
0.0
0.6899392081060038
0.6687347023147981
0.0
0.14795873101827173
0.25100517508930936
0.0
0.0
0.7286220836785235
0.8292404744501172
0.09633880168297157
0.0
0.0
0.0
0.04788700316612433
0.6951979346600685
0.6254752390959534
0.0
0.0
0.5303150905756124
0.61060971063569
0.12448920950644149
0.0
0.04825342033218242
0.7478252263773983
0.0
0.47208527027837643
0.7468782652460313
0.5043340206578365
0.8188431060576153
0.0
0.7965925408144136
0.0
0.9434104925997567
0.19516530907660765
0.0
0.0
0.7749387981259853
0.5904040834197342
0.8550486280847723
0.0
0.0769721404268016
0.09581378938175507
0.0
0.36547164580919766
0.19609316157940454
0.0
0.08709870128105217
0.001720631443422701
0.0
0.28645651493523483
0.6104913423993973
0.7725813578214957
0.15478883236193158
0.0
0.460159849858345
0.0
0.3634329110741782
0.4039945318265587
0.5752566214609773
0.0
0.06782690597490097
0.14573076203495203
0.0
0.6320194789446388
0.7288271520886854
0.6136109603554329
0.0
0.0
0.0
0.38456196420122385
0.5880620618949185
0.0
0.8583597492990753
0.4842770551086744
0.0
0.0
0.0
0.14672445447450075
0.7312397973588644
0.07091705802779831
0.5249368568184309
0.0788419595257475
0.4587285395534336
0.27881659816691445
0.0
0.0
0.0
0.0
0.353981536678235
0.0
0.0
0.0
0.0
0.38836837652650175
0.7301039915840167
0.0
0.0
0.0
0.24028515862606525
0.22100121921179702
0.004139042330806807
0.0
0.5645571419168581
0.1972742791837869
0.5980779991064313
0.0
0.0
0.0
0.730938938064484
0.021866184168554792
0.2850719237564539
0.0
0.0
0.24120408613565694
0.2813026965688736
0.7796999808003561
0.0
0.4619513545488453
0.0
0.0
0.6276014541206695
0.0
0.14929606540963183
0.34070311417297267
0.0
0.0
0.36318537793984684
0.0
0.0
0.6534108956431333
0.5711374494636338
0.31284719462122673
0.8281199969765747
0.8191420822729079
0.0
0.5178963931037512
0.32522906932851453
0.0435428830894048
0.0
0.3028686886609861
0.31655952061270926
0.1698648204962846
0.0
0.0
0.08948002929838496
0.0
0.0
0.3464241958302882
0.7640256720082781
0.5879665564841535
0.3396972574594006
0.36896328594829025
0.10965535054149801
0.31063741893703095
0.0
0.7054046765374126
0.0
0.6940215024036934
0.0
0.7853706736333449
0.0
0.5844858873737508
0.4729268410718721
0.22253134456728071
0.0
0.0
0.4749194839759631
0.38859594473764547
0.0
0.7046861475752166
0.49145363562416905
0.6295203618761357
0.2198400753640684
0.0
0.4527098463115365
0.0
0.0
0.45812433319798246
0.7442483598019101
0.40600022408351666
0.7386690705286293
0.7070287503091484
0.0
0.746536320712369
0.41495238005310076
0.0
0.8528434278509653
0.6138656735728917
0.5070286293080117
0.36354441653968417
0.0
0.8958969983383643
0.7408689168551376
0.0
0.6369805206616724
0.0
0.0
0.29842525738509507
0.9008312065789519
0.0
0.49200837098769057
0.6663309779936059
0.5100129022184131
0.0
0.0
0.506879903335211
0.0
0.017867391628594565
0.24788032781575167
0.22202188262912576
0.0
0.5854179416652616
0.478105907087999
0.6153707550543128
0.22156146157775386
0.0
0.5875513874242679
0.9770772087533734
0.26696241989334396
0.0
0.0
0.105372693403717
0.2403542833246771
0.1973082581519795
0.6873805237521976
0.23253143807176596
0.8921014226675892
0.0
0.21093021435384907
0.3745087513487578
0.6641427863139623
0.23827017256714553
0.8109170697512301
0.0
0.0
0.40583530505155957
0.0
0.7493492744258059
0.49592707101542405
0.49724983793543465
0.3175903327244849
0.08696598046991756
0.14290514921612954
0.6504451390631492
0.3349754643813378
0.5479560106375141
0.7973633203957384
0.33658587488662994
0.0
0.557813550686875
0.14319075046742127
0.0879644615325497
0.6861005712253341
0.9478421191321323
0.32699311576344997
0.0
0.0
0.6711967351918917
0.0
0.0
0.0
0.19167148033165318
0.48835974132665283
0.4569246215029462
0.219126364099737
0.2042252367043418
0.024727977699312096
0.48496484249589333
0.8161737920134426
0.5724241253264949
0.0
0.6031974720133253
0.8236122480349043
0.5575329803390965
0.0
0.0
0.6910946995901549
0.7643440036102747
0.0
0.6363772261354174
0.4809837327986275
0.5818090175289778
0.6534520341276563
0.0
0.8934829874740511
0.2483565815454931
0.0
0.0
0.8318966221722843
0.0
0.0
0.0
0.0
0.31065219891043605
0.0
0.552764317156594
0.19937691658502443
0.0
0.0
0.0
0.0
0.5014965807477804
0.802072468533738
0.0
0.0
0.0
0.5705822088296949
0.0
0.5421456567213272
0.6796249160940138
0.0
0.35934072316290394
0.47052724178756955
0.8474679017956228
0.0
0.25845242615695435
0.5090620618692047
0.0
0.784918009524142
0.10214686002292842
0.0
0.0
0.14088515865578122
0.32821172001744836
0.6160999615391571
0.5924038350950406
0.15562187118361132
0.17592007027103948
0.20601339604800442
0.4428851971841152
0.0
0.0
0.31761484672610246
0.43628966762953414
0.241783572853725
0.3682920971064566
0.0
0.0
0.854022114395691
0.611073744962254
0.0
0.0
0.0
0.6126805514881418
0.0
0.0
0.5966997112005472
0.20086674339881713
0.0
0.41617072987502945
0.04221310896245101
0.008998834611374055
0.21699344886870717
0.0
0.0
0.5870288664912278
0.0
0.0
0.0
0.3745463882023921
0.38061029966789983
0.6965681848407639
0.49772222760914425
0.7416531183157743
0.0
0.0
0.675301725136262
0.4373230013631584
0.2354876203408903
0.0
0.0
0.29799388785836317
0.1861400387236788
0.4590665556048372
0.0
0.3200826666528322
0.839481744031775
0.0
0.6195349829675877
0.8696581170737755
0.34600652179688146
0.7243543621765144
0.0
0.0
0.0
0.6676100550876855
0.5740139708353964
0.0
0.5710703777116044
0.6593559518999006
0.6887942810428727
0.08804871539504884
0.0
0.0
0.0
0.0
0.0
0.0
0.2166630557502151
0.07392510703073228
0.49305910715162776
0.5720946354532445
0.0
0.0
0.8797840083822205
0.0
0.24397462104487147
0.10637280074383418
0.0
0.4425892685018642
0.0
0.0
0.3099173999091509
0.07410835918942203
0.6431892650846646
0.6143275085294166
0.0
0.5982773605694423
0.6822352466040499
0.0
0.0
0.0
0.0
0.6830964253545291
0.0
0.0
0.4504556934818436
0.4827418596911439
0.0
0.0
0.1583760737488309
0.0
0.0
0.0
0.0
0.0
0.7214021274105413
0.0
0.270106225263812
0.0
0.0
0.8793113584394481
0.0
0.2937485726618205
0.5897050106312511
0.0
0.0
0.834673248835905
0.20698829096265253
0.41030491889631987
0.375680528841931
0.7971814290518767
0.0
0.0
0.0
0.6776081254505498
0.78312264547975
0.0
0.7218722762805737
0.6104897688834057
0.0
0.5321047931507072
0.0
0.0
0.2670127242160556
0.0
0.8673543228046484
0.03505332194794395
0.0
0.0
0.0
0.0
0.24330905137330655
0.7199956446377964
0.7936462027262983
0.3921915676817901
0.0
0.58216823131506
0.0
0.5422490759510482
0.8496918625871498
0.110767489379844
0.3626647722905665
0.0
0.0
0.0
0.0
0.6911071176537912
0.4408912606926812
0.5950669965249408
0.4940246704195478
0.0
0.0
0.10764080978199296
0.4340492833589835
0.0
0.0
0.0
0.7651711140166154
0.8179090387992103
0.4675864040599468
0.0
0.5067153134646872
0.6156961865251692
0.0
0.0
0.0
0.0
0.6425044442469163
0.6630680473019877
0.0
0.0
0.0
0.2051997831265053
0.0
0.10986406988917573
0.4246444308897877
0.0
0.0
0.6615896319149855
0.0
0.04940397209086175
0.502207716614459
0.24414472799011244
0.6310180348312392
0.6577107690505724
0.2123084198177374
0.161696345099107
0.0
0.0
0.0
0.0
0.0
0.0
0.0
0.4651919982723553
0.7565288774686876
0.0
0.0
0.6328603328392727
0.6213217710558437
0.0
0.23734416692689486
0.0
0.13735737041432627
0.08607105020679279
0.0
0.0
0.7550056426693602
0.0
0.491091275399704
0.7536515200822588
0.0
0.14993908814852497
0.0
0.11381499810443488
0.0
0.2724412581665234
0.26981644113347325
0.6748698135495105
0.0
0.0
0.7191470134605593
0.0
0.3300319710056167
0.5631213777326662
0.0
0.5223733063120133
0.7954431700560741
0.5485570442783239
0.8607785861147064
0.3620571816472719
0.6481518285005085
0.0
0.0
0.0
0.8225866356554027
0.6707505514045076
0.5394950158828186
0.0
0.16148519191359595
0.0
0.0
0.6350831296917828
0.0
0.0
0.5406172354502737
0.6746854925691737
0.35389629043376203
0.19650219161799362
0.0
0.7890402082065258
0.5894474441112129
0.08696630846140405
0.7833272322473106
0.7382301991749161
0.1622669267276412
0.9095915363222662
0.0
0.0
0.0
0.4507594214007271
0.0
0.0
0.0
0.4805900986506465
0.0
0.0
0.0
0.0
0.21306286349459663
0.01507744291786696
0.0
0.4780592908113936
0.0
0.5355611222864519
0.5262248575743614
0.4731485732626218
0.6069530756323503
0.7941239440900117
0.18995703455608398
0.5032219565992085
0.7633241226304206
0.46332553256722814
0.0
0.0
0.6808028666697105
0.0
0.0
0.18763615079029294
0.11398899444323775
0.0
0.15087911669525916
0.6712815154829389
0.36049260451277304
0.0
0.05385295087555755
0.0
0.6152785922335284
0.0
0.3175612143789386
0.3000847536005123
0.0
0.6556193369005583
0.4246285358297376
0.0
0.0
0.8127913376122248
0.7482959225210024
0.0
0.0
0.0
0.30191097071703243
0.0
0.5200565239507279
0.5377001542855486
0.2873085262912567
0.07511109044013242
0.5872755878659723
0.6084113776267853
0.061472641099947184
0.0
0.5937112160338026
0.0
0.48335730281433636
0.0
0.0
0.7133269364871196
0.32578175615847016
0.0
0.6041000428278572
0.21387951123593005
0.6908465493638706
0.0
0.24458788742817952
0.7020408912484923
0.0
0.0
0.30413240363758665
0.10371684224642534
0.4863700197302089
0.0
0.0
0.0
0.0
0.0
0.0
0.6824803594788225
0.3829379550410053
0.7427811624110806
0.0
0.12683665914404074
0.5694748800157617
0.07059906904593706
0.0
0.7718242655693273
0.0
0.0
0.13448580852678604
0.0
0.7218979763731909
0.0
0.0
0.0
0.9251528296350439
0.0
0.0
0.7357991606276151
0.2919391279500892
0.0
0.42801778683669317
0.7345331849310434
0.4039582402309242
0.0
0.8051528812361732
0.314173231466727
0.0
0.3505795317562854
0.07189962079582086
0.5945030475594985
0.0
0.8193078425883012
0.0
0.08539950340101594
0.8332791153855926
0.8529782809810079
0.39406495875832864
0.0
0.0
0.16142379132243592
0.0
0.0
0.0
0.7360595826474432
0.0
0.861162546292542
0.0
0.0
0.10535596103541897
0.0
0.5982843567298753
0.6055089514992471
0.0
0.22431997735670048
0.0
0.0
0.0
0.8396974978704476
0.48944513747578877
0.4761283070135883
0.0
0.2877323464813499
0.4020325672404334
0.39425241280899
0.0
0.2336689241292204
0.0
0.5997668313794053
0.1833459017958014
0.0
0.0
0.271195372535521
0.3970698718955085
0.5328364259465008
0.4131253349604151
0.5224774451861262
0.566700177633479
0.22473633522188122
0.0
0.0
0.00598082723154995
0.5342665539888576
0.13866897966583783
0.3109962015865155
0.3444914017110844
0.0
0.7278475067426887
0.27654039238301864
0.09380549535427515
0.46998074793541395
0.09177223548832457
0.5137051490280898
0.19999763742406354
0.14703051739543327
0.0
0.3138040732657992
0.7091548578075331
0.0
0.8763581990648959
0.7691945936143343
0.0
0.5232822839744533
0.645713311942132
0.3335346878344181
0.6286587314097459
0.4832490374323783
0.780812601172865
0.0
0.6163246210661757
0.0042320605518182735
0.0
0.5721182748326089
0.3590436364009967
0.0
0.6033150022306523
0.9125606228010057
0.0
0.20654148651256926
0.0
0.4679647218672757
0.5154585023048358
0.0
0.0
0.15755566604015173
0.3103327158194008
0.6738498964076365
0.2740918124741761
0.0
0.5552985698540784
0.8631953985515308
0.7115781585043367
0.0
0.5448624619034642
0.4472821320940764
0.5943154776496407
0.20703186441729
0.5003586542666321
0.555903788127814
0.6017713083946783
0.0
0.6993523591977104
0.5764562403298583
0.8389994447608251
0.0
0.1176309582508096
0.146059148233384
0.7718347403370537
0.0
0.30278683857777855
0.6638507026601599
0.0
0.9521190165945396
0.44001714381209306
0.2879902511186526
0.35977728438712453
0.6240502739852268
0.0
0.7842651462038821
0.3142848961675286
0.0
0.0
0.0
0.47895959593897336
0.0
0.41760947504081675
0.07765701876008642
0.0
0.0
0.0
0.7524123889510032
0.5679647496465863
0.5852259536682655
0.9244239373810359
0.5821347923002942
0.16779186343245814
0.0
0.6719965494212711
0.36628645247291297
0.34322277451545563
0.32661580751343183
0.0
0.0
0.0
0.0
0.33700069777608654
0.0
0.819545172994571
0.7410257131590591
0.5609551783605671
0.0
0.4287348940139134
0.0
0.0
0.0
0.0
0.3997941300196145
0.0
0.8310508216999858
0.0
0.0
0.45007189307193196
0.0
0.0
0.0
0.3678764838172984
0.0
0.4711246481469857
0.11368214317043543
0.0
0.7522362456611155
0.9606458678962287
0.42820120023780434
0.0
0.6515804221531452
0.0
0.0
0.4100159645388867
0.5807041924485724
0.09271075756893389
0.6167681362561673
0.5177875682447757
0.0
0.27042760055750364
0.4312903116387699
0.0
0.5972657782914934
0.3616472735607801
0.41528188405562094
0.0
0.05590294104645185
0.876462948314966
0.6665417406779953
0.42563120715022135
0.0
0.8792458639758216
0.0
0.5803682918733953
0.7761163586763968
0.0
0.2233570247270879
0.2759156267641522
0.5656538854382558
0.47143560435677817
0.0
0.5547377650802835
0.6534794837665802
0.6096931469080595
0.8452136840278082
0.853792474796183
0.6374685416071523
0.0
0.06102163675749296
0.6202509225157087
0.5646382886530616
0.0
0.0
0.6790833830448735
0.25294858036974277
0.0
0.0
0.10196688439739203
0.0
0.41112220442898123
0.18147616356811416
0.8570889760720974
0.10310137910638868
0.19725236151580888
0.0
0.4720127426096164
0.670115506761862
0.49386889606921486
0.3125878387771725
0.721386317079325
0.0
0.0
0.0
0.224664741634153
0.20957244412847909
0.5003169680141603
0.5227758556899129
0.0
0.0
0.19944586766684674
0.4177162186487138
0.4036817775012211
0.7050919249593622
0.0
0.0
0.5676222208555298
0.6774132727942714
0.0
0.4900716633183053
0.8171695010658621
0.30411516304867164
0.46498985840020596
0.05900261082570711
0.8321592324156327
0.251787728063846
0.0
0.0
0.6067181250284905
0.34764580275356727
0.0
0.7764801269288393
0.0
0.8158741978526952
0.7783133919908548
0.40701552753127684
0.7758073135840712
0.9671898597914909
0.6420532024692206
0.8105164977107343
0.20597916752821185
0.3422319837300247
0.0
0.3456349553490176
0.0
0.679684057809702
0.5295605349797574
0.0
0.2536544553442975
0.5112245232016632
0.0
0.0
0.6461893508062809
0.08658632180520494
0.0
0.8071700736580036
0.6215143385271987
0.5416951971182294
0.6155535131015796
0.4705643894649709
0.0
0.0
0.0
0.0
0.26096261803432536
0.0
0.6499683023882452
0.0
0.0
0.26179903861125814
0.8950589935884316
0.7740370838244304
0.0
0.0
0.7077100181391313
0.8641849562605609
0.4907956005862819
0.0
0.0
0.0
0.3423038381246556
0.6287303003403952
0.0
0.07076674287247535
0.0
0.6919930443040944
0.8605902506743709
0.8247330751104556
0.5659171585371771
0.6548081288902312
0.24294109042649714
0.281239331639559
0.0
0.0
0.0
0.49695868692669903
0.3468456304817276
0.27462433688217575
0.0
0.7232715107596738
0.274270441658608
0.10988410793907823
0.1270200456763478
0.5509506951557658
0.7229462063745437
0.8119809935488315
0.32307077496767456
0.13033450522473158
0.0
0.22720403372265927
0.0
0.32788467243216424
0.6836447508647993
0.7651027219169061
0.5779283244397655
0.8887546318004205
0.2905522361599047
0.0
0.0
0.0
0.5178768414295861
0.8900735731524546
0.0
0.5257095742602719
0.8275813485449154
0.7506069523190175
0.3627763553792765
0.942550846059413
0.12757836072449547
0.0
0.0
0.5044226798741598
0.45649874970947263
0.0
0.2467482466546871
0.6880827774972936
0.0
0.03669341988171658
0.7052701124577792
0.0
0.9363008483958496
0.0
0.8626244952863021
0.0
0.9641840916271553
0.873469641025412
0.0
0.7663302111140291
0.7420042208049106
0.6019033362670263
0.0
0.0
0.47589583379928657
0.0
0.0
0.08552882910566013
0.0
0.22084154163907463
0.6472467136563674
0.08349801852459374
0.9111920702198336
0.0
0.0
0.7077859692201388
0.0
0.0
0.0
0.0
0.0
0.3653450004603689
0.4692154610149349
0.7090486601984199
0.8622331975102366
0.04475548703889222
0.0
0.0
0.0
0.0
0.0
0.9487600549148838
0.0
0.7165799254702278
0.0
0.0
0.36915434921225654
0.0
0.0
0.7228330269301749
0.4780294750344045
0.0
0.7377058704199063
0.0
0.3391729963102786
0.8872100305899243
0.2066939204315676
0.0
0.0
0.0
0.15754025961063825
0.0
0.8895983269208275
0.0
0.0
0.19995342405940744
0.0
0.8525680220293075
0.893974117021425
0.8786578752581474
0.8471244235450528
0.8179429487062151
0.7807976288175723
0.8665885698489899
0.8182377952274641
0.8123336201893605
0.0
0.0
0.0
0.36845970664046296
0.3454488419429904
0.7194761322753167
0.5404947884294752
0.0
0.29902805082162476
0.0
0.28219400956898383
0.7651752520449903
0.0
0.5211975951432554
0.0
0.8880716275023316
0.24631075125693966
0.0
0.10522504054721496
0.27962777267212446
0.3562798280127538
0.4370913418548181
0.0
0.6714572529459103
0.0
0.0
0.0
0.0
0.5193058184681123
0.4234051743419094
0.7903622872121842
0.0
0.6037137860270341
0.6916077695358286
0.0
0.03985172015623829
0.8084089978674887
0.8388475615343468
0.0
0.0
0.2124787441241094
0.6206688179174327
0.0
0.0
0.0
0.6881381626816049
0.012488715413099826
0.0
0.0
0.0
0.6826390543713033
0.1291384836167077
0.0
0.8266127907827613
0.0
0.0
0.0
0.5099675437365021
0.0
0.3021391962239025
0.7555084264627995
0.7266943607605075
0.8510632164146227
0.0
0.1413932739559958
0.4019537779670344
0.43878628486228677
0.07877606166310683
0.36851355928090346
0.08425813591111232
0.19930336363664874
0.6951153923021963
0.7722525726978081
0.6502662382262413
0.3331964689731359
0.01858926312965375
0.0
0.8601794212123445
0.0
0.4666652724275969
0.0
0.9529608086421342
0.8627585297522319
0.0
0.8311030624656159
0.0
0.0
0.0
0.7002921372351726
0.6027535091627778
0.4526085389640673
0.5203894000578195
0.38430513357580476
0.8448522710252554
0.0
0.6031598289369204
0.0
0.687082236808873
0.2969997162794726
0.6845146959717091
0.5617509523911579
0.0
0.860588398903881
0.0
0.5640452447402291
0.4850271943936637
0.3616223704579069
0.0
0.9259677133057852
0.3070580720971658
0.8379862921541518
0.752675711527693
0.0
0.48930992370595044
0.09279174071384348
0.2508373337447887
0.0
0.3489644733493872
0.1257674246795265
0.7051559904115989
0.13429250558435324
0.0
0.0
0.5027870686544134
0.6905394653241432
0.6628401934287592
0.8318728980177119
0.4369246041573603
0.5548514653122427
0.4899099679410283
0.855634187878475
0.501373044669788
0.5314092727851814
0.2139996945042429
0.0
0.0
0.6816176467841194
0.034650276918508784
0.8989250621326201
0.7011009344751771
0.7788132582917807
0.0
0.5121347169420887
0.0
0.0
0.0
0.0
0.7509127291693344
0.0
0.3321448532265769
0.3073818308135756
0.45823765881424916
0.0
0.7436725318735864
0.0
0.7180309242191447
0.7244522413245968
0.11205312760844227
0.8413991643632489
0.7840002304097933
0.6223607685551351
0.7185922580511475
0.5963817739715109
0.0
0.7057404826540915
0.0
0.6887197552620491
0.15261826375491658
0.4151571131366013
0.28699971542754166
0.0
0.14832861479557358
0.8043009392244616
0.5590113834668501
0.25037054631071576
0.0
0.0
0.0
0.0
0.0
0.5107169526495369
0.0
0.20269922606916208
0.0
0.0
0.0
0.7331020636312146
0.6591267378795056
0.0
0.0620158604742545
0.6602738175893506
0.0
0.11246537114055419
0.64971064917381
0.44852960216329396
0.6135392843331243
0.4775499237686466
0.8260537960180983
0.4902895664954884
0.6813922078309849
0.680687843586046
0.7130555125191395
0.14768350098733027
0.4244497047399259
0.5218857305013206
0.0
0.9052103353822695
0.7437816857734264
0.6569595705667894
0.7036667438213963
0.6066902481367905
0.0
0.7289009444869357
0.8574407355727435
0.0
0.0
0.6502706577440864
0.6331876215166178
0.1487733783275368
0.0
0.0
0.0
0.8805804831430091
0.0
0.0
0.8313002154539337
0.28350899396334134
0.5271390240435222
0.0
0.0
0.19121266377044938
0.0
0.9016209981899552
0.18425647508620835
0.0
0.28575941453810516
0.695026683612159
0.6323498133000831
0.0
0.5087067947783145
0.846081571489886
0.20480222346900012
0.44283360235855984
0.5557993111387781
0.4388207853631736
0.0
0.048748585389022395
0.0
0.7408617189851235
0.5181274991706827
0.6366896211004242
0.4178910400318362
0.0
0.7271990795327727
0.4315728599822655
0.8331395571366417
0.41884792537412013
0.0
0.0
0.0
0.014749507478932512
0.501438429337631
0.0
0.5463957910464929
0.0
0.0
0.7536372307676538
0.34625428244378703
0.723519828442332
0.4812008245714055
0.6179417019910382
0.2127317422545605
0.15207103192310228
0.0
0.4409242897792304
0.4274149060393724
0.871468241729093
0.9261080155810041
0.7692088592256504
0.7057945222770646
0.5856800655960481
0.26406513048410557
0.07145474366070435
0.6715345505724748
0.7986090392535535
0.45209493156146974
0.7743076371517219
0.4607988006599088
0.4160534687951093
0.2665219902595676
0.24068582396731175
0.8994846608053242
0.5178163546303691
0.21409338617135482
0.3682968391769389
0.7201649211072615
0.8725780622710586
0.5768698722362537
0.22232043021536493
0.464861796124872
0.29318112101199245
0.4624471738175521
0.16231671194745542
0.7477395695365808
0.5956962821490288
0.5033719368999257
0.0
0.0
0.0
0.5362835874837648
0.0
0.0
0.3485536018797775
0.6882228925008992
0.0
0.47470354258987596
0.5952278572428811
0.4720788514087481
0.9283860468351398
0.9080969896475968
0.0
0.13042791189241804
0.7375829807759137
0.06649082809397802
0.0
0.6607525076292406
0.0
0.30355828186128064
0.32951014277986246
0.7056356560592478
0.5545926413961583
0.7409986160573309
0.579892907671774
0.8282423943110537
0.3246258889824998
0.6572688195058988
0.6639305256697966
0.0
0.2028590230989585
0.6989226762645112
0.0
0.47363712845907724
0.0
0.13557962169028348
0.8298324993579794
0.7421740887210482
0.4708647518562188
0.139915710158044
0.32934616235895375
0.0
0.5929047155310015
0.0
0.45687258614973114
0.6304144375779742
0.0
0.0
0.0
0.8894889193667941
0.0
0.0
0.4967018381112383
0.0
0.0
0.015461864387807086
0.4232778749856583
0.0
0.9017848438306503
0.0
0.6190760063744724
0.0
0.39346691677358364
0.16646321156887958
0.2074481664007678
0.6119822360040648
0.44467154155853045
0.0
0.28472788127927473
0.0
0.7158597622408628
0.22469490663107386
0.8116531662239101
0.30039433885425687
0.4287239675159028
0.0
0.3813798165650522
0.0
0.782029654693734
0.27948823775117343
0.971065808981543
0.4876498657904124
0.0
0.7121515009810854
0.0
0.0
0.0
0.0
0.0
0.0
0.8195443088513888
0.6868270636743428
0.778893458238457
0.5262592276163165
0.0
0.0
0.0
0.0
0.8779171454115625
0.0
0.6252667212014449
0.3908155751352422
0.5109580513408318
0.7946639947662785
0.03329018463584592
0.3206084664162889
0.29176743095427743
0.0
0.17369202653046753
0.635656225237816
0.39072308374857423
0.5977681087146564
0.0
0.6942429325752913
0.5456834473814601
0.0
0.22908310458122724
0.6800469900204078
0.0
0.5908532992676911
0.0
0.13893131039018633
0.06124452609084391
0.1240995808442196
0.8033705384657402
0.4478040701318794
0.4215172114725125
0.0
0.0
0.0
0.45192047596857676
0.5894354963080198
0.5271588489138067
0.31413134861743947
0.0
0.5496472412821081
0.5271112747597057
0.0
0.0
0.7529118122091164
0.7173442170062353
0.18555035687949123
0.593295096005653
0.6565473054715868
0.41271327452278084
0.5808645778822199
0.0
0.0
0.0
0.43938061908533527
0.0
0.0
0.42618737848390026
0.7156735164011425
0.0
0.7512745030767048
0.0
0.6913439935098591
0.6184029412329239
0.611503241921534
0.0
0.5624387768341501
0.2844266224222274
0.0
0.0
0.0
0.5529107524665022
0.5891115849723007
0.5488657808548262
0.4541800607008188
0.7974179897354626
0.0
0.2992666892429958
0.3476407584973331
0.8821468170129603
0.221952084357248
0.9005861699638874
0.17262086429953064
0.0
0.8853724368029963
0.4057454561122299
0.6020049490268412
0.0
0.0
0.0
0.48486085367573467
0.7873507405279621
0.1824933698109847
0.26350596820929606
0.8968749851741078
0.23867303431009113
0.4670709257676449
0.06828258796330487
0.2852155725014465
0.0
0.0
0.7035088916632688
0.7657305808703906
0.7036680677403986
0.0
0.19306040124308516
0.7874276587085832
0.6497243254958613
0.6727056880220527
0.13187209272884876
0.7276748706317463
0.0
0.9615902826486273
0.0
0.0
0.5649739023842586
0.0
0.0
0.0
0.20981296961386603
0.6248615828680281
0.5937083583891953
0.7850091738384974
0.5688988784314705
0.7603165749813298
0.4900525367856469
0.0
0.6636865077317176
0.49804748405259774
0.22386183658953093
0.022595863390857396
0.25938764073624404
0.33514995686609955
0.5653220028274808
0.6804068961220918
0.0
0.3979987499792585
0.16279892342811467
0.14524490082647712
0.2347945514827217
0.0
0.0
0.9987455976264783
0.72120416842473
0.0
0.0
0.0
0.23810687038053327
0.31099854872741167
0.5699123180611129
0.0
0.3000213976987319
0.5848617499859472
0.0
0.5346527946707867
0.0
0.0
0.3432098324925422
0.0
0.23301814308330251
0.628216845378829
0.5479976464989786
0.6603646213913755
0.0
0.0
0.0
0.0
0.541383599600398
0.7146378737246747
0.2776567588451765
0.0
0.0
0.0
0.4205030664759313
0.0
0.5435095801992825
0.8193028277728586
0.6244386481217084
0.5138309985082153
0.46679468020029324
0.04451148322325479
0.0
0.7617067780492456
0.5168839988439047
0.0
0.7953246470239445
0.1651635830950749
0.8142736854101403
0.0
0.0
0.13379284887256007
0.9059168706475178
0.0
0.8564701679746723
0.0
0.0
0.5697242529164558
0.0
0.015944429041903806
0.0
0.0
0.5225441962785345
0.0
0.6177960863422943
0.7491375117268158
0.3309137638717959
0.7524236655366683
0.513593941232603
0.503713591350348
0.8393653418396435
0.7211736353650431
0.0
0.23050081548318538
0.39597582910867124
0.0
0.0
0.37126526637448626
0.8962360914840568
0.41304051617971704
0.589150294708161
0.6044857026477835
0.0
0.0
0.0875001527079011
0.9235329864115361
0.14740746079721
0.7764581963786553
0.0
0.0
0.2209077323178141
0.0
0.0
0.0
0.6323779248743948
0.8162849003170838
0.0
0.0
0.6963585766509112
0.15026496786767146
0.5023958100421887
0.0
0.0
0.4903681296105133
0.3757348244496108
0.5202763061681741
0.0
0.5017382211226857
0.7937436551560122
0.3718533323667145
0.0
0.0
0.0
0.7562263535630699
0.7549775565958086
0.231856921280529
0.5365995513556309
0.8789164359417372
0.0
0.0
0.8039355272620052
0.0
0.3221143127881727
0.0
0.0
0.0
0.37289700557522215
0.4455050307883356
0.0
0.6201467662659536
0.0
0.40133270652162034
0.0
0.26607299588358596
0.0
0.0
0.0
0.4953497603125749
0.46920656194333565
0.545996472528549
0.7496889160892681
0.3640770537648854
0.09575700365703155
0.0
0.24443871376587473
0.11324349447269193
0.7065293830239087
0.5376868043478801
0.31311008889237263
0.7276866494075719
0.0
0.3069470174419808
0.0
0.0
0.0
0.0
0.6090450856266241
0.6571553802661904
0.40584429951192985
0.0
0.8043102044893616
0.6267239208085581
0.0
0.6325329761182238
0.4932563376051809
0.3379571606842134
0.0
0.0
0.794927064892448
0.6435546638239333
0.3730322312562115
0.5256590366458584
0.6320361520289625
0.0
0.3850593705937152
0.0
0.695944517098771
0.0
0.0
0.880062079342862
0.608078779792402
0.4474398736179116
0.7592998557651923
0.0
0.0
0.0
0.7722562423844359
0.0
0.0
0.8944455756594528
0.20620217391296194
0.12074357415692508
0.0
0.0
0.6237760965673881
0.0
0.4837282100017777
0.5849658435660912
0.0
0.0
0.6589228446087275
0.0
0.6152372553289176
0.45897379286682033
0.23634915237919804
0.0
0.258647016708103
0.21073260328845805
0.0
0.0
0.7699697467138338
0.0
0.642986943499461
0.2303007736828706
0.0
0.0
0.9285470066768823
0.411046536234727
0.41971950725250073
0.7464792745405098
0.7437898267383732
0.7019284085375973
0.3776462772685764
0.5377545168257467
0.0
0.0
0.8004079592856015
0.0
0.02298023648033363
0.0
0.08037318456244796
0.7464648025362092
0.0
0.5711309977455773
0.11102904050723177
0.2746052317687592
0.0
0.9591885046809742
0.5953319661017019
0.41141340958428857
0.51360777276689
0.801593837162531
0.5830136718524641
0.2324456596112737
0.7659431014242293
0.0
0.05853318443047242
0.7602575080650836
0.7034940480051702
0.0
0.0
0.6454521824047502
0.8799542036054313
0.6421766855903728
0.7701974061436715
0.0
0.6945504276454071
0.0
0.0
0.6187289833832064
0.6506042468074713
0.33680207797958267
0.38671721163688355
0.0
0.0
0.8824599496495442
0.0
0.02028294758238962
0.30390708858779647
0.41325291968622324
0.3691577667846715
0.0
0.2051390405171615
0.13739677153501972
0.6940584472559101
0.7843708233989924
0.0
0.6620973549003215
0.0
0.0
0.6215469324569124
0.0
0.6405184780260023
0.5245757351018344
0.8385739813916611
0.36247604719736376
0.0
0.8109178773252204
0.7167304195452457
0.0
0.303619651693332
0.5204550908478917
0.05477273801070686
0.5423957574723342
0.0
0.0
0.24098449417731213
0.0
0.07915157967655581
0.2740263586483497
0.0
0.5574509413514575
0.0
0.0
0.0
0.0
0.0
0.7403830281044376
0.0
0.5508942257397019
0.2660176476725858
0.9367299393128488
0.6726976733673061
0.6520741423808748
0.0
0.0
0.35954263812792187
0.0
0.0
0.4596483420667242
0.0
0.0
0.0
0.0
0.0
0.0
0.0
0.0
0.0
0.0
0.6630408508813755
0.8345120325131951
0.0
9.224660516537047E-4
0.30560406785738903
0.22079958049976262
0.455677621279371
0.6801692582880828
0.4991686978318419
0.0
0.0
0.5221473070758575
0.0345629783202038
0.0
0.74062885195817
0.3767250432549525
0.0
0.5028878860448242
0.0
0.6778895359913769
0.13576703933374187
0.26974199472520577
0.0
0.0
0.0
0.0
0.6624286430400079
0.0
0.0
0.0
0.4905024171089661
0.0
0.34693723873344146
0.21601623764580274
0.3900891405727055
0.6284546969044894
0.0
0.0
0.0
0.0
0.4962695322208415
0.13689537955300218
0.1484483144902865
0.7009917745264408
0.3768983141624516
0.0
0.7621970929750228
0.6256763250120306
0.400519751317851
0.0
0.6320388183688139
0.4750832608449946
0.24974520628879707
0.7406020833759767
0.6365347076919675
0.4575369599601839
0.0
0.0
0.0
0.0
0.9542771206082729
0.7236440286191365
0.8052393325591357
0.8391089336863925
0.0
0.0
0.0
0.0
0.0
0.0
0.32194498425384993
0.034908026384282705
0.5064308750311415
0.41563761338146266
0.20448770339210637
0.7925004722193882
0.3186819200657802
0.9589726493103188
0.0
0.575591487132804
0.0
0.0
0.1391904862688969
0.25275239348358963
0.8254223555523525
0.2623293693265492
0.8346282539096409
0.0
0.3443692701969875
0.09165600485344942
0.19914237112478195
0.0
0.0
0.5131612250355269
0.0
0.7168118678894171
0.0
0.5693239224904652
0.7164117783058523
0.0
0.8628353721108266
0.0
0.009764337703869334
0.635642832166152
0.8194985715261771
0.2420802580604293
0.3524876094530916
0.5375082185696706
0.3233102620179465
0.6708690115991384
0.85510438132226
0.0
0.35946703432976773
0.0
0.7457246770208066
0.0
0.0
0.0
0.08790553279238067
0.0
0.8344212717968985
0.0
0.0
0.0
0.7584472209014786
0.6186859341060761
0.629056757503336
0.1732764284108397
0.7414426463283632
0.6337679442245158
0.09913111961519772
0.0
0.7341478790117718
0.3190515462362239
0.2791736683158841
0.5369285026118056
0.5933568364560798
0.8033750283989164
0.43346922718840025
0.0
0.0
0.7081673015592354
0.0
0.749134401882331
0.122728731042252
0.5827953895309427
0.5749689089056954
0.0
0.0
0.6385785873337674
0.06723117479598166
0.0
0.0
0.0
0.0
0.0
0.46570680892425753
0.0
0.6880824839975099
0.1522170831138031
0.2563855291395686
0.0
0.0
0.0
0.14986271132337134
0.0
0.0
0.0
0.0
0.0
0.2910404552442169
0.671570137848098
0.0
0.8110229536797796
0.0
0.7339446946703279
0.0
0.32472935768738337
0.8091092771806614
0.3604349770618229
0.4321808010894162
0.46672188339348436
0.5253056431700209
0.0
0.0
0.6417242411023528
0.7191125587345957
0.44026025795518514
0.34377137484823267
0.9575257624753611
0.0
0.34683378039881335
0.0
0.734302910017465
0.033992813080236765
0.17403041447351741
0.0
0.4622650878834445
0.5955493696987368
0.5458725928570279
0.6902725713879999
0.7766121355937512
0.5480606085451051
0.5046599439113794
0.6531326732531701
0.0
0.25013778036107837
0.16491808551116705
0.5850341013666478
0.042895013348248925
0.0
0.0
0.7442032583810656
0.5095820145969576
0.5798735271091695
0.6825824352991383
0.45649332717655927
0.0
0.5883278125372571
0.0
0.0
0.43527280124789464
0.4481822167179682
0.0
0.7395471747686034
0.0
0.0
0.5373901353524438
0.0
0.0
0.0
0.8798398660513284
0.8566491394564417
0.0
0.8525459792676202
0.17161377884364354
0.0
0.0
0.0
0.0
0.8114820979632346
0.937064275773602
0.6522897783236291
0.0
0.0
0.8502151659469229
0.562388924041953
0.0
0.37042798222519197
0.0
0.3383007807597663
0.8787734827964283
0.8886256284442285
0.7262713264168531
0.645482913614774
0.0
0.7873373221733246
0.40639043050052936
0.5961073801826523
0.0
0.0
0.17089173256742513
0.6805491509686706
0.4915918753721598
0.42163645393321725
0.0
0.0
0.1729497965275811
0.19931681652379662
0.0
0.0
0.6104059235545155
0.0
0.0
0.34488675675283664
0.0
0.0
0.47361677207652264
0.0
0.4743521262495033
0.0
0.0
0.43836804724753015
0.4160109090596116
0.0
0.0
0.6587915908596274
0.6771918075680182
0.46010825000523925
0.0642033483820022
0.0
0.0922874418192274
0.694247147304197
0.8931418599086464
0.0
0.05638777337631025
0.0
0.6191813947832426
0.23836307645766017
0.0
0.0
0.0
0.0
0.0
0.5540342728801327
0.0
0.5812872571924317
0.0
0.4507460846528712
0.6501727431990105
0.0
0.7765779089825494
0.6446316388786957
0.0
0.6240034794582727
0.0
0.0
0.0
0.8474482917654526
0.0
0.565140274427837
0.4010554484634617
0.0
0.0
0.745127066739347
0.5215753723977715
0.6257777089926538
0.0
0.8629403598271085
0.0
0.4747077186993326
0.0
0.15757446876654044
0.0
0.6603259982408921
0.7508476082372246
0.5468502971719736
0.9528028870313737
0.0
0.0
0.1452317336140157
0.0
0.4466157380008614
0.0
0.5301402469355451
0.23387983029598142
0.7651869235748567
0.8667488873541794
0.36377998960092994
0.44926167563126757
0.6736880795371826
0.48355563438103955
0.02812493313398915
0.607401111918962
0.0
0.9033556688906873
0.5591214387305582
0.5367070781087488
0.0
0.6693008216631011
0.5613123095831547
0.0
0.0
0.0
0.18360448274167165
0.0
0.6085507991079085
0.0
0.0
0.8517339556762653
0.0
0.6047754875577612
0.8333949698158143
0.39947076514879903
0.8280730800831491
0.7306211330806801
0.0
0.0
0.30010321131348794
0.7059800217388533
0.09983581488478263
0.38867540029351755
0.11812905794297414
0.7364396010658469
0.0
0.8486548704921811
0.0
0.6870682374762117
0.5800628908670984
0.12177527808470108
0.5117587557407768
0.4447890445941849
0.7616554182854903
0.0
0.593721673799183
0.02714365169961318
0.0
0.0
0.5461681417256752
0.0
0.329498655707944
0.2815444848881508
0.0
0.8068261930281668
0.0
0.705227430815453
0.6321198567408017
0.0
0.1869856309229673
0.0
0.5651031893148113
0.0
0.43974878961906627
0.5089778339720511
0.0
0.0
0.6311639062090447
0.8827399671035425
0.8151006478262731
0.0
0.0
0.0
0.0
0.30856254126341676
0.25470081908356706
0.5169194627494906
0.6911277183601469
0.0
0.0
0.7852378435735632
0.0
0.8588895281280833
0.7059100788428102
0.0
0.5043125125075708
0.46227716050301304
0.3604662936332248
0.23085496875193498
0.8843692224878625
0.0
0.40218548285889033
0.1430690422380974
0.0
0.22769152077746643
0.0
0.6799962431951543
0.8273548700515481
0.3922884753688783
0.6098171642411474
0.4948000783006887
0.04039468588178381
0.3526838938494114
0.0
0.0
0.0
0.5660121374854461
0.7870086545395377
0.5320360772280824
0.0
0.013980758983278012
0.5325748747307991
0.18148293529138332
0.49513001683718827
0.8883051497036191
0.473647626949333
0.6019108174950742
0.0
0.58908135695761
0.0
0.0
0.22942543471159219
0.7102956159855854
0.0
0.44528911814195465
0.8001978564622731
0.0
0.587938799143797
0.0
0.03733283594788675
0.0
0.0
0.7408589514716593
0.6934183822917248
0.6025342498908142
0.0
0.0
0.5793092037353674
0.37434630196577734
0.7919877008458676
0.45166102833470895
0.16416419803206417
0.6322029774290282
0.9112503902251201
0.354837792969865
0.8528619795203327
0.0
0.0
0.027612098292337357
0.5696029512108797
0.0
0.0
0.028401679651545456
0.8202874617157032
0.7050570288934335
0.7098294018606408
0.6378662953075458
0.2196250432446675
0.6281924531805778
0.6677847067092032
0.0
0.0
0.2998100041430578
0.8308228599874108
0.127539167124719
0.0
0.3998791526865278
0.2550208963866101
0.6451589961969367
0.8898095817796681
0.5468390745611108
0.7201495381216219
0.0
0.38516994784850517
0.6147513343816374
0.7145079840629247
0.2956384032984175
0.6829321898178686
0.2571464496271452
0.03492164147156751
0.0
0.0
0.28497595687868144
0.0
0.0
0.10870915179230656
0.0
0.690582256139108
0.35058795296839956
0.0
0.9139029403622126
0.0
0.0
0.13048015100550298
0.0
0.0
0.4590597537190604
0.3502448042485704
0.9000046055914928
0.4697010799759945
0.0
0.3036228889551511
0.7226880752606251
0.022209522415643185
0.0
0.0
0.6419356438484287
0.0
0.20490711188984298
0.09686506442401781
0.6425338682084868
0.0970082362702732
0.9285827644782964
0.0
0.27525873975989246
0.1098333840810985
0.2506014287922396
0.0
0.14665669960173489
0.6992337402498813
0.4843124877984262
0.49168643513988197
0.0
0.8271045232592191
0.0
0.7756379410248624
0.6343240069056878
0.49727830047830723
0.26330269533366135
0.30875505185218477
0.0
0.5172095410675459
0.0
0.5541605524525898
0.0
0.3279223016836464
0.9127500991535463
0.2978517201377807
0.0
0.6144113387628349
0.0
0.8459916063540358
0.0
0.5571326378945046
0.0
0.24979914729225786
0.0
0.0
0.2933145146206134
0.0
0.0
0.6249628290311482
0.3826232804980709
0.5807201901574212
0.7636646371459886
0.5134560266784832
0.0
0.0
0.0
0.14513799655903115
0.0746542480160487
0.0
0.6625155228997094
0.0
0.0
0.07704758403856236
0.7821497254817459
0.0
0.0
0.7732566179264685
0.1477366343855688
0.0
0.5082297606859665
0.6711265477363536
0.0
0.0
0.750013375218901
0.0
0.19533863897210585
0.168539220484077
0.0
0.8594260338672302
0.0
0.45029928899855065
0.2818258025274136
0.2847169292279461
0.7827351129457069
0.44956798514690205
0.0
0.3128956411752548
0.8587709894393841
0.5316145104988513
0.16084614422671734
0.6384902659744902
0.0
0.7114399347387115
0.5408670201347165
0.43639771049402365
0.4992126871424735
2.359172268740486E-4
0.3868083140877726
0.0
0.7882298636044891
0.644740609777193
0.0
0.5346331787098643
0.6924424884225531
0.0
0.04975709805011353
0.7323056872410322
0.0
0.7416728083704115
0.9152428428914109
0.6666663311769957
0.7406741597718118
0.0
0.0
0.3114198707933085
0.1213372386658918
0.6275962292539133
0.4469776261136249
0.0
0.7521396844399012
0.0
0.8387653509432036
0.0
0.4130619367344224
0.0
0.07065841282389712
0.0
0.09182752696778312
0.0
0.8702464786357134
0.0
0.12524433548358413
0.03050480174189486
0.8320483748962901
0.4156575405810052
0.0
0.1517779580657744
0.0
0.0
0.42289569196323656
0.0
0.45588829691755084
0.5135355006804623
0.0
0.8468053166573982
0.0
0.8817252166380664
0.0
0.10287104712667487
0.0
0.0
0.0
0.0
0.5458181203888924
0.05821950193908519
0.26064131308422445
0.2258143512060328
0.7592296799605697
0.5603205889007423
0.3963022909140325
0.3102499866261339
0.48860880038770776
0.7412750634293824
0.0
0.05614269666060003
0.0
0.0
0.17480699473401162
0.0
0.9330442880016694
0.0
0.0
0.852747684884647
0.0
0.0
0.0
0.28717086987979895
0.12763590531835764
0.5036274974188705
0.0
0.05436001942047225
0.8780006202722909
0.26402427157087754
0.4412322405120557
0.28199231097620725
0.30938502374940335
0.23416471016316015
0.0
0.37546365850374175
0.5515410627739638
0.6227231014167012
0.0
0.5976484871117561
0.0
0.3587077671846451
0.6433369845375877
0.3905216735107287
0.6488629544465532
0.0
0.2576455911970347
0.0
0.4053310162074678
0.6330479327762646
0.413960410468365
0.0
0.0
0.45694089792176984
0.0784748886084278
0.6474370969249764
0.16360103139625123
0.0
0.3456195109890706
0.8619553443639013
0.6124766420896604
0.6051183999215539
0.0
0.0
0.0
0.021700472589308285
0.37105467594262403
0.4774791805578752
0.5958164692331929
0.5176879695697133
0.8219431704663952
0.511740830518815
0.0
0.0
0.19531456434908626
0.5736683161205421
0.0
0.44109493437164476
0.5150254502471724
0.0
0.688175214336775
0.5981599689995075
0.0
0.6179049162996585
0.7884507798562786
0.6619713846699372
0.3994822020402565
0.9419021113028428
0.3845653828838113
0.46977319107058024
0.8677298019129404
0.0
0.5533435563124881
0.0
0.794466386313017
0.21638374788105316
0.4495842915118977
0.0
0.0
0.06873100080713662
0.7289009439612372
0.7179184997526429
0.0
0.46291042938795973
0.3677031762478702
0.0
0.04189693227158597
0.0
0.8223705505131492
0.0
0.8325923982088946
0.3215261806509796
0.30522399807618866
0.47842935330735575
0.6073542095144487
0.33792223280556155
0.6909128984772149
0.2944831962785444
0.0
0.2133942720174368
0.24993241099654198
0.0
0.13271920034857554
0.6972062296395469
0.3970076471509631
0.35165078350827855
0.5639620798307705
0.16018609417889618
0.0
0.22480205795270924
0.0
0.19241957896671802
0.0
0.3248570462738044
0.08711606116732416
0.0
0.17062018062639514
0.7840780416788933
0.812339680931026
0.7211954406322587
0.26371934022176186
0.0
0.7073499697433205
0.10560781397777314
0.3440205534854441
0.8195460721325909
0.5809825529305607
0.7935686469919098
0.735085894818044
0.4726584347914608
0.7514601703997412
0.0
0.31653513723743004
0.10633648990019215
0.273517817376837
0.0
0.6004128427660048
0.6009907976559798
0.6216856074064343
0.07490278234307192
0.06267794135034442
0.04290035562642976
0.6547273016248734
0.6495914201360342
0.0
0.741402429718342
0.0
0.0
0.622371270570074
0.0
0.43376438739325457
0.12309201459070243
0.6271425588400363
0.7622156220320503
0.3006444929533681
0.5863097667419481
0.0
0.0
0.049786059823366244
0.0
0.5521034448912592
0.8685824681408243
0.0
0.0
0.5879155872604531
0.5369031271120781
0.6377808100352621
0.0
0.5362903842902086
0.6261390546565471
0.16968696459508797
0.16970485848090333
0.7853052258329783
0.0
0.0
0.07533072476451678
0.4417986379616685
0.0
0.365507275605388
0.0
0.07610827630294097
0.9257498113987942
0.0
0.0
0.9031840810118756
0.7110140529895966
0.802644322479118
0.647641551059154
0.42411311065621343
0.41986693524807567
0.25925237938517864
0.4977840810141768
0.0
0.0
0.0
0.7564182243277223
0.0
0.2734437679985621
0.03525865680000793
0.5181023978875423
0.731296348210954
0.6519769038124767
0.7231610685605935
0.3738503738655282
0.0
0.0
0.7573095981693888
0.5696915803211836
0.0
0.5849019019077697
0.8024872486676332
0.3952501205738551
0.8995270050852407
0.6136826497054132
0.8393970383247444
0.535463559006465
0.12948473602922225
0.59544099094222
0.5832686450859407
0.0
0.7744395901656974
0.24171664856623953
0.06458052942841797
0.0
0.0
0.28367706416694716
0.0
0.7469040750819923
0.7137173145720385
0.0
0.7943072428639542
0.5861920728629493
0.7931479390085883
0.06512867030399427
0.0
0.0
0.04109896755614386
0.0
0.36862544019080784
0.493193938424822
0.0
0.3685104775288731
0.33769159122209097
0.0
0.0
0.0
0.0
0.0
0.02069204285901766
0.19250405749011198
0.2095832415233941
0.027132464776002133
0.05955343973111263
0.8228696933335062
0.4484611835156576
0.8191607214489917
0.0
0.7248422089713477
0.0
0.0
0.3946330959520716
0.5320360287262096
0.5975400460811191
0.6390215705969674
0.790320338686594
0.7830142878612307
0.0
0.2728790224640459
0.0
0.3759387199450013
0.4371759674612434
0.684038509519669
0.0
0.4435299157999395
0.5656125469015583
0.0
0.0
0.7794232816602307
0.0
0.0
0.23310481952145204
0.42513265249806775
0.3032132167846435
0.0
0.4549148202360241
0.21658870063262353
0.2612068150972777
0.0
0.0
0.766810659224979
0.0
0.0
0.0
0.0
0.0
0.7413609141775878
0.34764457121407666
0.2378473258219716
0.698118057463429
0.8460973259863931
0.0
0.5108299076277298
0.35692889934897615
0.13081512959995398
0.0
0.6609202442681971
0.3333787405394412
0.24691202157764014
0.0
0.0
0.5320305567847764
0.0
0.752801873595625
0.4944274334870771
0.0
0.5442920513325278
0.0
0.0
0.0
0.0
0.09963016676388002
0.0
0.25419804670551654
0.0
0.7607119162352833
0.0
0.0
0.0
0.35094255351778203
0.5339232566703461
0.0
0.2969732523669725
0.5924435400796766
0.3742346025864416
0.5267379744010786
0.48871981767145756
0.7847824968729428
0.0
0.9117775574356543
0.8705994400317636
0.6641543977201732
0.41812221510488995
0.6203926510464656
0.3261004493452029
0.8441439350643424
0.4768269967149089
0.9346658451831984
0.029579027634358507
0.9824604452668594
0.9565946703188675
0.3719962030384063
0.4344110951013175
0.6516801720754324
0.7589223992360324
0.6099952732786144
0.8656672097725859
0.3201050569961931
0.5774351988521872
0.8432063126314506
0.77510342017981
0.7003086317999239
0.7772778239340192
0.0
0.7597670844817538
0.0
0.0
0.6491723325703043
0.8881581537276566
0.8222114178669746
0.29240646999230935
0.1321307951905829
0.0
0.5196008959915588
0.49377194321875073
0.0
0.1644893264800249
0.0
0.0
0.8534948251032011
0.49670057103160786
0.5531263574708046
0.8647264355401235
0.5949781863773221
0.3861599325891407
0.7429755881311949
0.4375425714637765
0.3032899742527207
0.8789056081250405
0.35365667862759126
0.0
0.0
0.6316879284015608
0.6346374269299494
0.0
0.7203798890004768
0.6225351869048793
0.6688931294917468
0.0
0.10614683678476032
0.5728952716939479
0.6979958723167409
0.9726007229875611
0.589958810333349
0.7780219641142507
0.5574167136877357
0.7420203832180998
0.0
0.4575196151547683
0.0
0.0
0.44253941495402843
0.9933058079140604
0.0
0.0
0.5568769426926856
0.7246624526034608
0.39164350186768576
0.5695667093880672
0.4111970789207528
0.0
0.47944591827146116
0.5339203540576146
0.0
0.0
0.1869662875494592
0.921867420696967
0.0
0.5609961371390059
0.46220025775881907
0.10314081556775977
0.8997736849065159
0.8715044028056643
0.22385620061172118
0.6272526773373859
0.567852082604604
0.44610179213287027
0.3290612709046203
0.8925354183976094
0.7569704779437206
0.5908461269395299
0.4401909308387942
0.5755765165092872
0.0
0.0
0.4769568753338726
0.6835543959552023
0.9133272500959391
0.812385300963878
0.20423097168718532
0.8039781042091749
0.4650323545470907
0.6068790918352791
0.22798327443989966
0.9842230225913147
0.8554479436749567
0.9027534495758677
0.9994966008996179
0.0
0.2514107662810785
0.0
0.6047213604926812
0.10716005252801777
0.7053148098144564
0.4567871911272783
0.9768130628670457
0.8939206247418916
0.8014110419595538
0.8422428496754892
0.6799564047987375
0.750435620485577
0.7440311736813215
0.6051618767503842
0.5980748713323167
0.8031571446348118
0.3834349252863625
0.8641175479200821
0.19655870964400585
0.7375562747638645
0.7527891146029916
0.8686343412531415
0.9874968298128987
0.4987704466150616
0.5293075378937893
0.7161093398294737
0.0
0.5035074186173557
0.8971620632248308
0.49090506113576016
0.3742711629693434
0.23305506224078867
0.0
0.0
0.28949067472365764
0.5598913583469971
0.8853110093164253
0.6044644092124274
0.63322547271628
0.0
0.0
0.7920684046151573
0.664581762748823
0.44682372191521647
0.6682136075308992
0.8196216285569545
0.9172361282354305
0.8600506684071565
0.5655935259268802
0.5447109751001491
0.4640865473884408
0.7348482201083508
0.8740206533780837
0.5735160569094235
0.0
0.0
0.6883940767625095
0.0
0.7062057842596668
0.0
0.6778200017718705
0.7119595952318386
0.7765431389660526
0.5806248013712365
0.45283523895587546
0.491692437815573
0.0026649626534993314
0.0
0.8925776907619684
0.6643985152229349
0.6797072486439957
0.6471168550433909
0.7583183597974075
0.3059648405981681
0.48188724140074607
0.6916517169354185
0.5801101820013391
0.8132072320314867
0.7354225775887296
0.7633991058006524
0.2604167156750098
0.08436653788189437
0.6404121724715837
0.5593056627186399
0.27061096868164813
0.16619406425892352
0.6967231353077499
0.5993034917844025
0.9486580292908795
0.665233714221159
0.7108680381604409
0.6446146778864215
0.6951424797184891
0.8279203436157467
0.8722971143300439
0.8565806947862801
0.22243364098096563
0.0
0.5730462695139896
0.89996541669991
0.0
0.14617314639068218
0.0
0.7377226000439352
0.5472163611662068
0.6943166377195732
0.5441837638774292
0.9008207384159004
0.20248982254925582
0.0
0.6084406062071154
0.0
0.7353169893741885
0.23992808046599165
0.0
0.7389692171277241
0.8793671276531009
0.6263823023774756
0.5203388563964308
0.6549360310685773
0.7329475405251521
0.8795064092480939
0.8061290781214503
0.0
0.0
0.0
0.691258215606989
0.6263720575493441
0.8867603470517722
0.7118848963933792
0.6639272276653447
0.3043470208579249
0.018602751720411162
0.7785763131567262
0.5967650541185232
0.5917144944170039
0.4272109265505241
0.6438166171069611
0.4565361199012467
0.8010580029729369
0.7658174714413459
0.6718778440733407
0.8645524050175557
0.676323075367024
0.7374223923489925
0.0
0.7575673709468367
0.05066369424935894
0.8361979634958413
0.6968578373652167
0.482162830737716
0.6319712388766293
0.8435024036041364
0.22463691478351408
0.9877018334040326
0.0
0.6236323967481583
0.11922363259062246
0.17375090072345895
0.7399392005249698
0.35452798029715316
0.7665090531738673
0.004417078848340109
0.2424619816012144
0.17116188063435842
0.4440998096892888
0.7427498822751588
0.0
0.22646766233909799
0.0
0.5803163106427366
0.5439557389967359
0.4307822087869877
0.609601650705137
0.0
0.8280049989278501
0.0
0.18465804263841384
0.0
0.9524102717226527
0.6320692914592434
0.0
0.8074147337362202
0.5859005987275219
0.5104277692535804
0.9021365791812201
0.2860289759364624
0.6247474990174102
0.5193040451848252
0.9843262213071245
0.724174221507652
0.6113691446285423
0.37797804206413277
0.7238263152074019
0.6182395745385677
0.6108410571833943
0.9707429656307184
0.6619618568953961
0.43808125024601274
0.8492739725418996
0.7015518463665898
0.4801642952592555
0.0
0.49822816296454575
0.0
0.4714925287188951
0.5487505289928076
0.7757474935764893
0.0
0.5068028288314275
0.752741998630563
0.6569315660441473
0.5414393602469085
0.7942360315441976
0.7863642845427624
0.42439500923851864
0.5198398321849713
0.28733670004831363
0.7326121984438076
0.7567178348453325
0.0
