0.4284798277410457
0.0
0.5056820352813743
0.0
0.046054002936362776
0.0
0.6121581801483975
0.6167823372191876
0.9955429306255527
0.9969921399775646
0.03130784696570252
0.33005988881220505
0.21203145190313832
0.0
0.0
0.19700269679009708
0.034426722574692696
0.9994357395286401
0.49415826520582323
0.9694670846810509
0.9864430789524811
0.827744326666152
0.15712138624673208
0.0
0.0
0.0
0.0
0.0
0.0
0.9551752939675396
0.0
0.7557940203575918
0.9683961691114673
0.0
0.0
0.0
0.35230998577266637
0.0
0.002814422065123092
0.0
0.38092387466274297
0.0
0.44170529063366043
0.0
0.598645237614242
0.0
0.11067817567968866
0.0
0.15916580873438363
0.0
0.9924514451764173
0.0
0.0
0.0
0.4094862823736834
0.005730608115262667
0.9451513710602167
0.9980765142260715
0.0
0.9909997751109704
0.8065253900697101
0.3217191631681665
0.0
0.5317189347422411
0.0
0.0
0.0
0.37890501970445034
0.0
0.9998719845376749
0.0
0.0
0.0
0.3615796704431593
0.9943938062716147
0.0
0.0
0.0
0.8893089321292119
0.0
0.0
0.11735445783090583
0.039016596060008985
0.23793334208765982
0.4102191700222316
0.0
0.0
0.07583678882961595
0.3678303429155582
0.05469919190438153
0.502642301232
0.0
0.5793264887747749
0.0
0.9653130868588117
0.0
0.0
0.0
0.0
0.6304286133999819
0.0
0.0
0.13794528877785073
0.0
0.0
0.0
0.0
0.0
0.0
0.11046158535741285
0.0
0.0
0.1231929270756948
0.5870457144969203
0.0
0.0
0.0
0.25692911241381466
0.9999431131504339
0.20489495497608828
0.5782417026522272
0.0
0.0
0.16942689705242991
0.0
0.8051268695070969
0.0
0.0
0.0
0.23730008872223202
0.0
0.3580502214080954
0.0
0.2606647757882042
0.0
0.0
0.0
0.9912772201379597
0.296529102469452
0.0
0.0
0.14232908049138104
0.0
0.0
0.9995929807353692
0.0
0.0
0.0
0.0
0.2998711364049715
0.0
0.37519363860876614
0.07265632176065108
0.2294848686048102
0.0
0.0
0.0
0.0
0.0
0.797772402322727
0.5027761200402725
0.0
0.7187904645798181
0.2915137411178863
0.0
0.0
0.0
0.9999999844315376
0.2722022109498517
0.0
0.0
0.0
0.2287331121710717
0.0
0.0
0.0
0.0
0.999852246879278
0.6951666823221998
0.010549645081183475
0.0
0.0
0.0
0.0
0.12523626358918408
0.0
0.9746115480596251
0.6914038641316866
0.0
0.07195382089810275
0.40979495886312645
0.6941000525314923
0.07298016174131024
0.0
0.0
0.7251494415351241
0.16117616313643657
0.06618441062121383
0.0
0.0
0.7375632696348696
0.0
0.19449590289849092
0.0
0.911582524238563
0.0
0.0
0.3492904756049332
0.7891680114398687
0.1046195933204066
0.0
0.0
0.0
0.0
0.0
0.268569659759741
0.0
0.0
0.11448755913442271
0.0
0.0
0.0
0.3934446837820914
0.0
0.2443806487754495
0.6012413350510839
0.0
0.7640140572261808
0.0
0.0
0.0
0.6676432594453381
0.9767991371269886
0.0
0.3058099970592911
0.9996449128213469
0.0
0.0
0.0
0.36625347278777814
0.4250290349134282
0.0
0.0
0.0
0.7077932530954464
0.0
0.3439860057610447
0.0
0.0
0.7791236361399033
0.0
0.0
0.0
0.0
0.9999963037620415
0.0
0.0
0.09852405164154687
0.0
0.0
0.859770791409557
0.0
0.0
0.49679803965694996
0.4958061943739473
0.0
0.0
0.0
0.7251822052819351
0.8928383021734101
0.14725590549969103
0.9575093059967283
0.6606380851964053
0.0
0.0
0.0
0.26861188045045725
0.0
0.1917930705060194
0.0
0.8311962154516808
0.0
0.2146515334898192
0.26918716813797755
0.0
0.0
0.0
0.0
0.9946399013764063
0.28195957072108196
0.5858394342734484
0.30276655632125304
0.0
0.0
0.7495948217386177
0.06470937635991089
0.0
0.0
0.0
0.0
0.0
0.0
0.0
0.0
0.0
0.0
0.9923611984530117
0.0
0.4552736498298922
0.0
0.8607052700270116
0.0
0.0
0.0591898630865765
0.0
0.6489046155285803
0.0
0.11474207565950341
0.0
0.5247350819144486
0.3089287539919738
0.253485822599629
0.0
0.0
0.0
0.8953430496969766
0.08056533964706321
0.0
0.3546145087528978
0.19344072653331149
0.0
0.0
0.7695366736736168
0.9954886084423975
0.0
0.4870013007535779
0.0
0.5622149638397982
0.0
0.9925045338514396
0.0
0.0
0.0
0.0
0.0
0.0
0.0
0.0
0.0
0.0
0.35278266619341864
0.0
0.40357295809759713
0.0
0.0
0.0
0.0
0.49072510629619903
0.8256010544492429
0.24472538199093968
0.0
0.993473153457344
0.0
0.0
0.0
0.0
0.0
0.0
0.0
0.8123025424706887
0.5310412918483318
0.7129700090067226
0.6554340016819978
0.5535589959610095
0.9461757094381277
0.0
0.7121174303644189
0.0
0.0
0.835745419534251
0.9335822918165755
0.0
0.0
0.0
0.0
0.0
0.0
0.0
0.0
0.4156921720688534
0.0
0.0
0.0
0.0
0.0
0.0
0.0
0.0
0.0
0.20633083484485934
0.0
0.0
0.5386906563652218
0.5161194955711796
0.6058559277344402
0.0
0.0172514011369525
0.07612239520309474
0.0
0.0
0.0
0.8497302755709074
0.0
0.9810687613389595
0.23142035694900662
0.9597741428785402
0.8611727121598132
0.20960141490621675
0.0
0.6425759577747101
0.19277536527882885
0.0
0.0
0.11616194902795718
0.0
0.0
0.5021375804959628
0.0
0.0
0.0
0.0
0.9659310870553238
0.9498704081090231
0.012984305708775342
0.0
0.25422751519389813
0.0
0.0
0.0
0.0
0.0
0.0
0.1221516431094994
0.11932304846667614
0.0
0.0
0.0
0.0986517950948595
0.0
0.6372797396526718
0.0
0.5884565263023991
0.0
0.0
0.0
0.0
0.0
0.0
0.48376047888653856
0.7965227899243544
0.27378312177969755
0.0
0.0
0.0
0.0
0.0
0.0
0.4662564290424173
0.9597155329311268
0.15615296530768616
0.0
0.2912110249111646
0.4634371285805657
0.0
0.9429111453885676
0.0
0.0
0.0
0.18795359387477203
0.0
0.0
0.0
0.7823017056192885
0.37121677078888665
0.7549874314336463
0.0
0.9431688846780815
0.0
0.08882957463516379
0.6945438109044498
0.7488798829334886
0.0
0.3422371703630647
0.0
0.0
0.0
0.2159149996081969
0.0
0.0
0.22458578763120413
0.0
0.0
0.298236553196365
0.7882318326670437
0.0
0.0
0.028188438458701788
0.0
0.0
0.0
0.0
0.0
0.0
0.8603163878665265
0.0
0.7677335235629543
0.0
0.0
0.0
0.0
0.0
0.18713890104391195
0.5718310451460978
0.0
0.0
0.0
