0.2896297329906762
0.0
0.1301528809970225
0.0
0.0
0.0
0.5727979985415257
0.0
0.9816393616100075
0.9986903272822409
0.0161164902721721
0.246728165127314
0.22450420960563644
0.0
0.0
0.09690779973398189
0.0
0.9998616556476814
0.4186686960890651
0.9867380610915795
0.9927683963939676
0.6747524155360438
0.0
0.0
0.0
0.0
0.0
0.0
0.0
0.9697641220039822
0.0
0.3352829785322211
0.7752906263385326
0.0
0.0
0.0
0.048075304399688545
0.0
0.0
0.0
0.0
0.0
0.2201511244222898
0.0
0.37340519464142474
0.0
0.0
0.0
0.0
0.0
0.9997785439510511
0.0
0.0
0.0
0.2564881189310516
0.0
0.8830485002684499
0.9986282756970235
0.0
0.9998578300505622
0.40066601402425206
0.0
0.0
0.28829870258101487
0.0
0.0
0.0
0.15511644070867314
0.0
0.9992240352446847
0.0
0.0
0.0
0.0
0.999928246323916
0.0
0.0
0.0
0.8268463717172867
0.0
0.0
0.0
0.0
0.021890928887340455
0.0
0.0
0.0
0.0
0.0
0.0
0.10928159778934232
0.0
0.2041518789972212
0.0
0.8185606660546898
0.0
0.0
0.0
0.0
0.1542856584822545
0.0
0.0
0.0
0.0
0.0
0.0
0.0
0.0
0.0
0.0
0.0
0.0
0.0
0.2882062180976095
0.0
0.0
0.0
0.1055118350230072
0.9974652450602189
0.1775500107554413
0.5988783254995738
0.0
0.0
0.005177935825731339
0.0
0.8709948156977527
0.0
0.0
0.0
0.0
0.0
0.044441345396220466
0.0
0.0
0.0
0.0
0.0
0.9956078879380393
0.03432079304142166
0.0
0.0
0.0
0.0
0.0
0.9970612226768286
0.0
0.0
0.0
0.0
0.028361030907913753
0.0
0.0
0.0
0.0
0.0
0.0
0.0
0.0
0.0
0.5916802678429192
0.2113873513847051
0.0
0.8864467794456428
0.1335813993305487
0.0
0.0
0.0
0.9999999999977349
0.0
0.0
0.0
0.0
0.0
0.0
0.0
0.0
0.0
0.999979893849449
0.5124506028930836
0.0
0.0
0.0
0.0
0.0
0.0
0.0
0.9607729385352123
0.44884080635367085
0.0
0.08045668771651904
0.2317371256275853
0.49260182094987526
0.0
0.0
0.0
0.3392095455658075
0.0
0.042246999281660313
0.0
0.0
0.4415367812888996
0.0
0.0
0.0
0.9470793745401228
0.0
0.0
0.0
0.7402868289595912
0.0
0.0
0.0
0.0
0.0
0.0
0.0
0.0
0.0
0.0
0.0
0.0
0.0
0.12727805395630964
0.0
0.0
0.17080203928905124
0.0
0.5915320989943129
0.0
0.0
0.0
0.5433000168816202
0.9969960503534379
0.0
0.0
0.9978430178925378
0.0
0.0
0.0
0.0
0.93589532549879
0.0
0.0
0.0
0.4434506509577232
0.0
0.0
0.17067506815102507
0.0
0.6327893908728968
0.0
0.0
0.0
0.0
0.9999994908012512
0.0
0.0
0.0
0.0
0.0
0.7578953209678274
0.0
0.0
0.025067544196059388
0.42753742540728834
0.0
0.0
0.0
0.2240666104265735
0.8573463126810252
0.0
0.9494209960971343
0.4001992059740421
0.0
0.0
0.0
0.0
0.0
0.0
0.0
0.7637479670164704
0.0
0.01963989627690843
0.0
0.0
0.0
0.0
0.0
0.9998634192932752
0.13680447905677395
0.9378048003914566
0.0
0.0
0.0
0.4611689278317861
0.1674208067941063
0.0
0.0
0.0
0.0
0.0
0.0
0.0
0.0
0.0
0.0
0.9831964192196527
0.0
0.5232284958355427
0.0
0.6074494561972894
0.0
0.0
0.0
0.0
0.2545212565090047
0.0
0.0
0.0
0.151069391529991
0.0
0.0
0.0
0.0
0.0
0.8537726052242685
0.0
0.0
0.20734767150090472
0.0
0.0
0.0
0.8505073320092726
0.9946813109377245
0.0
0.12306458631407646
0.0
0.2560824484808597
0.0
0.9999203317264782
0.0
0.0
0.0
0.0
0.0
0.0
0.0
0.0
0.0
0.0
0.0
0.0
0.12553583392401135
0.0
0.0
0.0
0.0
0.18886360287255588
0.4367635956870315
0.0
0.0
0.9997405348332196
0.0
0.0
0.0
0.0
0.0
0.0
0.0
0.4500456362495998
0.43492328174227435
0.9443550711376566
0.5814742962264658
0.18703108350534048
0.9210187053219676
0.0
0.09005452664483238
0.0
0.0
0.7090420495473825
0.8925399872545222
0.0
0.0
0.0
0.0
0.0
0.0
0.0
0.0
0.3435249546020611
0.0
0.0
0.0
0.0
0.0
0.0
0.0
0.0
0.0
0.0
0.0
0.0
0.4465979940576946
0.14801899717331057
0.3456241658501218
0.0
0.0
0.0
0.0
0.0
0.0
0.9837370799810414
0.0
0.9823654986033917
0.004224991218559571
0.8532789485581755
0.5040205565310736
0.0
0.0
0.9353807038709294
0.0
0.0
0.0
0.18776316048069075
0.0
0.0
0.11958566817523975
0.0
0.0
0.0
0.0
0.9801543565665279
0.8715603316400692
0.0
0.0
0.0
0.0
0.0
0.0
0.0
0.0
0.0
0.0
0.007797553091671627
0.0
0.0
0.0
0.0
0.0
0.9422802232783547
0.0
0.7075979715717844
0.0
0.0
0.0
0.0
0.0
0.0
0.0
0.7665866356154583
0.0
0.0
0.0
0.0
0.0
0.0
0.0
0.0769643248986176
0.9042033325397123
0.0
0.0
0.0
0.0
0.0
0.776408952737067
0.0
0.0
0.0
0.0
0.0
0.0
0.0
0.9568081602407765
0.002025781297912088
0.3562148636766347
0.0
0.9870195885871104
0.0
0.004405094849712632
0.5325816916712753
0.7279316134100919
0.0
0.17244458269948781
0.0
0.0
0.0
0.0
0.0
0.0
0.0
0.0
0.0
0.0
0.25874198212393296
0.0
0.0
0.10116120666624218
0.0
0.0
0.0
0.0
0.0
0.0
0.7448135582431061
0.0
0.6753501588890358
0.0
0.0
0.0
0.0
0.0
0.01604982922180198
0.3605341462516449
0.0
0.0
0.0
