5.3156279027035
5.55327831105195
5.18061772378546
4.20477109959627
6.24017627956134
4.43540302565618
5.66367371941569
5.71924820234268
4.84974226119286
5.93501474303139
5.47458674239435
5.585373756518
4.99087166735431
4.55679712078561
5.77181947049628
6.12099665087313
4.96984909227634
4.11206760644812
5.54924319164334
5.29824499244797
4.06215460070146
4.25229349880744
5.15080576220847
5.56591412078914
5.66099814520372
6.05680608902085
5.04555249700169
5.41962175801965
4.89052144459055
4.95068682103807
5.45846132165467
6.28600031816735
5.69528752566541
4.27713689282913
5.34803702305809
4.9233220491859
5.23877848357802
4.6181489798403
5.76992200987154
5.14994174724336
4.71628031397626
5.17867743733861
4.90477318537769
5.24519780370579
4.29482246431677
5.15999031006842
4.75631159618459
5.59750837426797
5.25288492164068
4.82161798569733
5.2273415805742
4.64478201856664
5.15831367793778
4.61008676707934
5.13009746496107
4.12687533128879
5.07297742947867
4.83082808636366
4.23458380481483
5.25540673973005
5.20234562481195
5.29308038858281
4.64485737133015
5.13974707548922
5.34570855920897
5.68996485050655
4.38343472633048
4.73232500997131
5.43011049611332
5.73708985462142
4.9476661164634
4.47513128299048
5.08417151559622
5.35369031603435
5.01330230486852
5.51398222702975
4.44838172822432
5.61780206130476
5.22283447947568
4.61388122950732
4.2603873063373
4.56761425691794
5.22455739752182
5.41611484368639
4.53047458882621
5.00366865409771
4.22200189483615
5.12845980777855
4.6886885159925
5.59153824989153
5.36500698974382
4.04923449555592
5.52038947901323
5.15443498358452
6.53575550338291
5.54127241705369
4.28393510688479
4.49759935965844
5.29688587756995
4.21258827800676
5.43553125278477
4.87066730541104
4.73773152468563
4.0692259706239
4.42027148487511
4.31387296984972
4.94768632797189
4.0988169024732
5.52427370791854
4.07524232408332
4.45440231680974
4.31245869545437
5.10755323026594
4.94536146302775
4.57902828119679
4.85006185527566
5.03783683737375
4.57805635614067
3.5406637795758
4.39165117011814
3.97226635562118
4.36342755182208
4.45285301800991
4.96781642172897
5.17624381187749
4.86401069077773
4.78282343391432
4.8634864038054
4.90794254245096
4.28157681234379
5.07279015927133
6.04172988472672
5.40906646289357
4.65155887848364
5.26801670460525
4.16257132071031
4.50003333320988
4.45467170507547
4.96475578452757
5.0738742593801
3.93049615188719
4.26675520741465
4.49802178740833
4.66212397947545
4.25628946384054
4.27567538524617
4.49560896876052
4.35862363596583
4.36897013036253
4.34682642855682
4.73569424688715
3.80649445027837
4.6756496874766
5.3290993610553
4.00645728792907
4.23095733847554
5.16321605203578
3.96983626866399
4.26608720023396
4.71349127505292
3.5813684535384
4.24910578828063
5.07477093079087
6.26152537326169
4.63057231883922
3.96374822611124
4.33775287447314
4.8689834668029
4.88524308504705
4.4310156849192
4.80437300800011
4.3594609758547
4.00218690218236
4.73249405704857
4.28562714197117
4.66723686992636
5.63007104750908
4.38140388460137
4.61316594108645
4.79051145494925
4.41150767878738
4.18286982823994
4.36273996474692
4.45042694581093
4.27122933123474
4.59660744462696
4.94960604492923
5.19378474717619
4.03106685630492
4.0947038964985
4.01110957217576
5.31047078892258
4.11273631539879
4.21465301062851
4.45744321332308
5.48493391026729
4.55132947609817
4.29497380667217
4.6131442639484
4.99026051424172
4.70214844512591
4.63134969528322
4.07508282124425
4.74674625401443
4.0845073142302
4.17703243942395
4.54707598353052
4.48461815542862
4.87482307371252
4.37610557459484
3.83336666652174
4.13517835165546
4.69464588653926
5.35826464445346
4.46168129744831
4.73832248796977
4.48088160968352
4.086685698705
4.51842893050228
4.44986516649662
3.56544527373511
5.18493008631746
4.32242987218995
4.51783133815329
4.58614216962362
4.19888080326175
4.91401058199919
5.39951849705138
5.07544086755032
4.06716117211993
4.27353483664285
5.75070430469173
5.11653202863033
4.27392091644195
5.41048981146809
5.15093195451076
4.33492791174202
4.87180664640952
4.46833302250403
4.49284987507929
4.01721296423279
4.72975686478703
5.08764188991324
4.1904176402836
5.00543704385541
4.02174091656835
4.51171807629865
4.52761526634055
4.13842965386631
4.23374538677044
5.01176615575787
4.82578491025035
5.05355320541894
4.11539791514745
4.72355798101389
4.73896613197436
4.45114591987277
4.42202442327041
4.23841951675386
4.53387251695501
4.09626659288675
5.49534348335024
3.8885858612097
4.53367400680728
3.94118002633729
4.1359037706407
3.85216822062589
3.85498378725514
4.21607637501979
5.18590397134386
4.29194594560556
4.51621522959214
4.6487202540054
4.72518782695461
5.40180525380173
3.75551594324934
3.98591269347436
4.48673600738889
4.44847164765608
5.51243140546891
4.33663463990224
4.06899250429391
5.31527045407851
3.95776452053429
4.88743286398903
4.96816867668561
4.54312667664022
4.03106685630492
4.55632527372662
4.37982876377605
4.09947557621704
5.39506255756131
5.32704420856445
4.47912937968976
4.64073270077043
4.23690925085728
4.42135725767552
4.62539728023442
4.35538746841197
4.39954543106444
4.78082628841501
4.2897086148129
4.2711942123954
5.14736825960607
4.20323684795421
4.3948151269422
4.82878866797875
3.71491588060887
4.25603101492459
5.35097187434208
4.5320304500301
4.18009569268456
4.36053895751431
4.88518167522969
4.32990762026166
4.25688853506878
4.06783726321494
4.8818131877408
4.36561564959629
4.41029477472878
5.43474930424578
4.78410911246807
4.47694091986928
4.398602050652
4.49112458077039
4.56418667453469
4.281927136232
4.44481720659016
4.53401587998983
4.08838598960519
4.78280252571649
3.92373546508936
4.20630479161936
5.31777208988877
4.86250964009327
4.72634107952441
5.22676764358241
5.11383417799209
4.73782650589909
4.2978482988584
4.77861904738179
5.13080890308731
3.98852102915354
4.83821247983178
4.21867277707101
3.95432674421323
4.34100218843529
4.72514550040525
5.3913449156959
3.97621679489436
3.72408377993836
4.59682499123036
4.16272747126208
3.748292944795
4.3106148053381
3.74
4.75698433884325
4.41191568369116
4.20537750980813
4.63706803918165
4.74624061758356
5.19339965725728
3.99824961701993
4.54016519523244
3.98162027320537
4.92950301754649
5.0719029959178
4.14301822346946
4.45321232370522
3.68863118243069
5.02983101107781
4.15447951011917
4.73986286721462
4.54466720453764
3.73210396425394
3.92522610813696
4.77513350598703
4.85082467215627
4.75894946390482
4.40015908803307
4.42864539108744
4.6656510799673
5.02082662516841
4.13229960191659
4.74439669504986
3.84892192698163
4.7643047761452
4.91761120870693
4.12700860188103
4.39358623450138
3.91969386559716
4.01971392016895
4.84530700781695
4.57951962546292
4.70177626009575
4.17014388240981
3.99736162987539
4.83833649098531
4.75942223384309
4.23841951675386
4.13273517177184
4.60667993244593
4.58764645542788
3.98904750535764
4.9351393090773
4.84009297431361
4.24332416862063
4.87580762540935
4.05916247519116
4.37357976947946
5.07512561420897
4.52403580887685
4.26037557029894
4.10610521053711
4.65614647535921
4.67116687777262
4.17390704256815
5.26100750807295
4.60186918545063
4.7339940853364
3.89044984545489
4.45629891277504
4.75065258675058
4.70670797904438
3.90878497745783
4.3867071933285
4.34181989492885
3.79773616777153
3.97142291880379
3.95893925187038
4.98889767383537
5.0207469563801
4.62742909183923
4.63357313528124
4.51259348933626
4.59643339993086
5.2443684081117
4.64703131041744
4.29293605822402
4.8518759258662
4.02073376387942
4.50957869429063
4.39454206943113
3.74299345444258
4.35319422952847
4.1314283244418
4.45334705586708
4.15292667886155
4.80239523571311
5.26753262922974
4.79856228468486
4.92994928980005
5.09022592818826
3.6138206928402
4.87776588204067
4.87963113360016
4.08077198578896
4.37153291192003
5.19001926778697
3.86157998751806
4.07120375319143
5.33304790902913
3.84191358570179
5.32347630782743
4.91545521798338
4.55203251306491
4.88261200588374
4.49193722128883
4.67046036274798
4.57332482992407
5.40196260631264
4.70002127654759
4.20765968205605
4.57424310678827
5.01282355564207
4.38446119836862
4.01842008754685
4.16204276768031
4.71496553539896
4.41787279128768
4.79610258439079
4.85478114851741
4.94132573303967
4.6594312957699
5.11697176071942
4.64522335308002
4.36487113211834
3.96740469324721
4.86691894323298
4.29910455792831
4.6555558207372
4.95187843146416
4.78576012771221
4.72164166365894
4.7431635012932
5.41423124737021
4.63138208313674
5.06742538178906
4.50065550781217
4.1148511516214
4.29350672527714
4.46161405771499
4.41616349335031
3.96751811590067
4.58846379521513
4.99892988548549
4.02916864874132
5.3332166653906
4.89806084078179
4.1125539510139
5.00629603599308
4.94548278735251
4.74519757228295
4.04158384794872
4.49934439668714
4.86559348897953
4.79140897857822
4.16832100491313
4.07255448091244
4.16503301307445
4.86053494998236
5.03250434674427
4.50620683058379
3.99063904656886
4.24043629830705
4.18411280918667
4.96939634160931
4.46316031529229
4.58290301010179
4.36190325431456
4.31632945915856
4.25023528760468
4.1775590959315
4.50299900066611
4.32558666541314
4.84143573746466
4.3872200765405
4.04791304254427
4.02054722643572
4.71742514514009
4.68337485153602
4.23539844642744
4.13265048122872
4.11632117308647
5.2888845704931
3.84161424403857
4.59290757581731
4.24768172065657
5.14125471067132
4.81386539072293
4.35662713575537
3.99881232367812
4.77742608524716
4.47936379411184
5.18081074736378
4.01620467605923
3.82176660721191
4.59444229477311
3.97346196659789
4.38737962797841
4.54183883465717
4.2162779794506
4.30094175733641
4.33282817568387
4.8718374357115
4.48797281631696
4.00583324665418
4.87921100179117
5.18884380185027
4.3070407474274
4.02682256872587
4.42443216695657
4.56695741166917
4.38792661743562
5.03910706375644
4.50932367434408
5.55740047144346
5.24747558355444
4.73830138340735
3.88749276526658
4.06706282223425
5.01699113014962
4.49203739966621
4.95893133648773
4.11935674590099
4.30442795270173
4.73628546436973
4.6784719727706
3.79742017690958
5.01891422520848
5.30000943395387
4.51197296091189
4.74862085241599
4.4866357106411
4.01145858759629
3.84247316191018
4.32686953813031
4.87244291911152
3.83712131682072
4.65103214351395
5.01210534605968
4.79982291340004
5.38760614744619
4.07814908996716
4.55845368518755
4.62849867667692
5.03600039714057
4.07365928864946
4.32733174138522
4.46860157096155
5.47511643711803
4.6156039691464
5.33474460494596
5.11424481228656
4.66777248802895
4.41369459749992
4.76812332055286
4.23470187852699
4.69527421989387
5.08624615998872
4.29990697573796
4.46672139269957
4.25423318589849
4.8297826038032
4.86499743062625
4.59833665579196
5.13544545292811
5.08355190786914
4.16474489014633
4.49330613245971
4.44514341725889
5.03532521293312
4.42187742932795
5.05637221731154
4.75913857751589
4.06247461530531
5.03410369380687
5.30704249087945
5.0531079545167
4.47730945993238
5.0653232868199
5.47281463234413
3.70818014664876
4.16492496931217
5.48780466124661
4.68596841645353
5.49090156531694
4.60507328931907
4.62008657927533
4.78559296221482
5.03614932264721
4.87012320172704
4.62552699700261
5.43508049618403
4.64299472323629
4.52759317960437
5.08067908846839
4.873653660243
4.08684474870284
5.94965545220898
4.13030265234886
4.25032939899956
4.39368865533278
5.48617352988401
5.62112977967953
4.40157926203766
4.4186310097133
5.59198533617534
4.56121694287829
4.17359557216556
4.19136016109329
4.30629771381404
3.94166208597338
4.1567174549156
4.53611066884396
5.63235297189372
4.92604303675881
4.48488572875609
4.63056152102529
4.92588063192766
3.95605864466138
4.34867796002417
4.51265996946369
4.52920522829337
5.67993837994744
4.11899259528346
4.44452472149723
5.26502611579468
4.02704606380409
4.42301933072873
4.83879117135675
4.82490414412556
4.31451040096092
4.65481471167221
4.02962777437321
4.95971773390382
3.92373546508936
4.47958703453789
3.77855792598182
4.28175197787074
5.28237635917775
4.68175180888522
3.99872479673208
4.85860062157819
4.12712975323045
4.37303098548364
3.98136911124804
3.82794984293159
5.08667868063238
4.45893485038748
4.06470171107303
4.99121227759349
4.32059023745599
4.63909473927834
3.77017240985078
4.10632439049815
5.52758536795227
4.55724697597135
4.1582448220373
4.43873855954594
4.03142654652171
3.72806920536623
4.24655154213392
5.1113403330242
4.15630845823551
3.95256878498022
5.64727367851072
4.19134823177459
4.67851472157564
5.04161680416114
3.66976838506192
4.74530294080367
4.48024552898611
3.95794138410361
4.41242563676715
5.40694923223808
4.70198894086322
4.47878331692883
4.81024947377992
4.57700775616559
3.85961137940078
4.20524672284516
4.07266497517289
4.69411333480563
4.33030022053899
4.75439796399081
4.59266806986963
4.17139065540498
4.21789046799463
4.51423304670904
4.7630242493609
4.37906382689268
4.59395254655509
3.99649846740869
5.04764301431866
4.62566751939652
5.05122757357061
4.6740453570756
5.14534741295474
4.46844491965605
5.52387545116651
5.21785396499366
4.43794997718541
4.69880835957373
4.36330150230304
4.07576986592717
4.15605582253174
4.89907134057058
4.62400259515498
4.65863713976523
4.35190762769616
4.35917423372822
4.57450543774953
4.68261678978752
4.383389099772
4.33001154732871
4.75935920056471
3.81975130080481
3.98473336623669
3.91806074480731
4.14277684651249
4.31459152180134
4.76135484919996
4.23483175580802
4.78148512493765
5.02149380164907
4.46998881430368
4.25522032332052
4.84781394032403
4.77278744550813
4.10672619004481
4.78702412778545
4.25573730392279
4.4908796465726
4.94081977003817
4.23840771988727
3.7642927622596
4.92876252217532
5.06045452504022
4.08307482174892
4.45858722018534
4.11590816224075
5.01728013967727
4.26231157941322
4.64694523316124
3.87855643248877
4.30620482559759
4.05588461374334
4.9841649250401
4.03487298437014
4.46480682672834
5.07891720743703
4.38482610829666
4.02381659621807
4.4755558314024
4.76403190585454
4.63383210744628
4.95956651331545
4.50468644857775
4.17057549985611
5.19977884145086
4.34150895426924
4.09449630601861
4.4368344571327
3.84508777533101
4.17413464085671
4.4979884392915
4.28443695250613
4.31202968449894
4.26226465625963
3.90348562185132
4.36957663853147
4.20074993304767
4.19777321921992
5.12612914390576
4.89747894329317
4.77338454348694
4.8142289102202
4.51469821804293
4.45642233187116
4.57574037725044
4.65306350698118
4.05823853414261
4.05048145286458
4.1517947926168
4.54619621221962
4.63788745012209
4.14315097480167
4.75546001980881
4.71009554043227
4.35386035605186
4.92036584005702
4.12462119472807
4.68945625845897
3.65632328986374
4.08903411577844
4.05895306698661
4.09262751786673
4.47453908240838
4.18488948480124
3.76673598756271
4.3057171295848
4.8958043261552
4.57474589458256
4.31680437360787
4.7339623995127
3.94452785514312
4.32042821951713
4.496821099399
4.66036479258867
3.93793092880005
4.20635233902249
4.29901151429023
4.60063039158766
4.71607887974745
3.96367253945126
3.843696137834
4.29217893382836
5.48029196302533
4.02070889272029
3.98106769598308
3.97664431399138
4.92537308231569
3.94156060463365
4.60384621810938
4.65259067617172
4.87453587534239
4.30117425826948
4.47281790373809
5.36772763839597
4.55847562239835
4.27998831774107
4.09256643195929
3.94025379893225
4.60860065529657
4.85016494564876
4.35375699827172
3.83050910454472
5.33028141846188
4.07110550096654
4.4057235501107
4.96460471739695
4.97791120852914
4.67800171013222
4.44048420783139
4.70599617509407
4.33857119337692
4.19983333002632
4.7336666549304
4.29114203913131
4.51779813626063
4.25121159200527
4.98212805937383
4.70243553916478
4.26198310648928
4.61214700546286
4.68375917399689
4.47821392968223
4.71778549745535
4.46217435786635
4.11588386619448
4.84092966278173
4.06032018441896
4.08544979163861
4.48575523184224
4.7294079967793
4.60589839227919
4.45793674248525
4.87276102430645
4.56286094462674
4.80470602638705
3.98234855330369
5.44731126336654
4.60738537567675
4.01878090967895
4.72382260462859
3.89830732498093
4.88254032241414
4.28737682038796
4.07898271631543
4.97172002429743
4.60681017624994
4.75468190313506
5.14078787735888
4.24672815235447
3.70571180746695
3.95681690251141
4.3866957952427
3.87865956227148
4.73418419582508
4.70625116201845
4.22094776087077
4.31758034088539
5.6568012162352
4.60101075851818
4.6609548377988
4.45087631820971
5.05066332277256
4.42924372777114
4.61615640982842
4.42035066482287
3.69410340948924
4.28333981841273
5.22091945925236
4.63457657181322
4.96213663657098
3.96137602355545
5.51705537401973
4.20719621600895
4.1757514293837
4.74569278398845
4.49419625739687
4.02280996319737
4.98298103548468
4.23329658776703
4.13803093270217
4.93253484529
4.14566038165212
4.80408159797479
4.34359298277359
3.83356231200172
4.95216114438939
4.37877836844936
5.8393150283231
4.85989711825261
4.2842385554495
4.41495186836731
4.40536037118418
4.58833303063324
4.73767875652202
3.72072573565964
5.08426985908498
3.83194467600982
4.36556983680252
4.38319518159983
4.64933328553676
5.05504698296663
4.71963981676568
4.28966199134617
4.67225855448947
3.95059489191185
4.82244751137843
4.75867628653179
5.33366665625065
3.78224800879054
4.25926049919467
4.60436749184945
4.22396732941911
4.86154296494436
4.73681327476606
4.84953606028453
3.85097390279394
3.98017587551103
3.79511528151649
3.78137541114341
4.38832542093223
4.41833679114664
4.54639417560774
4.47882797169081
5.43700285083611
4.80183298335125
4.84924736428242
4.84633882430851
4.32767836143122
4.19288683367438
5.24552189967786
5.08598073138308
4.08058819289572
4.20971495472081
4.16857289728751
4.46974272190246
4.36555838352896
4.91289120579725
4.46319392363809
3.79192563218215
4.77933049704663
4.83664139667187
4.66650833064723
3.96730387038855
5.13133510891659
3.78412473367356
4.51211701975913
5.17201121421831
4.41289020937526
4.54070479110898
4.12852273822005
4.16346009948456
4.74487091499864
4.78579147059293
4.19255292155031
3.8096850263506
5.75921001527119
5.05707425296485
3.91931116396746
4.94450199716817
4.41265226366184
4.37054916457875
4.06808308666379
4.10969585249322
5.02118511907299
4.1408211745981
5.1000392155355
4.55776260900017
4.61307923192308
4.24053062717392
5.74274324691606
3.75407778289156
3.99404556809258
4.19790423902213
4.54974724572695
4.09283520313242
4.09068453929168
4.33546998605688
4.68221101617601
4.34052992156488
4.65936690978506
3.85451683094003
5.37597433029586
4.13655653895846
4.31996527763824
3.7642927622596
4.62040041554842
4.58998910674089
4.98842660565433
4.2644694863488
4.02427633246028
4.22673632960467
4.07022112421426
4.02364262826608
4.52486463885938
4.46881416037857
4.06811995889993
4.57440706540203
4.48632366197536
4.53212974218523
4.12556662774945
4.90691349016874
5.49062837933874
4.80304070355436
4.52921626774434
5.22178130526356
5.0679779005043
4.16034854309107
5.10120573982269
4.48651312268225
5.21748981791052
4.61604809333698
3.69488836096573
5.45194460720209
3.990852039352
5.46969834634416
4.10973235138251
4.87992827816147
3.97908280888951
4.24462012434564
4.56212669705698
4.9421452831741
4.2206042221464
4.54089198285976
4.68445300969067
4.4862456464175
4.64802108428953
4.24390150686841
4.11491190671198
4.6064954140865
4.58573876272951
4.02662389602009
4.44729131044954
4.51831827121552
3.96006313080991
4.54273045645458
5.08242068309974
4.30338239063182
5.64935394536402
4.97144848107672
4.14603424973793
4.32208283122848
4.00739316763404
4.90968430757009
4.36053895751431
3.72419118735867
5.66986772332477
5.14100184788918
4.35508897727704
4.53714668045899
4.01143365893043
4.82508031021246
4.08763990586255
4.86469937406208
4.69937229850966
4.67643026249724
4.91126256679482
5.48020072625082
4.30467188064317
4.62743989696247
4.82867476643437
4.06579635495926
3.93977156698202
3.50894571060881
4.5918623672754
4.45203324336196
4.42057688543023
4.06230230288195
4.52674275831972
4.83862583798334
4.16892072364059
4.92378919126317
5.17646597593377
4.3983178602734
4.53290194025858
4.42115369558671
4.29233036939143
4.23185538505275
4.561282714325
5.03698322411342
4.41242563676715
3.70575228529917
4.52653288953035
4.19599809342187
3.95973483960732
4.26240542417072
4.4057235501107
4.58797340881571
4.44593072370679
4.93204825604941
4.42773079579145
4.35256246365288
4.76540659335591
4.11793637639049
4.48186345173523
4.72950314515172
4.75297801383511
4.40993197226442
4.62638087493885
4.90203019166549
4.8502783425284
3.81950258541606
5.5523778689855
4.8881080184464
4.55114271364896
4.16942442070845
4.23841951675386
4.33889386825721
3.95345418589871
4.90813610243237
4.2854988041067
3.96658543334188
4.49291664734613
4.26955501194211
5.43267889719243
4.54166269112976
4.21371569994939
4.64229469120606
5.04910883225941
4.40123846206951
5.05404788263823
3.99517208640629
4.37872127452753
4.32699664894717
4.48949885844734
4.71847432969599
5.33148197033433
4.43080128193536
4.8391528184177
3.99003759380786
4.75251512359508
4.66792245008419
4.01700136918075
4.63937495790112
4.56559963203082
4.90489551366795
3.7191934609536
4.08264620068896
4.26019952584383
4.02523291251575
4.06007389095322
5.23011472149512
4.82013485288534
4.64785972249594
4.06756684026212
4.9931853560628
4.62016233481032
4.24207496397695
4.22938529812548
4.71940674237769
4.7040939616466
4.60486699047866
4.46302587937825
4.30083712781593
4.85775668390256
4.5629814814439
4.62820699623515
4.05408436024708
4.52801280916916
4.00982543260926
4.43507609855795
4.88711571379275
4.9066689311589
4.30047671776049
5.2011729446347
4.8733561330976
4.67331787919461
4.54105714564351
4.81396925623752
4.08225427919428
4.63159799637231
4.40383923412288
5.74443208681241
5.24189851103586
4.92708838970847
4.54341281417394
4.75604878023765
4.59516049774107
3.99577276631192
3.67535032343857
4.73240953426476
4.8894682737492
4.75470293498973
4.23472549287436
4.55006593358821
4.97011066275189
4.12277818952221
4.98897785122363
4.12675417247018
4.21776006904139
4.43355387922601
4.70722848393829
4.6986806658891
4.72171578983742
4.48917587091439
4.69416659269779
3.83831994497593
4.13348521226338
4.45862086300237
4.6695931300275
4.33042723065519
3.82524509018703
4.5066284515145
4.44735876672885
4.611431448043
4.28953377419971
4.01814633879853
4.6678796042743
4.58206285421752
5.22915863213194
5.2394083635464
4.27255193063817
4.28625710848055
4.55335041480447
5.04437310277501
3.95065817301371
4.56891672062427
4.69228089525766
3.83856744111654
4.74242553974229
4.81911817659621
3.8022493342757
4.72843525915286
5.13716848078784
4.33709580249272
4.13650818928236
4.27718365282577
4.83886350293124
3.86157998751806
4.38465506054923
4.07760959386747
4.35865805036367
4.70452973207737
4.16554918348109
4.40110213469308
4.83490434238362
3.999199919984
5.69363679909423
4.32388714006275
4.22146893865157
4.02062184245174
4.36579889596394
4.23608309644653
5.03604011103962
4.92265172442658
4.81341874347121
4.44410845952256
5.10719100876402
4.59014161001597
3.48716217001733
4.18432790302099
4.1880544409069
4.63561214943615
4.59483405576306
5.16132734865751
4.02657422631199
4.24051883618031
4.47071582635264
3.95794138410361
4.55426174039218
4.7189299634557
3.7445026372003
4.24987058626495
4.87786838690836
4.27330083190968
4.43993243191831
4.42063343877323
4.18930781872137
5.20320093788429
3.81698834161175
4.39856794877606
3.95729705733598
4.89595751615555
4.94556366858218
4.60043476206326
4.19886889530978
4.32616458309205
3.82737507960743
3.78701729597318
4.34252230852071
5.13975680358517
4.22226242670917
4.13852630775739
4.92654036825032
5.12302644927781
4.31571546791491
3.99558506354201
5.19110778158189
4.05299888971117
4.45561443574284
5.14721283803186
4.28663037828082
4.92339313888298
4.88932510680155
4.20060709897986
4.65760668154794
5.17816569839166
4.66562964668221
4.6100650754626
4.0712651596279
4.86480215425047
4.65479322849039
4.24249926340595
4.28174030039189
5.14744596863338
4.79961456785855
4.27900689412859
4.6494300726003
5.13682781490678
4.94912113410048
4.89117572777752
4.2583212654754
4.45308881564246
4.52202388317444
4.61579895576053
4.35555966553094
4.08249923453759
4.6803525508235
4.38068487796144
4.02408995923302
4.63374578499943
4.78715990959149
4.95528001226974
5.10268556742428
4.56139233129535
4.57396982937142
4.52761526634055
4.31819406696827
4.61129049182547
4.30076737338815
4.81157978215056
4.91897347014598
4.31734872346444
4.26809090812274
4.55819043042302
5.3854062056636
4.29391429816665
5.01493768655205
4.7619638805854
4.28273277242463
4.83153184818231
4.06034481294385
4.24239319252707
4.04937032142036
4.5061513512087
6.20304763805664
4.19131244361477
4.5619184560884
4.49498609564034
4.63604357184011
4.68722732540251
5.05885362508148
3.98643951415295
4.26066896155991
4.20784980720558
4.45816105586149
4.48791711153404
3.96242350083885
4.54114523000531
5.10236219804122
4.96299304855447
4.25413916086439
3.7218275080933
4.79171159399228
5.2974710947772
4.93397405749159
3.9232894361747
5.65128304015999
5.21701063828703
4.43817530072889
4.61888514687257
4.049617265866
4.88079911489912
4.91288102848013
4.13545644397326
4.26693098139635
5.16832661506604
4.06295458995052
4.65023655312286
4.95606698905493
4.93408552824128
4.15972354850656
4.06611608294697
4.48927611091142
4.78185110600487
4.81453009129655
4.93476443206765
3.98952378110471
4.05928565144164
4.43548193548345
5.27924236988604
4.28092279771546
4.85687142098697
4.81108095961812
4.16141802754782
4.02266081095585
5.24587456960229
4.5685227371657
4.15923069809791
4.22969266022958
4.88866034819356
5.56863538041413
4.64073270077043
4.46005605345942
4.0968890636677
4.33497404836523
4.86103898359188
3.88209994719353
4.43416282966695
4.39720365687104
4.91065168791272
4.00308630933683
4.84426465007848
4.07354882135958
4.55616066441911
4.45645599103144
4.22615664641054
3.85578785723489
4.59719479682991
5.06256851805484
4.29067593742525
4.02965259048469
4.62402422138985
5.48527118746193
4.85996913570446
4.69844655178709
4.34552643531253
4.49259390552941
4.6344039530451
5.73905044410659
4.67315739088681
4.88290896904704
4.43434324336761
4.17400287493912
4.08820253901394
4.27302000931426
4.15351658236728
5.47437667684642
4.67559621866559
4.40339641640405
4.20741012975916
4.55919949113877
4.4577124178215
3.9737513762187
4.50067772674294
4.1131374885846
4.75374589139975
4.00991271725458
4.28245256833044
4.40922895753895
5.0195318506809
4.72539945401444
5.05694571851429
5.14433669193609
4.80613150048976
4.41655974713351
4.28709691982815
4.04368643690383
4.77670388447934
4.99027053374865
4.20221370232405
5.16884900147025
4.76174337821769
4.51807481124428
4.17451793624126
5.02647988158711
4.00408541367439
4.74981052253666
5.17858088669087
4.47595799801562
4.01170786573499
4.09539985837769
4.60972884235071
4.57281095170137
4.46702361757804
4.76952827856173
4.44762858161515
5.82005154616349
4.25941310511202
3.84737572898723
3.76386769161723
5.21935819809294
4.91174103551887
4.83856383651182
4.05742529198012
3.84053381706241
4.28068919684669
4.21537661425406
3.91030689332692
4.89718286364722
4.54224614040234
5.10289133727145
4.30272006990927
4.68286237252388
4.4125049575043
3.57007002732439
4.95785235762422
4.43274181517489
4.66290681871298
4.56844612532533
4.26425843494505
4.4559735187723
4.98101395300194
3.97641798607742
4.74605099003371
3.75719310123928
5.31491298141371
4.37080084195105
4.21411912503669
4.4484266881674
4.19168223986504
4.17400287493912
4.01150844446326
5.28512062303217
5.0527517255452
4.47859352922321
4.47377916307902
5.49799963623135
4.26305055095527
4.01744943963207
4.61888514687257
5.580985576043
3.88696539732476
4.64889234119268
4.01458590641675
3.73326934468972
4.56854462602698
4.25745228980901
4.51627058533919
4.64079734528454
4.16718130155145
4.02947887449481
4.51767639389986
3.9711837026257
4.51549554312702
4.01305370011417
3.87251856031705
4.25908440864935
4.57245010907719
3.91982142450393
3.91178987165722
4.38613725275441
4.11590816224075
4.807338140801
5.04624612955016
4.60816666365269
4.49731030728368
4.75693178424917
4.83987603147023
4.40412306821687
4.11299161195352
4.07429748545685
4.75596467606731
3.96955916947965
4.23278867887354
4.58504089403791
4.41706916404985
5.16875226723046
4.67486898212132
4.65280560522358
4.01468554185754
4.33057732871727
4.51465391807611
4.34599815922649
4.41015872730223
4.41895915346589
4.41721631799938
4.65938837187887
4.27883161622422
5.1458818486242
4.45131441262016
4.99489739634359
4.87403323747387
4.74813647655583
4.38987471347418
4.33285125523598
4.31915500995276
4.22675998845451
4.43893005126235
4.37303098548364
4.75574389554358
4.89173793247349
4.2593074554439
4.1703117389471
4.10929434331492
4.50453105217402
4.55454717837021
5.56977557896187
4.26516119273352
5.36736434388425
5.07912394020859
4.93919021702951
3.68488805800122
5.39890729685184
5.31299350648954
4.52497513805325
4.0883126103565
4.29094395209259
4.46480682672834
5.04164655643372
4.27495029210867
4.25823907266842
4.3689930189919
4.73541972796499
4.60507328931907
4.19690362052788
4.48992204832111
4.36619972058082
3.91287617999854
4.60208648332471
4.86872673293542
3.94702419551743
4.55152721622095
5.32547650450173
5.26870002941902
4.78634516097617
4.41281089556305
4.35319422952847
3.55012675830033
4.16391642567427
4.41350201087526
4.11434077344111
4.40705116829837
5.84958972920324
4.24788182509825
3.96658543334188
4.36055042397173
4.5550301865081
4.68038459958153
4.93168328261254
3.97034003581557
4.25675933075855
4.4133434038153
3.99608558466908
3.90896405713841
4.36937066406594
4.56545726077903
4.24784651323468
4.82499740932573
4.62545132932993
3.88445620389779
4.84398596199452
4.11929605636691
4.37507714217704
4.32830220756361
4.36245343814693
4.27378052782311
4.87616652709893
4.08856943196517
4.74146601801595
4.39753339953206
4.57543440560566
4.96527944832917
4.34557245941199
4.70622991363575
4.18603631135708
4.31420908162782
3.98154492628176
4.64789199530282
4.95699505749199
4.61666546329707
4.05950735927403
3.93311581319442
4.6710812452793
5.2577086263885
4.48909790492477
5.35042054421893
4.701691185095
4.44048420783139
3.90596978994974
4.29932552849863
4.5923741136802
3.73352380466497
4.47001118566833
4.29005827466248
5.23329723979061
4.64519106173255
5.59474753675266
5.54269789903798
5.15174727641021
4.30720326894378
3.82270846390357
5.04838588065532
4.57973798377156
4.28631543402956
3.91761406981341
4.62418641492749
4.56871973314188
5.04082334544665
5.6981751464833
3.97881892023249
3.99632331024405
3.80541719132082
4.49578691665875
4.34925280939152
5.09771517446787
3.91603115411509
4.88723848405211
4.60654968495945
5.11142837179589
5.00064995775549
4.56616907264722
4.17720001915158
5.22116845160162
5.46703758904217
4.26490328143558
5.14272301412394
3.36218678838639
4.62033548565469
4.65467506921804
4.63155481453043
4.72951371707494
4.85974279154772
4.25061172068209
4.56377037108573
4.33763760588641
4.41022675154011
3.69995945923736
4.80288454993455
4.86434990517746
4.93159203503291
3.93965734550608
5.46557407780738
4.70574117435288
4.99933995643425
4.33772982100084
4.32344769830745
4.47848188563937
3.87255729460521
4.99041080473341
4.32878735906489
6.32032435876514
4.52598055674127
4.11806993626869
4.53516262111956
4.68520010245027
4.19212356688111
4.32496242758246
4.86502826302171
4.34834451257027
3.76673598756271
4.51800841079341
5.60126771365197
4.98890769607937
5.07465269747596
5.95707142814319
4.68071575723201
4.23219801049053
4.78190338672793
4.13261418475037
5.08936145307051
4.60953359896639
4.67839716142185
4.38223687173571
4.70509298526607
4.64093740530941
4.67165923414797
5.1554243278318
4.55605092157671
3.97798944191661
4.00469724198971
4.08062495213662
4.45496352398087
4.29027971116103
4.41531425835127
4.59417021887522
5.04904941548407
4.53327696043381
3.90361371039707
4.4481569216924
4.34652734950558
4.16143004266562
4.21039190574939
4.77975940817109
4.79764525574786
4.84822647985838
4.21986966623378
4.79266105624005
4.7993749593046
5.04200357001064
4.29703386069973
4.14045891176329
4.26666145833015
4.80745254786774
4.83364251884642
5.10173499899789
4.63464130219373
4.44929207852215
4.35049422479791
4.50914626065733
4.58764645542788
4.54381997882839
4.10875893671069
4.68547756370682
4.54762575417107
3.99370755063512
3.86577288520679
4.3577172923447
4.27808368314599
4.29260992870305
4.02356806826975
5.03801548231047
5.38282453735955
4.96146147823401
4.43847946936786
4.40219263549427
4.873653660243
4.50822581510731
4.81284739005924
4.98339241882475
5.37176879621601
4.28419187245389
4.46252170863067
4.40201090412098
5.54073099870405
4.77748888015451
4.37539712483336
4.29414717959224
4.71695876598471
5.10416496598611
4.42967267413745
4.06889419867364
4.38092455995307
4.2798481281466
4.27716027289135
4.18699176020207
4.00703132006726
4.47869400606918
4.09417879433715
4.77357308522662
3.90298603635729
4.50981152599529
5.47338103917496
4.58172456614319
4.67141306244695
4.89111439244678
5.15533704038834
4.46262254733694
4.20702983112789
4.27311361889665
4.59942387696546
4.39877255606607
3.8190705675596
4.76907747892609
4.43494081132995
4.11040144024887
4.38589785562774
4.3126673880558
4.114826849334
4.19944043891564
4.3679171237559
5.01119746168518
4.09340933697083
4.94103228080935
4.22104252525368
4.71194227468886
4.50449775224719
5.09614560231554
4.98276027920268
3.88182946559995
4.1105352449529
4.4747625635334
4.58729767946228
4.18665737790902
4.48500836119622
4.84678243786535
4.78070078544977
4.68572299650758
5.23504536752071
3.97748664359794
5.45726121786377
4.52976820599024
5.08606920912407
4.99853978677773
4.70009574370565
4.3
4.7771748973635
4.64776290273073
4.3756370964695
4.24790536617755
4.77724816186055
3.8595984247069
4.08257271827459
4.87868834831658
3.68488805800122
5.01918320048193
4.69358072264662
4.84164228335799
5.1850940203626
4.40931967541479
4.82826055634946
5.25697631723789
4.01248052954778
3.70483467917261
4.57737916279611
4.0211316815046
4.41945698021827
4.53
4.59662919975062
4.48055800096372
3.96866476286421
4.48180767101847
4.53175462707327
4.62261830567915
4.3047067263636
4.17722395856387
4.0969500851243
4.48743802185612
4.54124432287011
4.84787582349218
4.32757437833251
4.23688564868112
4.68094007652309
3.76062494806382
4.27436544998202
4.32325109148196
4.99373607632602
5.34649417843132
5.64722940918819
4.31878455123661
4.74551367082637
4.27051519140255
4.64184230667092
4.02386629996574
4.48296776700435
4.75056838704591
5.0556601942773
4.40356673618102
5.10930523652678
5.32280940857363
4.86140926069797
4.50764905466253
4.75812988473413
5.46314927491461
4.2240146780048
4.3989544212233
4.36943932329996
3.83730374090975
4.34077182077105
4.53701443682958
4.37928076286506
4.01614242775328
3.8124663932945
5.04932668778719
4.68171976948642
6.08654253250563
3.98492158015688
4.83847083281485
5.26695357868284
4.6884752318851
4.17232549065866
4.56083325720202
4.05066661180601
3.65449038854941
5.21396202517817
4.27079617870017
4.2947293279088
5.08703253380593
4.43782604436001
4.11345353687142
4.63322781654432
5.1164147603571
4.57582779396253
3.98349093133146
5.29298592478763
4.35959860537642
5.11580883145569
4.31337454900453
4.49348417155329
4.77714349794938
4.22608565933063
4.56400043821207
4.47320913886217
4.48245468465661
4.77176068134185
3.94666948198098
4.30882814695597
4.54023127164245
4.5526036506597
4.85248390002481
3.72962464599321
4.49787727711639
4.76830158442186
4.08320952193247
3.61384836427872
4.49796620707626
4.36087147253849
4.54861517387435
4.38271605286037
4.69170544684979
4.78186156219521
4.60904545432132
5.09142416225559
5.05117808040857
4.4117230194109
3.75206609749882
3.96034089441806
4.90249936257008
4.27932237626473
4.69440092024531
4.37802466872904
4.54827439805472
3.96324362107605
4.81818430531668
4.14344059930874
4.38284154402141
4.21081939769447
4.05716649892508
4.41345669515404
4.60281435645628
4.21108062140824
4.04732010100511
3.99473403369987
4.8875351661139
4.16533311993171
4.52547235103696
4.21496144703602
4.87985655526881
4.39307409452652
4.40397547677096
4.52411317276657
3.86429812514511
4.57788160615803
5.24071559999205
4.45901334377909
5.25593949736867
4.06034481294385
4.82802236945936
4.34535384059802
4.31935180322233
4.25344566204859
4.20831320127198
4.12083729356062
4.29217893382837
4.57079861730967
4.6035421145027
4.43462512508104
4.82296589247737
4.36808882693564
4.45587252959507
4.63855580973216
4.20238027789014
4.15920665512066
4.10499695493188
5.24171727585531
4.75612237016669
4.44960672419485
3.81982983914205
4.48553229840116
4.44073192165436
4.89230007256301
4.56866501288943
4.93840055078565
4.2564891636183
4.57554368354188
4.75023157330251
4.65994635162252
4.17845665288034
4.09235873305359
5.23253284748409
4.13757175164371
4.84266455579983
4.56174308789962
3.82652583945281
4.93104451409638
4.37984017973259
3.95034175736733
4.90311125715091
4.05627908310067
3.97144809861592
4.56915747156957
4.14943369630122
5.04294556782046
3.93377681115744
4.01407523596656
4.81553735319331
5.81019793122403
4.65192433300457
4.38386815495174
4.86414432351673
4.03225743225801
4.58135351179103
4.95415986823195
4.70317977542853
4.10603214795013
4.27355823641143
4.09860952031296
5.0523657824825
4.01763612090493
4.36379422062957
4.52679798533135
4.46084072793459
4.8607509707863
4.17687682365664
4.50327658488794
4.46363080910597
4.82344275388441
4.20525861273715
3.80755827269918
4.47514245583311
4.70735594575129
3.87809231452785
4.36393171348957
4.92815381253467
4.56226917224313
4.72098506669953
4.51123043082483
4.38440417844888
4.55955041643362
3.99515957128123
4.91466173810569
4.6587444660552
4.31577339534874
4.03233183158331
4.75117880109768
4.1065313830531
4.17413464085671
3.73010723706437
4.4328320518603
4.18191343765028
4.27892509866672
5.36801639341759
4.6128299339993
4.25376303994475
4.04290736970315
4.26237023262879
4.09548531922653
4.55509604728594
4.83378733499934
4.56775656093886
3.91885187267904
3.63820010444725
4.63449026323284
5.33090048678457
5.19183975099386
4.96163279576391
4.12594231661084
5.06481983884916
5.12844030870985
6.02927856380844
4.54156360739338
4.00520910814904
4.14415250684624
6.18647718819038
4.92278376531003
4.52663230227506
4.48789482942727
5.46974405251288
4.87373573350054
4.54495324508405
3.66427346141087
4.69351680512598
4.87872934276949
3.88027060911994
3.80900249409212
4.24034196734179
4.47985490836478
5.001619737645
4.30039533066438
4.04861704783251
4.42869055139327
5.57045779088218
4.13769259370485
4.96811835607808
4.88633809718484
5.34111411598741
5.38046466394864
4.79499739311712
4.17572748152942
4.30065111349433
4.2235530066521
4.22410937358397
4.66496516600071
4.36902735171113
5.04128951757385
4.7936311914873
5.22721723290701
4.08170307592309
4.06291767083705
4.5503296583874
4.39207240377478
5.00256933984927
4.27220083797567
4.36956519576033
4.67291129810956
4.90625111464955
4.26789175120457
4.75227314029823
4.25748752200168
4.32320482975304
5.03082498204817
4.80873164150382
4.23826615492704
4.62301849444711
3.92944016368744
3.94537704155129
5.2771867505329
4.16354416333008
4.47097304845377
4.64329624297223
4.09073343057208
4.33801798059897
4.07958331205529
4.17270895222756
4.32348239270151
4.85122664900332
4.5174439675551
4.71782789003584
4.31717500224394
4.51793094236731
4.95271642636644
4.46696765155066
3.95393474908224
4.85487383976144
4.76724238947423
4.30378902828659
4.69687129906707
4.48371497756046
4.19252906966666
4.76578430061622
4.43704856858701
4.05680909089891
4.43373431770556
4.51414443721067
3.96297867771201
4.68090803156823
4.59719479682991
4.47325384926901
3.68171155850102
4.27684463126731
4.75043155934279
4.643253169923
3.7233989847987
4.34472093465162
4.64501883742144
4.69716936037014
4.09838992776432
3.76124979228979
5.12997076015059
4.67901699077915
4.63808149993076
4.15439526285114
4.12099502547625
4.56052628541926
4.15620018767143
3.53795138462925
4.26752855877966
4.57662539432713
4.08238900645198
4.14652866865768
4.06825515423996
4.95301928120616
4.4806807518501
4.47907356492389
4.39103632414946
4.2766692647433
4.72426713893277
4.19996428556244
3.97600301810751
4.21882685115187
4.43870476603254
4.13331586017812
4.13256578895001
4.47442733766009
4.40860522160921
4.49757712551992
4.06007389095322
5.46618697082345
4.2839117637972
4.41665031443514
4.22690193877265
4.78973903255699
4.78063803273161
5.52600217155223
4.33005773633563
3.71638264983572
4.73736213519718
5.57835101082748
4.83480092661528
4.42760657692167
4.59468170823616
4.67930550402514
4.3777619853071
3.97801458016433
4.1431389066745
5.05443369726026
4.78803717612969
5.93960436392863
5.2306022597785
3.99067663435664
4.52653288953035
4.7729445837973
4.11413417379647
4.66647618658876
4.8171256990035
4.78797451956461
4.1568257120067
4.03338567459151
4.16013220943758
4.66225267440537
5.33872643989182
4.47939728088501
5.28008522658489
4.75615390835915
4.62202336644894
4.60189091569976
4.41636728545079
4.27574554902417
4.74467069457934
3.96722825156305
4.43762323772535
5.04874241767195
4.40286270510449
4.38180328175513
4.17819338949264
4.25281083520064
4.81131998520157
4.96507804571086
4.55927625835505
4.43128649491319
4.49809959871944
4.88214092381611
4.22756431056938
4.51673554683025
3.74874645715071
4.48229851750193
5.76455549023513
3.89543322366075
4.2685594759825
4.07280001964251
4.28989510361267
5.19273531002688
4.15333600855987
4.64547091262016
3.78732095286365
4.11850701104174
4.32167791488445
4.489576817474
4.52315155616081
4.40679021511122
4.6690470119715
4.44330957733084
5.00722478025503
4.30962875431284
4.43410644888009
4.64869874265907
4.40002272721403
4.34154350433115
4.50236604464808
4.24636314980243
4.12782024802437
4.67274009549001
4.59996739118877
4.50782652727454
4.59771682468592
5.18437074291567
4.82417868657453
4.0811885523705
4.11242021199196
4.92785957592138
3.86768664707988
6.30610815003993
4.22320967985252
4.47477373729667
4.32690420508705
4.8844242240002
4.3806392227619
4.971136690939
4.46217435786635
5.15528854672559
4.85613014652614
3.94725220881565
4.77577218887166
4.15743911560951
5.03678468866796
5.56201402371479
5.17862916223975
4.35943803717864
4.34147440393238
4.14599807042888
4.56630047193568
4.52554969036912
4.00686910192983
4.58339393899324
4.70090416834889
4.53561462207715
5.34164768587371
4.609978307975
4.33492791174202
3.72824355427593
4.34829851781131
3.78931392207085
3.83937494912909
4.81833996309932
4.31525202045025
4.93239292838679
4.38771010892926
5.23103240288186
4.11541006462297
4.7075365107453
4.47010067000733
4.49600934162731
4.16847694008255
4.21882685115187
4.82585743676707
4.97103610930357
4.21335970455882
3.94697352410679
4.15114442051827
4.86433962630078
4.43694714865976
5.39521083925364
3.96084586925571
4.73147968398893
4.37447139663754
5.51039018582169
4.28686365540123
4.34859747504871
3.69666065524008
3.63951919901517
3.98908510814197
4.70821622273234
4.84766954319289
4.45103358783103
4.79252543029247
4.16288361595661
3.99891235212776
5.1178608812667
4.0767634221279
4.9225399947588
4.82518393431794
4.96236838616401
4.10001219510381
4.29341356032703
4.43401623812994
4.82660336054248
4.49719912834644
3.91841804814137
4.54611922412952
4.64192847855285
4.23125276957073
5.03741997455046
4.38414187726629
4.3095243357011
4.27255193063817
4.59833665579196
4.62900637286232
4.22050944792213
5.57616355570745
5.74946954074895
4.5877772395791
4.2453268425411
4.69225958361214
3.99404556809258
4.75449261225633
3.94623871553661
4.54442515616662
4.08499694002333
4.83720993962429
3.98119328845008
4.96052416585183
4.34944824086918
4.64440523641079
4.28553380572362
4.18080135859144
5.87374667482349
4.23268236464774
4.96922529173311
5.22768591252382
4.26042251425842
4.06864842423132
4.21166237963111
4.80641238347273
5.08882108154728
4.4156879418727
3.84372215437068
4.40403224329704
4.05724044148236
4.51972344286683
4.5619184560884
4.26261656732106
4.55645695689096
3.90484314665775
4.21576802018327
4.07814908996716
4.64087276274625
4.4933395153271
4.73738324394385
5.16308047583998
4.43613570576915
5.75861962626461
4.23074461531301
4.4093763731394
4.35045974581997
4.08165407647439
4.83816080757967
4.73473336102467
5.04667217084684
4.8852226151937
4.6907355499964
5.06229197103446
4.66002145917806
4.1086980906365
4.55438250479689
4.78278161742725
5.14352991631234
4.64363004555703
5.16439735109528
3.95801718035685
4.42909697342472
4.49234905144291
4.89150283655238
5.52691595738528
3.95065817301371
4.68417548774595
4.51806374457023
4.09149117071026
3.8539719770647
4.90289710273426
4.01081039192829
4.07813682948476
5.13073094207833
4.58410296568478
4.64578303410738
4.68252068868895
4.1105352449529
5.0369038108743
4.59006535901179
4.08358910763559
4.34963216835631
4.4529989894452
4.52239980541305
5.04768263661653
4.3505172106314
4.12084942699924
5.34857925060478
5.42740269373851
4.23095733847554
4.46395564494093
5.11833957451047
4.01260513880945
5.24040074803445
4.48856324451377
4.06766517796143
4.93264634856382
5.22656675074566
4.53487596302258
4.7420986915078
4.77516491861799
5.0573214254188
4.81048854067859
3.73201018219404
4.00615776024859
4.58341575683463
4.10768791414343
3.97726036361715
4.70977706478767
3.80900249409212
4.88025614081884
4.52105076282052
5.00427816972638
4.68760066558575
3.92334041347421
4.21340717234876
4.19076365356005
5.1229190897378
4.75954829789551
4.76760946387181
4.74052739681989
4.14901193056853
4.77753074296754
4.73896613197436
4.52478728781807
4.42434175895127
4.52685321166923
4.25822733070934
3.89236432005022
4.48507525020484
3.91122742882589
4.36811172018299
3.77222745867743
4.39558869777417
4.92548474771773
4.3026852080997
4.09459399696722
4.32013888665631
4.39371141519331
4.96628633890556
5.14825213057791
4.24951761968344
3.81658224069651
3.99052628108123
4.89198323791078
4.78616756915175
4.11462027409578
4.1555625371302
5.05503709185205
4.85285482989137
4.49557560274544
3.93283612676654
4.22854584934348
4.43678937972043
4.45181985259961
4.00550870676872
5.0148878352362
4.37623125531547
4.23160725965915
4.32991916783674
4.19271988093648
5.60931368350888
4.77685042679798
3.7899868073649
4.63088544449115
4.41562000176646
3.72025536757895
5.27602122816048
3.67843716814628
5.29897159833868
4.76003151250073
4.17121085537521
4.70811002420292
4.5166691266906
4.80578817677184
3.73824825285855
4.17225358769095
4.04667764962815
4.62098474353681
3.81676564646036
4.82417868657453
4.19923802611855
5.01632335480878
4.69066093423944
5.09351548539906
3.81279425093985
4.39219762761194
5.50083630005475
4.87354080725708
4.9535643732569
4.26928565453285
4.55489846209551
5.16973887154854
4.50340981923697
4.41125832387993
3.70675059857013
4.2094892801859
4.85185531523767
4.78107728446215
4.1470230286315
3.7488798326967
4.66247788198507
4.87104711535415
4.1701918421099
5.18963389845565
5.23291505759457
5.13105252360566
4.45340319306483
4.58899771191924
4.81205777188928
4.7626778182027
4.14237854378375
4.46974272190246
4.21132995620148
4.62094146251605
4.42551691895986
4.29524155316089
5.4592673501121
3.93814677227754
5.09924504216065
3.9973991544503
3.67070837850135
4.51845106203442
4.21589848075117
4.15486461873308
5.37869872738751
4.00792964010098
4.36902735171113
5.04363955888999
5.32548589332466
4.16690532649831
4.55182381029846
4.09183332993904
3.75654096210863
4.04656644576609
4.37122408485312
4.5966835871093
4.81124723954195
4.57955237987295
4.03780881171954
3.91341283280975
4.34928729793745
4.72346271288342
5.35162592115705
4.05822621350757
5.41757325746501
4.19801143400063
4.39462171295778
4.70256313088937
4.75838207797566
4.59469259036989
4.24894104454275
4.25890831082333
4.45554710445305
4.89450712533959
4.2644694863488
4.9933055183916
3.69172046612416
3.85251865667124
4.70020212331342
4.19447255325387
4.53418129324358
4.52414632831433
5.11035223834913
4.29884868307783
4.74784161488144
4.3134556912063
4.6298056114701
3.91026853297827
4.12483939081269
4.36524913378377
4.34170473431808
4.79523722040943
4.95315051255259
4.82738024191176
4.32260338222234
4.64921498750058
4.99131245265211
4.5435998943569
4.51990044138143
4.50878032288112
4.23773524420769
5.08918461052456
4.24915285674686
5.20438276839819
4.27705506160489
4.01036157970824
5.37995353139783
3.85150619887856
4.04266001538591
4.85105143242164
4.39009111522756
3.70434879567246
4.15700613422689
3.84630991991025
4.70180816282417
4.42534744398674
4.51369028622922
3.83603962440432
4.06493542384132
4.58414659451462
4.66658333258927
4.36371401446062
4.96210640756524
3.976053319562
4.67274009549001
4.21292060214764
4.3155996107146
4.27448242480888
3.83732980078596
4.63898695837787
5.20991362692319
4.45416658871219
5.23740393706653
4.63776886013091
4.42436436112579
3.82592472482144
4.77805399718337
4.45177492692522
5.55353941194262
4.23874981568858
4.34799954001837
4.0948870558295
4.73987341603128
5.65873660811316
4.74311079356154
4.57259226260116
4.22872321156162
4.25707646161071
4.57631948185439
4.83368389533283
4.38152941334416
4.70138277531196
3.87263476201926
4.5600109648991
4.42109714889868
4.48719288642688
5.11086098421782
4.1286922869112
4.62449997297005
5.26760856556369
4.07403976416529
4.38214559319975
5.22823105839824
4.14881910909598
4.15860553551308
3.93057247738799
4.03275340183354
5.03551387645789
4.2174518373065
4.31171659551042
4.72742001518799
4.19682022488455
4.31525202045025
4.17232549065866
4.69728645070747
5.21881212537872
4.65607130529591
4.18022726654903
3.98082905937947
4.92589078238647
4.82642725004739
4.28703860491132
4.24249926340595
4.63374578499943
4.13893706161377
4.20972683199278
5.62465110029058
4.70705852948527
4.54665811338394
4.41239164172901
4.55552411913273
4.81056129781131
4.29511350257476
4.2609858014314
4.09447188291726
4.53895362390937
4.03378234415294
4.49230453108424
5.35489495695294
4.38725426662281
4.81603571415329
4.46561305981609
4.25097635843814
4.35810738738733
4.60374847271221
5.33229781613893
4.13745090605315
4.00976308527075
3.94025379893225
4.54577826120016
4.46710196883841
4.71487009365051
4.03576510713892
4.21537661425406
4.4129468612255
5.10610419008465
4.74620901351805
4.21051065786562
3.93600050813005
5.7756990918849
4.34024192874084
4.08612285669435
4.1779660123079
5.28729609535914
4.41468005635743
4.88800572831088
4.79632150715525
4.5088468592313
3.93264542007031
4.96637694904444
4.2688405920109
4.57507376989705
3.61696004954437
4.95250441695916
3.90911754747795
4.05949504248989
4.19765410676011
4.49707682834083
4.1634240716026
4.26419980770132
4.16245120091515
4.7014253157952
4.711889217713
4.87221715443801
4.51720046046221
4.63309831538248
4.79489311663983
4.10152410696317
3.73922451853322
4.15944707863918
4.43420793378028
4.1435371363124
4.44056302736489
5.14329660820762
4.39491751913503
3.80800472688782
4.33132774100506
5.05400831024247
4.16938844436447
4.48077002310987
4.67936961566406
4.33129310945357
4.2197511774985
5.09833306091314
5.1212107943337
4.76604657971363
4.37752213015537
4.32748194681387
4.2985695295063
5.07503694567833
4.41970587256663
4.44174515252733
4.44442347217274
4.32755127063793
4.1065313830531
5.36981377703175
4.37195608395144
4.98408467022782
3.92112228832512
3.9274673773311
4.30244116752339
4.36424105658704
5.0706409851221
4.08756651322031
4.03078156193064
4.61715280232309
5.41978781872501
4.16503301307445
4.184100859205
3.86445338954942
4.44099088042297
4.20644743221641
4.02054722643572
4.39677154284823
4.14604630943746
5.3154679944479
4.67220504687027
4.75450312861397
4.49212644523727
4.38798359158281
5.21621510292664
4.47488547339482
4.47780079949968
4.65333213944588
4.69460328462374
4.25473853485734
4.56634427085825
4.23915085836775
4.611431448043
3.89273682645
4.42802439017673
4.54018722080929
4.77205406507512
4.91725533199162
4.44651548968403
3.76600584173737
4.75762545814611
4.752557206389
4.76623541172695
4.99845976276693
4.0995853448855
4.47186761879195
4.52302995789327
5.27756572673425
4.67074940453885
4.26886401751098
4.36894724161325
4.72942914102749
4.51971238022952
4.62389446246343
4.34561848302402
5.29505429622775
3.74858640023143
4.39416658764777
4.36210958138376
4.87445381555719
4.72282754290266
4.19757072602714
5.06167956314898
4.58512813343313
4.47421501494955
4.97567080904676
4.34042624634955
4.96730309121559
4.56547916433752
4.3347894989261
4.2099406171584
4.91457017449136
4.67711449507065
4.9718306487651
4.26838376906295
5.16862651001211
4.03960394098233
4.37965752085708
5.12894726040344
4.73866014818535
4.79074107002247
4.86985626071242
4.96239861357388
4.85676847296636
4.77252553686201
5.43135342249057
3.98859624429448
3.66861009102903
4.53559257429501
4.81432238222577
4.29524155316089
4.25928397738399
5.39736972978506
4.28157681234379
4.41753324831857
4.57101739222244
4.40160198109734
4.75888642436442
4.90594537270851
5.0474052739997
4.63791979232069
5.23172055828673
4.69372986014321
4.31490440218552
4.5899673201451
4.06014778056169
4.03572793929422
4.38356019691757
3.76140931035164
4.22756431056938
4.98258968810397
4.76558495884818
5.31939846223236
4.20105939020148
4.66093338291806
3.97615392056193
4.32608367926465
4.59188414487996
3.7788093362857
5.35400784459642
4.37577421721002
5.11407860713932
4.59280959762105
4.92783928309355
4.85940325554486
4.44522215417857
4.26025820813715
4.53148982123981
5.62647314043176
4.63754245263588
4.31873824166272
5.48940798265168
4.32520519744439
4.4265449280449
4.40028408173836
4.86122412567041
4.49214870635423
4.66222050100593
4.62807735458257
4.20906165314788
4.45234769531761
4.81877577814117
4.57893000601669
3.81893964340889
4.47405856018895
4.71371403460159
5.01980079286021
4.59335389448712
4.49469687520749
5.14512390521356
4.59213457990943
4.78902912916595
5.273566155838
5.14389929916984
4.59627022704279
4.40132934464123
4.19128858467178
4.01170786573499
4.39130959965248
4.23992924469265
4.62025973295874
4.28955708669322
4.31121792536633
4.91287085114193
3.98282563012744
4.57282188588185
4.7011168885702
4.30005813914184
4.93956475815431
3.85423144089713
4.09420321918685
4.99735930267176
5.02296725054026
4.90287670658767
4.80832611206852
4.27135809784195
4.15516546000277
3.82881182614137
4.68579769089533
4.50515260562836
5.31332287744684
5.12552436341883
4.59120899110463
4.07962008035062
4.31663063048021
4.35041377342432
5.01331227832458
4.41350201087526
4.31700127403271
4.85748906329186
4.83065212988888
4.5614361773459
4.85046389534032
4.21076002640853
4.23667322317877
4.36099759229468
4.7473044983443
5.40186079050543
4.30172058599812
4.31666537966519
5.04875232111856
4.28103959336982
4.07850462792431
4.13691914351731
4.08232776734059
4.6731038935594
5.03021868311906
4.82652048581584
4.93897762699934
5.26998102463377
5.01886441339074
4.77253601348382
4.48121635273282
4.18130362446929
4.09163781388334
5.08506637124827
4.20460461874836
4.63377815610545
5.068698057687
4.29709203997308
5.66197845280252
3.7729298959827
4.2804789451649
3.8954075524905
5.00533715148141
3.95710752949677
4.08477661567925
3.94599797262999
4.52593636720624
4.56055917624144
4.17667331736635
4.85658316102998
4.20847953541419
4.32606056360749
5.02260888383716
4.19923802611855
4.45470537746325
5.11129142194025
4.64255317686292
3.93208596040321
4.71856969854213
4.98705323813572
4.9233220491859
4.0593718725931
4.25809816702246
4.25355145731188
4.48886399883088
5.04622631280049
5.31691639956846
4.98256961817896
4.97443464124316
4.7271238612924
5.11669815408335
4.63323860814442
5.64081554387307
4.98374357285766
4.00181208954144
4.79933328703061
5.15344544940567
5.67557926559043
4.12355429211257
4.62342946307176
4.1655131736678
4.15549034411103
4.67509358195106
4.68659791319887
4.5563691685376
4.30251089481479
3.890269913515
4.73816420146031
4.49694340635948
4.77334264431122
4.96051408626162
4.92414459576483
4.13415045686535
3.99455879916669
4.77155111048808
4.52466573351005
5.9695896006342
4.39961361939887
4.0883370702524
4.91601464603188
4.48399375557103
4.89795875850338
4.76162787290229
4.61043381906735
4.20631667852053
4.7184001525941
5.34657834507267
4.6166762936121
4.78200794645931
3.91258226750569
3.84901286046176
4.27725379186225
4.51411120820035
4.51365705387549
3.99673616842543
4.86290036912129
5.55686962236834
3.76045210047941
4.15942303691269
4.87086234664869
5.45637242130704
3.86914719285788
4.04382244911915
5.23314437026154
5.54971170422392
4.50709440770881
3.62296839621877
4.41501981875506
3.82473528495764
4.44862900228823
4.11881050790152
4.85207172247072
5.07459357978548
4.13381180026377
4.63088544449115
3.96585425854254
4.37165872410004
4.14655278514575
5.03417321910957
4.56821628209523
4.62788288529431
4.53079463229134
4.79935412321283
5.44774265177789
4.73714048767819
4.63911629515795
4.98218827424255
4.20179723451763
4.02728196181991
4.66476151587624
4.82746310187867
5.02359433075562
4.97680620478636
4.16469686772039
4.50936802667513
4.07600294406174
4.41332074519856
4.7752068018045
4.32897216438267
5.21570704698797
5.37109858408873
4.16892072364059
3.9456938553314
4.6324075813771
4.68422885862764
4.60348780817328
4.68844323843213
4.91421407755096
4.98985971746701
5.08379779298902
4.88960121073283
4.14113511008757
4.16394044145687
4.6718518812137
4.22519822020222
5.53111200392832
4.43895257915648
4.20988123347916
4.08744418922143
3.53339779815407
3.96879074782231
4.27883161622422
4.42031673073322
4.45005617942066
4.37749928612216
4.25569030828137
4.39154870176798
4.20717244714309
4.09491147645465
4.11545866216635
4.26559491747634
4.69722258361258
4.75683718451662
4.57702960444872
4.26360176376734
4.59847800908083
4.91776371941556
4.38142670827665
4.55900208378983
4.84350080004123
5.04358999126614
4.7356520142426
4.22061606877479
3.79327035682932
4.97249434388819
4.30468349591465
4.34302889697962
4.50693909432999
4.29163139144079
4.66164134184517
3.81062986919486
4.70660174648334
4.64441600203944
4.08031861501035
4.63782276504827
3.87954894285405
4.11842202791312
4.95670253293457
4.84116721462913
5.95496431559417
4.2530812359982
4.60236895522295
4.42978554785669
4.29698731671389
4.72191698359893
3.83202296444058
4.55835496643252
4.28393510688479
4.84555466381301
4.3237252456649
4.07413794562727
4.16857289728751
4.57622114850233
4.14002415451891
4.37357976947946
4.921524154162
4.09328718757919
4.47087239808966
4.24165062210456
5.0336467893566
4.97030180170178
4.44609941409321
5.08022637290899
4.36510022794437
4.42275931970077
5.07465269747596
4.16028845153795
4.29135176838254
4.60270572598336
3.75555588428664
5.00157975043885
3.84419042192241
5.10426292426243
3.91088225340523
3.99838717484938
4.61932895559517
4.79399624530516
4.76307673673226
4.53997797351485
4.26927394295564
4.54287353995244
