1.09393109994261
1.26385329195565
1.12099183134657
1.47826611323448
1.11505997451823
1.14357894415683
1.06552395359041
1.26521413852948
1.30372285276082
1.19442708381606
1.17535294596334
1.02181249904115
1.10896449096489
1.07427092349062
1.06714873024357
1.08535117823237
1.15221250783511
1.47342358275111
1.13395469529983
1.39636838201159
1.31292521549125
1.24188373853147
1.43995028023069
1.51850077157144
1.13944151471324
1.09022720802037
1.03211016098909
0.991305625608333
0.990951288120608
1.28301461127093
1.04091021774959
1.16863449393433
1.18916054869619
1.09779006698929
1.03238081804129
0.983352788940249
1.14736586063403
1.0317316749051
1.07446032367996
1.05290762040911
1.07813451672159
1.13278207196088
1.18659288574816
1.11777274083891
1.18342405015686
1.07578466194779
1.14072887903131
1.06509107105572
1.09148021926362
1.04522344831791
1.2456556605278
1.04202851412693
1.01431127801331
1.06742862750196
1.16652984147817
1.07752645478002
1.17010066368353
1.55816538112245
1.05111264191294
1.23847611067181
1.22441441288374
1.09885874847409
1.03326525544403
1.254578856556
1.00058813293193
1.11920319554628
1.10343225584168
1.07613364782111
1.03204116068779
1.26528599652982
1.08429295900394
1.05116946388468
0.979924795745238
1.08953817976561
1.2295158219315
1.14411457840644
0.965707677546717
0.986609814438916
1.12305341164887
1.05698068989774
0.972485998748242
1.0455332471372
1.0709684594861
1.06811165057193
1.16490742415983
1.11516356848983
0.979995363829731
1.05002705653562
1.04933484458503
1.09736124955616
1.16464846145718
1.01571372997766
1.24251078522716
1.0791056568668
1.23369563359965
1.12031098718926
1.03263047546768
1.03117132091097
1.06060587300095
1.13111632312324
1.03827654962949
1.0446650712125
1.06551589156541
1.00751021750266
0.99957527301958
1.03985706690497
1.10003166870715
1.09340070095277
0.985147552656989
1.08674932736854
1.02768757040411
1.07178391985697
1.20253399709625
1.13914478759293
1.10218609318938
1.06316347087149
1.02740326623392
1.13311742405149
1.16714756224582
1.06719723614829
1.25580818031552
0.997864354049372
1.02622681490149
1.04606775136238
1.05335478294761
1.23288417406108
1.00491189920797
1.03619698052189
0.998839510495759
1.12637197245551
1.02043981362231
1.10965028100425
1.00070281143188
1.09514358678098
1.02923544602134
1.00084417278404
1.18552178253737
1.18064507519539
1.1048730449843
1.07726525901741
1.06628292345179
1.07472895078974
1.05618421027427
1.09123201941579
1.25831732909662
1.06402567706545
0.984094894720046
1.04539547176542
1.07116651598466
1.0571494192227
1.03827261204496
1.15119629951446
1.10020147745149
1.10491936719769
1.00236991642989
1.07451543322955
1.0382428355208
0.985994976265556
1.03470110857221
1.17412526064431
1.12373051785394
1.07132676434176
1.33250597282573
1.17922962540933
0.987037591521848
1.00248487861664
1.09304093881579
1.68484610726553
1.06753166570973
1.00975047448044
0.981303017061817
1.0369718597332
1.03097780006928
0.952428804132131
1.06839060872477
1.02491961179998
1.04708702885932
1.31679792956791
1.18846313077071
1.02208890501759
1.05637461327642
1.0722810719282
1.04827225227411
1.0178670412937
1.09335739582839
1.02443102496702
1.2071730167808
1.24656773574246
1.04498331081612
1.05732569290348
1.28557036686572
1.24836049693021
1.0456796220369
0.976509276428812
1.06476427701656
1.06776122071522
1.01371579690653
1.1394542617337
1.03987161617748
1.02273463799076
1.06094490974769
1.1048416315227
1.17176176567151
1.17483715258369
1.30486609024069
1.07573003506569
1.06462514278473
1.04771436977115
1.16085915511054
1.14208449523194
1.07795975924355
1.02557167593976
1.02308912414658
1.00424650852912
1.03022356557092
1.16116375445134
1.03102402005516
1.03565961253696
1.04658261022108
1.04312027079085
1.0289637878002
1.07875069377369
1.09020765378245
1.06068457528155
1.17307157919358
1.11845461875826
1.02093051003088
1.32099427620798
1.05378157629783
1.05049532584003
0.99387019335736
1.11596022333403
1.40703417042757
1.14259170888774
1.103139507934
1.23773393372638
0.990417629603594
1.05187173670419
1.11890689884654
1.13944766353169
1.21394021147625
1.0321971458741
1.04965009467354
1.00593995266984
1.1092608915509
0.982213487881087
1.21465179379951
1.08955962961432
1.00055410342314
1.12342219687767
1.04489033557503
1.06023619489693
0.993386179003417
1.05590969558065
1.35276826664026
1.01246580069841
1.04644281625168
1.07269157525046
1.06471424206919
1.01012584308044
1.21446001595311
1.03998475596108
0.997422197916769
1.06368266907859
1.11380895615179
1.09727164347156
0.999423274362409
1.03770178961902
1.11949996080657
1.1450634991279
1.08883750107546
1.20967928638161
1.20645734497901
1.05337129043349
1.01224146450946
1.07735970064092
1.04340237755437
1.00446625266227
1.04755773216193
0.996071753332948
1.14823955589377
1.16056966460958
1.09188965694623
1.02547838495091
1.09238570756905
0.967764700806806
1.08204947768039
1.02494999318806
1.28183068779665
1.10209556680797
1.20025295946444
1.16359099291784
0.980320962443913
1.08957830601931
1.1881599893638
1.11701004561458
1.00487533224411
0.98905400981045
1.07642912040892
1.01436219138818
1.085621909031
1.02260250856609
1.00280581816689
1.10582072677174
0.999283444266482
1.06716736953742
1.34181209977409
1.03737253839746
1.17079797828627
1.04824538223554
1.13861873530975
1.18251048229535
1.02619417457975
1.11011714555106
1.02152785717167
1.14313900127215
1.07328143664795
1.08039584222856
1.03143584976197
1.11786861639733
1.15852170113098
1.0695904628176
1.09990356187134
1.00868829728113
1.00079061831563
1.26140545346753
1.06213808101703
1.07943304488339
1.09727668657038
1.0861747855822
1.07237532242759
1.02936077547212
1.26053683935706
1.46423091704845
1.03114197399891
1.05350785639103
1.016976000756
1.17561850144832
1.05581580573548
1.2307813877154
0.997558601760482
0.987600935985436
1.04038292929186
1.15282467423482
1.09267816288728
1.04459478399122
1.12305983900994
1.07881327057179
1.05573718259536
1.00104984203095
1.05848412624364
0.98797121759796
1.16727847234664
1.03388598902117
1.0224149537113
1.0595787420533
1.01707262058731
1.02165009201355
1.25792049942836
1.04486808235932
0.974610894818251
1.21458169119079
1.04968680778743
1.04587133105035
1.03614316022693
1.03599046907586
1.01897627061447
1.09098344435365
1.08277627025994
1.31170623032025
1.16037251806306
1.27632375186666
1.14492215851461
1.20769368391945
1.37178685078353
1.06421094988982
1.13973296908896
1.02570699841504
1.04169459241536
1.32802905650426
1.30447785097149
0.966453532607156
1.04348784238302
0.986631579306186
0.995927460647109
1.00705058554023
1.11850919219468
1.05463657944636
0.992343248907912
1.14447096321526
1.07487793719224
1.02132254010776
1.04151115767935
1.13258379663948
0.994077175048745
1.00115302742367
1.05002107198157
1.10419701337125
1.10827701251993
1.18318679343258
1.04870108681935
1.02569075095371
1.12230183662273
1.10732869844011
1.14624848602991
1.08476916710047
1.04844526926486
1.12989130260885
1.04099550362935
1.03304048059686
1.01334607311803
1.19437711040297
1.06055635171007
1.22414017197125
1.2019121371734
1.38245503415786
1.13889772512303
1.05500182627654
1.06476272651436
1.26283729721614
1.06201577531928
1.06539121166377
1.0058194013868
1.09295444019724
1.05260652972504
1.07165419361452
1.07561418160067
0.998569271511988
1.01900212717915
1.05329935570658
1.04834559899639
1.24533825601319
1.37321087887224
1.06958300245966
1.02368172136063
1.09516772046471
1.05860669533775
1.16551924733588
1.04785902583412
1.02349442170722
0.997496600170792
1.03835041817519
1.09926952720523
1.08177610458504
1.05816880645408
1.02409777133474
1.03398220209188
1.05266356050876
1.00029475102752
1.25261280070442
0.98854789583758
1.25562726863933
0.976672931017559
1.04663755314692
1.0260927745147
1.08260028060922
1.0409662962843
1.07994572962241
1.00414545987179
1.20394191641825
1.11014285119922
1.03427948459129
1.0412408372841
1.11581257605149
1.15745488668095
1.17358419438876
1.01577688912301
1.11042091452657
1.23700551631728
1.03411524994192
1.06101698418248
1.07618770675637
1.12068856527177
1.0766958371676
1.17482985216925
1.00661627133795
1.0471558996047
1.04761123606311
1.04979690840364
1.10298659717412
1.06109938907219
1.04197659242926
1.18148451067251
1.1737099838053
1.21033006609415
0.993169272060684
1.44855477953101
1.02521350302888
1.00887613240606
1.14331545055598
1.22373683712461
1.04745210737014
1.09643568385103
1.03338477241408
1.11048732018908
1.01580298754695
1.14120074272376
1.01588525253658
1.05876082419412
1.1211128324131
1.06285187935084
0.976330997233597
1.2082896505016
1.218700051524
1.06005902359221
1.07376061336782
1.20442908837793
1.06986545020774
1.10055794684793
1.0948015270538
1.01683165438763
1.07426447935027
1.04596130804704
1.24347834085319
1.08615482221487
1.16964914284502
1.05034546571279
1.02191664205254
1.10660009167458
1.10414823899192
1.04797699819637
1.08319728495764
1.14555033204208
1.07785437740707
1.04018190280194
0.987140867186844
