0.605914562851778
0.888097039106559
0.935004464390562
0.911549730968875
0.919592978594554
0.634104639745431
0.75783758149498
0.882468345202868
0.865549881379026
0.903967799730364
0.861707047823575
0.382650953169315
0.627142457697906
0.853981096947235
0.746487980655139
0.871530539034229
0.876953401989373
0.909636658613944
0.830918859753434
0.846684738137589
0.875462743689053
0.891750621990231
0.897694029077669
0.91728343659364
0.826501915240459
0.869423319429834
0.851198751100937
0.173343610786695
0.426312210723123
0.918719859628339
0.770779507519271
0.938017560927864
0.968015792714225
0.784980718297447
0.352832107878469
0.403354291878003
0.891511223919329
0.477059477461668
0.718288610474613
0.322158203620441
0.899270589259997
0.508801777234932
0.88058011755083
0.752659935768525
0.914881749048795
0.794860048913595
0.710136350450457
0.783562860008484
0.880711465635944
0.810860798245926
0.911333715741396
0.726664660805237
0.448975792237443
0.482307757190756
0.843715377287912
0.803858762669118
0.914447150410273
0.862075817300556
0.732479900697273
0.91562842580683
0.934552593794609
0.859174063455147
0.411577431822571
0.880856337356843
0.0966209877768678
0.80577139577678
0.731932710215936
0.861421330101357
0.465910415997481
0.977992922652519
0.767180917789818
0.663978123926197
0.0656748820691004
0.930578652388361
0.922778938337579
0.663119625630412
0.55479712819436
0.324333426267503
0.903577905427584
0.174487500554967
0.0629753403997044
0.833157123159518
0.678034985885996
0.821887363577876
0.906647478220057
0.680277165472286
0.267585742959983
0.896532764669758
0.888637857706116
0.876505638748743
0.919601131764871
0.0815260109597084
0.911775835047718
0.727908303642445
0.950424258428181
0.769485975185372
0.588087471567891
0.322549795273954
0.886274476984615
0.939315896944405
0.561435887724527
0.741277835499073
0.818887535459655
0.0312099811538833
0.668740019492677
0.681803482371669
0.441997922654885
0.537982464051886
0.405755614053022
0.857121734985055
0.455826423448187
0.416580044569951
0.853853451823593
0.912126138471201
0.752654952526644
0.552412817164648
0.289709458186394
0.845873244034255
0.969437178024585
0.84049407463952
0.84192984327903
0.619230129311541
0.317776348173864
0.760508180027654
0.726160712650827
0.863942492806118
0.530530776002717
0.666789095827328
0.0513653138533161
0.861971346117433
0.532079703913972
0.8912781737922
0.0127996531134636
0.904600490979753
0.719996367291831
0.525526850379974
0.784071176262626
0.91558711815609
0.887882968070427
0.855310058298361
0.514762242732606
0.859728282485628
0.791827739999998
0.744870401872545
0.976117584561776
0.873636150942706
0.588702114128353
0.695367076290971
0.629588806938285
0.782639473843867
0.549472965970443
0.88305116473125
0.865090605160714
0.88941686662735
0.208196125361242
0.783181351681193
0.710684109625444
0.0193955715182789
0.123184667128968
0.913577618280945
0.878430586332538
0.348460143119885
0.888338321257582
0.846005500822719
0.207232898159315
0.594468393029402
0.878737755551858
0.855085499103173
0.882715384733198
0.806735620781835
0.492410468403692
0.509412910227916
0.872768256014983
0.0724451622820385
0.62776460353753
0.603153529338281
0.486164340339358
0.885436993011305
0.915626233963062
0.734725265080037
0.66395468736049
0.628308954828171
0.361704302309837
0.667562727401532
0.899215826392382
0.306348038073083
0.914889301257409
0.892134101692148
0.735269996047668
0.73257856902535
0.801648197699459
0.889085735646194
0.880488044473633
0.645213264539773
0.731641993217611
0.952856757167757
0.824044578364007
0.850305992147562
0.26964813834266
0.68949134238019
0.902063825992812
0.55274792981231
0.720936188172209
0.598688092879934
0.888147246942837
0.669306340171235
0.508178881306713
0.898266478315965
0.869875078233487
0.796101051915092
0.755064760279756
0.692056097005127
0.774806894567578
0.82768932876605
0.362624755549085
0.874783271388056
0.663246064733804
0.498628960127321
0.809846741456021
0.0472633750588762
0.783011730136708
0.641732010016155
0.856546654708026
0.686770673160539
0.869804974487534
0.877742496448469
0.388345090501247
0.925057203904535
0.525571465988232
0.778550410636195
0.00968583520820543
0.876257201136077
0.879131744781664
0.578236141229805
0.886858911672362
0.966534386244823
0.456663456185198
0.527942558996123
0.586288098637352
0.874808015806766
0.875322949695246
0.239225207726481
0.862460001451965
0.512373764262831
0.886591196755605
0.0972098844470338
0.908483275293002
0.801102500423938
0.618685912318931
0.930121585290087
0.723010886332763
0.687507240510649
0.465313000389926
0.886142432373717
0.931780470009246
0.716704639204825
0.570563395580109
0.854631681740428
0.73746605662497
0.443038860509949
0.909946242412922
0.546699059260725
0.646611988239404
0.875411358391283
0.862322829271752
0.584150408100607
0.584978366298834
0.761758151618728
0.950724641556856
0.903985491761537
0.745339265438555
0.882168991955676
0.902479638265089
0.772342600807027
0.654767027953837
0.611766501625325
0.881810909701692
0.67732217575021
0.855507221102403
0.130662230183192
0.867976262105902
0.766379457553847
0.867564894492643
0.868661365388563
0.741156907253193
0.0723163841079693
0.714274090584529
0.252057073916166
0.909640462402108
0.850076317911974
0.887090755902347
0.818726530514459
0.567048447642138
0.712465418297585
0.906508818419679
0.810015147705932
0.700407481782476
0.660907985420597
0.835560907918177
0.0504256644412528
0.517222862560847
0.385308807760209
0.620621350752274
0.559121737481895
0.325060199293696
0.777192394633518
0.896114942956833
0.452701352374783
0.836725321604056
0.588898586928181
0.93979558204462
0.654467515799305
0.826938230275601
0.747782910231652
0.545780312657443
0.914742169704724
0.775101966653968
0.885674016024755
0.456988664789584
0.877550299793
0.885272289974222
0.859724676734025
0.799679656226379
0.429671697438143
0.57438641251599
0.848389926750885
0.66831918416064
0.654085786000992
0.782982540145474
0.869673416922313
0.47050996989808
0.779190886138777
0.882853694111087
0.849781741851379
0.306371963619801
0.871716663349422
0.446277786214322
0.910113837635675
0.688684352219483
0.918653401371963
0.649906746366557
0.408609289723149
0.320679609012847
0.763016326782271
0.846418512563567
0.679740453852341
0.533864514334724
0.818540159911086
0.695714492491484
0.624727510975138
0.870228566776453
0.439850823037865
0.901169163558528
0.664107543754192
0.597667168584365
0.475502457974685
0.351029106204949
0.869773036845687
0.936819473170387
0.936168600804638
0.41406411888748
0.907007262724478
0.723793142476512
0.61007316498355
0.446023688288385
0.646337865736372
0.588809969432033
0.842465198689312
0.533947153310409
0.929531742643903
0.884096998296428
0.885372173963177
0.892668662578778
0.883081999845669
0.868281069185035
0.782930825739304
0.932117215024349
0.465755281809818
0.647692935571296
0.875076608834744
0.928055082376158
0.366524738312609
0.577593286430178
0.615548640529583
0.00338124863663447
0.600953004426986
0.797615456465617
0.747626771576364
0.329922667065883
0.881138619858408
0.714393608110654
0.125739985903607
0.488967705097254
0.869658218692882
0.553991180877884
0.357258394817652
0.762534589580174
0.675932078219853
0.853755869930058
0.899679328448303
0.455004562960022
0.643829096454895
0.854544055148074
0.94174027874684
0.894027935246595
0.680525746381206
0.780165365542384
0.809676338915402
0.579629534288095
0.195708639640541
0.622596377889662
0.899449991407111
0.729952767738458
0.895956703612627
0.802611852688404
0.921989019539963
0.958221288521803
0.920169081033991
0.733168101832906
0.885156083848551
0.904140541270409
0.78525534514417
0.622615559196664
0.829226372712902
0.886092465416595
0.659325238092864
0.871271765778367
0.342525000926284
0.821814336143998
0.783189648566125
0.564807867805662
0.879658379043509
0.918682350382228
0.787833514460087
0.63333307189349
0.853748258618596
0.797655367338896
0.846414413624844
0.50564004886841
0.715645210184824
0.488704747595637
0.344574977427812
0.88264391861918
0.794743882119266
0.535629485906224
0.375985583267553
0.653611097716842
0.859838092269761
0.626460125480231
0.868859915562649
0.729323488155675
0.857997837006661
0.629235439127742
0.449040790654047
0.26480131017019
0.563073975917411
0.681516124396405
0.37221023441825
0.933786139515474
0.878249387760835
0.881403113160786
0.756120076171672
0.529789978049833
0.761701088944518
0.626872784839676
0.721483265828435
0.31596542228231
0.884575941803206
0.898989586588296
0.801840406577807
0.904675604779631
0.927071416170356
0.970397702704618
0.713657326395815
0.933240044312008
0.341702554986188
0.709235103540021
0.869371892923692
0.82766999094906
0.862108191101824
0.770272709442855
0.51097763568894
0.895761504368767
0.838195642007165
0.910473274266212
0.260755540146262
0.89966971227795
0.565206602355176
0.83635481542334
0.918289262401956
0.870867776563444
0.433191278536259
0.890572852929133
0.587561684293988
0.654292031005846
0.712790470910847
0.754247048825108
0.551318064675296
0.592784804259475
0.865837214948267
0.730688260937297
0.229976292804523
0.884528736572862
0.937587310157566
0.806990835560649
0.538615600538255
0.810314000150321
0.637729208702448
0.847498460845669
0.633678128008289
0.815050286498733
0.795122389371377
0.288400541833245
0.931340454272278
0.737670656410457
0.895250088955475
0.367089683250063
0.206608288300598
0.751354445405557
0.833887247842918
0.761002769342779
0.817007231498065
0.910225100179464
0.593382394540378
0.435523480692806
0.0757333856577952
