0.0
0.0
0.7563073645116508
0.0
0.6541652180274623
0.0
0.0
0.0
0.0
0.34025982974789243
0.0
0.0
0.8378349011868611
0.9338610333304487
0.7875384405394297
0.7817089639217836
0.0
0.38929575201603905
0.815943863182377
0.0
0.0
0.24708307629880333
0.0
0.280825134096291
0.5189567652039233
0.0
0.8082123492099809
0.40017174483648293
0.0
0.0
0.5951493797002745
0.5093034814946062
0.0
0.48734590184698656
0.0
0.0
0.6169998101252477
0.023634954297113354
0.0
0.6891150308910553
0.0
0.5462878516839849
0.0
0.6913658252839554
0.43728381496099755
0.0
0.20114809093830074
0.0
0.7342069874367254
0.2786824166714673
0.0
0.0
0.5116190488364294
0.6999068220700477
0.6679674014925914
0.0
0.0
0.0
0.0
0.18256915413641078
0.0
0.0
0.0
0.0
0.0
0.0
0.0
0.0
0.6289332435413938
0.0
0.09329833845542775
0.2661004256465443
0.0
0.0
0.017554330721598926
0.0
0.0
0.46557626161252574
0.0
0.23801660087688886
0.5110498986883092
0.0
0.0
0.0
0.6806621816152921
0.7545629137346994
0.01592596848543293
0.9463699423469281
0.0
0.21257680568876414
0.7213348319466005
0.24062392033229518
0.47618308948860294
0.6816230427308795
0.0
0.0
0.027059608797422096
0.0
0.0
0.48746170784732695
0.0
0.9190986964106849
0.8706101404516796
0.0
0.0
0.893029139770402
0.969380610644022
0.0
0.0
0.0
0.0
0.0
0.612110076555535
0.0
0.0
0.43144265445949925
0.0
0.0
0.7864240532082718
0.8552720420737632
0.9753716312962758
0.6524910718536262
0.6574940930540837
0.0
0.08538253698384712
0.0
0.05929484011092842
0.35092974137374033
0.0
0.2570840516192861
0.0
0.0
0.0
0.0
0.764478918101602
0.0
0.0
0.2531888193326118
0.010825544277052205
0.0
0.09121691833585437
0.0
0.7071816982562671
0.9770190068103316
0.08690757278857204
0.0
0.0
0.0
0.7328819302410428
0.1723164571882059
0.16731052935668908
0.23696289255433928
0.0
0.0
0.0
0.09791150655276282
0.0
0.1757515560015743
0.4046094040396074
0.18396695221138817
0.37215946597434135
0.3612838975680162
0.19821519884292696
0.0
0.0
0.2539326198814189
0.7508816764934726
0.8302840830977924
0.8514344561609842
0.0
0.08265720352436798
0.6078496607952666
0.0
0.0
0.0
0.08968336420163202
0.0
0.3272365074519406
0.0
0.0
0.0
0.0
0.0
0.0
0.0
0.19850537385025138
0.0
0.0
0.0
0.6066472728995119
0.6316621598575888
0.9409266851868503
0.31093714333292194
0.6341004620518379
0.0
0.0
0.919457154300113
0.0
0.7484918297788
0.0
0.4584712241331889
0.0
0.09321731342757841
0.0
0.0
0.2792734038962572
0.0
0.9709131206140691
0.754508997150852
0.0
0.0
0.6617429728931856
0.6387948299709149
0.08033181844421461
0.9439623943876778
0.0
0.04364940970171817
0.0
0.0
0.0
0.640602045080899
0.4529855345050844
0.0
0.5189290507100252
0.0
0.0
0.1567947893695242
0.6553967560360973
0.5152153678739859
0.0
0.7484070811506949
0.7035352891911518
0.3393323068705644
0.0
0.0
0.0
0.8585323964233508
0.0
0.0
0.0
0.0
0.0
0.46530914053189665
0.0
0.2841525248469867
0.40967642795004594
0.1472010955595985
0.6689034530189062
0.0
0.0
0.0
0.0
0.6961264249650788
0.0
0.3184320317559416
0.0
0.0
0.0
0.0
0.0
0.5034333628988246
0.682930398393875
0.0
0.014600519183614366
0.0
0.0
0.0
0.025371573539453345
0.0
0.0
0.0
0.7130737361317048
0.0
0.5077497534342437
0.0
0.3174340554375063
0.0
0.0
0.0
0.0
0.18008215076424552
0.3512057280489242
0.0
0.0
0.0
0.0
0.9853970582160034
0.2035225374631643
0.0
0.9372307065370075
0.0
0.8335399580175294
0.0
0.17258881887794333
0.0
0.0
0.0
0.0
0.7931939335459418
0.0
0.11714265465844255
0.0
0.32947867757595845
0.0
0.0
0.5719297368599332
0.10659108406506392
0.0
0.0
0.0
0.5266505008933873
0.1022419975962658
0.2602858919283248
0.6251551198271535
0.0
0.0
0.0
0.1581084989481835
0.0
0.02893174685622282
0.0
0.0
0.0
0.0
0.0
0.8054946361439641
0.4887721065037981
0.5990390483639312
0.4308842987897442
0.2508069074618954
0.0
0.4240738174171383
0.25549433729954174
0.04584881621770591
0.05472413088240115
0.2151687022262623
0.0
0.18120468409647866
0.0
0.30653416452390086
0.31031897209947157
0.0
0.0
0.0
0.0
0.0
0.3332161900458033
0.0
0.0
0.0
0.0
0.9721908662911042
0.0
0.0
0.0
0.0
0.0
0.0
0.22633813860633606
0.0
0.6751101940469035
0.0
0.0
0.7706359403851486
0.6089086552110123
0.0
0.1462393297850383
0.0
0.11186513959685733
0.0
0.7286268920743223
0.9244846569383447
0.0
0.0
0.0
0.36731320265705186
0.5666209130059371
0.9851832932949389
0.0
0.0719221102721237
0.7650193349579956
0.06291121126046738
0.7802590126227715
0.0
0.0
0.0
0.0
0.0
0.12159774730325949
0.0
0.0
0.0
0.19564104095365187
0.8439112372589459
0.0
0.0
0.0
0.0
0.0
0.0
0.90591436702228
0.0
0.5790386436540537
0.8488537526462904
0.0
0.3760178176920344
0.0
0.7188095713524447
0.0
0.0
0.8836700421571577
0.19754370286988324
0.0
0.0
0.0
0.0
0.7095054766797672
0.1970596883883444
0.0
0.0
0.0
0.8350185563483821
0.0
0.23037457681088422
0.6443474045114578
0.4583281719262871
0.0
0.9010399361209451
0.0
0.0
0.40889598688369927
0.7571450606804856
0.3624661951700096
0.0
0.0
0.26810042421532126
0.8443118877147553
0.0
0.0
0.0
0.0
0.0
0.0
0.0
0.0
0.0
0.0
0.0
0.18327868328572833
0.8008986225317789
0.0
0.0
0.0
0.28447626861274977
0.0
0.18396738893679937
0.0
0.0
0.9557480278985722
0.6180821460645937
0.0
0.0
0.12799845398862478
0.0
0.0
0.0
0.7228123110400454
0.30865005319568334
0.46698222495344194
0.029912366530909337
0.0
0.0
0.2547200172495985
0.0
0.822739656412476
0.8796224727887352
0.0
0.5048583633780931
0.7538380686062401
0.0
0.6761219554915393
0.0
0.0
0.0
0.0
0.0
0.630180965394571
0.0
0.0
0.0
0.0
0.0
0.0
0.13274473492262512
0.0
0.0
0.3292031540153385
0.0
0.8319003842152207
0.0
0.8892971088725881
0.2254036663624574
0.9638346943305545
0.4944479587018267
0.0
0.9082217353006907
0.0
0.0
0.0
0.0
0.0
0.07229077836720578
0.0
0.0
0.8712398543605893
0.0
0.08356737679043649
0.24846088491227616
0.3443381334496941
0.0
0.0
0.19412958056050297
0.0
0.0
0.0
0.0
0.0
0.9670226472514992
0.0
0.7493587683833866
0.0
0.0
0.3207601938580489
0.0
0.0
0.0
0.3259171678003638
0.6054296235200498
0.0
0.13548235391558244
0.0
0.0
0.0
0.011114015352010771
0.2811560928733959
0.6404783526858918
0.39832559738444634
0.0
0.0
0.0
0.0
0.0
0.019154138389670918
0.0
0.0
0.0
0.341987949640095
0.0
0.06552366883849631
0.0
0.40577091476686356
0.3711309461567359
0.0
0.6925346150033179
0.0
0.0
0.5445254871633038
0.0
0.31064588572959023
0.0
0.005678854640814704
0.0
0.1302614250046233
0.0
0.37391091759205713
0.1751639435846465
0.7713333752870203
0.0
0.6094085137611427
0.0
0.0
0.8418246768784318
0.23025553566534707
0.419147368761871
0.0
0.0
0.0
0.4188334519601592
0.9209305365844771
0.5675520730276403
0.11598468164533576
0.3831797218003985
0.8546633497251737
0.0
0.668363200572221
0.39543337452265126
0.08571704863817531
0.0
0.0
0.0
0.0
0.0
0.7479376327887189
0.0
0.9614725005881606
0.0
0.7284486302232049
0.0
0.0
0.2781674626561215
0.9186941811480549
0.0
0.34153218631019927
0.0
0.0
0.660495271420184
0.0
0.45150251934543983
0.16848670446844569
0.0
0.0
0.0
0.04286131993720275
0.1296014613322003
0.0
0.976984898053046
0.028925906968832252
0.17179546635685855
0.0
0.0
0.0
0.8877408708362982
0.826799722155962
0.0
0.0
0.0
0.0
0.0
0.0
0.9897125242644527
0.0
0.0
0.5572281040960102
0.0
0.0
0.0
0.0
0.0
0.35807312103387057
0.11850948258124562
0.0
0.0
0.0
0.0
0.0
0.0
0.3237568787917386
0.0
0.08220157394192018
0.0
0.0
0.0
0.814796943295878
0.45368917139857445
0.6154162512511491
0.0
0.3456021948267415
0.0
0.38537190813162064
0.8775833541276896
0.0
0.4698264790270805
0.7131222985067697
0.9490754357673874
0.5832639917235434
0.9369665851081791
0.0
0.8603755284213411
0.0
0.0
0.0
0.07716609583202075
0.8969800630302072
0.7869354609831691
0.0
0.0
0.0
0.6030324293724786
0.5882985729432962
0.0
0.0
0.0
0.0
0.0
0.9492520626996436
0.0
0.44120781655609165
0.5997429827899815
0.0
0.0
0.23220641093115554
0.0
0.0
0.6158003647607337
0.0
0.0
0.0
0.3460716656388827
0.0
0.0
0.24726195931189726
0.0
0.0
0.0
0.0
0.6171308305036822
0.40956506224821854
0.0
0.0
0.6407272754866261
0.40900100630730296
0.7187725783076129
0.0
0.4098052313949361
0.0
0.0
0.0
0.0
0.6069485553616117
0.9038571568082218
0.0
0.0
0.0
0.8889934924710399
0.0
0.868703900977528
0.6143601336215543
0.0
0.0
0.5701877359460384
0.0
0.0
0.0
0.0
0.9114358085455998
0.0
0.7597076037078774
0.5796824085307207
0.0
0.015408905446645603
0.0
0.5918455614694778
0.612443016695906
0.24686431289688673
0.0
0.0
0.0
0.0
0.0
0.0
0.0
0.0
0.5929207100918754
0.0
0.0
0.0
0.0
0.0
0.0
0.39211988521916336
0.0
0.4585774650127677
0.0
0.9305800076767606
0.0
0.0
0.0
0.0
0.00553940649870643
0.8873797924235305
0.6794042593660626
0.36993405723304357
0.7909130955889709
0.1905609772132839
0.35580717608735096
0.4323021929881344
0.0
0.08548582572668544
0.0
0.0
0.0
0.0
0.6671397891888544
0.0
0.0
0.1898031183583684
0.0
0.0
0.0
0.5313749480155453
0.735002631801952
0.8082630579604558
0.10485045230981636
0.48869157367981214
0.0
0.5597207105447334
0.0
0.044464906019384916
0.5209139134948982
0.0
0.0
0.07478677081668306
0.0
0.0
0.0
0.0
0.0
0.0
0.7709274760507493
0.0
0.0
0.0
0.0
0.0
0.0
0.33886845220754935
0.6961520963980545
0.0
0.0
0.0
0.40561046176821636
0.577046752504011
0.0
0.0
0.7416099088077055
0.7072175736119191
0.24026072582443223
0.0
0.17533328679750063
0.6987504952980561
0.0
0.0
0.0
0.3468244155960109
0.0
0.0
0.0
0.10248789817749945
0.0
0.0
0.0
0.7448461833705965
0.06306255583977646
0.0
0.24292007501609755
0.16488388643644566
0.0
0.40088882690276
0.0
0.8902224480506773
0.0
0.6936518313376471
0.0
0.0
0.0
0.0
0.945403733929672
0.0
0.0
0.0
0.5211603259056695
0.6104773756449441
0.6954655274099392
0.0
0.0
0.0
0.32501392275769414
0.0
0.6968135518833376
0.0
0.0
0.0
0.5689434382475658
0.0
0.0
0.2381688351945562
0.9284173265982878
0.0
0.19172934768052516
0.8034850757698775
0.24996145338583772
0.7746700831656832
0.0
0.0
0.0
0.3121863536398343
0.0
0.91426560945967
0.6241582734871518
0.5597898238634309
0.0
0.0
0.009429271544415538
0.0
0.0
0.07431095403769555
0.0
0.0
0.8428020255295072
0.0
0.0
0.3113256551869815
0.0
0.0
0.6993905705661977
0.0
0.0
0.0
0.0
0.8043829597812099
0.0
0.0
0.8666573978946511
0.0
0.0
0.0
0.0
0.04819062157969322
0.0
0.0
0.0
0.0
0.518618570940294
0.0
0.3806703037188199
0.0
0.0
0.0
0.1810343378342512
0.0
0.0
0.9389874943988691
0.0
0.0
0.0
0.5168878959704176
0.8468222033599203
0.0
0.13179678695111902
0.3462054673590024
0.19311694355276154
0.0
0.0
0.36745947227390424
0.0
0.0
0.0
0.3750324651880105
0.0
0.0
0.0399727229363629
0.0
0.0
0.0
0.043165045045158223
0.0
0.36073862110359883
0.6296333822898745
0.8485332784053856
0.08192865607443167
0.5931010588198737
0.0
0.03540236447953656
0.43649074978708163
0.7541283862957159
0.6060922426704121
0.0
0.0
0.0
0.7085582231246379
0.0
0.0
0.0
0.693642149160627
0.7854341760946632
0.0
0.0
0.0
0.0
0.0
0.7553245253721802
0.0
0.9447122980091825
0.0
0.0
0.0
0.0
0.668171526382351
0.3801095667524074
0.453598264629041
0.5166779806357991
0.0
0.0
0.0
0.0
0.0
0.0
0.23563284159895326
0.9058674837557145
0.814630165479306
0.0
0.6249600437017019
0.0
0.2680148345632122
0.0
0.15683558264299532
0.0
0.9487470712924336
0.5551161146325206
0.8227705838425656
0.0
0.0
0.3981544667574
0.0
0.0
0.7362943581376225
0.0
0.4711933497320463
0.0
0.0
0.0
0.0
0.0
0.0
0.32817590994960105
0.0
0.006841317211260775
0.23344493418199286
0.0
0.09958650716267799
0.3232900601185391
0.0
0.0
0.0
0.0
0.6674424779350436
0.0
0.0
0.23467372732344471
0.0
0.0
0.23253198256448238
0.0
0.2227627711099584
0.20976991618511737
0.0
0.0
0.7027818528637435
0.0
0.0
0.0
0.3947957981273162
0.0
0.41459898354773456
0.19043670391473752
0.0
0.11037530118947134
0.0
0.0
0.0
0.3268218894865351
0.7764708818587996
0.0
0.22059137883811195
0.027441076126797945
0.0
0.0
0.5364024138606288
0.0
0.0
0.0
0.0
0.0
0.0
0.6636461533191834
0.3552173512754167
0.0
0.0
0.3139544236893117
0.39970968592136935
0.5118352780074612
0.1423339751283347
0.17603616984683038
0.04087380764418141
0.3783325221081329
0.0
0.0
0.0
0.8530504540692166
0.0
0.0
0.0
0.22280209057478817
0.0
0.31449877280175537
0.1431489454811909
0.8228654192799237
0.0
0.0
0.7536969157181485
0.27331148927861815
0.0
0.0
0.0
0.11406459525040154
0.0
0.0
0.919548298090685
0.0
0.9000306302765386
0.300159544930179
0.0
0.46897242602784583
0.0
0.48486093290720883
0.21214039584807637
0.21876785827660736
0.7419991822580843
0.0
0.0
0.029259072782877545
0.4877625487015528
0.7777103095672329
0.9090150908212247
0.0
0.16034679826155873
0.10474829208936788
0.0
0.7213773677045405
0.0
0.0
0.10577425027761371
0.7735387188929607
0.023055320145728316
0.17739194330438124
0.0
0.9153296658483409
0.07409263300236246
0.0
0.8084021221358848
0.4463275485705682
0.0
0.0
0.8085338743872267
0.44428319273238953
0.9088875151265237
0.0
0.0
0.0
0.0
0.0
0.0
0.9790417405420485
0.6623075758918299
0.0
0.19621501330976565
0.0
0.1899580037320961
0.39169445389581864
0.0
0.8612091058179581
0.22352442698738847
0.7381766544033964
0.7485592489920363
0.0
0.8114493742179215
0.0
0.25390007232470846
0.0
0.4610671632042873
0.07461415938116873
0.0
0.0
0.6279149397757147
0.0
0.0
0.0
0.7055409555839289
0.0
0.44108971124820456
0.0
0.0
0.0
0.10799362499137073
0.0
0.0
0.0
0.8973628103338117
0.0
0.0
0.0
0.0
0.0
0.0
0.8465032050073653
0.06240330392117978
0.0
0.7673632015452061
0.0
0.37117956476820146
0.07927378130374664
0.0
0.4347402709300174
0.0
0.0
0.753785360670461
0.6480236768221102
0.5206547014654423
0.0
0.41552014482003025
0.0
0.0
0.33534784484004737
0.6405367638480731
0.0
0.9536804854922943
0.07111719301085521
0.29235436702131895
0.0
0.0
0.0
0.570222856398179
0.6996266136514261
0.18068632256099593
0.0
0.5473386293095623
0.6166680768407248
0.0
0.0
0.008912234817618093
0.7799341095008115
0.0
0.06471713224104239
0.0
0.0
0.09244080986825261
0.884596838419019
0.0
0.0
0.0
0.0
0.0
0.0
0.0
0.3673623455199236
0.6643061643005187
0.6657067544157301
0.0
0.0
0.2982448936252914
0.0
0.13523946666853745
0.0
0.0
0.0
0.6627874035222145
0.0
0.0
0.0
0.0
0.0
0.01770044575231649
0.0
0.7231539216144917
0.8106458478513738
0.47204707659438433
0.40236134054916706
0.0
0.0
0.0
0.8697914523757452
0.0
0.0
0.0
0.0
0.0
0.5346677463262945
0.14309734456471374
0.0
0.2433134986235595
0.0
0.0
0.5855227477484141
0.7707544905922954
0.0
0.8956487229813481
0.5689718072950009
0.6842481487253196
0.0
0.0
0.0
0.5003857894368345
0.0
0.8735559237849972
0.658365481880883
0.42789666220159833
0.0
0.3825137316858767
0.0
0.0
0.0
0.0
0.0
0.0
0.7430032260916776
0.0
0.08400839085241378
0.0
0.0
0.0
0.7287691875385801
0.10527183572163594
0.0
0.2315937988362334
0.0
0.21300183658245314
0.0
0.0
0.0
0.0
0.8072109318497543
0.0
0.0
0.80421753015281
0.0
0.0
0.8623144243925048
0.7850160059801355
0.0
0.0
0.0
0.0
0.0
0.9994011374776105
0.0902334248303632
0.0
0.7701470743305954
0.19865002658094497
0.0
0.0
0.2428384478781519
0.0
0.8803267055157356
0.6423923087377001
0.0
0.0
0.9195482581596449
0.0
0.0
0.0
0.0
0.6677423750242752
0.0
0.0
0.0
0.7340597691996696
0.7689969085766987
0.0
0.0
0.2162291611096876
0.0
0.0
0.0
0.0
0.8541156114546536
0.5182484630047679
0.0
0.9600035805256445
0.019542964750676947
0.0
0.0
0.0
0.45071469452470747
0.0
0.7821975141868328
0.0
0.0
0.0
0.0
0.4637838092333725
0.2622028141147363
0.0
0.0
0.6770158790567734
0.7825131696807325
0.0
0.0
0.0
0.3692415539361488
0.0
0.0
0.4869565917862249
0.16908456225014257
0.0
0.0
0.7829706504924645
0.550139814111515
0.0
0.8448138431429344
0.3970390258283383
0.0
0.007069796854414434
0.0
0.32392283650006587
0.969766678603565
0.0
4.3868973795697626E-4
0.48836222208346897
0.8163704693765421
0.6370144749589011
0.0
0.0
0.0
0.28426001087906655
0.0
0.0541296314691596
0.0
0.0
0.0
0.14712162045426241
0.16385689548555102
0.0
0.0
0.0
0.5402538695680311
0.31418106577393995
0.6965895913106435
0.0
0.40543467130682687
0.9307903860407372
0.42248486984283107
0.9321206666075126
0.7863658899508658
0.35798555472761945
0.37732932633043986
0.025429387926321406
0.3244342743323008
0.0
0.0
0.13740537652408977
0.0
0.0
0.0
0.0
0.9632341478890656
0.38717334200498205
0.0
0.0
0.2591774210555577
0.5012241572284227
0.7138499891027303
0.0
0.0
0.0
0.13781321057456755
0.0
0.2963449961378285
0.8094684790080845
0.5406951194683572
0.32402536073281873
0.43231815086409897
0.0
0.0
0.0
0.0
0.033317826518557726
0.0
0.0
0.0
0.0
0.9922149335176308
0.0
0.10037094303375223
0.33503856041125035
0.0
0.0
0.03912773613988466
0.5519592819647043
0.0
0.0
0.0
0.0
0.0
0.0
0.41672148920728985
0.38749168850016175
0.8850164107310591
0.0
0.0
0.772543398204964
0.0
0.22880360808542158
0.0
0.0
0.6688100674736601
0.0
0.49231453569773875
0.4754726769630559
0.5206521199582943
0.0
0.0
0.3618918226572773
0.0
0.11155531611115345
0.1667804933990574
0.0
0.678225517290119
0.11704181853605967
0.0
0.41188505849679896
0.0
0.8941416518477746
0.7739420148002055
0.46758552332452363
0.0
0.0
0.0
0.28131692097602184
0.20809600254696353
0.0
0.0
0.0
0.06026196650494447
0.0
0.460107827213391
0.0
0.5621020602721507
0.28154052282109676
0.7344453185807087
0.0
0.34869060252566364
0.0
0.13441836043760275
0.72789304336315
0.0
0.5445318862537736
0.06312552804291623
0.31933519102999336
0.21419836429978717
0.6483239952642624
0.0
0.7383293704862094
0.0
0.7151129908559393
0.3497447218124931
0.16202624573784463
0.47114268884249955
0.7784876382400854
0.0
0.0
0.7655639014109721
0.0
0.0
0.30989888466883103
0.07751322068235855
0.0
0.9302870372035706
0.5453816020732367
0.0
0.0
0.0
0.0
0.0
0.875921439903842
0.0
0.3438735028539905
0.0
0.0
0.1059523682610688
0.0
0.0
0.8042515802171825
0.7680595977321479
0.0
0.0
0.0
0.0
0.0
0.0
0.4347214161098799
0.0
0.0
0.0
0.8306862451437108
0.0
0.0
0.0
0.0
0.0
0.0
0.3909689006366829
0.2782524744063733
0.7268569839828336
0.0
0.260893534688746
0.048404328876280385
0.23186076414402257
0.0
0.0
0.0
0.0
0.5252685600146385
0.0
0.0
0.0
0.20201683732601414
0.5316633000469649
0.0
0.6567561615315758
0.8840513374821325
0.18601122518366087
0.0
0.0
0.0
0.20171264704933065
0.0
0.0
0.37071441906434816
0.9115706439587473
0.0
0.35378541564814614
0.255779441231978
0.0
0.0
0.0
0.0
0.21884131199599333
0.3177808495560861
0.0
0.4033424989379703
0.945050434329863
0.0
0.13904341991020605
0.9837212515789692
0.0
0.6424846802315927
0.0
0.0
0.05199731799655926
0.0
0.0
0.0
0.8842775476994111
0.6953483799389374
0.92317290441983
0.0
0.0
0.0
0.0
0.0
0.0
0.31582009447963794
0.0
0.0
0.9791628606037317
0.0
0.0
0.5558889994286704
0.029595366824180187
0.1579411379972177
0.6239491756217275
0.8372729116287716
0.641494002804612
0.5467623080996422
0.0
0.20893560801522298
0.0
0.0
0.3745186751987479
0.4334492881863546
0.0
0.31677033576825636
0.0
0.922908030770787
0.15932001822270175
0.0
0.0
0.9551858886844913
0.32401289778417136
0.434237466547005
0.0
0.5819129198272427
0.3386943897437623
0.5821563201303502
0.0
0.0
0.6486018907115055
0.0
0.0
0.0
0.8651574135771323
0.0
0.6315694632874665
0.0
0.0
0.33321024311845976
0.37024888562813646
0.0
0.0
0.40902427861766466
0.0
0.0
0.0
0.6259546541177796
0.3161858396026838
0.20272408316447504
0.0
0.0
0.2238557811547183
0.0
0.1438120020256112
0.6526789317093846
0.7246054362182086
0.41685614830168455
0.0
0.4418855391345867
0.6562174193759687
0.6035962724179044
0.0
0.0
0.5083512728912827
0.0
0.6252919850014141
0.0
0.0
0.0
0.9894913640396354
0.6189235202539789
0.31695488887513096
0.5650395528598346
0.07778822690475022
0.0
0.0
0.0
0.8181599063759504
0.14218185139986136
0.0
0.9918010625188701
0.0
0.0
0.0
0.0
0.6492716080576277
0.950690896573995
0.9227347400646608
0.0
0.7723993375721164
0.15308255372629956
0.5503318376044047
0.583753575768533
0.9304798305542297
0.9860431031027392
0.42618646942632804
0.3260754471186305
0.0
0.0
0.4295592533909929
0.6293431286143047
0.9026278924794359
0.3222269166802613
0.3886788982078345
0.0
0.5670057207769319
0.0
0.590947931741351
0.0
0.0
0.04242561819964092
0.035509903940782586
0.27784860130340394
0.0
0.0
0.7820917788646227
0.0
0.3075660134467071
0.0
0.9656128061959547
0.0
0.0
0.0
0.2023608399965288
0.0
0.0
0.45063367166636864
0.0
0.0
0.0
0.795289891750945
0.01036213317255689
0.6031521407791548
0.0
0.0
0.0
0.0
0.0
0.0
0.0
0.0
0.0
0.0
0.0
0.15694493564656933
0.64756233580402
0.0
0.39804389392152983
0.0
0.0
0.0
0.0
0.0
0.2242771618838226
0.7684108586945558
0.0
0.4454302861089584
0.0
0.0
0.16284356948375603
0.0
0.0
0.06058846526867162
0.0
0.9013381243367277
0.0
0.46020925938612606
0.5153858299092235
0.647629071259642
0.0
0.0
0.6822960957481341
0.0
0.882822441212865
0.0
0.6211633090280896
0.0
0.2657150134061129
0.985084267736987
0.5980633935898199
0.14733244692148034
0.8868482821284885
0.1384570001053341
0.0
0.0
0.6131733471360384
0.0
0.0
0.0
0.0
0.3687356256911177
0.5612236160406971
0.0
0.0
0.6418193587163035
0.0
0.0
0.2579714802988434
0.2926194812818477
0.335654998050201
0.6843759670509818
0.3953451113736418
0.0
0.9890551322451591
0.0
0.0
0.18213240535525485
0.0
0.0
0.7518571808501192
0.330011691954788
0.7717789582844159
0.6175148634613296
0.5424867539937632
0.6714628628708359
0.0
0.0
0.0
0.22394943269607698
0.0
0.1502414615819986
0.9763608513571943
0.5125057871439688
0.8490740247788094
0.6613975472616505
0.45723467897510073
0.0
0.0651757694474819
0.0
0.44983736263154395
0.34440200084642664
0.06750261868052532
0.07291171536734332
0.7524926550261143
0.21283788814754426
0.5326928883385479
0.0
0.0
0.0
0.7255621302411757
0.8681608093139853
0.0
0.0
0.0
0.29949900461779416
0.0
0.3814265729599936
0.20286672055710345
0.11707744213128309
0.0
0.7540146414381979
0.0
0.7446003961179847
0.5532352185213872
0.19954857862970596
0.0
0.12061753749557645
0.1904901472932693
0.3507337087807046
0.6638349169663051
0.0
0.8471093019119335
0.0
0.0
0.0
0.0
0.4878140685081517
0.0
0.0
0.0
0.8366570894463924
0.0
0.5762237858811626
0.5499274424995481
0.6672386901885783
0.0
0.0
0.3596065968659295
0.0
0.704275611863854
0.11779885037071251
0.0
0.0
0.0
0.0
0.4453967634192314
0.0
0.0
0.7490079457848259
0.0
0.5741059861218852
0.0
0.17858690649382375
0.2837923936507925
0.0
0.4578571353111622
0.0
0.17957158798982972
0.0
0.4477712646434388
0.0
0.1948617446058313
0.0
0.11364436202423203
0.0
0.17679223710469272
0.19038942810930518
0.08178610862198271
0.24964854527347638
0.3906865372331607
0.0
0.3720625800448147
0.0
0.0
0.0
0.0
0.4024352859143181
0.8393213500986578
0.0
0.6731644339804721
0.9234161130765004
0.5524593568370035
0.0
0.226335896143684
0.0
0.0
0.0
0.0
0.7810712104867634
0.7069992740756973
0.0
0.0
0.0
0.0
0.0
0.39068744140750983
0.75208724502299
0.0
0.9737655421012045
0.3888880276903064
0.0
0.44963668979611443
0.0
0.20566454964615838
0.0
0.06568483266433768
0.7349745453568208
0.5341442751628788
0.0
0.9358574003026333
0.14391566684086982
0.0
0.0
0.8017428313810705
0.0
0.36093910452852873
0.0
0.44379187900551925
0.0
0.9454213492035929
0.725265989346359
0.0
0.17820826079327673
0.7564232191161758
0.0
0.0
0.0
0.1109516748185081
0.0
0.784864879875722
0.0
0.0
0.7466603279679077
0.45775732226225596
0.6954959991662235
0.0
0.5415635480287725
0.041825664759215564
0.02989105466612177
0.0
0.0
0.368631827669884
0.0
0.0
0.2626295739877393
0.0
0.21705021745439318
0.2742819938407664
0.21461059590567205
0.0
0.6927073416834866
0.0
0.7214651496607924
0.0
0.594010918270391
0.379306981646521
0.0
0.0
0.0
0.0
0.0
0.6147414026657575
0.8222062810349504
0.0
0.0
0.0
0.19285983742743498
0.3843072470243749
0.9242137498829361
0.8440095394704153
0.0
0.8023755128381149
0.0
0.0
0.9204069541690082
0.0
0.0
0.0
0.7446061150959388
0.3205499657686472
0.0
0.9701409202882778
0.8791183057428071
0.12465282386196809
0.8370646340220683
0.0
0.6702694472800464
0.0
0.9456331508555025
0.7217640570824181
0.0
0.0
0.6787357115632235
0.0
0.0
0.0
0.4299064625827392
0.96195925926389
0.41972319673433345
0.14835286134652928
0.0
0.0
0.0
0.0
0.0
0.20569016649963945
0.0
0.0
0.8758128135574543
0.0
0.48787410656439206
0.0
0.0
0.0
0.3259495720790546
0.0
0.0
0.06897999850651805
0.0
0.46772338274166897
0.7055285974923242
0.0
0.0
0.0
0.0
0.04081276184058659
0.0
0.6396193432559713
0.9991747647563163
0.0
0.0
0.0
0.0
0.33203882647332295
0.25351092062032793
0.8299620366729547
0.0
0.38958951221420407
0.41728705134584504
0.1989789987388819
0.22771458616012366
0.0
0.0
0.768599467889996
0.08940065162503925
0.0
0.0
0.2434231742859014
0.7347746553816933
0.3215163951599305
0.0
0.0
0.591445357416325
0.0
0.0
0.8926674483579246
0.0
0.0
0.37815248877622154
0.8766110869258322
0.0
0.0
0.0
0.7109620488541961
0.49949614981517204
0.0
0.0
0.3283785430736537
0.0
0.24487448649441793
0.28126984874874617
0.7898384983887021
0.0
0.6528892812390311
0.7395246036751331
0.0
0.0
0.2584598726106576
0.0
0.05533111668930578
0.0
0.0
0.9358453718683171
0.0
0.4983171640144055
0.0
0.12713239799944986
0.0
0.0
0.0
0.0
0.22912011953550646
0.4278736766368259
0.08525451951315936
0.0
0.0
0.0
0.0
0.3311451120128197
0.06335003807702606
0.0
0.748498313770228
0.8797947871448772
0.0
0.0
0.0
0.0
0.5121776078626975
0.0
0.0
0.0
0.08045233075696724
0.0
0.0
0.0
0.0
0.0
0.3826480979064341
0.9761709000095019
0.0
0.047347399193515056
0.8212500581169545
0.0
0.0
0.0
0.0
0.8843413073417384
0.5889433525849662
0.8910687877684532
0.0
0.0
0.5928803019796359
0.0
0.4295397727890518
0.086260269410834
0.0
0.0
0.0
0.0
0.0
0.44195623725298344
0.0
0.0
0.0
0.0
0.0
0.11915588484581224
0.0
0.7472501619329135
0.0
0.0
0.0
0.7621924840391529
0.4501507260121293
0.44393762279706117
0.0
0.0
0.7916409391930027
0.7508821893880895
0.0
0.3508688445504686
0.0
0.7158485991404291
0.5630193960088778
0.8388064199181676
0.36873781214039214
0.9100043186632473
0.0
0.18036041601097577
0.9876786729936842
0.1297850965104809
0.0
0.4090161173725643
0.7683440946206926
0.0
0.9658690182712688
0.9929944055266693
0.0
0.0
0.6624608183521975
0.0
0.0
0.21724428700610673
0.0
0.8488264038468479
0.0
0.0
0.8196597847137851
0.0
0.3488918413329991
0.0
0.20051036149577253
0.7655754214959788
0.0
0.0
0.6140997805914105
0.8446262750403324
0.0
0.8685720663372631
0.0
0.0
0.0
0.0
0.2919415828449348
0.6856943458854821
0.0
0.08398678081297589
0.22835322421798296
0.0
0.0
0.5415577915379023
0.0
0.0
0.0
0.0
0.9368171835897368
0.0
0.0
0.5692975121292043
0.0
0.0
0.06233554680528322
0.2083425329531071
0.0
0.6517215254399598
0.5983453843627444
0.0
0.0
0.673275889064561
0.17057458123183142
0.0
0.7002534183698733
0.0
0.0
0.0
0.0
0.0
0.0
0.0
0.0
0.7933560890691531
0.0
0.9465946416147758
0.0
0.5182147167702083
0.0
0.0
0.5550884079998093
0.17266192413342182
0.0
0.0
0.0
0.0
0.0
0.0
0.0
0.7090432371685494
0.9757705452406175
0.0
0.09751944343340095
0.0
0.369204131697804
0.3051515035633743
0.0
0.9777879544350655
0.28762008792148636
0.0
0.0
0.0
0.0
0.0
0.88012452206819
0.0
0.0
0.0
0.0
0.0
0.0
0.0
0.0
0.0
0.20986875507397665
0.0
0.0
0.5680352442656217
0.4970876917213421
0.6671624252550392
0.0
0.3950999837739425
0.6534023717324124
0.0
0.0
0.0
0.6632727945002773
0.5569770008365624
0.6071017598666179
0.0
0.0
0.0
0.8147564852782636
0.6935113544395097
0.0
0.0
0.0
0.16604464609213151
0.11120704780798979
0.0
0.0
0.0
0.0
0.48554022214165543
0.5362076103097917
0.0
0.0
0.0
0.2983155605253647
0.9793485282747224
0.0
0.03430139468752893
0.7942921389417033
0.48259560426807774
0.18410093695787696
0.8764031451869582
0.31104394443708455
0.0
0.955948797093176
0.0
0.0
0.0
0.0
0.0
0.0
0.0
0.4078910896942015
0.0
0.36176940344582503
0.932880065511842
0.0
0.22821206948433367
0.0
0.8481102237730388
0.0
0.0
0.0
0.8747575918712721
0.45171540484857986
0.8722733354562948
0.3372428384812714
0.0
0.0
0.0
0.0
0.11731389774300471
0.0
0.0
0.0
0.7297380466193623
0.1539408106028962
0.0
0.0
0.0
0.11003140244485757
0.9879530939576103
0.2878384957356436
0.0
0.0
0.12185594626951982
0.354138910268785
0.852100095024639
0.4576454653172974
0.13411696269323428
0.0
0.0
0.0
0.0
0.0
0.9367805403931878
0.0
0.0
0.3842128017480848
0.29879401046365217
0.0
0.4776896878352916
0.0
0.0
0.0
0.556428534061364
0.0
0.6669405105293876
0.38687192782887286
0.0
0.0
0.0
0.0
0.6538067338067118
0.0
0.6244462136504726
0.0
0.027193919974606094
0.0
0.5509498040853906
0.0
0.0
0.0
0.5814661403841563
0.5028799547975213
0.17459938057761912
0.0
0.0
0.0
0.7949019568901567
0.9719433659109521
0.0
0.0
0.0
0.9581638152916555
0.0
0.6234843522111072
0.0
0.0
0.0
0.6095030709608487
0.40586782750171885
0.0
0.6607180790155477
0.0
0.0
0.0
0.553218287612704
0.0
0.705890722401888
0.3000035218720479
0.0
0.0
0.1767991269930318
0.6728137740191493
0.097929835123215
0.7091649222322267
0.31815295209347333
0.6201386496778158
0.0
0.0
0.0
0.0
0.14173574442971656
0.3700591664398845
0.2657922390376966
0.24708721319536375
0.0
0.0
0.13317029955909243
0.0
0.0
0.0
0.0
0.0
0.0
0.0
0.0
0.1499839578965858
0.0
0.6370148581139428
0.0
0.0
0.0
0.0
0.0
0.0
0.0
0.374077767726892
0.0
0.0
0.0
0.0
0.0
0.5942738958816534
0.0
0.0
0.17016005528898784
0.9198472063287417
0.0
0.8682671576993902
0.0
0.0
0.0
0.0
0.23876178614326263
0.6594613564275532
0.2512672531908996
0.08687171160056406
0.0
0.0
0.08798070214445522
0.5132603865453553
0.0
0.8629568347654495
0.5429955506730887
0.8557916379119618
0.0
0.5977681975448254
0.0
0.0
0.920610290240029
0.9265600562078896
0.15707227302032026
0.0
0.0
0.5702583182493535
0.8845289547148487
0.0
0.0
0.7260390485031447
0.6310569233849319
0.6527747224345896
0.0
0.0
0.37833956835826626
0.05194808999538788
0.027221038907560818
0.0
0.253997017404158
0.3220651176727527
0.08661069255725273
0.0
0.0
0.5758119888463291
0.0
0.0
0.0
0.0
0.0
0.0
0.0
0.7181637255835686
0.3823123279023318
0.0
0.0
0.0
0.0
0.6493529388479774
0.0
0.14016337331197223
0.5056975198110573
0.7111632135316099
0.0
0.0
0.0
0.0
0.119483054579805
0.32734124265829306
0.29254940256837064
0.9629724459655088
0.4420151561848101
0.21442802431092722
0.6406634323334222
0.0
0.0
0.0
0.0
0.0
0.6183009909954066
0.0
0.0
0.0
0.04521131672699917
0.0
0.0
0.0
0.8393472211575972
0.0
0.0
0.3545756637801663
0.7316861788277425
0.0
0.40559119558021595
0.11096860392938382
0.0
0.042988557499837564
0.0
0.0
0.0
0.0
0.7082333249518203
0.9464238329515824
0.0
0.0
0.7785164114283056
0.0
0.8571123715040279
0.2097797376843418
0.1665532275985222
0.0
0.0
0.27939610860590397
0.0
0.7853513567940017
0.09154127564708113
0.0
0.0
0.0
0.3204456784609776
0.0
0.0
0.0
0.021614270284584246
0.0
0.0
0.0526328510799497
0.0
0.11547630832162108
0.0
0.0
0.4732063915968728
0.6527437620235624
0.5200745048072014
0.9827411074150614
0.0
0.5928691179090108
0.0
0.8238266183533564
0.2921335950848263
0.5853267722250183
0.0
0.0
0.3873986822084752
0.0
0.10273537732852883
0.0
0.0
0.0
0.5886575749553259
0.3359370514243101
0.09368619568396344
0.0
0.9633571152163548
0.17708892790717531
0.0
0.26092284704132995
0.0
0.0
0.8187875900037518
0.2983376721449052
0.0
0.0
0.0
0.0
0.9023224481633554
0.934379949013209
0.2736533285049097
0.0
0.3872617208409853
0.0
0.0
0.8767493997698014
0.0
0.0
0.0
0.9908174256696936
0.0
0.0
0.0
0.0
0.012834443556282965
0.24278450941902935
0.0
0.0
0.0
0.5638132993317725
0.0
0.4958326559943077
0.0
0.4124196462057519
0.13299440146425548
0.0
0.0
0.0
0.0
0.0
0.0
0.029541079770574616
0.12874368957427731
0.5707171986009196
0.492356313742787
0.3157477175450255
0.0
0.04321708741945932
0.4279176180697041
0.0
0.0
0.24743332018944295
0.15632165866860787
0.481012511170725
0.7649656078779241
0.0
0.0
0.2041143211560849
0.0
0.0
0.2908153669370118
0.0
0.9335309352563899
0.09801124882063265
0.7309620816943299
0.0
0.0
0.5107297318178599
0.705681448626088
0.578625521120989
0.0
0.0
0.1962981521504109
0.092588009925943
0.5443356609145026
0.0
0.0
0.41427773594767725
0.0
0.0
0.6893442429894877
0.9670412211696953
0.0
0.37256940979476943
0.0
0.0
0.0
0.9655138313106607
0.18515427955957928
0.9993954829228736
0.8890030795347641
0.0
0.0
0.06338410987313799
0.0
0.26552974247643546
0.0
0.0
0.0
0.23441941243955186
0.0
0.0
0.1764835129614469
0.9091681846982894
0.0
0.22496647371875758
0.0
0.9495404735614377
0.5400131791930576
0.0
0.0
0.8893512991681263
0.0
0.0
0.5691233114526595
0.0
0.7197301223368322
0.8381837565714437
0.0
0.7309363977491272
0.0
0.1552039999185711
0.0
0.7318130586152122
0.0
0.0
0.5898900132607676
0.9071410499593261
0.0
0.0
0.0
0.9027390101547464
0.0
0.6546323335193235
0.4819776858789505
0.21968244476033194
0.0
0.15566203213709312
0.0
0.0
0.7969371435119849
0.7871468630573815
0.15016143795056563
0.08836276741233631
0.0
0.602153795449768
0.0
0.0
0.4106516525365952
0.0
0.0
0.739969380755365
0.0
0.26371485457004107
0.7433754586824786
0.0
0.0
0.8610381757354816
0.8231632230588918
0.0
0.0
0.0
0.0
0.39638304904814026
0.6735116409912342
0.0
0.0
0.0
0.631087012903178
0.8442439165193815
0.0
0.8091014381692151
0.20858940151012373
0.14106797551868108
0.8855047056803064
0.8997441749654801
0.0
0.8696162801898373
0.0
0.9273403733674611
0.5276388993313873
0.0
0.0
0.3616992966069027
0.24866516042788525
0.9269760333060156
0.32121768150781904
0.5332570710683886
0.44686694830734297
0.6616170266560404
0.9476242032370852
0.22565172098077246
0.0
0.0
0.9887476971054328
0.47346445116087804
0.0
0.0
0.24489513353024703
0.0
0.28656265192921915
0.12368151624766861
0.23334202208291058
0.6305473924420578
0.0
0.0
0.0
0.0
0.9347282356747747
0.0
0.0
0.9594652162223198
0.8428314538509806
0.0
0.3648749060608004
0.0
0.6147532148697572
0.0
0.0
0.0
0.0
0.0
0.0
0.0
0.0
0.9090492898081696
0.4519604461055839
0.14580475045965338
0.7444606913575292
0.42578993103594326
0.7345102476512879
0.0
0.0
0.6078790853883382
0.8452788572027111
0.0
0.0
0.0
0.6285100593386773
0.0
0.08156207101453616
0.47435645425781336
0.8894520421021664
0.0
0.6604714723305382
0.17608125316066592
0.5723098587079327
0.7256854760695431
0.0
0.0
0.0
0.004903882368911083
0.0
0.0
0.13275207064025926
0.8807146240925815
0.0
0.20979400743394444
0.5600162896420093
0.0
0.6979288905163372
0.543288636846063
0.3435136777230199
0.0
0.0
0.8080939940055627
0.48747048598171056
0.0
0.8788904253289641
0.0
0.0
0.6635240275697749
0.1267023839109296
0.08489717557844141
0.9988661099086589
0.0
0.0
0.46196436888511566
0.0
0.0
0.0
0.0
0.8135190884886014
0.0
0.22749972071435406
0.0
0.0
0.44596497866552826
0.32735607441402653
0.0
0.6585637814507138
0.7752105215721609
0.1280106051928374
0.0
0.0
0.0
0.0
0.9251501988331873
0.0
0.0
0.7270638391001792
0.0
0.9028588200265475
0.0
0.2797406483365084
0.0
0.3564530420732178
0.16792647365175564
0.34243938250762807
0.02968835409926534
0.5710600987050218
0.0
0.0
0.0
0.4700339241669662
0.2735554647864219
0.0
0.7702573748902365
0.0
0.0
0.0
0.0
0.3988172683225911
0.0
0.0
0.0
0.0
0.0
0.7533349971191693
0.354435624273128
0.0
0.0
0.24551155560502771
0.0
0.0
0.0
0.0
0.0
0.2492021603447642
0.0
0.5748851611941761
0.41097747962954984
0.3226626807389402
0.0
0.0
0.1209323878522778
0.0
0.7971151765513377
0.123422382738922
0.2862144799647859
0.0
0.19140524838643622
0.0
0.0
0.2793946462826583
0.0
0.0
0.0
0.0
0.12564159871303493
0.5917803364632583
0.9068261056522134
0.722867684319103
0.1874006020926309
0.0
0.46024853765605883
0.3449588034234543
0.31416345138094826
0.10441707107548785
0.7393906584489406
0.8733874174266912
0.0
0.0
0.26998120054695124
0.0
0.8145001237969169
0.0
0.2538763431198962
0.4404701149363872
0.19000197579069153
0.5661268709774819
0.0
0.28328190385188196
0.64080229822133
0.0
0.3784546583713223
0.0
0.0
0.0
0.793511395035731
0.0
0.0
0.0
0.0
0.4539708707599903
0.0
0.3924929509674434
0.0
0.44110736032566805
0.07493233557078918
0.0
0.6922277363369271
0.9296236935840907
0.022357969735206845
0.7974797051331847
0.8365868123826071
0.0
0.0
0.0
0.0
0.0
0.0
0.0
0.0
0.0
0.658993378118413
0.0
0.18403149878328237
0.4153943637420353
0.0
0.0
0.0
0.9018140689368035
0.21259078078258178
0.0
0.5352221862917389
0.1647939860908781
0.0
0.0
0.0
0.0
0.0
0.0
0.0
0.0
0.36663832403840846
0.0
0.0
0.0
0.0
0.1843749353958437
0.4696269289344119
0.0
0.0
0.5136892427269274
0.7011833642662673
0.0
0.7992647895980544
0.7605184831386406
0.36243692394008825
0.23890148405750705
0.0
0.0
0.1390643864890239
0.0
0.7454548334929635
0.0
0.11734924117394105
0.0
0.0
0.9579729130795268
0.8960155262973227
0.8077718563941478
0.0
0.7467366418087629
0.0
0.0
0.8615459023753831
0.0
0.592644245293233
0.6794308691035111
0.8168465240666409
0.0
0.5466477278912181
0.0
0.0
0.0
0.062145984280263196
0.4934576966087969
0.7977154747328771
0.30346703562905164
0.0
0.03607285678261455
0.32972154413475335
0.24008638484742256
0.03237092094469325
0.14420150701826503
0.36908439923798925
0.0
0.0
0.8803484666829284
0.0
0.5864623968230677
0.0
0.0
0.0
0.0
0.0
0.0
0.33607433172610424
0.10151150716648263
0.6379986768619779
0.0
0.7475600867826394
0.825759344955488
0.9355687307605621
0.0
0.0
0.7755101626981129
0.7216083021898719
0.3334300594909276
0.21667845807163927
0.3144102029123465
0.342853376366121
0.0
0.0
0.1487636503213975
0.0
0.0
0.08997286380665499
0.15070597163645824
0.0
0.0
0.8543866833340751
0.0
0.7515418461977478
0.0
0.008413628391512032
0.0
0.0
0.0
0.0
0.0
0.0
0.0
0.0
0.09893401755393443
0.08649913002745878
0.0
0.0
0.0
0.0
0.6046659112552223
0.0
0.30988378195490096
0.0
0.10887773332805407
0.0
0.5992502093043992
0.0
0.0
0.6494110622636371
0.0
0.0
0.25954260363792053
0.9398620109002866
0.0
0.0
0.5998110098079289
0.0
0.25971189843344994
0.0
0.0
0.0
0.0
0.0
0.0
0.8908545588927396
0.0
0.0
0.0
0.28712255887426835
0.045574770065397646
0.0
0.0
0.0
0.0
0.0
0.8220031968246558
0.0
0.20651566688909684
0.9114418323891907
0.357122853440081
0.7887709741066584
0.0
0.0
0.0
0.0
0.06091286953979094
0.0
0.7264187747542887
0.0
0.9803150551113916
0.0
0.0
0.0
0.0
0.0
0.0
0.0
0.25121843678849837
0.0
0.8151058339388989
0.6253659546637735
0.029486139995653454
0.0
0.0
0.19551638560575665
0.0
0.7028961108028662
0.0
0.467218540450502
0.5760613690912909
0.4938550239496454
0.952950910247605
0.0559870264031388
0.8793152439359363
0.06676377528910989
0.862937779749456
0.0
0.0
0.0
0.9047701159739776
0.0
0.5219105984033341
0.0
0.22333123754890516
0.23553783379738846
0.28122588950832283
0.0642456770313763
0.0
0.6770151014082704
0.8664819348342852
0.0
0.38609355775691095
0.3268993725446556
0.0
0.49817017422910753
0.2808158546315798
0.0
0.6833191274109366
0.815824831294491
0.13952994526820822
0.0
0.0
0.0
0.14519339009933246
0.0
0.0
0.0
0.0
0.29697311745325866
0.5761360446064276
0.05133573287889007
0.7013086070868553
0.27129666200327124
0.0
0.08428645251648952
0.0
0.02854840223714137
0.7884945064458412
0.14060597211961354
0.7513523425860696
0.0
0.08883930316556438
0.9991763245388899
0.557590719225926
0.0
0.1124300071694245
0.2696661529561059
0.5308780564597616
0.7909543366165992
0.472812807774952
0.7048935510113333
0.0
0.8441385743593699
0.6358743458792847
0.15900606650439222
0.0
0.0
0.19628102558727947
0.9747406179634063
0.0
0.0
0.0
0.0
0.9740952881818409
0.6171314979103177
0.0
0.0
0.2684641889448822
0.0
0.0
0.8990529464319135
0.2873808595690531
0.0
0.0
0.0
0.8584302498397182
0.0
0.0
0.05069739781714059
0.25040529029394654
0.8186174432956789
0.0
0.0
0.9659554832885898
0.9685081913950574
0.8775825586003306
0.30186747538765374
0.0
0.0
0.0
0.0
0.6766480602529227
0.041870002983579964
0.8750874275224267
0.0
0.5599494468463938
0.0
0.5714910236087435
0.0
0.3243585390720863
0.9361745263964534
0.0
0.9481271863211567
0.0
0.3357370280487722
0.0
0.7525714007941046
0.0
0.0
0.0
0.0
0.0
0.5123387531125867
0.0
0.0
0.0
0.8902276800493861
0.0
0.0
0.9728354915227896
0.8538677336610276
0.0
0.013254181541610071
0.9536289992092991
0.6608625433752144
0.26262634454573747
0.0
0.12675132991888685
0.6064044272904997
0.8100278176666735
0.928460521566439
0.8439301294508582
0.21146034376857348
0.5594212031394347
0.0
0.0
0.7105167375959184
0.0
0.36145658263185454
0.9414278247407237
0.15787672728899196
0.19662958945215345
0.0
0.3780724401256473
0.07977758363197053
0.18794707892007517
0.9261866832600151
0.0
0.09120443725765517
0.12669718773986688
0.0
0.1269767081176581
0.0
0.3329731469964405
0.0
0.0
0.37313396701261714
0.7028142613770804
0.0
0.9853477384398609
0.0
0.0
0.0
0.0
0.4473017209834289
0.0
0.0
0.0
0.0
0.2697793051721921
0.9782061749560824
0.0
0.0
0.01315374538552701
0.0
0.0
0.5648618623205531
0.7208029075890358
0.9395081149131302
0.028847457068263763
0.0
0.0
0.0
0.5546195734592935
0.0
0.49808515683536875
0.0
0.0
0.08576555964879125
0.0
0.0
0.0
0.0
0.0
0.0
0.5086143180932741
0.0
0.75139416264283
0.0
0.8226566132636398
0.0
0.0
0.7948559565292731
0.0
0.5696316620786619
0.6581588379452468
0.7511008420567488
0.7311720979056927
0.0
0.0
0.8561164306814413
0.0
0.8127706778445799
0.0
0.0
0.21596299647800743
0.42102019393328216
0.4608206320982835
0.0
0.5716529393705275
0.9611283463564735
0.0
0.1245498857876403
0.0
0.0
0.3091196185608612
0.0
0.0
0.4014412499895867
0.0
0.0
0.0
0.9486815172718506
0.0
0.0
0.0
0.06064955250081238
0.0
0.9473019985928016
0.8616435406927581
0.0
0.0
0.0
0.0
0.8353561510565121
0.1317452312658369
0.0
0.0
0.8290832772415431
0.5063724970617207
0.0
0.0
0.0
0.0
0.698037453707637
0.0
0.0
0.0
0.8412781626330125
0.0
0.8412677757931718
0.0
0.0
0.5857299839514668
0.0
0.8523104297178068
0.14849335910685382
0.08794815610644587
0.5606921205455228
0.0
0.6110025827084926
0.13158711255706332
0.0
0.0
0.3202360282419654
0.6661958474781228
0.0
0.01258521328342238
0.0
0.9499174583319705
0.6003491867353465
0.8811423662448294
0.13298118909626602
0.0
0.0754946559718601
0.015787256500908054
0.0
0.0
0.0
0.0
0.07550394476154393
0.0
0.0
0.0
0.6139913691164379
0.2983060274945679
0.7139178597723433
0.0
0.0042675919169491055
0.0
0.0
0.5354704974199839
0.0
0.07957912879696184
0.0
0.9953815553080457
0.9549984290116054
0.0
0.48436429602613523
0.0
0.0
0.9559806017849496
0.9513529014810349
0.5614139514763002
0.0
0.0435780860572913
0.09981507168418537
0.0
0.6920072684361095
0.11792313079292212
0.20514856444027593
0.53659603133901
0.0
0.628763253536669
0.9955530140032411
0.5834917273824873
0.0
0.0
0.6679959876238111
0.20752816853388778
0.8931671936302965
0.4841266230831433
0.2628133767592856
0.0
0.40816191678319363
0.0
0.0
0.3045350599816262
0.9740917329553991
0.047153602379678534
0.0
0.9647118714009819
0.0
0.72341832744373
0.0
0.15214203828047468
0.0
0.9227243112149951
0.0
0.0
0.0
0.0
0.0
0.4073250172888447
0.0
0.9793886785697182
0.4495050033094399
0.0
0.9800828513918991
0.0
0.17074754511607615
0.0
0.13288182069547805
0.8461679599715554
0.0
0.7582176179939195
0.0
0.0
0.2784691765524051
0.8023034751431478
0.6354668577972796
0.0893594082168714
0.0
0.0
0.9851185695929338
0.0
0.0
0.9854272776280705
0.0
0.08261518981730777
0.0
0.0
0.0
0.635326572256134
0.0
0.0
0.0
0.0
0.0
0.2952547174083803
0.8381530113920377
0.6364449264130538
0.20506544952303463
0.0
0.0
0.0
0.0
0.40299119959521157
0.5175594392051845
0.0
0.0
0.0
0.5149363647857672
0.0
0.8268963475499119
0.689858550182628
0.0
0.7864741140133679
0.6935461680932136
0.3727031100655666
0.3528467934135602
0.0
0.0
0.44799225203953197
0.8456909790043036
0.0
0.8413434506482441
0.0
0.9356294923840583
0.24542868982616486
0.0
0.9995604971492409
0.11906665308854462
0.0
0.0
0.0
0.012744727313162197
0.0
0.6896870535915554
0.0
0.0
0.4200273989433113
0.0
0.0
0.5011361126356603
0.0
0.2355340105032845
0.9687087466528982
0.0
0.0
0.9985020896491643
0.0
0.10869461858808625
0.0
0.0
0.0
0.0
0.0
0.0
0.21971315703185168
0.0
0.0
0.4705288904938529
0.7666539264458789
0.0
0.7212741753827538
0.0
0.8508679046445463
0.23584487054690279
0.0
0.7510423415318386
0.0
0.0
0.8366348882130209
0.0
0.0
0.0
0.0
0.0
0.0
0.884572813864454
0.06751755507865252
0.26737857153831407
0.0
0.0
0.0
0.0
0.9814599212312539
0.005515840236715052
0.05587718044663849
0.0
0.40468866108047974
0.0
0.0
0.0
0.0
0.42956233210492095
0.7603817422255033
0.0
0.0
0.30156053403504346
0.0
0.0
0.0
0.0
0.7777646258527372
0.382078115221379
0.5811738364062532
0.0
0.9289981497675269
0.23164982492344138
0.0
0.0
0.43543672669500894
0.0
0.4788757349368099
0.0
0.0
0.20341325797657292
0.9224615184833796
0.0
0.0
0.4513176470871071
0.0
0.09503274946203903
0.0
0.0
0.0
0.0
0.0
0.569895371365702
0.6209580841870277
0.9557913361594687
0.0
0.0
0.8311347405622066
0.6752419002294748
0.0
0.3593529414902892
0.0
0.16002923927815302
0.0
0.0
0.7258275228336155
0.0
0.9811924419974637
0.7192069053747637
0.0
0.0
0.2259633616072709
0.7606309227880538
0.0
0.4138712749521575
0.3023263120587063
0.0
0.0
0.0
0.0
0.9809233230390638
0.0
0.14186530866723168
0.0
0.0
0.18055058559654233
0.0
0.7082288661618568
0.0
0.8975940375136041
0.0
0.9515615370496561
0.0
0.6461175011072257
0.2454142458120365
0.42124501038215517
0.15703482607274483
0.0
0.0
0.9553990893508627
0.803606796664198
0.0
0.0
0.5817466498053542
0.9503196063703675
0.40991054939705496
0.8872894877814348
0.0
0.7507059101109983
0.0
0.724100776353765
0.0
0.36968673384200185
0.0
0.0
0.05343175479747587
0.0
0.0
0.8132187985446994
0.0
0.9772340071168731
0.6824875344133567
0.0
0.7610214599170319
0.0
0.0
0.0
0.0
0.24864839437025582
0.11669448770196802
0.0
0.0
0.0
0.0
0.0
0.8158171347249277
0.0
0.0
0.0
0.5166055128254494
0.018899221964114907
0.8145630890456008
0.12664928380292492
0.0
0.0
0.44756339053312527
0.2511143282693703
0.9178238931623396
0.3103781355690604
0.0
0.6207433730429787
0.22137358429424964
0.2192187982307155
0.0
0.0
0.0
0.18369254507487712
0.0
0.41869667950972755
0.0
0.0
0.0
0.17253880096120622
0.10711399636917483
0.0
0.0
0.47915637312666615
0.0
0.22663985605550893
0.0
0.0
0.0
0.0
0.5206344113704328
0.5935283665008753
0.9913078568544209
0.4591042531301098
0.7377655856593569
0.0
0.0
0.981415582844488
0.0
0.0
0.0
0.5167766799761156
0.0
0.5032731795845554
0.0
0.0
0.0
0.0
0.5518617738546138
0.8332281342350039
0.9341311522108328
0.9399528341655032
0.0
0.0
0.5289258641584761
0.9721227260316475
0.0
0.8416206372577921
0.0
0.9351221607962364
0.23032678306175064
0.0
0.3139692207669947
0.0
0.589288756206337
0.054079267718327315
0.21415933478926974
0.43974220952582777
0.0
0.6603932005534008
0.7429199035220347
0.0
0.0
0.0
0.8399426221259872
0.0
0.2787519380459451
0.16784905008241174
0.44466142030998684
0.0
0.1734608855652053
0.18669127357435336
0.0
0.0
0.8767851451063514
0.0
0.0
0.4072678754611872
0.3308600374403457
0.0
0.21366173861086313
0.24727855124968884
0.44725227485647867
0.0
0.0
0.631594592960699
0.0
0.0
0.0
0.566169190258889
0.3058252962357981
0.5146635695178916
0.42924186489910054
0.9948077042491082
0.0
0.36933487742673715
0.0
0.0
0.0
0.24305235256037938
0.053135173204870365
0.0
0.9565567448828926
0.0037720218867982234
0.9944533488074319
0.9512194745278056
0.0
0.0
0.0
0.0
0.771095868082898
0.007009402467930063
0.0
0.0
0.0
0.0
0.0
0.23578149522200395
0.0
0.3012460969480696
0.0
0.0
0.18233754585861958
0.5634428918362092
0.4726332242551415
0.0
0.0
0.7503632589447453
0.928392508124098
0.7480549727924402
0.0
0.3311304457840369
0.0
0.0
0.47511433017687604
0.0
0.0
0.8103528159045573
0.0
0.0
0.5168699320724829
0.0
0.0
0.5880956350735645
0.9854000627079115
0.9650706857122199
0.0
0.0
0.0
0.0
0.0
0.6369184856959601
0.6980524473713208
0.0
0.0
0.0
0.2469203964874081
0.0
0.918822253428193
0.0
0.0
0.0
0.0933608549132137
0.0
0.0
0.0
0.9382831216440157
0.2170035759875339
0.0
0.0
0.0
0.4653292641097361
0.2225577976111407
0.0
0.0
0.0
0.0
0.3429187397523923
0.03886357903493979
0.0
0.0
0.0
0.0
0.46225320580989204
0.8480920494630517
0.7071445067815967
0.0
0.0
0.0
0.0
0.0
0.8367024343209065
0.29709881259494253
0.0
0.07637035438680391
0.06666201930755436
0.24739256856534741
0.0
0.0
0.0
0.010397962679185939
0.5776122333135204
0.0
0.3319630202485987
0.0
0.304334466216561
0.0
0.0
0.0
0.0
0.0
0.5353241832607631
0.812727889974303
0.13035146041582885
0.0
0.46744483271711856
0.0
0.0
0.0
0.9992790843134374
0.0
0.0
0.6946248287085024
0.0
0.0
0.0
0.0
0.14764423172013355
0.0
0.4087987247460549
0.6445601973262148
0.8719450970684435
0.0
0.0
0.0
0.0
0.0
0.0
0.507602350815771
0.5027206794659931
0.0
0.9045121746679478
0.0
0.0
0.0
0.0
0.0
0.9694313171481194
0.0
0.8856292831799608
0.4595129195057001
0.610469690177246
0.7844608023085193
0.8852084304459049
0.8230275058058437
0.0
0.0
0.0
0.0
0.0
0.0
0.0
0.0
0.4921694270288828
0.0
0.0
0.0
0.8504012872750711
0.40275032811140504
0.9492200922768064
0.2509656072651087
0.5764504292798557
0.0
0.8083276467139698
0.0
0.745379038232663
0.6531608396542371
0.25517388617696374
0.768443426086987
0.0
0.0
0.0
0.31805130974409324
0.0
0.0
0.8397834732460747
0.37790686680583385
0.1755830151663931
0.0
0.6251245209399782
0.4604202107195705
0.0
0.35591886804059536
0.0
0.6291652428383905
0.0
0.5488885043880505
0.204286112515435
0.0
0.0
0.0
0.0
0.0
0.6147715569607987
0.2600881876121277
0.0
0.0
0.36521587247146287
0.025542625012498703
0.1575432620677923
0.7263917274176925
0.0
0.7962274831100669
0.0
0.0
0.24869127076295455
0.0
0.0
0.4062955796707224
0.0
0.0
0.3219764023117312
0.6676815716619424
0.0
0.0
0.0
0.6336225764759963
0.0
0.04563798116864506
0.7027978865468594
0.35688854816110016
0.0
0.0
0.8602372859940272
0.0
0.0
0.2658818439444915
0.5879857808707507
0.0
0.6989692315774544
0.46987591530099515
0.8761517346026061
0.9478705742051173
0.0
0.0
0.0
0.0
0.0
0.45833735381780444
0.9043871426597591
0.0
0.0
0.0
0.36803234963141557
0.1393195697089586
0.4653778409616853
0.0
0.0
0.764116058288925
0.7824410040006576
0.970716895594878
0.9187490968818465
0.7408155502289968
0.0
0.0
