3.03718289649267
3.13710116315633
2.6685922506414
2.65421600307497
3.25876548605278
3.1407481803334
2.93607830626506
3.48145914778019
4.55098929901027
2.63576775079218
2.70742665694294
2.71377797818274
3.24939020645325
3.69379044768028
2.89659813451642
3.04136906596919
2.95615523002789
3.7107940506353
5.55163273727044
4.0460648740497
3.33577035478273
3.37221280609397
2.67667863957868
4.34137322332998
5.51978983606003
3.04714149401059
3.10097405874748
4.21937677505971
2.6820272061236
4.77005881670501
4.35578498587585
4.10128085125088
2.96761293309789
4.8375454861142
3.88855294404431
2.45522408466719
2.66253333879255
3.63319684271688
2.91887141414081
2.99134734460301
2.71371742602751
3.78214670472612
3.05416272944935
3.89470239277317
3.62036002731549
2.93792239062801
2.89329959147337
4.00794434097585
2.85524263954601
2.95598176547868
3.00050281548891
3.69986566344564
2.67585717357977
3.93563377007372
3.06190011332048
3.14576709811516
4.57858773986449
3.18249165413728
3.42672665302983
3.18422033799507
2.80873052690688
2.58273835798946
2.84302445426802
3.37885804285119
3.21840262019853
2.71107913780734
2.82145496583787
2.99105622336723
2.93114451715194
3.70503912333299
2.80888921784473
3.40494940264916
3.110260227506
2.89801890560826
3.7937884302371
3.1236124049097
3.63776323320671
3.04649138060612
3.19965366120285
2.82634781256331
3.13018178069297
3.88366515808333
3.75760717497519
4.32041610742162
3.59346799662013
2.50917039285461
3.01859170384599
2.82369293875815
2.63451690305394
2.51040185204309
4.30190294132646
4.02564491040795
7.02790066552688
6.97945708059624
2.7806975903262
3.76414128291056
3.153605794294
8.68969237285967
4.56824861113716
5.41231741583965
4.27322252374964
2.52297559868956
2.45211275709112
4.19218492331001
3.55816611172455
4.68944723766538
4.4388366181395
3.31682119656851
2.487642578156
2.98119082028434
2.72909617971513
3.20040860324216
3.10838629789161
2.87882254433226
3.97110762515978
3.73000667793835
3.10796503286641
2.87766939540069
3.67278567131317
3.19324189377629
7.45952581092736
3.86379833892911
3.08528985570173
15.94859084276
3.75168516875334
5.1015573511576
4.15083598068675
3.38748161399332
3.21598129666408
3.87125551479295
2.92683935525596
3.06447030043234
5.62349528427291
3.9932338582803
2.3507255378846
2.97933700006585
4.57606769710307
3.13012245631737
4.99340976245222
6.57100587593443
4.44065993822257
3.3944900909822
2.88946423021847
5.12094605709297
3.84156304283787
2.66559536503345
6.46296910922352
2.97338484658508
2.69650844325238
3.00385726811892
6.36051255295037
3.34058409363819
3.58570676105757
7.96605857373033
3.11667266470132
6.93881220301461
3.25477254156177
6.76600157099241
6.80088200719038
5.07393915065806
2.50709385537437
4.09954999174774
2.75124478998999
3.16284309694405
5.2167925395654
2.42518599651826
4.08593147671935
3.31488226487742
2.8676021885429
3.16642011475191
4.29373385696214
5.76805607548742
5.19776386442858
3.58097851211058
3.19901380166956
3.10686530013352
3.58334965007616
3.11400455233777
2.7942163858346
4.1408059255456
3.52305371089413
4.20053290101947
3.24607282642836
3.74419711148233
3.36061195539512
3.17838861967892
3.59440916340892
2.74014263293321
2.94847247827901
3.09677450662611
2.95990878987493
2.86455141802096
4.83334842656656
2.92434025972319
2.94955201243283
2.78612209308896
6.12920045135782
4.94817734027422
2.54872237331471
5.13003583075903
3.2136233969844
3.02978115121258
3.0874237086521
4.10743748615826
3.63894613251425
2.60408357958104
4.28664062540843
3.23718235429747
2.98246966544816
5.19232972696072
4.33158383895302
3.71030848854097
3.19102841785725
4.11581984208443
5.80168676948442
3.79481174981792
3.69230095387417
3.03577789387903
2.4739123534484
3.44588783965357
3.07718313822923
3.7225627763556
3.64653318023752
4.08340095203588
4.38128833583776
3.37414493307103
4.69441388602659
3.89407624175041
5.4103446035135
4.87779950861658
3.98324688037876
3.50769336877301
2.89599013702438
3.76841679561934
3.31853006616354
2.55936065754996
2.91058089224036
2.57790566726535
3.65642620716751
3.15757471968016
3.72967407244241
2.64978141773123
2.52261145174936
3.51245124487747
3.0906252032252
4.4597571170073
2.72984642381083
3.1803359664977
2.9934867003143
2.27795190934139
3.82587786979657
3.28866272884177
5.56161246512059
2.76703238055868
2.64690269267096
2.78511113260478
4.3355215636153
7.09255331259072
2.9454514911657
4.28436497680869
4.03490976898138
3.95895569414931
4.0240434418818
2.61772735741869
3.61083576101043
5.71886020210346
3.49518176327081
2.9993164825618
2.86671340441903
4.14202150939012
5.62742202422828
2.77164102361125
3.29999078983195
4.05951191643673
5.06423915864501
2.90904381151686
4.22631718977852
3.99017730665885
5.31721150383299
3.21878666173192
2.93705205104017
3.06681173464394
2.6882861455579
6.49630523651272
2.81497742348066
2.63757012685115
2.32792376221172
4.02043404804853
3.38913086619985
2.71426785878137
4.38115979297975
7.30837084554463
2.56941921838822
3.69526682135942
2.93065776778499
3.35713043465552
3.38839640028075
4.11379584142343
2.96673109552642
8.28842060223635
5.30198645856932
2.83658442762529
3.01178813457568
5.43533761535249
2.95944191635457
3.84608550013237
3.46835341586872
3.26250782986563
7.45745934561173
4.08957970432823
3.70717236865348
4.42141855540025
2.8344206704652
3.18473722427589
2.85240699151404
2.43715427155891
3.41442794409369
2.93554739154198
5.53763509438018
2.88368512144406
2.89523305219747
4.99338298164766
3.62737266938223
5.14509245124936
3.58425617641703
3.18651386511703
2.61769434486786
5.05718874200969
3.79431677137058
5.89668221260222
3.19457680916184
3.33835387875802
3.72771852471064
2.57825977720375
2.81371493184572
2.81109589352987
4.52253235022295
4.09246172892627
3.79965094155041
2.63269629249251
3.16299060364518
3.03218617578123
3.13769538126136
2.85415004678219
2.91205416913706
4.87436501099946
2.96107601541598
3.64651514437608
7.45737031058867
8.31519124144082
2.68550557095578
4.23360025286173
3.22200682560343
2.57905946168522
2.71033211053134
3.11054891375875
5.50094686535044
4.02459676659431
3.88857731991899
3.77697665040308
2.67267640639762
3.48510331766678
3.28103379550275
2.60307403940318
2.75325315782468
9.87065161403986
3.08506759912143
8.00812453628688
5.75492586732709
2.98903012892136
2.55674692024784
5.92130834489102
4.77732856635029
4.0643604649549
2.68268476988939
3.16216368510123
3.59975414374868
3.36853754350541
2.63215433109364
3.78555149637384
3.41924901509544
6.637648469018
2.64681132623596
3.19851697991191
2.61210975488191
4.73896268968013
4.57189842500549
3.27041316221522
4.02055457395291
3.37715074846766
2.98554918668589
2.56760691606134
4.11022900141911
3.54947586511717
6.83597227026275
7.60031767758986
2.8725387843889
3.67197627649513
3.15027642538166
5.8613984572362
2.60864124723886
4.18102623917873
3.6993518098984
3.74019512965128
5.73404696422192
3.47467920465992
4.37804815175767
3.1502271884375
2.80145351820883
2.47238735214886
3.36720202187324
4.57415187387363
3.88503634018635
2.65978847596575
3.40621048899378
3.06104168788803
9.10185966355263
2.88079446982669
3.86203925044745
8.88956872341899
4.73656647702733
2.72721486571475
3.41486098861371
6.29291763701724
3.30019435623837
5.82387442204196
2.97322930139824
4.88957189277679
4.72733660583905
5.24868401086463
4.30451753435051
2.99507711005313
4.3756383578484
3.94749956905163
2.98726558819505
3.7723279746676
2.67718311773578
3.2339482808973
2.68235077581497
3.21035593499725
2.65800277720938
3.40471591853992
5.2780572352766
2.98226945386314
7.23913839640407
5.63647339642799
2.83111755133967
9.13178607637469
3.34885477602248
14.4219239767897
3.58156161962875
4.00070746098886
2.66331089448803
3.22269963375337
3.01987637061851
3.32763073743753
4.37478226445059
4.18774316534014
3.17744586455436
3.0772219873635
4.42737524027229
4.35946782620234
2.96582861939696
2.59278434492106
3.45721435777274
4.40855609487744
2.55737183353232
2.53734168862113
4.31684687714214
2.88418566437196
3.45868266597478
2.31852543321339
2.39926018720249
2.60692865890223
2.60390953085252
2.66104650097674
2.74220900288078
2.66984486936719
3.95140577612672
5.81512901084382
2.7819196746492
3.0122603427919
2.5540009728452
3.42541111654399
3.1388823155489
3.43569794960941
2.67236440401705
3.73315254599825
2.87632765864071
3.04117598427802
3.25005402441236
9.00164208862527
3.34335842259137
3.14662404715492
3.05693511058164
3.5144076914057
2.54680103088695
3.50298715615834
2.92950468171712
14.8028794242242
3.86731818989152
3.51124144552721
4.52154001872733
9.97899733618779
3.96554387792178
3.01599009821401
2.43599400511368
5.07185435376762
6.0495166932625
4.23576974316492
2.99195819207441
3.57218028577569
2.58633915860849
5.54101325087044
3.20590400726503
3.90637223635331
8.16534363411261
2.77957263554289
5.01770127747954
3.73992150487968
3.34008308598086
8.6693834590347
6.78976710235073
3.3272800332641
2.83575593950463
5.00422613778845
6.52575116307324
2.45463715504437
5.70956451091179
2.69387159591478
3.69896553968108
2.83546063484181
2.47132828665162
2.32770379068484
3.01896468761183
2.8084294669624
15.2809264948752
2.95142624401765
4.44861268444424
2.92926034974826
2.68532235413138
4.82708648445234
7.79494805504274
2.60215907058281
3.38842114120171
4.86542124094788
5.01019511139212
10.5135354665741
2.76249037972019
5.30556185854792
4.57419146980494
2.74653578242974
6.45334779494978
3.3545355835498
2.81839506064258
3.85370371393261
2.90393884596989
6.65584556310829
4.39359147308358
2.82104490671893
4.17130640603853
2.47707576562409
2.28293278927904
2.57223351591966
2.69115734525303
4.32081857989219
2.72533295702202
3.03783862598837
3.46701484906085
4.6253996608472
10.4383108100257
2.82027381917149
3.59421739351677
3.02308770070003
2.9089814223508
2.91904906043075
4.05849212394501
2.64550517790401
3.88814092813693
4.8054995390717
6.49294609050693
4.83904479593016
5.92290241377761
2.94793693092103
2.95660203842773
2.97303892669024
2.41539714891518
2.80020210953003
3.3574750525767
3.75824414863394
6.13921793090389
3.00663718019408
5.37403859099456
2.8046416156839
6.15940506322187
4.82762274586405
3.17201720801027
2.67319324531108
6.74261407335101
4.45049578651062
5.68290690742119
3.01662721291548
3.99145294265707
3.49623452797438
3.96734893782746
4.49382585592099
2.63489254881416
4.67101029794376
3.47080231190692
3.88611478597154
3.8607118348039
3.86417432090843
9.82610661899179
6.06071243402184
4.53249959431493
3.4057249534946
3.93126666439221
3.74239070554032
3.02276479408287
2.45679080952334
2.65713442961416
2.21364028315522
3.18542135669847
3.51256186304119
2.59275329246372
4.33362207464609
3.47449576721576
4.27656726360575
3.42136572968562
7.17641788901748
6.57136830898462
3.58367932017306
2.6152077324146
2.55333149457133
3.15735812861759
8.6468620078967
7.05318162647791
3.61973560781482
2.72206668662021
3.07529029465928
5.41229313799438
2.7861196447232
7.71029118043727
4.92247587511379
5.19194107277636
3.77577393468574
2.54837868711359
3.74229260247499
5.33438304408356
2.43217813619689
3.59348790106164
9.05292046873674
5.41520354810105
4.22416668377759
2.4756671163856
5.86256655394202
8.15777403052069
3.75428063192392
2.50791566755537
3.1453149176514
6.38106050848096
2.9710339025161
4.97086023207869
2.65005601588247
3.80182726445659
2.54369604947458
4.60518663055709
2.76228519267767
4.25235459322087
2.43700069047192
2.91965230377855
4.06963855726717
3.52973740033154
2.62939305421042
2.934663570274
7.67474311694095
4.0525007950978
3.99160759319889
2.58568403606375
3.52711238031604
2.830970116789
5.8260989211971
3.22914369541661
3.56311161978082
2.78057902075117
4.09574891223219
2.92279691005649
3.69723682168291
2.55867200991
2.83056630179323
3.02365921480142
9.18801467491822
2.81814275112346
3.97768185746588
4.42498555806111
3.07199530823392
4.44003746699846
2.75057902442566
4.6211805801364
2.9146013077807
3.12630875296177
2.9119832462023
2.41596182944161
3.32257674501799
2.77572508165708
3.26214247483939
3.16846972418039
2.63377621823845
2.36315673443508
2.78467444500818
2.85818341574013
3.10379698032899
5.35690750725348
2.68059157218446
3.42418594524039
2.84158983847762
2.55806227757485
3.06513548292622
2.58686072892014
4.54213737825266
4.0153505925517
8.09003354179557
2.58723244243817
4.11416978641529
7.0038013904413
7.21993855458046
2.7468055512123
2.9135096874083
3.08405640649009
2.93548596433597
3.90580068164926
3.26213233274706
2.53063501394306
3.0981674173313
3.48302151062741
3.27902222555807
3.18659869207301
2.70075732406034
3.0970934169853
3.04890260357627
5.71216375497169
2.97860390042907
4.29499478578596
2.66091730628587
3.60683718432827
3.45730462112336
3.49252627749726
2.64648014856979
2.93690832006812
4.00917571366906
2.6037171713787
3.61421396033735
4.45718695104479
5.73737867016436
6.42389765787849
6.21522937897598
3.89176760012651
3.16096624165999
3.49664158449006
2.48748259396397
3.3766294546262
4.50884974510224
2.79901203667457
2.35705557038636
3.31236362652024
8.55178430323114
5.50966637775231
3.30313594696454
3.45911233446028
3.31857644577878
3.32345085507507
5.78334985252604
2.73502431107133
2.73233295952568
2.46945958622803
2.74734610374694
5.54991891967562
3.22863667799896
3.7121191197267
2.93380119052901
3.11402958167671
2.67484057433805
3.23561039831716
3.24255726306776
4.89093582523248
3.12147744902785
2.55971179689721
2.67390035802263
7.391490270121
4.87800966158815
5.60595573501124
3.17010947220527
2.75912629939065
3.36728613882986
4.62246048400984
3.82532985792096
3.48651122058933
5.64959289643095
3.93766481198349
4.11357339382335
11.0894696078254
2.53003082344748
7.39215893216452
3.74027505060573
4.57993008635715
4.03469725119064
2.84582924105325
3.20866554935895
2.77201811336263
2.60345233440355
2.81455820319609
4.0658073880812
6.2308325039257
22.9146391780507
2.33114933527233
4.56916601734358
3.39570102629695
5.57662493121053
6.42833706581272
6.82041133343977
5.61923125828619
15.7957212168073
7.23750794384374
5.39854111530653
3.99476580796162
5.62381933410569
30.2012688204405
9.22340393835747
5.75929498867403
9.37139947654947
3.30136535734379
5.60138745806665
13.2187341367684
6.35006433431893
5.45133876457344
4.43033062817299
8.77739670103051
4.76656174353436
14.7594988660379
17.3320976834962
12.6758032890151
2.63802172327571
9.90411851847757
5.67031960212822
12.1746907443242
3.58532810870795
6.50156165852607
6.96516151093546
5.01733311724161
3.37788425262537
2.65894368995422
11.1549845982322
8.3602987773688
6.50499650160751
12.7204142520637
4.68469775409045
7.73552817009033
5.54721733178144
6.39883959139549
11.5222681978155
6.55686468772732
7.73656829922889
6.41344877023896
4.78127866706443
14.4908663267766
5.16807066361954
6.20260492496828
16.192723431755
5.01137948789444
4.41147663129124
6.23626020895709
18.0205963503129
3.74622994776172
2.50068500927792
2.38770515966911
2.76140868046838
3.82932719721461
6.57109270835165
3.37474057578128
9.70152730655841
9.14514198174605
8.808179163354
11.77543447434
3.83043450258708
4.59601616719193
6.90285079231157
2.51447043331098
3.14158246323308
15.0045747298078
4.73555249438874
8.06454827895995
4.60133442972583
2.55899327172309
4.43350561249719
4.30985207877248
3.27003853882353
3.68375545695149
8.2172637047513
8.07182289367484
4.37129115865095
7.08093806275792
13.180031768206
8.98212668807986
3.5916313549524
4.40917867783197
6.87751942937468
5.76766511389959
9.65122363462897
9.48112164804633
4.20027838392315
4.56186112451718
4.81071520084464
14.4009150173369
8.11579518388058
5.68152084511846
8.35679733798347
4.99474650129114
6.61250112918504
6.26468006039645
12.2602928557671
7.03471207786433
2.74753642291807
3.13649421463403
2.88584018615428
3.29251574468611
2.52372773552528
2.90738579479519
2.53380390850086
2.72552738197957
2.75400109140376
2.68594434407343
3.20726644312032
3.29120856543175
4.66555117681947
2.64512503486533
4.01222640433456
2.73802861100796
2.41675196337531
4.2220831728695
4.3481345623974
4.51820401008301
5.0084413626807
3.51035891504217
2.89672956265124
10.5657341885033
4.28198815209287
4.3784930373762
8.7145594714487
6.46939747748158
3.24443618444866
3.14808611132539
2.99365009882606
2.47304724342829
2.62870226069241
12.4584860941527
3.44185975865692
2.38791882823062
2.68276129767501
6.32005368694278
10.5241775110845
2.6406778566857
3.71383550889744
6.26953770519552
5.89928939697388
5.52045983076271
6.28176811633746
7.05227133521109
8.17897162531936
2.31117155507474
8.00964669182888
13.8685804802255
6.19123047525554
6.37483429768715
21.1802810990398
4.89496915300689
6.98850310570733
4.12689301620703
22.1536964095791
16.5810744967556
5.96542749611137
9.48084355075923
8.22400811373041
47.9505628010407
6.8786092657799
4.41605984816831
8.28594204151662
9.24255319110092
7.38069428230943
7.21757925711759
9.21582322354093
6.37227587555239
5.21053169622058
5.91902680762315
46.4770382206771
6.85023114849614
5.52720594411511
2.46733445936216
4.35112094059058
10.7515599077164
3.39157572905576
7.8999860777199
10.656436661909
6.48852814095617
7.15463206147584
10.9364515181874
12.5622226174519
2.66244518659861
12.4618900281087
2.77192552140013
4.58457666049892
5.80599378219757
5.69040333445429
10.4661435732997
10.1199317414796
6.58588994502644
46.8826105768825
18.0071289388612
8.11275423091354
25.0998923232307
5.3001459150659
5.14848745961006
4.80482914591512
2.98917478807072
7.41689672769302
8.30603947055114
34.4382913245903
12.8248543839672
7.12917691030325
9.09830663206032
33.5756347709315
36.4296896907295
37.1042152258259
20.9785836299075
7.67168233682596
33.5970551118814
28.626863682751
21.3924916713818
6.52268107906498
3.03821184739052
5.45947180265864
11.4824320998651
10.7728108358516
17.8511719179747
18.1748818098384
3.5471508784643
26.084631166758
15.6295627323922
10.7836042172316
14.2809270430814
26.1386358069248
31.7337037656559
7.8505062484577
15.0773741535126
16.5150824706296
5.91628555337678
6.69682734782037
5.16366450160826
8.81894491619832
6.08563725661826
3.09055510018808
3.82125143583723
11.4633801752311
8.38283960907087
7.26305626405485
7.24018715045825
9.69131811069133
4.86193973879661
3.69067699361264
5.11966845949373
6.22920317358481
5.53554797498619
5.7020243143012
4.08296923789033
12.7492517121916
2.81798702028281
5.4514856306321
2.53504761705356
3.0740667175088
2.27387236958298
2.89350556930592
7.53457244936077
2.51114335629191
2.57162518404463
2.59186439311799
2.6731098419781
3.83415095665779
3.17472428439295
3.14625758619743
3.56907573828511
4.39757033399149
3.08193009245208
3.53985469072928
2.82858579811718
2.56207946711307
3.16558145899185
3.61079954165221
3.55609174581598
2.81778832636181
4.06699766644919
4.35019221654766
3.35850757906127
3.30811551458905
3.11960576138571
2.31438220776185
3.08655878829995
2.43116892811788
2.40223652278615
3.0827025090077
2.69100961376456
2.92337895726208
2.55306843857391
2.80725439419457
2.8471897161583
2.53994861966294
3.51977382620755
3.08741442727131
2.41037727743451
7.83164808167265
3.59779497931123
3.43681726735043
2.46335963812481
2.76137882539334
4.00223195567793
4.34015090540059
5.44369620339151
2.70914544001127
2.41876029675412
3.21754956956304
9.11470329788878
4.80777956751184
2.88144685107444
3.59978189210972
3.35982211707099
8.23415903465406
2.7059798277759
3.43932253521653
3.03940240954519
3.1595616072354
2.5993047038408
3.20672099131726
2.74176743234042
2.67016518783718
3.45802359729408
2.85379230944077
3.49705359615841
4.19054925293568
4.53711451138606
3.54091589424949
3.00465369471816
15.4065435998391
3.00250284678362
3.35513350787721
5.57304185900294
2.37361262703849
5.68719904413966
2.69524965862592
3.45014854030619
5.92985323336862
4.29125576761923
3.55203501923061
2.57654036449974
3.15554546317597
3.92266992644924
3.81974914869331
5.45966710518881
8.78230004076216
2.57920560975876
3.01693003698355
4.59487029266293
2.72829447709748
2.77741992919904
3.22414519061657
4.23543454012409
3.59604391561942
4.51904648414619
3.29570153794621
3.9202649151251
3.35031655333669
5.56537574902719
3.08364931695096
2.4370242528668
3.86046545117172
3.14976561228439
4.50703193657308
5.4247623288471
3.13021957361337
3.54514712542076
3.62026075241631
2.69477293826006
2.55250657630858
5.66601290829629
3.39889046733387
5.5493013239925
2.89887816129819
3.07824580093017
3.61572431208587
2.94327294954918
2.82759484768181
3.46573800494668
5.8868932726323
3.74682016128898
4.96440952015091
3.50556916104458
2.4736922269218
3.52417690215972
2.39997714710741
2.89571392197894
4.64973479196209
2.306423608626
4.80125011499538
3.02995290974815
5.35606252036491
4.97141871480565
2.97581894758404
2.24139620315341
2.57366902147346
3.10229776951924
2.91168423781605
2.60901264457222
2.38458548829473
3.90702923912471
4.779328602682
4.50125119650121
3.05282307813228
3.20398473000433
6.61642975925332
4.13516810369784
2.95123964270707
7.78631534000443
3.50842340277691
3.27026277475819
2.96425812143074
3.41734844448331
3.49039680945983
2.85149786549014
2.65915979942795
4.46449100735189
3.50950164786759
2.76462602392583
3.36249355336294
13.6363378661859
5.39011455761077
3.87388881823508
3.1797975357596
7.85708469902009
3.13840135742584
2.67611764844037
3.26474714299125
3.29451477321522
2.61375284205063
3.7947204853346
3.20434702374969
3.11007891931495
3.47901819419087
3.37552312393124
4.81919864360045
2.66529327833439
2.461174506265
2.37179427853095
3.41536277659618
13.6406468356858
4.44059109326788
2.73766989579806
3.34802502130079
2.96388434523018
3.52460663251317
2.70464129657749
4.93900549948805
7.31045312046729
2.85733543907276
2.37957224138449
3.53197753861008
2.88167334587307
2.59691720139365
3.44276591799384
4.6731940147141
2.65348527776698
2.72219716360045
3.67554001395007
5.14133268046929
6.56366208445207
2.70916224609821
4.54189655852267
6.94220476069979
2.84986395466924
3.5055291827013
2.72485157761405
3.55752304443742
2.52714573621548
3.52574021169005
6.63200105236856
2.56128563979275
4.17178921738567
3.81668417418704
2.59772556537372
2.93152263547282
8.60992572904377
5.1588000706491
2.86633599777396
4.67435150904921
3.98473699176411
3.21802219719908
4.1591374782607
3.11827308419471
3.5178165376585
3.57236297516943
2.24222045078805
3.06394008636053
3.16937069327723
5.92001159736311
3.95119370798433
4.92843273988337
4.0918864914603
2.82323072470243
4.51090520996989
3.63723356985311
3.39567726728637
4.85756991864261
2.64201485027874
4.45485048356193
3.77773611847719
3.01857731223246
2.98173123678422
6.44957159596377
3.1086274882043
2.90473893931256
6.55826219781715
2.779466365747
3.05293634436033
2.52083515197433
3.80575962457623
7.42960567451193
2.73167308729164
5.42659341669114
2.9165596266574
3.24161614973459
2.53120544716504
3.950387189265
3.0733525353481
2.81722870941635
3.25102846666178
5.27537619383123
2.85880247772801
2.76965855386822
4.12583434525597
3.56135184987047
5.85618448152582
4.40845597057509
5.33224917071384
5.70326429782749
2.64510746490996
2.61524509792874
3.54670496172987
6.45152819084722
2.74906403722578
2.87670742927306
2.80890854582522
2.48219770537519
2.64746770560409
2.20549803191873
3.0229245550003
9.25903710403893
5.04294390335851
2.903067906872
3.68226371170953
2.78038167718096
3.39058579801301
3.34236469094488
9.54335741719026
2.81801148813498
3.28911179296852
4.02180269737908
2.94388769773681
2.45568619168252
4.30414285895232
2.99200112668581
2.67621629325661
2.68522343927767
6.48552031325671
3.25834576147967
3.99106152996549
3.31206537875732
3.0569521362106
2.93788103062589
3.56030579032889
3.35666995923202
3.66571154157521
3.40390861958327
5.40299801539967
2.48738075630016
3.31695848147236
3.37480193136878
2.83201556284974
2.54188372866506
2.46639184437111
3.03219727674445
2.76521630984569
2.69685251680244
2.55320886766563
2.54822736261371
2.87684815625269
2.99371482814097
3.4379011900383
4.51302870378213
9.05630825323681
2.76638552902429
5.70051129961331
3.4444192918837
2.99891730189423
2.59376282347475
2.25396704956516
2.8340156353459
5.50712974477264
2.46011654712941
2.83819911475453
3.18169714988947
8.06415616942305
2.93810175425958
6.00862124721568
2.86881513465755
2.52485655523276
3.14613818678356
2.77765171388849
2.77274801617491
7.59856951326256
6.59350786618259
4.9655804892791
7.79015657639424
2.56777385293505
3.85482486648364
2.54250438793697
2.98859034328204
2.98062913577034
2.87585424451377
4.06242399073278
4.57757514794234
3.11342159609284
2.67810775019695
8.46567149889403
3.0754245392432
3.83171982700777
3.00000213829639
3.71585579296199
2.49336914913713
2.8142350348268
2.39727779914102
4.59783752835054
3.17198392380611
3.72675325897904
3.35549555011276
3.36021917342578
3.15509830973962
3.04662892414334
2.59559047797691
5.43880927743084
4.12197122193134
3.00269950187082
3.35833878711688
3.37401614876537
3.37094505024927
4.55089584621428
4.95423548296885
2.752455531026
2.63460630441764
2.71156330426009
2.75668439673632
2.73672505848187
4.68385351072367
3.11617379535104
5.51382416316364
2.68026777519324
11.2382556795286
6.37328547191592
4.74400747036725
2.75646871047852
2.95718630593364
4.19704108728003
3.2722199425735
6.65701019290309
4.15305092656395
3.13030369738299
4.15136511030506
3.01757460238029
3.41202177154109
3.09594811140229
3.76671028301854
3.20569090650859
4.69022648030427
5.34301263768211
3.2869897227896
2.76787811985828
8.52133464463238
4.01497775241869
3.5303043117645
5.78524571076774
3.83387991443938
2.82510683572987
7.21953257127481
3.19831881698359
2.46667511108042
3.816952469294
4.18465852323261
4.99189159726081
5.46266683119236
5.39900884255312
4.65038158869466
2.72932964312076
3.34943355255553
3.89108687047389
3.9336780896595
2.70671441672735
4.48481621523874
6.55443174776921
5.03566041984115
3.67256947400491
5.68241241893443
8.21325777546761
3.63093357113932
3.53342718411511
3.42904425621887
5.62602959037805
9.01412747305782
5.40086736024141
3.07217123202971
2.54158198007037
2.79182868332078
4.4343045554191
3.94156189283294
3.88321579843608
3.30943261060881
2.70504468679279
3.20249113537688
5.82021814975787
3.00884373426346
5.60131548134544
6.85637130995684
3.35537619102441
4.69395013852034
2.84739197815463
2.86050462619636
3.32706756216922
3.54845424378899
3.33136916830281
6.50263033079786
5.65489336355074
3.01125020414358
3.05895889132286
2.75042215212972
2.72880743646715
3.2169850967565
2.58868363655433
3.4687669625069
2.78880795519755
5.47791711894698
4.03046318209914
3.14805498114552
3.54347961098679
2.6093638600375
3.38631991180018
8.43800239987476
3.98494547112568
4.28878864217942
3.3550612044626
3.13709977441818
3.25379588233819
2.72223551533575
2.33060138738816
3.1233752992455
2.58028292816487
3.37115876271288
2.61381611445823
3.99612292748214
3.02373837768031
2.79856557135423
5.81829358414596
2.50275013718202
5.05185997116486
3.87734328111228
4.49445459491716
5.73399098092493
4.60751281238629
5.1288401812449
3.22584534914295
2.72372965434867
3.6214738711357
4.19800166042129
2.83495391720217
2.7251974946142
3.65131178255899
2.94439791783113
3.41764689933705
8.83631040744858
3.3492626116688
2.65682972875474
3.33734670784628
3.75478634227245
7.4977055359551
3.24720992994401
4.51761385885193
4.06552104442044
2.84796166598319
3.66018213607371
6.9922606867808
3.49907631712125
2.47603210870681
2.74252870122549
2.80325344565142
6.81211455397413
2.85228421857061
3.1266411743645
5.99019889698312
3.32208971398346
7.42617220737667
3.67809481894527
5.64871240234186
3.18751946700318
3.14641960604468
3.5681747082339
7.82442899764092
6.2263139244598
3.20076656012848
3.20088647438673
8.92506345376913
8.49134178014435
4.80240001265482
5.43213670837129
7.03950034473677
3.24259440059912
3.8464754860979
2.42504782630282
2.86532852135102
6.59780974502047
2.68954914458199
6.31031502684632
2.77463840987725
6.20096580296691
2.54990548728203
4.95838579441947
6.11238507364431
4.22868728065589
3.03991500074789
3.93946758273889
11.3449909521997
3.11536890367177
4.74772481856815
3.09743765271114
5.78011182705914
3.45308446956978
3.38307848680223
3.57595946897602
3.13881823380047
3.3884156410065
3.26514933088277
5.17596711974546
3.24404441457128
2.24450807719468
5.92986045342432
3.28716479289523
4.39382028044774
3.64379523300142
4.27633850538052
2.8406755652465
3.20201139955924
2.61265084106305
2.62592456981575
5.21631214528954
6.24266841223358
5.47097141192968
2.55790845372468
2.35469697220616
3.33044594984786
2.72555524259978
2.6819549881337
2.63862771771843
3.57048503388291
3.69963897090772
3.60732376765248
3.93298749146942
3.33909295015851
5.1993135011278
4.79774373555859
5.44808611790042
3.00260567967803
3.08915485739701
2.71451103035358
4.25624455557706
3.73233967783872
3.59146698641084
3.0011806775075
3.12024107014653
3.12491407667912
8.50649855434114
2.76299195967644
3.46273402676752
3.80531658436156
3.49349847092196
3.16021297165577
2.7625647070017
2.66839808593002
7.43670337074537
5.10510531918631
2.76402461428114
3.15868014707112
3.25780882576457
3.81031736005413
3.70858494229503
3.00500613423716
3.70382950317688
2.4624459962379
5.09367957665019
2.61207714798616
4.18439934628661
3.41044092307384
8.68583712017544
7.38832099299073
4.73593647181788
3.01261669718078
3.32127337601983
2.34805747394253
6.15745051583219
2.5101100176988
2.78331180375059
4.03853418952952
2.5006764499154
2.36387726982469
3.96566060291717
5.61947080809084
5.82353441545051
2.64347109933978
2.41488939512721
4.10106134816555
2.98633008079448
3.46905745939724
3.62255615309894
2.92979226296414
11.8961182742365
2.84770438063451
3.18531163424074
2.91529992349075
3.40636922386031
2.88188201700203
3.93672767675029
3.32521585037464
3.50070440869176
3.11457736875144
3.95511246271839
2.6227961159715
3.00267894404325
3.7123272628405
5.79657416462128
4.10413286127827
4.259443903692
4.25476144571575
3.36432865159687
3.13050710240206
5.09205892684419
4.48088525056311
3.61911441609549
2.53598474688922
3.23797399114025
3.77754260828887
2.56408648726168
2.91551804476433
3.36384455979733
3.94866071105368
2.74707916065927
5.60898231567713
3.41243405398948
2.58555715193049
3.88722326687358
2.61765067934892
3.47452716167231
2.31920836181902
2.70990609289634
4.5508039401685
3.88130808412878
2.66422411051238
5.3169947166657
2.53500190358438
2.69566399472679
3.59239717044388
10.3428300037759
2.53345975877427
2.64598863626806
11.8986771091453
4.6868317396577
3.71605948578903
7.36543469333377
3.08416298869666
4.71049925185888
3.33048511334015
2.33043891374556
4.69792294442196
4.22599168133254
3.13532752821484
2.57798867885771
4.22366120047644
3.02750674446066
3.15031592083375
6.17283888132275
3.57174956639485
2.69927902613543
4.07279388685384
3.43550310892097
4.52773496058559
2.50029091238561
3.14368226455674
3.65374329312178
2.46181129447668
3.68687014282522
2.77152269009565
2.66477932181537
2.94446198242159
2.61053280909919
5.45060493086337
2.69188370740613
3.87928062248264
2.81171629729272
2.4094406898783
4.82550793211136
2.87220473426617
3.01159914660618
3.69563985145801
6.0754314486288
2.76758431378541
3.38967103108006
2.97056718473265
2.93371744833303
2.33067216012067
3.92229457582309
2.91883291799528
2.64746614561128
4.98599766794453
2.39983571535299
3.54301023123584
4.45225860268794
3.65910206639197
3.60319920551939
2.80248915955371
2.64065737299858
3.16176275615777
3.28002854119433
3.22040069773385
3.88509167398373
2.52203823915577
3.22717167177019
2.78993175346806
3.58129279338698
3.50945562054524
4.07237985650227
3.30122254557071
4.2037312381339
4.60006104330571
3.34513932265677
2.80552380822368
3.57330123560657
3.0904072554533
2.58643328581426
2.64403039775495
3.26095420310307
3.17721126755659
2.57083096113257
3.06132458916799
3.00727183084513
2.41509307920095
3.04425178268238
3.32690158083236
2.97948376644519
2.86947370717547
4.92887904523615
3.33429943029403
2.71111695467611
6.4080615743359
2.6805704132921
4.39397478758477
2.93436315497989
3.89024731066575
2.67545328993966
2.45985411191515
2.38783570099884
2.65419450623074
5.82138849991703
3.17502534091686
2.99238813663071
3.22405456385354
5.79331841142853
3.74666609412607
4.55615240442671
2.58366080020433
3.9589083456765
3.42224759770611
5.13799905877272
3.92496274368862
2.85278458300694
2.60752245894474
7.24400076662231
3.35920882613868
7.23503287956135
4.13983792559207
2.63723900584607
3.92246234037674
3.6426305311762
2.8429433827694
2.67274338172716
7.96803035976755
3.14182053655881
4.28433847734
4.72761842718512
2.73543629676183
4.0930041803952
2.67259397605877
3.46830960258763
6.81816334109024
2.9927115513741
3.82237241741527
3.41501222152094
2.55415872529642
2.6077178931678
2.62407639126671
3.85804233921541
2.73535236234044
4.1535286706997
3.14836387365358
4.60133593193081
4.17103328745756
2.57189616953772
2.46355164454014
3.43061952029272
2.64776831540113
5.85134611652091
3.23487981387547
2.96404776405501
3.39119961253413
3.38248620491192
3.70181009291704
4.06952857899849
4.36382626971683
4.68893470285298
2.40427496041252
2.77040168321432
3.33975470049984
2.58094607600659
2.73720929867932
3.29354833183713
2.31064310142495
3.12047440872444
3.55494788205428
3.93178694960736
4.63538132864149
2.49425329621905
3.95843657538711
2.6587079158864
2.61635569937947
2.64241516605434
2.92232650109187
4.10428994174715
2.50311108561798
2.6912778930881
2.75436323059665
7.9692029089689
2.87740069930432
2.74150704045539
2.96684944281433
3.52361391908189
2.45941263741887
4.01038838731283
2.86757108556773
3.02817094456145
2.60134876733798
2.62819661823489
3.41700246284045
3.72942378613596
4.83044919112667
2.94648581547744
2.56023694679116
3.19575820234626
5.47804212087918
2.81290540439765
2.64482284250731
2.73830643024898
3.61753047035411
2.67008783178089
2.51431210214781
3.79008712797969
2.5655184140168
2.5912606562806
3.63382622961896
2.77072641005129
3.03285893566476
3.37745664226003
3.05449204747547
2.55405068432744
2.96751850714307
4.00433660448696
2.69715029092689
2.79488725536331
4.10144710661004
2.86145773142302
2.31161176919811
3.60761342936344
4.39314890778686
4.33621307446267
2.95050068780671
3.5542649237364
2.63056797668263
2.68869944832185
3.16248065993616
3.35297885039891
2.40619426250211
4.8451655782671
3.09850879098371
3.94626796387423
6.01702256498874
2.82772916778584
2.55660061310195
13.4004979788903
5.84362259790536
2.92613729724677
3.22818931749035
2.81871644453389
4.60006123425317
4.53535835627804
2.29026681085886
4.44437688554972
2.81685984875877
3.10175162485801
2.5984436229737
5.37915670359399
3.16408129200966
2.62831278346551
3.25295448572985
4.2240702096366
3.20314755672823
3.92153721583978
3.19578598388734
3.50144371599816
2.92735522417568
4.0919290407364
4.79917192752249
2.38979050771917
2.73403436444745
3.03682783051836
3.08674850031849
2.54529295202912
3.2052354008854
3.12506848926399
6.10877782212815
3.0839123515266
3.53823214564883
3.46675809742371
2.82263154666605
4.72577373774045
3.38856246504932
2.97430137214186
2.99087046999033
3.97512575238872
6.15455823661063
4.27128021231169
2.49309920721971
3.56801955819519
7.45009161263817
3.28784045396972
3.15819927074053
3.37173183031599
4.08508566600659
2.53378389668231
2.60617857642176
3.49751686004863
3.13779505506632
5.76917400095723
2.50775151532964
5.945073494338
2.40196020728954
2.82062940769232
2.54591229902094
3.26312804278433
3.7888998520615
2.5617918337474
4.78000334603528
4.50614837216708
4.15334155313359
9.04554332408088
3.83031540590483
3.66553717548596
2.85310882611712
3.47424927696076
2.47329326767699
2.60893512132574
2.50751010402823
3.41643388339197
2.66447982108024
3.13566511603746
3.3276596166454
2.79269388013055
2.99552806972117
2.46976433634396
2.61679022910109
5.20981914799969
5.83656658588474
3.13847872685626
3.41595081039694
3.41726227621755
3.10453787815436
3.39126701719541
2.58558317302131
3.5921669153399
2.74505434691497
2.8423375515454
5.59548768550582
2.77203685560687
3.38031053122773
2.59735526177172
3.02944987994003
2.41178481471916
4.58607300215653
3.17856964478363
6.04822199689933
3.39265562414833
4.65433664779518
2.760347948364
4.50192341349156
4.34499603031832
3.66168791764862
3.42577683454815
2.70152220075208
3.33589888131503
5.23149031357718
2.71517759627043
4.49347064441204
2.67375363679059
5.52513358546471
3.24258802043857
2.69489985159252
7.77000975609799
3.19320887366024
3.43887698132477
4.81823677357316
2.88316194700484
3.2824271458218
3.6959460627206
2.73921385023928
2.48444021446732
2.62262634176936
3.41194700781622
13.2470152243918
4.04778210820882
5.72879843920528
4.72649244364275
2.88420562412612
2.83765449883755
5.65191557025096
2.65791673518015
3.15824107896862
6.83408947632192
3.16181771300816
3.13710327407855
2.58684446967008
3.37554427061201
2.88987495169952
2.76811961503364
2.56728118262808
2.47264503234007
2.88331134903717
3.06603110769966
6.82382501770253
2.69561117162247
4.70278759208915
2.87545145421365
4.99278312850606
3.05770762707166
2.65660427871275
2.41743995981077
4.19218787967963
2.84336019605012
6.11924184971072
7.08758421254535
7.80605756633859
7.64177405072088
3.66785913268855
2.30755027155456
2.72313354213621
3.5615610193824
3.46716450767155
3.66549325851799
3.27160374852554
2.43594978625091
5.23380408171066
4.31202454466184
4.02105412359985
3.41113114831483
2.70024894769816
3.57934352424209
3.17227440067347
4.41213078311179
15.9656910896205
2.92066384919772
3.47098835942499
4.78050423688437
4.56546901088874
3.93381011993657
3.34267093707314
5.08254471808695
5.78363871771061
3.90621443103505
3.24525248620115
3.7163527912483
3.7803625047151
2.82552112850564
4.15807901211121
11.1870010308746
4.43210189488838
3.44007238303638
3.05294986992125
5.36471097093454
2.84423764425626
5.83376407101827
4.37544148536907
3.27136969091565
2.88858011050429
7.70938501671608
2.6861918478059
2.29884603083667
3.87885788993583
2.67296863910188
2.42433371066017
3.16777823824366
2.58596330937006
3.10822261201811
4.30289815954732
2.90074736345419
3.43862324564046
3.08439573580708
2.98470498892896
2.79334632138881
3.44817897824281
5.09917427738222
3.03806696048388
3.09110964972099
3.33533666744228
4.4566575125247
3.70899314301343
4.52577017420376
3.32313217714913
3.62027330847274
4.19234552457439
2.84533451966388
7.65856996074727
3.17698855595835
4.64273642713948
4.07688791409218
4.12925734872786
3.52622833055296
9.08523129384238
2.78450225489117
3.93548390788884
2.38716000321255
2.54926396990166
4.01066264322525
2.55945628960889
2.34646513552072
7.20035829580315
3.78900978912907
3.29072833004193
3.23894857843991
4.24478758575877
2.31397813175005
3.46186003199416
3.65540166087966
2.69720231778776
5.3759375224043
3.19261610721341
4.82351634197186
2.50721122004189
2.78993201969341
2.90075032272582
4.01770539290886
2.77564337621423
3.46215968140251
3.79340183608677
2.89249319611297
6.44944522338839
3.95612181598754
3.30421821155021
2.68595918288881
3.25261973050455
2.25325709055323
11.9558116638738
5.70117666217782
4.71485913024214
2.98217615417143
3.46521934118868
3.22095751133523
2.34908888801883
2.99374143771055
3.45219993559695
3.88071336869658
5.74331332701017
3.78957765235929
2.34023104512707
3.15032239257774
10.0271885580566
5.22681615308342
3.22959096812354
8.82681420336824
2.34818864467729
4.29510419808302
4.20999182325265
2.85405900411851
3.72919491299967
3.22315392532913
3.08582904488414
21.7719579814504
2.8837137196833
46.265831931558
2.74466771311401
9.02210448292879
3.0101109745173
6.54788324806524
2.65986718182574
4.4477413976694
2.59000113070597
5.78020594036786
4.75718981874284
3.24006303048711
2.57419925673391
5.00121089647608
2.69258627913875
2.24786360843587
2.79181890744251
2.55999955575808
4.37711280501497
2.8305281341671
3.20593594437949
2.46984230025325
8.76103212498921
3.11167331365939
2.92244964652372
2.9664837297967
3.74704802046965
3.10872123797021
3.66522152703076
2.47699446333204
4.55156313943393
3.17068888038578
3.44930477441029
2.68018241754848
2.32910488628668
3.21298597870593
3.78546742762232
2.5048159252211
2.79605596080781
11.5613721602834
3.54917075055965
5.88274001397119
2.76335645872025
4.66409233337047
2.80567038815676
3.77559714560726
3.84845419038116
3.05295821907963
4.36109453550178
4.02570766900427
3.70386257904137
2.98656997273642
4.84736622962851
2.26707716554991
2.93351570360342
2.8923918222386
3.48708181533883
2.45965436221868
2.76306366287616
2.41890014957735
2.55169705831605
2.88550784201707
4.60277159126079
3.38900128056028
3.18122552924346
3.06645769644338
2.9059158984367
2.7340452264054
2.90774557849629
2.81444443820634
4.09348130130214
4.70149064096255
2.36913463136882
3.03336922541921
2.40837538976841
2.6297077269957
6.58425841209651
3.3060789559628
3.4958870295312
2.65326094335301
2.75151784079123
3.16460376728539
3.53197490986014
2.68243295101887
4.42750156664264
8.34718900923379
7.98796556316964
3.00880646305113
2.802131879565
2.37806521436181
2.66639707984998
2.38896630201399
3.63748123284681
3.99859752972613
2.84669686496869
2.62401426403185
2.75431107212718
2.78324207137025
2.77024745490204
4.84322840313539
2.88213058305949
2.95729949152917
2.73067983702078
2.66716694595247
2.27997696306439
2.31784996871093
2.44373325860151
5.39662137465184
2.88262639469998
2.82264250149016
2.55391960551997
2.52204856375948
2.44633819815421
2.18138864320182
3.02123978401181
3.53036286386488
3.9708646731151
7.07716596625964
4.26038985615344
2.75277657810205
3.58044006110635
3.00499682346143
3.37468170757108
2.32202827456305
3.09431560879113
3.13143278165481
2.5288844089796
2.51376842311671
3.24059235159762
3.72178498041549
3.00425042457739
2.4397295525576
4.56065834312084
3.8186913642446
6.62235642318907
4.0207253488935
6.39184444987366
2.83538992513478
2.82500268359398
3.58272897842314
2.75260273342389
2.40468466313181
3.14835978626823
2.7810112803517
4.14053524787542
2.6124705346052
2.54444510488832
2.91410606709167
3.707322227107
3.16960541513281
3.02817021698123
2.91711755263229
3.35079074953255
2.33742297048662
2.59785681430508
5.38685029903546
2.31602497654084
2.69480717509952
3.03373535256691
4.05411667058223
3.9396788720995
2.52645893841716
2.72796072511079
2.60087476755812
2.67693589278786
2.62068713304336
3.17353102993161
2.67793145357868
5.80407966485574
2.55663960583295
3.77546573813773
3.14572909751336
11.9842060831472
3.25069178645849
2.63171862153334
2.76927352308833
2.29225240205418
2.98478159501631
7.82171861452014
3.18998709392503
5.10778660922186
3.01046710195352
3.2160155267856
3.66734306190366
4.20604560572639
2.45952920205488
2.82258105158733
3.32401857744124
2.29653521848988
2.76506926623363
3.25834759156124
2.59646720821822
3.89952909917415
3.10190932512895
4.57282819178823
4.34757582574263
9.82055601525472
5.79055016776363
2.7298626613542
4.5204314261148
4.90504619725884
6.5622429370253
2.66034900007562
4.82601742116502
4.4369139631855
5.69137049231942
7.73108454813522
5.61149772904437
2.96543421602642
2.77374269491631
5.60054013023539
4.01080767946493
2.88662742452663
3.56278223038502
3.07958679829587
3.15395370090284
3.04336279768702
7.02621204036697
3.77423630899586
5.63807909960065
4.10492804035139
2.97678774987464
5.61175863636062
4.48026459460492
4.78836338060817
3.12831119356288
3.85568972354739
8.67039664619089
3.09223770480091
4.34111752270797
2.82427239413391
3.78189753308994
4.70643855416283
5.23563368836442
2.41468780126484
2.85542694652846
8.17264967747905
2.86252164298813
2.60161965960027
3.22522179581663
3.61694025880504
4.09727312654268
4.5808384785711
3.63410992025965
3.75248916028493
2.99063105481558
3.45061023478572
3.07692191267101
2.63862583959379
3.99421335550329
3.44848121611949
4.07478007233594
2.7591674422349
4.10267434609888
2.39222777410547
4.08946581760543
6.7743033323309
5.378031361629
6.1307869437716
5.39215409285084
6.18462025563525
4.0291468927057
2.47590042501399
3.52015358126768
3.38462363853293
3.79191406769315
3.60983585540596
2.43127056696158
5.01376102200141
3.77163007665634
3.87909475417672
4.65639345269072
2.80735776018
5.01464084846498
3.08606422233634
3.79301985695128
4.69180196055173
3.60329298212655
3.13255989698476
3.95336338008172
3.69682687697572
5.31402163053554
3.57035450971571
3.69250895380899
2.90718273027702
4.13171811048746
6.10580333225536
2.76742585790969
2.92113639375959
4.50345553978461
6.19341452435524
10.7545314139714
3.36836688697123
3.77515550400322
5.66679930148415
3.87978791242315
3.15417290206361
3.33472261697184
8.4218517706804
5.09473997961006
4.38633657943514
8.76405930633728
5.12785881272908
4.6940908576908
2.91551962790179
3.27157976736086
5.09225597643645
4.47547889260797
2.86926673426377
2.58898074505358
3.96807043506162
4.23691436841018
4.83879060731164
3.65395569877971
6.79875350822493
3.75954932858042
4.57552028491529
3.70812918879399
2.85421829884667
5.66960487506472
3.20591818686158
3.9330286934699
4.92017752720575
4.27729534182503
4.26085908656914
2.84783812494936
4.06371572733083
3.1125487891672
4.2393631173094
5.2033340121732
3.57354978544377
6.83586242463379
5.30012218558473
4.03857569007681
3.87743837106743
2.42805899482596
3.02525094918169
8.52488184082717
7.64330194432417
6.14662969423997
2.98661071612674
7.07977393601015
4.03125377425916
3.67113483562173
7.21563720451214
4.7142634808562
3.15669429543527
3.69965870862478
8.07798886867985
3.79733736550473
6.84675529034381
3.28973666419339
6.7007511797283
3.64846084827573
2.96891055771326
4.36290549699803
3.79752096653023
7.20645596347502
4.83716855859347
3.60666515274374
3.29742052746447
3.71519658710065
3.39290412557332
3.7165437692931
2.79739002907491
4.55341299580418
2.93526687335543
3.4755052934162
2.92000392106677
3.96442534665044
3.83778010610926
4.09809762261265
2.7718785690479
3.69882656838466
4.586822153868
2.89395574621034
4.4218230684301
9.28826995400707
5.17421605838318
2.77193694691082
3.81726394505427
2.87046408533487
2.69170127165895
3.34822508183762
9.01231861087866
4.65238774652022
3.29458698781355
2.45364617949826
3.68116746800054
4.00744011165019
4.68035892413901
2.90327552111811
3.50524873051336
4.55355352290365
2.93080293490056
5.6047455469839
4.61910097638196
4.8362993220246
2.47171749730116
3.71541869615893
3.8058781873286
2.3552322305726
2.70500852139032
3.30896162308295
4.06020836428602
3.34748336846392
4.17405613679842
3.27167403167666
4.4313444223354
2.3135726456565
2.92526059716488
2.50586926308872
2.2573490770294
5.36304580933898
2.97245447668164
4.63591466906588
2.48958686576952
3.58240233090257
4.27217042868577
3.56814779197358
2.79420296290399
2.65317014181454
3.87300252433403
3.4709104647943
3.38939080549435
3.74285475251538
3.08524928417113
2.91332128141895
3.27664217018861
2.72026529710245
2.37213616690218
2.64769685021305
2.52793287118844
2.66813741281587
3.25263723668485
3.59053844373717
3.39431743225953
4.47271583424201
2.4968484567957
3.80831913644679
2.40537719539489
2.8043316639755
3.33200515412659
4.52788929005254
5.85782457080777
2.56743262000971
3.30559398849181
2.75079615395148
4.73362664617843
5.14656302593997
4.12667851089349
3.50236002181586
4.7977123581958
2.60767477698673
3.99559015221435
4.33230596958735
2.40811283256096
4.00000740918566
5.16988345320471
4.251860957537
5.06475660383613
3.7120396535633
5.48165518749266
4.84157070134357
4.41900709601991
5.92465061435701
5.0494302434476
2.34412433533087
2.55422836003691
5.22987798898142
3.56529135588954
3.51058642519458
6.65132291312641
2.28266440839877
4.19653951021803
4.3884232197655
4.74631267868321
5.97331042540354
4.06146938332573
2.51562357614924
2.82601168434804
5.70099150381114
3.74392711968224
3.14802662854059
5.10737911002208
3.27629793060037
2.56062589402806
4.42755594839488
5.30197032793242
3.90690851343409
2.87175348776632
3.1703954677888
2.82286156805383
4.82239689742795
5.14756701431391
3.59207919475022
3.25465046896749
3.36897316694024
3.92085705975764
2.68711768119401
2.61584787834891
4.49062011362587
2.68436823777832
3.13167075257959
3.56908596998675
2.63729169560751
3.60356768398593
4.47168622544431
3.21273558250306
6.56910114758995
4.33489079544507
2.79013671643763
2.34344250942623
4.8258990833445
3.70366866504532
3.38958511525066
2.77782670623767
2.66110510542697
3.85004716789835
3.37386586313984
2.41250913686656
4.71835193082999
3.04757913013669
7.87370382857877
2.64153346451474
3.22537750343156
3.91632401741178
2.18991559797945
3.32561169154343
2.87886443554923
2.24629063563793
2.53997437836505
2.93664146957358
3.6383396815063
2.4437161918274
3.66555454508334
2.8146669881782
5.16377802091147
2.67041871902422
3.06145116044926
3.34774535657109
2.42098306995892
2.83683296713816
3.44732117061444
3.96718164056655
6.96012343718731
3.31645800671707
2.77766546510048
2.6248348485523
4.21624455889131
3.25452339333319
3.63575604178096
3.80245714153453
2.24874426051309
3.05257090480121
2.62667449617647
3.29555563157269
2.54703831511597
2.74100288433541
2.96716452769804
2.55910016791144
4.49733094138033
3.20153405494761
4.6345784728491
2.70365432000426
5.15390730357665
2.68898061082283
2.79762791122859
3.23324141260798
3.28004276257597
2.79746070619586
2.81302583739167
3.19598078215613
4.47472881001532
2.58082071317617
2.55348641166669
4.10478847973585
3.15715409143901
3.9927769740461
2.72158987449456
2.51747181909479
2.35274162213867
2.99818756929857
2.92414691372775
2.78139647353293
3.08695019406716
2.81285310123306
2.82439196148134
2.74775094361535
2.52361981450802
2.65529557576974
3.84687094559299
3.30172125637653
2.23187260222843
2.56690270901573
4.19192210769202
2.79517467015468
2.78226035725832
5.09562896889696
3.24795667601254
5.55936945861728
2.47140832714099
3.7626790036961
3.13146502777087
3.13407234582028
2.92438917491431
2.94111202728213
4.36840070921263
2.8076536066087
4.27368590722026
4.23119213475606
3.05077121365063
2.43678925453538
10.2942160076554
3.56457822162588
2.453069757002
3.75661314547223
3.23027439796132
3.36422797753107
2.41104361870464
3.30664238155422
2.40093871269099
3.7457849582894
3.08827617181108
2.70951611089007
3.08424705782112
2.92616834100184
2.90926864742321
2.87068984384163
2.88857847258956
4.13671841665495
3.18740606447226
5.36931688027456
2.74868973254791
6.03199896572132
2.69655619369386
17.0963864240816
3.52592350818927
3.56617562093853
55.0697281026421
2.7656351296713
3.36661047475895
4.59331457272122
3.52395614748273
2.36626435043495
3.62775993454884
2.78602620184936
4.6058352951687
2.85008368035986
2.86236169061101
2.83960250553689
2.73165207807245
2.96883204567907
2.79235350568133
3.18248111796994
2.36614209332301
3.06083303226527
2.70304781137325
2.43823022013393
4.49444223235741
5.2066891737512
5.37477662543759
4.84289470497072
2.62034972783317
3.04188861339343
3.24452019493561
2.85698079454265
3.65445064882707
2.78619991260752
3.83188199029258
6.88186456663148
2.85865003034763
2.58829775038766
6.82465205218646
2.44838720531911
2.94101932135742
5.1288340304368
2.90217727867375
4.44735420390764
2.4365119371278
4.06498409496426
2.44795395501852
3.07586712010641
2.55993253602384
4.28434102499316
3.06628829801382
2.70611009572746
4.23185324241298
6.89629602246547
2.96470658381602
2.60457602989356
2.57980262199515
2.71271502211259
5.8489123062447
2.98458198658854
2.40396563701467
4.39238534643656
4.5437655603398
5.19840711020964
3.31440991636857
4.00269820893547
3.21433759735115
2.80214737825167
2.58435707420641
2.48528323130726
3.31482114128593
4.12195802138882
5.17626137483755
4.21963555449444
3.07339794627741
5.04477992894977
3.59440997237783
3.39005848940442
2.7800653295158
3.22505766697612
5.45369991712414
3.8823086185774
5.13614127628821
3.0770019600795
2.9128773481184
3.13330068688277
3.00736129640657
3.28239623718582
2.91538566404979
3.60378487544724
6.10588343909421
7.55609475703211
2.92036253277923
4.73512798343777
6.93261555808409
3.26111263506935
3.02704973823053
3.37050618310513
2.76172428817601
4.98006294519979
6.02276816191886
3.5079417318293
4.25101173627491
5.33489713635345
3.22352668993223
3.45447784182126
4.18109212262789
4.06591895982985
3.52476195135244
3.06466763153862
4.09393522572317
3.51473345411083
4.41696168883398
2.77905875711928
6.85189560522634
2.99043374087822
2.87140839992735
3.1940153019253
6.61175033539047
3.63136687407624
8.35790813642327
5.23340993972072
3.56942249026831
3.67358990115424
2.71220498907404
7.33765124496109
2.97581754253368
3.19939648848894
3.08664959634453
3.10673589363531
4.428183143893
3.17339510491604
3.38323570744542
2.62964514937365
3.41845388175672
3.00751944535844
4.06004531699893
6.73994546430385
3.6425253193441
4.93797495631727
4.27516109052823
4.86803794898454
4.36061001979353
2.97945296090358
8.73953539283257
3.33058740932377
8.528556550068
3.22601419419679
6.79197315725804
5.23524956734743
3.38030773029697
3.69323658415366
8.52005378789122
5.26863810610694
3.82435803447882
7.75441258032181
2.9458722363082
3.5366903546018
3.7313405795248
6.72638093150704
3.82253586041308
2.67842367338861
6.78208281250929
3.98167339702001
4.28515921399133
3.97929970254776
2.82916435419786
4.33164805447585
4.4154307776103
2.86898324303292
4.01479456337751
2.94468779271291
2.82198208722569
2.89222815418902
4.84235139227986
2.39364400444855
2.56936688742328
2.9169781170814
2.24779868589051
4.43724788212259
3.00605628209144
2.77022485228567
9.47750026710468
3.72033002490504
3.70614775506282
2.39251416228393
2.54354153077311
2.5416346493294
3.52052421045075
2.74215577685277
5.19072708291321
3.4726161438093
3.31564057240624
2.37959857833402
6.71078760178736
4.28729086344061
2.91863612286961
3.03220099433374
4.31934721233473
4.64534885269672
4.89702874151515
2.99714406989353
3.38532443474276
4.70019774783756
4.00564273336849
3.25044176156559
3.64468370732125
3.23031639946001
4.85252788253611
4.25661229036604
5.68396388095645
5.68015358141606
6.56073045747793
3.93004447660895
4.78037827968216
2.59441392642178
2.51610302980079
2.80415222982878
3.17890319937832
2.47120724550227
3.15403651081122
2.52119123066462
3.54464391173847
2.37873846033677
3.47016071545173
2.76564918975135
3.3530116390235
2.5204969006221
2.5598422720597
2.60332513001157
2.72444672204224
2.9625951302127
3.37809649710408
3.46420898041878
3.2114229747434
5.33485019824537
3.27196385742305
4.14778516614371
4.37553538901601
3.59870630617908
3.29416758352575
3.84785335435404
3.6264578138057
3.91618642663829
5.58268680111047
6.34570727091403
2.64609794237034
4.27078066821463
3.22389912437489
3.41673706470804
2.74223360418217
7.86869811574636
6.09649823676328
2.68422424613086
4.58692051543433
2.42992713161349
3.33299768210529
2.34054406436268
4.55340063182631
3.22960582270901
4.19199251675855
2.82131083450776
3.12048282360837
2.78880324218695
2.60382052279211
6.55734510118389
3.15606170196007
4.24416313295054
3.33266548816577
3.261693247671
3.98201478063312
3.42720021107528
8.60452754718086
5.02395701188396
6.7486948558535
2.93891202571026
3.55535016168675
2.34175088337014
7.15015111722569
2.36709589219189
3.199118592683
11.0860486492919
2.51134712956373
4.38814681268581
3.90540291811446
2.71643749716665
3.05055750406636
4.27167824024756
3.06547734720628
2.77356773688533
5.68462174913842
3.90530736940219
3.59392921483528
2.70550389685413
3.00839495988811
2.3626916379346
2.96818205756823
7.29989362052418
3.03516152418272
2.60130339095529
3.45424283813452
7.5092797396435
3.00734318244613
3.64982058576162
3.30838990718105
2.23320377603531
3.444075208164
2.6458186186449
6.71749656678853
2.66285974783663
3.28564992308372
2.7878100364016
6.61789730379135
2.60356872050096
6.91696403244897
2.88864911387756
2.4107848908181
5.28552833666093
2.80242317291804
2.93842321023413
3.04272491670199
2.62169475523939
3.87614647540967
4.60422174094444
3.40451377986136
2.66507515458236
2.48593589145201
2.78619459224052
3.18166821121866
6.26952481950026
9.72384996171885
3.45229309623262
8.79715514798923
6.98173039588794
3.37722567184611
2.56430924903821
8.36303724083374
3.64574763742822
4.17004616625008
7.07569889167224
2.45054456537925
3.08629261271149
4.36199147549081
2.46624854379659
4.32877564045528
3.67895056548037
5.08148580801299
3.55486426792469
2.84401776077228
2.66834420863507
10.0955134017213
3.10827434402485
2.54249313430363
2.58965385389963
5.20024624646593
5.76982793278579
3.65617602299921
4.76674668057536
7.73780957304455
3.43721750217599
2.75896835789306
4.55869930366229
4.39576750600357
4.54866605675111
2.9035502729361
2.63973237768535
3.95273891866492
2.94822580411533
2.6128518147914
2.55756933727251
3.23326344362806
4.92531601147325
2.52040709802456
2.7917252627185
3.97040957038551
2.49023458667917
2.92977377916847
3.30275818300305
2.79574500440115
2.68347607858074
2.69474083889831
3.16056995609857
2.9574260370848
3.22278670669296
2.62806545120452
4.43767835792269
3.99336879856747
2.76984722600796
3.90794038657785
2.47686880237824
2.4841136583788
2.8693217996408
3.22192237539994
6.70739300408479
3.14098429518553
4.48788864622021
3.12140664878178
4.47099252301399
3.22849594231308
3.46768569233345
2.44746763537398
4.94861038313119
2.97760291820292
3.69475947386861
2.38607673528525
5.53402064366331
3.27144709762375
2.19205980389147
3.24535057409478
2.61451761609064
2.93388766757809
5.77698756452515
2.71551816181399
2.79108250024306
7.6719705005329
2.97094450113669
5.1996368542735
2.75938958081743
2.54708122172912
2.37446331140413
2.36648573642737
2.50857285797761
2.60393800193603
2.90152648388169
2.52802107638009
3.52536645208299
2.61683559231346
2.42678811814431
6.80868567799601
3.64209710589071
3.45153848840729
2.69115060371547
3.34194975786066
4.07855828210981
2.89242156588697
3.53434158913085
3.85060290641842
3.87153923988593
2.84716926777662
2.77964768546997
4.30725422027733
5.90869263967357
2.62253527793811
3.15826252066616
3.73377139316893
2.73898450190241
2.60699753545324
3.16957862232311
2.43421242611127
2.34672917086472
2.37106290592319
3.00975089402624
7.03180690998846
2.37935665576573
3.72855777899537
4.08318802944831
5.55274992570011
4.03450303981933
4.21295615410095
3.9459132514606
3.49552448720137
4.15305448706284
2.88363927801003
2.67650804956642
2.97080581477995
3.59630216030673
2.31841402636366
3.74166683202416
4.38105165664827
2.83357382595014
2.53125477611827
5.89472426486377
4.1792317141085
6.27342857758632
5.58271141937779
4.446654470115
4.25488813855728
3.07869094128791
5.5125064407368
3.97157246291385
4.32074895634705
4.89846776045803
5.10314272747451
4.92035345895618
5.89271251815942
3.56629279721019
5.79767499416614
4.50124230529901
3.76520259985738
3.10613274231086
10.0453546974553
3.86817422762543
2.7394829285062
3.01529160250497
4.50297338599205
8.24079391272522
5.4418864627089
8.3488296619069
3.34273430639124
4.90702527365205
4.43436683622383
8.61964428718975
3.54474059145074
2.93446425788046
3.21947562078692
7.52164226422292
5.62790702228107
4.36637381374693
4.5321271897279
3.6622482065269
5.41443656095273
5.85459015282202
4.26892553281925
5.78968997209209
2.9853332302456
7.83313634732263
6.2329216701634
4.82922244661804
4.00317412590451
3.19545121888093
7.6435642055607
3.6804589510444
3.17368670721043
3.72483413562265
3.91533337465177
4.47708049267163
4.36387624664607
5.33596992826873
3.56957534717761
3.44520646410788
2.95103429097155
2.82197836387799
4.82676522731624
3.09950095620546
2.47898220927519
2.17946434455429
2.42613911263277
3.56377722275505
3.87752523852273
2.75407560946203
3.00577956793978
4.77180726534141
4.25209285924585
3.45621946005477
2.83114995330181
3.61636588724289
7.17743642997743
4.74748497814992
4.60206770563427
6.74805064706269
2.40669547869369
2.66685071371603
3.25615521427147
2.84133317787796
2.50499253569205
2.51720638439216
2.30907796046735
2.4780521876556
4.74332356036812
2.52675748298917
2.81848812059824
5.27856401251557
3.31876729385714
3.16366233489989
3.21040362339558
2.85882238593116
2.76097942470399
2.7355535483637
2.52160716715098
2.76634362294206
2.3584768540735
2.87142662507373
2.97474381808821
2.7649996282614
3.83618519244775
2.57538692490726
2.65341935551898
2.43599319928493
2.78508393255761
5.41275643886783
2.62918523757934
3.18300471504551
2.67676994242984
2.37340399458225
3.1948802269741
2.97799241738013
3.05993065883585
2.88537350951908
3.17563518628912
4.7937661472728
2.63006728881243
4.83973910915322
2.6721108787382
4.96027048877482
4.13232761077481
6.49464607615295
2.66574922705618
3.33164102275903
2.52414493106934
2.50505685592924
2.5582461273208
2.65931959973126
3.52889749521617
2.73816763717135
3.18241154394021
2.81757652506891
8.34553593875854
2.74731582547227
2.64137161927162
3.53502273157248
3.24017408896542
3.35322913844854
3.21141138298523
3.99185936277265
3.58693013416081
3.28863465805913
3.16186590604646
2.9640412593789
2.59458603503997
2.87932505916484
2.81991619419957
6.79303152533769
2.92424794565675
2.90093753463671
3.32544892241091
3.73534326810638
5.06076930003415
2.5350328166321
2.90906095224256
2.67494425614123
2.76812006521091
2.75922492145207
2.64115241196879
3.97682353713953
2.67962506957895
2.57094221626204
2.93813281685376
3.65924120462899
2.98881977551403
5.55724768936431
3.17172512862343
5.12559547417794
2.5439546456565
2.49457649243869
3.02195211894538
2.28745136086495
2.96992202011283
2.78175675300336
2.70480757767284
3.54535694435424
3.93721410027814
3.6493375659176
3.13280762433124
2.40557660294215
3.01819246553807
2.33891221191772
4.77511602459689
6.97748600416412
6.22858066390685
5.13235596587137
4.30645868126925
2.75393238536126
5.94725769371647
3.35441638336538
4.56065983820377
3.02974232268111
5.24440986554588
3.28612830700066
5.07239135075065
8.75068948056357
4.49940871968996
2.80699188129015
5.36761844091901
4.48604373348502
4.73320414164661
4.55905228542165
5.62961903615621
5.52641228140122
3.80666153917977
3.07789224382934
5.95115683573473
2.54126247958521
2.90194091888743
3.14977343038309
6.11618652864932
3.19818741402714
2.91442940715672
3.59157665400537
3.72157913125664
2.70226740948374
3.44251901465011
3.94162208155415
5.84548735896848
3.01157543809262
4.33486063955049
2.82950194244215
3.45422255686815
2.62135276984593
2.75775616825288
2.40540632387466
2.49504594555615
2.36814526043141
3.21850486986973
2.85778226144664
2.35499921427801
5.8951661443172
4.7552893139555
7.39273677396383
6.51408361042459
12.6512336352531
6.46767514724884
9.78642832085538
4.51114642139071
17.5640427353378
6.07213139962074
2.56642505961364
3.59103679256452
6.3080616971305
3.04305015604093
5.84983795889348
3.29767285618282
2.87074424542681
2.58232766987397
3.34788023247381
2.9363512994004
3.12174608839989
3.36238599282909
3.54835533545644
3.98938974854434
2.23584110201842
2.70737622296644
2.67544711612376
2.69641098923921
3.21259242040188
5.22532002148192
3.42532417582057
2.31526869549753
3.63297290893766
2.6644209000213
4.57746687810421
4.92902165613372
5.18690741590257
7.38574135147933
5.0802667725803
3.88409967657601
4.5678488942117
3.1968946229767
4.8338045698718
7.11617811595535
4.61174238032241
5.59202622498891
3.37018620883111
8.13370832775247
2.69644480506871
2.86118109942261
2.7275319812506
3.96568860198797
5.19280039295697
2.90622933873002
2.711351337666
3.75445632096577
2.78991607995949
2.74766928078075
2.80370065517359
6.03613600128159
3.18953518080908
2.63784191444002
2.41475744680064
2.79137756765588
2.55813178277126
5.07967184144071
4.42655349483729
2.73508538582144
3.68409518741481
2.69372799568504
2.74294749880207
3.8583780728391
3.11763851489136
3.066588320031
3.84310867427999
2.60280694753101
2.70452078364438
2.94129670359796
4.81685737817097
4.04896030577326
3.5045717437041
2.78524456041899
2.74943064117632
2.42652322107604
2.86520118880053
2.69152398918599
2.72998099956524
2.89441578619648
2.58150122627461
3.15700042300209
2.52079114351318
3.32346575022834
3.09525505050554
2.72992345831491
2.54206947824343
3.13823578992712
3.08796426385463
3.09404960253326
4.98276498028964
4.71636310820156
2.91405496486333
2.71339431169378
2.61746555844693
2.83553282759603
2.80615635265397
3.21046553892722
2.66234653992139
5.24901062216588
2.46954928352671
5.03562967365436
3.44756788105525
3.48374053761984
3.6931294187622
3.20751506178374
2.91123503666346
3.03060548163375
3.4227601178454
4.42527983331251
3.14035725469438
3.14501581650566
3.0628399851488
3.42243790437854
3.49578355356167
5.35675628497915
3.61328326881498
2.40203773592606
4.14428578572474
2.97442500948019
3.39877766401725
3.51468477627001
3.33850941376923
3.55123038694533
3.59049622835954
3.32924692334675
7.92020010716645
5.29592059200899
3.20436952451577
3.78247377814493
4.30654113303838
4.26843401933267
3.29613404778943
2.85042073118488
2.70856323213863
2.54418285259469
3.05223690418874
2.80589756893375
3.84666429378865
5.21912441016362
2.47284149623945
7.49130078360827
5.90900893467061
8.07716196157479
6.52918786585583
8.06381817677223
13.7097177505003
5.35295757919549
13.6771188272984
2.76127855730615
2.70197144038073
3.94858499512761
2.79265379819472
3.96726325160582
4.35193164537263
5.59376912138293
10.9107618997792
2.60440481941207
5.27795894239283
11.6461052696846
2.74785634732137
2.88381043185556
2.64485613484238
3.34417159811664
2.95884501994543
3.18860429482752
2.85901537750807
2.70521962214464
3.153288510753
2.91786603141139
2.77393358982493
3.05891724619837
3.34752578755093
3.07031843221958
2.76630839245888
3.50966406977908
3.66252136229393
3.30116505223537
4.90502176651281
2.66921366231857
3.08776374178967
2.65760199648197
2.74566711508273
4.80959091319273
2.80061801570534
5.30680265606705
3.17471756771958
15.0211987995339
6.61758479338221
8.31211913267977
9.21531764849022
15.8901134518583
21.0257679957927
27.7826994490437
8.02322338878193
22.13402251802
3.60980379313621
4.93822776340864
2.6660082109981
2.56698515472847
2.71722678733226
3.97857867891787
7.32638128955447
2.72095776601697
2.85631390662344
2.68205926129529
2.74254807419708
35.2715888560856
33.8214423398124
5.96938648179967
3.84750157111612
2.5356685068882
2.79402079346721
2.8876477461827
3.37700108084002
2.91448305588161
4.04415845744476
3.09767425041757
2.55681828917287
3.93486919574235
4.83814016153953
3.58213487343245
5.34057186967597
2.41891135015306
2.71995605737813
3.21542574731277
4.33810703321626
2.99137523786973
2.49033063300776
2.53696719493641
9.20406254309307
4.42193748231034
4.46381484650595
3.43068570039054
2.85068929376064
2.3112850483559
2.65533985071913
2.53617714649352
2.53823874078811
3.40630738681296
2.64901727739381
3.59760913444696
3.51287610466062
2.76322484655815
2.76460669236026
3.67724883545449
2.77158952279852
2.8212929302655
2.50828266043003
3.00373993545721
2.67140480062521
2.34673558075483
3.59713858899946
3.02172116953259
3.08178116963997
3.25741235485681
6.74674785261045
2.6407873545271
3.54647113694554
3.25915434164407
5.81993220219619
3.4921052978463
5.21953641995354
2.80384271365088
4.13725635205602
3.48096993094275
2.71142927601458
2.90267154196616
3.75401872486368
2.53887092605544
2.75526758438149
3.66328320119226
4.11996412651084
3.74023980068562
2.55050368702298
2.55975047711799
4.03152219372961
2.36466365081289
3.43183422681388
2.88857611531852
2.4765552509647
2.57025025130044
2.63176916617081
2.388204447068
17.9104143644138
6.16855168854847
7.2604897348522
5.69581515544048
7.94082656884981
9.49033852501594
12.3981661077622
13.9930033723891
35.5597657534498
9.57244466336377
4.14768207953586
6.32340806284489
6.48687362086878
9.45728861202932
13.6093377130583
22.5687572675635
7.90696398270818
16.5200430614416
3.04535312542886
3.63782080055712
6.93069034918674
3.90125244060067
13.4827718051883
9.78279135869478
3.18348783499334
14.1094654643872
17.0861140943615
9.74104010428375
8.80123291842053
4.75821780727121
11.6566181519969
9.34433467280896
3.95854586218758
3.76324857914123
3.19514998396627
6.040780159413
4.0547269806157
2.68395912780063
12.2305529611745
3.29270321232876
4.29797910629244
5.99740068136391
6.4015582125784
3.2702422797861
3.48222839121439
2.7829114025143
4.18795631633795
2.90356874721181
3.16922164508645
3.69365973720667
2.75541628734487
2.877903823461
2.94498714003462
3.89041698731087
4.90093250063264
4.22977555312278
3.78477591507277
3.41858947963903
3.0016494828802
4.66427900010028
2.67695328194162
5.93216658635909
2.57769928233979
2.53978908074146
4.14316127225644
2.81547246732378
2.45914518392378
3.40547153865374
3.194256362925
2.96366672556874
2.4169846731212
5.70630681760286
4.44725851543799
3.72849690767327
4.78501229587397
5.2231496008435
8.37965940161303
4.84983582538616
5.67850335531426
3.84208337205693
8.1586474390096
5.57559654975747
9.47692244423796
9.45204982105588
15.4358012839456
10.3566300300364
5.58694853495157
12.6749488264854
10.0292833221531
11.5336020174792
3.61320488672884
21.6329894341046
11.5544223722883
10.6850910414395
4.82045603269704
14.0870985057737
11.5339786555117
12.435982498901
20.1372361589808
12.2964195707474
17.8332721596233
30.0007002541947
12.7911696318286
16.7725519171977
6.0020533202799
3.06865734802149
19.1304683660984
16.5188224168564
10.467307007588
3.93999404399493
3.74714970758002
3.38177085788973
17.8327160557994
13.7293187314539
27.2994962568326
6.81858937739883
23.3026789047076
29.9548251128327
4.60501784783921
8.35123673311715
32.0958160228783
19.8331927024691
4.40583314951786
2.73731827279176
36.2198589165833
13.6290037429029
34.6799424403399
31.3679273398594
3.93887030885031
25.7235637646546
25.1296100990158
10.5153513871494
3.85697288446508
3.40473352934458
4.06816259261122
16.27455055594
14.5370341242965
2.80471388334719
9.06305436888049
4.8323332862144
5.32199741371927
4.84369369544516
7.9449739846578
2.8429430572937
4.30232367774202
6.33247452891166
2.95485174757679
4.27509585334932
3.87755482654188
3.17156392200786
4.38219693354508
3.22568733086276
2.75015186446111
8.52613713522099
6.83344642943485
6.47887616333805
5.91941323903755
4.17968628033306
4.34062548865511
7.94032587893258
17.4047985012792
5.48576848469537
9.68274372269702
5.8546896524269
28.4542279427142
23.2761320108443
8.16220433321254
4.25904413661493
4.76869280349349
5.4197224362336
2.91101295622351
7.31157712556376
5.01381876496196
4.46503790338521
6.75601274724997
2.62920599153087
2.95692595525549
3.66450631884685
2.75791654908832
3.9571132253403
4.4046001714175
3.30320761674381
3.71419946237286
6.80752589209309
5.57290140785537
14.1111172239666
12.3681483892299
13.801982941823
15.2432852855309
7.97593777170669
18.0020110451024
8.17033704527169
14.7155269233438
12.2833518830835
10.0531426286947
18.363815757546
10.152591644866
12.2715424391611
11.2645105792243
11.4529747697945
9.07858496777362
5.21230584399862
5.24963614363622
10.1405458985144
3.58657086236916
8.03132748211443
10.5164615220224
13.3325180173141
13.1887495837984
5.32016951699558
21.2098868892085
15.8569845457914
14.0026736323096
5.78008081593157
9.88432596331353
3.76525090435729
14.5300464653564
18.1278764107992
15.9777050673338
19.6877661966203
3.23034195493686
2.98811852401981
6.93068031239226
3.10285764207629
28.6271770380083
6.46241243746709
15.715484783634
3.09183121008891
9.02544887803036
30.1574739334997
33.062777614248
31.5814609198986
35.1358038187201
58.5572638969729
24.4342242332128
2.64757546816549
2.92356078187245
4.48235859609776
2.47267642763575
3.37732949235038
4.43390668002025
3.40447836947512
4.27476676031605
3.42494182789341
3.38576393214964
3.28063090956718
5.07402069924873
4.60100752086104
3.53075027274629
3.94359335797134
2.79672266446303
3.02493508334233
4.81760760131342
4.94884868360264
3.01478645682882
3.12697971260787
4.56619537543676
3.15645290535842
3.21864926392364
4.13470064456873
4.26810762426331
2.73549935462792
5.43784550976544
3.05042554806277
3.54138401814545
3.1341391153268
3.64627149757283
3.25166782090587
2.77223476268418
4.97082818199965
2.99883444512259
4.06641742265959
3.45177917516224
2.81177529047608
3.16155202511858
3.33475797051555
3.97051009572707
4.76830208818719
2.46019926467465
3.20069664553097
2.38376206107243
2.32492765184443
3.18339106059425
10.6828318118552
2.94497960796264
5.26591957501698
4.56942284555104
4.7566455477436
2.52934028070203
2.7469995626951
2.71908154075446
2.58608040745468
2.67872786697917
5.68107490850775
4.2000617170993
2.71076671573728
3.82850804937781
4.36127203033481
2.61852065595436
3.81867863504286
2.38974880047925
3.82179245827345
6.5296923757942
5.56913005594872
3.508784623894
5.60144078440645
7.17969987283629
2.93184507033724
7.78915650986744
2.7139625496173
3.33035417554831
2.49084070268085
4.23010999686379
2.96956136655939
3.99045632849511
4.20930787948403
2.58710584812462
2.86917579764642
5.32920473708169
7.43155178125691
3.25621754296523
3.03009828219708
2.8574379557177
2.61638898009996
3.38745114992726
2.56936327291357
3.25726082317199
2.34862372931245
3.62699890952682
2.83005502661107
2.92014710457243
2.42816879660846
2.85082156147595
2.84331442124991
4.12193447331588
4.01808712809536
2.98672219793309
3.17403310510011
5.11429661172692
2.4654275979604
6.04172492850258
3.45129800918478
2.97094840730951
5.32866141863484
3.14710501746257
7.12961581741616
2.85758992990797
2.80288199679564
2.5113209209619
3.02339787665011
8.4240315517999
3.91615410172723
3.21159562211472
5.34426496613372
5.06315689633018
10.1974584109827
9.1829132446752
8.49764382559339
3.00061361205118
4.84194161139084
2.62166684736643
6.34424961778212
2.87229766672374
4.21777508373457
5.59989682317188
2.87444781583947
2.83836930129615
3.36422998741918
3.20294790844305
5.27362830222704
7.78017618802228
15.545871990918
11.9376354009173
7.15400159336547
15.5507644927334
2.46405250914004
3.57796378231621
2.94346849100034
11.3937217154995
2.84056386113766
13.720974089761
6.26659111438257
2.61125645059588
3.33934216451916
3.02301435059822
2.88230076696491
2.90944718857709
2.62158233101253
2.89559912551261
4.03702050586673
3.28430174649754
3.11073488146133
2.98935499712227
4.26841495300826
4.50296297287495
2.4845286635099
3.67885797715472
3.16673255260794
3.7948581548455
3.24346308764489
2.88957207222961
2.59975803115226
2.58372725400558
2.54024968820244
3.67054010708614
2.42519514571276
2.73034813816125
4.2080014088852
7.05753424934938
3.00224267901554
3.58250267465335
4.9344922786147
4.54374183441994
2.78360153013634
2.56946539115072
3.64334381773628
2.94703042421757
7.2777151108559
2.58580308142124
2.74029213894561
2.84821004318863
5.69235166419738
2.5638871167759
3.23995169104041
3.85990190527939
2.544636462704
2.40090059172984
3.50384571723588
3.71451779551802
3.53634874634795
2.71860233159621
2.67614685739958
3.05899652117744
3.38174291445622
2.89108877466675
3.06013497554469
2.90038796747057
2.63285689718
2.77498652035906
4.78795977452545
3.33514232323067
2.55973811055481
4.76410548645833
2.91082433550025
3.16799590019309
5.67076481478754
2.98685318948692
2.75518680444557
6.86187576017372
3.65630724864312
5.90018794096362
3.1283146385784
3.02665298148954
3.54725569604018
2.97521826739399
6.01410780577448
3.38915159881979
3.83030164199945
3.50447425460596
2.60579750678947
3.17071141997675
3.55211250914627
2.76351252576651
5.02270042203539
3.17576082536948
3.7708479174437
2.87903589060022
3.77228838361034
3.41901542128436
3.31546176721584
3.76492939193116
2.97859782946701
3.00225037266597
3.62599973777291
2.83188400442628
2.65457026801378
3.60256278966885
3.17884243492634
2.929282193472
2.66734129626723
2.66730150598792
2.83285036455889
4.79475711737976
2.79462072256778
5.2767029696761
3.2005361951264
3.20417065436373
3.49982141002618
2.93588932275502
3.84761920731202
4.21156629767508
3.68581878387902
2.7902281136698
3.30762300843748
2.75287888914199
3.27863708838819
3.06568887741211
3.17115074482409
2.58769169662485
2.64593506982923
2.47805292132096
2.56144273590524
5.15533136461495
2.79219674750027
4.02768358235143
3.33921090937032
2.98616604433196
2.64255784741012
2.98896796915766
7.27067319026483
3.74003748056205
4.41080758852444
2.75000075342266
3.30589727828731
2.94321226450657
3.00613959291337
3.20815428272724
4.16443301634609
3.86345356319947
3.09348506409313
2.92401051545295
3.4337198497657
4.5165768563464
3.2073246705862
3.51647195094263
4.35871924590331
4.02087160429541
2.752165624584
2.79609172995375
2.649056183672
2.88427670230738
2.68636767515824
3.9806685711754
2.31191324018795
3.56128256627559
4.94395679468367
3.36518731773939
3.11720979060207
3.61187614473709
3.57039331752153
2.94798063337689
2.53410566352588
2.95631994252042
3.46493611130537
3.05915638954065
3.66380603385745
5.28848402253073
3.18067452186331
2.82884396272622
3.15191073828029
3.69325268464198
4.28719688709205
4.20333312074965
2.97307497688081
3.76648688856935
3.82001555871286
3.17386281591936
2.49979222886899
3.85203325358257
2.6779506657768
2.25048873683528
2.487111722887
4.17776759677847
5.30004320304881
3.95890733631015
5.09003568946256
4.38466727836663
3.86131628242584
3.03160251199562
2.88683436004902
4.67208040405861
2.53817929046255
3.71648146430622
2.82519437266428
2.53856459643192
2.56446666385183
2.75029054437513
2.85109747668085
2.88438831039067
4.01225385118188
2.70559816735804
3.25602071139677
2.5906259407619
3.0144710956507
2.72944817033717
2.98631444386776
3.21696367094446
2.1119744236958
3.04562640562514
3.18882740691123
3.85511357133639
3.1662263902953
9.88376314824591
3.57625357187111
3.29338390296048
2.52539196236581
4.91365096998176
3.54359908392956
4.85138485341516
3.75935529091708
3.81268275644347
2.81697366052577
2.99654685356467
2.62916110190844
3.067572339463
3.61398864719981
2.73143568766043
2.6979073803103
4.09342600468072
2.46560559135248
4.76241755547605
4.00141800223261
3.44139871416882
3.80606943253273
7.08628990299507
6.33314311204561
3.24445829450535
3.90253323121981
5.15052451674063
3.07360524615023
3.75516593901086
2.52388840188616
2.50625396490181
3.07140507721231
3.52847931860342
3.55756896903682
2.64179887381101
3.14667837390755
4.02807813245923
2.86529148959648
5.0083615120441
3.25901219248614
2.57770846417084
4.14079633274172
4.21191193560344
3.30968737639564
4.30094719822723
5.45586308619249
2.79239474099845
3.16846736744626
3.85807751463596
10.6263298333705
3.4537519119563
3.97311316162663
3.34471179066847
3.20262700411716
3.03275783392859
2.95375998522322
3.33919663659914
3.92694924524347
3.17391775497426
3.21973049270494
3.06958829463876
3.858927450701
2.66042687754783
2.80654012445046
3.15994621154177
2.25645330301861
5.24609574789027
2.51312799285724
3.16029144158825
3.12417317345999
4.35491179790913
3.19969951124841
4.27947500605494
3.22635982630345
5.90961493804338
4.26345313710255
3.14356114940705
3.5715784300368
2.97270170897259
2.75150311211373
5.35139082658464
3.2944214394903
2.31517122253622
3.30240397455721
8.10044661687869
4.0333927809867
2.52067648202132
3.41294529408766
2.73455682599562
5.63968191818462
3.90651862046706
3.78335776540568
3.57502743267369
3.46245848170288
2.29104626204183
2.9021529638568
2.55157985547163
2.63220425512137
2.75579293378361
2.67771116235882
3.39144222557347
2.64561151002997
3.25248198106953
4.45242218818467
3.35947429020234
2.71851175019665
3.1747055923445
3.31714060706957
2.99324484126619
2.80127518408472
3.51734421543568
2.84098683749716
3.14266845512955
3.84779185664006
2.63000868570456
3.20161600090869
3.66000018622381
2.97924173422004
2.89555440319931
2.75574635446622
3.53121781611451
6.01183468822106
8.41617938650546
3.07495149370861
2.80378844351289
2.80127141463016
3.76301809584313
2.75750122759151
3.35074007304717
2.51252304927596
4.30575841517153
3.00830296370645
2.38713041981319
2.72119231234863
2.59329733476898
2.8361941421347
3.91417537077502
3.48194659323114
2.84960672902431
4.11344278158854
2.80243669186492
2.71510303209976
2.80838266035125
2.55759673273298
4.36158651425086
2.45574151616938
3.9238867571851
3.24449982870767
3.72458864802822
2.81061850611524
5.04377265935925
5.33537423727233
4.89282639874957
3.74122037554025
11.0996691261231
3.02879187178366
3.03999308496907
3.20296426526688
2.46819300826726
2.95821884329303
10.4898080929913
5.28863023411026
5.10881313120566
4.52843221862588
3.59821009529499
3.36029261493225
4.50954911630606
2.8555054075943
3.61887032252454
3.3455837232168
3.47124181176834
3.18978098947137
4.15697947251363
3.03289368267067
2.90647255826681
2.54057453909263
6.38894775289426
3.61378136435438
3.00735868909743
4.99268157096359
3.74105327656114
8.27524199785527
2.32499993950668
4.41382995826054
2.40853638303707
5.31617920276852
2.59121702254538
4.62703456126538
3.01491291703292
5.0389510536667
3.48353623022229
2.77955078736817
2.78939333365561
6.61085778671046
2.37617793378595
2.6818077902711
4.93720807293475
2.71416338503644
4.75312781715846
2.52230725761623
3.80779390542191
2.80661669696779
2.63563914598744
3.22694198808143
3.59375068932352
2.49703090055341
9.08263878546503
3.63794407331643
3.32496777053894
4.2582316329432
3.19626579522004
3.61132651587563
6.27061817362519
6.44935263376239
3.50516499586255
2.99560188382857
3.23849278394049
3.42114864189963
3.66371933295687
4.24936669067234
2.90273795999705
2.40238676682944
4.11693366751507
3.5889433190788
12.1714597412182
3.21822585738395
3.4273232689007
3.3549179087417
11.1223561181821
4.19328072221717
4.19045388079932
3.21431652047927
2.6946737910917
3.29987815691513
5.08310655656036
2.66910976908734
4.37743585806475
3.42935400283918
3.57438164441997
2.50619598045874
2.48371691771453
5.7876094569712
4.86441073871265
12.0275835554805
4.94485448622694
3.76716378303709
4.25772726114444
3.12154735388428
3.57134636127385
2.74087708174459
3.585813623616
3.91283326473698
6.10159676952012
7.36947390745195
3.03772724072602
2.97254124427148
7.10019840605572
4.07260356636139
4.94329506557801
3.61739851155612
3.46281254558964
4.30749656901993
113.871368054751
3.33341855060591
4.07102609397855
9.49795962413698
4.11325206122233
3.76130567480226
3.179777530984
2.68888681121152
3.49664677740071
6.70652803008153
3.45253999127508
2.86322384254098
5.53121333031985
4.19847219758843
3.09824490286004
4.06231169010619
3.00256042050681
4.68388100036403
3.63988695042305
6.26195916083313
4.03337449817204
