1.13988029866217
1.10844799438499
1.01093985459985
0.936302239864767
1.24091614848539
1.20648343650159
1.08226318842958
1.39970120230255
1.72618655539334
0.96065721312239
1.0042434484597
0.977862846768535
1.23003760105206
1.40711522176908
1.11455166724228
1.15682073439804
1.10571852035583
1.34010868763639
2.17921803273547
1.54708408076185
1.23196148669883
1.23197598800687
0.973096630038582
1.64481497762135
2.08513577408781
1.11623737054545
1.17645232840842
1.53656628415091
0.958975656565346
1.71823326970893
1.60257688143359
1.55643416052504
1.09562021067751
1.81492188982777
1.45158970206276
0.895157670676458
0.913768163614962
1.42811271713729
1.10057141580436
1.13912310148483
1.02755009386091
1.42298954814729
1.0997928080243
1.49044083755195
1.42327907091292
1.09538834551899
1.06439241655569
1.46726134144629
1.07709230185612
1.15374951697042
1.14555059666667
1.46726501624791
0.994619269575924
1.4952655621231
1.20444896774994
1.22134666657818
1.80523129706822
1.1895475365875
1.32825011770051
1.19681464921591
1.05442606361683
0.970787215442604
1.06986971436076
1.25721513091523
1.24943867055533
1.0367591797286
1.05217839808136
1.11632178838964
1.13957959409764
1.44593352325508
1.05520116008705
1.30915415816766
1.19794617912543
1.14685848817299
1.34320004213698
1.08186084753875
1.27697028631217
1.13470504411872
1.10415351216681
1.03257786570172
1.06395010429523
1.36860283387564
1.12215972713537
1.57972498735743
1.30103216020125
0.908467441554524
1.06695021770118
1.06609956025257
0.91269155902665
0.895797167656989
1.46379642577659
1.49520099710696
2.51066292180899
2.6740528115477
0.996999638455031
1.36619792553036
1.08739050582417
3.38685522179233
1.56361057785168
2.01633765459669
1.29460474625213
0.883335351827642
0.901300824499982
1.60502098155195
1.30547706712011
1.65600286815198
1.56200306493783
1.1516420004853
0.886295726771812
1.08797810589729
0.97416098920282
1.18608822723096
1.13272584600605
1.04972109068094
1.47583095272203
1.37207018997592
1.14608700522288
1.06217810921123
1.33746821234453
1.16674712867297
2.51311616511429
1.34919714791815
1.11043993327298
5.90587485301986
1.32108236301624
1.78375473597017
1.40137112439801
1.15971472733944
1.17652686345979
1.3790335385758
1.03851211704534
1.13969724087412
1.96378434186456
1.44185439680396
0.825309600013188
1.00453913459509
1.67062739289219
1.11339916912265
1.82981217176032
2.51601170110581
1.55593608949632
1.25931254664114
1.07823022745628
1.92301646190401
1.4231499397404
0.975474492681166
2.36069121466288
1.08040259647879
0.948228667939743
1.08957734685935
2.16625086529029
1.23201363150497
1.28167317678257
3.10865092005744
1.07825535804975
2.47794893897606
1.20693746178505
2.54252360562361
2.26276140585299
1.8453192851377
0.921212153533663
1.46992580776818
0.976431919538695
1.11599597453516
1.89377542848457
0.824832856942428
1.49194317404794
1.21634114317697
1.00276580517698
1.17912747915285
1.63032975623492
2.13963628793472
1.93265191047828
1.2840305010389
1.15369554960839
1.16773007492646
1.34553406255889
1.16032367661293
1.01559469872203
1.47624896525019
1.33957918488933
1.51372388112753
1.18243838932907
1.35973120765511
1.24872517889051
1.17536504638802
1.34954059208702
0.984906560566183
1.05911957048947
1.11010362333671
1.12101535793555
1.01150452705747
1.80978042273733
1.06578203499504
1.1073695911343
1.03790941376421
2.28386638502963
1.86309961081844
0.887534026132996
1.73472672216558
1.17373846609195
1.09685227569265
1.09419102455651
1.49527567756342
1.24223782516684
0.91195096800485
1.58277644649743
1.20815398687725
1.10712486393195
1.82065069026916
1.59281919680895
1.35905749886965
1.15220701381905
1.45364421072882
2.0743246889639
1.43089290848923
1.39943016734805
1.13387018106189
0.880201203300442
1.23416884605452
1.07986908849851
1.30266635049836
1.3702215405877
1.44326196184149
1.53476489445722
1.1902584051935
1.70677335037372
1.38683994338601
1.96595751877216
1.69544402079405
1.47553738688164
1.19210460307925
1.00286379639599
1.35227220870304
1.1172749527685
0.92665179358369
1.06067012601055
0.899660063964977
1.29751805640427
1.14775441990762
1.37804962876402
0.989358885200349
0.89954492966084
1.26619252984204
1.12578761675794
1.65425478804879
0.927446014437331
1.14905857124055
1.04767695998261
0.788800282299509
1.32762456352633
1.18875245338485
1.96983302232264
0.945198140040999
0.931680853806033
1.02135857210532
1.53424439454984
2.44086489524865
1.03743943245413
1.50864175833347
1.4468649328966
1.39766617829256
1.4183295870922
0.964595025502727
1.25587780288839
1.91610022938784
1.25352178586779
1.0506996212585
1.04237341422827
1.4452197148059
2.09161730931524
1.00232251487459
1.12400386336548
1.41492157858603
1.78606856492223
0.998930000306951
1.51325093431479
1.4053107197494
1.99227384663892
1.2170718438291
1.09812937528578
1.09546533646253
1.00218959597095
2.39762274111035
1.01830427310547
0.973588246796604
0.796628867839911
1.47560425625759
1.15451727898172
0.935378727821163
1.49922430381539
2.64065027674118
0.950537594797131
1.29164938285845
1.04727516589078
1.21059428103718
1.20195145374953
1.4317578847735
1.09314157645161
3.06946073970913
1.94626760795691
0.976894409290513
1.09437565445467
1.93636817001933
1.05216666609011
1.39338173873229
1.25644264024486
1.19208718946044
2.73228592262275
1.50275408442101
1.34424535251777
1.58153980856299
0.988835465011416
1.1412410187339
1.04162288491994
0.852339321209222
1.21416300723016
1.02238884649237
2.00848037502612
1.04409844721553
1.04077232171396
1.79580498456874
1.21610437131753
1.757782611008
1.26559245216884
1.17215500505203
0.931479371217306
1.87472636179989
1.36158155846481
2.08521268026432
1.14269101161649
1.21189228852216
1.34124092767127
0.907109814226792
1.01848915413428
0.963300947715395
1.56253847336009
1.5208838842635
1.41557591821829
0.963795831021805
1.12334153418162
1.08301413218825
1.14063969994278
1.03864948427332
1.06321216135544
1.67691189336124
1.07073450073235
1.3553707342296
2.59349128409074
2.90888219655241
0.96612479250783
1.5755006915278
1.20055941824212
0.914483055072247
0.986743248508686
1.10054013420163
2.10053504390784
1.38621926106906
1.34804477012812
1.35341879258436
0.951969632798021
1.26037910523738
1.17954558805975
0.932502640396942
1.00021753874979
3.67586051859522
1.07486219608273
2.98780726072698
1.99583893046116
1.02348328928533
0.896616554698648
2.10405853432057
1.73677046405353
1.47939644745694
0.92961111275166
1.0911654104221
1.24942426695827
1.21606394310791
0.919586785740332
1.34206294942216
1.16071058316916
2.54027756946829
0.967626475208093
1.18550230900802
0.947508356960878
1.68673336636694
1.66162484068492
1.12408408247569
1.42081846218459
1.1452878019876
1.0973027398987
0.892460713226847
1.57933402060843
1.24527148530282
2.45554607459474
3.01858045069792
1.00743916074596
1.29438212965568
1.13661866509963
2.1165181878303
0.935548404506158
1.39866039606836
1.33704628380479
1.31246239849915
2.14073666245252
1.19771998538395
1.58188483126796
1.12869824126742
0.937162362200396
0.865246863123147
1.23121419786401
1.57803331015752
1.38892065138271
0.943349129484765
1.23028886008336
1.08260415199835
3.14930072543287
0.990360007371918
1.42778920141085
3.17402641782946
1.69249097616044
0.999990206884237
1.20170752973848
2.2899820191243
1.12164525013918
2.02805317746705
1.01473099976921
1.76794990111205
1.62116851036812
1.81345870627666
1.46596417442902
1.05949795143244
1.58444355751294
1.39951997837138
1.02822072783442
1.35540720390523
0.945033304964289
1.13769396672616
0.973785966266866
1.1483477088814
0.969270793897168
1.17467786713866
1.9111092010353
1.068753007596
2.53389892735609
1.94912730845611
1.01311821396238
3.20930490184341
1.18653002598581
5.52197482530958
1.28700780501557
1.48353934519607
0.968288829613544
1.1709975820243
1.07821486246972
1.15535816322986
1.57120458978993
1.4627877343933
1.16907815085731
1.08882446329924
1.58631356262257
1.51659011519168
1.06614572764944
0.885040790872808
1.23413159745426
1.52733272429484
0.919425750690844
0.916629644924741
1.54500053714119
1.03738213292431
1.21473666331561
0.789743758249355
0.862583339827013
0.969441112932473
0.942415579164531
0.939867137008288
0.976624796125251
0.921571174704807
1.40957064361417
2.22579003215529
1.00774825073377
1.10125402042267
0.897988115140352
1.23479035746078
1.1607289685916
1.27625485472129
0.934483837024032
1.28721332126348
1.01139934897633
1.0527472602242
1.20060346735792
3.1019888685009
1.21351800152479
1.11611005356968
1.0583895253983
1.23841708140273
0.908281051613994
1.23437221037534
1.07105089959985
5.43947100411796
1.37739575272905
1.22033133214797
1.65378387810089
3.37378834914812
1.31238858813178
1.07415085913334
0.837571587433949
1.87388710811188
2.16635557441858
1.46127763554708
1.08997245283301
1.27900603600312
0.957564861847186
1.84839511397117
1.19868255501521
1.32054372244354
3.00535918671957
0.940346141705169
1.7982627503264
1.38253746005305
1.22897636390869
3.01207215049223
2.36967007930355
1.20754376451631
0.978454424363806
1.80648054154705
2.43779418654247
0.911377546290972
2.20023596022931
0.97866591554122
1.30470102674141
1.01001131010572
0.923743695120978
0.832434073245873
1.08213860757511
1.01939416484204
5.89045262331838
1.01867318376534
1.58355775188378
1.08624117498666
0.987596273243594
1.67789845367512
2.82811004348452
0.954634369645434
1.14083287731444
1.68563575889953
1.81858804038333
3.88956868479563
0.989138612928896
1.89389758298231
1.65198729997449
0.963683862702991
2.28273570943387
1.17280296897873
0.986716218734093
1.41302633991847
0.989888315086737
2.4308146318774
1.58168225187678
1.04580525113983
1.52362351875405
0.849932855175097
0.77828480533738
0.916450707858532
0.961820510319342
1.47087125292056
0.967487003932072
1.10510387613761
1.22997467960112
1.59883827455082
3.99427032490307
1.03888486365941
1.22279157005682
1.08221296485238
1.11991240353866
1.07473033908776
1.39612507223635
0.880064786773474
1.36733374325209
1.64719791724161
2.22460377354387
1.72809494174602
2.20518647818888
1.07526106926523
1.0436768275651
1.08640750014683
0.899700813965857
0.990275343431232
1.23946107720669
1.35647120179814
2.1219631063876
1.06106759946738
1.91041779180449
0.971283597033898
2.17528494081356
1.66823608994251
1.16384840707418
0.938695119773945
2.55165787187198
1.6161852222808
2.07996640123921
1.06645890052769
1.46079375888256
1.27541405414223
1.3879847674098
1.58134584890908
0.959605388766534
1.58019612371156
1.17941692320823
1.31743393725718
1.43018966151692
1.3345425712151
3.71603907271499
2.20971638775205
1.59326064326126
1.16666399748907
1.33549984593098
1.29305214215734
1.02975586951671
0.883746966253528
0.959764026810009
0.757822077656401
1.13588003684922
1.29216200359218
0.917756112830782
1.44996821756188
1.19830784757826
1.55909601458864
1.21345188392713
2.50521116861448
2.28600394835626
1.2501090469488
1.00267875096901
0.876349404057204
1.14430105885089
2.99812852048202
2.41874116570424
1.28643777226295
0.933635778132978
1.15033160352467
1.88698751176448
1.02189882088623
2.92672417213046
1.70739559747575
1.90658426067646
1.33473824819465
0.922742726214702
1.37245878959208
2.02994890228167
0.88263061297998
1.24254449409723
3.29243739726326
1.93181255423181
1.51501781715306
0.89720979086869
2.02297609218059
2.87878167955558
1.34571336999398
0.902400996501213
1.07153192624338
2.22881610310858
1.0389928963665
1.7614846348077
0.964818697036497
1.38517977908518
0.892029503962776
1.54621071049755
1.01639488102592
1.57061251440462
0.864200471632173
1.04205556425473
1.51028571412558
1.23615957238127
0.869061826445533
1.09138101375248
2.59752463173022
1.38310523830042
1.45098875044228
0.8998734918033
1.27076756271207
0.98521595803881
2.15514214432802
1.18177504137562
1.24138217174455
0.984700481817478
1.47283482550199
1.09128801974765
1.29149038831413
0.905774508077312
1.03940934212477
1.07615736783287
3.20133575387067
0.980614750022216
1.38610005204491
1.68278798991227
1.1097030035089
1.60535757139929
1.02150880894312
1.72455375997494
1.02352189686367
1.20418061086421
0.998204515066046
0.818619421235644
1.19491328627992
1.04268604627783
1.13933015011273
1.13938652730188
0.944592255423269
0.824275802124318
1.0049809807406
1.03620553185641
1.09114635686796
1.9398332311134
0.960018903488149
1.24515782046809
1.01817504026
0.924205718840686
1.09940872851036
0.955818189553164
1.6356468188468
1.41586156543924
3.08612284344855
0.900774271254584
1.43897745743039
2.65023738024091
2.5038675558315
0.959644278667325
1.04674923641178
1.12768793753292
1.02649484506776
1.47936403234497
1.15489400045912
0.910783344181328
1.08912196837693
1.24394856307872
1.1847889496303
1.10806796425678
0.949754564602054
1.14092257393549
1.08067312291882
2.20479552057864
1.05105017358479
1.57170656710694
0.950315479097047
1.28686484875301
1.16477249389214
1.2930740541297
0.968019061910895
1.06209638228857
1.50441374627257
0.927351184588527
1.40294069643196
1.70312207250349
2.10541461055554
2.59283538963034
2.56285732688506
1.50784651411636
1.07637763139578
1.28947717775686
0.886960499525173
1.256706955176
1.71046690589021
1.02187234384678
0.817883777987362
1.21888909347614
3.01156259992935
2.07398406074783
1.16257390894479
1.26145693451264
1.21990322161432
1.2518099563408
2.0959289871226
0.99509573054498
0.929685408996351
0.880592828765249
0.978173618742332
2.19948633409461
1.2083856311184
1.4864198346593
1.12400564633313
1.0266711939624
0.950942869289777
1.17903068319947
1.18243047338094
1.82415146161215
1.19127772435836
0.93235030058301
0.972177329133956
2.91583488858556
1.89470807076986
2.2337153516395
1.21895632576117
1.04667361756891
1.31770265721489
1.69422778348449
1.39128358753393
1.21443987212508
2.1374620592573
1.34220329445271
1.48680172889027
4.04460638225465
0.874441006787505
3.00407725793158
1.37750290730644
1.66983624242525
1.48721687729605
1.05069756809347
1.15976836869385
1.00974926162109
0.925319150554958
1.01835981536594
1.55578393101913
2.4581180713271
8.93266208564027
0.850118120788666
1.72900168618413
1.34505269196748
2.07585242705759
2.29589746861978
2.36392675365144
2.08037683366655
5.95017553279257
2.86026336865191
1.96353750225824
1.4795136866337
2.20145909678279
11.1785668339067
3.46944194546883
2.13100675747082
3.47843843954897
1.23398007828304
2.08959584961852
4.72125188052346
2.37175661094075
2.14403801604414
1.670850503915
3.40871885005608
1.81193036070915
5.37970091173425
6.77683478502095
5.07465726306597
0.94592322688427
3.75438456988249
2.16266786590308
4.54766902684043
1.40318466296295
2.48925021299437
2.58706190974419
1.89588339029455
1.22307851492444
0.969355079993521
4.3371323286137
3.2222862709339
2.45896350359346
4.93487364888793
1.75778326954698
2.83677158095961
2.10816831176566
2.45170589993907
4.19188289004106
2.58302997458464
2.87919535396978
2.49490738657285
1.76776707509985
5.38337497083894
2.00805923488259
2.32436769130337
6.172181732408
1.86317799022672
1.57412507768686
2.25975020247605
7.18490934854583
1.4308210015244
0.91849823751972
0.865113394279975
0.999479585677368
1.34329436984381
2.36354021759586
1.16427605549792
3.48030931093174
3.26748639637718
3.36049522304519
4.53869754696936
1.48818970054505
1.65927960494304
2.68197160623688
0.920123190388613
1.10562531940697
5.78789732563564
1.80306750748221
3.05279222534039
1.71763098531131
0.931606969187821
1.73061227144117
1.61306410024505
1.24133391966278
1.31482333627647
3.0204623754943
2.9400924623511
1.66230626656252
2.66727387728904
5.11231323385747
3.24332615647388
1.28135770346983
1.75442695817122
2.67740035964189
2.19243558003248
3.48363549330412
3.51693336918216
1.61215665336481
1.67216486625573
1.78048048726551
5.58423811861737
3.2494780105335
2.00293747833596
3.06572174440403
1.73659499026767
2.38725811169465
2.27542585722046
4.87156793005822
2.57271925176411
1.00580562246136
1.14573539482047
1.03220338325925
1.19564066887455
0.883585523969277
1.06998104170385
0.915947346676656
1.01388538501063
0.969896857720275
0.97212413808722
1.18626757125415
1.14357912336145
1.83758147158423
0.964363337104105
1.63196562340772
0.997622932324962
0.829864690684439
1.58839121295389
1.72039139228737
1.68663995669867
1.59967106453054
1.25906458330966
1.02539228539645
3.79178157853004
1.55565685025978
1.54825786538385
3.1191168453944
2.3857378361243
1.0063132537124
1.11682818799302
1.10823232445467
0.873344265898409
0.929113967431667
4.64160806381401
1.25768706518414
0.850488406759565
0.915732483965972
2.44306880905403
3.69371235877655
0.983191809836305
1.38850652796199
2.28121176699084
2.18083479658907
2.06965432847465
2.28999306923007
2.54381013125386
3.11862733143308
0.774937417942419
3.0436635567693
5.33528299018215
2.36407726840509
2.47617799551761
8.54707330703556
1.84563233431795
2.59969340146819
1.37805460241619
8.52710767175282
6.2323290718106
2.16299022930613
3.5225301940001
2.78824525862274
19.5928657986604
2.52008238112633
1.68456481785452
3.07251519235496
3.54331893981805
2.58647057709072
2.70738294726968
3.66866444838326
2.47566158071115
1.89788209330884
2.2004702944674
18.6372741836409
2.65152427960688
2.03144059980899
0.83621658277688
1.6472406539088
4.2826246393877
1.26825690530531
2.92705861081718
3.76184076449103
2.55216858052782
2.72344487280439
4.34858810074987
4.8697799682016
0.952135697604273
4.73739352716061
1.03806718279781
1.71267019538027
2.23979109090626
2.13094173995846
3.96382369120279
3.97691751556866
2.63419221981124
18.7965864690303
6.8707122132179
3.14686180877417
9.94467078946252
1.97837464728945
2.02457112754824
1.90623787273053
1.0521538078042
2.82604166968134
3.26833512840514
11.7526314044314
4.93936147729391
2.75585641247451
3.38416921752977
11.3945464364488
12.7418910944583
15.3429656485265
7.46628617653822
2.71799605297932
11.947662106699
9.69805380480556
7.66186509410877
2.38386848590366
1.12046817936506
2.13915312275818
4.20578732512501
4.12396488363755
6.99098592695728
6.98089736699666
1.35275364939175
10.298108462857
5.8609012037715
4.1297548687811
5.77269288838408
8.93310575840916
11.5916082337666
3.03628955384028
5.68999647227536
6.40324493703945
2.32563482590015
2.61712126822818
1.96603119327788
3.28832874925349
2.36283644301186
1.16826161477545
1.40465406883352
4.43443447605393
3.08440346914067
2.80830531129482
2.85471042710659
3.61490502760562
1.80700651241914
1.34727696808856
1.85771351497342
2.36729456980094
1.95855853173784
2.27778051247432
1.45731578256327
4.76988002587582
0.971644271158497
2.14521177266477
0.912160951898368
1.1424590926088
0.771081441814125
0.997747514796702
2.78212839314791
0.881330204072123
0.933950028803159
0.960192090102153
1.01701238992299
1.37413149397832
1.12085835914667
1.12377674475906
1.28602145429478
1.56982088239068
1.06491743096104
1.34926051684417
1.04499861527873
0.91607438456286
1.11975723660224
1.22446011650317
1.29014979903291
1.01542548226742
1.48782997719998
1.51592485037032
1.24218242682514
1.17908901716275
1.14514181728762
0.80591072002995
1.1345842944513
0.862346944734156
0.832539274510522
1.1411573113869
0.929191412543791
1.07344145825907
0.909484368826391
1.00070304201572
1.05213836836514
0.905476152453574
1.27279934290564
1.13095524685182
0.850948867102608
2.7548034084495
1.36395223934248
1.2900322818604
0.868297997047383
1.00964602781727
1.40311166850671
1.66560206987922
2.04589465680394
0.994268752796946
0.859336306686568
1.14808442695251
3.2875209601989
1.76640000453431
1.00469893044927
1.35740979949663
1.31371104042811
3.13694367605744
0.963071662040089
1.28356070297509
1.13218692446448
1.17009594362939
0.920032651162442
1.14697068210055
1.00584087063087
0.929707905959744
1.36268400991027
1.06218465956599
1.28012670798948
1.65637161567553
1.76502733733102
1.30612072600409
1.09405948829251
5.67495814530707
1.07870004202671
1.19431784209488
1.90942653861486
0.825258102872065
2.11491852497362
1.02588775001742
1.28429463272487
2.30817094020145
1.71756782095874
1.33136319101869
0.916818349646846
1.1747023112651
1.47592125023903
1.3484449263045
1.89307591465615
3.59814288113907
0.930180509246953
1.12307567214882
1.73527649394453
0.992339931457532
0.998660881524328
1.20504979975083
1.68979013893104
1.41430560042687
1.74040017516539
1.23090253991627
1.51959637690284
1.24526845558531
2.13356640167194
1.11199324638761
0.894904266128945
1.52283605895664
1.21522180252485
1.75887859547364
2.01911615609041
1.12177200785042
1.25917760176709
1.36496607917207
0.952631653139406
0.925163564179815
2.05559366032457
1.27502462845572
2.17030518529084
1.09099435739202
1.11943022617018
1.31533022142698
1.09457007748925
1.00363507846082
1.22224697378648
2.08110768925073
1.35969165430514
1.80882841869425
1.27509803893302
0.874740717815478
1.33010885009062
0.838085265225455
1.02241399728945
1.62758206951314
0.810870602831411
1.75624909397199
1.11146941086478
1.87801091198738
1.70935262567556
1.06839641498951
0.772186662940974
0.94425514148133
1.11280240595253
1.07485863932776
0.983077452050395
0.832477905939219
1.35717158415638
1.68566985240828
1.6940253420875
1.14072665666619
1.14011348102009
2.22029683335837
1.37042356179668
1.10474220870503
3.03803726927639
1.2448348221642
1.14148509711654
1.02532138582546
1.28896661220378
1.26146791795002
1.03602640850684
0.978428825829025
1.60644063062105
1.21259783055202
0.973588821057655
1.17018686374061
4.97325208716152
1.95097863212189
1.37253088056472
1.11726426089298
2.87405132143359
1.07571235804908
0.973858118845767
1.20546461782291
1.19874946040626
0.929753591583066
1.36623185023082
1.13768638263256
1.0643860284988
1.19970197158117
1.23787264179559
1.68221237331424
0.955299020758562
0.818902176286616
0.797606953722708
1.25107474695036
4.99299978476997
1.61451592248169
0.97214633506626
1.23811664015946
1.11854284688048
1.31892089541772
0.991629413828639
1.73955239578519
2.62353936662732
1.0049475200826
0.840023544207416
1.17807333134335
1.0775808213614
0.950617425070831
1.15468626391813
1.70216733853009
0.979931078828626
1.02379376417898
1.3528284035001
1.84150075276491
2.38851681836658
0.933502324019484
1.57082997270035
2.39492587406603
1.06933745267662
1.19748421699802
0.9409352038008
1.27444703135991
0.904720776370849
1.27103145186505
2.23787091502479
0.893944058942046
1.36879957578437
1.45116420943356
0.904333543786303
1.06753881689605
3.0976869222815
1.911180244913
1.04332744344636
1.75521725437978
1.51824630903712
1.19379837162208
1.52283481580294
1.18592082936699
1.24018269058247
1.26421097012815
0.769701438420111
1.06982796551882
1.09409624836008
2.2469998544721
1.35859238866322
1.7842490738772
1.47625909657844
1.00585216112752
1.59005398808005
1.3081635198483
1.16833691259796
1.76893394048445
0.932040782415249
1.52770510348896
1.3935717772093
1.06208227714612
1.08410598896929
2.32436149463199
1.15129626830296
1.0511548207437
2.22258078483652
1.02247652180084
1.04353556648832
0.900911475996948
1.35429785855473
2.56223221353169
0.9706505967533
2.0339234653402
1.05627080642079
1.15758073704788
0.944586613390929
1.48295573867863
1.09427895702185
0.975963368667446
1.22317896228034
1.96590999502282
1.01761327443424
1.00789284496199
1.49189812976953
1.32445492790193
2.18138336906565
1.63430201786513
1.85537415209595
1.94680380898866
0.953309070845302
0.921934406552061
1.31785627550408
2.45050497514008
0.978463378368271
0.973911254956737
0.977383371573956
0.867393086465232
0.963733771399029
0.788115163052384
1.08779833848308
3.21449162763376
1.86848702209638
1.01333828281852
1.27115345954039
1.0001010469042
1.23204998629386
1.18658829113856
3.23636126398448
1.02500889765723
1.17035908480537
1.50359758499754
1.082922877492
0.854247395974544
1.65153368778844
1.10533306524165
0.965297430382083
0.954367267275741
2.29855232588058
1.16360095633012
1.49835355606282
1.18259390438988
1.07822078961985
1.03783866979737
1.30656418800212
1.20094068287037
1.30918640548247
1.16549144657919
1.99000204179773
0.879365833782543
1.19098136416288
1.22399157801511
1.01214611413441
0.862099463093825
0.892994533724106
1.05326789408573
0.940485710312756
0.990916086610454
0.898418003930776
0.944508622033066
1.04099756704111
1.05633930969902
1.20312657779855
1.64107018742992
3.33838471542658
0.992740678077683
1.9915576409512
1.25937358294396
1.09764898740284
0.912474104549403
0.785527551181056
1.02467217502428
1.9963754940232
0.91257653824191
1.03187495973345
1.09516737263231
2.94606192785044
1.0726108301085
2.31741416776461
1.03177644487867
0.91791955067263
1.06468174215617
0.966929908901605
1.00581538215358
2.83477262088492
2.5232708931401
1.76592518943313
2.63483532968757
0.925961528331386
1.31525731781032
0.897525145229674
1.07991844393646
1.01397110043456
1.0074122766464
1.44507282273833
1.59294516311711
1.1815111547268
0.981846730686745
3.00798828144902
1.13841690266684
1.30443058122628
1.06176044424061
1.27480429205521
0.907463521871195
1.02939047634188
0.83999846403741
1.6462719506655
1.18255594283942
1.33535182220038
1.21947687371301
1.20177276759398
1.13783147191505
1.09390625715093
0.943411570630091
2.00924362443701
1.49445162275014
1.08625766424096
1.22799020569793
1.25680181877868
1.13775358442097
1.58147098402148
1.81817941467051
0.977269488902129
0.957005687624561
0.923237382395308
1.01075540266812
0.960414265681388
1.67631105512489
1.11658812600023
2.03424982602915
0.978484594345377
4.00121306012061
2.15628271854542
1.7907330692269
1.02781991557664
1.0697572674595
1.58869684109891
1.16937551042415
2.57653554613012
1.54708677453533
1.1230198366933
1.49752074413659
1.09086911286865
1.20496087948808
1.14373431327199
1.34558698640518
1.16463109785277
1.65965877668234
1.82653289524572
1.15139682091877
1.00072857881995
3.00764334678506
1.42085139435624
1.27509724884169
2.01536445615649
1.33620043017404
0.999044116872761
2.58475129375101
1.09226766580239
0.878167860463986
1.29726530178184
1.46664910185873
1.86773218349135
2.06183493930934
1.96094962199271
1.61547742838601
0.940522576018849
1.21369038469518
1.44160998121119
1.31630172438099
0.967211046060688
1.57959399058765
2.35682129804968
1.85190084008461
1.27888346715705
1.97159698918958
2.86804312120175
1.34382491370515
1.27966312170225
1.22185647892105
2.04001356556321
2.98540908381283
1.91441434738179
1.12829396664586
0.962392856439456
0.994559425838376
1.6366413229639
1.40905752837329
1.47853295032146
1.16215703025683
0.961360903859656
1.19438007065719
2.03564380595501
1.12082518780101
1.95425912212707
2.47783214262062
1.17268083253716
1.65234536016399
1.01115803933065
0.985897961909759
1.19082361715775
1.25825758065154
1.2109417450792
2.30164682444252
1.92035968394187
1.06805416769297
1.12225651195844
0.979549046465244
0.929755639156147
1.11890385357752
0.916636381447248
1.26449723645369
1.0285945797533
1.96058749997209
1.45643851546186
1.14199947055224
1.27993784617027
0.926497272894368
1.26643375338653
2.96523261361448
1.37559256687233
1.54755355632502
1.2212122637685
1.087570084901
1.15213838989741
0.95207505320556
0.845253774322675
1.15836756625778
0.858168979779529
1.20432148891762
0.887379470085697
1.47150884162238
1.08511974363009
1.02221867978483
2.01520551996771
0.87616583547997
1.85984400378959
1.41331274580442
1.62083830385628
1.98842719947598
1.63097446611032
1.77488913345688
1.18708838521386
0.952079500824544
1.34780900549873
1.4956078813039
1.05389842456563
0.96921785455907
1.27904751594309
1.06917678720164
1.28450982482631
3.10394230603445
1.22234606873588
0.899069545120203
1.26171037561886
1.32580455707554
2.82543773880455
1.17256994929392
1.56270941883127
1.40599800553982
1.02012222071541
1.31433712450699
2.59350011173529
1.22126051700031
0.89474078668919
1.0057619041773
1.01670562311985
2.37450974414497
1.00878163348983
1.07815791134203
2.13646711092791
1.20565623314376
2.69043130025474
1.25082445090903
1.99442580314784
1.14399545379244
1.07241445247691
1.27450575069375
2.96893331799191
2.14811263031641
1.11907533494554
1.09976242944658
3.08832360376072
3.14142009460857
1.54615895609833
1.94421503275554
2.5533946098709
1.13766483997371
1.40618300782683
0.876332471861747
1.04074295559594
2.36430025480543
0.994442597425301
2.25906652733759
0.968658907298605
2.41177447527265
0.908865400451686
1.77360758443799
2.2005973669676
1.53530810495115
1.12309040815676
1.4684250497324
3.94265648320919
1.10831537681512
1.79128527415678
1.09091238108695
2.05575403939071
1.29958314453043
1.17305978247471
1.32806074088046
1.10142427965727
1.2192595211695
1.142700238952
1.88006336086842
1.18237579519629
0.780489825962856
2.02702212796938
1.14156170423457
1.60527429845989
1.25285556750566
1.54029714163798
1.06446299243775
1.1534221129643
0.986639451203909
0.941739198779179
1.94778130240106
2.18790613242639
1.92533921793652
0.917916051905133
0.804763763654676
1.14572590436622
0.916923594595544
0.975157653761095
0.918316011113458
1.26207898986387
1.28143771150664
1.3003820731238
1.35664572264745
1.16225803038646
1.77089737013603
1.66163787866125
1.93728724587801
1.08837426375889
1.08873421077504
0.96878547482429
1.53930242825118
1.33960071525936
1.22811827799898
1.05560904965414
1.11738664427381
1.09461001943694
3.02086225043216
0.959318050735882
1.27327895024189
1.31465426974722
1.30068764906311
1.1125863871904
1.00214215819636
0.975308490561264
2.67766539334839
1.83278122543892
1.01170853078906
1.16970341465123
1.1845560569485
1.33104153270382
1.32045088710593
1.06639400358366
1.31971650735141
0.848629468527788
1.85072040174339
0.935814879514154
1.49807498306324
1.26637066400164
3.20372522092442
2.59643882797274
1.64387775579484
1.10286319941984
1.1337338840376
0.829101823104979
2.1438371232962
0.881939815299975
1.02330702236278
1.43810592816976
0.927665883448547
0.814526841947713
1.4313106466739
2.18623162841277
1.94491542362052
0.956703326605341
0.850341356275007
1.43172862831945
1.07503439026846
1.29199029884204
1.21901856955363
1.0301294050629
4.36099496681115
0.98183202199804
1.1419374223725
0.987795590013905
1.23783889834301
1.02205187063729
1.40540612952061
1.1353614883922
1.21717837615322
1.13131169468257
1.39154961280518
0.934231511578713
1.02234428677547
1.247835169084
1.94684706652226
1.4252213280784
1.53640198247512
1.61106090568151
1.17876294986849
1.05410382005054
1.8365594255529
1.56434996896062
1.30388090214259
0.889639661652824
1.12536005839138
1.29398653175153
0.895653542466269
1.06426429429138
1.17971482059891
1.44471054780861
0.959559656155377
1.9331363160401
1.20832994645312
0.919506944351945
1.4451887420802
0.90442316355833
1.22503557115209
0.809479790339256
0.992955193099393
1.72101616985942
1.36040873801249
0.968456825386273
1.92403558947102
0.900496220248253
0.991966426805445
1.24725911751883
4.02203295803995
0.917017141856962
0.920746399221627
4.25834841590683
1.66202276485253
1.35252435970298
2.49808530034925
1.10397666576242
1.75990264335442
1.19185356059785
0.785257259674723
1.63379799961996
1.51830910387896
1.07330662217413
0.912235664471215
1.5225044777469
1.06405459921987
1.07661985999327
2.38038731895082
1.26982941416552
0.973158533247408
1.53722441172189
1.25531734582026
1.66359730896607
0.880792079422505
1.12337387483686
1.24928169825987
0.864102652984122
1.37808257071384
0.99471367966135
0.99278467764531
1.06099720622846
0.938195998861287
2.00374850971206
0.980988571844205
1.31931370888592
0.994174489827404
0.848458299532699
1.83325900104088
0.978708168902888
1.09931303432843
1.24670362246009
2.14944670013891
0.970532946195815
1.2150396888398
1.05225744572669
1.02857523091948
0.804580621073408
1.46058795849285
1.04159640033964
0.942587153446428
1.7978575488198
0.858665642196405
1.30566805356841
1.5635637067075
1.25234785319296
1.2862114713248
1.00096570440295
0.9525422635858
1.11042409793901
1.14307403770885
1.15126770047071
1.36495977004313
0.91023132120947
1.23397612137221
0.976917763239339
1.2408492088364
1.27028061469567
1.47398673127091
1.2369612493828
1.52136739907562
1.58220577555644
1.18108988195831
0.962428342338687
1.25344093301783
1.08234080670764
0.917105531683149
0.940101113446982
1.14945250026789
1.12587390719467
0.917453056116891
1.07967437247518
1.07656913889553
0.873806536364465
1.08327259538878
1.20936235746201
1.06507798261012
0.976835351591596
1.78617220925978
1.19232720993326
0.982389946171904
2.30686479189725
0.970141212905856
1.62975624745298
1.05546862261667
1.35763256271177
0.967024188571382
0.893055896956058
0.864646770164918
0.948531999061259
2.02859736911045
1.06616579069919
1.08309147149191
1.16444070116777
2.05213096581654
1.32547411948919
1.65921091660856
0.955023643637142
1.42191684367264
1.21745561964269
1.90321134377051
1.40100770530275
1.05298813250091
0.890383759417322
2.5211267545348
1.24104616121607
2.50755038582261
1.54088509966967
0.946989343336903
1.33740453451109
1.25525144368838
1.00426116927871
0.951931969431105
2.81486828828445
1.11246226016811
1.52616219713919
1.76973473204696
0.977642669612353
1.49385794425885
0.96344688793717
1.23903141752288
2.34293246441938
0.998802359280356
1.44705633160982
1.22285079562382
0.911497828512101
0.896536923960097
0.96670426639093
1.36612477309871
1.00232617233338
1.44544753146282
1.08505052827364
1.64858393425929
1.48019527148294
0.88275488422664
0.873116831150947
1.19104062372185
0.949071606540983
1.96840181603686
1.15551318109816
1.00017324643818
1.17644593939389
1.17834937114045
1.35184372226011
1.45630646620558
1.57480181242956
1.66259786122061
0.846652983081658
1.03815860626926
1.17617850354356
0.899254954279179
1.01446505304539
1.20270733732014
0.820691495873095
1.0952405280602
1.32282240059785
1.43473118927604
1.65621049820987
0.894986549853181
1.43913710567793
0.960157988221178
0.965374290789993
0.964282366342688
1.0549709353841
1.49520832170216
0.883586890848473
0.908692150202002
0.985446683362308
3.00506182531597
1.03690906211294
0.970103517698105
1.06108134214684
1.22373926636022
0.867779048743729
1.46480736184046
0.977417213040967
1.08060278609865
0.916092440437528
0.938873851046467
1.29969936821409
1.3056676451408
1.7573780047922
1.03434383613981
0.909376486030555
1.18496254491594
2.00063529477486
0.979472391388249
0.967545146162201
0.972631278142681
1.38802285689256
0.971416841613901
0.902775992751643
1.42916107504865
0.896770197244062
0.945689072832924
1.34573092475638
1.04067799926686
1.10751202047158
1.27232429284065
1.14141816410795
0.945395583783556
1.12287929402084
1.46662039466191
0.960609295388396
1.03344287976976
1.41768705233715
1.01827139299534
0.79639627118397
1.3575209505637
1.57739247833885
1.57826208108799
1.08659811179287
1.24562658909025
0.965611869947559
0.986581268435025
1.17162196397503
1.26135319416363
0.847883277517822
1.66567967538671
1.14424769449101
1.46849663406791
2.31765562180887
1.06576519708349
0.947129887476835
5.02128191977926
2.19160664708275
1.10734081298178
1.17033883952462
1.02022368717717
1.75289128968463
1.66015701929905
0.813547162374003
1.76756986675776
1.00899950543926
1.1196311712713
0.983117712099399
1.98499937463748
1.17741691574155
0.992330976269121
1.23344078153985
1.52440246014618
1.2388416965676
1.47750288223591
1.18003764632505
1.32854668666915
1.08815201912692
1.55650278045732
1.86228532154813
0.861118672601536
1.01265082287853
1.10902743829837
1.21739804356338
0.932539487406163
1.22092619571545
1.14928785028314
2.19023613431293
1.14620815385518
1.24264225795972
1.30020160507899
0.992638743553966
1.72852558890636
1.30988896325311
1.06880960464878
1.0302617255076
1.3890203069523
2.28543865115827
1.54863233821172
0.862334493561432
1.20136090658092
2.77940954990406
1.15894973363904
1.24718028455049
1.25756992895258
1.54702363384326
0.880700968200003
0.936443245253784
1.27737340801736
1.10162484339756
2.24898583273127
0.89080679358111
2.12386685319181
0.824678706894101
0.992012695737587
0.931427447705966
1.09558409498287
1.29588167780924
0.938624837699223
1.75509380729971
1.68915088994707
1.53983117781961
3.43348995843131
1.37888655296893
1.24727442575607
0.923260003039524
1.25591995662965
0.919113942982386
0.949279227717408
0.846900173305246
1.27533824236586
0.890984497392993
1.11780814815989
1.15814979650881
1.00359312737353
1.05752371375645
0.874381544480327
0.927458321925355
1.77409835907593
1.9463057799628
1.1187315979824
1.20782206282668
1.25377922573513
1.11211600213382
1.21212111770151
0.918998186029299
1.19199040801574
1.0174449165011
1.00580009028435
2.14306916626837
0.972779963670181
1.20678826571324
0.945144462732952
1.06555375648072
0.853572897564637
1.59859981453571
1.20858227154971
2.08382640402528
1.17977898619119
1.70828532278984
0.997726967792393
1.65084768385893
1.46062232930849
1.23199615005763
1.224421343713
0.956563504337711
1.15599166729862
1.99326042079424
0.961946283304193
1.69387950788989
0.955567705123946
1.93936579847853
1.18307096553198
0.972659125629018
2.94914610640235
1.11644987544472
1.20085781723578
1.80842057806713
1.03351397697528
1.11862286129866
1.30647698391141
1.00261755435434
0.837247943649004
0.958443433238075
1.21678340911742
5.32875279237448
1.46571800719959
2.21607870029418
1.77336620827945
1.05209521208475
1.0251906324335
2.01790964070975
0.938916841298573
1.15783455675032
2.45185293754713
1.11584227213442
1.13077905329187
0.891832246407934
1.22242158561396
1.03455703226731
1.02223685943273
0.935147745087904
0.893125537412266
1.01251551102317
1.07516124069147
2.38316133896691
0.953596913201985
1.66993892459074
1.06954139303687
1.83711951604038
1.0634794712941
0.920038983152778
0.825721036589645
1.48720531535754
1.02804285822818
2.10543382629139
2.54408681121967
2.7615915725134
2.67168512849105
1.45025645669178
0.800495676097372
1.01096188828759
1.2059723203657
1.18276313489074
1.25039940764265
1.14216940389908
0.85035601003391
1.85038155341734
1.49520498439223
1.46202036463159
1.23398245018782
0.936859247283051
1.25110692846286
1.14259065092791
1.54969188970408
6.22027323189756
1.06812645120391
1.19896966910963
1.65199691583281
1.5671770013545
1.49392632236117
1.19257336389782
1.91146751401897
1.91220756074288
1.46714492758531
1.17040929283018
1.38485150048775
1.34099630451565
1.04333672421762
1.41802890356158
3.87799711481944
1.65879944577682
1.30692540944258
1.07512222186589
1.95189679265329
0.974581426478706
2.14418702491828
1.63199961054987
1.25940342020512
1.05439431868261
2.89616358399833
0.96600422303038
0.826112433555535
1.34311051790696
0.961168425215747
0.869457671945367
0.983776746549158
0.935094532654913
1.07543435195047
1.52381562903277
1.00428544697655
1.28618929639053
1.09214526202616
1.09529331672795
1.01327127255504
1.23729822963881
1.80662021220934
1.08105208583905
1.08655644572578
1.22821212317396
1.6681865129758
1.2855944306189
1.60826211095053
1.19800347959232
1.21317657395028
1.4967764848996
0.990565266566474
2.66892987956161
1.14837626436029
1.57362202675254
1.56541780079389
1.56702593962429
1.23690939261166
3.4743093804445
1.01642052781948
1.46020080900033
0.880243131530147
0.933085390443749
1.48080448545499
0.892832916476049
0.839723115620014
2.63079585361344
1.47465377939144
1.16341683011935
1.12630123240527
1.5375100127737
0.842280805704428
1.12932893614173
1.34250930342179
0.97914074457753
1.91070531633688
1.18147912334618
1.8251959106545
0.854426718362736
0.923318969277917
1.03756164330738
1.41896504031004
1.02201972221774
1.16984475374623
1.37108404200046
1.00948045992614
2.21520315333361
1.38254579213438
1.16474853046135
0.982388898477886
1.20035528044813
0.815235397000125
4.33515296946247
2.06618102297004
1.65139530142858
1.11870733008292
1.30528187688024
1.21144872101993
0.791762327530815
1.10014738599842
1.32677806140604
1.52905961310912
2.12352040758273
1.43510373656382
0.821486715916469
1.11482322450808
3.97149032870265
1.88320550062734
1.17658704340765
3.38747491865028
0.83150628094438
1.58792411793207
1.54733353389177
1.02581798700461
1.46104619891441
1.06325697022566
1.11494424857677
8.10925472814816
1.03109815329252
18.8679019899062
0.994102971977007
3.4022480270934
1.00124037122099
2.47651187169472
0.962709156395845
1.6896722977131
0.872840946140007
2.05257418220596
1.76158582446703
1.16076305049458
0.965212323729828
1.68168844423189
0.914728068651956
0.745762672850979
0.949379539246706
0.854906938509485
1.55644006169494
1.00743681139075
1.13500768639673
0.871366875700536
3.14473603888944
1.07145303886787
0.976539505030683
1.02068579338542
1.37709503645824
1.11632325844844
1.35082469029193
0.888821805015951
1.6252112069374
0.988373983783792
1.28137659527087
0.959844631288491
0.806214770026364
1.17421251027617
1.39839526183567
0.856338253807591
1.02248750928245
4.13566299818477
1.27097081367656
2.26644940507141
0.978751787899668
1.67522781808294
0.947306747227145
1.33834203312669
1.30885493554727
1.15250844330334
1.54765713061311
1.41127809036008
1.32719991161659
1.0656063835568
1.78609726392612
0.75806569495736
1.08327363967464
1.04058456738362
1.20848356289202
0.864062958332161
1.01307055701483
0.859743596170194
0.925560806320559
1.0241177351127
1.64651170664018
1.26771643406465
1.1042317657522
1.13518133882698
1.08327018006636
1.01363492410964
1.09843868565153
1.02409514771852
1.55408529210251
1.74273522267484
0.813563002727049
1.14222432669816
0.826019488376817
0.946341312624599
2.35543403485072
1.16762070070934
1.27068489699491
0.969653015307273
1.02994505862285
1.1916912328281
1.2979066968818
0.946731064252431
1.61133499569515
2.97959607857175
3.12422066761125
1.08680406062455
1.03351816087417
0.802641453378733
0.946359727260615
0.841643827301066
1.34168864609912
1.39914619695917
0.982316168246765
0.973157560755596
0.992658232162175
0.993907962812907
1.00274118013616
1.73904354529686
1.0819557635568
1.05521336225961
0.968910301787151
0.982808226363695
0.778593437290625
0.79196523397216
0.849686688320677
1.88857327054406
1.02969530007404
1.01772190056808
0.914306238401375
0.898016875903885
0.857683950272338
0.708871049756986
1.05808832786887
1.28911655820338
1.36179546719371
2.62760225179149
1.55704180212584
1.02691719861426
1.31181143641151
1.08353199810984
1.23611593451236
0.871375676247491
1.13668093967536
1.05733459721901
0.940328380680182
0.874849650890559
1.24552577378636
1.33040922704982
1.06599265410315
0.847274536363751
1.53002055057618
1.42071112761413
2.37011439759333
1.45453796966621
2.22787750636648
1.06110249033337
1.00843376289509
1.31619022425059
0.969011508856835
0.826306124797677
1.13684138171522
1.00469214007942
1.61318637036509
0.898948974272921
0.895782230508579
0.980794425645171
1.34416651937973
1.11806829672948
1.02344441000041
1.0649349816658
1.1816727895932
0.806691310227596
0.915807180464704
1.85439731519348
0.804508753313092
0.98452453863799
1.06730617938531
1.38011415301713
1.37125909517917
0.897611418015223
0.997301601720888
0.896155852702229
0.975932301323838
0.931132449208491
1.07500419469098
0.96801666720592
2.16886197853705
0.933514857529658
1.41677085805829
1.16433234122043
4.91730427640317
1.16883982876855
0.941504883202106
1.00543766711598
0.798497753158618
1.0833457754219
2.96555339443878
1.17231698581324
1.82490751349668
1.05661696222253
1.20319751421785
1.40604380139092
1.52553204991898
0.8724868154164
0.994027990707266
1.21087011083799
0.795105752364478
0.986372771328503
1.16371017166683
0.950993662594335
1.39488173027689
1.111395453145
1.64916605444519
1.53566146888584
3.96311682884403
2.20472314629458
0.904046519858204
1.66254582093455
1.76426196220222
2.28493584576989
0.933120128074869
1.75924079514981
1.66725325625804
2.13252066376768
2.89335682091793
1.97708392599127
1.12515488065298
0.967815452116867
2.06755880484746
1.34984918836254
1.04013151539947
1.38325547591916
1.126621267931
1.22126687582932
1.19126957888126
2.46187153450968
1.35157231873334
2.02967984746924
1.4751448576424
1.14983863877615
1.97111349976164
1.66156407163589
1.6260858625142
1.12225039220277
1.34129609992323
3.13814081733152
1.11991541526175
1.5604748958259
1.01981700848931
1.39194374428245
1.69611912121917
1.94210026463596
0.884599429854842
1.06546780259925
3.37373868448959
1.05032731830064
0.889572341060136
1.17995293499763
1.35500077849492
1.54060027338471
1.64965299828781
1.25896026847761
1.40930203236579
1.12558389254249
1.29838926504295
1.17496779530823
0.948876599450999
1.46330362777513
1.2703590023034
1.44486249097017
0.928875524322582
1.47391768217791
0.812690777623629
1.50079835845204
2.45849344390976
1.90094352693158
2.21957542367577
1.81439423127796
2.17362845261012
1.42976636466722
0.85517959832491
1.30496229808602
1.25913854807412
1.39148650703716
1.18666980224463
0.870687450604022
1.9791043732548
1.30075666449969
1.34375373122008
1.65721425528909
1.04394427203278
1.98795537884571
1.1472383504054
1.41229042417853
1.63239870556425
1.23464165676438
1.1316364767167
1.47956704536698
1.43691034298292
2.03690073456898
1.36453418165004
1.35545949027517
1.04766057836513
1.57135264883108
2.12379567109062
0.982720528609779
1.12189183166635
1.67649841106036
2.23014035038949
3.68547519377771
1.15074457460206
1.37652535006138
2.03981988809233
1.46681218413537
1.05777695282071
1.14213095381498
2.9120022855162
1.93717332525393
1.64132675700201
3.41714803632927
1.77606277456417
1.69909233448867
1.0788524624769
1.26668489411379
1.73257146352348
1.6029884451241
1.0258335871576
0.918199987713045
1.47159099189772
1.36564914510179
1.66342749985915
1.3114393504513
2.46717278986521
1.33472152603106
1.8114591986457
1.36514226018804
1.05396655740836
1.98953421413752
1.14707477333375
1.39488179808
1.68727011764864
1.65504478643045
1.65842223504376
1.07227027860969
1.44475432246483
1.07437862451502
1.63448161804804
1.79397023356422
1.30377059516618
2.64682659155407
1.98013177460101
1.47825378147095
1.29698490122198
0.852798230441569
1.10366335977096
3.12461600510318
3.0161790432058
2.13965696455961
1.09742647340517
2.50434306814432
1.38521276869897
1.32808893995816
2.75130067966934
1.70683454887673
1.10868455913202
1.36894913269288
3.32647511088801
1.31054993662761
2.51330141925469
1.19882543499361
2.6457983909621
1.32122587209465
1.09046232714647
1.57887682523093
1.47301438132624
2.63338612641518
1.71612806966095
1.41808364099866
1.19490949453934
1.38411500494063
1.24141101731986
1.25921520978784
1.06241792462793
1.7412740854982
1.09976654089216
1.27775126245877
1.08019223346779
1.29278444592411
1.41484718759885
1.47745809073275
0.972919649742534
1.42135472922775
1.71476092858328
1.06383104615694
1.58003410648613
3.33711508796951
1.71653410963256
1.03682983883332
1.42641976259383
1.02871652854034
0.970563768533925
1.23215270915449
3.35041010335549
1.45824474422629
1.10934141386136
0.844201948620267
1.23180831267404
1.52033292755231
1.56120959519861
1.03191414493287
1.27143411180624
1.58598841119805
1.0827105754388
2.05981642591104
1.51100695702084
1.76824024889523
0.825772565843223
1.32835675072802
1.30064793549176
0.846300462729924
0.957604754216835
1.19287574194279
1.52247109370814
1.19043904256654
1.55088673925202
1.18079674951709
1.54902164338221
0.801140874770425
1.0165461900798
0.886541070640577
0.77236136005156
1.90588581872731
1.03068125071266
1.62467667254043
0.874048339101487
1.27728929658468
1.58490671087251
1.25731608800136
0.972197671608354
0.931527499220326
1.37568159977725
1.18809485609634
1.23467143121851
1.41242113736673
1.11264215541187
1.02470899762776
1.15651286292351
0.928965366044645
0.809058111050984
0.981834453798502
0.934456131291437
0.974319595289872
1.1800763337707
1.29803705425165
1.2785539067769
1.58861650455768
0.838858374890626
1.37903751283585
0.815497976335716
1.02539028387165
1.23588206191986
1.7135289268974
2.00482980536445
0.922344741922166
1.20564165423457
0.961496647193568
1.92318655484818
2.04009370347009
1.54732940331125
1.34091381567983
1.66490121431125
0.957473381535071
1.58930078179189
1.65853851681115
0.802548110324809
1.42745359214176
1.84694685237751
1.63638636844646
1.93887485754108
1.40162839672917
2.04483760434964
1.74455379162301
1.72245811714489
2.12046785319346
1.76831043312552
0.840083370493989
0.906552868892086
1.83367497278406
1.26209386288755
1.25214878042066
2.51268372073038
0.767046579609614
1.47147093837622
1.55045850007883
1.83476745585099
2.25595801399477
1.32474357219712
0.908231673250363
0.906084783667739
2.23213036526138
1.45295039775031
1.08654551898965
1.99839071891575
1.13852862761607
0.901112258225019
1.3759163884294
1.93638097258602
1.47761659373462
1.03936135146756
1.09813433598576
0.977650163682795
1.81497292013347
1.86987008271293
1.2389876004938
1.22658145637308
1.3113015058469
1.39118986753893
0.906709378146487
0.93167888163427
1.76169701949319
0.962346296178053
1.09992611726185
1.21994619406978
0.896364725099137
1.26928450135526
1.31794748828428
1.17453749174705
2.57169393355102
1.70996437792946
0.983573018653788
0.823274060025922
1.54308184304471
1.31733912880606
1.18351083054803
0.940423661206052
0.895919027995437
1.47216183554306
1.29223439750992
0.851696333506865
1.68624175463976
1.03643058491996
2.83710882168622
0.893373360585795
1.07981702560321
1.41567167611138
0.702861065883504
1.14883198718214
0.985700399629696
0.742495774529833
0.873850914678609
1.06750713288135
1.24875528294359
0.857591119857195
1.27559138157204
0.986046627056883
1.83777098487061
0.903955840840365
1.11119228428186
1.20121890687965
0.861470029892924
0.974114003421669
1.16598815927477
1.37793558715722
2.56434842818183
1.24126821289321
0.962388363158891
0.971474151537947
1.53404848454176
1.20534341139022
1.27276829379317
1.26956622420726
0.7706841523543
1.10013028995953
0.978412391722511
1.14383076461203
0.880360547315931
0.981310433449084
1.10489604193079
0.94707197498455
1.64971990883502
1.11894302470123
1.74071241802148
0.925267530933719
1.97604761134602
0.957490602978847
0.99967412443478
1.09265955572804
1.13128629845925
0.91699477025913
1.05502364644306
1.13955726118995
1.65324790288279
0.908296362933308
0.932618903055336
1.43638094621058
1.11167117799299
1.42632099563628
0.946059134180673
0.863320225841948
0.823008193582626
1.0965195812942
1.04090635429911
0.975365821396151
1.12056461145193
0.959992922627502
1.01231242609499
0.973732274552178
0.895230443983601
0.929778915795628
1.34387581364325
1.14244461416751
0.764722592104475
0.881777003024089
1.4897940281697
0.979064361515116
1.03584543375798
1.77314695747817
1.13164891760038
2.01961211377657
0.881925383713257
1.31548462431391
1.05135914747588
1.15331948827732
1.00979470673071
1.05005262656567
1.41622498307533
0.955815024833377
1.41523666414888
1.51978104494626
0.991703203856529
0.869321531757368
3.71070015401447
1.33365669057284
0.883719442777347
1.3377694600834
1.1877394299614
1.12992754886286
0.801804645297862
1.15151731440629
0.89237269972585
1.30297585026851
1.09774394302921
0.932742288219749
1.09383649934752
1.04737919933886
1.07995579509153
1.02274713210297
1.08042400283334
1.52585030710219
1.19718758293935
1.87726562618342
1.00083342168605
2.06866358293027
0.982831196301329
7.09640398328707
1.30529496857491
1.31787441676397
21.5369177432078
0.99900886868172
1.19525116485749
1.66557932899311
1.3369621157147
0.795522389946813
1.33132962703431
1.00758252102359
1.69726366383599
1.0472563689541
1.01454170712268
1.06076667763381
1.01726899735091
1.05487516864814
0.981914443780892
1.14633893297912
0.819363675562786
1.03834115423471
0.915030551980605
0.828493673095499
1.772548711078
1.80264217040302
1.79156037139625
1.89185688952707
0.907023676598952
1.09162849091787
1.19117525675322
1.08041033491581
1.27814114735294
1.0133814762539
1.43439788810872
2.41401255834573
0.994424604966641
0.890595854064979
2.5724300069803
0.884897711577089
1.00296287482696
1.90476122075564
0.998693502527889
1.76473644867882
0.859854479896513
1.43726200253227
0.877109230096852
1.15610356805505
0.894203204758619
1.464015290463
1.09199784304719
0.985587351876205
1.60662422278495
2.61131019849856
1.03897117355833
0.891439743365302
0.915102066528431
0.996035070227884
1.98626167824359
1.04852158803421
0.841735256404797
1.67538513625987
1.85767428546752
1.95166825494868
1.258347208132
1.44355375740457
1.18161774943061
1.02491683743345
0.940090559530562
0.896623081717185
1.16031605512391
1.45293559455308
1.97822929688228
1.61599186520892
1.16239287187596
1.55914423044576
1.20231096086026
1.25215439257686
1.05287271544621
1.20125728299859
1.70469151560123
1.41204904947364
1.74146892224605
1.11637819544733
1.03317010567931
1.07899761131345
1.09066671976126
1.23257057088319
1.09665892816541
1.25981413479103
2.17380857883825
2.72553222099951
1.10108135894629
1.64573347086639
2.59756454857132
1.13920328529878
1.10854459504155
1.07923879735328
0.974868528346837
1.52089527720803
2.32456063920269
1.32553210998594
1.54805220922505
2.05146216514792
1.1749179356929
1.19039757478053
1.50343644305058
1.41519747398352
1.27425674320606
1.12878888280942
1.52122820891185
1.27194548278541
1.65186921780601
1.05605308937042
2.4331671371733
1.07256739847561
1.03859221867062
1.08541289854866
2.48186011940923
1.39411545934924
3.31317107575805
1.58250411758318
1.23945136056833
1.30691051605461
1.00471626204407
2.59091490770205
1.08168627057956
1.18512288683622
1.13704145352959
1.13513706618546
1.65789516170142
1.15546698238722
1.20539196674872
0.947949906250971
1.18522080839573
1.04160905114069
1.44468249357555
2.32641260859891
1.23272971619229
1.44352873930608
1.42131536873376
1.72979028452118
1.50291181367628
1.11000863735995
3.19539040717361
1.20479643503382
3.34270959855497
1.18396752785116
2.63514856217938
1.64179826780091
1.27202583191109
1.33245508683135
3.39716047574644
1.87120267024689
1.38796501710065
2.62485366678121
1.12643601597746
1.23433421437311
1.26982115639575
2.34366627526798
1.31285071688082
0.919857607247424
2.63754099116446
1.47162705358861
1.37931821692574
1.42663582517745
1.00838830336428
1.31234456426287
1.64933416812782
1.02143625373008
1.30670177531631
1.071199098698
0.955937921037331
1.01068516587578
1.62980093585719
0.812861600243845
0.896243435000318
0.993695256365822
0.789707952823448
1.51979429532999
1.08319364667512
1.03890751868941
3.3607841534862
1.35919757721918
1.38841635202383
0.854900289427986
0.890725901109297
0.90662057035906
1.30969919888175
1.0046457140192
1.77991463366108
1.25279285431213
1.25745675947613
0.877876031038084
2.46179164586797
1.66347022335334
1.01821501880659
1.07058307495541
1.48064767431606
1.42658978564276
1.90662954836552
1.13054464546066
1.25356644431448
1.39115147934842
1.27814069585655
1.26722387639194
1.30444872473544
1.19764824920714
1.63075001929611
1.57764150108332
2.00622666416684
1.87914124904468
2.34555871229167
1.38738316698458
1.76043607503013
0.931978699725982
0.870591992191965
0.971538853573442
1.14508602538897
0.889031513175059
1.08377859687593
0.915444625621683
1.30810253999019
0.808898068813606
1.20562389578114
0.975297496366492
1.23749801814044
0.925606046354157
0.929182452171133
0.918491082079537
0.943526819366938
1.05601516323496
1.21606973030602
1.23245099375535
1.16523446464697
1.9738979505881
1.2100649936509
1.54181370731336
1.52475306132857
1.25989684562929
1.16187760900359
1.4646917310012
1.27380561486791
1.493510612598
1.8816428136448
2.29161244628592
0.922477037875931
1.4671272067902
1.13174804720218
1.23694310435621
0.950548504092297
2.72543564084171
2.29283847436472
0.917890299097858
1.66669690850947
0.835867327037502
1.24257425191608
0.814182865244327
1.62732220692664
1.13006088975631
1.45888003014739
1.0058126475964
1.10487226688206
0.976484576976982
0.871563081163128
2.30502576111886
1.14246071603298
1.46306615729638
1.16423483790851
1.19816740888344
1.38710787891631
1.20128697843358
3.02462486953147
1.77020651597694
2.49896294449496
1.03203695722779
1.21930922946635
0.796797460453006
2.65228519866677
0.813964574760384
1.18064450076232
3.98146795902447
0.838246372941076
1.54100923492097
1.37904183335554
1.0180381004538
1.10760648376872
1.55127193450351
1.06760670733853
0.993866020600261
2.11047541256862
1.32294790979124
1.30926683062895
0.989105145679162
1.08011335598459
0.789720069180586
1.07114760010168
2.76976979313595
1.03717215200222
0.949950317026788
1.20498409451347
2.84278854219917
1.07159466322551
1.32819871042577
1.17087871326676
0.763127687243146
1.23926768848873
0.913145054574175
2.50258313593704
0.909296115153044
1.11593379203713
0.978560956576328
2.35344670588076
0.93524141033113
2.54114420017194
1.04318789578487
0.829149769268326
1.8702047805712
0.998537719864291
1.05814078180047
1.0815021357313
0.922153825260223
1.33967537675935
1.77839686286627
1.24055083761202
0.951277800198493
0.900978108767622
0.998726635559258
1.14146836435373
2.2681107339077
3.68391975598752
1.26356199122207
3.16716230972986
2.55795110317957
1.19455599423593
0.861733884594599
2.99916562835523
1.21589683703522
1.42354471397134
2.45608439695786
0.886234289703244
1.08026755496182
1.57980192197105
0.871151484986721
1.60431425674585
1.37828599265339
1.91367234503326
1.28449699906579
0.949730881620836
0.949568879117409
3.77510269025588
1.15353589866573
0.922319816575321
0.934438230112939
1.94766028111855
2.12050591028306
1.2867125559051
1.66395839737661
2.93170419729465
1.21615474729972
1.02312424695761
1.59932718338821
1.62042558447745
1.64717245835407
1.03164210140909
0.889063607163816
1.39058637250879
1.02714861272799
0.95746744521384
0.932903206494449
1.21034809568633
1.84444507977074
0.919428155504311
0.980672702839111
1.36976289584506
0.905794311692353
1.06617246906023
1.14851009177982
0.991780614983321
0.973687741928289
0.95442678723969
1.03669021294484
0.997900264698582
1.08711901819911
0.972936660350762
1.63759801204385
1.46962553352282
0.952042318402918
1.52310450596797
0.882166611904673
0.896653883140855
1.02893890832234
1.14114515082396
2.49490155361446
1.16198816210673
1.66684996086903
1.1100342999213
1.55912911710242
1.13890930474379
1.26991340519162
0.907757515400346
1.72696055158193
1.01862581112895
1.27437373777111
0.849789745650817
1.9148145184132
1.14257737052761
0.738929175575896
1.16801885726588
0.974509008283144
1.09736167089235
2.24303328149936
0.976621442493258
0.977157603137213
2.75084221916314
1.07581367254813
1.92391033496008
1.00596644255543
0.926257767985505
0.845358631964392
0.836906316889275
0.868447551192672
0.958953836323714
1.02012366730031
0.862039729254801
1.16782788724155
0.951386317599065
0.865935897693797
2.33403058075967
1.27621237051543
1.19107457603482
0.987767623240508
1.23389431180504
1.42712599199909
1.00066321487046
1.27495679009988
1.39026703806405
1.42461142722463
0.979615265009269
0.979005203911495
1.53094486199164
2.20461501038699
0.947624073395372
1.15001815087773
1.30848525157473
0.996612754471287
0.956451591584936
1.13744596881758
0.823165594559155
0.804329616572211
0.779956515971726
1.0787208045527
2.60259610391745
0.820140725294303
1.19079550593416
1.40364235403625
2.01309703666156
1.38865434519495
1.5082728357348
1.43320442531809
1.2557197680618
1.43279929225232
1.07542131359
0.953975143459639
1.00489584787291
1.3159894589129
0.825728617597645
1.37784640663809
1.70729349349587
1.04144832765548
0.862981024140186
2.24637882062204
1.57216170909109
2.13868100450284
2.21524497211659
1.58193562676538
1.64877402539699
1.14612113970375
2.06421276567571
1.54231639640288
1.51305754739834
1.66262974834103
1.82108076630801
1.80079749663426
2.14943360415029
1.35352900024957
2.3567659016567
1.71902382440134
1.40730178972973
1.17662179713248
3.60857077310373
1.52654252347807
0.964154273753856
1.15043220043745
1.74071998268783
3.21010216262159
2.16880749383776
3.23842694412917
1.26418229927439
1.84648720029463
1.724356002589
3.44216537922941
1.24027799967551
1.13498699669853
1.23301318627993
3.02940628952305
2.16848295283254
1.61107090185421
1.71299818752603
1.3683302660322
2.07685719882533
2.26703029997805
1.58408113900572
2.18488756206383
1.09032484569841
2.97890828215983
2.37192838762655
1.91693786442552
1.52631645976879
1.19897119323217
3.07908946382484
1.38657201444271
1.19572801947314
1.47275373341191
1.45549583865855
1.75242257497386
1.6792048355962
2.11829130745268
1.29162554749606
1.21216965542693
1.04684218904455
1.01309271245872
1.79745669428314
1.1393570433237
0.86888266540752
0.713568898069459
0.814919505275497
1.23154490696716
1.41985099181179
0.962073233642752
1.11172893691232
1.60402695324861
1.63485999673416
1.25206030966286
0.969956416172235
1.31096576006095
2.87162734253448
1.88677482146323
1.64664717497234
2.50489446899357
0.83157178438156
0.961295226170939
1.16224395227984
1.02066766282999
0.92244090588094
0.913670734461053
0.80665737870016
0.842558485692271
1.62026164909566
0.901307601056003
0.993126640210559
1.8770649080538
1.17321474624201
1.07181723680857
0.988317128986841
0.988576159203985
0.941828205104399
0.953056263597335
0.882341673758036
1.027256497823
0.817123781898002
1.03313148416297
1.05607572793377
0.982899308680551
1.38526069909252
0.888852589009938
0.889211369811607
0.827468461158786
0.970848529378001
1.90938754487666
0.921100220679285
1.13188302255949
0.978647640587073
0.804930111695156
1.15539058835492
1.06403992938969
1.0960907083013
1.02972111308715
1.13785681218978
1.68489135948995
0.93756349002793
1.77726232143448
0.958777843105936
1.74157603983938
1.49268425631725
2.15064473161887
0.946112271379877
1.207163666354
0.925936494089522
0.883549928074237
0.895021062235736
1.0137105471056
1.32440663699013
0.951981940845653
1.17443362609046
0.983182729641915
2.91100907623583
1.0217695330907
0.939421651569164
1.31166628131952
1.18669423441509
1.2042845623584
1.15442565470411
1.3958907967954
1.32940394761317
1.22521946628199
1.13215102298156
1.03229329085962
0.930993335965173
1.07718415283845
1.02495340047535
2.53507008240925
1.1247833353108
1.05502668238547
1.20492188008743
1.37839054047153
1.75059459837474
0.933457496923059
1.07874354640489
0.947034862483095
1.00645275356608
1.0240216844856
0.943719183361785
1.43227780120767
0.995459321253163
0.895701718102596
1.10038292932072
1.32819295547077
1.13297430547168
2.04101898730481
1.11829382311694
1.86636597387297
0.883618699203301
0.882900180848913
1.10727271338541
0.811474822657013
1.03696160231296
1.00279030955235
0.948140083545146
1.20097921079342
1.35036622433633
1.31335637117814
1.13646793112993
0.869384360139637
1.07976825232207
0.825956489041495
1.66954068283717
2.4480991373914
2.15058109657626
1.73319515548862
1.54972044095353
0.953215901253296
2.09165535196424
1.1863079608581
1.63410216203456
1.10032481449556
1.93678688906668
1.20404682048687
1.97987436264803
3.08926842379024
1.60249162607469
0.997176208219403
2.06678372275498
1.54965047551767
1.7550115836573
1.68999816358704
2.16186909465721
1.98545787835971
1.43596499303646
1.04092986245462
2.15617386415532
0.890915960698774
1.04979139244955
1.12652264531725
2.14122864646544
1.13227306929624
1.07366870927492
1.30826947063586
1.29577649645907
0.974976317638498
1.34164648590398
1.43484568178601
2.11055269286572
1.0682063464484
1.56734171696571
1.01180213634847
1.22390475468273
0.912710644722844
0.992335769995313
0.842310745840559
0.878774723991343
0.802915237774364
1.13926897726595
1.00607612926723
0.792150827849063
2.13593756218107
1.83949550009941
2.70216720597796
2.48121905874287
4.38742053689694
2.52328802215734
3.7701653575127
1.78363163795365
6.75422411807053
2.36213850985302
0.923292246354392
1.37417587522347
2.43481598513866
1.12922350818764
2.21079036571278
1.19303123264122
0.974666903118327
0.901584013251635
1.25239301805354
1.10068384695751
1.13188181616968
1.25526652953748
1.23020644129716
1.39084850391975
0.807202684535714
0.970272560676307
0.936588045151106
0.956341929122005
1.14569004068248
1.83416253372261
1.28354426842362
0.793767966059771
1.32963946507914
0.983706997987868
1.81467580436034
1.90586263555756
1.90756987028073
2.72229218359257
2.01382113072686
1.54529320925125
1.65231345660999
1.21904180164539
1.75487157795564
2.69536701226386
1.52495950791261
2.10988421868255
1.03870258106055
2.94630242179894
0.961466827322075
0.997400839035568
0.982037530618556
1.41897477230741
1.8544589440254
1.04294034966298
0.935154516071479
1.35155895012017
1.01097345895609
0.954075286114956
0.948093371485149
2.09031067855495
1.18590676138542
0.968380706446536
0.871714864589014
1.02446005241945
0.942765932262411
1.87241521799079
1.56584981857759
1.00293382985363
1.34484028208892
0.888955356128013
0.952059465909087
1.46349543525146
1.0837582394211
1.0980368867191
1.36257127057573
0.911490487047479
0.982574536128568
1.07679975483924
1.64529679576614
1.44600764841765
1.23110300658713
0.996927593186347
0.953236799778051
0.89504426584018
1.05143939633689
0.982683889859547
1.0141778475404
0.972245383206237
0.942459551830352
1.13373903726123
0.876517160223378
1.1920141575443
1.11888515467953
1.00090476129061
0.88825284545584
1.07099434080372
1.10261250328584
1.10250839940465
1.81527516532261
1.58679767748172
0.990774921987606
0.996467001871743
0.885551501841092
1.04200486871429
1.05638041095781
1.19664297894045
0.964573531297719
2.01049064473753
0.887052014187022
1.76573687032102
1.26080590513656
1.31397891230152
1.34042475497073
1.18895151238536
1.02353445824328
1.023497557788
1.2300236917543
1.75297498070826
1.19613938841792
1.14791849128547
1.13339692009752
1.29830889444352
1.33891428055907
2.05255476256881
1.40685788387246
0.82594647917278
1.45360772858972
1.11359144451639
1.21289225381578
1.28322715553725
1.22683372737665
1.37780102864778
1.34063375989455
1.18807728066855
2.77710067719968
2.03289033122505
1.12869073096487
1.33799322624868
1.62356506713881
1.64077692684276
1.22386525673551
1.05778294951363
0.910630128993878
0.917853044855335
1.09584292781452
1.05329712683858
1.44838322848805
1.87722752734228
0.890493996885538
2.72964389963203
2.18558573034224
3.12042378334647
2.61363132862777
3.13153451055575
5.46177924648677
2.13496690984905
5.39994311029647
1.02650794881596
0.996990744217703
1.54401445095527
1.01924487509394
1.4679722132818
1.68238941318781
2.07637903957902
4.3439187827156
0.964337386209211
2.00568055050311
4.68877345836437
0.98903630546161
1.05596407923899
0.927699359479799
1.21075698639544
1.02725548581884
1.11754031978076
1.00685209110576
0.989529069560553
1.18717733267041
1.03032536155959
1.04830739253172
1.14505953746277
1.19575653359517
1.14298290140524
0.954723977877979
1.24770661553822
1.38084054267456
1.14862110098817
1.74205886759217
0.946143157620122
1.0971442786778
0.97607986713056
1.00619334036977
1.80243970545156
1.09934209176555
1.89218553530674
1.19667782503718
5.5604058392508
2.55947932867083
3.17538440847748
3.40849374293466
6.01205714983452
7.8104099463582
9.53678133770109
3.03108623728235
8.28031338439139
1.29841379624436
1.81251609805333
0.949215580874773
0.909936404517319
0.96122743174666
1.39202498743932
2.65047522456801
0.964959747099459
1.05021691205477
0.973616818625298
0.996949299309606
12.4174204577456
12.474880536567
2.35602487055758
1.41950495720375
0.930712703173904
0.948273716196648
1.00341893927213
1.23607305206834
1.02808189474435
1.42700639242928
1.1017600063521
0.923780453804571
1.34203929697231
1.68746348683761
1.27763370029871
1.9749190446716
0.827534483637051
0.961245381875426
1.13990389982974
1.50092543506541
1.11783968514632
0.878356979844685
0.896513925138998
3.2540317372396
1.59063645575453
1.57446125869643
1.26611630420222
1.00464928326611
0.769770807861669
0.938862263023405
0.923549235723877
0.855531461001724
1.18515430952105
0.942370920376947
1.28338822053531
1.23152115270631
0.959072261289512
1.00226410284316
1.3255620845706
1.00085581646193
1.05034307597899
0.909249357135644
1.06779734151271
0.952880098927839
0.823936937382628
1.206357677602
1.13261110915259
1.14783003276767
1.20123217719734
2.34836232506068
0.88796441596206
1.28606664863814
1.21198738250413
2.12312143844989
1.30341786519347
1.88681594429838
0.990572067841582
1.45428359959409
1.237254109691
0.957300403516107
1.05346969623923
1.43813747927061
0.839915738377581
0.972036726587824
1.39590447796816
1.43936147412406
1.46488750597364
0.915769477008481
0.891890536026741
1.62878620157883
0.859066203094755
1.23327129469091
1.10032515095728
0.925135013872266
0.915279936849659
0.891148719023113
0.82022036273238
7.36981353843989
2.31230578614
2.86280078477949
2.03162941677921
3.09668501484602
3.35274735423681
5.00952312409182
5.04371717846688
12.8199553849606
3.64522281580449
1.53391526909879
2.25516927528274
2.37758687452713
3.50196241427539
5.06948246305347
8.35065943414141
2.93096432984905
6.0618830156254
1.10376035097584
1.39535664348826
2.74836013883728
1.49761050939509
4.95557339546466
3.71701661590265
1.14875263945455
5.40184958769974
6.47847303180466
3.67969843106883
3.14823452270524
1.77206009011657
4.05595648418553
3.90237242897896
1.4563836478639
1.31763128375563
1.22726566387343
2.10275781465085
1.47585822704091
0.985766705280391
4.70242332710367
1.29024956747397
1.60676881678546
2.33826642271554
2.48608940973963
1.25492317831904
1.32213950422848
1.02956562444723
1.60394923777458
1.09323746270477
1.21002029673461
1.40132349616547
1.03893315963886
1.05272223184765
1.10027714955582
1.46365942040036
1.95196421038258
1.63915284894076
1.40935955253871
1.28526354375726
1.12363198078761
1.79074038058072
0.985449359795473
2.23697394926614
0.911743324561821
0.918079823144049
1.61978021788411
0.995296861583854
0.900607001241568
1.30621173264702
1.19176037353498
1.04843732783935
0.82527321982117
2.18484774019232
1.73985969782282
1.36645852186831
1.78793329674265
1.99035201419536
3.21526002576831
1.93083194756633
2.12357892167318
1.37851619172762
3.04620568843148
1.82217837829024
3.58193682070174
3.51527855319204
5.97136949755155
3.9074795244823
2.06042679717274
4.88243268254174
3.63368765100569
4.02910573301318
1.34661696900087
8.10371446006875
4.37301257818523
3.94060834791736
1.8836911903885
4.76898726150942
4.12252072206868
4.27301878622939
7.59196047174418
4.73442988475154
6.36004553347967
10.6578508262052
4.56794909364638
5.38069883028218
2.28979519447346
1.15709767806676
6.30080530185962
5.82283244786245
3.95274322224522
1.49838652784788
1.42462357436902
1.28547521085057
6.31745290161882
5.09774377111004
10.0370877966231
2.49155801070224
8.57268926370875
11.0359007639895
1.8082339591592
3.13189388139865
11.978498553885
7.43346103481859
1.60583507038096
1.03139123954981
13.5847230255767
4.73441725275153
13.7665329328674
11.1704515415061
1.4241598687041
9.38408531811836
8.79947276733766
4.10003354879541
1.50967272194196
1.28921772895981
1.57949328809717
5.55186737832108
5.69103644364456
1.02315177172642
3.38626870442205
1.78078656437856
2.09846795313062
1.95251874028243
3.02152407758125
1.03340678344606
1.60131533196095
2.22205879502846
1.07680245419977
1.6845578949354
1.44185285608391
1.17263381762078
1.69925927585654
1.24812742601549
0.957018034441922
3.24807285909559
2.51157583744332
2.47417175057593
2.19436326925006
1.49916706544735
1.54584786955699
3.10606208247787
6.94429830908117
2.03142060875273
3.68024750540062
2.28882464893842
10.5377665568756
9.16489222755812
3.06546683361103
1.67079871515474
1.71496950994923
2.01635314611343
1.11623789889313
2.81544798430641
1.78234148178898
1.62536085628155
2.42188627023137
0.916452016317344
1.0914774443229
1.34302428098109
1.01238511000713
1.46023291374951
1.56793824444082
1.2726486548835
1.38452728911303
2.72588007080109
1.93436794760946
5.54193602197908
4.86387994693092
4.94779768862298
5.15127483911572
3.3778354284444
5.84384931049946
3.28081188005649
4.78550328950721
4.1629387113348
4.02287180553786
6.07194777523476
4.07641370745361
4.33354203275742
4.64377098049504
4.70235947178917
3.51945800873471
1.9935669182335
2.06436489055483
3.82256545004261
1.34324258840086
3.19425798201501
4.03414610385401
4.74373230012642
4.73566939312064
2.10925338586762
7.94759550118507
5.05344005292231
5.52902284027613
2.19222946696301
3.96989175847561
1.43745707347501
5.01117308720791
6.02435064573697
6.03500420054439
6.61786158610001
1.16985994456072
1.09083292509394
2.8756715823254
1.10932165757388
10.8531996396295
2.68059173471573
5.98066043079818
1.15806921740953
3.37724386937273
10.7036129189763
11.9922424338617
11.3098965831854
12.2676594145107
22.3944632745341
9.20509943291181
0.87115735899801
1.06193477401028
1.59820080459948
0.846103458654656
1.17876384645174
1.59940756444947
1.21318790283593
1.58241390766694
1.26458046398347
1.16838426325198
1.13579934611924
1.78576654640154
1.71181586438256
1.33239603394478
1.38681350996793
0.961901852213778
1.06420334316194
1.87055463277304
1.75521753969997
1.11904314628071
1.12699737333816
1.56638857783651
1.10047441239329
1.09723629999637
1.48294762720609
1.507944314422
1.00974177483683
1.85187645911012
1.11251530196909
1.25034449565324
1.12023017500484
1.34057540430777
1.22408941870202
1.01749517934312
1.69695434650524
1.1046337173193
1.46047201108557
1.22551258684854
1.01522210688093
1.0909985894462
1.17148954287031
1.48599648863133
1.73946697401288
0.855622098885071
1.13503365305716
0.835219240683421
0.830534459816685
1.08276051845251
3.85381681670421
1.10390343457983
1.76150736115416
1.66967541655924
1.71661420616863
0.916374571035128
1.0146666420393
0.989730295762093
0.917229669911879
0.945503086288376
2.04070478491909
1.59265814599205
1.01348568674344
1.3067539068881
1.5800639175812
0.915103988625894
1.35774108720068
0.783266158853468
1.38946833274915
2.32059297369685
2.06276524270683
1.23888417856525
1.98319955818263
2.66411883017646
1.02098211537761
3.08634465586605
0.993849332180003
1.21378012648601
0.853450725515715
1.55402635006522
1.0722369856577
1.47225440348012
1.48620517054655
0.919393847856389
1.06778874931784
1.89160402920455
2.54348258073686
1.01645398563289
1.07224842564969
1.02976845860653
0.911837767644549
1.18455328912752
0.91345182841057
1.16673476476114
0.793062494419691
1.33770105135191
1.04549316879819
1.01058035254924
0.855378384281854
1.01774775866082
1.01710902677975
1.41363738099821
1.48512461800104
1.09135192013218
1.21881614040794
1.93013538960824
0.845480489232255
2.1489755043056
1.25158334738377
1.03323148973517
1.96988609326053
1.20908838084944
2.51579814318308
1.03716466670323
1.027944144205
0.903190172102475
1.08064404313023
3.44990034601388
1.44522184068845
1.16471550842696
2.04036511639238
1.89754556899352
4.03451223541315
3.4540062441752
3.1647554666286
1.09079881830913
1.88243828196682
0.941042865166232
2.31723654491692
0.99651509631116
1.52767385197496
2.12096052232252
1.08931411269367
1.00335189662942
1.13235521001942
1.12932402558523
1.91379009229599
3.12120575924699
5.91559989856026
4.40128064785684
2.82017416664198
5.73339563055063
0.892840652295013
1.18079183196449
1.0335196880848
4.14007877502736
1.02183132016462
4.90791636707057
2.25298960855222
0.93255553530307
1.26277101072682
1.08294650245855
1.07148061841189
1.01697680887102
1.00200596243279
1.03080491927107
1.47910738886104
1.1947339063371
1.17717567768085
1.04270548555549
1.63281109557542
1.74558100459305
0.877933078841669
1.43070931155561
1.13525776235978
1.40482387599976
1.21816170257671
1.08132610367881
0.933227023811933
0.925912517375512
0.936132520076494
1.30809993911848
0.855667155032413
0.978628516717314
1.52204496588623
2.74128465710035
1.06402277380785
1.28912421604
1.86417144342362
1.5845939247869
1.03463923504485
0.902385800332581
1.32403206307173
0.963148965980554
2.72331569514531
0.972467391103462
1.01415231165272
1.03980457343556
2.00279454280392
0.926897985220094
1.1669431981227
1.4530558334841
0.920480343908004
0.856548740754727
1.28142167012439
1.29552577248715
1.21746393684552
1.0117333809912
1.00800690203481
1.12521333110571
1.23116524153045
1.02452842765838
1.04215992958553
1.09662359859826
0.969971405832989
0.960044977930638
1.76315477328163
1.2524440442803
0.919631390129734
1.75287451377175
1.11697430667931
1.09446843675677
2.04435334562883
1.13755784274119
1.01743711231515
2.54633303635633
1.28364016424006
2.1795686842832
1.11995056483165
1.05307265280544
1.24739472946085
1.07475861074377
2.11065948854747
1.21401766658955
1.39024772212287
1.26314574690972
0.972096537911726
1.18113223943381
1.13311150473388
0.993398581979677
1.82663902259828
1.12830440670645
1.42316568611762
1.05909028381451
1.40709276492279
1.31674515012035
1.2417364651844
1.39197215246813
1.08916764953599
1.05384379433284
1.2773776594984
1.02632286183776
1.00729600979775
1.32745639462201
1.17292585060179
1.04109398572799
0.976696433164323
0.949376153400432
1.01548235192453
1.70703666840244
0.964370149582701
2.10863219623821
1.21477593499104
1.22270349838628
1.32664983794674
1.05412865933192
1.45471740212895
1.53955177188234
1.44807421306518
1.02927686448233
1.27881009988072
0.973190194076789
1.23939539748187
1.17539427907314
1.22102545749964
0.931728462328643
0.990052370726399
0.892927612239951
0.92674372611861
1.88476568566548
0.972833121630417
1.5649719767682
1.19709986881282
1.06155179781284
0.905528385123726
1.10750073356095
2.77709635637596
1.38348733076636
1.56627952984918
1.02706998328167
1.14498491765768
1.03902305540296
1.07879593122108
1.12998163975863
1.61535712634266
1.42735093059719
1.15430503269204
1.08984258865521
1.2600587012147
1.70863391883751
1.20615292123256
1.29576329063161
1.74054903157704
1.45175366786429
1.00516642241322
0.998611805371911
0.917250361951155
1.08215625372853
1.03085518555785
1.45454822100983
0.806144432998683
1.27332642200615
1.56429582331438
1.14385201395181
1.10778900413509
1.297938969181
1.24306967895697
1.03831582031583
0.940986726776041
1.10876208143013
1.39769661812984
1.1221641134198
1.27297431196198
1.96580462025526
1.09904136841376
0.976144771609211
1.1943300222916
1.34099755583349
1.29382824609205
1.47208003393772
1.07004708775902
1.32554868607364
1.34734432739729
1.22094273367372
0.884505971393864
1.44216221601029
0.99250064561909
0.799651624997851
0.899573969413973
1.55332282124446
1.87622772867193
1.57243074800965
1.94523308663124
1.65895869553662
1.45904680155751
1.09187298712657
1.03782184578147
1.72297841868341
0.904511750798983
1.30938511399553
1.01323860209466
0.920318726635252
0.924755352633699
1.01484419872938
1.10965744102067
1.06486345905713
1.53029536478317
0.975703403703111
1.21327363384231
0.927172358733275
1.11149111362924
1.00321644958199
1.07625316135033
1.17467769690888
0.72150187794715
1.13963625055319
1.18607720215842
1.36303591983734
1.1344001733941
3.49773436200592
1.33080406741921
1.17969989795983
0.885929333992644
1.84123275570273
1.27354208530919
1.80916021112946
1.45354507131929
1.40850326289527
1.01313507661942
1.1339914196562
0.955581203680157
1.17893022354357
1.38414825273598
1.04294477862685
0.956869824629768
1.50539596458552
0.861733421383788
1.76978649268191
1.41392572916003
1.29024974288909
1.49591582172759
2.6215626148401
2.3150060746175
1.24558331057562
1.55921589209906
1.94790116737667
1.10075039505136
1.30338576888685
0.868038112401935
0.912330431072647
1.05312505129353
1.25585065485058
1.32797748271026
0.921025083561926
1.15799323873523
1.47651992425628
1.10708231380947
1.88064840180383
1.22555424787552
1.00209917875723
1.41263749143147
1.56991707552419
1.18835247284513
1.57886376000054
2.00319223882085
1.01780803307465
1.18613400378043
1.28685677736121
4.48768590763579
1.28571190791961
1.42032397299883
1.21229173506705
1.2522134309928
1.0599224349878
1.1349042299178
1.20398114190266
1.51592970046538
1.16611647235805
1.19995620213408
1.07020239144973
1.45866672901263
0.978442718731017
1.06261042765261
1.2251409718856
0.808206673280695
1.8443148780489
0.86049728907277
1.21221797914521
1.19153898013678
1.49881892595645
1.14056750855229
1.58753622840927
1.12286951770214
1.91660730445407
1.67644412313354
1.17197269678468
1.38592796239722
1.07332306872176
1.01774354299693
1.97334004976932
1.18921591054191
0.855437964649901
1.26335352914109
2.96301855587703
1.57306514068493
0.927903447401735
1.17823744978143
1.00031238534477
2.1963697128143
1.43024845839969
1.37527377720955
1.27211195772446
1.22530564714899
0.790736891867932
1.03123112804924
0.884420587713665
0.949417703221526
1.01405725542276
0.986743284569315
1.23882673679377
0.961242260162358
1.22998129396434
1.60433504767183
1.24103659363115
1.04245381292729
1.17998182740423
1.25855205722439
1.13455696314865
1.07247677869618
1.24425032223893
1.0130085151818
1.17123937386843
1.39386768102313
1.00389638577019
1.19961512617583
1.36828766152377
1.08325223244075
1.03990448559942
1.00257208243432
1.27805044169098
2.17593802879824
3.21737900411137
1.13166997293059
1.01996704372354
1.05748290401474
1.45305759493307
0.989503340244426
1.21803166019113
0.8590476509079
1.48594284131374
1.11544459992293
0.874513308070714
0.988920514691993
0.972435977938691
1.06513240274653
1.38608200181184
1.11080437346385
1.02744024342406
1.47256583095566
0.987833151510826
0.991925458361787
1.02574150849699
0.926002825019551
1.74702107350369
0.92892355154111
1.43446454063088
1.19215343952744
1.28389718659828
1.00733992385937
1.87979771045927
1.89755340190419
1.84506165360289
1.30641068924339
4.14762832126636
1.0516924108568
1.06172231118076
1.12082981382574
0.907352879732388
1.11418783795388
3.78907266286914
1.90222915867216
1.82530908259054
1.69354329482673
1.37465492801433
1.23708649658983
1.61404620100395
1.04807713069302
1.29994535990639
1.16668125566897
1.25579612435065
1.157682891051
1.50155881680419
1.1383066361389
1.09067343702719
0.9126916675094
2.27547341126955
1.24305730784311
1.08499318379578
1.83305479512682
1.29815861368054
2.8050179965027
0.837633026865949
1.56671969316929
0.823490473043706
1.84513677188679
0.915391069838037
1.65547092990257
1.08346619472414
1.93962699976176
1.33190036621684
1.04671598264176
0.981017698779589
2.48269681999484
0.858834796523846
0.970499070796184
1.94659221868373
0.977927724463992
1.75379731161148
0.936481411821062
1.40376529369666
0.997190694139339
0.978035721372568
1.17438289994612
1.3145424506834
0.897618605037533
3.36531066755692
1.33392152204053
1.19743034486409
1.52002542903266
1.25123924124223
1.26563302294037
2.38426981106675
2.54374727499796
1.23072688242542
1.10818564365521
1.28407660904071
1.16149835055677
1.31373884002353
1.53347498346101
0.983960749708805
0.859127515283818
1.57538474466904
1.34630401376814
4.38893944259575
1.15840234951379
1.19504901725642
1.08015784162671
4.32125156492927
1.54564267060372
1.5651275811811
1.1751509616381
0.994165664549374
1.24206397365494
1.9290315154899
0.952156108380839
1.6857528579338
1.19340638218985
1.34394046989391
0.877287968564615
0.863575224837274
2.29516934996852
1.83446560288876
4.82318502338908
1.87257486525713
1.48925886101994
1.7240572100507
1.13595992064557
1.3812334946443
0.988230732108749
1.3008328489323
1.52437532945254
2.20367817580743
2.89223413526789
1.0837971889225
1.06961721715317
2.76278694650145
1.48566579006366
1.73912678795482
1.31939520371534
1.3200353477368
1.54969430701413
46.7346051624265
1.17140857167649
1.57264798085293
3.5197686895517
1.47960562322726
1.32442452725381
1.14108563065089
0.999338001750566
1.32125146096315
2.50524331121702
1.26327217094532
0.96068865888653
2.0940891864156
1.46797632842677
1.13475435365128
1.54375046020399
1.06071428099706
1.72894801085976
1.33157185505896
2.37377571895206
1.38335180041307
