0.0
0.10005243465966462
0.0
0.10912456990616692
0.05414707419766085
0.0672473395555866
0.08831518077322442
0.1087125201887359
0.0
0.08226707952952772
0.0
0.09755767416088168
0.0
0.0
0.0
0.10609982353261826
0.0
0.10997821244460149
0.0
0.11045374049940482
0.0
0.10543008167929857
0.0
0.1099503171088414
0.0
0.10690521406792342
0.06905610331823431
0.10991966867747305
0.0819514179397447
0.1105221594931286
0.0
0.10916222447191215
0.0
0.028020413440900893
0.0
0.09070904784040712
0.0
0.11017731061441649
0.0
0.0
0.03806389517990694
0.11018610794216932
0.04551692871079693
0.11018192579730945
0.0
0.10707570060433169
0.0
0.10480764204075899
0.0
0.10596222056665827
0.0
0.11029880282857119
0.08460109215789846
0.11048220890946903
0.0
0.09688073905578876
0.0
0.11048883385812425
0.0
0.10764348238749266
0.0
0.09583144349575456
0.0
0.109890586037388
0.0
0.0
0.0
0.10972472254397525
0.058766650609222815
0.10953173961645812
0.0
0.11043677291566723
0.04588920053088241
0.06633655150533324
0.0
0.11037038660900167
0.0
0.1104479887664136
0.10933986365978943
0.11046125681549901
0.0
0.1100925948020155
0.06097023334181295
0.07541041887647326
0.0
0.0
0.0
0.0
0.0
0.019873767296308853
0.0
0.09571039779331791
0.0
0.08345311325997118
0.0
0.08975550699844037
0.0876972970268931
0.018663876629301024
0.10968450681477282
0.0
0.10945532027925942
0.0
0.07672476074458523
0.0
0.0787191131430115
0.0
0.0699749456037031
0.0
0.09964882138538966
0.07583047684389643
0.09791747570908982
0.06232395495718346
0.09041067875927289
0.00624969381993612
0.09214783082551903
0.0
0.0
0.0
0.10156028745251855
0.0
0.0
0.0
0.09489396323479671
0.0
0.10729883642897675
0.0
0.0
0.0
0.10264794249084008
0.0
0.0
0.0
0.10723560202297844
0.023793363176669358
0.10023391863478404
0.0
0.0850048058122338
0.0
0.07443752023035366
0.0
0.10666384134481788
0.0
0.0
0.06032042663576276
0.0
0.06286536188878933
0.07867111822446915
0.0
0.0
0.0
0.08704497951839674
0.0
0.06499212503053331
0.0
0.06833323544086989
0.0
0.063732049100093
0.0
0.0
0.065596071160124
0.06394096534751037
0.0
0.11051631610099666
0.07107190319193213
0.10997477450766202
0.0846129187019371
0.10989802595224829
0.08288527168639415
0.06804577463093109
0.0
0.11026732221756841
0.0
0.10744137966044709
0.0
0.08068055410457986
0.0
0.10801914784068023
0.0
0.06088146201218625
0.0
0.10603963945584638
0.0
0.11007650016074966
0.06724138197348195
0.11024943595161107
0.06519425551722313
0.11043416023205566
0.06877391022683332
0.11014770278329733
0.06932282029325132
0.10810075158477339
0.037821298295727
0.0980549290208258
0.0
0.11036063542917662
0.0
0.10994227308974658
0.0
0.10595161272874587
0.0
0.10691338876167344
0.0
0.11015100936179556
0.0
0.10912585676251563
0.0
0.10990088951460775
0.0
0.09613184768858352
0.0
0.11021198522976494
0.0
0.10548589661620067
0.0
0.10989800900678981
0.059988027743338446
0.11006578107972687
0.0
0.10946477913166175
0.10466875437654688
0.10799516068655812
0.09193281778594575
0.11002965780454521
0.07645772590858324
0.10313903521670764
0.10708237313867064
0.10720171679861168
0.0
0.11005461657393667
0.0
0.07217554717516861
0.0
0.10944651894794977
0.0
0.0
0.0
0.05365223371800476
0.0
0.06379569156139486
0.0
0.09223340984257478
0.0
0.0910913185488802
0.0
0.0
0.0
0.09547138111977871
0.0
0.07672476074458523
0.027046046457257944
0.10919090376390606
0.0
0.1032324599314055
0.02630744845673405
0.01535872716258524
0.06551419055107521
0.0
0.0
0.0
0.0
0.0
0.09889342989969274
0.10349061297945228
0.10116549750688042
0.10879325147815344
0.1047830247776319
0.012134458552860994
0.0
0.0
0.0
0.0
0.0
0.0
0.0
0.0
0.0
0.0
0.0
0.101382509282824
0.1058001406138489
0.07119176873807431
0.08966410084592824
9.094555041482266E-4
0.0
0.06867039440873912
0.0
0.0
0.0
0.0
0.0
0.0
0.0
0.0
0.0
0.0
0.0
0.004020714051173435
0.023524065728227184
0.00777074782655951
0.0
0.02145868848929977
0.0
0.0
0.0
0.0
0.0
0.0
0.05275618837560225
0.0
0.0
0.0374564472861737
0.030963133592569858
0.0
0.0
0.0
0.0
0.036943007474416256
0.0
0.0
0.0
0.0
0.0
0.0
0.0
0.0
0.0
0.05139921580467599
0.0687337695327378
0.0993130971707662
0.0
0.0
0.0
0.0
0.0
0.0
0.0
0.0
0.054630304167321064
0.01748784968291306
0.06697358273418474
0.08431119593806646
0.0
0.0
0.0
0.0
0.0
0.0
0.0
0.0
0.0
0.0
