0.0
0.21864613832794844
0.0
0.848518909784191
0.3567862562441304
0.8078093418742237
0.18704887171247586
0.026642132139532704
0.025325326274278748
0.0
0.992639947731011
0.03598752729448129
0.0
0.0
0.9592951933215367
0.0
0.0
0.0
0.0
0.0
0.0
0.0
0.0
0.0
0.0
0.0
0.0
0.16778538006495558
0.0
0.9955978090917255
0.1770484878305868
0.0
0.0
0.27640161952277953
0.3518506597447173
0.0
0.0
0.0
0.6083076295155951
0.0
0.0
0.234089845962147
0.7427842815742978
0.17547790594375834
0.9731802595118091
0.0
0.0
0.0
0.7571352716611743
0.0
0.0
0.0
0.0
0.0
0.26421465591086823
0.0
0.0
0.6193985386524394
0.0895887734925267
0.9630901120989049
0.0
0.7536010580043299
0.0
0.0
0.0
0.8011268723260948
0.0
0.0
0.0
0.788654893967768
0.13527981492216257
0.0
0.0
0.0
0.0
0.0
0.0
0.5788113639158268
0.6294003558485118
0.0
0.0
0.0
0.0
0.0
0.0
0.0
0.9218499175583065
0.0
0.0
0.45950139193676953
0.41485885958855473
0.0
0.0
0.8039509498894136
0.0
0.0
0.0
0.0
0.0
0.0
0.0
0.5322103879900588
0.9753183423092456
0.0
0.8518906834376034
0.12988377078219437
0.0
0.0
0.0
0.0
0.760403512261067
0.0
0.6696435052415719
0.0
0.0
0.0
0.0
0.0
0.0
0.49051081808811703
0.0
0.7693514698592178
0.0
0.0
0.0
0.0
0.0
0.13452852587189157
0.0
0.8562169700849336
0.0
0.36679367163701193
0.8897036193345946
0.0
0.17302405409237198
0.2906260896068865
0.0
0.05717735324525541
0.5512735613458766
0.5345440995916183
0.5324871625841009
0.0
0.5585769709882797
0.43540381226341385
0.9921546855198058
0.0
0.0
0.0
0.5266829728090012
0.4471118250049745
0.9934313207916716
0.7278466171913643
0.0
0.06327375826674986
0.0
0.0
0.0
0.0
0.35231264499189074
0.4991444094345021
0.0
0.0
0.0
0.8302034356708577
0.0
0.6547524440241868
0.9909726794174977
0.0
0.9441695086337678
0.0946876192423356
0.0
0.9012768734967668
0.0
0.0
0.1627197572312884
0.5641030237080666
0.08976847068254346
0.8765105956276363
0.0
0.0
0.28436795667403914
0.5695045292490696
0.27590526798874926
0.5558598930684044
0.0
0.0
0.6940907897090947
0.0
0.1734882736504757
0.22933327649709634
0.0
0.5047857786795853
0.4944695278755674
0.9991926319549195
0.0
0.7696854267195883
0.005231194532741457
0.0
0.0
0.0
0.0
0.9402401679939986
0.0
0.8250552866007017
0.0
0.0
0.0
0.0
0.8124293675426305
0.0
0.0
0.7790880548594505
0.12456315632065729
0.0
0.0
0.6461811082694962
0.0
0.0
0.0
0.9726527297246348
0.0
0.0
0.3372009392915718
0.0
0.0
0.028821954367407532
0.0
0.0
0.0
0.0
0.2384098519537745
0.0
0.4635293782879888
0.6619566713898388
0.0
0.0
0.0
0.0
0.8599321371537335
0.9500827454212853
0.0
0.0
0.0
0.0
0.0
0.7307141103638872
0.0
0.0
0.6140189439829562
0.0
0.0
0.35706964655151496
0.0
0.0
0.9344007613911038
0.0
0.656799424725375
0.0
0.9834552350711655
0.0
0.0
0.0
0.0
0.0
0.0
0.5536958816926743
0.0
0.0
0.0
0.0
0.0
0.7797637884274864
0.851324803276488
0.0
0.0
0.2746483686170398
0.949083844145661
0.8940541136856329
0.1883013225025736
0.43402266882438845
0.9274794333609229
0.0
0.0
0.9995533861805379
0.8287458609830064
0.0
0.4348871285593793
0.0
0.0
0.0
0.0
0.35307562131157466
0.0
0.22676731896215874
0.0
0.5006995589419262
0.0
0.25639675795539885
0.596325896177115
0.0
0.0
0.8846732335982544
0.0
0.0
0.0
0.0
0.0
0.0
0.2616332617032029
0.0
0.0
0.0
0.0
0.0
0.0
0.0
0.9011246781410037
0.9634855140911287
0.0
0.5967414851413813
0.0
0.0
0.0759045050399596
0.0
0.0
0.0
0.2733621391891513
0.0
0.2862061675850254
0.0
0.0
0.0
0.15314202483410955
0.6728426439422278
0.0
0.0
0.04677769244850161
0.7910645108718208
0.0
0.5392690598860617
0.3296033152406026
0.0
0.0
0.0
0.09803737481533725
0.0
0.0
0.6923212656531208
0.9808330913923768
0.03486508024433199
0.8635996160481331
0.0
0.0
0.0
0.8441217217880195
0.37943531757889626
0.45093329988249486
0.0
0.0
0.5553192189387222
0.0
0.0
0.4202424596894926
0.0
0.0
0.0
0.9999999925450638
0.682036866267016
0.0
0.0
0.0
0.6912164931478156
0.0
0.3643284950997008
0.27480511146633213
0.0
0.0
0.0
0.0
0.0
0.01768209400276688
0.0
0.6239678628254404
0.0
0.991590971009344
0.7137243630031689
0.0
0.0
0.5050791844927142
0.0
0.0
0.4806053977346023
0.0
0.0
0.0
0.0
0.9242166922730948
0.46766187978881657
0.0
0.5053467327568719
0.0
0.0
0.0
0.0
0.0
0.0
0.10292710594087828
0.13049200888173174
0.6345334798812956
0.21101377178105396
0.0
0.3557302445208208
0.0
0.4922118432483351
0.0
0.40072335093511624
0.0
0.0
0.0
0.0
0.3351238781512327
0.6528718472443819
0.0
0.0
0.0
0.7556489978075699
0.9942530213634313
0.9999098146015737
0.3216673604191369
0.5243649755104802
0.7341915870795448
0.6720139575780526
0.32257604807148654
0.0
0.0
0.023562291752882825
0.0
0.007929460595047844
0.0
0.0
0.0
0.0
0.9999286543129778
0.9433176090421826
0.8088004151506966
0.0
0.1792481092265169
0.0
0.42495657160329037
0.9984404596407479
0.0
0.49549517756952466
0.0
0.6213181623167449
0.6044363574945804
0.5633568749072524
0.49248154061121685
0.0
0.0
0.0
0.820313426075084
0.0
0.6075942058459313
0.4519131103955216
0.0
0.0
0.0
0.0
0.0
0.0042606414485055755
0.0
0.0
0.0
0.0
0.0
0.2684107234179156
0.18224740422970642
0.0
0.0
0.0
0.0
0.7738296996400695
0.7246861577425274
0.7049260949527084
0.11952970799439722
0.0
0.587069600688559
0.5620211462910867
0.0
0.9992153848384903
0.511450724892543
0.0
0.6968244696122137
0.0
0.5869990931132898
0.8974010320861285
0.0
0.974636371718044
0.6923176127317054
0.0
0.0
0.0
0.0
0.0
0.0
0.0
0.0
0.9068143757109361
0.0
0.0
0.24697672227870682
0.0
0.0
0.0
0.0
0.0
0.5627684448930148
0.0
0.0
0.0
0.0
0.0
0.0
0.0
0.9947586132302966
0.03257593336251274
0.5336582464262918
0.0
0.9488390976353526
0.0
0.21632730134635592
0.03732115798089575
0.0
0.0
0.8020444425851784
0.6329809142835235
0.5975883968554307
0.0
0.0
0.0
0.0
0.4360217738260441
0.0
0.0
0.0
0.18476834872961545
0.0
0.0
0.0
0.0
0.0
0.0
0.0
0.16594167611430177
0.047243507026088816
0.500185824975024
0.0
0.0
0.0
0.19754375429765791
0.9998579537788822
0.9155964862884218
0.0
0.008719112169975451
0.0
0.0
0.30833940316777464
0.9608650476485716
0.0
0.8168364311635646
0.0
0.0
0.0
0.0
0.587168910616658
0.047078419497144086
0.7806827437029686
0.0
0.0
0.0
0.9722976272570746
0.0
0.0
0.5990187978350813
0.0
0.0
0.0
0.0
0.0
0.0
0.0
0.20895246656857036
0.0
0.11009045888679792
0.0
0.0
0.0
0.3864671005410447
0.6481817305820957
0.9997145976717863
0.0
0.0
0.0
0.0
0.04646874089932318
0.618817433403275
0.0
0.4386596856295477
0.0
0.706160023141148
0.0
0.4181902447176673
0.0
0.0
0.994707241930061
0.019141378054594815
0.0
0.0
0.0
0.0
0.0
0.0
0.0
0.0
0.0
0.0
0.5276245878138042
0.8375034993577096
0.3866667706751752
0.5842560298589017
0.0
0.0
0.0
0.0
0.3437095997017148
0.0
0.0
0.0
0.0
0.0
0.0
0.9950805863175628
0.8802690109405749
0.2660117520479154
0.0
0.0
0.7983330124900287
0.0
0.0
0.0
0.0
0.5492487769490767
0.0
0.0
0.0
0.0
0.0
0.0
0.0
0.0
0.0
0.549802880188389
0.6548831677700708
0.0
0.0
0.3919161544857763
0.9766721948000657
0.0
0.13974639594629779
0.0
0.9451412093226764
0.03757590806749567
0.9732251139418626
0.0
0.0
0.9589250227646825
0.0
0.0
0.0
0.0
0.22989844202794418
0.0
0.738604147848633
0.4293212514998981
0.0
0.0
0.15465565281714033
0.0
0.0
0.0
0.2453517026290294
0.0
0.30286402205751406
0.0
0.0
0.0
0.9642527920160703
0.0
0.9919678230772881
0.0
0.0
0.33713953817015074
0.0
0.0
0.9304312447270338
0.0
0.0
0.0
0.20412030713564921
0.7338153172137492
0.7255351062549874
0.8428624041832468
0.0
0.0
0.9989368109659571
0.7330612077373562
0.0
0.5991076297002126
0.6394291440863168
0.0
0.0
0.3003643134442846
0.0
0.18359982576568423
0.0
0.0
0.0
0.0
0.7699835391607966
0.0
0.0
0.0
0.0
0.35142337820450686
0.0
0.0
0.0
0.24408133688520606
0.6398594317360133
0.0
0.7004022756779129
0.0
0.0
0.6675936486335896
0.0
0.0
0.0
0.0
0.0
0.0
0.07361890616863898
0.1024714465250044
0.0
0.10031963417790057
0.5804435212918708
0.9768028260901992
0.0
0.11629764517684316
0.0
0.0
0.0
0.9902337805628195
0.0
0.0
0.0
0.0
0.6416532255174474
0.0
0.0
0.0
0.0
0.9007618853358055
0.9999723992504683
0.0
0.0
0.0
0.0
0.6957729381713578
0.0
0.0
0.08639698186154776
0.38498514853264676
0.0
0.0
0.0
0.0
0.0
0.0
0.0
0.0
0.7624890912549948
0.2397336198235076
0.0
0.6225426121655053
0.2282465465767941
0.0
0.0
0.06996626425368735
0.0
0.0
0.0
0.0
0.0
0.5114171302708106
0.0
0.02568364508633425
0.0
0.0
0.5748508718766421
0.0
0.4013796667685058
0.0
0.6307445239800141
0.0
0.09321519862371819
0.0
0.0
0.24177867934843056
0.0
0.0
0.0
0.3761040057931524
0.0
0.9547697609810696
0.0
0.0
0.0
0.45818810854344116
0.0
0.0
0.9156664798061767
0.036026823917493456
0.19267469930544112
0.0
0.7677883907543521
0.0
0.0
0.0
0.0
0.0
0.0
0.0
0.7307551827272956
0.0
0.027456172506334475
0.0
0.2876282672280035
0.0
0.0
0.3691817295907094
0.0
0.9704732169018975
0.0
0.0
0.21315034904458008
0.0
0.0
0.0
0.46099209902517113
0.7962009097900882
0.09800689446553124
0.1817639627971277
0.0
0.0
0.0
0.1028854548307192
0.0
0.0
0.0
0.0
0.9978630785098037
0.0
0.3956682760875727
0.08942260915093025
0.0
0.0
0.5485815076211145
0.0
0.9581327914508484
0.6485626791367743
0.0
0.9996478848695919
0.1929898029905467
0.13210799293430564
0.0
0.0
0.9992300461751826
0.9731264129025202
0.0
0.36727804612270165
0.0
0.9958191365568226
0.5345889308110297
0.0
0.0
0.0
0.0
0.0
0.26109545307757887
0.0
0.0
0.0
0.0
0.5141752790233214
0.0
0.0
0.4740009287338205
0.13236345550847184
0.0
0.0
0.7624938126938767
0.0
0.0
0.0
0.0
0.0
0.8495999322827168
0.0
0.646219557926121
0.0
0.0
0.0
0.0
0.9839209101817039
0.18979223285709979
0.0
0.12277277350983351
0.0
0.0
0.0
0.778011452825625
0.13139735313286427
0.08584003012585473
0.0
0.9398090913494483
0.0
0.0
0.0
0.2985487522119201
0.0
0.47761377568060137
0.6324249023448762
0.2547871648993256
0.0
0.0
0.004779298111856511
0.0
0.9827623975034138
0.0
0.0
0.0
0.0
0.07392021271263083
0.0
0.0
0.0
0.0
0.0
0.0
0.0
0.0
0.0
0.3458285415861373
0.0
0.13166094595814137
0.772149573887317
0.0
0.0
0.0
0.8976121549845575
0.0
0.5334282577574347
0.0
0.0
0.5041513932213386
0.7895658283492061
0.8359679474364838
0.9986909429171404
0.30919969594069385
0.4480860287393662
0.10891606978517887
0.0
0.0
0.7310668577083141
0.900609136568542
0.5655947474335286
0.0
0.0
0.12757965140243432
0.9999942121952511
0.0
0.0
0.0
0.0
0.9134250821573607
0.0
0.0
0.8608466563955048
0.7227728225142919
0.05378658800921332
0.8493766281724291
0.30994680311975253
0.9982633137748327
0.9079341098791738
0.0
0.0
0.0
0.5658679381056668
0.15062650961505963
0.0
0.6877477483434502
0.0
0.8029649986553866
0.0
0.09002326695577356
0.5926027955523271
0.0
0.0
0.3699406264942773
0.1420306172354846
0.5514936932196839
0.0
0.12723263519263184
0.7430284686266725
0.0
0.42454004445228866
0.0
0.5349912773962927
0.0
0.28233943515999005
0.0
0.8624657695928505
0.6735273401044882
0.0
0.3425990992494402
0.18350241786182653
0.0
0.02434902729316879
0.7874027878690044
0.775551850234133
0.0
0.0
0.2951279285026318
0.0731591411167496
0.0
0.0
0.5125484455084754
0.0
0.0
0.17066942857412282
0.02633882002827903
0.2988091904443304
0.0
0.0
0.0
0.5049174064233954
0.5813785789337649
0.21471460125694575
0.0
0.15056540466794432
0.0
0.0
0.0
0.0
0.0
0.0
0.0
0.0
0.0
0.0
0.0
0.5739125484339587
0.0
0.1565296256574531
0.0
0.0
0.0
0.0
0.0
0.2731771244115244
0.0
0.0
0.0
0.0
0.5742789291113537
0.36689985119518864
0.0
0.3788431212117822
0.0
0.9765469093116125
0.0
0.6838943621811046
0.27046701864679634
0.0
0.909991001706898
0.393214054591154
0.18120677552225573
0.0
0.6452558336324484
0.0
0.021172425114428184
0.5417942726438196
0.0
0.0
0.0
0.08157420902106949
0.9497758859359693
0.38350195309282586
0.9618863870935463
0.0
0.5382436568674027
0.0
0.05427143049372285
0.0
0.0
0.0339010452041163
0.0
0.0
0.0
0.502307174666508
0.6208641350260986
0.14996239721173166
0.0
0.0
0.8571066363934743
0.0
0.7924824074285889
0.0
0.0
0.20376163037152584
0.12164216176853981
0.0
0.0
0.13616049389232932
0.0
0.0
0.0
0.0
0.7262895509255167
0.8326515824036809
0.0
0.8314545418596688
0.8902105575670479
0.0
