50
76
67
58
240
241
24
179
6
25
135
35
150
85
68
101
226
3
77
49
27
20
208
218
37
99
369
477
496
64
291
16
56
123
234
484
29
337
124
483
261
111
170
165
129
137
112
161
243
401
305
391
494
437
47
476
12
9
263
526
205
228
386
36
521
191
213
140
449
258
256
326
499
350
525
194
459
404
14
407
507
435
248
83
156
158
456
439
242
281
227
501
184
317
48
203
428
424
361
246
444
374
185
427
193
224
352
168
489
294
415
461
210
84
214
215
440
134
61
88
95
216
470
132
349
53
519
405
503
119
148
117
516
254
308
453
299
164
247
389
320
103
348
289
162
366
328
481
94
172
518
217
157
282
517
87
293
482
487
33
23
265
206
60
510
384
390
1
126
359
429
443
312
502
355
236
251
4
34
295
177
394
498
376
232
447
28
106
332
105
113
70
472
438
344
130
62
152
469
166
238
115
131
136
19
457
249
245
54
125
304
121
204
274
345
357
266
323
370
433
406
286
192
301
231
57
283
43
425
110
522
80
65
385
275
66
387
186
90
255
395
506
244
354
122
513
198
72
223
18
167
300
511
388
10
373
338
146
410
411
39
336
485
311
309
398
454
269
128
133
287
41
147
446
175
159
181
491
98
475
52
340
292
417
196
497
257
467
523
118
452
260
442
377
163
55
278
468
195
495
358
500
284
360
505
276
11
393
108
381
7
107
450
91
334
44
416
448
371
42
109
182
298
180
473
46
220
139
63
178
466
303
59
2
445
31
392
160
307
524
197
504
464
114
316
363
189
239
221
375
333
183
343
171
458
478
200
93
22
321
324
319
434
460
490
399
356
342
372
104
127
296
209
176
40
199
144
364
302
32
13
423
409
190
515
353
141
277
252
45
222
441
362
297
512
368
173
219
315
268
402
422
102
142
154
229
290
51
201
520
488
412
188
100
82
92
367
351
335
318
237
288
430
153
397
403
138
493
230
471
271
69
8
285
480
145
414
264
279
421
347
514
262
313
267
419
463
253
396
329
341
71
455
465
413
259
479
383
330
30
26
73
310
149
86
116
508
38
17
74
379
322
325
280
15
426
432
380
233
143
235
509
365
187
97
436
120
400
202
151
89
225
272
431
96
250
270
306
169
211
212
451
174
79
462
408
207
382
273
155
327
378
474
5
81
75
339
492
78
418
420
331
21
314
346
486
