162
82
420
151
355
73
368
35
201
442
449
190
486
225
317
83
191
17
266
39
319
122
8
238
85
503
303
406
353
87
385
128
33
20
448
336
4
325
468
256
365
172
338
53
227
430
40
15
253
363
281
287
7
499
276
378
38
244
444
121
67
262
418
173
398
16
252
142
329
350
218
189
517
171
404
479
469
524
261
384
345
198
432
88
120
301
209
22
321
76
108
379
331
437
92
362
434
254
458
14
243
50
25
221
394
140
388
427
234
272
168
484
182
133
286
370
373
405
130
68
80
382
91
260
277
475
456
259
520
186
393
21
476
354
153
129
131
123
284
270
513
104
328
71
506
291
483
304
98
47
465
105
280
297
488
159
351
390
154
183
222
340
161
110
510
32
485
37
192
205
519
380
414
352
470
240
445
152
119
255
24
438
330
169
6
228
101
526
236
282
63
257
349
463
417
237
56
383
386
61
514
467
72
204
143
402
294
302
184
70
316
315
185
97
496
451
295
283
9
500
112
268
165
219
150
95
59
44
34
3
335
137
241
193
450
216
525
411
164
139
200
509
377
376
127
102
334
426
498
203
114
275
491
247
155
194
472
45
64
521
232
116
69
263
36
441
279
90
170
364
271
43
413
62
117
492
273
320
278
215
208
460
489
439
310
113
26
356
28
213
502
175
18
396
251
141
146
145
306
158
305
339
431
211
443
210
177
181
367
298
57
381
522
81
474
346
480
178
429
274
202
224
344
264
415
197
75
495
327
323
409
435
433
49
395
115
206
341
199
487
174
504
508
60
96
52
421
440
366
493
249
300
459
163
179
322
461
311
51
401
233
307
455
134
166
389
86
55
326
160
126
511
11
425
144
30
19
23
446
188
195
42
422
290
408
231
269
74
497
167
403
428
357
289
436
248
419
457
312
410
157
507
135
258
94
471
214
453
27
343
212
149
132
299
308
41
387
180
481
391
348
229
77
477
58
518
309
452
138
106
245
292
99
337
358
242
265
324
314
318
473
447
313
501
223
407
124
89
293
239
66
285
424
147
12
454
399
369
65
250
267
109
400
392
207
359
523
84
10
79
107
220
136
464
13
93
288
2
48
342
100
31
397
490
246
423
462
494
361
118
235
176
360
196
296
230
1
333
371
478
515
505
125
29
156
46
482
466
375
54
148
78
111
226
512
374
217
372
347
412
416
187
5
103
332
516
