0.5619532044071157
0.11608035567147602
0.0
0.6939950818725508
0.6212436234282033
0.0
0.24151536267190002
0.6699257871237078
0.22398242970686005
0.8190934634026674
0.2532387319772877
0.7645488342492138
0.9652209099559084
0.6284848044233329
0.8025476077982624
0.41451770117117903
0.7760988346113419
0.453105174875519
0.4357956979648936
0.18812516073850605
0.5456605111710436
0.0
0.4173068683331086
0.11785606484716213
0.9009504170207394
0.47056867058122087
0.6713370199670384
0.0
0.0
0.5859367197743979
0.0
0.3711929790525564
0.0
0.40557212260545605
0.0
0.0
0.1509187119086086
0.0
0.008273859637749858
0.0
0.0
0.0
0.0
0.0
0.0
0.0
0.0
0.026899083565143877
0.0
0.0
0.20510253657692742
0.0
0.3269967899824505
0.0
0.0
0.15186804592385394
0.0
0.08962122317294845
0.7339743113945324
0.8057388798094505
0.5956930500452179
0.0
0.004977631044634979
0.5343799583819433
0.0
0.390665244916099
0.0
0.0
0.17378382802582718
0.3736104850104362
0.0
0.0
0.0
0.9908618152985338
0.0
0.7671932584700051
0.9140504376968219
0.4492700684829164
0.6740310548034412
0.7223947941469058
0.0
0.4230853405369814
0.0
0.0
0.0
0.03725560644125714
0.0991663682889988
0.0
0.4409630647461637
0.19719049520055956
0.0
0.6378789501226496
0.0
0.5201476505481095
0.0
0.0
0.47684870550651287
0.0
0.0
0.5123066293464232
0.7783892199050351
0.7323237108920112
0.15432469988485956
0.5882176946783546
0.0
0.4624046555914065
0.4982159748835815
0.7828346136527808
0.8456910963959874
0.0
0.7798451305334491
0.951660062844311
0.9975271542467039
0.6333102517557699
0.0
0.0
0.0
0.045588048377359774
0.36283008941348616
0.0
0.342674280783836
0.49886891413993595
0.5246878147633642
0.0
0.039015339127091604
0.0
0.0
0.14317085325700055
0.0
0.0
0.695655097000989
0.8884785879478766
0.2965296554384436
0.0
0.0
0.0
0.0
0.0
0.0
0.0
0.0
0.8567395381460727
0.0
0.20291907199087827
0.0
0.0
0.0013073942474621113
0.575450549664017
0.0
0.0
0.7369955030750905
0.18123909306054445
0.0
0.9235572391029269
0.0
0.4536215663423065
0.17879984207193836
0.0
0.0
0.5086038693485463
0.0
0.20143482933495002
0.8861041803199108
0.24341699797698063
0.0
0.32512376196144177
7.708049699987587E-4
0.0
0.0
0.0
0.0
0.24322552379880888
0.0935272679221087
0.1754116836619852
0.0
0.0
0.0
0.0
0.26623980684810994
0.0
0.0
0.0
0.0
0.5543776152386256
0.6737097948139467
0.3586935145382429
0.7906420915758392
0.7074580974791993
0.0
0.7788973828739069
0.8086915680569804
0.862549595719753
0.6448939060037284
0.9893162601864615
0.8391918234201964
0.9503972026963207
0.12563150169146775
0.05533673592387284
0.5605591549878778
0.7671250750385569
0.1677282802963859
0.0
0.0
0.0
0.0
0.0
0.8154394509614982
0.0
0.01070557208258497
0.0
0.0
0.0
0.3739626778801838
0.0033407415044884523
0.0
0.4415644286738655
0.0
0.2087089714467062
0.0
0.0
0.0
0.30070446267878337
0.26226453259817084
0.0
0.0
0.0
0.9661310322671984
0.5457878149198492
0.4137324100248812
0.23873989339292465
0.2538137608713755
0.7849546023025725
0.6688965674660651
0.0
0.0
0.0
0.7708252352777532
0.31801573117989473
0.5232247556833767
0.48955437912707994
0.0
0.3053915025517093
0.0
0.0
0.0
0.0
0.0
0.19013428049483858
0.0
0.0
0.0
0.0
0.3784675675571866
0.0
0.0
0.0
0.0
0.5167316168058054
0.5050396388397768
0.04960610251041658
0.5656390612466745
0.0
0.7055055044017821
0.8521290630589816
0.0
0.7372455680278053
0.0
0.42464612942689817
0.0
0.0
0.0
0.0
0.50945553291409
0.12280425906529309
0.5903653697044295
0.0
0.4819728051732641
0.0
0.07261382573238391
0.0
0.5877083223343184
0.6355891569037462
0.0
0.6393101323407736
0.5023084215466309
0.8822994119904298
0.6821325741488458
0.18364734804007393
0.05914093438738086
0.5685629259228961
0.6759554253729296
0.5914621392276014
0.22446889709981274
0.0
0.0
0.0
0.0
0.22162337542482988
0.6333984042317078
0.0
0.3485906068244012
0.0
0.0
0.6632656759825848
0.20983697104818216
0.0
0.0
0.0
0.0
0.0
0.0
0.0
0.0
0.19797319062298493
0.0
0.0
0.9740282639764293
0.989439190609599
0.16899313472028998
0.0
0.7203709023286975
0.06059285588705964
0.0
0.6313008554132916
0.5164067417364252
0.006039650124196717
0.0
0.0
0.4522329205676554
0.6433165771834644
0.688637999634694
0.22179774541612166
0.0
0.4412762165377678
0.0
0.9537620810587754
0.04640540891344332
0.0
0.0
0.0
0.14976037811798892
0.0
0.0
0.0
0.26538051523332545
0.6119532666883474
0.6452499391129243
0.14752757562887228
0.5314219268278506
0.14336852811531245
0.0
0.025405621133318238
0.0
0.0
0.2006547084560655
0.0
0.0
0.0
0.367893553528111
0.45275090497300263
0.3226618032130878
0.0
0.49923293042270206
0.7139943416903932
0.2724995899674452
0.3382511943205163
0.0
0.5945558914097062
0.9666654457682191
0.5046593206786927
0.022051576875282367
0.0
0.4817011452688365
0.0
0.0
0.0
0.0
0.0
0.4400934800859507
0.0
0.3164148269280309
0.6126276827946503
0.0
0.6175603252742546
0.8112018074662569
0.2146056477973502
0.0
0.5019714100855726
0.0
0.2015848561277496
0.0
0.0
0.398383548509221
0.47982662163975376
0.0
0.0
0.1649454704218908
0.0
0.0
0.0
0.0
0.10763474345137869
0.0
0.0
0.0
0.4827537012868909
0.0
0.0
0.6206655090592565
0.0
0.0
0.5649803991386162
0.0
0.8016417014510347
0.04243544102223493
0.12063056395908381
0.02753651876603221
0.0
0.5001551365435375
0.46629263399202503
0.2865007077537185
0.06399138425323705
0.0
0.0
0.0
0.6144107800771408
0.0
0.0
0.0
0.0
0.0
0.9331196564908444
0.9934917737870673
0.6487490990141851
0.0
0.0
0.0
0.8715163229382128
0.28465529072182955
0.6539913083762392
0.0
0.0
0.5107571666799353
0.6450004890152536
0.12540734294422373
0.6735561170431391
0.0
0.0
0.0
0.0
0.0
0.9567180706801249
0.5614138366819932
0.0
0.0
0.06832472714313245
0.45218893043905894
0.04386769056989605
0.5858072348069148
0.025949911533155578
0.0
0.719009527196659
0.4395293584031364
0.7499649743033874
0.14754835692275778
0.3418213906745947
0.5179099009380989
0.0
0.7379648059186783
0.0
0.8045364048161021
0.6648230186538463
0.6770725072747206
0.33154660274771536
0.06158656697744569
0.1655330587835987
0.0
0.1328973692164329
0.37933260997162416
0.05933417710070193
0.0
0.0
0.759653531697653
0.4412107545088605
0.813204947711846
0.0
0.7122054808825461
0.41673760134624743
0.04123837279792115
0.2586750434561697
0.0
0.0
0.6931657719742655
0.0
0.0
0.0
0.322483486984894
0.1726772488731031
0.0
0.0
0.0
0.0
0.0
0.17367563321559004
0.0
0.767958761753588
0.0
0.1667252553010422
0.6471501883655083
0.4329283071407713
0.0
0.5004760325775621
0.0
0.0
0.2314755962099428
0.035218431530571886
0.0
0.43664226878358664
0.0
0.0
0.0
0.6419400102483701
0.0
0.7901672141517722
0.0
0.0
0.5601727575644184
0.0
0.2958772603610805
0.3665949432121748
0.0
0.0
0.4559613011158537
0.0
0.0
0.29614457565155133
0.0
0.0
0.0
0.09266157977141395
0.7284675554478026
0.7250816414808792
0.7320219811950858
0.028498214887275747
0.0
0.19007383707573436
0.9662952203128855
0.40541376622266584
0.7303797193287824
0.5088154024326259
0.05795886043191967
0.7516707524106266
0.25390685602408564
0.0
0.29613643614616797
0.0
0.3298423141775872
0.43990463452380263
0.2004259183334362
0.11908635553413188
0.0
0.0
0.4492835432088119
0.0
0.7442807844539202
0.0
0.0
0.8366491584209871
0.0
0.5257837541150165
0.0
0.0
0.16662416337379962
0.0
0.0
0.0
0.0
0.0
0.0
0.0
0.0
0.0
0.0
0.0
0.0
0.0
0.9099387436126044
0.5857172309395309
0.39683776383200353
0.8571854152102393
0.0
0.41243237843124236
0.4665903669724765
0.20569830421904736
0.0
0.22810263680345286
0.50958485159666
0.07653361679984141
0.0
0.09533650778167237
0.0
0.0
0.33494985274056327
0.6428483518137207
0.6288133966169709
0.0
0.0
0.0
0.0
0.0
0.0
0.2507137432785131
0.0
0.0
0.0
0.0
0.0
0.2334514670027797
0.0
0.0
0.6809235145079714
0.0
0.6524186722756664
0.7347181183953667
0.8966903750915965
0.39227626960879114
0.4437646500043724
0.49980923445700837
0.42059094957890186
0.7802751907607889
0.8611257726631151
0.561840024985753
0.8973560783690869
0.8430125687310556
0.0
0.0
0.0
0.39594470051544545
0.8391048531611606
0.24040484982852986
0.0
0.07227864901688481
0.09294383676824011
0.06167497507727381
0.0
0.4915770878859098
0.01735880371871301
0.0
0.231641469009835
0.0
0.0
0.0
0.0
0.0
0.5664324481579004
0.10121200599567706
0.5351048639764703
0.0
0.0
0.0
0.0
0.0
0.25293751599208714
0.0
0.0
0.0
0.0
0.3057592765446421
0.0
0.6492699728461473
0.3244425745016158
0.0
0.0
0.2906981741448721
0.3361534453255207
0.12400786209046195
0.0
0.09824103233420357
0.1934432827482923
0.2743628755422272
0.0
0.0
0.2641290484167612
0.0
0.26114810792447857
0.5430390538789776
0.0
0.0
0.0
0.0
0.0
0.0
0.03782915400672619
0.201778830516589
0.0
0.14240678300604667
0.2975123203770567
0.0
0.28162548477417504
0.0
0.7314668625320874
0.0
0.6046834896358934
0.8031083851032798
0.6495019536429637
0.5275331770315785
0.05518699759049583
0.9992383303157952
0.3290696109559002
0.0
0.46490104356944617
0.44684721680924083
0.5915918848402673
0.0
0.43593732421253184
0.10221917955355814
0.9448734150384958
0.6988731576386387
0.2667310754663249
0.0
0.5123981618752605
0.0
0.0
0.22432797458586287
0.3659398643621876
0.06156086550404104
0.0
0.3287184326323088
0.42825265159279635
0.0
0.8096584225623834
0.3127090199508196
0.0
0.6043506875307915
0.0
0.06955480071191047
0.0
0.0
0.0
0.3016131780254526
0.0
0.0
0.0
0.4221268677569258
0.33409692613367054
0.0
0.0
0.037791314000131235
0.0
0.0
0.004552649536298806
0.0
0.19086929717429468
0.0
0.1768367858268492
0.6548610701911165
0.5329553646204113
0.0
0.0
0.0
0.0
0.10278781194442572
0.17869690720389453
0.0
0.36840716164795373
0.0
0.47146982850440516
0.405116978720434
0.0
0.7833818401599736
0.0
0.1967862178771853
0.0
0.0
0.0
0.0
0.5804975510815329
0.0
0.0
0.0
0.029772488596510736
0.5270595095772904
0.0
0.15031834263370242
0.0
0.0
0.5221583949864891
0.6717392975840432
0.48796291059901653
0.7441109566979055
0.35101979726893107
0.5470044223688136
0.0
0.7562100060130836
0.09988584497601982
0.578950248955165
0.0
0.0
0.0
0.0
0.0
0.0
0.0
0.5925053199176168
0.5455032116809857
0.21525770245062054
0.6619412488114315
0.0
0.0
0.04772297113730158
0.4462636026767539
0.49804787388055094
0.7792196081349297
0.4992575892089615
0.05205431609417598
0.41434518548801047
0.136179432619338
0.23660699372440122
0.279723419945101
0.0
0.0
0.0
0.8367286399057186
0.6280624710520858
0.0
0.6472339012929398
0.0
0.582724463808657
0.0
0.7752073182059286
0.16213487245853123
0.6063899214103269
0.010158736248104821
0.41600931721326356
0.0
0.3607857085068261
0.21923143773476803
0.6862725178193267
0.36171526826909284
0.6958340085056821
0.6203267268802111
0.7239424392047487
0.9383714394400628
0.5825073867363217
0.6680271653483294
0.8968749894643735
0.23304059762321996
0.1891063976691529
0.49569449134716537
0.0
0.46135180533625286
0.7196257424679474
0.7590128082700928
0.5099128567231621
0.7222835558731647
0.5034111846895891
0.5101947543822681
0.45861081945298293
0.2927706844497725
0.0
0.0
0.6881269493972819
0.3708410470688049
0.0
0.2739559544247818
0.0
0.6719401327022563
0.7394901595522989
0.0
0.0
0.23090004363249444
0.5443095738803537
0.0
0.192337406562598
0.6766874496159099
0.8217518308875665
0.7609084220537038
0.7762326990827588
0.6794330660816649
0.0
0.024757586848217453
0.0
0.7496725496699422
0.6306446784562642
0.9898161100489156
0.0
0.0
0.6075338115168009
0.0
0.6867921740433691
0.5176554782318038
0.4954468503209194
0.17968086870364935
0.0
0.0
0.380576563070056
0.0
0.0
0.0
0.3993690934382149
0.3179957636080669
0.18842596159320896
0.4612993925064746
0.04275149485373758
0.21961161591973988
0.0
0.0
0.0
0.1856353431847617
0.0
0.8470466541841283
0.8056463479244367
0.8028209683901227
0.9320423605556377
0.0
0.0
0.0
0.3374483273190244
0.7436492983998388
0.5806832440359962
0.8406695490645065
0.7100061449944709
0.3437138053845335
0.1816837698511329
0.0
0.0
0.0
0.34544697968394855
0.5590037418281881
0.10973234372843135
0.7948115741141062
0.6891445760562364
0.8726101299451795
0.21382411395999396
0.11188844375291639
0.03707693481100776
0.6448268641262958
0.583319698437033
0.0
0.767544176475421
0.35458983007425854
0.10311475830268517
0.29786888325755057
0.6939139006284335
0.5452959133694506
0.5233686729220562
0.3699583325407241
0.0
0.0
0.32223442720513984
0.2295738346293057
0.696885436060784
0.46173485759377225
0.5441161780315066
0.0
0.9706143672777393
0.5167920967024102
0.0
0.0
0.8502060595857112
0.0
0.41099601550783227
0.4466030477139475
0.0
0.7433650686621842
0.0
0.32516883245179024
0.884829878869744
0.33171266130702
0.0
0.5775513893321387
0.04133100117618802
0.7338857969433387
0.21665167034353672
0.6937676318802724
0.6854512231109549
0.6249576180104539
0.42887284571500156
0.1430487267498441
0.6566247071932546
0.040929412176033936
0.0
0.6253072422172888
0.7632161988160622
0.8442734869258454
0.5154406690369597
0.8155580029211764
0.35846477616347905
0.07535727102591987
0.8387717404410452
0.0
0.396994786968565
0.3785138682664565
0.0882321347342858
0.7751748773935839
0.3716955205805435
0.0
0.0
0.7552461967585591
0.7436474567578556
0.6520566719266169
0.4115369308241192
0.8762979636773445
0.35379740334139176
0.6216654343432032
0.8418862280967145
0.7720353897666551
0.0
0.0
0.5878867845884787
0.8303157778120176
0.9118484450011353
0.981581412775488
0.7169456718961336
0.2120071177205223
0.6661419384352579
0.0
0.8433984200150477
0.0
0.7250552541373205
0.0
0.0
0.6624386494209249
0.00697925903853614
0.4044542543909773
0.06692937905863927
0.09875563595310415
0.4488139106096004
0.06749608372785927
0.917325599608693
0.6544532803595741
0.9614955733079289
0.3082521102436214
0.0
0.0
0.45546571957143406
0.5028548765519778
0.41973937452159127
0.0
0.9421798813361982
0.0
0.0
0.1954078827657528
0.0
0.06700244021474332
0.7134323641280887
0.48577017920287285
0.39539678583141125
0.0
0.7715419255052001
0.0
0.29411796619995345
0.029935421100262226
0.0
0.4038196110673058
0.0
0.0
0.0
0.7210181750669042
0.11868606474340625
0.6106751498696744
0.14144902935138084
0.5686845383870107
0.6346174762382982
0.0
0.49582716216245293
0.6685415487425714
0.7989490827650049
0.6398399742703136
0.6504719886790301
0.6067841323706514
0.4528720355188997
0.4563135074664315
0.06822856797092407
0.12131805099142788
0.0
0.0
0.012427218986277784
0.22460504997473005
0.6393265187502901
0.43377151351775756
0.0
0.9492728611795017
0.06744495975299171
0.0
0.38904708710047475
0.3396242662033279
0.7846700403308371
0.0
0.0
0.7309692835750515
0.22851569074626008
0.0
0.36203099363064334
0.940742460542049
0.05627331743786005
0.4612859660803679
0.0
0.6679946328148211
0.5381304107580364
0.6720827738070454
0.2741551993966583
0.8836502495823212
0.39967080142359884
0.0
0.0
0.0
0.48558228017853045
0.6834937609576859
0.5953920363693403
0.3695161937681151
0.500405338791341
0.39108407454286936
0.6721960200104241
0.3733184635139984
0.0
0.35933316322449166
0.0
0.0
0.7073878842316368
0.0
0.0
0.5399133284373194
0.39372829043782864
0.4306805259602335
0.9654628361569907
0.7136665074865463
0.6367360083767954
0.6039961247507332
0.5801729609889373
0.6889152914700313
0.8279346310198917
0.5056907577154668
0.9689751920363432
0.41173611380966935
0.24844753938146816
0.21075627344140457
0.0
0.0581091242526937
0.0
0.1841736248426257
0.0
0.3122326083874698
0.6673101054309206
0.18181287595886184
0.40006264523787877
0.0
0.0
0.0
0.0
0.0
0.0
0.0
0.0
0.0
0.0
0.0
0.0
0.0
0.6233223009924737
0.0
0.623079292181137
0.06732922080356388
0.5694670986391273
0.0
0.8772905387377268
0.587177256902386
0.0
0.0
0.06235088680149312
0.0
0.0
0.0
0.0
0.3126410822829414
0.0
0.454655629486756
0.2681638290215827
0.4166202386278311
0.0
0.08363921656838684
0.286408636095621
0.0
0.4100293389608837
0.0
0.0
0.0
0.0
0.0
0.0
0.0
0.0
0.0
0.0
0.0
0.026403237584603077
0.1354996809449651
0.0
0.3576933883630761
0.12806854088049174
0.0
0.5092924585692636
0.726805010094697
0.03968117307098754
0.0
0.3804690893501466
0.07391615720058034
0.0
0.0
0.44570351902666816
0.0
0.08891016761801337
0.0
0.0
0.11081206862767227
0.10155944925520174
0.0
0.0
0.0
0.0
0.0
0.022231250132997767
0.0
0.31901593446444276
0.0
0.0
0.0
0.0
0.0
0.0
0.0
0.0
0.0
0.0
0.0
0.0
0.0
0.08056546711067412
0.35777233904657674
0.0
0.0
0.0
0.04826504245632457
0.45823241842161566
0.08313364989518278
0.0
0.4970821670524071
0.0
0.0
0.24099504612361305
0.4885380158178939
0.0
0.0
0.0
0.0
0.0
0.0
0.5180139657408915
0.6840303649806708
0.0
0.0
0.0
0.31757607074024075
0.0
0.0
0.11531714482631514
0.24822623686953194
0.0
0.4052294946500823
0.0
0.0
0.3846060866263375
0.6391842988882628
0.0
0.0
0.0
0.504837767170112
0.6873887039165623
0.0
0.0
0.09429753314006377
0.6408091685774504
0.0
0.0
0.5854647729319277
0.0
0.0
0.0
0.4069175016885695
0.6664981845343882
0.4065977169884
0.0
0.07046173488599454
0.008637929318743522
0.49459199132578213
0.7609433108248137
0.04074060479051178
0.8635883191426543
0.28363795761728733
0.0
0.7891486446756761
0.0
0.3325311247886321
0.12960006970670868
0.2677885758763048
0.34999797926238024
0.08616477020649184
0.39292805815779464
0.0
0.0
0.0
0.0
0.4760524187604957
0.0
0.3791438227996425
0.9934194461401114
0.6806957999800246
0.0
0.1542246611378017
0.13216106359461982
0.0
0.8691318403077732
0.443032101771862
0.008270933768910806
0.12483981901347485
0.0
0.7791787831615001
0.14673727284825472
0.0
0.0
0.07427581476790579
0.0
0.0
0.7360233108815029
0.0
0.22304526212438391
0.0
0.0
0.0
0.0
0.5406996639777227
0.0
0.0
0.5267782401143237
0.6818926606908154
0.0
0.7023475411536765
0.5615270569117371
0.40467966465938987
0.7108880614999412
0.6446449735711122
0.68815545905628
0.6105172569844184
0.6626340250619408
0.0
0.5522257337952613
0.0
0.0
0.0
0.0
0.0
0.027070996796460425
0.3249104494808037
0.0
0.0
0.38109543706135984
0.0846616769464023
0.0
0.0
0.5874585686726007
0.26505718009694657
0.059802896568293414
0.0
0.027028635384169754
0.3040742100911115
0.0
0.0
0.0
0.0
0.0
0.11607571814124369
0.17432802657330324
0.0
0.0
0.0
0.38268863464641334
0.0
0.08649628704696795
0.0
0.10135352405719852
0.5964407769513479
0.22883345166891408
0.2801111801689004
0.11684032182491008
0.015538747799161428
0.2100662550276754
0.39200533785308256
0.4141644401842647
0.0
0.3288536228377859
0.0
0.0
0.0
0.0
0.0
0.0
0.12472428353047453
0.0
0.0
0.014504458700765608
0.0
0.15220867764219864
0.0
0.43237722731150013
0.060786920307064125
0.0
0.0680210258922609
0.0
0.5798440904936952
0.0
0.26004469634328414
0.0
0.44549915471333695
0.0
0.9381218078995349
0.0
0.0
0.0
0.6455070319965225
0.0
0.0
0.3627878386218004
0.0
0.0
0.6329488160308884
0.0
0.09509225456763756
0.0
0.0
0.25324100016205936
0.0
0.0
0.0
0.6391688361592592
0.0
0.0
0.17993374337709792
0.0
0.0
0.05303832925412067
0.0
0.0
0.009748532003641905
0.7874003287417957
0.6619404442532358
0.0
0.0
0.3753130126942534
0.0
0.04606466660653678
0.0
0.11594384057233906
0.18776310586452838
0.0
0.7327960080195335
0.0
0.0
0.19491960943796766
0.7081726451867516
0.0
0.705568500659411
0.0
0.0
0.0
0.41671389449840374
0.0
0.0
0.0
0.6041805648160485
0.17619296246714536
0.0
0.7755347255087732
0.5055846696433134
0.0
0.6094082380712472
0.318977978985071
0.0
0.0
0.0
0.0
0.0
0.0
0.08582563487692414
0.0
0.0
0.16502790083046387
0.4362034654119292
0.0
0.31485099255392085
0.0
0.1626684250568632
0.0
0.5500224855582466
0.6320139717988983
0.0
0.0
0.10802310135738992
0.0
0.4453521082737191
0.0
0.39553324877657203
0.7584105426668183
0.0
0.0
0.0
0.0
0.0
0.0
0.7659737073024886
0.3577308530319171
0.0
0.03920567083543512
0.0
0.22436605206307272
0.23798505709327797
0.20584360207821803
0.0
0.5714056485587464
0.21250075902277218
0.3325251223087832
0.0
0.0
0.0
0.0
0.5216906873808306
0.036764891915195094
0.0
0.26250036115631237
0.544231573910479
0.0
0.0
0.0
0.0
0.0
0.0
0.008923598628038047
0.3979109205996315
0.25220451538887734
0.7736352440951347
0.24237092380090208
0.0
0.5374325828976649
0.0
0.0
0.0
0.43792797561359686
0.0
0.2554187831082872
0.4095433521342919
0.0
0.6827193794174453
0.0
0.24706921329589623
0.4361567115049985
0.0
0.0
0.2241670461455508
0.006692952689267734
0.0
0.0
0.0
0.16566016117350998
0.0
0.0
0.5447644712383808
0.1544201133370298
0.6655836094314095
0.005692948311258809
0.0
0.0
0.2965200036503843
0.0
0.0
0.0
0.0
0.0
0.5773050964155223
0.0
0.5705428346655271
0.16993045862431544
0.0
0.8646863164042361
0.07198143661240017
0.283170262003264
0.0
0.06299567698520644
0.0
0.2214498461765589
0.0
0.5376086795318252
0.4738941050308219
0.0
0.16936804927037452
0.5001713745899227
0.5063288532409312
0.18341340692314886
0.0
0.44405134149820574
0.0
0.0
0.0
0.0
0.7525157763153046
0.04995734291025407
0.0
0.31285509889112084
0.0
0.0
0.6721312297183284
0.6098638021604821
0.0
0.8805597557670232
0.8989012862081344
0.15036559213178333
0.5536005705529791
0.3796479051907848
0.0
0.0
0.0
0.0
0.0
0.16111719215040674
0.4196457968439571
0.9462754593747675
0.0
0.0
0.0
0.0
0.0
0.11060468645547634
0.0
0.0
0.0
0.5404384258160102
0.034375946182579664
0.0
0.0
0.2738507858102765
0.31166249569768684
0.0
0.7937942232200585
0.23889809281426355
0.46924407780022825
0.0
0.5913313208677692
0.0
0.0
0.29937897344086767
0.3742901780811057
0.0
4.0470257633809444E-4
0.4235642681316955
0.0
0.0
0.0
0.35458782017854595
0.0
0.0
0.09340316911675865
0.0
0.0
0.0
0.0
0.0
0.0
0.36357214718509145
0.07256691377696628
0.0
0.0
0.0
0.0
0.0
9.410419213390117E-4
0.7136387451923497
0.0
0.519893103976849
0.0
0.0
0.0
0.0
0.1320472278083297
0.6988113804740992
0.0
0.0
0.0
0.0
0.14420752137538642
0.3033895814821044
0.0
0.6475344011794301
0.7211027072215146
0.0
0.18974139003917417
0.0
0.4424106504894255
0.0
0.3651866584658192
0.0
0.0
0.0
0.0
0.0
0.22781959901256213
0.020064014327817743
0.0
0.0
0.5728446934653142
0.06897336353141131
0.15777915103923662
0.0
0.0
0.38375776017305235
0.5845921518321466
0.0
0.0
0.0
0.7619406452100052
0.0
0.0
0.0
0.23669004702255697
0.0
0.0
0.0
0.18641550318562572
0.0
0.6194422936596945
0.20791287016386853
0.0
0.0
0.0
0.5235828393657552
0.0
0.07323014701462312
0.11758520318310275
0.0
0.48268196387617174
0.0
0.3157522463350843
0.0
0.051620826997740045
0.0
0.0
0.0
0.7309918591044282
0.0
0.3228502500107582
0.0
0.0
0.0
0.0
0.0
0.7499578149189708
0.4829592001585582
0.22443149276239735
0.0
0.0
0.0
0.08866025083126505
0.31701235528761196
0.09544866138066878
0.0
0.0
0.0
0.14056770094637036
0.0
0.0
0.0
0.0
0.43610841777903364
0.0
0.0
0.15981458647870647
0.6768565182923822
0.0
0.6850495171841213
0.0
0.0
0.0
0.630004701745258
0.0
0.4905276079168542
0.7785390483052431
0.6965874210883023
0.0
0.0
0.0
0.6644215947964235
0.0
0.671734888993335
0.5478636717192935
0.0
0.27499286162033293
0.0
0.49807358138418023
0.2962648615230067
0.7990426896015788
0.7254691194908863
0.0
0.29861350825105765
0.0
0.0
0.0
0.5104034127923792
0.1936674242759984
0.5992496324372424
0.16077996230487632
0.0
0.0
0.0
0.0
0.0
0.0
0.8681680045962622
0.0
0.0
0.0
0.2524670880260284
0.5592446306111218
0.0
0.1388617682509339
0.41765522254868986
0.04762081242324307
0.0
0.42094582990884233
0.0
0.0
0.0
0.0
0.0
0.11922477127056762
0.0
0.3954560359564598
0.0
0.0
0.0
0.03512065625531231
0.0
0.5400387289938754
0.0
0.8018451541654236
0.0
0.0
0.0
0.5871033118701859
0.38111531011906424
0.0
0.3833188381916868
0.0
0.130106377304964
0.2974384800031301
0.6848744288189018
0.05136992713754262
0.3878147496762061
0.0
0.0
0.0
0.23768934696323407
0.5162499980541129
0.0
0.0
0.0
0.7547491151820157
0.0
0.0
0.0
0.0
0.0
0.0
0.0
0.2955743232911025
0.0
0.20451135423880837
0.0
0.5045566947392184
0.7282099523314703
0.0
0.0
0.16812642787484203
0.0
0.1859562640577928
0.0
0.5236046621822092
0.28976751927181404
0.0
0.3793737636889251
0.0
0.05397304144219347
0.0
0.0
0.0
0.2029170294756892
0.0
0.0
0.0
0.0
0.0
0.0
0.6696327196852322
0.0
0.0
0.0
0.0
0.0
0.0
0.0
0.0
0.45818027803115163
0.2974400275603174
0.0
0.0
0.0
0.29110096371878846
0.0
0.0
0.0
0.0
0.0
0.0
0.0
0.0
0.0
0.0
0.0
0.0
0.0
0.3130918086816082
0.6398209786270301
0.0
0.4726872980001842
0.0
0.0
0.14211283619622064
0.0
0.0
0.0
0.0
0.0
0.0
0.09850560750557578
0.5202070737659539
0.0
0.0
0.7197008158185367
0.7443102774359417
0.532513206648219
0.0
0.0
0.0
0.0
0.0
0.0
0.0
0.0
0.0
0.0
0.7565550972621653
0.0
0.0
0.0
0.0
0.0
0.1075446472330819
0.0
0.0
0.23285079271843226
0.0
0.9176147643462428
0.0
0.7618344297526832
0.2542715630856447
0.824545813328442
0.874655872177889
0.0
0.0
0.0
0.630370657212915
0.0
0.17089797201133655
0.0
0.0
0.8388569364370432
0.2636401564430751
0.2589202010451335
0.23980917526864398
0.0
0.0
0.0
0.23785710546689218
0.0
0.0
0.2737162477220039
0.0
0.2539668890067439
0.0
0.0
0.0
0.2765167351912182
0.28187734939659936
0.0
0.4061246573383369
0.22400411585592492
0.37455308930064474
0.02929726132121235
0.0
0.0
0.4261769494718347
0.0
0.0
0.0
0.6917146853777941
0.0
0.0
0.0
0.0
0.5858495463672595
0.6787379482419997
0.04967397764610662
0.0
0.5451556699265281
0.7820522745169173
0.0
0.0
0.3215617011812335
0.6732578978415442
0.5220212969043272
0.0
0.0
0.0
0.0
0.0
0.5548565534550773
0.152096476582922
0.0
0.5183126630531927
0.9253285977449047
0.8736637464171733
0.2704985921065937
0.0
0.8664525423761564
0.0
0.3316333344021927
0.0
0.4587651109995815
0.98296197131005
0.0
0.4638914975165388
0.06360148429209962
0.5617903873341006
0.20984741542235025
0.0
0.3367114758807942
0.0
0.0
0.1497938945633578
0.31887130009327425
0.7514919726907499
0.0
0.0
0.0
0.0
0.0
0.0
0.2461401346509981
0.0
0.0
0.6055728411438244
0.0
0.3217069066278605
0.21749758279870823
0.41354076379196
0.746490522259419
0.7182217661917091
0.0
0.2987344575397253
0.0
0.0
0.0
0.2246394055372175
0.0
0.39279110302119474
0.0
0.0
0.0
0.23977372055352633
0.08920025032478716
0.0
0.0
0.0
0.0
0.0
0.0
0.0
0.19341664725236277
0.0
0.48177603095689864
0.039530292474153
0.0
0.06858558792041004
0.0
0.21608142651614598
0.0
0.0
0.0
0.0
0.2620448797343101
0.26891022734879627
0.0
0.0
0.285632788616324
0.0
0.0
0.0
0.0
0.0
0.11084229502589912
0.0
0.0
0.0
0.5008632851304745
0.0
0.0
0.0
0.3772739784727387
0.005672021649104713
0.0
0.0
0.3798502603912691
0.6486691398710377
0.6706822493686377
0.5009617779084603
0.0
0.0
0.0
0.11582651962679272
0.0
0.0
0.0
0.7047213504328657
0.6490861729339582
0.0
0.07924438046043591
0.0
0.3083431372163798
0.0
0.0
0.0
0.0
0.0
0.31232399695455965
0.14633938709002395
0.0
0.0
0.151556067091321
0.0
0.6778422865989737
0.0
0.0
0.0
0.523400678711598
0.0
0.02293813838715604
0.5457619603757442
0.2680794085393312
0.8762979094917839
0.0
0.0
0.18718586899809148
0.3697646610172555
0.3803722172345769
0.0
0.15608496790992574
0.0
0.0
0.4848063001199153
0.0
0.0
0.0
0.0
0.6443171247834873
0.34158793535759524
0.0
0.0
0.0
0.0
0.0
0.0
0.0
0.0
0.0
0.0
0.0
0.0
0.140239355215423
0.407186675012777
0.0
0.0
0.49401593381248515
0.21961500775826942
0.5756298406411037
0.0
0.0
0.0
0.0
0.1820573289328068
0.0
0.0
0.30147037155858547
0.0
0.0
0.0
0.0
0.5800955221165762
0.0
0.7767075494107842
0.0
0.0
0.5183099178688875
0.0
0.0
0.0
0.0
0.4763702503520727
0.0
0.20788013129456598
0.5494194393390266
0.0
0.0
0.0
0.0
0.5322408201315778
0.0
0.21189833739936667
0.8497525842166731
0.0
0.472408742536303
0.634037850574225
0.0
0.0
0.5590596643097786
0.0
0.0
0.0
0.2865468231565852
0.016432794072465288
0.24515053481224458
0.01794838316053425
0.0
0.49526914067577044
0.0
0.0
0.0
0.43736874039954227
0.5066221646057869
0.0
0.0
0.33505698476085394
0.0
0.08622505782966083
0.11534207451488801
0.06015077673377155
0.0
0.47990821509302395
0.0
0.0
0.06681004396183092
0.0
0.0
0.0
0.0
0.17982141961339357
0.0
0.5190508339966997
0.4150899282201903
0.5076018885787057
0.4865457278550567
0.0
0.0
0.0
0.0
0.0
0.0
0.19855491117670163
0.7283584607663502
0.5364242745345043
0.0
0.0
0.34200707157232174
0.0
0.0
0.06300100153020828
0.0
0.0
0.0
0.0
0.0
0.6938454476807261
0.10946223876499546
0.47628325293746376
0.6414678503104779
0.6802380353098385
0.08263669812892957
0.02502277336120848
0.1228405363542596
0.08369195677035723
0.6110945400431554
0.12094038275204737
0.0
0.0
0.16126429570034484
0.5863758779439721
0.5618084172614504
0.0
0.7524824062165086
0.46192112156525655
0.0
0.0
0.0
0.0
0.27100541794018845
0.0
0.7215923606933687
0.3430195581813105
0.0
0.0
0.0
0.0
0.015751566321555253
0.4561484666557346
0.5534066380749375
0.09106129614326551
0.5639396339479569
0.0
0.41381810175603234
0.0
0.729626890796206
0.7179776419620876
0.0
0.0
0.5023933874582869
0.29939759218847734
0.0
0.0
0.0
0.0
0.44971934933677254
0.05489946175868103
0.0
0.5005755632412521
0.5930754341292297
0.6010513486578379
0.0
0.187499441630627
0.15799180135132304
0.0
0.20986331129299224
0.0
0.3384947169717708
0.0
0.0
0.5267037384764581
0.0
0.0
0.7037882136379753
0.2136236161231274
0.04275017831285928
0.0
0.0
0.253205596763667
0.17774248355635303
0.0
0.0
0.559377538709057
0.0
0.44480911252199223
0.0
0.0
0.0
0.5381242425381186
0.14244079160627057
0.0
0.0
0.0
0.08167484414198015
0.0035173706921987125
0.5617486468214858
0.0
0.0
0.0
0.3705166009796924
0.5496270807201779
0.0
0.0
0.4446786558051731
0.27033708426518827
0.658185607960125
0.0
0.0
0.45942131885776233
0.0
0.0
0.0
0.2522137530101255
0.19534252576936825
0.0
0.14512919091345408
0.0
0.0
0.0
0.0
0.0
0.0
0.0
0.0
0.0
0.3074547642206648
0.0
0.5541575616239905
0.35371058160065866
0.0
0.0
0.0
0.0
0.0
0.0
0.12328044476180633
0.22604413750232435
0.0
0.3587857007332589
0.2697823894851922
0.05498849878290479
0.0
0.0
0.0
0.0
0.05986476896445705
0.5710425229300582
0.0
0.0
0.0
0.26546026363210967
0.0
0.6809963976750042
0.12072469931255443
0.26288074036972475
0.0
0.1399634039592774
0.0
0.10993151922505506
0.0
0.0
0.0
0.22736880179140348
0.0
0.46428780842164497
0.0
0.0
0.0
0.0
0.0
0.0
0.15903487383938053
0.3110516973833078
0.638113659802948
0.34498644947951224
0.0
0.5471534381039775
0.0
0.0
0.0
0.0
0.0
0.0
0.43506815716621733
0.0
0.0
0.4615204917835088
0.0
0.0
0.0
0.0
0.11884763361352645
0.7112425148107135
0.1970400597243642
0.0
0.0
0.0
0.0
0.0
0.0
0.4617727669611425
0.0
0.654152043015334
0.0
0.0
0.0
0.0
0.31969590706872547
0.0
0.6047797080987867
0.0
0.20739912047979012
0.0
0.0
0.532783908577871
0.0
0.45217155076083604
0.0
0.0
0.4413916389747809
0.0
0.0
0.0
0.0
0.1468105882493982
0.0
0.0
0.9688617750258681
0.26183510103391255
0.0
0.025346728616345366
0.0
0.0
0.0
0.5898624465699555
0.0
0.019416390388169932
0.09115124840066191
0.10495971270507316
0.0
0.0
0.0
0.0
0.4209762954302273
0.0
0.0
0.0
0.4152994314436025
0.0
0.0
0.7409347418028371
0.042161673087114646
0.004812859705135881
0.0
0.1615777752832102
0.5502587238521772
0.0
0.0
0.0
0.0584016839975215
0.0
0.0
0.2382404512611485
0.0
0.12930677338559107
0.0
0.14200935288427163
0.0
0.02338389859155712
0.30334725452808803
0.0
0.33405226982333563
0.0
0.0
0.0
0.0
0.11697367235547337
0.0
0.0
0.0
0.0
0.0
0.18182892903364117
0.0
0.0
0.0
0.0
0.4399610417710922
0.45265014161246214
0.0
0.0
0.0
0.0
0.0
0.4452088822057965
0.0
0.0
0.011105582864540922
0.0
0.8123352720714943
0.8043846406215236
0.8952214669380765
0.12281886172378065
0.20534426861093022
0.0
0.0
0.0
0.0
0.5364147670379595
0.0
0.48403697158937536
0.7333037498765625
0.0
0.0
0.0
0.7130860697874121
0.1932401681871723
0.0
0.23499285872135356
0.0
0.27654710475683775
0.39083933238988605
0.0
0.013061749590243369
0.25393537882816103
0.4780383132603944
0.0
0.0
0.0
0.0
0.20539296853764472
0.6969891911193877
0.1613385453935885
0.4845397571125378
0.8150607259100281
0.0
0.0
0.6275324988861515
0.24912215051544886
0.004544649685582067
0.5411807814642655
0.6328570911892291
0.5114945064054045
0.0
0.0
0.10097014143221088
0.0
0.0
0.2814526871292407
0.0
0.0
0.0
0.0
0.38195468892354745
0.0
0.0
0.0
0.5116036863928697
0.0
0.6960992244886448
0.0
0.0
0.0
0.06004733213022175
0.0
0.0
0.305813457346735
0.0
0.08511215973812448
0.6485769128729549
0.08552586076924001
0.03836788091869587
0.4791468439084748
0.2787655475358427
0.0
0.3865990701377577
0.0
0.28524411535374505
0.0
0.0
0.0
0.0
0.5612243125004109
0.4526978857652665
0.0
0.0
0.0
0.0
0.0
0.0
0.0
0.723684222872937
0.1525974115008767
0.0
0.0
0.5646303329470608
0.0
0.0
0.07215732859697081
0.0
0.0
0.0
0.04689055487032126
0.47304174513473507
0.5435133962874232
0.0
0.5041214194507619
0.4296669523605256
0.0
0.08740652762298128
0.6002016498294775
0.6532089828215364
0.5165149240225831
0.0
0.09309988052804041
0.0
0.05012811497008747
0.0
0.11106877294844847
0.511418178848487
0.1861740480434303
0.4353449724620412
0.08331624025483295
0.5315705730178498
0.0
0.0
0.13613154911394051
0.233817899347289
0.04512278938505507
0.0
0.0
0.4778379055929497
0.053944923630235314
0.037924900145709706
0.0
0.0
0.32004449709600014
0.08502360180538437
0.0
0.5095162451030298
0.734467252641336
0.45487444376279473
0.45201915142400506
0.17644180419371525
0.0
0.44169755845872627
0.18521009591717522
0.0
0.0
0.0
0.0
0.0
0.0
0.0
0.0
0.0
0.0
0.28347811190679545
0.4963106632120805
0.0
0.3441325997469089
0.0
0.0
0.5193890446722861
0.07239643018965233
0.0
0.4759131982789525
0.0
0.0
0.0
0.13577876200534034
0.0
0.0
0.0
0.10005800962852007
0.05568333974795594
0.0
0.0
0.0
0.0
0.1481145820768343
0.33374644479785753
0.6714627526856379
0.4225459222270018
0.31994794887591815
0.43574125701037053
0.0
0.0
0.0
0.383860525809984
0.49561168285499463
0.7617861044351243
0.062472850475936204
0.0
0.0
0.0
0.0
0.0
0.09556680854209827
0.0
0.29580073060477646
0.0
0.5828999364315723
0.0
0.0
0.0
0.29529618372824984
0.6963692606331136
0.0
0.0
0.0
0.12121680648617446
0.0
0.28784094327290943
0.0
0.0
0.7518425158046111
0.4428498311566266
0.6544087292173006
0.14854454254752777
0.0
0.0
0.2264314254728037
0.0
0.17715523019368348
0.0
0.0
0.4894547435725699
0.0
0.0
0.0
0.0
0.5717639449392814
0.0
0.0
0.0
0.0
0.0
0.0
0.0
0.0
0.2972310264995378
0.0
0.0
0.0
0.0
0.3741644040282845
0.0
0.0
0.14674890037973493
0.0
0.6505170900840967
0.7249928018349477
0.25995221609863806
0.0
0.0
0.0
0.0
0.0
0.0
0.15329957470005948
0.0
0.026790686289673016
0.0
0.43292342557746927
0.557095095932546
0.0
0.0
0.0
0.5523960128205136
0.0
0.0
0.5759707223966564
0.6856126161638442
0.0
0.0
0.35818758550469354
0.0
0.0
0.28551255882509824
0.3000144718820763
0.18961123924284393
0.0
0.6301052203387077
0.0
0.24211442938368385
0.09584144453367816
0.0
0.0
0.0
0.0
0.7329840582047469
0.0
0.0
0.9713272467093946
0.0
0.0
0.0
0.23165525247279223
0.0
0.0
0.14765490820085173
0.0
0.17258581802103415
0.0
0.054812054375178984
0.0
0.0
0.13746889399213752
0.0
0.1940079921475267
0.19809858496983185
0.0
0.0
0.0
0.39530960684927263
0.33945768316427694
0.32375930154756016
0.0
0.3082719893210687
0.5390057709871983
0.0
0.0
0.0
0.0
0.0
0.3243626196827192
0.41786112590587987
0.0
0.44650710429778645
0.0
0.0
0.024395369033344834
0.0
0.1973943896217903
0.0
0.24894180364048316
0.0
0.0
0.0
0.16756757614162995
0.0
0.0
0.0
0.0
0.0
0.1392936527418433
0.0
0.0
0.42911006059038165
0.0
0.3260260105020039
0.5695639358979467
0.0
0.0
0.0
0.08272288033788415
0.08280066763312617
0.0
0.0
0.0
0.0
0.0
0.39190528451518236
0.5035712031144229
0.0
0.0
0.0
0.0
0.522099379832997
0.0
0.6635805236367518
0.0
0.0
0.0
0.0
0.0
0.0
0.0
0.0
0.17108925562046223
0.0
0.0
0.0
0.37731873138262456
0.0
0.0
0.3569493179636909
0.0
0.061069306574491215
0.0
0.0
0.22568568064062708
0.6623523266574347
0.22760440331121504
0.0
0.0
0.0
0.4520949444860372
0.0
0.0
0.0
0.16920619880604731
0.0
0.0
0.6834968080944671
0.4091201946618751
0.0
0.45848031528977234
0.0
0.07659467489907061
0.0
0.5149310304306071
0.0
0.0
0.1700866152579456
0.0
0.0
0.0
0.6060370486916672
0.0
0.0
0.06576679173226749
0.0
0.0
0.0
0.7456380958432195
0.0
0.0
0.0
0.2515501259197892
0.0
0.4897560110722238
0.0
0.009604797786971238
0.07471019830106237
0.6256787779521873
0.0
0.49566910240350814
0.0
0.31949842848506593
0.5205289110931065
0.0
0.0
0.0
0.0
0.23170191165330914
0.02726930300667847
0.24680081941215457
0.0
0.6918830652628806
0.19059747309023536
0.0
0.0
0.18742727091728664
0.32554358537217964
0.17764437912805664
0.0
0.0
0.5361338099028553
0.0
0.4162037465990641
0.0
0.0
0.0
0.37093576213505863
0.8580365872622425
0.0
0.0
0.2668459658547855
0.0
0.37266306126125776
0.0
0.3155540396132953
0.636898036400712
0.5149913568863531
0.0
0.22588600906582068
0.0
0.0
0.0
0.4923965337204921
0.0
0.0
0.0
0.0
0.0
0.0
0.0
0.7609838266487642
0.0
0.0
0.0
0.0
0.0
0.0
0.5025172373813263
0.0
0.0
0.0
0.0
0.46951074138855065
0.0
0.0
0.0
0.3854133255319457
0.2077588918035078
0.0
0.0
0.7059207638218713
0.0
0.0
0.0
0.265162134056295
0.2084861368678912
0.027245419087275666
0.18892931511380884
0.0
0.42328478099358824
0.0
0.8017816865637493
0.0
0.0
0.8271452931271105
0.0
0.5394498949952238
0.08027467775627407
0.0
0.24339107469457222
0.4927424862200945
0.2708764792914969
0.0
0.0
0.0
0.0
0.47914935533631303
0.0
0.0
0.0
0.0
0.2557204867622747
0.37281785743252327
0.0
0.0
0.0
0.09476569344346325
0.5828740478310315
0.0
0.3652810259983102
0.0
0.0
0.5131649530840422
0.0
0.9351469802199087
0.6146738078059694
0.49929366970812283
0.7437595558796631
0.6326440860555307
0.46357537271744736
0.39924440936797895
0.5417565270263861
0.3013982883974766
0.5711434077497859
0.09326031862341973
0.04842034312894733
0.0
0.4786827229614772
0.8375142223314083
0.5910433298769919
0.07054828610803292
0.0
0.0
0.0
0.0
0.44909811995066284
0.0
0.5213269262660177
0.4052927639689363
0.0
0.6284251868938542
0.2524997214247088
0.510158086032124
0.7371538835357172
0.023351704461957806
0.0
0.7048143981635346
0.03424500601449183
0.5488551376370274
0.0
0.3169565208514268
0.0
0.0
0.3653496632483383
0.2983370405866564
0.5821971841191043
0.0
0.0
0.1823336881932519
0.3741297865667359
0.0
0.46678900772759274
0.3257630671941795
0.7063326556683371
0.41753973559823265
0.7916886409152954
0.5032561146739777
0.5488344812384321
0.628200879780561
0.7333357352212014
0.0
0.0
0.31589293697385246
0.0
0.20369092181134207
0.5529657301766018
0.0
0.5794461047233921
0.7396515042538269
0.7968829792631196
0.0
0.5533870006222559
0.6171492072632848
0.627053020084787
0.0
0.8464816754018504
0.0
0.3682246803354292
0.0
0.23959073257441588
0.4711103511280084
0.3898616028567977
0.0
0.6614993131916638
0.8410302159230045
0.625069426076305
0.721232957088726
0.7187228274021247
0.858049072955354
0.12249509637396179
0.43498093827103546
0.5369894257181084
0.5392373013238707
0.41809963774180137
0.27782320101477836
0.5440961454271719
0.0
0.5357056601512838
0.6098049152048625
0.0
0.5957612964151049
0.5913033639372961
0.48621473020086237
0.4540365748987345
0.5953206890919917
0.0
0.0
0.5454407774698812
0.7179815475688879
0.42650428882177527
0.0
0.0
0.3741132204201019
0.4073306366274938
0.0
0.0
0.05566305466168012
0.0
0.0414770895660651
0.0
0.6394178942173322
0.6825168793801709
0.5898607193958425
0.5416493478073314
0.0
0.0
0.6481894607516484
0.0
0.0
0.0
0.0
0.017287472452208765
0.0
0.0
0.2625199426796285
0.7038292816944094
0.38714741993265445
0.3331064434094885
0.0
0.0
0.5428397027421916
0.9266813770871016
0.47415455045863936
0.6185336411775303
0.5958586845199405
0.049340490576562625
0.21918892827496617
0.485450220034156
0.0
0.346251930645574
0.14961538310138897
0.0
0.0
0.0
0.0
0.0
0.06368129569449281
0.0
0.0
0.0
0.0
0.0
0.527557561544965
0.5302505494362733
0.0
0.0
0.5097050793963085
0.4333188028351052
0.3257583585778762
0.5061516851426604
0.0
0.2522088314832834
0.0
0.0
0.8288335670222126
0.0
0.025164401265865444
0.0
0.3142079707362707
0.1860945681133085
0.4756222826049134
0.0
0.6591493972980073
0.7573694238655214
0.8406789096521989
0.7565238600042934
0.6362891415090374
0.5980051669531847
0.74125608669683
0.5438440905049403
0.06289402189256091
0.0
0.6249453033016948
0.0
0.0
0.0
0.3726540470252288
0.2403644256462393
0.0
0.0
0.29552600101474624
0.0
0.0
0.0
0.7455341049770106
0.0
0.0
0.0
0.4244585953593514
0.0
0.0
0.0
0.08406976762419327
0.18025925108895713
0.0
0.0
0.0
0.0
0.7830253569642364
0.579247392992815
0.6402431449475192
0.7351049754221474
0.6254279259724413
0.6113066894992891
0.7037749273557257
0.0
0.0
0.0
0.6516866691754413
0.1611513334595495
0.0
0.0
0.2789828449455328
0.0
0.46041999475189976
0.0
0.8078158930006876
0.0
0.0
0.0
0.5113777709788883
0.6450852599357213
0.0
0.34949606885798107
0.8099297038417579
0.5858959845732322
0.4157411517788984
0.5132774583422559
0.11497455054657116
0.0
0.3767718092310975
0.0
0.04011203455036807
0.2634866487479293
0.37554118320906044
0.0
0.0
0.5290115858974942
0.6805121944463374
0.011786148187143235
0.5239903325128735
0.2236114595726867
0.39516391118965505
0.7257120251565526
0.5699465787637544
0.3571521977346438
0.598692945884072
0.5296136028861204
0.38600487477791723
0.6337940620506582
0.3813369024142091
0.0
0.3516469662080113
0.30140244613254796
0.11234361686647362
0.0
0.40964106662545674
0.0
0.0
0.08215307461122524
0.0
0.23268443156192706
0.0
0.0
0.8579829730997552
0.02467193962664026
0.5654753915447404
0.0
0.6695439290867966
0.21262068462081754
0.512052538090712
0.6164055540269018
0.5757687316182083
0.6426697521816821
0.0
0.2671413794840807
0.5197794902681567
0.5150327049673613
0.0
0.8476005907279843
0.15854580404806423
0.791581149109101
0.5165968649310383
0.28318476838834516
0.407717997597725
0.7754202734836501
0.5821298459752212
0.0
0.25033147430893826
0.5609902378689751
0.5863077027016388
0.08839364198916705
0.504059740028084
0.5688886668310321
0.6893769439055264
0.7994743563676981
0.5448416246169966
0.8150660776490922
0.5708427530640707
0.35930881121718056
0.477980689301618
0.6352998840587597
0.6711114198206181
0.5587429715621259
0.6921431180523395
0.8342154532926608
0.8284950987017495
0.41588290744186873
0.27593865842360793
0.8527292316326865
0.27990524360771113
0.5374955216715762
0.49225893698458223
0.41292321134925236
0.0
0.0
0.8678532450318487
0.32540024958328684
0.37396090948534033
0.0
0.32664597580696564
0.33814458720641527
0.0
0.0
0.0
0.6151044506300581
0.0
0.0
0.0
0.6589522956909878
0.4065916384668257
0.0
0.29860284321298997
0.0
0.0
0.22015870384138442
0.18582326595401027
0.0
0.0
0.37951185716703323
0.0
0.4377660660392608
0.03757975394560893
0.0
0.0
0.0
0.6052656133593285
0.0
0.19873783587969163
0.5075911966596994
0.5438341765614891
0.0
0.0
0.0
0.0
0.0
0.3534783931026231
0.0
0.0
0.0
0.0
0.6137856032326624
0.18767003849214908
0.0
0.0
0.47316794364214365
0.6800507935116509
0.0
0.8154221227720235
0.27655285281954833
0.0
0.5910914223946819
0.6792332357806954
0.42291343557929284
0.7841174887103379
0.43159456380262706
0.5569284699449272
0.2986726359770483
0.5700366521142106
0.8423028717036141
0.0
0.4406626882692545
0.7219470216750087
0.6649676192980596
0.6414265837677732
0.0
0.6277990244325886
0.04327306281423803
0.08420965825590612
0.0
0.0
0.43634768413634495
0.0
0.0
0.5446983058775813
0.569441748188595
0.8026305151523544
0.21669398611978472
0.0
0.0
0.6178904137016087
0.0
0.0
0.11775866737574295
0.5726152304185278
0.0
0.0
0.55507063336223
0.0
0.0
0.0
0.005468970312768891
0.770009107193534
0.0
0.48458375692934474
0.0
0.017685578748095565
0.5286182493574303
0.5769567846924882
0.5983550292054348
0.0
0.462869395473834
0.5675021701678928
0.1348651399971218
0.0
0.4194961248286104
0.40847922374885876
0.8247033195594816
0.5552689404952906
0.4198298930214512
0.0
0.5837391023904024
0.5915236847253244
0.5694589540946495
0.7781734627473182
0.661033694375461
0.4596623793563644
0.8401058829402542
0.505307583724357
0.590347004147295
0.9090766843580469
0.39880945313466454
0.5379081629738411
0.0
0.5464130973178081
0.0
0.5078062533165411
0.569426519687637
0.6521222749011087
0.0
0.6181081446443749
0.0
0.3248288325859842
0.0
0.0
0.22628609245753234
0.5492021164577291
0.040590874087314086
0.0
0.08558075163176242
0.0
0.1703058176775482
0.0
0.7145930937922377
0.5406799382763777
0.0
0.9303349049606652
0.0
0.7594194858862152
0.04434259910691429
0.0
0.7655120902917297
0.5897157344726539
0.24063348157433057
0.0
0.0
0.572166863342153
0.5248378502226847
0.0
0.3784912394314135
0.0
0.20650056926661228
0.7637597636983122
0.3180799079672584
0.0
0.4154103894143143
0.0
0.5757421412183346
0.0
0.0
0.4722447632127112
0.6181576752248271
0.0
0.27114566660233436
0.0
0.0
0.6089629088972519
0.2367655209304894
0.6686417948598075
0.21417829315580353
0.0
0.5798605099374975
0.8217287033349762
0.0
0.3269889895196756
0.0
0.0
0.017508259149345982
0.38192259530414796
0.4102759891802238
0.0
0.0
0.7146237058578256
0.0
0.5877969390946183
0.6282300000302528
0.6872409576973983
0.38863401274702297
0.5475196811667381
0.41502911368496553
0.5539407740869868
0.2850230011781912
0.5199436511128385
0.0
0.4631155684051742
0.7679706248752552
0.036697330056286295
0.408368001156729
0.13468069479063188
0.5770648353804657
0.29068011635462276
0.0
0.4208187759482308
0.0
0.0
0.0
0.0
0.48318625224028533
0.5706380176976419
0.6760337044912361
0.4976092583541468
0.7533105638427016
0.4444530504103332
0.4269512526727766
0.5626331230545668
0.7091866555264468
0.2690269187469389
0.0
0.0
0.0
0.3408456094763836
0.3707859884700218
0.5125788061133048
0.0076084725961030365
0.0
0.0
0.0
0.48645182828724576
0.578240216820551
0.19684600587401935
0.8263468040504958
0.49510967883435963
0.5951034463812784
0.31067958120696754
0.4160950048895128
0.8725618205534498
0.5224731317001791
0.0
0.6167880902891041
0.6983423673586162
0.0
0.13498196332785298
0.5966016033818752
0.0
0.0
0.8743301497749072
0.0
0.5527158537103681
0.7886447199708368
0.26562014871738343
0.23159093652272786
0.5020460008209027
0.5637850453208735
0.45481610756039575
0.9408404659583621
0.6833147257921798
0.0
0.0
0.0
0.3740370527255638
0.4318557714030331
0.406694740642085
0.39472046502123675
0.7707700841144488
0.0
0.8136964286529628
0.7859509931400114
0.5816913926614606
0.7238800395169593
0.6598533230545562
0.0
0.6513029244329919
0.28930799373447313
0.5908005900069533
0.7172595797600566
0.7440918730005741
0.7829722463995964
0.0
0.7734514854179523
0.6544364459953992
0.5223542850710617
0.6161527735907082
0.1324306916661669
0.17167267039114126
0.6901425739486071
0.29924320878647087
0.82979472178656
0.5982368566268781
0.5458796342259615
0.49624659581207614
0.5317697384861404
0.7728206971837984
0.756139371274853
0.755939534010098
0.0
0.5687895496335063
0.31077995074780285
0.5045525089475609
0.6236583502205227
0.4140384291068367
0.4772387623003036
0.0
0.3973750066526802
0.5780185231486225
0.08774689149332027
0.3751275122773684
0.6558313043661632
0.5814277716999673
0.8230543247952542
0.7790378816664957
0.4818280925483018
0.0
0.9856767180712391
0.590088113333704
0.6846518292823597
0.5538412853976729
0.8097909659083257
0.44884784478018014
0.480058268564222
0.0
0.5965199389048149
0.0
0.6952377686745991
0.0
0.028403267010019054
0.42267081560055036
0.970120017867162
0.6871031944912056
0.38107554103527846
0.7634181741185906
0.5113499723341398
0.5704456944550553
0.6851722592277123
0.0
0.0
0.0
0.17363268961517145
0.0
0.0
0.53609943422745
0.0
0.0
0.0
0.7081339647160166
0.36936691303064595
0.0
0.0
0.5753053570192059
0.6986019752799357
0.0
0.26136306764834766
0.4682864811671268
0.57715001650849
0.1628977217752777
0.5634648592090689
0.0
0.7244167511488191
0.7015341130463968
0.7382430491729843
0.0
0.07607924442920744
0.7820789839784399
0.3361521605857327
0.7641098910494566
0.6473726039547943
0.5254141299897749
0.0
0.46441344925951034
6.384572394554516E-4
0.0
0.0
0.5910605739861903
0.0
0.0
0.005029053369856485
0.6907912671629608
0.0
0.0
0.5984934423191132
0.13172451481157643
0.0
0.662926849852217
0.5067793466612159
0.0
0.0
0.0
0.6529395452688543
0.6045930314733573
0.0
0.8039927013293579
0.0
0.47335478155113603
0.3958877477983236
0.41534863610561507
0.7816666938481938
0.0
0.6924184651448553
0.0
0.0025128124149135403
0.7992339762392991
0.30945201780980525
0.6469638301492681
0.47677572545178704
0.34793066428353053
0.0
0.4841775190541632
0.4654524552425335
0.0
0.2680508661695079
0.0
0.23067086542940105
0.0
0.33229132869376216
0.43182707588643643
0.7953716744685349
0.0
0.7455190049424084
0.020527004622076454
0.2282689897742948
0.5590719297527078
0.0
0.3006668501570443
0.0
0.1772787912258371
0.6120550534215247
0.0
0.6180130527309214
0.0
0.4466978342407216
0.0
0.2701955746611942
0.6943540810894917
0.4417615977538416
0.47128664245439383
0.7123502007888353
0.5071729572743857
0.46351406123739747
0.45025326245827046
0.5234967896699833
0.0
0.556599358950131
0.7548441139063663
0.0
0.0
0.7368946789434024
0.44100349002343525
0.0
0.38425716528178966
0.40014134071902335
0.04499302666856561
0.36270697456462103
0.8088546164433161
0.0
0.0
0.6650913741633894
0.0
0.0
0.5149315385320367
0.43727834166895513
0.48086885402777324
0.0
0.6093118649417422
0.2501560293679438
0.4308429627864694
0.0
0.30179839040431283
0.4146397248687939
0.0
0.5093329682721358
0.02888925891102913
0.0
0.0
0.0
0.038347842701150714
0.8441684359366246
0.7354934692929777
0.0
0.0
0.7492975590192134
0.3817302142323828
0.5489436349180912
0.0
0.4452460038651845
0.0
0.02833717872128273
0.6660062141774722
0.4853473603789057
0.0
0.418688457283284
0.6181006894020452
0.12904576901523826
0.0
0.6498125621201372
0.6582331466839736
0.7016751362729972
0.3400708539944357
0.0
0.0
0.5303771521305803
0.0
0.0
0.0
0.0
0.0
0.0
0.0
0.0
0.0
0.0
0.0
0.0
0.0
0.5949000760374847
0.0
0.5844696526029927
0.02368113497183461
0.0
0.7928676265503892
0.6800948730475597
0.34928925067173733
0.5170238421199992
0.3676446414930868
0.683631681243525
0.0
0.0
0.8854903566697536
0.2719100371884366
0.0
0.47014390838203823
0.8892638238543104
0.0
0.6933597506652998
0.7528064299467877
0.0
0.0
0.6617128167775699
0.1377132384443183
0.0
0.6447069983300446
0.813402476629399
0.06491077958003677
0.48802732846978253
0.5185834443307725
0.5499836308711721
0.34795270089286984
0.6981328814770942
0.3094437795581357
0.0
0.3938191499201118
0.0
0.0
0.0
0.0
0.6776577043043366
0.0
0.7201011361823747
0.7246866325355724
0.1835136601934612
0.0
0.5762346083885279
0.5735243298397833
0.4993732724301113
0.4523113281484501
0.6091516124583495
0.0
0.0
0.6461817538132945
0.0
0.012832238239085362
0.0
0.3906503549215351
0.0
0.8298921388469246
0.22937291774720675
0.0
0.39180345711109626
0.5405903094652859
0.0
0.0
0.8150363949783294
0.0
0.593827432788153
0.7795153652442802
0.23850180192404646
0.397478430303636
0.5707475193571055
0.5300509584404274
0.0
0.0
0.0
0.5862430022778676
0.0
0.0
0.822371856296296
0.0
0.6625961876336836
0.0
0.06758931499799467
0.8178879602488517
0.24257589318079947
0.0
0.6101763659289124
0.82366149835083
0.46995982142978227
0.0
0.0
0.3958781684953709
0.0
0.7763087389812103
0.478552000025706
0.0
0.6122040274189606
0.09764472268637421
0.0
0.4611468054374606
0.6492972357923872
0.0
0.6515206944157268
0.062165821733410336
0.3393026476450157
0.0
0.6488181659991288
0.8360724544188084
0.034124003517362674
0.0
0.5463817178247
0.0
0.3846235980161979
0.0
0.0
0.5614183109553628
0.0
0.6614420628787512
0.0
0.0
0.5395574361153347
0.5670127056305901
0.719100628996406
0.0
0.0
0.8024699356751418
0.7165452233090104
0.0
0.16328490880588514
0.014294347246485402
0.7294476548634867
0.34558275299927776
0.0
0.6835996556742084
0.4959246266051621
0.17121770887038026
0.0
0.0
0.7208950449338536
0.0595580015552872
0.5350272936291884
0.0
0.0
0.0
0.0
0.0
0.0
0.0
0.49349371062481334
0.0
0.7384890619134699
0.0
0.0
0.6092561135083926
0.5147473105267464
0.0
0.0
0.5468236408000705
0.6306864076840415
0.0
0.0
0.2594722335048746
0.4962923883228669
0.0
0.6135456934889899
0.1972346670683745
0.5282307786602514
0.0
0.47862261614895946
0.0
0.693377043122195
0.0
0.0
0.6187968200532121
0.5143969999661814
0.6165175642288694
0.7462948809382463
0.7988767104394413
0.0
0.0
0.0
0.6862769215196449
0.1869873284319296
0.0
0.4321954960785721
0.6093504874842863
0.3309656569829619
0.0
0.2992216454573269
0.8226762040207948
0.0
0.0
0.16483293228313128
0.7654394427369001
0.0
0.49319828715705905
0.2737766853581613
0.23494609119520465
0.0
0.5430788192328247
0.0
0.0
0.6375724136799206
0.5046415839750773
0.012801291137238179
0.0
0.0
0.49277837877296954
0.34522449799921207
0.5481869584687554
0.818116473750977
0.6154534573890058
0.5984889201740902
0.772531979883702
0.5997171509083881
0.6250290063597502
0.4962869111968151
0.5406206892255705
0.5511126293986529
0.3639796738043975
0.0
0.0
0.5357319354916168
0.0
0.0
0.16533179556603284
0.5923444685013204
0.7235188082836601
0.17363283623180595
0.7473193319530642
0.6579861962046922
0.2548719449084458
0.0
0.711199916872825
0.5509247364689529
0.35259659881640004
0.781461590496054
0.49609887731079616
0.0
0.0
0.0
0.0
0.325794919209551
0.496666497070786
0.0
0.3089567864519436
0.7202049737894217
0.10930329607649196
0.590113085361221
0.1835529767165207
0.46185296528370906
0.7678918454152465
0.2152047234219379
0.6820800395793735
0.3269027085457124
0.646353606831786
0.0
0.6328324787762718
0.6612632686982558
0.6110270296994362
0.7359181527827137
0.8240329171151797
0.6950775915838265
0.47961581857971686
0.4618464504510798
0.4664789870480952
0.6900694065794649
0.7025158763292775
0.0
0.058015032810532954
0.6680714649580353
0.0
0.8497213204197774
0.5960264097870199
0.3859671275649691
0.2986938741114731
0.17643415656723943
0.47679491975672633
0.8657116133185382
0.8299120507825332
0.5549226121358671
0.0
0.5515192636921314
0.0
0.0
0.46436416078724924
0.3400943926973606
0.6844838331529158
0.31362165332203074
0.7781928139326766
0.3315492575999659
0.7661016445456104
0.3685325199494211
0.29600442267447513
0.7760167796341894
0.438959697763873
0.43718891618283223
0.6115023009201738
0.560940001914983
0.0
0.4992632701202632
0.41980142627444506
0.29852177919809914
0.4296392284902273
0.4748180315247009
0.0
0.15802470210037642
0.3976149269457245
0.0
0.538115375153265
0.6370409764297349
0.14954537230488954
0.2115817704889271
0.21286578683212387
0.0
0.8874868734661988
0.7747574566253091
0.620701539880239
0.0
0.7861600670595237
0.4921004390609357
0.45695647988571797
0.525998755636729
0.10344712595076547
0.3463092863461133
0.869495885214367
0.5809165471326011
0.0
0.9358567963400448
0.24843654437171137
0.9447601710186391
0.38650861748494164
0.15172470498266288
0.0
0.902500226624389
0.0
0.6804788450507536
0.5068844235098569
0.6976981524735286
0.3121111082785017
0.6608687848375787
0.7600612611603309
0.820762368006378
0.08937013941449438
0.5332234530743932
0.11011170714861045
0.6030590305874355
0.34023656016912923
0.0
0.8279883701992585
0.6285628605293173
0.11801548792899284
0.5429209537978197
0.42089260251888216
0.751270044286478
0.7871155809098018
0.0
0.0
0.0
0.20030821970939836
0.8098291937769988
0.22451163661317658
0.7536811763952858
0.5622022871413787
0.8793044378859832
0.30813221404650254
0.0
0.0
0.0
0.39832353760813083
0.7345834128385957
0.7286151339972596
0.6026858118934993
0.735484445085724
0.8227683095519367
0.6382324034131486
0.28767344610431234
0.6661736442177819
0.3018565106731217
0.05404844425296039
0.3621780932460087
0.0
0.5133245403803811
0.5836464074203225
0.9740358486761239
0.0
0.0
0.06147168531331174
0.06526519793260209
0.0
0.3577322661792315
0.0
0.9546933714937915
0.9061380416703995
0.1345062389527453
0.7638999688032388
0.9941372421966241
0.5329834453769033
0.03958421436135261
0.8132636377752014
0.8859897130525376
0.29641325685149694
0.4847110662206525
0.4872973482989372
0.0
0.8416338951307065
0.9288312176532232
0.12036229472262368
0.9046082008513044
0.0
0.004016343941243181
0.7419340356063583
0.37934070579691265
0.18471123642178394
0.4829025115527971
0.8650968269077322
0.31836290884426244
0.9237171041607775
0.5297934374958548
0.0
0.8343002409914421
0.4782315453058486
0.4019071664053096
0.5006966660800102
0.6699944763102047
0.25699963994188574
0.5613917836104185
0.3809016830668708
0.8090591721447956
0.5007197343596093
0.9340507803701281
0.27250345141566595
0.0
0.21580658406739323
0.0
0.0
0.7472466632502435
0.0
0.6036522250519394
0.13307724170433272
0.7403991435574281
0.7616255104654819
0.0
0.5423656592852528
0.0
0.0
0.16722461163015628
0.0
0.06475997940146401
0.0
0.9384928564757292
0.2797634969287768
0.9052637886737728
0.0
0.24839515486500688
0.9530742233463784
0.4380613500119975
0.763565662855716
0.0
0.2535327089515598
0.9300254731933207
0.1240483484476691
0.0
0.8581183589468865
0.0
0.6459850888760698
0.11330394945265648
0.8745057517857107
0.7937116841376702
0.0
0.9588777746597473
0.8883030709429964
0.505797093948602
0.290223019170571
0.8719819644493362
0.6617527224137518
0.3061306909636984
0.0
0.5559502275262488
0.3797789205032735
0.0
0.352727130306099
0.0
0.4133129845306541
0.3773628941722904
0.0
0.0
0.12054223557078034
0.5777167174257418
0.39121527712492377
0.665101620254561
0.6663700167888579
0.6644925153177123
0.15251782283915485
0.3381512374631036
0.0
0.7491923986234271
0.5667253254378873
0.0
0.7091380410016004
0.4116108979380059
0.7006036971311933
0.0
0.0
0.0
0.6464781348643996
0.827836533335448
0.0
0.0
0.701951606560082
0.24775016354243043
0.48849843242329094
0.29670641554532257
0.0
0.10446710084920947
0.0
0.34108176533783513
0.4541092077937582
0.5962790856497557
0.0
0.0
0.0
0.42632439129061916
0.3372370187301922
0.028507506172296318
0.7118253685714309
0.14517128414579047
0.0
0.5320125262632536
0.7565095672382093
0.9023942632960275
0.0
0.4853942828631894
0.7140846497018233
0.8279448542386632
0.21022746137903484
0.3659885622525506
0.9393796781147781
0.847025520499596
0.930238476820946
0.0
0.8615625202843652
0.5447121441727416
0.668128661966968
0.0
0.5836123980395802
0.8112590713048319
0.16446609283133878
0.4396676068771289
0.595376647110457
0.6152557895859678
0.6232593585639703
0.0
0.3127522312318966
0.0
0.34256133790409893
0.5111565443259756
0.6024075257752618
0.9530630888379501
0.51633182192441
0.0
0.6089463937894567
0.0
0.0
0.0
0.2876426303080702
0.0
0.23237789255306268
0.15485232704283372
0.0
0.148217835832965
0.19006823562547248
0.8091530224925222
0.9045150608156339
0.0
0.0
0.5568450498474479
0.0
0.3047389568209586
0.2854769994448849
0.0
0.5687069918310268
0.5972421775230327
0.5533706592018848
0.2138666852140614
0.0
0.0
0.4336269242306842
0.0
0.0
0.9316763601847194
0.1613153634914576
0.0
0.6904405756787145
0.0
0.750461414362724
0.2703626728794016
0.0
0.0
0.0
0.17481420137174683
0.05836040993698906
0.6134822495309656
0.4739052425737545
0.0
0.1797827173241168
0.44050845094926006
0.9164298831341979
0.664362375847897
0.36280297542132955
0.7757700947793299
0.6896010696773399
0.0
0.0
0.5048618808715125
0.6212391330845279
0.5825718834453721
0.8555275784669173
0.43172670201208935
0.0
0.0
0.0
0.0
0.0
0.0
0.0
0.0
0.0
0.0
0.0
0.2610305933907262
0.0
0.14893830226496121
0.14785459421104288
0.05631458456943048
0.0
0.5623112644492149
0.8158075759665872
0.315237265907949
0.0
0.0
0.0
0.0
0.0
0.0
0.0
0.4439088516742169
0.7630726373429583
0.7276254679089683
0.14417534497477896
0.0
0.8534142583201952
0.0
0.8391987022721498
0.7461575921496342
0.7346564071981083
0.8493462149319958
0.716283665498341
0.8365117082433458
0.5997916733567632
0.9416226553350844
0.5507002711288908
0.5629114807461791
0.5847077569039484
0.5378020352155579
0.0
0.4075418070864149
0.5536520548259459
0.6998579551703829
0.2882873639312007
0.5193832321184294
0.5870127768162582
0.4980674584471402
0.7712726532720289
0.6428117612638883
0.2780335486055573
0.7879461462714347
0.4265509784952375
0.0
0.0
0.8392786337755248
0.73852954137962
0.6653856244044389
0.0
0.0
0.7508731379292428
0.5497276986091068
0.7506210193214907
0.0
0.005221867468940399
0.6617845821410453
0.40614566903748917
0.5560873885447501
0.6099525368002744
0.0
0.0
0.47788167347209654
0.5357304613880399
0.625536870021496
0.3942410394016423
0.6276764120266178
0.0
0.0
0.7804169774223647
0.6823647179333837
0.5244141974555738
0.8746545097396621
0.0
0.18908243461588328
0.0
0.06218861516063695
0.0
0.0
0.36338277331753965
0.24152475976868873
0.7112810679787882
0.004847404394264396
0.0
0.04224638764847901
0.5667619639563205
0.60049592699383
0.0
0.0
0.1484418618424859
0.24244519423480224
0.0
0.5340424367404527
0.0
0.5770355246399187
0.727827158424189
0.8355493907011481
0.24545857239038998
0.0
0.4658852601595974
0.21234320260753275
0.23520012983418026
0.1927092281925959
0.06677201455448915
0.8150611822062551
0.048331514269996184
0.6814400971472043
0.0
0.7835655524844072
0.44823088640874587
0.04947253416922945
0.0
0.0
0.0
0.20633433304158674
0.0
0.0
0.8996894959948877
0.9260257459235012
0.012331588829990928
0.9115336125450749
0.5241044075235677
0.6120283925146428
0.45986791385263776
0.45490242905256684
0.7634734537573616
0.11066043111725817
0.34065183463256715
0.7262524930880091
0.5883379588501503
0.6685743332241009
0.4165092470849691
0.7312635091495489
0.48227546116434356
0.30811670828984045
0.46618585146603086
0.44667943593488874
0.8783946363057608
0.8117884115039158
0.7696092154825356
0.16292933240684154
0.08997244141552387
0.5699343652304472
0.5845252091440609
0.3749030521394277
0.3938759746011339
0.4843827197680923
0.7653303143179182
0.7055452430716319
0.965587231479891
0.9729143589446241
0.4366132390709415
0.7699804142703566
0.21947658094085973
0.16729433074063457
0.0
0.0
0.2631784550193947
0.6844430509637796
0.3066203967449843
0.0
0.9210540970988733
0.4211482700632063
0.390955289648997
0.0
0.9261763013322495
0.0
0.0
0.0
0.5091367980546492
0.0
0.7202517649090655
0.5721934708074089
0.0
0.025320255569991856
0.21966802162071805
0.0
0.5222240230332835
0.0
0.544656211752835
0.5465196345186653
0.4862075788864448
0.5490502646245693
0.5930351333069869
0.0
0.0
0.1600426549255178
0.40063364731019946
0.0
0.0
0.5333313210021599
0.0
0.0
0.17117798268098477
0.0
0.40804507220982617
0.0
0.7002335093316892
0.2908134363007504
0.0
0.9363062440816079
0.9484882424360939
0.7864380924227683
0.9425583461307239
0.9318753583040015
0.871783011935533
0.6228340458226131
0.0
0.7906754707101543
0.17224832961370148
0.0
0.7946339735644063
0.0
0.12961534595496055
0.0
0.21392609015235245
0.0
0.0
0.5067079696298339
0.37263329503951576
0.8920954783051037
0.527040467155254
0.0
0.7361977333505342
0.0
0.0
0.0
0.5160465351536644
0.1348338560806598
0.0
0.6354478455921255
0.0
0.5637227132143385
0.17533851980352952
0.0
0.5553210537879981
0.8152568758275592
0.17423292188897474
0.7084798349574333
0.5898946042564573
0.7890789095618621
0.7203111369460494
0.3494951634537746
0.0
0.7393659174952854
0.8743198364333329
0.016160727857901323
0.4892626570774615
0.7269036818756297
0.3147148722141701
0.5532028470524137
0.6046890374813513
0.10646793093293581
0.0
0.5928946423174556
0.5845710391154922
0.4696757861032193
0.0
0.0
0.22199481627524925
0.0
0.6287927787257448
0.7864647610097528
0.6528357816320152
0.99676553129652
0.6959054205037243
0.8089125935486267
0.20150767738953065
0.0
0.8127614573273767
0.6370301414798066
0.6832827931103611
0.6024144565789389
0.480620154295563
0.0
0.4889156398863449
0.1812702113484997
0.49723828001975023
0.6475472279549218
0.6318989435609152
0.6123718574329994
0.7457154842546335
0.6456699033044112
0.7162868848239056
0.6799339244486661
0.2535668404865688
0.9948663367327953
0.595525142706766
0.5903269078355662
0.7107709149856556
0.5809426879978544
0.506466397452759
0.3555434776760196
0.6143291040101156
0.6288434003544067
0.7286037379753302
0.7519339748493501
0.6207803212277977
0.4290462191009462
0.8416179240862176
0.0
0.5583246043832831
0.459807870956684
0.7268398488204081
0.6857949088106059
0.6601945242516137
0.5211342954060111
0.5905866218804726
0.8066598168288266
0.0
0.0
0.6712243491830592
0.056055179689810476
0.605421474434012
0.7228385547663215
0.6630441488855316
0.0
0.6576325482090316
0.624875662761312
0.8362306283840678
0.8720103933859704
0.6621089476395206
0.636710197465856
0.6504827080462556
0.5830892555883234
0.8017301494061316
0.0
0.7060434622656788
0.8452443196355279
0.789162892037064
0.5678524929059048
0.6240632093317594
0.6214730330649696
0.7372430952996156
0.5138068113570418
0.6507209141378231
0.944858147689088
0.5775873473118344
0.0
0.20322609696867328
0.525403776136036
0.7559315021330666
0.6638076810363711
0.6196784406906792
0.5423561353363919
0.5417489073836336
0.7606814775333594
0.2711101299399709
0.8903981898927286
0.3090377347636214
0.5197089847126303
0.7631118756195806
0.20541121302343324
0.24156407811545974
0.0
0.6712922862697384
0.7281051069038844
0.7238885098757386
0.6553636276328775
0.6744539315933908
0.08449844936962908
0.6021936862494813
0.557586903719552
0.44769477297521937
0.6216778054694472
0.5821089777282913
0.5329827123054041
0.0
0.7544044518325174
0.8542834602778532
0.5440867471734735
0.8571578258933349
0.3859436054449846
0.6808932147594323
0.690447113003025
0.08358385289334844
0.0
0.503779634715509
0.7363736331449531
0.62845335713506
0.7917665884972053
0.5968991668904693
0.6972549409980172
0.7749615157218263
0.6254273988706058
0.0
0.619374970764126
0.6378551396525712
0.5977247967818367
0.6573864924753429
0.6110042878361099
0.659077858710922
0.6660886227123393
0.6593524961136614
0.6065155393505
0.0
0.0
0.6759208905405719
0.5953643438793771
0.7220576176797757
0.0
0.7755961061729868
0.8833984590194013
0.637728782167579
0.0
0.6282907705216785
0.0
0.5485507309958805
0.6354290833731768
0.6624638939295566
0.6994716288604542
0.6423359576826848
0.5618488974811404
0.1446305562785538
0.6068590458360322
0.0
0.362716779743787
0.40293083364950705
0.8276667302631715
0.0
0.6025045960562121
0.0
0.0
0.0
0.6305238103058506
0.7149431525514256
0.0
0.22786980831805445
0.2024246970949332
0.8419240442745504
0.5652051002730283
0.47531255507539283
0.6818021847673312
0.24581837436232917
0.591582489537099
0.6136162743909179
0.0
0.6936161316144369
0.6311233340705903
0.0
0.027396683808019923
0.6762058662927317
0.12214460099190293
0.827146813412037
0.0
0.4863680801622704
0.6576354887141187
0.2935791756389451
0.6724814875051028
0.0876127808659297
0.8555056016761998
0.7476499776289194
0.0
0.5009317973871891
0.4943758947076672
0.5776854490526296
0.6414475920638838
0.8378501603374445
0.6888284611929169
0.6616511255481318
0.5274022629802624
0.8622670291253954
0.715763311641051
0.5056935547086975
0.7223677565382601
0.40244738232781585
0.9919296587878826
0.6425923799807427
0.7569425275214527
0.6339788135901916
0.6633430489080812
0.7032484366587528
0.5842841337501067
0.6898782878749226
0.0
0.634963122715118
0.3043390586398978
0.6906990963983006
0.9861564862660265
0.8122995289773838
0.9377257587357269
0.7875442294283967
0.6043330686187505
0.6286230526003719
0.5842881449922531
0.8438983323961089
0.8963955034419137
0.9312301701741418
0.9985799651765174
0.576895930774099
0.4116421087463788
