0.20906825151421438
0.32420572182461993
0.834846812785517
0.25298952115468964
0.9322019887833004
0.0
0.1936140638082059
0.0
0.0
0.0
0.0
0.0
0.0
0.0
0.0081293771527996
0.0
0.6660044215413254
0.0
0.0
0.3748672726983264
0.9831394664516618
0.7968304982753949
0.0
0.6185917100945677
0.6345709237770452
0.0
0.0
0.0
0.0
0.0
0.2950921329487721
0.0
0.4517321679704047
0.38896267797141526
0.0
0.0
0.0
0.0
0.10450458978209942
0.0
0.2722595814693842
0.03239763570298515
0.0
0.9197774992280605
0.8567164363335329
0.9952278002032097
0.8039944516908215
0.0
0.0
0.9841609895287347
0.0
0.46237577073985625
0.0
0.0
0.6962610366350306
0.0
0.5308464187310575
0.30860153842455884
0.43351664832510406
0.0
0.16008160493061574
0.9645941065049062
0.0
0.9427602400695162
0.6445973452102418
0.0
0.0
0.2122710285048821
0.0
0.0
0.0
0.9630150080238963
0.0
0.0
0.0
0.4399363127634941
0.18582652091158525
0.0
0.0
0.119468934623702
0.28218710288069526
0.0
0.0
0.0
0.0
0.0
0.0
0.47659253028873305
0.0
0.8849137343898658
0.0
0.7659691649006874
0.6260383759496825
0.0
0.28982908617472003
0.26827395798111087
0.0
0.46258012066925036
0.0
0.004847108730616223
0.1755054879515877
0.2808980733881994
0.0
0.9186884840348355
0.0
0.9999999999996858
0.825893983047649
0.5519105465695289
0.0
0.4221400500466985
0.0
0.0
0.0
0.0
0.0
0.5665979527825065
0.0
0.4876242693568622
0.0
0.0
0.41633762268148766
0.0
0.4773181817236425
0.8218367179287461
0.2716784718314188
0.0
0.0
0.4410618549853168
0.6421795800517304
0.41831295025911097
0.020481160392986975
0.0
0.991105152621036
0.0
0.03245038022901592
0.0
0.3140853182160752
0.18520702450146953
0.0
0.670271488096838
0.0
0.0
0.7428065621091344
0.5489400964881925
0.0
0.17984925743557179
0.0
0.6430461528827309
