9.61224629958832
9.88304615021669
9.44799280210239
9.8430137428763
9.81088240851816
9.79172754574317
9.60757925777883
9.88165553905754
9.5298604043953
9.68248499831841
8.54449752555705
9.98415794767924
9.27724065820543
1.26182706899185
1.07491189865363
1.73347255568924
1.5372750034241
1.43534142759432
1.08255721909935
0.863392231983635
1.03149041561578
1.03613747647548
1.53197872170265
1.06205753778028
1.09283013233787
0.883634936967294
0.87214095485637
1.16522703542456
0.904880653149981
1.01713439920131
0.878402917052286
1.25753866846374
1.05601955246933
1.02968633910192
0.840878505710044
0.890716275691359
0.873249487809427
0.873176295049868
1.43969948260667
1.36897972908881
1.04346748395129
0.88924126235976
0.807106789327017
0.939165145614099
1.49203474954643
0.804816580844085
0.901380195580149
1.77518171021014
0.843658270282537
0.942127620802567
1.65612395805388
1.08734812475543
1.06325869053243
0.937900619200975
1.00535950681636
0.864291939857316
1.21234345746928
1.09370856081015
0.876738325536426
8.4410790734594
5.94943476550053
1.88294965820178
0.884335153357329
1.34333855548209
1.39583341201385
1.0754780515046
0.835028759800299
1.0057726033411
0.994078159924519
2.16913391038851
0.929804606471365
1.66562810493757
1.18466621675512
0.858114888860255
3.18906501865562
9.8435646802788
0.745229608767084
0.940325917163804
0.963285411065072
0.823505208641957
1.50571684010804
0.993774893329426
1.15572684645735
0.889149767071853
0.890974761181241
1.68855970140111
0.809207885544155
1.58455543500754
0.8963040574433
0.887351214171007
1.63837646216732
1.56709919109215
1.18072043228058
1.20656088071713
1.52778177976246
1.10381329850005
1.45546943227211
2.31355588277655
0.900739939890466
0.867136269624555
0.922712111570821
0.962281699989881
2.78455669887471
1.20002468809481
0.991054543815188
2.6406239206214
1.14791802104712
2.78309071671158
1.18035395072713
0.959883027901037
1.02138032816628
0.991728533721109
1.30945137082352
0.874041017098775
1.06199424474914
1.14919380904743
1.08457222000197
0.946737598393859
0.903741844133357
1.63098138342253
0.979773716675592
0.916099928785654
2.1796503619123
0.923941107043826
0.949867112227352
1.00964999537815
1.53405082866254
0.921322716404044
1.38139392573441
1.17108810492414
0.882514636372871
1.71513232077954
1.79748627171352
0.980505895085913
0.926879471273309
0.959591103597581
1.22157753142669
1.27586009518708
1.32668341612708
0.820338753527371
1.61363867785157
0.977119639034194
0.960023912746147
2.0740678222974
1.97458881605203
0.801285679155016
1.31585286455614
0.852771156719197
0.895469544481931
0.790668726207347
0.88526974109832
1.67301962435634
0.718174600315761
1.13970248386225
1.13051046595509
1.0780370123071
0.889205217847828
0.921740644904568
3.86338911302488
1.39848486583068
2.47663385988581
1.16970648277138
0.929586966247883
0.99583000235731
0.916315546815993
0.998579942114811
1.25073432501018
8.20499074884902
1.02692236238233
0.904025502718492
1.80287747622688
0.879966865061947
1.20644767158112
0.936853658036592
1.13415843437141
0.990437712960154
0.746287251827705
1.15885761545844
0.96519520646525
1.17871313367073
1.23451670985621
0.956444609107688
0.821290237061521
1.11626882952277
1.08237669402429
2.38650578924354
1.01188913632811
1.02433641284053
1.28695813324328
0.863613544100584
1.1204344625449
1.45320609584288
0.826169795216798
1.25899957511473
0.919560164025277
0.909714647976137
2.36624962666375
0.968071462617955
0.91010781748717
9.84896128232142
1.68406011885029
1.82826226746589
0.994096654918049
9.99999633911036
1.03000458410719
0.924043774748224
1.41744655488984
1.09363150327677
0.991335208877774
1.36340329242888
0.852106238064167
2.60444749283194
0.948729762941699
0.896880357690376
1.96689291632477
0.860174498962681
1.28531297647593
1.15014604784689
0.922188157452337
0.863047947274306
0.952971946539401
0.842915656381519
1.34152568904504
0.820466263248669
0.977262727324536
1.1703017999549
1.44133655731463
0.893352594904492
1.07534026410535
1.61308492178877
1.16204632138422
3.2346790217137
0.856772180855124
0.820667706996792
0.987463388930105
9.31648376575235
0.95800124415957
1.00896308271274
0.926874191248054
1.00823767138812
0.882408630969789
1.88945527778343
1.81267283299836
0.918341287639305
1.01007167376272
0.880704392178664
4.73797385501036
0.87245243748354
1.60530619024561
1.80993096590706
3.61978493318296
1.84064438132914
8.36088181559922
0.862666220053265
1.01756247109524
1.7550109046908
0.881158432580442
1.37480193848951
0.928328395034694
1.31278769768911
0.891709734334881
0.979492520156349
1.58929855654553
0.889551011538162
1.00953899879827
0.922627510741031
0.859790706687291
1.01050804279616
0.897320425897641
1.1002320852664
1.64621340221609
1.20747596246987
0.836526356961009
1.34531248997094
1.19452273910686
0.96746575970745
1.36410380229901
0.897943957586043
0.922459661862335
0.953028939452286
1.12704701277947
0.817270501569614
0.971433453216676
0.891834140759045
0.884064354911029
2.55148283328564
0.849563743650493
1.56541095289063
0.787520151913631
1.02537205177973
0.908401675885773
1.51534302649388
0.851649184251283
0.842959766971552
0.944776130837502
2.19482942704745
1.45465018157755
0.937070007618164
1.12988469689805
0.8652160078014
1.60338180345431
4.05738856380161
0.888316205906667
0.910470609111184
0.900375340354716
1.4032961221373
0.901420948928874
1.16835189036828
1.54149138211566
1.45570571904978
1.91404171250652
0.759390987105867
1.24233031360026
0.846117659662119
0.860333630596874
0.699274486136373
0.91398646575589
9.40473033644457
0.941899353170314
1.01164588397184
1.39302380175296
0.851759124005399
0.859434690157025
0.900368323998704
0.822598580280908
0.944128660359988
0.959798561042285
0.859126966233029
0.852072772172507
0.924191927578669
1.11441275515884
1.01542830839214
1.98935798065603
0.93702081934752
0.867480474003505
0.894824008853098
0.940884850494584
1.38782493168626
0.980595261911774
1.16846021442416
1.28883192198563
5.50956066954601
0.948496095928367
0.992373587492592
0.817201321640462
0.80962809095306
0.818115474805822
0.943791872213711
0.789278300757375
1.22797366552129
0.909131036380558
0.796802866388575
2.19339558513726
0.832127809801988
0.861381694054412
1.42882262917791
1.42003893941904
0.879363298367939
1.08393323541874
1.11536201733802
3.46894761772218
0.82408791380553
1.11648749550278
0.865332729153242
1.15976717150866
0.863774595663296
1.28436653899191
0.849209426284496
7.81809615386567
0.838668701839429
1.16464534770322
1.2684559861079
1.06341647734563
0.877313020584022
0.728085433265542
1.19769362254722
0.958954699530985
1.17263556375737
0.84880150990086
1.76786650574706
2.93818895604607
1.57846706016018
0.820077644746776
1.15402878909307
0.92477349582506
1.01694058265804
1.1615639371871
1.29938037833736
1.02476833204914
1.37337761538934
1.40886854048642
1.39509225189469
0.813058917484413
1.31300583303159
1.62417883375618
1.13177481340204
1.04407902053509
0.8014453729786
0.863984655163966
1.34968880257213
1.38665349421092
1.64343600338296
0.780499112409443
1.47887566911769
1.5772474508727
0.905864406632842
0.863050871821847
2.2707521480726
0.926570805765941
0.804890850476856
0.868208843304633
0.951642192141313
0.883406794515212
2.59584047940847
9.96424683690594
0.856701294891533
1.15343134531482
0.816583578113842
1.07205437408332
0.852050183636619
1.14547181101597
1.1238153688302
1.25378944378612
1.10329965829234
1.07547994055217
0.823524123291174
0.80127001085947
0.779159210194335
0.855881705163838
0.851424114681726
0.870737473792296
0.937152788251235
0.953411904952986
1.34892292136198
0.904811232633823
1.66943939733036
1.46191973739776
0.894542550079275
0.995424251747843
1.23426344753248
1.59650746443949
1.15633146850359
1.20904784709358
0.84753474609321
1.37044717813202
1.1822969603743
0.968109321312976
1.07659425618199
6.32232603258495
0.895623517731317
1.9812013597676
1.01641685673916
0.94030581512015
0.777408245286956
1.05626006666054
1.09833181196056
0.909655715733096
1.31257923971373
0.855601522537044
1.2412113820568
1.12275189938933
0.849767452390494
1.96940086985831
0.917403007091196
1.68714922323848
1.21418397361934
1.09168499391821
1.07480989403881
1.38094578300528
1.68361136127153
1.0064894666364
0.97650733143589
1.73424087374892
1.38303207338158
0.955402288495046
0.915748954725478
0.962016522597558
8.46040213912207
0.864881138664294
0.837165777938419
1.06271433086664
1.50858525063765
0.862439961047249
1.11436339553981
1.43608592998628
2.31001304399246
1.08586629379936
1.07741832672903
0.841355500227
1.30073358170302
0.918551356219952
1.80388134665802
1.2657524657275
0.850441737431025
0.897054624715176
1.58774961445858
1.3007449366942
0.972596087801721
0.941328486077656
1.31500141879771
1.49128869700307
1.24159961132143
2.13765830897265
1.0475768456416
0.948961039785496
0.877398955499232
2.36052926051795
2.89734302587928
0.790531503725521
1.11666876040291
2.2059286864012
1.0235399598734
2.24646247110917
0.96001654996429
2.28024495608968
0.855724754740348
1.15977406577069
1.01204410561244
1.53785025903785
0.937464197468771
1.14750935562196
2.46632362531569
0.924022053781915
1.28782584337669
1.08463678397134
1.25922806167054
0.935999677876131
2.70660651228376
0.949201808239698
1.13613626895766
3.00586498819387
0.865766013376851
0.823690085198642
1.78436411540806
1.8135428933439
0.812791717234459
0.887692484843127
0.985311919153219
0.790971941416656
0.977926488612485
0.870374115049467
1.14196113244398
1.03771312630467
1.11714633558633
1.2062384886493
0.759612833484654
0.971364639557147
1.96784923439349
1.47816119588512
1.97040631203548
0.882296749333567
1.79257482321866
1.42779193419689
0.940093508968379
1.21086867465047
1.00241299507094
0.859672600048509
0.942474316360616
0.741324373724426
1.07176834398223
0.883748462149906
1.42708258292481
1.0920377456239
2.53724526540214
0.949359533314157
1.07090612928475
1.1356764835658
1.30823309466973
1.22540798455061
2.80763229051899
0.758645259777724
0.91889804913894
0.923387074532173
1.2608011591676
0.888023382562828
1.46657405226096
1.127700844202
0.860191743995385
1.46557857252202
0.966223274408837
2.3288816507832
0.906640570772098
0.8000365050516
0.867562422826754
0.830017508111199
1.24273106190189
0.959233339265105
0.976563659933213
0.832330793564226
0.908097205065092
0.929112472926305
0.912990732972477
0.842308295461992
5.23452019991883
1.44381640776931
1.43642859891591
1.18371578816799
0.867066847909294
1.97537691722058
0.894043154127359
0.990807509821999
1.97602411187894
1.1728745347855
0.912242670085889
2.06680432288702
1.1216140071874
4.24297677419221
0.872918578510703
1.0209562200504
1.16775307650803
1.06419770776216
0.835423283863803
1.06941217964753
1.00114521177007
1.05268861907301
0.991214921028005
1.31428802685939
1.58573148942816
1.07677435885431
0.852316887591757
0.929721103740585
0.958938865654514
1.87534592273718
0.867457380871225
1.29331376802847
0.912471031418833
1.16185466044693
0.714588851688174
0.947348273364982
1.34248092415681
9.99999999999992
1.12385260723041
0.859187274729797
1.15754747208982
0.899848577355137
0.995811657381835
0.887702414224615
1.29843911776146
0.855802016590943
9.93812975173249
1.63876201121602
0.924864718484253
2.50437437016618
1.02033185447571
1.99670854483216
0.893883063059717
0.914180695578084
1.02008331919511
1.61060662407338
0.902353657273576
1.00570314397374
1.01383898463571
2.26774659128419
1.18063777562168
1.17527553813145
0.96288491391833
2.58018658347601
1.87294507362079
1.17858853278367
1.62816187959736
1.02365522841595
2.3894579512318
2.26361338346472
1.10379674573581
1.19251201856583
0.94311989015584
1.5914687463674
0.870423820779145
1.28305600168622
1.19621897283837
2.36631405518046
0.979566991383333
1.08092039549325
2.30224911536615
0.991682902661666
0.821389628131976
0.917731456214533
0.847157344177063
1.39349188803763
1.24197883845449
1.11251631549148
1.91800270021744
0.987486476530441
0.913862171694117
1.64358500808375
0.946097425159529
0.972998172252329
0.833264814709891
0.85258341568037
4.01289952537834
9.99684421269517
0.968539124545574
0.974085924079766
1.21668241601371
1.48060265998649
0.880280982017885
0.868406492733866
1.69395369002695
0.888083651836759
1.02541623021111
0.828090957974629
0.816049272211447
0.839514744467273
0.826138785782662
1.01634256247177
9.58940568041886
2.69907670860564
0.956071417562917
0.971015127716672
3.2258298879086
0.903265990174936
1.14463442980696
1.34750785106644
1.34946334226896
6.94618749608065
1.11519865091395
3.8799269474074
1.6114507098589
2.13962627117502
1.19998376904458
0.82431805268953
1.07551072497906
1.23417619384871
0.976703944114672
1.13147053690894
1.07564665258333
1.2246115062557
0.9008107812866
0.971959166983447
2.38776759921203
0.814075223832402
2.13791611583389
0.921485072424073
1.1711833531615
2.49888109931054
0.971349481938697
1.53537248362785
1.70936246788295
0.912952315707142
0.963732833575901
1.0654155971144
1.01931326134682
1.671778380929
0.894588603874902
0.97903162078553
3.49999871916584
0.806294227701999
0.887839745932283
0.855746957904645
1.38667838777851
0.873618107401832
1.28289537299338
0.874121183921086
0.864795234162767
1.07194816261849
0.947149915333781
0.914219088754788
0.883333923789011
0.96863000722849
1.35745402748494
1.00656049807687
0.872211261275386
1.20488453613611
0.840588033158648
1.82685947018653
0.854556299249661
0.921630051187617
0.942764108573212
1.42668707025812
1.20443851109664
0.88456247964186
1.22488815443791
1.26996016579135
0.980900622842623
1.89970356935621
0.953585399679261
1.00620121553267
1.06751598199418
1.37922707224899
1.28547935148632
0.941894766070616
4.14434356573714
0.855585264250992
1.51246282986835
1.07888695984937
1.78983534207142
2.28256288252062
0.828609113910108
2.37413383044422
1.4622313499803
1.27015210622495
1.64663329887218
0.771356757744087
1.12810427978873
1.12678796740975
6.94521769570384
1.32044920908261
0.963477710397134
0.914136296634625
1.32390100350532
0.860745997894128
2.35038639830109
1.15857187724142
1.46597604825895
5.37927077202855
1.38780439328434
2.320131482603
0.878475783209926
0.953438035596166
1.63038020314417
0.932613434581356
1.22181825921845
2.64254466710634
1.13731361486749
0.885729388224807
0.905539741027273
0.854430976150556
0.866495545820128
0.832175166805443
1.03357567646016
0.858015451607221
0.870026633119069
1.17904423101719
1.34578504679509
0.880395897210339
0.967899893523986
5.07795812276278
0.807426216155656
2.39271899271515
0.855808137163102
2.50381989003834
0.947131393070973
2.00829947197911
1.06130856592985
1.06541696405364
1.50780304555827
1.09452674318918
1.07440444691744
1.02053613308953
1.96500652691554
1.9682347590478
2.98737590445286
1.36403583712399
1.12041645565516
0.986728188587158
0.883526353999954
0.911272864447911
0.842159224494564
1.37858187338176
7.28955401897552
1.91817587932248
1.98525270317876
1.0746310207338
1.19212852119817
0.780674570202318
2.89879589333709
1.41077648340384
1.08914411633702
0.901921100262869
2.17757700958862
1.0087026278671
0.870343217317462
0.951065201476932
0.928253394643592
1.19288109381335
0.751114273098925
0.74142592316044
1.9764294750581
1.43161687881453
1.73575321680674
0.917692562159088
1.1195791353503
0.738679283062161
1.39298178602265
0.812726321569609
2.50223712978079
0.858800776321661
1.43900290583969
1.28182588035651
0.89509215474024
1.11303786763413
0.975710583545577
0.849727200306404
1.80518271998569
1.63383461278561
1.63953953417952
1.03528740884452
1.11122008118027
0.915942816191592
0.896545820532873
0.97061050248877
0.798105769693234
1.15836896952708
1.13630285595222
1.51514497239653
0.995956361873727
1.14165918954681
0.988953443237439
1.15849404766836
1.02402052618073
1.90373282721229
2.00942274354975
1.03173932777541
1.32044402815667
0.875979741263362
1.37996290742413
2.29620445378963
1.01098469633481
1.8024644568861
0.8690466287523
1.04439666649287
0.863869091112612
0.959778559494414
4.96650197337969
1.54531565967884
1.20105207866155
1.03954354497661
0.833765222449048
1.09321030660561
1.3158921858159
0.830109258869825
1.13264252050765
1.0739366055808
0.791224279697207
1.11109488127734
0.89556681282247
1.47870275546233
1.65268037818404
0.954605548979195
0.863557483519047
1.00842648104746
1.1811146399031
0.962419487355348
0.956414326991666
2.23942358206252
1.1210818176096
1.17951705421391
0.78426429613271
0.886829942333029
0.906112591775306
0.77524278944286
2.51263699712569
2.79420311159552
0.738401960822071
0.978919399803092
0.863451208080759
0.851648865732733
4.3553691105597
1.28365073237556
2.35690748348895
0.816092920418464
2.58228754972564
1.43060169654191
0.85356705906486
0.881381071871824
0.978412081247627
1.17989430628007
1.37397922761339
0.986923936381763
0.99319184619618
0.692276433760056
0.828021576482844
0.821383839548146
1.82477516374205
1.00790953213829
0.858473038991882
1.20486716590694
0.949083549679247
1.2000698740795
0.881002883422393
0.785742335093233
1.42460507947781
1.19815434784808
0.856427540573468
0.851165154149039
1.30042782011209
1.64265213481467
2.67082835607513
0.84380789317597
0.925432986253225
0.999774324074295
0.851194051731274
1.68815310536429
1.77531248185175
0.960102054369683
1.06935379268438
0.811969955078872
0.932526136195488
1.3056901567263
2.15832020509616
0.83117882368373
1.37607996835776
0.907020080246724
0.912318248837759
0.875334321076455
9.8435494189831
0.937739117655913
1.02399056734184
1.14140527268158
0.953389475651985
2.21486089807672
1.04705964452672
1.58939929805207
0.803513184795783
0.92730194227904
0.784852247722906
0.868143214744293
0.951936658004859
0.824005352880165
1.14843643604709
1.13839018530855
0.861139874375143
1.32150523933672
