398
405
1019
198
403
1550
24
1524
1588
152
1327
45
978
810
476
336
1147
962
1148
1352
787
488
134
986
1502
1542
1135
747
115
1047
264
1128
696
412
540
5
824
1382
19
677
1290
1643
1154
39
781
1439
291
534
952
939
654
1482
1562
728
22
1215
315
352
722
537
836
1124
145
286
1569
1362
1343
1346
372
1603
68
1413
307
1268
1484
1155
1541
166
1633
1260
261
620
1011
1528
731
1601
1504
1068
235
127
1173
436
1640
1587
903
607
943
243
20
629
414
826
278
600
1400
878
1664
1627
1647
844
503
1577
749
784
1199
1566
119
1384
1526
52
717
510
953
910
562
254
126
104
459
940
684
1278
417
1506
112
449
158
1421
797
1442
1486
10
1449
868
638
475
624
796
41
374
825
584
1631
911
935
343
729
460
745
613
692
744
1168
1657
432
250
492
378
889
395
819
713
643
56
799
626
1364
338
442
1345
75
233
1049
191
490
458
1174
63
1299
665
1279
698
1180
815
1527
987
162
71
396
667
1109
293
430
896
1458
298
1032
1537
1102
413
1381
885
1165
456
302
194
1436
1510
1026
602
168
746
258
1516
257
295
287
801
1129
871
980
1223
469
662
1646
926
1676
59
282
446
1567
766
1240
636
619
306
526
577
1366
130
17
304
167
1393
1585
720
855
931
829
401
649
1088
974
268
909
1406
1326
1483
1313
1576
213
984
214
538
1064
1404
928
266
351
349
363
1112
861
1371
748
1675
870
963
1655
1099
1027
1407
329
764
50
1272
1219
548
132
103
1092
884
630
1249
1355
680
1144
651
299
1356
934
290
872
1630
325
1540
676
270
652
936
242
964
1314
1222
370
72
1085
1578
752
895
1521
303
1597
608
350
869
573
373
515
21
1081
685
1392
736
1522
691
1177
1110
217
1529
1294
1306
448
328
230
671
1078
678
576
1518
625
1415
901
1417
23
1184
565
424
726
1131
535
786
734
1052
1163
727
1241
9
661
612
1060
387
1437
614
708
529
1191
105
1626
318
1138
73
1478
994
1629
265
468
1300
753
1641
549
724
927
1670
1365
1555
1677
1513
634
981
1218
1329
1273
834
484
367
1053
210
968
1651
399
521
429
215
849
428
1055
1672
285
1403
924
99
847
778
639
464
402
599
255
1464
272
1405
1044
1123
737
1126
382
688
1420
712
1344
1
61
1133
1187
1283
467
371
1656
445
686
866
1280
455
1118
592
70
225
1620
8
1122
1590
1602
563
1553
1488
1586
1357
249
1635
518
435
1565
831
1213
769
524
509
1556
1285
511
335
659
1084
1142
1208
1010
493
531
1545
1058
756
3
375
87
997
1252
480
27
743
530
547
223
360
1451
1075
900
423
181
739
1499
1396
101
1445
596
1082
1073
1164
296
597
689
773
485
711
1072
1552
516
201
15
944
1206
195
821
43
289
863
44
1544
999
1497
886
1653
477
775
486
1448
1295
1234
583
501
774
95
1347
650
1535
310
1282
544
179
687
245
991
798
504
40
902
1235
1030
148
581
362
867
1262
323
979
631
1546
617
164
985
1156
165
1422
762
915
776
473
954
882
1028
616
277
1242
500
822
704
111
177
232
640
199
481
79
1557
1375
1468
48
136
1564
439
1492
149
92
1385
280
846
309
1378
479
1065
65
1608
913
216
1599
1534
742
988
1077
1594
1159
699
1037
546
100
1188
421
1207
1160
1500
1592
186
1320
1066
248
1418
1440
989
505
246
251
494
1034
1639
170
788
1224
275
1040
802
113
466
1636
690
1456
542
1297
1057
1509
527
714
292
556
433
923
450
588
905
520
1181
348
1259
256
1595
606
420
1054
482
82
982
1423
49
1525
507
558
1625
1265
46
594
656
557
1605
633
1582
949
1363
283
642
653
648
1098
647
1328
891
1358
1004
675
1665
176
681
1157
1143
356
57
718
1253
933
1204
110
1146
1654
1498
1548
197
4
1007
1251
1424
673
543
760
1176
570
1332
312
1136
178
406
1094
615
790
1050
131
670
1035
1114
862
818
571
701
1016
1340
452
1377
669
907
189
545
1005
219
327
628
1045
1319
1519
1063
411
585
706
1457
34
1543
932
894
916
76
1127
632
1274
1243
1503
279
811
139
817
502
586
434
1622
622
461
890
663
1140
1593
1107
102
1178
1267
645
709
1093
512
941
1539
297
707
1671
644
314
1172
1212
719
463
554
782
1179
135
716
1433
1514
1379
854
623
1554
1232
694
474
763
604
444
738
483
1446
1571
553
674
697
114
1197
1472
1427
1195
438
1642
1024
627
579
823
1042
672
1441
437
1485
733
1572
1020
269
1637
347
1361
1043
1210
263
732
960
1041
1477
1652
793
425
1461
472
580
668
1263
359
721
1056
1006
955
1003
388
1462
945
83
525
471
552
1432
1277
221
1520
409
1459
1317
1121
1443
609
274
1113
1666
1076
702
1615
187
1167
416
1229
1682
497
767
893
344
345
523
541
772
16
575
975
1266
1674
1668
664
983
715
1025
1495
1416
1013
572
1680
865
805
1115
182
806
1573
276
1036
91
1071
864
761
1549
578
1046
904
1399
1474
1309
80
340
441
860
550
925
332
522
390
1501
1491
361
1428
880
253
947
1490
783
262
730
519
1466
942
814
1673
1638
204
496
1531
1387
422
259
60
1012
1304
153
1341
150
1530
222
124
1216
948
108
346
621
247
859
1139
1512
1487
1409
238
379
1238
1318
324
244
610
1189
1257
55
419
920
320
58
1080
1087
1150
161
341
1351
354
151
590
1402
1580
1246
1194
1145
239
1321
159
1360
281
1175
117
212
1106
1059
1261
1089
1614
62
2
873
1095
1116
1669
234
376
852
820
1561
1335
1170
154
1209
431
1192
1203
1227
381
1002
908
1678
1390
1469
106
1538
1380
81
252
184
294
956
301
1070
1014
38
207
850
1130
1470
937
226
1193
970
1185
1258
508
1455
559
966
193
206
146
1661
1161
1435
231
641
205
273
240
169
1245
316
1607
1323
1298
173
1183
528
1117
1649
147
11
967
605
172
120
1211
69
174
1507
1604
827
950
1062
203
141
88
1508
1308
322
1589
589
190
1584
1255
333
393
564
969
1334
1153
1307
1583
1091
180
1038
1152
1228
84
326
1386
1558
97
128
1125
47
1051
809
1169
1225
140
171
1264
755
1471
462
587
1217
611
759
457
334
1029
1419
394
1291
451
42
1373
355
912
754
1292
1287
1644
1523
1301
163
311
808
1337
1104
957
1302
804
1296
489
770
856
591
1254
1248
725
1374
236
321
1349
1336
1137
1198
1610
1074
1425
1591
1452
1289
1039
1465
757
1430
1276
921
635
200
98
1473
785
1353
237
898
771
121
807
741
1221
1481
331
919
1598
1149
227
410
888
1480
536
1303
123
427
1100
1383
567
1414
319
1342
1547
758
1679
1613
1090
1108
1494
1354
54
31
491
32
1450
1151
710
1460
487
1200
1515
513
1190
1239
358
1196
794
1069
768
1033
848
1596
366
85
780
1389
1119
1281
803
1293
288
658
1103
36
1350
142
750
28
1388
1331
1667
260
996
454
29
682
874
305
723
840
1284
1397
447
1628
1438
695
188
1624
1271
118
330
703
574
109
1220
1408
1079
560
887
1493
951
30
93
971
342
812
1467
7
1532
1205
800
53
876
1134
369
551
679
851
1551
1632
693
18
561
1269
1312
26
64
415
218
1288
899
35
37
1324
666
791
107
1158
1568
122
313
78
129
470
1453
138
229
1111
595
1476
705
735
569
1496
841
1376
792
843
137
380
751
1517
1338
879
1333
1618
1250
1609
897
922
533
175
1681
498
838
977
842
1009
1429
453
1411
426
765
839
1612
929
795
837
364
1660
1398
1236
144
881
14
813
906
308
514
875
657
389
877
1431
1022
1533
90
1447
33
816
618
208
601
1322
1559
12
337
365
353
1479
397
74
914
1182
1648
357
1560
1645
386
1237
1348
220
892
998
1097
89
1048
392
400
700
1186
917
1611
603
777
973
185
209
582
832
1067
1606
1412
1286
1372
160
125
66
317
224
1105
1018
51
499
418
1325
385
1031
495
1623
833
1008
156
94
637
660
116
368
77
96
1574
133
1617
1563
993
1083
404
143
1369
779
1367
157
1275
67
1214
155
992
1579
1489
1619
202
1570
1581
1244
593
598
6
1394
1226
506
443
1368
25
918
1395
1475
1256
1401
478
196
1444
958
339
1359
1370
1339
961
683
566
1017
1202
1330
1310
972
228
13
555
789
1132
532
1311
1270
1086
1015
1162
440
828
1021
211
1201
1000
408
830
517
383
1233
284
1120
1141
1536
1023
1659
1505
857
1434
1061
391
853
271
1391
1166
740
300
1650
465
1231
1663
946
1305
1001
1316
241
1247
1463
377
883
267
1101
976
1600
1616
1096
995
965
86
568
384
192
1171
835
539
407
1662
1426
959
938
1315
858
1575
930
1511
990
646
1621
1634
655
1658
845
1454
183
1230
1410
