1641
1660
1029
528
622
562
147
1371
606
511
1215
602
820
442
32
1635
1043
769
1042
1221
1068
1677
608
794
86
1406
1024
278
168
846
1493
213
127
1666
13
76
380
1211
93
259
1183
1415
209
548
503
1367
1523
92
754
385
166
1341
1428
445
149
1163
1532
1558
219
1627
392
1057
711
546
1514
1262
1144
236
662
1363
177
1299
1539
555
1404
1293
1407
1484
981
1195
1542
78
722
1328
968
1434
1421
412
1527
663
1028
1613
1105
1432
402
1633
749
900
252
430
1664
682
505
135
1258
422
1220
969
1417
475
1680
1520
224
450
1185
668
607
1277
420
1385
286
1614
761
444
56
1531
883
215
18
735
283
698
1587
1393
560
458
1456
234
580
1332
1364
1498
1170
452
162
1562
618
587
416
1649
453
388
874
621
772
1094
160
17
314
1639
112
273
632
1444
454
563
1607
1650
778
1604
321
777
159
298
256
138
1232
945
1670
1146
322
1524
971
469
1596
1667
1072
415
861
157
1149
67
1052
899
1380
849
1469
435
1603
94
961
1536
471
887
1312
1557
977
176
953
1663
284
808
1104
232
715
948
1310
1396
755
139
564
313
405
1388
1521
500
604
542
1002
556
972
1156
1676
185
1473
737
1294
201
694
529
1438
1074
1066
1139
169
488
1620
493
1095
301
88
308
235
1112
1471
625
413
797
495
1656
1172
484
860
368
697
1243
1174
1405
1287
1439
304
834
767
38
1025
297
318
1551
305
1577
845
1004
504
1325
1030
1272
382
586
1219
936
869
1244
1563
1075
686
1123
1086
1622
395
510
666
615
1642
202
1324
251
947
164
1546
1194
483
249
461
1071
996
1376
134
1535
165
524
939
816
1189
970
1567
633
227
1399
1031
692
333
710
591
189
1578
552
1630
68
170
148
877
211
350
113
1351
518
989
1064
651
1408
1088
963
6
1564
645
401
821
218
1629
1370
33
1284
409
1336
271
1020
114
1605
183
1018
115
1311
141
1060
1001
200
1196
190
186
44
731
1643
1346
226
158
47
979
446
81
309
1056
809
1409
925
1403
1508
1675
635
107
1134
12
257
775
1239
438
567
1355
1420
96
973
1079
289
1124
206
72
353
885
1499
516
1193
387
20
1599
1465
526
1615
884
1457
620
1241
781
306
644
1128
63
64
1657
993
1474
1187
1545
175
1246
980
536
1108
1573
519
199
674
1145
1440
648
913
1014
1160
28
1569
1422
1621
144
326
985
1617
935
136
429
1472
1442
240
1152
1537
1378
43
623
1335
449
1207
1483
1443
680
14
734
441
1171
544
143
1611
1397
1281
37
303
1041
310
965
916
890
307
77
214
933
124
255
1646
323
892
1295
42
521
572
41
154
1509
640
1368
941
320
367
1487
599
1381
1296
357
1337
15
878
904
1038
1528
87
376
658
1591
411
1049
1384
71
299
545
756
1162
773
421
375
1518
525
590
1366
841
1326
891
706
110
254
1612
1309
1141
1136
163
1608
161
593
1327
285
1318
681
1238
151
478
417
399
757
701
1681
366
589
1135
903
479
596
696
624
1233
238
603
221
1343
344
1466
796
688
351
1329
198
676
616
1600
795
826
942
69
1503
1180
1601
428
128
581
486
352
1637
1479
24
657
1395
1259
1234
613
398
1003
1580
1333
480
867
1282
1516
679
384
1181
1062
937
538
1054
638
1513
779
1356
126
807
864
575
1034
187
1007
343
653
924
974
1120
1032
1402
1410
337
1264
986
1481
194
1255
800
347
557
497
57
865
1460
1461
427
1179
1533
955
217
824
1668
967
774
1330
391
1206
872
1382
1619
220
424
137
378
927
1674
74
410
345
1078
1548
1067
1475
1451
61
1655
837
25
857
788
1298
23
1323
105
35
1040
1175
654
121
292
36
810
1628
859
750
130
1510
39
210
611
995
65
966
390
543
839
131
1009
1480
118
914
990
381
540
106
1148
1055
1132
272
992
1470
1306
569
1492
60
819
982
1297
293
54
888
991
4
1348
1579
1017
747
1659
922
155
324
987
815
73
1005
855
597
689
287
230
782
1213
1653
425
191
958
1495
830
818
908
1592
171
1039
1198
1401
275
1662
806
340
1142
871
1286
798
522
742
713
699
172
1131
1186
537
1522
743
669
823
1682
954
1651
714
180
895
1109
248
1155
739
858
448
1190
1242
129
339
1191
27
748
1441
1576
397
1140
55
719
626
1107
188
19
133
315
1247
664
338
268
1431
1218
153
181
1389
225
223
1678
515
167
1575
547
296
1252
1501
132
389
204
598
934
1271
1353
811
1669
1166
836
80
1672
431
875
196
1338
1581
1436
893
265
386
439
1447
1549
1133
950
627
1477
207
281
910
1427
1462
179
1574
266
1610
838
174
1026
1538
103
921
817
801
840
1598
1398
762
1227
1602
58
100
270
1249
295
1394
1661
531
507
1082
269
5
1550
595
707
915
197
1418
1497
705
1589
1159
1319
59
582
451
1544
1543
332
52
244
535
3
703
1083
1429
1280
434
793
208
789
1257
1077
962
120
241
814
655
643
1455
656
639
1525
1006
361
956
813
152
612
30
685
1013
1251
1361
851
1430
258
1597
629
16
738
1515
123
1565
975
1372
1590
261
870
1485
751
260
585
1478
551
26
1331
1037
414
1453
1101
1506
462
533
253
325
342
457
868
1178
512
1197
496
1373
579
879
1053
786
907
1554
588
1507
400
928
1339
1275
1270
898
470
1065
1169
667
1529
70
976
1150
634
661
718
1106
673
876
873
952
1467
1092
1173
440
508
40
1285
619
267
1118
1035
630
1269
473
1245
1519
847
534
263
1051
844
1184
946
831
348
1449
482
300
1044
1292
1526
1647
468
459
1375
436
1069
1459
1098
406
1151
1161
1223
82
829
708
1304
1347
1301
886
1391
1268
1416
1494
499
1568
758
1566
1012
842
550
1488
530
1019
1302
373
740
1119
539
1113
1011
1631
193
90
628
492
1489
605
1080
1085
1253
513
341
1490
517
437
485
1117
949
720
1090
1087
1464
1212
48
1045
1445
474
1222
721
102
501
532
1093
690
506
1357
744
649
759
1023
1458
477
1437
1359
1127
1588
652
1636
288
1345
1224
358
1645
75
923
1084
1046
1225
1344
889
481
1129
1047
1168
881
1571
1158
178
264
262
1138
290
856
733
919
1217
463
489
1125
1147
1265
418
1638
433
53
725
1671
691
1008
1235
746
1288
1673
379
1237
1584
776
109
1290
1230
1423
1320
1114
316
494
610
1115
994
760
84
724
1027
62
577
614
119
1137
1099
573
1176
909
1534
1200
1315
349
1126
637
862
1254
229
617
1283
804
1321
729
1317
1154
514
10
1500
716
327
723
1216
1476
291
730
584
490
125
203
642
1561
233
1517
938
1505
1665
828
1305
741
277
116
1606
246
571
97
559
1511
1214
1491
726
1091
1553
825
998
1360
1240
311
408
1594
407
1369
1021
766
558
49
1111
247
34
1205
999
1595
1100
336
1267
11
832
671
1424
1593
182
498
334
983
1130
594
1089
1541
140
932
447
1116
693
117
362
331
396
1250
902
863
1618
371
184
354
1547
156
765
1226
1386
46
988
1419
195
1496
931
1203
601
1585
520
1640
906
1081
850
984
108
359
1358
802
372
364
717
1559
709
1350
476
583
1059
423
374
456
1050
1096
111
21
205
1435
1448
222
695
66
1063
1289
243
250
660
312
1229
631
302
600
1322
104
328
443
1036
1433
276
672
426
242
1679
1256
880
665
905
700
1426
319
576
142
1400
360
1352
553
659
745
239
578
1342
1303
231
1291
787
1192
704
677
926
91
764
1300
460
282
1010
363
752
1313
1652
565
574
1076
279
1121
355
491
487
943
1231
1387
1164
609
472
228
647
377
173
329
356
122
1644
523
280
790
1365
561
1383
541
1278
1634
466
1625
1201
683
785
944
1583
1570
568
1572
1015
1228
237
1177
465
646
736
432
1165
1204
843
335
675
896
383
370
1560
1658
467
978
670
1122
89
684
712
464
549
29
918
848
1073
566
1199
346
1468
570
274
502
1482
894
771
917
1624
1609
394
1582
783
330
1153
592
763
1463
951
99
146
792
1552
702
404
527
509
1334
1392
911
882
83
294
1188
216
1274
245
1167
455
1110
678
912
1425
727
1307
1512
1236
997
957
79
1626
1452
1314
1022
9
1654
1261
317
369
1354
636
1143
1263
1616
1502
1374
799
1540
1157
1210
1097
770
2
1623
768
852
1182
1260
687
920
85
1632
1033
212
145
1248
1061
940
853
1000
31
403
805
1454
1016
784
1556
419
50
1586
960
1486
964
901
554
833
1266
1377
365
1279
897
22
51
1
1209
959
150
1504
1413
7
1058
1412
753
1070
192
1208
8
929
1273
1648
822
1530
854
803
1340
1362
930
866
791
393
95
98
1446
1048
650
45
1555
1411
1316
780
728
1276
641
1202
812
1379
827
1102
1390
1349
101
1414
732
835
1450
1103
1308
