981
1668
1534
402
1
1434
747
714
1530
2
1358
3
1590
4
1579
559
1577
977
1478
1025
5
1670
403
1639
1068
957
1384
1538
846
1212
1090
404
1559
1681
1503
674
1198
1038
850
780
1545
627
405
6
1224
875
1249
910
1650
7
979
628
752
696
700
1045
1175
919
1195
1325
1447
1543
8
9
10
1281
1031
11
12
1007
653
1196
860
13
935
14
892
1519
1255
965
1417
1564
406
1017
407
1156
866
15
1511
16
1220
1299
1250
1157
408
1313
1656
17
18
19
1637
20
21
902
952
409
1259
1334
926
22
1662
23
1542
410
1029
1525
411
1448
24
1335
589
1168
1645
25
1573
1174
26
27
1497
973
600
28
749
667
29
30
1422
31
1203
718
1357
1177
960
32
1059
982
33
1113
34
1675
35
36
1524
37
794
38
799
1596
1354
1253
1128
1454
578
868
39
40
1373
1674
867
1395
41
42
978
43
632
1060
947
412
1672
1032
44
1514
1569
413
1188
1673
1136
45
414
1058
772
1048
1611
46
1264
1621
1520
47
1298
1306
1550
924
48
939
1210
1321
1549
854
1130
1671
415
1314
1366
49
416
417
1217
1350
1651
1159
50
1445
418
717
1413
51
419
1437
963
52
1614
1379
1665
968
1252
695
1412
647
53
54
1194
55
1141
56
1051
57
1361
420
1372
58
1234
421
422
668
59
60
61
558
62
1664
63
64
791
423
598
1023
1365
936
748
1207
424
1628
65
1615
887
425
66
1510
426
1081
67
1480
68
1345
69
865
1349
427
999
1583
694
955
1180
70
428
1398
1457
1262
698
71
72
1406
620
429
1346
733
1495
1063
719
1364
73
74
75
1102
76
889
797
1328
845
77
78
1089
812
676
920
79
80
754
81
1227
430
431
1340
616
1178
82
1362
543
987
699
793
663
83
915
1193
84
1393
634
432
737
1608
1097
637
1247
85
86
1499
895
1280
574
984
1443
87
583
433
1368
841
1093
1541
1221
840
434
922
550
1566
1451
1134
88
1043
1476
89
1405
1286
853
1468
1491
971
90
603
435
91
92
789
596
932
1248
1660
93
1309
1181
1587
821
1056
1098
94
1529
1074
996
1547
1568
1117
95
1303
1285
798
96
1584
1419
97
1176
98
1594
1073
930
768
1605
1622
881
99
888
100
101
1024
102
1307
966
1629
103
1182
1367
1415
104
105
1291
873
1461
1237
436
106
107
1125
701
108
1151
1297
884
1225
1236
1013
1408
1209
437
1049
1173
1399
833
109
993
1197
110
652
438
1438
569
111
1265
112
1459
861
1109
439
1065
1189
1407
113
672
690
1034
724
1010
844
440
114
441
1585
1052
1488
442
1036
443
1479
1061
444
1676
115
738
584
1143
116
872
1228
802
1243
117
1535
683
118
119
1423
657
1272
1442
120
1257
1501
839
739
1145
1319
743
937
445
1318
686
1556
909
744
121
122
1652
1377
123
124
125
855
126
127
1439
554
807
629
128
538
1455
1083
1263
1607
1381
669
1308
1294
129
870
1115
949
130
1369
753
131
985
132
1653
650
1666
133
134
1477
1620
135
136
137
716
1022
446
447
742
757
138
1521
1633
139
140
1352
859
141
847
1256
1634
610
1553
1582
1075
1148
1276
142
658
143
448
449
1420
1512
1588
450
1184
1275
635
144
451
707
1487
1267
145
146
1348
1080
613
452
1544
453
1617
147
624
148
1513
1100
758
1293
1057
149
1433
1088
1044
1610
150
995
1616
151
1574
975
1347
1337
152
1278
1578
803
454
811
1638
153
154
155
911
1619
1096
1416
679
1289
1251
1292
1114
156
1595
1254
157
1018
158
1112
837
1444
1279
1273
159
691
160
1235
1677
1466
161
162
1463
1246
1140
917
1239
1392
1678
1624
1627
163
1643
609
614
871
741
1402
1095
655
164
619
611
1502
997
1016
1003
1646
671
1084
1190
774
165
1552
1401
1485
166
167
1623
1551
1242
1427
1004
1053
1127
168
169
1079
1008
729
1282
170
1295
1606
1118
1431
1330
734
618
1581
760
775
1565
171
1211
1160
172
1320
1548
173
1600
1498
1139
1507
571
455
1388
1560
174
175
710
456
625
1592
764
1504
176
607
606
1517
177
582
178
1170
641
547
1040
640
1055
1663
179
1015
1546
180
1204
555
181
708
182
457
642
893
682
183
1077
630
184
709
1659
185
1230
1261
608
186
458
885
1287
1430
187
459
954
1202
1378
572
770
1396
969
852
1410
878
863
1050
188
189
1205
967
1147
1229
1452
677
190
581
460
916
1482
1169
626
706
191
591
1598
664
1146
1163
662
461
1371
192
1062
923
825
193
1380
1449
194
601
1644
1002
1571
1570
1231
195
1496
604
712
1391
585
1161
196
782
197
1344
1179
1206
1375
198
622
894
199
666
594
1094
1216
765
200
1167
201
908
899
746
1387
763
599
1630
1589
1274
673
1654
202
914
980
1467
203
1101
462
970
1667
204
205
1011
206
1069
1409
207
208
1394
903
1339
1516
209
1162
941
856
912
463
210
1085
1086
211
1165
849
212
692
213
1389
931
1336
214
1636
962
1641
1199
1471
796
831
215
684
759
464
1092
756
1527
1326
1561
465
1576
639
1323
1526
1385
466
745
1356
1105
602
703
467
1172
216
1490
795
573
1465
1360
217
678
1215
218
660
991
1657
468
469
705
767
1500
806
631
1269
1244
644
1518
470
1531
219
220
471
221
740
1460
222
769
223
648
472
224
1562
1640
473
879
225
1241
226
1575
1436
1536
1355
474
227
890
1540
228
1418
1473
832
786
229
230
231
232
475
693
792
1144
1522
233
787
476
234
1563
1532
1528
235
790
907
236
730
237
1353
992
1626
238
239
827
689
727
1153
1000
240
1071
241
242
736
1186
1411
1679
1110
886
593
243
728
1428
1456
244
779
822
1123
842
1635
713
829
651
771
245
951
685
801
704
246
990
1647
1067
661
901
247
1332
809
1149
722
477
248
828
1124
732
1376
1682
249
972
250
251
1333
252
1087
784
943
253
254
1425
478
479
255
1026
256
998
1390
1120
1426
680
1492
687
1268
257
480
481
1042
258
259
1133
260
261
877
1342
1135
1658
819
1091
262
1150
945
1557
1078
1103
1508
263
882
1027
482
1599
1484
1554
1470
688
958
950
1586
264
1539
665
781
265
983
1458
266
267
268
785
483
1613
269
1222
723
270
271
1469
272
1119
273
1331
274
1580
484
1591
275
276
1359
277
974
1680
278
1121
989
942
1232
904
816
1106
1183
1033
279
280
946
964
1572
1648
1111
485
961
1158
281
1131
820
1363
1030
282
1464
486
1329
1453
891
487
725
283
1489
1020
1014
284
836
1383
876
285
1009
1290
488
1006
1414
489
490
286
1537
929
287
288
289
290
1126
491
291
857
681
897
1223
1327
1661
1185
762
492
292
1317
874
293
294
1046
295
643
1351
1302
296
934
1219
297
1137
944
953
298
299
858
300
1450
1397
301
302
1233
830
493
851
494
303
1338
1296
590
495
1601
579
304
1192
1322
623
1155
496
805
615
1142
1555
1245
1474
1612
497
588
305
1208
306
498
499
1187
307
1494
1240
308
1039
309
1082
750
1283
1028
597
1312
1099
595
940
1424
927
815
310
1509
500
1315
311
900
834
1567
1238
312
1012
1631
313
314
702
928
1266
880
501
315
1214
800
316
317
976
318
1171
1108
319
1191
1343
592
502
1481
1129
905
503
320
321
322
817
1132
323
504
766
1386
1604
324
1374
1226
325
326
327
328
1597
1441
329
330
1618
331
586
778
332
823
808
333
675
948
1041
334
335
336
659
898
337
906
864
1440
938
587
1164
1064
338
921
505
339
1066
340
1655
720
1404
341
342
343
561
605
344
925
345
346
933
617
1152
347
348
349
506
350
351
507
352
697
1505
353
354
1642
761
355
1341
508
356
1107
357
869
1213
1260
358
359
986
1258
360
918
509
361
362
570
510
1432
363
511
1054
1446
364
365
366
1070
367
368
1072
1669
988
1475
369
645
656
370
371
372
373
913
374
1625
646
375
956
376
1523
377
512
378
862
1154
1305
379
1310
1316
513
773
1593
380
576
1311
1649
1429
381
1472
1284
514
621
382
383
384
385
1001
711
1558
1400
843
386
1462
721
726
387
824
388
1122
389
1609
1116
515
1005
1515
1200
577
818
1483
1403
1019
654
1300
826
1493
1288
390
391
649
392
1021
1271
1270
1421
1435
1632
670
1037
776
393
838
1166
1506
516
394
783
810
395
396
814
1277
397
398
563
1076
531
896
551
549
566
525
1304
529
636
564
539
546
553
848
638
522
1382
536
1104
1218
994
534
517
959
731
567
399
520
612
1370
751
544
540
1035
528
541
1602
735
400
1201
523
777
715
1603
580
1324
542
1301
804
755
1486
560
1138
401
530
565
568
524
526
813
537
533
1533
1047
835
883
552
548
557
545
788
518
575
562
527
532
519
556
521
535
633
