901
1590
1486
666
144
1390
532
667
1487
227
1314
67
1488
838
1489
107
1490
902
1391
988
760
1591
145
1592
903
989
1315
1491
668
1179
1180
174
1492
1593
1392
445
1181
990
669
670
1493
446
175
447
1182
904
1316
839
1594
606
905
448
533
372
449
991
1259
671
1183
1184
1393
1494
228
278
450
1260
992
146
229
1080
373
1185
906
534
761
1186
907
1595
1317
908
1495
1496
607
1081
608
909
672
230
1596
374
1187
1082
1318
910
535
1188
1597
147
279
762
1598
451
231
840
911
673
1319
1394
993
763
1599
452
1497
841
994
1498
375
1395
44
1189
176
995
1600
280
1499
1261
45
320
1396
912
199
764
453
536
281
321
1500
46
1190
674
1397
1262
913
675
996
765
376
1083
537
1601
766
538
1501
676
677
68
678
1502
1320
1084
997
1398
177
914
47
322
1191
1602
842
1192
843
767
915
69
282
998
916
70
1603
999
454
1604
1503
71
1000
1605
1085
72
377
1001
679
1002
1606
680
1321
1607
1608
323
1086
1263
1504
1003
34
917
1193
1399
1505
768
1087
1609
108
1004
1322
378
455
379
1264
1400
1610
1088
148
1401
133
681
1506
380
48
1402
918
769
1611
1323
1612
919
1324
539
1507
381
456
73
1265
920
1089
921
1005
149
1194
1006
1325
150
1195
540
283
324
457
770
541
109
771
1613
844
458
682
110
284
1007
1326
772
542
845
382
1614
26
1615
846
111
459
1616
1196
1197
112
1403
773
1404
383
922
1327
460
1090
1508
543
923
1266
847
609
1328
1405
1091
544
232
924
1198
233
1092
1406
461
1407
1008
462
1329
610
325
384
1199
113
925
545
1408
774
1009
74
926
775
546
683
463
75
776
1093
1010
326
464
1330
327
1267
684
1200
21
777
465
685
466
134
778
1268
611
1331
385
178
686
1617
1094
328
1332
547
848
1409
849
1095
234
850
1410
467
285
135
1333
779
927
1509
1201
780
781
782
49
1510
1411
1096
151
1011
1412
468
1334
1335
612
1413
1414
928
179
200
1269
548
286
783
287
1012
1336
1618
549
1202
1270
1511
784
1013
1203
851
1512
1204
687
1513
1514
1097
386
1271
1272
688
1098
1515
1516
613
1273
152
1517
1205
1014
689
1337
1619
929
329
852
930
114
853
854
1099
931
1620
785
1274
1338
1518
387
614
1275
690
1415
1100
691
288
388
1101
469
235
1102
1276
855
1206
1103
1104
1519
1207
550
1015
1277
1339
786
330
1105
1016
389
470
471
1520
115
390
1340
692
1416
932
933
1017
1018
1208
1209
289
391
551
934
693
1106
787
1107
694
76
1521
1019
1417
1210
1020
201
1418
935
788
1621
22
615
290
1108
552
695
1211
553
1341
291
1622
554
789
1021
1522
472
1342
1419
27
1343
1420
790
616
1109
1421
617
791
236
1212
555
1523
792
618
116
202
1623
1344
696
237
473
936
1022
474
1524
77
856
392
793
17
1422
1213
1278
1624
1345
331
1110
1214
475
937
938
1023
476
1346
477
238
857
78
1625
478
1626
180
153
1423
1627
292
939
393
619
1111
117
479
480
794
697
1628
1629
154
155
1347
795
556
698
1215
1630
332
1525
1526
1216
1112
1113
203
394
50
118
181
1279
1631
1527
293
1280
1281
481
482
395
699
1282
1348
333
483
1349
1217
334
119
1528
396
1632
484
485
182
1633
1218
796
1283
1024
204
1424
940
1025
1634
700
858
1635
486
1529
941
1425
1426
79
1284
1530
859
335
860
1636
797
51
336
861
1637
1219
1531
557
1285
1350
1286
1114
294
1532
1351
337
1115
80
1116
798
1533
1117
1287
81
558
52
1026
1638
1427
397
82
1428
1352
1118
701
1119
1353
1639
1640
1641
398
1642
399
295
942
620
1354
1220
487
183
239
338
1429
1027
862
1028
1643
400
1221
1120
702
156
1534
1355
1430
621
120
1644
1535
1356
1536
863
1029
1121
83
84
1030
1031
401
1288
28
1289
1431
1222
1432
1433
559
339
1537
799
703
1538
622
1223
943
623
1434
1539
488
1540
1435
1122
1290
184
340
1357
1541
185
864
624
121
296
1542
704
1436
122
240
341
1645
402
205
157
1291
297
35
1032
489
944
1646
625
1033
1543
490
1224
85
945
626
560
561
298
865
562
627
1225
403
206
628
1647
123
1226
1292
241
491
404
866
1293
1437
186
299
946
1227
1358
158
705
1359
947
629
1544
867
948
1034
242
706
1228
949
1123
1229
1438
630
243
187
563
631
1439
1124
300
707
342
207
1545
492
1125
950
493
188
1360
494
1035
800
801
405
1361
1440
708
244
1648
1126
1546
1547
1036
208
1441
245
709
1230
301
951
406
632
246
1442
1294
1231
1362
633
495
868
634
496
343
1232
1127
564
407
1037
86
869
870
497
1363
710
302
1649
1548
1233
635
1650
871
711
952
1443
498
1128
209
1038
1651
344
345
1129
499
953
1549
500
408
1364
872
1444
1652
565
1039
1040
954
873
501
409
1234
1235
410
955
712
411
502
303
1365
713
1236
714
1653
956
1654
1237
1445
503
802
210
566
715
504
1238
716
1550
1446
1551
567
1552
412
1239
1553
1366
53
413
1367
1240
304
505
189
1041
414
1447
717
247
1448
1241
305
636
1130
803
506
1131
1655
568
415
718
719
1449
874
416
1295
1042
569
1656
346
1554
124
159
136
417
637
1450
248
720
306
570
190
54
1555
1657
418
721
419
1368
722
1556
1557
1558
1369
160
347
875
1559
249
1560
1451
804
723
348
250
307
87
251
571
724
1132
1658
88
725
308
252
1561
1562
1563
253
726
876
161
727
89
1370
1133
1659
572
420
805
573
638
1134
1135
90
957
639
91
640
1296
1564
1660
1136
877
349
350
641
1565
1452
36
728
806
1137
642
1661
643
644
574
729
55
1043
645
646
730
211
1138
1662
878
507
879
421
1453
807
1139
647
575
162
808
1044
648
1371
1566
576
958
309
254
1454
137
1242
731
1045
577
649
1567
422
650
255
1046
92
1047
1372
1140
1568
578
1455
579
1373
256
809
810
1048
212
580
1141
257
258
959
1374
1142
1663
811
1243
351
1049
1050
1569
1244
1143
1375
29
960
1051
1144
1570
1456
1571
1457
581
961
1052
1572
213
1573
508
732
163
812
1458
582
93
423
733
94
1664
509
1245
651
310
214
1459
880
1145
962
1297
56
1574
259
1575
311
734
1376
260
963
1665
583
1146
1147
964
1148
881
882
1246
1298
1053
23
424
965
966
1576
1666
967
191
968
1149
352
1150
813
1377
1054
510
1460
353
1461
1462
883
215
652
138
1463
1151
653
354
814
1378
969
216
1152
1299
584
884
1577
261
511
192
1578
1055
654
193
95
815
1153
125
217
970
512
425
1247
1464
1667
971
816
426
817
1248
735
96
427
1056
262
585
1379
818
218
1057
736
263
1154
1058
972
355
428
737
513
1579
1380
973
264
1059
819
126
738
974
429
1249
1300
219
164
1465
220
356
1301
1466
357
1155
127
820
358
1156
1580
1381
1467
1668
514
194
430
1157
515
165
586
1302
166
1468
1382
431
975
587
1250
588
1060
1061
359
1158
1251
360
885
1581
1062
821
589
1669
655
1469
432
886
739
1582
1159
590
1160
1670
516
312
591
1063
1064
976
37
517
1252
740
265
592
977
97
1065
1066
518
1303
1470
221
313
1471
1161
887
167
195
266
593
888
1162
594
433
822
1383
1384
595
1385
1067
128
519
361
98
1583
1472
57
596
1671
889
314
741
315
823
890
520
656
978
1068
129
58
434
597
891
521
892
979
1473
980
267
981
1069
742
1070
362
743
893
657
1672
744
1386
316
982
894
139
435
658
824
598
99
1071
436
1163
59
14
16
268
437
60
363
522
523
1474
438
269
1673
825
168
1475
270
895
1072
100
826
1253
1304
827
101
1164
1165
317
745
524
746
659
222
1166
1476
828
1167
1073
1477
38
525
271
983
364
102
1254
1674
896
1478
272
599
365
366
318
103
747
748
749
1675
600
367
984
130
1676
140
223
439
985
1168
1305
39
1169
1479
601
602
1584
104
273
1170
1677
1585
440
1480
1306
196
526
141
319
660
274
1171
750
1586
1387
661
441
1481
527
751
61
829
275
1172
224
1678
897
368
1173
1679
1255
276
830
1482
1307
898
603
1308
831
1483
1309
752
225
604
442
1074
1310
1174
1587
1588
1680
662
1075
753
832
833
1076
1311
528
529
754
834
369
197
755
1175
1077
30
169
1256
15
899
62
63
170
7
1312
9
443
171
40
41
105
756
444
4
1388
18
1176
1257
1177
24
530
986
663
172
1
2
370
1389
664
64
42
1078
11
43
1681
665
65
1258
5
757
758
1682
226
1484
31
1313
900
835
1485
142
1178
10
13
173
131
6
8
836
32
19
1589
1079
837
987
106
33
132
66
759
605
277
198
12
20
371
143
3
25
531
