5.80889437717612
4.77213976388808
6.55589739632132
5.63530694764528
3.56511886687798
4.99206413813787
5.26538015863774
4.84771807224313
4.47542124541635
4.88826946431251
4.75667370183255
4.63240263411308
4.8326924951773
3.89139846658906
3.3989677848128
5.4529886797455
4.35913483585909
4.29385156762128
4.36492848619736
6.19476620203763
5.84665423875815
4.71936609307527
5.83653012625486
5.01081892117903
5.13149812896547
5.83519875265974
3.71697468002397
4.47912440387805
6.34602791056015
5.6459177360079
5.15238695691954
4.36297741294352
5.54839334590619
4.87522545116233
3.78031103661389
4.04394936068121
4.24911301909863
3.98858143780357
5.71355834758386
5.10703971889716
3.98857618156028
5.89799926529715
4.86805631149384
6.04624408711173
5.71317920122074
6.39870362642398
3.93524242211786
3.97420556458194
5.23129087747314
4.52105018065017
5.60955199079081
4.58247880845409
4.4849091158885
4.5624430274744
6.30810745009003
5.01544132759182
5.2856657169877
4.37632685947843
4.94207869217152
5.02890790847306
3.84343332446467
3.52461227614182
6.15959422676063
4.74798718182817
5.28987486080903
6.64739750323976
5.93772017439465
5.72305681871395
4.87125671856404
5.30596381735643
5.09091679999028
5.75386681233304
5.31702965220363
4.17949574880281
3.86856003282253
4.63530578298415
4.81775971687158
4.60200039292361
3.31316277332263
5.97902019157421
3.8749341145457
4.59310115224056
4.40365834755996
4.46940888629913
3.92925598669707
5.0133300335086
5.45519797089447
4.7054135966717
6.9702540937984
4.80537872945666
5.23107868511801
5.17493071417505
5.57603223518281
4.6965445897252
3.96312099448067
4.98686548365661
5.09091607140096
4.11478331083977
4.20225762365135
5.1165792794025
5.3607922972119
4.82791969728222
5.37963538681327
4.96680771421716
3.8796557856209
5.21253462323651
5.69863909948657
5.93335606195479
6.31842655561616
4.72388651823398
5.2343519021197
5.63437028922919
5.33425604154761
3.30024531247331
5.06507942066914
5.05319497202467
5.2768533461502
4.79356011823396
4.20466179370009
3.88148940241341
5.27793628888341
5.77541778077503
5.31515597568174
5.00499989408441
5.12355358362091
4.39419762374336
5.5092486462017
3.79157578649644
5.55829549652666
3.1816383287419
5.51250009067126
4.7714338987373
5.68224692654664
5.56173445791976
4.19414125308291
4.68876256162948
5.4387994819306
3.6712955233201
3.80182973051472
5.47623291413655
3.74123921543441
5.02911419480432
5.97850732524463
5.62647072534351
3.40134678765226
4.56038062662871
4.29961119142545
5.63138477547729
5.05082812329273
6.02092276709028
5.55606058775209
5.1155213101398
6.01863164876203
4.14411125620661
4.88832170606382
4.36703485926128
4.77394954946523
5.11716792036834
5.06325126415481
4.74318075620043
5.19273548732457
4.36744087334459
4.51588269332934
4.26626325343483
3.77786391850257
4.68375437890773
5.57238739751785
3.63289350280811
4.0293270626719
3.62779619792945
5.33702418388187
5.68183185894266
4.46765699121066
3.68846591685851
4.35609191253855
3.46186629635431
5.18278021978422
5.13393661861466
5.29045913816154
4.22821304535642
3.97235601289853
6.67067145352274
5.37103760955153
4.6278312747269
4.53610352741171
4.69530766356244
5.16770042937307
5.05360133603423
4.63735385301545
6.34245052796947
4.27780427624902
4.32572752299077
4.30141297817084
5.82752167513831
4.90469611431318
4.73307442367609
4.7375759885761
4.54596262061414
4.82375126422093
4.51478308245427
5.054817561767
5.53164447422353
4.75784036148884
4.2998854068742
4.48368345268221
5.2440483700387
5.30231609307831
4.26108331431838
4.92373451382481
4.49172492905226
4.45259890142481
5.05687691788832
4.97813178607012
5.03019583716387
3.82881969513233
5.86897585653671
4.47749160341711
5.38608853098207
4.09935097446917
4.45261337578817
4.51366109634825
6.09624903719152
4.1234563735397
4.04688879452693
3.94627415552548
5.13777221424476
5.98405374893259
4.37468060392483
4.88244622638186
4.52296519076126
4.66663522404359
5.58261850250443
6.35305395357103
4.9889208610284
6.38460013753541
5.40601965942368
5.43233445825743
3.90684770360223
4.64895262674713
5.14547040923992
6.07667638112911
5.46121522209516
4.35945524970334
5.41251400866085
4.70120782279296
5.13849550564462
5.02608047445591
3.85644736225316
3.39697451642696
4.15134805853987
5.11819859009536
5.4365645403456
4.86217097483299
5.0943575475926
3.75379475596725
5.20149971854962
4.38881862500294
5.03743099118103
5.0736655589802
4.63567605610788
5.02330593321705
5.72936599656065
4.21809331008296
6.01333965041092
4.28587126037207
4.96997661338794
5.45900982838533
5.26921197699462
5.45313903551161
4.47309693617849
4.86055371852054
4.65563607919362
4.34438223693054
3.73906249557301
5.14031728940604
5.33430203050952
6.0900355223817
6.58569851408638
5.09775347904075
4.63376401419155
5.20283380477303
6.36059786005616
4.60557113768048
4.0530155609879
4.66807734332585
5.52173814295759
5.3005051894807
3.83402319725775
5.90080413153628
4.75355390650629
4.5158551573968
4.19353857862881
4.97655188916189
5.47130580831386
4.40713359271479
5.31919770895269
5.52378068067389
4.38865575129858
4.9331649568908
5.99491338611346
5.40456139530383
4.47520734530115
3.99335341084155
2.99455348568562
3.96527856799619
4.25149693230547
4.3749773528434
5.0272577515882
6.36396671028717
4.96125643752691
4.59979720067041
5.35409332170141
3.46131025917087
4.6332275146323
4.68477204645967
5.41038692384666
4.97292887566573
4.67486666019683
5.26774677615069
4.21206890707898
4.89414171305937
4.5608845126237
5.22656697267289
4.65919329496861
3.83236107311109
5.34788683811551
3.84199149227563
6.3405462574343
5.62912237731849
4.75180693066265
5.81057165334188
4.33144021172735
4.76111643956904
4.00856772627956
6.28449026927453
5.21669763855331
4.71540285085129
4.53171602241236
4.52176718128373
6.09512692945486
4.69943801086404
5.3749870826365
4.67613215846389
4.28202187136408
5.41637887554055
5.47038976394125
4.37473661080168
5.28881560801466
5.89499414832257
4.40248010764246
5.32026858638619
5.54621729462147
4.89459382284511
6.47298476351916
3.91344027673682
3.83967036406138
3.35479549316682
3.8976002090635
5.05318000209124
5.71164673097282
5.18153477519127
4.75742989423532
4.73271650175975
4.93143539693266
4.56098830653115
4.01422021374248
4.89325676734994
4.54370291115411
4.72881245304557
5.44649600587108
4.5166646004735
4.47725104790474
6.50307872625064
3.12153283552219
4.4827736381183
4.46607984541946
4.8864323069815
4.54763106903059
4.4186700714471
4.00316934887999
4.81670034264623
4.45736298946805
4.39735873977994
4.65888653461757
3.92854939008211
5.45123673191672
5.04606368772051
4.60733466952792
4.65179781281744
4.44778355978069
5.75323087270357
5.5303278873029
5.50281468814422
5.68259100018367
5.74951745659161
5.70619045145392
4.84747215253376
5.31704279913629
5.11384528421841
5.75405910598941
5.11460231111743
4.72633437201277
5.14263176740545
4.80895545306278
4.04760631856499
3.92196871367074
3.99852848345351
3.84599975286739
4.40854028932948
5.39638422295618
6.14524903995299
4.84970628927344
4.3825704516036
5.54740612565399
5.13569897109583
4.18284514644939
4.38500450077813
4.21817618159895
5.36710937515042
4.2656568098461
5.57632030857926
5.39455899985223
3.9868279476258
4.3977921823884
4.45063096193279
5.74727683105804
4.73246024028917
7.1613924311772
4.48355493920528
4.79915993793492
5.2239914009983
5.78760184546032
4.88973431590586
4.32150846857041
5.16783973664549
4.25812379208334
5.29088079905853
5.69733189763129
4.79378446900301
5.38189153661224
5.59588912905384
5.63416733062342
4.13842358045811
4.56717436249882
3.62583566438981
4.01174178889102
4.60450231013301
5.36180850544836
4.67395366767424
6.12469684259896
5.55033368114524
5.11644046828517
5.17598092741493
5.02949667785122
4.62754296879
4.56463129461278
5.47995938482295
4.47956002613843
5.01931161714006
4.88570357529587
3.35548827873675
4.9360204107744
5.69947689950867
4.0743299361807
4.08518011321041
4.25351623888729
4.70015596499992
3.35578824315022
6.25610161682118
4.37348389666428
5.33623914702056
4.94372895833266
3.63682906537052
5.69852346753515
4.57666220154054
5.16046615774622
6.16496469564722
4.0109602488936
3.60741102787717
4.97874733632222
4.6798551014973
5.33747302470964
4.34910296804714
4.04840291516277
3.91466778696482
4.11793761466672
5.05726051237456
4.71854975702934
6.03439792736694
4.79992074172737
5.45126169452998
5.90496930863266
3.74251193567325
3.50341783355252
6.14737376472235
4.43958892703646
4.13345694704821
3.29357342908685
4.73202296383985
4.66590437977487
4.96803397022023
4.21516715550052
4.74688561221261
4.48479104229299
5.02332733700083
4.0937120281074
4.73738699514128
4.90825346689109
5.66098712400598
5.56725584790998
5.45999512496651
5.24911527112763
4.89595984205336
5.35442253597435
4.29740317542552
5.36487712235544
4.48687724003339
4.77236967026488
4.43553666212155
5.86891121037379
4.72914445888097
3.43294558116914
4.95456056024273
5.38224361281367
4.98571190432508
4.62971847694771
5.63209495335999
4.22034132550756
3.44454099327333
5.59178043699522
5.39419321459519
5.49703030008199
4.09213185583806
6.16668756766482
4.42152652470133
6.48493592329344
4.72635188866732
3.64371745692911
4.31332271901585
5.23570777177064
5.18903064912863
5.08254623394564
4.10231252268171
5.45286852926171
4.18902423085363
4.23221687625993
5.02949444393724
5.28698995105807
3.97755436033839
5.24201231094321
4.13106579197172
4.35495699077879
3.64206990079995
5.3754433604926
4.31427618546828
4.52232069792963
4.25212725039994
4.95659504848419
5.29806259713241
5.11402380250025
4.23563727041724
4.68120432591381
5.15633468354484
5.40330594189207
5.96448368175312
4.65022133726066
5.02942447680592
4.88201070479915
5.47617475109095
4.84566413606387
5.76712020238939
5.54516707670646
4.61307198087423
6.1491430549773
4.93514094068339
4.67247643536542
5.6793027995146
5.42647737843306
5.73430999269673
5.3306782846233
4.38103694685703
5.1121010191287
5.51936545046152
4.73699319553249
6.03465860633822
5.0238385355789
4.19821587082512
4.84499757430797
4.11080603204399
5.2937288843387
5.02659652874424
4.86278498406565
3.70885772162347
5.29993960585717
4.87259427054073
4.13359891932205
3.87954651200455
4.09277570380167
5.35484618019796
5.68158587806897
4.52492256105103
4.39828860897622
4.4667692211264
3.84234918187828
4.69315488557932
4.64504510202867
4.95930331068051
5.25696912502881
4.2730100496028
3.7948738974698
5.63973564344783
3.96102598764708
4.66474257462566
6.08325660489114
5.44120426969976
6.12966862477137
5.0147506874889
5.35566841944568
6.37368498543475
5.67767025129675
6.21425857781435
5.55471189209058
5.15821151062447
5.03493597294021
4.29727650304076
5.66562498081516
6.04729150560628
4.07988044997702
4.86732924143169
5.03372745052255
4.9032396550864
3.66858931198108
4.28908073445624
5.86638306741635
4.53142985438174
3.9120428118524
3.45627445742606
4.74597519312386
4.89067324934399
4.40402246747761
3.93360782796429
5.98024311772644
4.37807354549741
6.20694830845833
4.2207234056536
3.89946334815047
5.04518012167403
4.7561828120307
5.5222900699113
4.94023459652305
5.1669406344242
5.99395919772505
5.07765470562425
5.58891121104014
5.15816333548517
4.97331370098941
6.30300929215463
4.38961063289983
4.61694831197028
4.98227068783146
4.77322752617845
5.45589241221751
4.94511675504746
4.97144394130903
5.06402082592861
5.37400755643737
3.77779085223787
5.3715917389314
6.55448315034029
5.02458799033845
5.93146063689504
4.44046855108224
4.12947725571103
4.60457998422672
5.82576857897978
5.84397488109471
4.16097188993684
5.09153350895809
4.74132775527164
6.16261239731569
4.18050183497986
4.64487078966815
5.3934485701198
5.24135227062002
4.75595286515325
5.18501169418327
5.12506364537876
4.60811729577844
4.28882293472307
3.89450426678806
3.72690595923068
4.77096708965245
5.05317617098991
4.79180769306946
5.06790045039848
4.48914087506834
5.11137135705397
4.17751625418942
4.76294333962764
4.60679110555666
5.04981322327568
3.37165311009962
4.39968407716595
4.58774138421644
3.77600623744407
3.80863640783575
5.54550023486901
4.58888171118288
4.9318355282308
5.39404353690559
3.86280937877211
5.44007551052327
4.35221295617111
4.65373102590135
5.68632036735428
5.2720872225581
4.80553347983955
4.54790045332759
5.18719518127995
4.8923698984621
5.27648104080694
4.08567763962033
4.72544347581235
5.02438210445261
5.30253475272097
5.53763270787985
5.61898775926234
4.8934013879275
4.88637170074968
3.72348881020244
3.95932241210129
4.19529506696049
6.06327509839991
4.32468648784417
4.8971968511221
5.02995189329075
5.52156791687762
4.72700074165878
3.93136179555987
5.19483810616413
5.80505038485238
4.74938501711028
4.55788410319971
4.32874096242429
5.84258078353083
4.22278465803961
4.29906655677528
5.09853121440747
4.97291022336264
4.90490327689677
4.15053914271406
5.29165252035766
4.12502948562711
5.1330664886444
5.21159538182804
4.26926243134951
3.30922729312487
5.61484257052327
5.56871189852984
4.89923929352852
5.34181554924296
6.4540342696563
4.302890178564
4.22423346405148
3.01989241190632
4.46105592300363
5.59424839647516
3.24622173914825
3.59897632843079
5.16062580036774
4.04122994334244
4.27163054684479
5.86069701682081
4.36310272731334
4.26489911662386
5.10217300214045
5.27532167552493
3.55607978677056
6.05497286660225
5.57247669890729
5.31875196616491
3.92211402978314
3.89445283481978
5.12369770066555
5.15698174948926
4.84124204486946
4.29790188404291
5.9765285939374
5.45009543266019
3.64330915735742
3.72707324593344
5.41120415103316
4.05334689048755
6.31716530691306
4.69048542303203
5.90102633049105
4.71961136942776
6.94182183193582
4.73837004800632
5.46775463482647
4.40944128779535
5.39422371176211
5.82214661213126
5.77677207335435
4.98447128021132
3.84585787470692
4.69829653406751
3.32854351219397
4.99156084005211
5.24703626722827
5.29304154074649
4.10619726731685
3.73431266573865
4.29916774229741
6.01879726351851
4.69052378366566
4.8903228071581
4.05230301282894
3.9327069837012
4.98349034826062
4.65572859940368
5.59021243374363
4.91322732920934
4.88271176141849
5.0516926122541
5.3603510008289
5.49978556011797
5.01240354290524
4.49776500968176
4.8863083673347
3.82207907433279
4.91576686703645
3.86525227017177
4.72107271705801
5.28904055296864
3.45394099271369
4.67822908613039
4.57382549799113
5.65715759145929
4.48764711203298
4.52373826712987
4.26396313928309
4.2780731637427
5.19254451153217
5.41866355895195
5.81029510091897
5.45351869934115
4.82584551676468
4.49400802998715
5.22199674780634
5.36939330488145
5.27870578130811
4.15031660290934
5.10415043690264
4.91783860436599
4.16591794224615
4.35559359230811
4.32721997011428
6.32053636281773
5.46737419067172
5.99743490237372
5.03553669798814
4.79940555021359
4.7184520566617
4.94807269640403
4.8043999058791
5.65226071992487
5.34004066164657
4.49219030432636
4.86888984899971
3.90925096025791
5.36428406636178
4.75517640137141
4.43987033246262
4.86279961520232
5.40047015538587
4.03594599781872
5.45322153185502
4.64253719240701
5.97824875107349
4.92764886103569
5.75144600824804
4.02288667358232
4.98917164473871
5.33829800532534
3.61794676832525
3.91469809546018
4.58592425681565
5.02334646519498
4.86125556768308
5.20693409837752
5.85908612462155
4.82331117601778
5.89662692855002
4.85623794460848
5.3513508580776
4.71297733864667
4.1942591447988
4.02275383046593
4.22392392172894
4.47181551320072
3.7510572110937
4.8727318483853
4.36319670749727
4.26818209754521
5.09726194729603
5.72723703575452
3.72479449844269
3.52523401059126
4.41596886162392
4.86461159402657
4.83251530554718
3.49159401035347
4.49922882561817
5.36745887485669
5.52315442808557
4.72844608281979
4.86688358127792
5.76746086859136
4.53337912517633
4.68924547926221
5.01031159525121
4.39653522780131
4.22121521569313
5.97837738762438
4.41547434395619
5.00664212667852
5.28081390159249
4.84698472018154
4.91462154172341
5.42087298174829
4.96551516345894
4.69792381494872
4.22308808759106
4.93427933932347
3.71953706710185
5.51650637819388
4.65022567495378
4.45018781962742
3.81955465891247
4.53052900442084
4.6794864042014
3.90358559188595
5.48753053356592
4.191826459206
5.6169166278811
4.52985589145861
4.90372086489472
4.34236440104057
5.47614735252451
4.13869558994638
5.01204817624445
5.33173488277441
5.1753867308247
4.89671566139971
5.34510562934058
4.58152364113692
4.78257230007797
5.17045363072487
4.63884090381541
5.14878648552217
4.61013205191156
4.18737007339527
4.69415165692326
4.91592397129665
6.34358745229053
5.08951565540217
4.86280787127682
5.17696001192378
5.12075556683065
4.56860888046395
4.8426092033668
5.55035886740759
4.77975445089693
4.245208592037
4.700293793195
4.45816927842521
4.70001721351089
5.2393927988996
5.1714857203213
4.46151061018904
4.11568844469507
4.87070152507083
5.22513544650493
4.60254669297211
4.03462663832498
5.34650520581711
5.75137234628885
4.98330732988694
4.23580681796235
4.65316363054146
4.667892469623
4.25799834091621
4.76350724234731
3.8665050271445
4.74204787639952
4.45515885917232
4.38281539772245
3.84843183088056
5.17256774721932
4.79630443803501
5.48825826045156
5.34036675153985
3.49657839119239
5.08993228549154
5.3745943726822
4.00573150547566
4.95132822022205
5.22145475369274
4.64630378689711
5.65133855174635
3.9621545771635
3.01649216001533
4.9392964937949
5.45735954193936
4.33135838381588
5.62939026231289
5.26793625368364
4.81481112996827
5.398210743373
3.77431038258963
3.69503462297845
4.90798578323053
5.94127655812004
4.03337569877515
4.22063012746274
4.73661724018908
5.3423419169856
4.73356008310503
5.12021813961348
5.22892304523835
3.63722135639814
4.21388612394161
4.23760813639773
5.41407352645162
3.72953461229275
4.81809440627914
5.19843067133713
5.4672362098756
5.07116481393447
3.34741244075481
4.98695378543476
4.46459709977071
4.73153942839155
4.09839292003063
4.52045938135214
4.85052837405579
5.06099347387538
4.23221361771436
4.57442413840494
6.10402369555859
4.96867396936835
5.48336755048981
4.99752475778925
5.38349947981689
5.92037409261804
3.5702733799473
4.19312684117158
5.52980539113471
5.66115335485288
4.25275703125379
5.43650800661561
4.14442355707699
5.92786272028017
5.81467721795487
4.30148506939783
5.39495322171163
3.64961648239644
5.64888044864481
4.78102169236883
5.70354998868497
5.11573499855141
4.44440084503868
4.28094350634648
4.5795066804922
5.26840043179199
4.08080784392724
4.41663364920603
5.31680991822568
4.38586090964524
4.13887312261579
4.91910299829886
4.10303773630806
3.89752063118921
3.98534858782456
5.80031005805815
5.40774706768832
5.46359968897927
4.57965228650518
4.99267223221533
3.67557522349987
5.4909164521229
4.77694246138389
3.60440235280572
4.73330418555627
6.59682534576757
6.54989215677721
5.50354625362852
5.03016892030043
4.13116679060424
4.39778905199085
4.63911843564107
5.3640163533249
5.28893166777439
5.10286340626051
4.28208444749719
6.39272867949152
4.03181170760315
5.39210326190921
4.96045575570845
4.95074302616713
4.62997092981472
5.18310144012639
6.23563308213726
5.36762071766665
4.46896023019255
5.88342832836327
4.72849279874556
5.1959784522549
4.46005138503978
4.9765790939707
4.71937778919203
6.63575307888816
5.305285633012
5.87413690846608
4.67486343313796
4.48685798577218
5.2064293568984
4.07670885946129
3.92929029307149
4.07817135795159
4.85425601414449
5.24960388732182
4.2933526204522
3.86767895770207
4.05191844347699
5.63632572805486
4.95444544699097
4.52663450958361
5.70501578982705
4.57861393329804
4.99446459563778
4.48374848337408
5.93195940976516
5.20699117183003
3.80147862661287
5.0294264389041
4.9729700865114
5.07169366154156
3.95468684136471
5.12983247920858
4.80878805068166
5.02315170319502
4.91309002168463
5.16530181065328
4.60583390272456
4.70742806656771
5.50186616647154
4.69800783561611
5.69944931308384
4.54440085557755
5.12268600334572
4.35207637420803
4.43876541433938
4.88462246771164
5.17676184232624
6.14525368368965
5.50107350177815
4.69482718222508
4.27336171011954
5.10887680210222
4.76260712138436
3.25020476812231
5.39258002912971
5.44126377338756
4.14462387939506
3.85276843537697
5.26083227007781
5.84012582792857
4.34150374196016
3.68502393593204
4.54876838113454
4.92467496888396
3.842205256889
4.96931218165556
3.91869777580305
4.03763911971116
4.90671188516216
4.55214915770997
5.60987197903667
5.03534015594215
4.84174531161309
5.69746046157966
4.02033754526448
5.49165610300608
4.49131498616217
5.34197056986403
6.32840848290479
5.22753483084279
4.40289855085287
4.22880782317065
3.77642648924657
4.93074063004805
3.81878220352049
5.37852396242801
5.64667893807194
5.27212791118763
4.50573622081806
4.521155503327
5.51218120934482
6.45046215916375
4.59794039422805
3.94420332857818
4.28210622666199
4.55179007420001
5.67987970500338
5.60037771313189
4.9341045282716
5.09000673447076
4.00316853285745
4.73185990769727
4.28877323188933
4.58393864444365
5.26301084612953
6.07552766862448
3.63985722682661
5.58309659951982
4.34702211934796
4.08822425209638
5.17776434742439
5.16443232634456
5.43354251277247
4.83499524995896
4.289116295644
5.62210174729758
4.44555855022904
4.98804566878785
4.62789412379251
5.16767483238862
3.64411892531366
5.85549575536378
5.36577218076962
4.52139871526187
4.33630455307687
6.19714271725433
3.56130984580589
4.97998049983418
5.53345063409146
5.46736150297542
5.71312611756091
4.48881736923416
3.74863520296631
4.68829066180474
5.08995095062098
5.05603204429559
6.03552695794248
4.58099553770832
5.65632145624869
5.9160446854732
4.30808498642385
4.5080588568126
3.74225036620961
4.57902635892025
5.05237235037055
3.91346998203587
4.98967290620461
3.07356212688678
5.51680561677947
5.29462329540622
4.06389638063228
4.09561796093615
5.60561174134006
4.31309598146658
4.03710734433602
5.27315748639734
4.48454699021346
3.6705750478614
6.01656538865786
4.51740521469118
4.92962944296964
3.44605528731603
3.9478663210949
5.58747288460501
4.60901882725473
5.00158333251848
4.6529260540866
3.67934552469795
4.71610373890827
4.95413621920979
6.09823810158199
5.55282120902583
3.8341294162334
5.63828792821778
4.75528409338559
3.17822392118289
5.63009750381018
4.69287452783987
4.65726018717606
4.31140693555435
5.21864739698943
5.87932035801221
4.35570679224829
5.27423803974284
4.3155079281741
4.47774113414413
4.8960108353681
5.51553889321547
4.4517926895832
5.62866105396206
3.70681006235935
5.26193263270353
4.50763662432392
5.07812190774625
3.66793516018594
4.94450586316821
5.61088628093072
4.94294647629337
5.82135307239081
5.05500450549509
4.93558296387565
5.24571538129804
4.39926300823486
5.074685948764
5.04800094399164
4.98018943572617
4.92409147134062
5.00738458285179
6.18732244872504
5.22725886527211
5.53143704467428
4.79767379552608
4.96610003636729
4.13932235725999
3.66574728676557
4.66648294689276
4.46616026471425
5.43194150845671
5.76975087994416
5.7840282180385
4.99520608837622
5.09276885716648
4.94475313897526
4.84697141736169
4.63687745710917
4.55948470612524
5.48354461079631
3.2976254745248
4.719983052884
3.39253314730999
4.19123976198926
3.62512348587216
3.52072976729072
4.95812285654143
4.2659596816537
4.93487816306096
4.77671548498266
5.49217921693786
4.50211033577029
4.10769306294037
4.97067671252387
4.8799013915073
6.56226120425917
4.54202992481725
4.37373219869758
6.84891727595875
5.39279674310414
5.58740394746079
4.12190934719618
4.30813687310869
4.5345102495676
4.52997892767248
4.69863859447736
6.13360298681142
3.86261325027327
3.8010846245482
3.86168713184514
4.61648876302751
6.21118957544879
4.83162402230186
3.83287514553104
4.86159439176966
5.03159025451494
5.18866479478601
5.07964761618946
4.4523260366011
4.6334554670744
4.61510614896828
5.07460961892722
4.04864698226758
5.54033786539988
6.02488851489509
4.17155266333025
4.83062876874168
3.84814819834467
4.72827729546715
5.33961359778454
4.6265311011411
5.48307458063648
3.33449408796623
4.70661417455412
4.85705640534017
4.88772132586285
4.80467614310597
5.53740471492963
5.17109874907654
4.37679692523773
6.23867038312942
4.46636010485254
5.79382170635535
5.17797389552837
4.57462234675205
5.29370953257696
4.51068011162152
5.44435944001312
5.12293311582034
5.267258454294
5.25471364208068
4.69239578356115
5.62148065994263
5.02019485408615
4.93848165503517
4.43841307739561
3.91002408690387
5.1303460075951
4.85570668402595
5.72307069735265
5.28003360782812
3.97552574691787
4.11223963273642
4.55995765317961
6.53892087894855
4.34569598063104
4.35664679570472
4.84422476931454
4.15856586561455
4.96980843806666
4.25528844277631
4.0921927311423
4.46484410737461
5.54618893467869
4.89945585016997
4.18487688644769
4.74311279189779
4.87267652225098
3.85307353541514
5.67347602468471
4.23056575449344
4.30137437234504
5.49572503707366
5.52770019669125
5.20733309542061
5.53232900986003
4.96083682191607
3.70849063986781
4.48055866391118
4.91908559489134
5.53020444656134
3.44637082997017
4.16701359838414
4.40989902302756
4.65509697084064
5.24965611320018
5.36468263812359
4.27039163995824
4.62982673739457
5.61893816658781
5.28849894587141
4.50933149900061
4.5163477243688
4.44361381978686
5.26766215127717
5.42762504087589
4.51133538867003
4.15338039707129
4.17562327524637
3.3548209895703
5.88647222753766
4.1238331065424
3.88316518184764
6.33361082917234
4.80448501038237
5.44057685758575
5.73922140942609
4.60826635057833
5.1674267926173
4.24456972359648
4.96106516515004
4.97293230480844
4.0686662059419
3.75568760886623
5.74158285073175
4.20747282936196
4.90073220848272
5.00364586894744
4.30793989669889
4.82538431377352
6.57793959094939
4.57110942971469
4.5828910040268
4.27866731027926
4.80164039733246
3.83243413198762
5.19251947537773
5.17554482349926
4.86744860851743
5.24652705880645
4.11344616737606
5.38952130096293
5.6140990100193
5.00137213652086
5.01107580895039
5.12014214891904
3.91186004994361
5.481786405752
5.13827826083404
6.05201243203614
5.40082423134233
5.28611616706729
6.2416702733249
5.30712475752947
4.48650617272955
4.83170247006738
5.0260034725547
5.26724926546016
4.74615517849088
4.98201724438191
4.71275955741517
4.9766555914802
4.78632897105307
4.25794962900132
4.3279239049243
5.65718535766017
5.23534404558033
5.11485009853369
4.59098210621052
4.90067481190911
4.92553606680409
5.01158991303104
5.52867140381894
5.20158115246972
4.21027226034948
4.60143980518544
3.8807880125083
5.48698244214752
5.90143520626615
3.63246244817054
5.24532390369785
4.63347611578846
5.0884747359033
5.44575170117911
4.19846504319685
6.82640038704515
5.4226995007983
6.02004759790269
4.64795238642728
6.24128134617644
4.7542761937617
4.69162953957963
5.11117703062176
3.85579893670178
5.34712564371175
5.19675839971906
5.97771210654191
5.05421739737599
4.89221375351129
4.69045031588713
6.30220768388326
4.85473625194082
4.73128407039076
4.41433425671244
4.86614028948852
4.76585871089278
5.05301204423949
4.81345663531711
3.70251982692108
4.59796225485402
4.71151743676165
4.18985153549284
5.47184267005102
6.02463516837688
4.36193658155564
3.58234553314778
4.71254173657107
4.66196319703742
4.04090993388288
5.16640838115045
5.59957578706279
5.65839183171047
5.14676233309647
5.58171344493969
5.43723954555362
5.63495631607198
4.22982296407148
6.01984960050897
5.52567626467175
4.95182559390183
5.23542717523706
4.14367953665397
4.8629948486373
3.95579025588859
5.03771519269834
4.23777115768661
5.11578005289085
4.31561166080975
5.85234365193177
4.68392411651272
5.40595103223038
5.09434657154476
6.23918031263152
4.45738861317289
4.61262846752292
6.2066342437985
4.3817230932097
5.33704568036879
4.61364841490747
5.2230916934476
4.05918940821085
4.19123713172173
5.66501210568968
4.86571762961394
5.72336892268738
4.98794124549218
5.54243088036878
4.49008840190099
4.05036237745735
5.36161313193976
4.79861836804456
3.35993406538605
4.95273351206199
3.97255918631256
4.77210065351762
6.39017804874212
4.71506431597745
5.98737380562821
4.92948338825627
5.08454473497485
5.1349459376894
4.11628934279464
4.93886924082691
3.8118241508442
6.55801910257879
4.10079566446457
5.44866805461472
4.21138631127812
6.37917559786556
5.54974397539445
5.15475250251464
6.15428462493821
5.18589473127417
4.37028120763973
4.98424312690376
4.45374149932996
5.01292449720359
5.22323237429382
5.47939138372191
5.19578575353695
5.40420821442918
5.49424701562263
4.46133730960376
5.0169506428169
4.99878102175928
5.93177262388192
4.08517034286803
3.55461163155437
4.70319682442967
4.42654832297952
3.96802670966715
5.03910296860028
5.06159189369527
6.27976774572921
5.88055843729322
4.49898693754852
5.99299004766601
3.38391935938962
5.23505683791184
5.69298780739469
5.56103453269566
5.44736239481818
5.67682000761777
4.09894143117938
4.17810393736975
4.50315256700855
4.83381965214015
4.75980636468129
3.35338952414768
4.25053340532812
4.87015908201446
3.68012454341577
3.87773860074769
3.8367055715277
4.01786638025422
4.51560112538286
4.39345964340174
5.101817917448
5.11204528194295
5.00912268149496
4.47704857275096
5.03031969921078
4.26949343816944
5.3591165539447
3.4763173256345
4.39759354062425
5.52269899005899
6.64760085322516
4.23928553053934
3.92332783677125
4.90324455468885
6.10972262495793
5.25096387415004
4.00246816022751
4.36041624406101
4.32778584433669
5.98539233457899
5.17982708655291
4.33393843798151
4.51026809548643
4.43217533745145
5.65566837458288
5.82830611065427
6.04591952454818
4.70267700190071
5.69834440269488
5.86539976414154
5.25255295331033
4.8286423394824
4.14520360527492
5.86163684009495
5.81416137799192
5.83135863930744
5.3439035733811
4.46536428998742
5.54020642116022
4.87796988908514
4.50297437425458
5.26655516219663
3.95159241483833
4.50259378790353
5.54202516254715
3.19988474085243
3.41148195688201
4.85318481840678
4.0733522575205
4.81826849061003
4.69405831293676
5.7557938051795
6.2912626847532
5.1640470613499
4.63374437831395
3.82952490915943
4.73369459684515
3.67286557026069
4.42121346121425
4.87642696038211
5.7712152022764
5.15957244712369
3.3975176092253
2.88723072745017
4.24855665763907
4.8177665935318
4.53110668752772
3.81550014092619
3.74363670350478
5.37106950160924
3.81229460202455
4.3633712970984
5.38435545440353
4.55717982677367
5.2289324861856
6.38576246122919
4.67228751713332
4.51545096919446
4.84847080463523
4.75665137560549
4.2671957475543
5.11215841752501
5.33041950714266
4.97378155039521
5.2670492634964
4.29575231378542
6.37270615954157
4.79071918632063
5.95585118370179
4.73036539049111
4.74036778353352
5.40174914034155
5.47635755846012
3.73325598034673
3.4514785036438
5.62298423302221
4.57945199952229
3.97492696897395
4.0916869171117
5.46319850403451
5.61622189313441
4.66255054678221
5.12042037801806
5.17374679815997
4.9199291667586
5.03829913484928
5.60248632765938
4.66251501625037
5.00158028415867
4.46910666471412
5.56154975134663
5.64173518860716
4.27811546242342
5.49840052024568
4.09772469889104
4.61729263426871
5.15266914828719
3.61039197229206
4.64611367900764
3.99254421198586
4.8999146438467
5.4909902077742
4.45668007593921
4.30370610380428
5.02783445255387
3.62757486302876
4.30598469976643
4.20531976934336
5.56827039155578
4.87614597968319
4.24251279065994
4.64033977330072
4.32118628428424
4.62146129061878
4.36089093240663
4.64092083452694
3.61224597191818
4.02045834817267
4.1322276005
6.11225785842758
4.16121216601463
4.90350223857999
4.78639490848082
4.44556172978445
4.35842673654492
5.10764710592171
4.71176823690281
4.28119550040018
4.62021303559908
3.57428374881158
4.63700280923805
4.40673922253931
5.07081072675532
5.16675899789674
5.41255177294424
5.5935352927421
5.0505780710141
4.47862293181202
4.94813690435121
4.45682570844152
5.4427056722008
5.89251036886567
4.46143362244533
4.63227085595201
5.11032121057664
3.9295703886269
5.03507079649329
4.58454136798102
5.00932387771743
4.06102355102578
4.97040644650793
4.96609361948864
5.25781222237023
6.32579754669762
4.62147135698167
3.3696666161609
3.63661115757528
4.36973019094233
4.89727916795824
4.87467896474849
4.88297158575711
4.80828155592032
5.84134695487397
4.74754353671424
4.64565623622271
3.07025246111278
5.94717364784143
4.78358417039038
4.61495967525954
4.01470012276264
4.98697182808227
6.06285032711483
5.91871536307306
5.42446792769707
4.79840729409476
4.86361791821901
4.97253956503189
4.6946059114237
4.45338455532687
4.57336089348207
4.77752148820695
4.79072755623857
4.54245915322483
3.88842961254365
4.92565629470412
5.65585174523035
3.93027413841745
5.18718306210257
6.34657336140862
5.21141220761754
5.47916583052133
4.69157653474238
3.6384972757395
4.32213904040539
4.98294040713146
5.18189842932388
4.60101394625992
3.95363757145072
4.30566000412478
4.76569493094149
4.54392914311787
5.77064813869374
3.71363804698502
4.98113459742753
5.75867112632186
5.91236382146135
3.85988825579072
4.84490798741502
4.77808858289868
5.1698444112451
4.66874919992319
3.70197073728595
4.86299942698391
4.36185065821681
5.0648608496691
4.44716344284983
5.34439480492377
5.53669019380844
4.98883948304416
5.07503119845382
4.56323391313689
3.87532612425497
4.46361173803041
4.03782066359491
4.87764112802551
3.19753900510865
3.12227420072983
4.0932126926417
4.38680755836878
5.52458046813745
4.44952566536305
5.45089945470317
4.83034767914146
4.28388966023498
4.35702227456846
5.76360351939293
4.80058682560286
4.155722542273
4.21405759128382
4.18413875061079
5.25919299361324
4.70203166788498
4.50250375213735
3.6525805756095
4.10051775403199
4.65790054844933
5.11915834792646
4.73603668597192
4.24510572378217
6.08310745559996
5.01162080429716
4.98261988839784
3.63586504128584
5.15992532307204
7.33187969965894
5.07812586241999
5.20026505269255
3.9588912077952
5.24342204611475
5.32010649615269
3.83743906526189
5.96705998232833
4.51373931238087
4.92119403457807
5.07494970736722
4.26240314295901
4.8647189071736
4.93088401367552
4.28784851810154
4.69387957538892
4.06695906892708
5.70251687270142
4.40563319647291
4.73195636728351
4.8364725241644
3.80251423261434
4.66570556095312
4.74955837950756
3.61622054266964
3.95155118368383
5.27922660605529
4.60534171111031
3.82658894073624
4.30174616525771
4.76579162661597
4.90355619701567
5.05976197553132
5.5518745324964
5.02778550502203
4.68116056169116
4.32332157001703
5.43608795495986
4.4159925497128
5.46458142127786
5.62901354569069
6.17942733899252
5.1321055294915
5.85813319361899
4.66026716145305
4.72106539905357
4.57324022996492
5.13226860508538
5.52308130435582
4.9151352329924
6.24813130785923
4.99617100708036
4.39999540348244
4.42466537344821
4.74346537297233
5.98905025386637
4.4525344298101
4.86529943981755
5.09318337916525
4.56041585619735
3.10525883923312
4.05050406331232
5.63863086946688
5.00934095512033
4.73111940248162
4.99496706653795
5.47962281125435
5.18473538181262
4.38784409606741
4.70413351774162
3.78685714085213
5.80885302148418
5.06456631021052
5.09308059072095
4.1062992932324
4.41327032378012
5.2818059009318
4.5409420723155
5.54366369496181
5.00675971959567
5.51730430315493
4.88322576824613
5.99736690741117
4.28167138307661
3.57814051022348
4.41574500377318
5.38970590994935
4.64659769472475
4.37687672042015
4.74367045701487
6.43086496217298
4.43892930220401
4.50708674123973
3.24077961833788
4.06179030355368
7.22522910648917
3.81964529247725
4.22496484213911
5.64161268483066
5.77039161547759
4.46097353066912
5.12877487718086
4.67726117133485
5.3432543752647
4.729158093201
5.19200391452087
4.69733911360071
3.59037801247716
4.17382384847676
4.65701131654197
4.6846038558455
4.52016857261362
4.47821315252203
5.24468505789846
5.58653591800292
4.09976445914707
4.43297520238779
5.50864078417265
5.15316544406
5.30840895069274
3.59574613942858
4.25856605991623
6.24823542721726
4.26910872744659
5.21739342677312
5.52331144034716
4.72426662908158
4.53304469732825
5.52130425952486
6.05719261893971
5.20487858345219
3.62368335335378
4.55049639476004
4.68246872618445
4.95922785229535
3.81874516981343
6.23973480074523
5.1566124125192
5.59869467317292
4.94291391379607
3.97080605491098
5.34664796749604
5.42038770073254
4.44888388871593
4.88082300755139
5.53877060310612
4.47836014495016
4.83977912366318
5.24752835469894
5.49613931770904
5.71566891822795
5.9061032494909
3.59997690908799
4.59727192534153
5.45985090478512
6.31003759103418
4.61468487727539
5.04345645118384
4.25344596350029
5.63537298477058
4.95337587243205
3.72960276608047
4.77930743337808
4.57863080365202
4.2663581271444
4.46886633598168
4.66685590803254
4.00005223306243
5.01867414068455
4.32128975524847
5.39525667951771
5.63393331955096
3.82540608743017
5.18342612411788
6.25323782962453
3.27890214738352
4.41761858640161
4.45050233497887
4.24039230856094
3.68849953257597
3.82617481331044
3.91394345644947
4.46295133732182
5.5702147549468
4.47077152441444
5.27586978946285
4.80696753946114
6.03879234350298
4.22240380197181
6.67625669255344
5.26208197929281
6.4181615118241
5.420786556597
5.12637553332108
4.29193668281747
5.11558837628716
5.09675844994204
5.69676911400045
3.03894840630893
6.15164088246587
4.35055255655753
5.0295842696454
4.71968777114503
4.6989432705738
3.39681750257492
4.75982945156745
6.34538408937339
3.79543321207578
4.84381540345264
4.46322198197296
3.99001268812357
5.16943210767942
5.18047580963044
4.89127464930388
5.49831459678795
4.12114886019197
5.65512594932797
4.33642898232071
5.41029991371271
4.29286973390658
3.60009420039772
5.29798936028252
4.0194498589772
4.93953646127435
5.043887630401
4.60502372966811
4.86036054488085
5.07144798723994
3.90607138343396
4.75455752356427
5.10515121952561
5.08000787933305
5.7881129902973
4.33920377800582
4.94863708789347
4.78578444459777
3.66602599031716
4.34365144953723
3.31667266017078
5.24663648129998
5.00674198856869
4.49991269942937
5.63468153397983
4.50812596013403
3.85984870023925
4.74833708773313
5.59427678324979
5.12925101178694
5.42811789915208
4.29392144730805
4.0083562616379
5.32702236165934
4.42102792661724
4.3653325318098
3.95227818274402
3.78855211575126
7.30259296906469
5.5018960512174
5.7486444241723
4.47265394716004
4.20835312200602
4.7945641274536
4.48424516639229
4.10976424057856
5.13950658669488
5.07378370753334
3.78872397936111
5.82443162537953
3.07916098879578
4.68006636255931
4.93828422291082
4.68729794370185
4.69077940337333
3.3477771333138
4.42335877846117
5.34809917466318
5.06253987508364
4.81400040175196
4.16086071438971
4.08200769688352
4.73491456017918
5.41708209284092
4.70906475362707
5.54077977674035
3.89031308464215
5.09473955632923
4.24405572522087
5.15714581215922
5.95445872407643
4.6754356250652
4.97306582308463
3.33431389520329
4.31060289612322
4.08882102027318
4.31934166668092
6.51033851152502
5.50240185627918
5.25087800038065
4.84740763256393
5.57306679192716
5.62656450091389
4.39359950432855
6.00278484490206
5.52701412500842
5.35664319800781
5.13326438490675
4.29828194171777
4.76903229181037
5.16708672615977
4.38015541615411
4.80673418826804
3.96562511997006
3.32782764678724
4.37397126161919
5.3151726578162
4.28567693087564
4.14553363926965
5.46620110588855
3.79014486072249
5.72440288949338
4.54571131193953
4.55855093973213
4.806130162764
5.30674917152333
4.11534504988806
4.10933750511042
4.13163385665371
5.40798386152873
4.62779585935894
5.13109545549218
4.89806832009131
5.59872396323087
4.19614964708779
4.49315283323095
4.9034601283001
4.4919362846296
5.1646307327962
4.81777258231636
4.89151623845646
6.28552601328302
4.87725838096719
5.75684697757442
4.43248006685454
4.92164819877179
4.94006049091489
4.53072619286587
3.89938958422271
4.06464858287449
4.10297439991737
4.11395372656224
4.86785775188108
3.87471708472097
5.13428697003446
4.22487670166639
5.15474230663473
4.28713258857118
5.75976029198975
5.3290177722173
5.05938275648122
5.68268991448082
4.57319520814463
4.20567445782502
5.25901027757513
3.81353729112708
5.16365419901041
5.16991782934007
3.65809739241227
5.30731681245928
5.2831427676842
4.78444754599105
3.99675992295063
4.43482809520897
5.15010350481897
4.18267641706071
4.24334276253003
4.34341786202624
4.23288331799662
5.03952823453462
3.19073060696187
5.77934780811848
3.70688279839335
5.71955957345493
5.2274552374204
4.76545982022872
5.64276994045962
4.00493224718326
5.25927275144204
4.95393065856024
4.76936866150477
5.23935564378381
4.44175326797557
4.6524019992995
3.87226043116296
5.33620921322299
3.43734801239072
4.63710294966663
5.83468757242925
5.72253604776211
5.04356714868531
4.66892531153935
4.20467277402882
4.13877580973887
4.49064416473211
5.09463973636353
3.96232563430665
6.06885789506261
5.22582985311982
5.14394192018989
4.91482850306621
4.54147717268153
4.9737863458261
5.59371848924158
3.9337613740023
4.48805044585543
4.44188786434162
4.37518858868026
3.79482939703516
4.78224031417128
4.08091405282354
4.91288036157338
4.59014799953563
4.3229287735069
4.79087852374272
3.55191601815415
3.75543547632843
5.71193064017001
3.44817849977783
6.10478724057923
4.39217815316012
5.1369964186638
4.14453440941517
4.88879254279197
4.72839971865141
5.02524390017181
5.60364034806159
4.51035224592663
4.99379729185141
5.65378995951052
4.59236588245479
4.53517794603803
5.03331437333899
5.15419743932278
4.97415485993649
6.09759214310241
4.77088790787549
5.17631106976312
5.00032232326631
4.8966806756973
5.02949292073905
5.07513516269365
5.19714060868129
5.95544058566051
4.21135238078395
4.37230779468482
4.71777591190211
6.39128816278754
6.64827477789673
4.42285783307979
4.32915646339097
4.16534392744274
5.62148476257416
6.35509251130005
4.63568943200944
3.196637765967
4.03265043101436
4.98173147410267
4.65846898967624
5.50235048557193
4.88768345933733
4.37133246611945
4.79373513991611
5.00962501602138
4.0827734258229
6.25076952841887
5.03099414840398
4.4483801184809
3.79994017063395
4.56618853604151
4.82978766917568
4.32808162425474
4.37318734582874
4.67663411956058
4.39997074310866
3.84760410074063
5.33669521560169
4.10673580440473
4.52669858874151
5.4780124114175
5.1056027113153
4.64479191985081
6.53672537510499
5.3551592359314
4.12812919642126
5.03015590224196
4.04054176103049
5.71509019209354
3.88169359686823
6.86825118421732
4.76941195364711
5.4027080970745
6.2590726841473
4.91818016595836
4.53189940686201
5.09162755105979
5.66793553203197
4.59373221884805
5.57165009693633
5.53741023467941
6.22366800402546
5.46451191329894
4.68027626596743
4.77561391707269
5.65088624834009
5.22361885529662
5.14071603868885
4.42239507155619
5.83103835196358
5.28953681674862
5.80990346244368
6.81524462833312
4.06807530496597
3.92639557237792
4.83904374350201
5.25308991956901
5.4284913153159
5.21315683694567
4.37666189959513
5.07413959123735
4.69301421708122
4.18103583973357
3.78883317037819
4.26243217334078
4.37709035484457
5.34187928628007
4.11555234593608
5.37306873532624
4.43825939207343
5.50809369304592
5.32831684109707
5.93931697645209
4.66818664049668
5.19960400757204
4.67182540347149
5.28866769648593
5.25786525713106
5.5757708530727
6.18334984439431
4.44265559205288
4.02090155500517
3.29558596390286
4.1499795253054
5.93537545472731
5.08783222560637
4.86969722460044
4.4132018494306
3.52430718880039
3.32607274280771
5.16864669935729
6.23726516713178
3.42530536321133
4.11720039744085
4.53595315698635
4.50434457142368
5.40767138357084
4.94251640437156
6.05501293850278
4.81922436625968
5.70586538126449
4.93669257834725
4.17561723355157
4.72898261972382
4.76041482350737
4.43911836090816
4.11791197803498
5.50077490707466
4.2032456016629
4.24604873951175
5.54630303626393
5.22860014534128
4.27567137428059
4.4144821266078
5.05033641389863
5.31345325308337
4.56614849996415
3.52544445836226
4.27769325140151
5.02276631180612
4.54021298538341
4.88056844098527
5.87688800570925
6.53924786733194
4.5591735383846
4.31769879301141
4.7270773135041
5.07798359691743
6.01186485759606
4.9203801878449
5.41837434744043
4.31039963368483
5.08053171859318
4.5888533214019
5.37282549393215
4.51992401789859
4.67335710165521
5.91194735985076
4.94837318377067
5.51612044461004
5.45500659833546
5.58884672966008
4.87677652991575
5.05294552478999
4.94247845823993
5.29592135760169
5.92422653858775
4.76327605358122
3.91238551592211
5.25868143599215
3.62675549939341
5.68558644621865
5.32733961688447
4.93799181156943
6.53897595590526
4.85210975451312
4.32559431800508
4.22924592328229
3.61896639528432
6.00525200711212
4.82170895316606
5.03509436253395
5.36397003990187
3.69841700976657
5.81669079480671
4.08382493881023
5.60915257527998
5.06892515372046
4.87139489351712
4.39227294023171
4.8716334802254
5.62853803287263
5.48135087316366
4.23377175092268
4.25432094168008
5.13781309520573
4.73317876253123
4.0503868616985
5.66519212787031
3.83341323541997
3.76320222858233
4.86696909561107
3.59257061096153
3.05127675878088
4.11239805505296
6.17798595583871
4.76216106645528
4.54727167373777
5.23011704311236
5.27392337835112
5.15142302564179
5.11410842667131
5.3557573316272
5.86151830611505
4.82807850729017
4.4453233565749
4.63117868748278
5.09166724198522
4.46609508507221
4.63183034175838
4.5856811001145
4.82235522153151
4.00300255741873
4.72864720019786
3.78080280840298
4.81785157447699
5.3086306985068
3.74921400328384
4.41192153634844
5.72991304269875
4.09094581122445
5.01897911293591
4.81398093675698
5.69986352078275
3.01946221780982
