0.780412547570949
0.51332723043381
1.2562804226169
0.520898660233777
1.43718326879592
1.06042186042487
0.62248489774503
0.707586989162911
1.44027826572441
1.18714394621497
1.0108347533377
0.562263453075313
0.713178743156029
2.19040682590093
0.91574188101691
0.554004439263434
0.731535899032709
0.751532716189564
0.821213698489456
0.784906804350848
0.86508973985151
0.813067840937551
1.03737689849901
0.775575818384518
0.944984983591723
0.777141958367563
2.42319024229451
0.552764944798293
0.760209492366257
0.529459523679198
0.623338124276501
0.635600999496963
1.57408253513039
0.842339525349506
0.798482923735984
1.54032705445032
2.11624670125996
0.889212419299352
1.37148902997143
5.46184312578895
0.633952075249434
0.745727440347943
0.71985944699113
0.672641906362451
1.20082768641305
1.07402937106322
0.792587294529806
1.42478784758557
1.71327093704487
0.707270513029776
0.599302146303843
0.677612672150243
0.901816581545492
1.42576670959487
5.14660532691366
0.658292195783572
2.6180381615286
0.999215016863677
0.59410815739239
0.93659668968571
1.03118609541561
0.631507564979389
2.39448336286255
0.667388360117035
1.68589978429006
0.617109688058149
1.34513058929455
0.89408065947201
0.746887305966509
3.24591699379665
0.740503566767426
1.78481688774724
0.714732061561996
0.618807678867855
1.55742138567949
6.52898923554538
0.609858259503146
0.725944571254514
1.18370107923225
2.96546858994612
2.09942843380828
0.761510573977438
1.16998027185404
0.833011420246924
1.12818809339414
0.612458346495113
0.605917010493888
0.670374640858073
0.798455716097478
0.613649874582436
0.583604081134793
1.09042678447875
2.58328833149431
0.902764263362684
0.595404610279822
0.620218818877575
0.619683227645669
1.08962149863597
0.710297913866407
1.50247237894943
0.812544090063547
0.87449100722132
0.841299790886349
1.82688631367559
0.843187733144657
1.59446777545482
0.896172294946729
0.740221229915121
0.834232118233956
5.04294655430061
0.717208902147482
0.688380220267002
0.92650769374915
0.5927884396836
0.780985443715347
0.799167997779494
0.623631632823177
1.25164257441749
0.844620038468113
1.54683610747218
1.75787942306727
1.05577228914747
1.02091905505108
0.817903440917754
1.21206467106532
0.871569522166423
1.59965540458291
0.797193826844782
3.61431748258524
0.929111987383718
1.04966238170695
0.576720864444507
0.727571372614737
0.57799677937093
0.780262373962712
0.959301860829296
0.818134155608036
1.87894048927857
0.507978537187918
0.772590989702775
3.43795610158202
1.76681750103496
0.921421455157975
0.749657850164355
1.04585089261139
0.827727612490604
0.629417430487015
0.614403995667694
0.926940118861515
0.872315606968949
0.583689441721669
0.700835636131826
7.00390428189818
0.834494658502625
0.911072550085592
0.571260569498454
0.702646745411814
3.65557439084831
2.78665411410202
0.791779957700872
0.729254779255419
0.82967443135396
0.803235716514935
0.95165095927305
0.746943497200818
1.72317675994859
0.881821145310911
0.750238294474572
1.20397821848031
0.776922972281527
0.938207286643765
0.940798070455049
1.04526086188962
0.688885075767742
0.615868620320798
0.6397464673935
0.855379569642061
0.6633216774885
0.863986770930137
26.0983452380015
0.518573103517239
0.519744174846892
1.75862464501687
0.846960853022723
0.570850202867238
0.672851956693855
1.67086009560534
0.81045142627336
1.0379187692858
0.78253356173773
2.90335750018432
0.582576981285516
0.572024566255643
0.78546581183191
0.859858575571875
0.813684308740966
0.767716873943941
0.645421338788345
0.645377515731952
4.57525620378244
0.596906315938427
0.704903294744863
0.592352021268607
1.00213430551761
1.66597536700055
0.916758951072257
0.529243464055967
0.918538568999178
1.42103647796805
0.821372410168056
1.62105966766272
2.09988525319805
0.987792560493226
0.683699347045706
0.916282255943938
1.72659159688341
0.793051354949925
1.20214430725155
0.982001797219377
0.886292068585312
0.775924797465891
0.866719167735829
0.737913683443363
0.537343316868068
1.12070389364327
0.675891041085481
0.871350904428107
1.00982991682137
0.788502502569066
0.575312056095516
1.13422561397853
1.30889907045778
0.673959110545832
1.88907319170311
0.690252914631779
0.847236283947597
0.973380807038574
0.766417614433116
0.858145461901954
2.10115920244676
37.4612868989632
2.4895346263001
0.700358387046278
0.665671970575911
1.07983448362752
1.10297193178915
0.838632076817167
1.12020472672849
1.06900368259095
0.805638412656068
0.791529864178986
0.538203715945479
0.749948667702733
0.907757494302139
10.4329686041511
0.557830052519855
2.83723136300645
0.679034020383738
0.673435578744395
1.61182874524951
0.654862059814543
0.529876588947972
0.519726064334255
0.537664738987792
0.765797374741225
0.73303272609296
1.15676971993831
0.589117392758202
0.847755247030623
0.770015600996856
0.698785379968699
1.48100450041985
1.153776291322
3.07852998896446
1.25176981527252
0.706324063008606
3.23196875483459
1.29863837362121
1.17347714663864
0.853424694413484
1.17149195337744
1.13672283024571
0.596761308880076
0.939030257543567
0.642933927109896
0.717979419652511
0.772865671466541
3.13328925726491
0.728821308103198
1.07015591304668
1.05926090497534
0.874501271129846
0.735126392771787
0.663598273912242
0.569533184593032
0.583276497735615
0.869478372966898
0.808339090710289
1.16345516314665
1.04942983798114
0.763271301163702
1.45020702076309
0.810158554410273
0.637633112893567
0.882301422542633
1.01884389212222
0.572255227285844
0.591096478028058
0.724476065148137
0.638228084608759
0.756886611655535
0.879942631936076
0.672685103803573
0.981855073659222
0.596809730359282
0.783225498938727
1.1379657212216
0.712751691052427
1.02600755936836
0.946439891146683
0.674708554525879
0.764477978382245
1.66856547579626
1.07813777589859
0.604719171777927
2.40397126676784
1.13338041140631
0.626202344362953
0.817743466750317
0.93195321034484
0.766203111992142
0.992067009430699
0.830995459852913
0.714643285081301
0.736286026271371
1.18203531201141
3.56962251654585
0.95530139220366
0.799621985395667
0.878698835556641
0.64527205775178
1.53344950942438
2.23624182853224
1.07462996544048
0.713757353132644
0.787491688403603
0.938143543519956
1.39410055473363
1.03251181666438
0.671588915101147
1.04707879389658
0.755415097728827
0.80546834294921
0.728672957534205
0.678367308129558
2.88482412694453
1.27467830882346
1.12577475700181
1.64766357059217
6.93249423968239
0.587800314472827
0.846429502918803
0.814221758575915
0.937593535697943
0.760337876897469
1.44688901706896
0.819444055537219
0.929973454525904
0.826058604548712
0.860935914020006
0.676277814788271
0.796724442360013
2.02687192726383
0.884188016637301
0.664492201495635
0.747552390652117
0.690317832716532
1.07218315802616
0.662453068703542
0.743212123022604
1.16352404851594
1.62187059094995
0.626628114723071
0.717373648690896
0.841370474386598
0.898943494222024
0.933637987425211
0.826661776555075
2.29081160744291
0.822854671159067
0.699367780952762
1.06023165709478
0.737148359951087
0.588741395587293
0.655039251981552
0.740721212786156
1.31828749308492
0.974368252513005
0.701481286941556
0.671785827985217
0.784827059547151
1.21097931782932
0.78233528503499
0.662201735690033
0.642876335067317
1.10918088723449
0.742731029060216
0.751673684310945
0.655270093667608
1.07540321101067
0.542213468221372
1.53049616395526
0.713490476827916
0.746021327483946
0.630715587831593
0.90463436798353
0.713381421539759
0.609253768071014
0.52698450160325
0.784746838700137
0.613119033907112
0.908264237766226
0.758027997813195
0.844412763602841
0.654856829046004
1.16832789637158
0.9198947720302
0.674321129391929
0.639800369375854
0.552273877423013
0.54916910215992
1.90619376126375
0.926312734692622
2.01035974920076
0.880635562986873
1.47785493769581
0.676507898779559
0.84220891461242
0.587867701616842
0.682119866184893
1.00460983889574
0.942860476992872
0.85884551756051
1.5139984446116
0.960752925631504
0.711220069645958
0.717260815011831
0.731947580348306
0.740661336984646
0.784373548281026
0.72740667714934
0.700207186968563
0.924879404195187
1.7227442190704
0.932052858692812
0.673974258870851
0.655891416592741
0.845723880929489
2.44369245110416
0.590279373904159
0.724074297710204
0.635417288439481
0.793569930680667
0.553144930836896
1.51507333660539
0.810040042530659
0.551810644759793
1.0626391914321
0.872622055800909
3.03195328445542
0.916383668641058
0.91481091411615
0.626033944805255
1.69351537458776
3.62607628701682
0.803232943135489
0.592456354730675
0.591878849222134
0.808476319814818
0.881410671168137
0.690228797085807
0.818728066337041
0.622906289186147
1.28534696414697
0.70195851966205
0.764027359556409
1.52363153666303
0.840900362438144
0.815665997016323
0.645865259566622
0.767958440689446
1.50711129332718
0.771247327840337
1.01223310663728
0.664136909542222
1.0131930758369
0.970147370960828
0.888640753964147
0.872537856552524
1.47932037228278
0.775127463329444
0.674478602201852
1.18513437027424
1.08843885477354
1.33385385435166
0.71943708788184
0.674165312483908
0.909246259076092
1.34250264560248
0.663220590485362
0.862374257147207
1.02906829187964
0.783977138793394
1.00391982767272
0.674144163253872
0.624871307857635
1.01966151594725
0.631806742608449
0.777855331440779
0.747404461971606
0.596829973484281
0.55414371140134
0.846878512724904
2.97834593200852
1.27315792002093
0.840692965149513
0.824161978493279
0.645100651971767
0.880149648909316
0.695490519362691
0.63830245279493
2.96621537899238
0.809028985411639
0.866039041968212
1.08140909531894
0.746608510675794
0.803939296548744
0.678628913486717
0.611483045976533
0.777564919083263
0.626392110908218
1.6875403036838
1.72633346455242
0.665468469736319
1.08723408944262
0.58600721196267
0.966629527553264
0.860774613414508
0.851278788740501
0.646180303717473
0.768697541130863
2.40080178857995
1.22464867030835
2.47123252129213
0.72453362223709
0.692420564262624
0.641877721357731
1.11977398329594
1.03625756546064
0.866685186850759
0.923341644788739
11.4742408939299
1.0475987226778
2.95586249446449
1.30500168361867
0.872387079724944
0.775640083922318
1.00771032028096
1.06956452184278
6.0171971677356
0.624407404517569
2.61412662791518
0.55000380847114
0.876452675280073
0.701211431328883
0.625922235584185
0.782965360223698
0.850341382385614
1.20292549511482
0.536467490866311
1.03009163047838
0.999071951613641
2.92944141297009
0.684519989773383
0.657161650192774
0.669139956691415
0.83133547560838
0.729874710117428
2.47010385376235
0.603784134819419
0.995971456202732
0.715919937295918
0.738880171603226
2.06001412519694
0.978780103778512
0.73121817658325
0.638025564949235
0.624005286369378
0.737785942740346
0.588330711300194
0.573818597832457
2.90102715645209
0.574399387803444
1.11355681346828
0.5
0.5
0.585671504898697
0.805179699848276
0.65064565245732
0.559085519176092
0.980305657524781
0.840735166701643
0.646275438043963
0.733387224305274
1.0695993923663
1.1719676560169
0.807536399994805
0.807382950210697
0.780729364184717
0.606424396799538
1.06682602864944
0.809234899371951
1.14698178313635
0.612961749239193
1.45808918879528
1.05938972987407
0.665558067271705
0.760003693137061
0.595720519328857
0.806938628888133
0.668467937455591
0.780500862522052
0.778455184660711
1.78905466856855
1.50265117842192
0.605837393265823
1.40469968168945
0.79263701258878
0.905815274886311
1.36084497952866
0.958700573699567
0.709051160471033
0.91836580060646
1.47837820858373
1.28185178100583
0.817797546754687
1.36524933080643
0.571442077051831
4.55857308641149
4.11525654213014
0.613100981892089
0.630024922341805
1.09690712950963
0.760628511985321
0.991510247530543
0.58852482801894
0.910649517553665
0.998167135584504
1.64438842031326
0.896629688112155
0.627635746790025
0.933633686622484
2.26898708950901
1.03518742875837
0.947568411928642
0.852633355721773
1.04306724359319
0.892766962723203
1.43320529178071
0.787936677387836
0.740059242634668
0.682419782968885
1.11478159060654
1.56595446146661
0.842160454242126
1.75195723008959
1.41854425600507
1.73000369382093
0.615220787813095
0.789804909182935
0.527729775016925
1.11408046309179
0.9644712490861
1.14248407010268
1.41733471920668
0.542647410928481
0.955106908521013
1.36114981278294
1.00835286641973
0.795977576202913
0.77638754465285
0.803073847045739
2.38723102247019
0.704679011777697
0.714254251989547
3.64826882947417
1.00471172983933
2.64028542371018
1.45880280013781
0.790369387376956
0.884873297794398
1.07338914005623
0.718460355740716
1.44270757775126
1.15756365834804
0.678727173172204
0.838909774268926
0.647531455651224
0.836658065147831
0.995192265280994
1.15513743982513
0.732451288401621
0.700002714758375
0.933387317784694
0.602984146713234
0.75735934316548
0.72894645757565
0.78749199306961
0.670979438072871
0.5711262215252
0.606974850097434
0.619502422872475
1.06459265686426
0.646978505524888
0.822543902633499
0.601473762140032
0.787713745050025
1.40328382359979
0.826223104910844
0.644589924857235
0.75127222214521
0.700748038057423
0.84038540689509
1.92747092404888
0.683974842112305
0.880061676622219
0.686423522770237
0.790306012703238
0.842718719223792
0.790577196071887
0.657663183853914
0.694749167104643
1.00785999694016
0.901643990132941
0.649446331328207
0.695054773355355
0.591575419977962
1.16731317357464
0.861921618551722
1.34718933873052
0.689305371232977
0.956959722756482
1.26715591765299
0.755379344485169
1.04556281358712
0.944963927774897
0.602322589797098
1.18912764556025
0.936545655644065
0.616141827520589
1.95132769128521
0.995035026290178
1.5467655141194
2.50183658711998
2.31565548973972
0.671904097047693
1.21509496986819
0.745940933663711
0.547604044842731
0.87498358782078
0.828423587359348
1.09162118609067
0.852844621190521
0.736322516298142
0.985769520359774
0.868516644034205
0.742994774987743
1.15144836189124
0.778703098978977
0.780564886185541
0.754553597770943
0.768039864183303
0.705504134491907
0.725285531612968
0.987777418884453
1.00451753292837
0.834516075505539
0.813334898513569
0.652740708038142
1.61054606493699
1.02759544664091
0.988228553740662
0.718042564059078
0.592531509722849
0.551994849818541
9.83959128231884
0.575978058403322
0.565021572703527
1.02953236485167
1.55252236325051
1.19201950834446
1.88245526463977
0.561210148212012
0.557955973420135
0.79269416957041
0.970451740174307
0.991915224816063
1.17422647555252
0.833239445351089
0.570295085350313
0.876703956292579
2.29995488334718
0.784322085789888
0.74069106890578
0.883803179295514
0.883192663753154
0.754036163473524
0.682835329455394
0.715745774327148
0.788846262734217
0.694902582121785
0.71295099147794
1.04515509031869
0.701231178476107
1.0330355873704
0.684432802956658
1.07151834877065
0.665676870987091
0.689924352270159
0.762553288576045
1.58130320927199
0.657539601218497
0.653137026082557
1.42183308985519
0.857163970746508
0.548315467798348
0.623463913464351
0.934757014609138
0.539891107702243
0.784010808403211
1.12131078930375
0.95235041760898
0.688062420655524
8.04951743660455
0.708585746879006
0.75485267722702
1.00474680199948
0.626943429609737
0.92048824022667
0.800473680152099
0.678297033190636
0.724302135543839
0.80001633381373
0.714655313997941
1.24917176895834
1.05950620806309
0.868335382273282
1.46771643644403
1.80314795009057
0.763101821809358
1.1948232030773
1.56614682379007
0.930299240798319
1.03846554984728
1
0.5
0.5
0.68426092525779
0.643877554957594
0.859572028656436
0.685108552084532
1.20724660040757
0.613932211529412
0.839668004219748
1
0.648948191896261
1.03181657481861
0.761901840875337
1.25685117070533
1.0238272272881
0.721725905293012
0.877592672734605
0.759008403841557
0.981366571864498
0.981760455890242
0.732246679103878
0.888224184543381
1.19997628306526
0.700494470673965
0.891633195040701
5.00708845682729
0.633726351592543
0.763288515427431
0.854271167908163
0.69298273216911
0.718083064906536
0.721331619684277
3.64145554054947
0.726632358710755
0.634870592789463
0.865268899228629
1.09754670401136
0.727704568619804
0.932606557223187
1.07599040851379
0.588468180876371
1.90745329724123
1.2224969120039
0.606962124326805
0.859956534544089
0.597358960958767
0.687605303506923
0.611828087544117
1.37152349521813
1.41362448873413
0.837167031705643
1.16024674580589
0.747765873915556
0.869313752211438
2.44447275122372
1.1926201762351
1.40102009850513
0.777952379373071
1.55932707116576
0.788640579714253
0.603787733041728
0.850463867692696
0.775200028961067
63.4999398429711
1.07349361621811
1.09330984875777
0.506189655164663
0.509564039992589
80.5857158848251
0.554837983738817
0.660397871238851
0.56944776558928
0.77143770049793
0.691335742720009
0.616254156125285
1.89249236915813
0.766053556695074
1.06846956628086
0.923925443993721
0.816245399941672
0.968593147812229
2.43837683332551
0.88379788704346
1
1.79812511644344
0.778675109262499
0.797199780372725
1.03934891166228
0.989271143404789
1.05391664041973
0.739491977943717
0.680139490441111
0.891529687415639
0.670852493673065
0.671943225074635
0.617719749919235
1.27983035079335
1.99301610879173
0.657296514268073
0.769803650410972
0.640950096490539
0.981151774642599
1.21002460984327
1.4896858770766
0.758430055248985
0.746340463089137
0.551218084891243
0.869418673763647
3.42769784191529
0.626968391502381
0.592743728296004
0.79383097449222
0.720386741240477
0.611304226882754
0.828327888688373
0.680293259969463
0.674462807093677
1.04516503508822
0.653878803837739
0.61992961927975
0.817763290835308
0.998268715159522
0.59920259055293
0.687748750176374
0.772247520835139
0.876705506955836
0.634082490544637
0.732807283255527
1.0622071480888
0.948126510048849
1.21502805970831
2.68171237155912
0.681670280858153
0.791761754475653
1.17838465088184
1.09867145991256
0.584090882831553
0.604235531669339
0.842433772054225
1.33743124789508
3.97212284665692
4.4523124831179
0.906773979336276
0.79633633123275
1.45299335748572
0.903128364258913
0.685539013286323
0.784501196993331
0.854067661012642
0.74305620051045
0.523594873976137
0.529780238785224
0.73395152396185
0.929710404850482
0.582748725287059
1.0014097571335
1.24310873280673
2.60930151649853
0.772294248435936
0.840834356632256
0.752186159819949
0.845422586196066
0.668665841785931
0.654151320382747
0.816028495217475
2.80567658383158
0.692946337328163
0.677261526386122
0.692191791842683
0.724953882128845
0.769697758467779
2.06212126646024
0.726184682077855
0.705107526963942
0.589252288635269
0.902058819245393
0.633895915050156
1.28685283709607
0.759373522662238
0.75475950619474
1.11138042164437
1.89613435590138
0.68678080929583
0.790533999675822
0.604238214084912
0.581984155997865
1.34663351375417
1.24120302381955
0.702832690127204
1.31227916601359
0.80090325607417
0.557975211017372
0.746938404756038
0.721683285819905
1.01650339965092
1.30404332584359
0.749630215787252
1.04929983075819
2.0486641403304
1.0482412693564
0.969768147853368
0.560999942056463
0.581922782490274
1.62417936485791
0.914828236741154
0.705501051702905
0.651668642046114
5.89875780927057
0.721355143461237
0.569821920165751
0.579965992200201
0.533093867738962
1.44964025290377
0.56719354041016
0.655443314918952
1.37864517267581
0.965953484237051
0.657681886344649
0.811025381876731
1.55511377123504
0.694819037167504
0.60012857615718
1.66416418293784
1.42271296796134
0.817940699484348
0.71007980047992
0.823974537883316
0.716416620974497
0.549844900411731
0.832432783028331
0.888803504094201
1.6516970020362
0.673645781411803
1.35239535945176
0.757121091078322
0.575950360719427
1.38413499094012
1.22605690202837
0.676042099869276
1.12439757298735
0.639424358747082
1.04225830529396
0.709290702720785
1.03350448247507
0.888808934925195
0.858190246704009
0.736945053535053
1.49153744138415
0.823317546817215
1.86205401332416
3.45981069003781
0.978185191593498
0.661132874280679
0.82317880861846
0.940127378038843
0.620831487531475
0.820070509574243
0.66922429048403
0.755440545090328
169.892367230482
0.689439709234497
0.586110075944365
0.761005725740311
0.913319231674068
1.40983743241449
0.70957441303492
0.755939166249104
1.15765929445529
2.04361973361843
1.46888577991976
0.832694809045705
0.814493810447174
0.654467207616602
0.890959129477286
0.568149116393853
0.890341151517122
0.642064681284066
1.07161346307916
2.34180174079658
0.660109042614297
0.887397285575406
1.55596799465929
0.648398518646975
1.84400351569043
0.63712391113702
0.840328916159626
0.94173584099077
0.856757292173429
1.13481405394059
0.775242486734897
1.02411282988198
0.643412678301292
0.904187897997176
0.80672448373803
0.781673952230385
0.794505024088158
0.598519054122625
1.07964241939379
0.656795827560056
0.766438601590847
0.890088475846073
0.730925423162784
1.04887843185499
0.753154051761662
0.868210030164964
0.607622455529015
0.657442515488176
0.8412866270955
0.805754000349598
0.761596152424922
0.754146326718656
0.785810598489713
0.739458232125362
0.875644699710102
1.14160542373597
1.55216691504244
2.0927951739199
0.647648704846084
0.690345878605616
0.724473186901457
0.566096608830666
0.816698928747227
1.02481057165519
0.857222338834717
1.10955645907331
0.809297208226035
0.728763151227257
0.95565159184057
0.729056075570174
0.715401526732917
1.74821758983321
0.630235915227834
0.650779793236978
0.819875725743818
0.690770297821989
0.788917073371506
0.71193951409339
2.40063950658544
0.839166258437995
0.620083997954684
0.683316760652169
1.10383259291987
0.68068710146482
0.68897363348286
1.57167377279303
1.47358269554875
0.781203820496394
0.954932606434127
0.615397903190159
0.787989038209122
0.741983830195636
0.721758149587342
0.949395615701461
0.618946272181968
0.597903613325633
0.880613032997687
0.772580253544437
0.766145334281713
0.628198092433497
1.31198056148388
0.655211244123046
0.958876776833476
1.32775941395213
0.78685561444816
0.735293700482912
0.529246869567743
0.662970528602235
0.825303413461925
0.988473082971234
0.682653856144625
0.963280293399675
2.45747358032152
1.00309717914108
1.0783275990485
0.764909344904028
1.01438864336711
1.01685736317224
0.742270090228946
0.702579749151475
0.721131922974658
0.648926403373622
0.607829629687034
0.648664437154485
1.00502073753107
0.579169241766523
0.744934026265775
0.898948343979295
4.36106658002155
1.70391490736775
0.83005038742524
0.91587874203312
0.773006255962007
0.87704609298741
0.596153418429576
0.983650933172427
0.899978567607127
1.76438095615133
1.06606572159627
1.70137522378869
0.635252441904471
0.868463308164488
0.999053558992878
1.16067230033527
0.632917235999428
0.949857254451169
0.651992061878652
0.578816826546104
0.864114876155026
0.552336095220332
0.670755703259115
0.591212597904167
0.757467079898723
0.738535423098453
0.779456173161841
0.738831878056729
0.712385638505188
0.58294783823762
0.684091190743392
0.687149147320331
1.70550221718261
0.664428789231304
1.00031314394977
0.788776819474339
2.79861057790709
0.822191150908684
0.885890977066219
0.726321028399601
0.818672730680301
0.706509299034963
1.84283652126951
1.33453520011047
1.21602649436654
0.834702114854363
0.988686089259363
0.811725060999142
1.41873470446555
1.69102711813347
1.36939579522747
1.88734447043595
0.650985885067915
1.40664117109953
0.689541705744825
0.713619699415932
0.608255261337452
1.40341142942587
0.669372571995609
0.614476490198366
0.586953850733316
1.12435905214073
1.03413674790231
2.55560394708893
0.707377634042953
4.63875257235756
0.523374947150866
1.36239714445603
0.882217252880323
0.553455285724011
1.07636209208663
0.711221294184093
0.620917497432913
0.658076173172543
2.74681551893361
0.92695143299927
1.23595959246014
0.770908036137599
0.882829356875165
0.649668867408819
0.668527216550922
0.902496170429413
1.17711240662715
0.82563916807861
0.81381832176304
1.38859555684817
1.69344171549909
0.647937288867468
0.697755201892693
0.557190241817541
0.800304482423998
1.00017012056892
1.48591662652845
2.90162513619773
1.46250769677859
7.32327169588138
0.792859288764219
0.846104406030785
0.768980080880485
2.27178526630068
0.735988465794024
2.32277865567507
0.598684764632424
0.834556195585209
0.60822127998377
0.615540591044477
1.05421112039101
0.843762680936353
1.46629160998027
0.796385135010879
1.07118642177933
0.573634149137602
0.826122253455996
2.02703696051412
0.864796615914068
0.584937391736491
0.548672026615288
1.06292866107389
1.14199184897665
1.01557070775506
0.584771706597895
0.713029228910316
0.793839689803296
1.10915478573481
0.692988962025052
0.66045759277604
0.726525494393179
0.60217449363155
0.965299144250603
0.753146125653923
0.822812579833144
0.772410359238882
0.853571654263429
1.87353229055527
0.799108287406311
0.683926175223862
0.736203608930465
0.864804781488698
0.741201869155794
0.722044857324891
0.681988294240343
0.756874452115593
0.99635035756245
0.620790394357473
0.771850903306295
1.14691916790568
1.44863865796951
0.616814047121676
1.19085429702111
2.77505237391077
1.45204186012669
0.81367000104894
0.890819913090909
0.683849633202328
0.568271326988577
1.42138446525397
0.763005780592354
2.06388840921224
0.75224912245578
1.49144125669221
0.628907694745197
0.870373832328435
0.734769990106885
1.86059727714244
0.675579250404868
0.722849504399807
0.954163514353971
0.967612439305188
0.98914264164742
1.35824711068605
0.765292487162568
0.679176089785202
0.63021645998094
0.936874294578886
1.0224927048575
1.04099340848458
0.56088795962296
0.598728572947134
1.02909266488644
1.8533232960607
1.15222252852874
4.28398519388214
0.917080384508806
0.670391302406102
0.581003404939455
0.901854115915293
2.58726185095757
0.791773865674804
0.608697753633473
0.910975656781168
0.660995423997329
1.28981429990314
1.22427771200947
0.655042864126774
0.909593179294148
1.85401172932004
0.63275069852324
0.580767659343112
0.678317006619405
0.872818394262929
0.523644190486827
1.18873972674122
0.678572851682763
0.807611389770929
0.918074784132087
1.31330716575955
0.804938786641836
0.752382233954574
0.822068521933171
0.704989888345304
0.650694043532264
1.45200255020221
0.784990843831154
0.715916594308281
0.530069650277458
1.29315260809091
0.724267805734406
1.25904080196949
0.73527204635164
1.594694579891
0.758384868179001
0.693323579945997
0.753453047707282
1.18854079933973
1.25507260013271
1.01653069576214
1.07840108289239
0.532215029946542
0.734904837504187
1.40831292058835
0.991539046918014
0.746306425821607
0.799728110347248
2.4579829107827
0.995782993567526
1.04683278380456
1.51086342968536
0.779431706481202
0.780191665203183
1.19687678049079
0.597654272850041
2.7534151674956
1.83016076282403
0.677130494324346
0.886344223498943
0.656233928860197
0.851004865976707
0.942044312464971
1.13582536454372
0.689605541636055
0.971460821771296
0.655410951091184
1.78179022155552
1.36907359249193
0.724801218948304
0.590789934486746
0.596263049818926
1.48600192210962
1.20762531964721
0.758491195068807
0.688092938299202
4.83522590543205
1.15952273087358
1.03639842933624
1.03006144181657
0.571867134971896
0.683216851082228
3.17119136809924
0.79444022065699
3.27564818353992
1.06138737763272
0.633201945381985
1.5977336635453
2.1845938486745
0.806414478129941
0.700961340247009
1.98830574973936
1.48453017124677
0.563112738621248
0.679717029265335
0.72618500157923
0.606560921506299
0.668858310352796
0.849480703635872
0.960702569950506
0.964798952559533
0.723876833166666
0.90498490862089
1.58188656091908
0.932601831130044
0.717084300180781
0.612927746115496
0.581482790930734
0.587705269915553
1.13107245634997
0.825134358696721
0.813313204345767
0.765827301971136
0.750840180246907
0.843990561363323
1.10742192539991
0.932323324835452
0.821628611868643
0.694852031776211
0.978045725877598
0.679355992574221
0.942115292330269
1.04211923193355
1.23048576985858
1.67913771692008
0.656544257237161
0.907609726578969
0.956241779341472
0.86724241118179
0.642485840626155
1.78301915476075
0.741026056793264
1.29771769948078
1.27009350721066
0.618937836667778
0.60597722590415
0.69748422777911
0.66056678024029
0.673722032131915
0.785866096531263
1.86591128382375
1.35927731654679
0.72536354641882
1.84897028641086
0.819306623208503
0.72502835549733
1.04247981697157
1.17123075998095
0.956373608843585
0.663226804215147
1.70417042228843
3.57885285610101
0.56104087119216
1.40737741495142
0.733845010728184
1.00320480608053
2.88790630844977
0.810725662219511
0.94085790875285
0.955313004009179
0.87672428219718
3.55780721234464
4.4466632524023
0.714909497192339
0.618358610653067
0.663610756290467
0.636714753907553
0.727094452186779
1.14904151104602
0.5573627830955
0.68627417697653
1.02840154182499
0.788665328011845
1.45325137965797
0.69337716171373
0.544194416126724
0.548481987024301
1.24578456577761
1.81301058111054
0.727102976540339
0.623888374120794
1.18211482042757
0.585178896485439
0.683945487514273
0.703653710501249
0.54923204514968
2.06316398407331
0.617860951803902
1.17151642070668
0.893254452976788
0.964675340633069
0.65499029281394
3.78577161256888
1.34936421757287
1.13288588300638
0.845621186318342
0.957540347327393
0.582352351918421
0.551060958831222
0.79037014605894
0.718622916517804
1.45638277805809
1.31117354505135
0.798931745977568
0.619438234122597
1.02046263729582
0.706246831902
0.60323050242637
1.84020035526084
1.68511751329256
0.76837176378522
0.547915777951112
0.575879829141054
0.538433627013298
1.04845396570584
0.577081210594271
0.580320099245256
0.618146094399406
0.730781527083608
0.752373935108366
1.05534102437869
1.22036646018086
0.551317003550284
0.973984303664628
1.51700955680029
0.678176790757492
1.26759475594215
0.705079986164679
0.600854043735651
0.512287797248645
0.70778291308182
1.06132833974588
2.87054330651359
3.73452303106639
0.662379565703716
0.686228720860029
0.63269288282003
0.988690643869591
0.577238741856349
0.603684446961466
0.803872101518621
4.66005927583223
0.775398924154782
0.7942569249763
0.669232296549561
0.584397421330526
0.614392276356181
0.718666027046556
0.558068876708579
1.16914892887843
1.670716851757
0.576721106199868
1.09104705168095
0.736554807454768
1.27687878828517
0.723781409821357
1.25349267225112
1.21246064111448
0.570270248600028
0.531423025049492
0.573311144424116
0.637514285312962
0.939185591314986
0.962931835689339
0.710264343790961
2.37789841557007
0.514625215962702
0.519187459187172
0.919175337007538
0.797053316570158
1.40698816886466
1.26796316511695
0.649479243010631
0.642780302841095
1.30587244422669
0.731131614713748
0.811608754082907
0.542034021461422
0.781749507985123
0.858669715213764
2.3860150843576
1.43180001128276
1.07877451300115
0.62190648801299
0.678469806113005
1.32981061468119
1.17664932183518
0.666768953664914
0.62245073179039
0.634171777735931
0.91833676506822
1.2376380034934
1.52278869712161
0.885904853627375
0.775375613858012
1.61949818776919
0.898029679177843
