0.893735954197421
0.847489682265118
0.881662768941099
0.256093710383047
0.903786062114927
0.461807480005781
0.227101949474261
0.896836842307751
0.768662100879436
0.832552621589995
0.793694060826197
0.216250267956621
0.86041828807879
0.837823755605555
0.664178170269005
0.062896080517179
0.591714050961732
0.910491232531552
0.908719523947126
0.701597317598031
0.516733928601431
0.847723946538129
0.814178431044803
0.700214877213561
0.830957418537197
0.515532733318903
0.857208149539702
0.0686382064018541
0.338332931565498
0.537553981697702
0.0659640097944098
0.661363992424217
0.732946584352439
0.736226612678279
0.920248480640567
0.954421173260266
0.899547768373738
0.723715126314901
0.844403771776946
0.747126788283929
0.783843724611689
0.668404348901522
0.775934241377483
0.733470956360779
0.839299433678049
0.8993909750106
0.204965157859686
0.954482318029614
0.915902719905257
0.793927174668701
0.500727232024884
0.814253544768035
0.83725657723758
0.669884128342727
0.960689152576721
0.763175379681359
0.976370780401714
0.679470580030089
0.748778855982329
0.80432234759674
0.94381271308627
0.630687612893937
0.922446923993699
0.251770754856231
0.932407891960893
0.615789896783876
0.843963548166656
0.488092040924292
0.866891109532453
0.900957457580612
0.805442129523671
0.837459576179082
0.145761646178589
0.79513275309808
0.805422912777285
0.962980635590627
0.499708385990048
0.860887776763688
0.894546554774125
0.211835690356512
0.900348471572978
0.847403660128114
0.733006528976803
0.779846979844676
0.697198618543146
0.672305833659009
0.30709298123696
0.284986163624792
0.772074956118725
0.535852584123178
0.732202865631029
0.367484704012759
0.716068159476138
0.733308467602827
0.690181618264939
0.555820735440419
0.414929955501448
0.82169552002294
0.589426950780631
0.800169730863958
0.652107029932873
0.881489259728021
0.938940863455395
0.784833793250959
0.776928874747432
0.754834717842917
0.548325425704249
0.229610619594522
0.871500007032624
0.85971256527606
0.44642275667651
0.723939034434475
0.900199710715197
0.412538879472744
0.145320771067465
0.74418636884005
0.586955482332116
0.877425129503603
0.938915729370015
0.902251972230922
0.824291611054671
0.232381905690903
0.0904049021634291
0.521585262234671
0.882742282606077
0.615075974526285
0.926112729927788
0.797828996373531
0.830711632660645
0.191193337981134
0.886248790043005
0.620376318752925
0.79163284145486
0.53999845580267
0.774365776276091
0.496084910085802
0.631642879682388
0.781785552290697
0.361753322581416
0.0806219528748616
0.925538268439689
0.781115587448409
0.432775155394678
0.233245363486205
0.809820787125038
0.762052886435723
0.0922431183826433
0.666864680697451
0.965551603998792
0.920024003785101
0.834357837141178
0.890666589380331
0.774939159561756
0.887214704772394
0.790977963974144
0.724902505051027
0.673323340534281
0.84884965993284
0.814792761891472
0.680921222074697
0.439046546068516
0.549976241118812
0.870090679257402
0.756370639737485
0.851458983334936
0.777002440056215
0.901105036186912
0.863027813437992
0.975729511833921
0.623242616461013
0.590288719160586
0.904110308129289
0.858741097864102
0.768015154971858
0.852463034183701
0.815947430504297
0.902080591335856
0.775514811918293
0.939683351406509
0.797130009680464
0.143917264752328
0.144013865488934
0.914978080854605
0.840359854743021
0.735101422085476
0.690125946756438
0.4010437457496
0.419133491473621
0.850345674450308
0.712786006205848
0.89108840358072
0.0973605348356148
0.0732421378944845
0.86744292052807
0.788073316442359
0.794205422170658
0.825836105409571
0.0514261859606387
0.113381823838554
0.890284059975421
0.715754043005734
0.370756781230207
0.34661210883326
0.887757410030462
0.930929993497268
0.779997410464946
0.760959667819722
0.753123085986805
0.814491336660842
0.650311178137783
0.795900780959008
0.843154759016615
0.936858670745801
0.652922413427614
0.798770461308641
0.74848992853664
0.691952439124733
0.565503928195496
0.473615637783275
0.693203702556872
0.733839027126727
0.69070578759346
0.431253330796778
0.419999442145394
0.542651124032403
0.907019333733905
0.719971773166837
0.817907432457425
0.619431659928631
0.810369691440715
0.673511512040236
0.689810014196032
0.0737291867416325
0.854115189515491
0.228994557993782
0.60114568279565
0.424878603127855
0.297033883000433
0.145943621303946
0.867386408734736
0.85817069482596
0.917274491110279
0.812871793927154
0.865458628557432
0.913405186825715
0.865653387174507
0.80126373773399
0.765287660215124
0.790167543343996
0.807973211753448
0.718450716951204
0.0674525207714947
0.567168349477516
0.495834764685879
0.52660940093776
0.0724579794896679
0.805433896103966
0.0859044641098863
0.0422301643226619
0.834413724130804
0.124346885501388
0.258105411657594
0.118297030926404
0.187353965646888
0.84185545250345
0.125881177736642
0.728995357782488
0.336418280013947
0.796303038475516
0.953493434364439
0.773790762394893
0.850832006541582
0.848982304168649
0.836555369589078
0.795316988436479
0.672919719686934
0.88614980917066
0.886250114099823
0.948633061124236
0.161155643287239
0.434323540088311
0.644590556860309
0.120816571909911
0.897756715348252
0.612592268690014
0.591244195709508
0.218103931494268
0.554875691747227
0.864484246057804
0.802877398076566
0.827140836887421
0.69112971368865
0.844253032031623
0.732281420523647
0.82844080417341
0.765180721564823
0.51368537516852
0.825159332867352
0.78690827640547
0.924738783904106
0.877094560694142
0.889056827422192
0.78546144899179
0.876652735079534
0.805494300333012
0.893283933012094
0.675403197347198
0.744091996722329
0.379754050306579
0.287355513315327
0.166952280406853
0.75477769662438
0.768275308585342
0.856405744699922
0.548562366003021
0.81445899017495
0.951365002412266
0.763702150258038
0.826042013317022
0.833541124670884
0.839424758554475
0.844836908856545
0.554894940434884
0.179341950108056
0.0305971094690491
0.946838498637508
0.979152101759355
0.657442719728311
0.924258501684201
0.834860809990752
0.929552356516266
0.87451826743585
0.936169850542305
0.759566219003083
0.470207651632023
0.965151626631343
0.902759986375868
0.939559975108236
0.64094574643343
0.710762339492965
0.141079835136834
0.470282286886093
0.948883600635695
0.336766176411966
0.412673180928573
0.181390527252036
0.122069702280877
0.542712808043092
0.68661053412534
0.79120864988145
0.925106801305231
0.0358538995135158
0.938276362224674
0.851258099344619
0.756391304956693
0.843669573825884
0.813490114499281
0.262171437814205
0.191272860591159
0.725694424415348
0.103544244830362
0.637184962262063
0.70745754502215
0.837062527514905
0.808628081992599
0.88131270285071
0.799403476703811
0.558388902044078
0.148373277781524
0.550883232213118
0.0264424951199121
0.81811785811405
0.536266976993172
0.70130940626908
0.485329546947614
0.15261579323358
0.0659470965862827
0.464002299238646
0.168680049888641
0.166900287060177
0.276758952932772
0.89249947846008
0.728598318842027
0.805968688170069
0.73660678536051
0.69240641002528
0.845286599193763
0.789268332308909
0.495097904190772
0.655281855314134
0.653977553901607
0.906712210779386
0.752225416374555
0.157045461289891
0.50783417350695
0.820834308657894
0.941525276516682
0.931788787690979
0.710222129998926
0.636399912266099
0.700100281577339
0.979903980441378
0.466427000702488
0.557095700646243
0.770863401940611
0.746372433840109
0.737850696402566
0.77625723036164
0.760603277494811
0.881562729608
0.360050087138965
0.706523133076428
0.626596103622225
0.676734114766961
0.787811040242075
0.884220510925258
0.485609658670938
0.609862962480235
0.301398167929417
0.84484020536244
0.849620095451082
0.777861896282026
0.709985288326793
0.851342714607136
0.438262781197018
0.808681644237515
0.702247646391532
0.457477462245504
0.0863706507969541
0.0706171817244607
0.08574939290054
0.861519426747786
0.771124133266357
0.269437915787357
0.0924923945355782
0.89670475457181
0.592033420604402
0.492667458375139
0.692636952757794
0.558619694421907
0.74494222723108
0.64948557372842
0.720018342209595
0.933616078558747
0.715419881364943
0.651374892770974
0.760032826953366
0.725372322404739
0.60873351619296
0.754390956364977
0.880417444117616
0.804982060944835
0.913958377552735
0.373946937147955
0.11958946081334
0.0839049055907563
0.927664070083826
0.721242782863061
0.756389584208079
0.621776244189321
0.819126005223573
0.30924212990237
0.0807900761776602
0.501784993294384
0.438541931191881
0.795828780523139
0.636662420589439
0.690434669763824
0.394883074166841
0.951800050352141
0.924938150468699
0.733435803816241
0.147897135591994
0.838952597834119
0.741683733230177
0.591302354935002
0.0793355416141559
0.0567727593100643
0.831637746855882
0.874467606455053
0.857141700641266
0.871936523969179
0.807384467810595
0.766152165448863
0.344516543126202
0.363765167240001
0.638441406173545
0.205760359812456
0.128897102065713
0.164935471613702
0.194297847740678
0.951024199528838
0.937444572282725
0.913743881687666
0.708250819775216
0.331759053282639
0.272376549194417
0.21020531071287
0.153052269545788
0.698251510267759
0.825169336000517
0.701056719161757
0.787838010113961
0.221617288249248
0.880902074013253
0.851970544475782
0.208022256680949
0.472779177091943
0.81509189949969
0.831793413232676
0.823899758104735
0.954412855830572
0.210614361311733
0.740760885290261
0.335611840413535
0.0751125364290386
0.877005875845327
0.695708777736195
0.458283659980297
0.795779854253442
0.555498769227521
0.755036066955359
0.844378173454486
0.731182893134982
0.76668792847254
0.667994961934334
0.909564966008384
0.686504856546773
0.71981630065473
0.782101348619168
0.68107576147585
0.781230901149034
0.488457998428618
0.455585135625405
0.779267927914421
0.472172336683461
0.951413362833475
0.34546075916771
0.351291823470777
0.216918897240726
0.774774550971135
0.93632293481222
0.888311751309645
0.872089700180389
0.617856530079653
0.404683414290734
0.947815170689496
0.687142624902808
0.916372462287606
0.80141135376421
0.673967307049808
0.734308813504363
0.885032136880424
0.4564746474632
0.217444229175254
0.407150235411171
0.774149189927244
0.247127573319019
0.385655070138892
0.332196347910214
0.827071331564022
0.818281715164353
0.707874987411785
0.912293583798415
0.877017617708114
0.818003300715201
0.409082329941127
0.451132482200116
0.794287079684292
0.161835863847109
0.51759162555466
0.783396781675582
0.555505838872275
0.141146073708692
0.740955920016403
0.33596599613622
0.783461968851919
0.831674026116492
0.792427325467665
0.55447133552522
0.696804478914615
0.767688690047631
0.660291713692118
0.0705910465009176
0.0937245383590168
0.448239301407155
0.124680635192905
0.553412116207755
0.622435900299663
0.0406774577878847
0.80098141126312
0.494396439922921
0.579564066358499
0.894336405149981
0.898501617093976
0.696366406563243
0.161303818289128
0.323705555151358
0.344619232115487
0.166204247889026
0.29261676968068
0.701197829906502
0.20011401593111
0.207190221277286
0.159312177788088
0.159312177788088
0.106026538206353
0.419925429103888
0.860227682840272
0.862155313821834
0.915271970948042
0.46765343317276
0.141321681833821
0.265609472731518
0.141108585410832
0.330219972714624
0.0589919365759541
0.578654411084788
0.841386875743889
0.355137952763876
0.567129091049951
0.443710288288188
0.821275567324792
0.343978355729086
0.829111653691393
0.756188446132647
0.800668883681377
0.717397637137735
0.555599531384337
0.828455415228861
0.701849904308218
0.142314570353048
0.10883966318608
0.239441972758471
0.828503999124836
0.361449223722142
0.853519133970878
0.831865215766082
0.614347836287292
0.806893500426414
0.847408916635451
0.718313159915757
0.740690859710486
0.381116159960607
0.164979152887123
0.588891635741392
0.766635314052845
0.0814284693263913
0.864058663139813
0.80088171000311
0.141942762379694
0.133599369885558
0.978800180738833
0.5303015513124
0.938266174556647
0.185708234139616
0.812047014886437
0.837448357405228
0.908555960003492
0.785418420254545
0.578956201559749
0.766281609799029
0.865884775029398
0.794661606430651
0.924026671071482
0.754392179961779
0.943441654420201
0.854477636483572
0.861017725349998
0.730945830625166
0.708157120362528
0.331854525948921
0.728438066246393
0.806697987714814
0.771263928529898
0.838054066642166
0.550467220326844
0.72304282471229
0.710541823727255
0.438512664107065
0.11557459965879
0.319914568698755
0.412016659584597
0.202714088893629
0.854747534598356
0.47636447075024
0.674754569079407
0.881514039949075
0.923272886809959
0.0773605130532454
0.794611933921658
0.729729936400253
0.689951196333932
0.597934481017391
0.598757091030633
0.941752055052667
0.807145740841833
0.880992740315246
0.948864365447577
0.749129568337525
0.854415431781841
0.733842850088463
0.837094168823389
0.784078023741863
0.714547706997319
0.845194781359473
0.805879632518675
0.0531807372283858
0.763529172882636
0.558204428570207
0.707836099125959
0.499934308497119
0.611739039159129
0.632285307968326
0.893655125796289
0.944690936953601
0.796508133192356
0.891126823499442
0.358847531587043
0.195361553901606
0.554313858529541
0.537772176130706
0.914428651886747
0.897752609611947
0.662900177023464
0.150516084497618
0.806090681596267
0.77021021648371
0.853797540564802
0.26783946048976
0.561013239366042
0.768930263004561
0.699066181096119
0.707160900746323
0.794911157811693
0.271977356320738
0.0374820716578861
0.743927602136741
0.197800054997525
0.0512803437205493
0.800612104662686
0.120698207494884
0.683999530816318
0.59700369311268
0.639849574481391
0.835263451771731
0.0593951495208784
0.819887990540373
0.850796438665062
0.799226262591495
0.433583039545347
0.771122166301802
0.543049973051784
0.145348163207397
0.838069604698403
0.749305358449908
0.284855402492964
0.712799308673289
0.0977505152943043
0.066213903523161
0.362814651937145
0.85596119237618
0.867271840031028
0.672799265991744
0.793906287687089
0.180182998709938
0.639501514394978
0.566100257109061
0.331129311489461
0.697917036285681
0.867497262142499
0.542768072354173
0.820600996442913
0.614551304343913
0.78766973152849
0.91795623168886
0.50312493667963
0.643280576126676
0.188254439036894
0.139274702302065
0.402595586591261
0.513955284516451
0.767724983225298
0.751113255420192
0.841932892054385
0.807282537297119
0.887297085595987
0.827548864368199
0.739956878289777
0.914118630403598
0.683005968730263
0.664264805437978
0.35593579813039
0.311117685968154
0.103133407109164
0.635342933331805
0.304573937068999
0.109267878759592
0.741659947054838
0.702736478151931
0.512581945770251
0.847069606125853
0.0618374742259101
0.126855763930049
0.36035545496651
0.135126285416167
0.870508983014417
0.137702958649978
0.748780907639398
0.872481855245946
0.973190493799375
0.789471869245005
0.601213679650975
0.52847640118631
0.196082122442414
0.79253441760198
0.634759686529391
0.263685722714331
0.760306930058124
0.731211368459889
0.672927277658192
0.845191636754068
0.619607611234475
0.116861773753348
0.302533112866513
0.549857510231084
0.875373505342095
0.276318376136526
0.694893482649317
0.902207883904884
0.900439857496118
0.529224708119778
0.122581245110086
0.622648196418942
0.79686090743172
0.489370525813468
0.450559202009798
0.410440065968496
0.024527027470969
0.688821843249624
0.748586283719554
0.673407486478819
0.649883812059193
0.809048509819359
0.86866053348226
0.765228567574631
0.92784580608381
0.136880437846111
0.75642450477317
0.41559478206888
0.341409596171665
0.376651325323227
0.545454893189265
0.349606314893951
0.756101673681685
0.782025935855532
0.819556031293526
0.912266278951281
0.872917200752433
0.917488776204446
0.759347179490977
0.747988110578435
0.570198880984652
0.83345798234672
0.632259342676673
0.059485655470673
0.059485655470673
0.493918596957537
0.0640522613205282
0.827469254349095
0.647358094969565
0.728559182421448
0.0577495870990029
0.557044963934704
0.773702430671479
0.70539827703852
0.640135160878509
0.617201462676078
0.828363883645625
0.68595760708744
0.346203758051527
0.603297816905345
0.196642301735947
0.660088104236876
0.817712150522536
0.0277940908235107
0.556633224850343
0.816457610652464
0.0807519622563628
0.169997312161578
0.672924461440612
0.714824533070533
0.676027769989434
0.231885849434407
0.143902324079777
0.907615152757201
0.786048766738939
0.898887552265156
0.832802987130274
0.813244709999345
0.732034112861988
0.836455677435353
0.083695296240238
0.876317353723476
0.77153250447208
0.831549014038059
0.80501235660337
0.850213105980266
0.182515522415403
0.67107700787048
0.861076637692287
0.839016635643572
0.640568111023645
0.846037756545183
0.763199739213876
0.776006148956657
0.944239910839024
0.592049456296299
0.556626053954803
0.869176067738796
0.818679421183231
0.815412801773672
0.655127713823172
0.887226723064852
0.799005689461865
0.75172434298371
0.774951347420048
0.689612169043983
0.566148076561745
0.60286102641764
0.832833185604688
0.0558983281965353
0.0566353089043622
0.781205956378927
0.812303760009978
0.816057519585734
0.746620802493326
0.81939125970843
0.718299474772258
0.712633674087272
0.735531282227064
0.621587412303569
0.814579567831109
0.506168291493704
0.66004033894072
0.94406208436231
0.819685865199695
0.865087793135882
0.846697438050013
0.678822997570848
0.562241029419829
0.754584665820419
0.762807284617998
0.896364244924568
0.720696940775382
0.353573025344358
0.483352355201489
0.843213284548678
0.446371354481896
0.850993148178825
0.899852509346076
0.818936550339847
0.831213642268627
0.733175611883459
0.460013360512305
0.765836355398669
0.765082925206517
0.817910961223026
0.950347156596362
0.632878904026253
0.702262824542813
0.473883155821973
0.37786137112456
0.782097400046515
0.92163813238118
0.111596027071478
0.845254390598725
0.724894777517948
0.930243530336488
0.630366310530913
0.182846975181471
0.26719465251591
0.957637298113255
0.0819717366773962
0.738447487159988
0.931776065732866
0.63199051727082
0.0749029464639626
0.869791508511641
0.954518970049287
0.212806283886696
0.154066409202719
0.740668956267408
0.796455408957744
0.236203523184269
0.408748806894236
0.703267781152202
0.16215919440963
0.734772122453287
0.688935324240366
0.875094148861256
0.844163089966606
0.894125966662892
0.620923689388619
0.944298874762959
0.724581127926219
0.83848972555896
0.715454475142923
0.78238401422204
0.54276136946903
0.787142619156066
0.141219018910396
0.339707770657027
0.147320674872324
0.539082728658994
0.318535584794544
0.322836934064248
0.0746510693729815
0.781772534416011
0.230406301561531
0.83529024286297
0.865299419688139
0.841555462621101
0.953146702845527
0.928707338113733
0.887079878544453
0.568392901527298
0.559447635739668
0.595562570538722
0.872657449784086
0.933547428186859
0.830560912172724
0.889911683629437
0.667945089928974
0.85648609229878
0.802375799909928
0.857008843026054
0.759218553626044
0.802614160820072
0.236771519087903
0.689203680284869
0.643254454265078
0.78169564023092
0.72727390426802
0.934080087419221
0.905220945808458
0.866478266494195
0.744654763592403
0.657169297036276
0.813188162070582
0.804661025292854
0.816184277893005
0.812988691073956
0.35918921422301
0.978328232389176
0.375526647764186
0.763837882846357
0.845087817421194
0.354896354281753
0.793326381510678
0.317893862135671
0.104888555823951
0.235304317789402
0.884566968279426
0.911422374170719
0.748493612833075
0.106960060378004
0.3136877382451
0.650816767552842
0.724554041728027
0.138151106293644
0.155458881892628
0.82563198585928
0.226967121495955
0.234530660723259
0.188969924213302
0.0488560660497054
0.559483540034579
0.140037531720689
0.922009461786252
0.36642990088667
0.886399850507107
0.127210396676494
0.381352489006405
0.418670199264815
0.55169443480825
0.178967993753189
0.666641716021268
0.846150920795392
0.793141108854471
0.457976219076827
0.829249960322937
0.808464787028838
0.702726992715851
0.848586066683458
0.0842252561859149
0.929483737325373
0.232216930483802
0.778083740481238
0.924142737828068
0.0808361916641578
0.685258802769039
0.811442171633225
0.190917329054185
0.420784059043095
0.774425970674301
0.222517910147609
0.0627349766995822
0.713496325676043
0.715783335754246
0.749089129911847
0.829948551339043
0.953678265961037
0.806512919322721
0.581126874795129
0.71775560071509
0.898920544794825
0.741891314752539
0.860689325424733
0.767148100994132
0.145324626864408
0.936469413873779
0.149650403676129
0.629399848875208
0.841707100560886
0.860225366239365
0.784527172970413
0.805721370178354
0.82397143594835
0.813494269850015
0.14710022213341
0.145452688247755
0.599599774240593
0.896566117477627
0.896461064818253
0.566338982752295
0.159183219444438
0.678182635779185
0.951998780792997
0.746767344952479
0.898227989309739
0.79348971100051
0.907569943804244
0.725296873990258
0.724875829748846
0.791925449733715
0.701097342064839
0.734769471948966
0.848162322042446
0.670689280812356
0.808216168827389
0.864922889884213
0.752554049542795
0.641923591741833
0.560795393750819
0.680718657384546
0.334392898431985
0.683845086126647
0.604076798242301
0.496533126722437
0.250849457221831
0.0492548055460365
0.664662099784533
0.0766050951709358
0.68886246983722
0.762193685104119
0.505457917855896
0.928075963651785
0.915629606298847
0.842984113084819
0.328711583259853
0.60380163057887
0.823316576218803
0.710987802832398
0.830795814509233
0.852061910089286
0.587046657049461
0.645362410397597
0.794654856175102
0.784376609019885
0.962162915555605
0.878624918267294
0.177386463925222
0.182703221655316
0.628136028453349
0.481715688341048
0.673617210016224
0.796078006831125
0.728395164140429
0.921372424408687
0.86671738726753
0.792056880563307
0.826170530159922
0.796907290449015
0.81569755765857
0.680788817652286
0.814795574484603
0.593103673317787
0.777910676556899
0.19441715922185
0.847058776523014
0.735931086778159
0.896811446648415
0.307570812139898
0.723459642415121
0.25471131628756
0.89813264497681
0.457476044191215
0.94018709034709
0.900880362140032
0.836751404634653
0.842926476232073
0.835577125648171
0.690001585137908
0.489170848237224
0.759413055024692
0.756422850319555
0.844441366269418
0.389009525791981
0.668361847126972
0.871725003688719
0.14961179233545
0.883979869639617
0.23586313072145
0.690394901494791
0.752376658894339
0.850501411710845
0.807656700794588
0.900348551126895
0.762131125574983
0.144308264272974
0.745506490974078
0.794799832175324
0.902545353424737
0.858514578999761
0.816482787539357
0.699945410969437
0.859274392449566
0.808138771204606
0.791037599135368
0.834426579411538
0.7188008600955
0.718486948131829
0.717985620582714
0.849572101376987
0.285985602583672
0.261975441923434
0.648455675979513
0.895795798301203
0.548595233778588
0.733328133669316
0.704500805906701
0.926591411274928
0.909478955168314
0.567577521021681
0.359841461902733
0.800932320747937
0.956002980571913
0.633093567043263
0.513356639042092
0.185120496613731
0.735765011998398
0.888509651778864
0.766214273845955
0.70567014277238
0.117418332890369
0.201922931150386
0.113553526772522
0.67728363957123
0.131088391174914
0.590978481621053
0.843599242939411
0.836565947388262
0.486082280431588
0.275671475033268
0.82625274287809
0.842421598296181
0.865285752173049
0.754686359523841
0.764899942565423
0.514720445495227
0.883086511190329
0.751018447669598
0.045610397814898
0.880840609599967
0.257624990113637
0.911530821106381
0.273446365038237
0.895296926523678
0.759282605578722
0.805018630908163
0.668800743346006
0.900367542467295
0.8537803270584
0.793664381343244
0.896818876605002
0.892194759798807
0.860178241575434
0.841717029378115
0.903120154782341
0.93458294995757
0.828218126630926
0.806209189759841
0.857727522138474
0.741150286559828
0.891237126546953
0.816043774710124
0.765273460584863
0.522620695654826
0.90822886684152
0.522389763709937
0.540158646850514
0.734463326847899
0.735938344265764
0.927908110941813
0.873762536355004
0.78723481315268
0.953349444798456
0.761177209900114
0.852342791527264
0.755224529070781
0.725527981311484
0.779410322201094
0.641499485270249
0.509523635456211
0.687886886523324
0.931133867292138
0.782623216489547
0.784032086232075
0.881984785659993
0.672814528429421
0.448178724796406
0.500201350298612
0.853529813031724
0.84138645698904
0.101293589881098
0.232203084600155
0.74560243565527
0.756708395091224
0.0686805668354145
0.0641402922434031
0.557436285839033
0.703893797679453
0.824448028474362
0.93245612807706
0.461996439409334
0.894428203294383
0.912022209651803
0.892605022891544
0.761608616805042
0.734463704603008
0.843479609877685
0.849303602302091
0.591050852557105
0.732178505588423
0.0862427029069536
0.725534847151958
0.0613837555694826
0.838803908016398
0.905253078392214
0.63685333720942
0.612059002069813
0.783003656657845
0.285326254808253
0.882566878996558
0.801370307775546
0.538153942153405
0.172591308993006
0.0641920100622244
0.247097314509453
0.92083194491456
0.913381050358233
0.546969109729274
0.584894013803885
0.707883692611859
0.726494515976117
0.468368791179347
0.0883220802155619
0.0579251907718377
0.435564289067544
0.823184944619542
0.876699525428619
0.861734230316607
0.720725896390792
0.76496169303629
0.268411121748841
0.173552798906633
0.751280998076946
0.0663696797424522
0.721396087034293
0.781548475665763
0.276989786534492
0.432179566756649
0.525488324429517
0.519042564535372
0.0234987600989924
0.528617774326859
0.87564462084399
0.484123989555425
0.621795409354441
0.819214140336033
0.671697418765266
0.955574179148518
0.821140740461581
0.848930124991329
0.615192249481214
0.707710650887496
0.52720882018704
0.0979458599498997
0.787468271368997
0.398339808531265
0.728761068167403
0.0499034970431139
0.479891729464063
0.56169896085363
0.75099228004336
0.775564938441806
0.798850259032137
0.825893023689625
0.819146346063889
0.816325835838986
0.713767902121989
0.637631629781142
0.685357613659504
0.665323646029752
0.705723807170168
0.561260859079616
0.960396634257091
0.661797724219999
0.666124605229746
0.753660186878715
0.463595075725472
0.930218194279384
0.894518175399392
0.35785456458038
0.187006147353662
0.0261900202633963
0.558548690464596
0.93385060536301
0.632760273868223
0.540937987596707
0.880248556850407
0.748580963887704
0.838157091435388
0.739278962874593
0.0704643444985564
0.0542661189827017
0.425744893301329
0.400919660050461
0.262232604725499
0.263684770675201
0.682810067768352
0.760722224454384
0.760127976360803
0.811004388296646
0.78401369830375
0.786338927369671
0.955659159130884
0.893289320771676
0.166329244021008
0.402459839872364
0.790380465635757
0.740357554287893
0.911354280519985
0.1682067721526
0.110609302917726
0.954759515088185
0.319732059482282
0.154433537381614
0.219013654364083
0.128593579192036
0.677512009472358
0.203273078626573
0.619463355829342
0.276467434904423
0.793566041036714
0.645221421966151
0.658182179071516
0.700450842108609
0.289238553588769
0.264464882991692
0.929792151695979
0.765461169243897
0.807481704481031
0.89034313558315
0.903113014724233
0.881405825156043
0.707821747371237
0.82911551798261
0.0819404043394554
0.620401334517697
0.757344623510436
0.0536313086493995
0.417380242258301
0.77069143305556
0.665124155713726
0.719757014441133
0.780357048609309
0.863218393655855
0.814632667357813
0.859127511680532
0.775672764807392
0.699253200858647
0.784426822608268
0.725680289385362
0.712409833684015
0.125375355675738
0.0714323737103089
0.251213863866969
0.802420566549263
0.537791743843719
0.787352372232419
0.71399689063008
0.834760070745461
0.320470748865954
0.149471483034678
0.263061396977859
0.0875483695828515
0.0673040856904918
0.753653986534541
0.706878731256301
0.78854927122727
0.717570002029687
0.0526045967842655
0.840256888981688
0.875148107530969
0.849105276835134
0.723678413914088
0.82363098511986
0.965733378962278
0.350056712566013
0.0343471635229471
0.705200942100438
0.786372695939054
0.187594949514124
0.714690295312127
0.786188817862862
0.825657201504688
0.388419602968316
0.773961578679682
0.861064321302256
0.686399782868039
0.694883676415065
0.644366156785223
0.773251822025305
0.125440246414459
0.502709322630984
0.133847555270412
0.119024466152416
0.846421959847507
0.820984314549602
0.857224742122785
0.844817123455996
0.762930755372307
0.558227738854447
0.682189177581852
0.684332858991171
0.726398472724157
0.883955821624664
0.822585758371357
0.924134811518617
0.909425036442177
0.0950421310913016
0.1359658283785
0.11352749473735
0.460729910771129
0.0466677334053445
0.82458412044844
0.384933661482412
0.828036362182155
0.749261221322061
0.20016367272617
0.150056917747648
0.329601772349526
0.262006218631613
0.75398607675045
0.73876460813316
0.765853272900319
0.794215991946769
0.516522787320022
0.600834787867855
0.776247106678077
0.715433144433431
0.816018067244811
0.728161439510567
0.0851375290709356
0.0798359285745771
0.231568862501019
0.594811301458878
0.869474940526983
0.392393459692821
0.0786233758820231
0.561941011678638
0.886695257115405
0.811948864170658
0.754364446180216
0.956908570391422
0.783581150623494
0.403085558367136
0.602776529178278
0.756606002959338
0.0704141583233162
0.0737583888996428
0.465849542500429
0.501026944944351
0.954457030172231
0.728436704646507
0.636728277860978
0.757950728864357
0.698557460113989
0.830109120540052
0.848732688735905
0.685891906844485
0.652597426452795
0.79154693155022
0.917177077534913
0.758162502300135
0.538559651182196
0.73540191578434
0.857065264410024
0.9171986876305
0.829278303297497
0.0814380848690442
0.82899852637603
0.246536116226711
0.261676096924848
0.227083909453274
0.68574223783087
0.599946985970671
0.879488972645554
0.924664460395336
0.884639925710012
0.859355424266402
0.662491258989314
0.606266912003623
0.629826990635571
0.790788142152139
0.781337997319452
0.946266362947147
0.880421809315406
0.666376788524877
0.247910119407898
0.599405583007331
0.14276099221204
0.0827251052853266
0.861511084383934
0.893214019055259
0.549968331406385
0.401529008600076
0.468109371741976
0.104106345660921
0.313792120246489
0.871036626080602
0.870271639770774
0.722699767063379
0.45450967352486
0.513301653668037
0.572510137698721
0.175797489125283
0.144560439240058
0.310797452746569
0.892302053674817
0.837690883407405
0.931919010365553
0.831284160754802
0.77754603201179
0.776643003727495
0.802231978809145
0.558396618359576
0.191158276465105
0.455289243234516
0.132038679932925
0.131105139411014
0.0882559272037885
0.12550853242582
0.192089223065071
0.466335390663763
0.803723911639924
0.954532079910559
0.884133390997092
0.482720385070819
0.506023991069924
0.580646861643079
0.579557482548178
0.785287167513661
0.42472842119014
0.688103525954867
0.827181307446827
0.371055505726433
0.180084691012459
0.0911604910302567
0.322970516505833
0.759965674183748
0.826054708280928
0.43648529560679
0.0621501574358154
0.150193497506042
0.711369765002668
0.710480451348842
0.914702379128735
0.85826164526265
0.848521570862875
0.606513395250555
0.243869898339094
0.223757095690776
0.1493162697231
0.33302709091099
0.286635309036172
0.728065715293956
0.796585181316292
0.788653409235289
0.952745176124426
0.667167282588058
0.467703455717092
0.354348204753817
0.977021974339172
0.788770441962586
0.818441052413812
0.715987391298612
0.95471403742255
0.753610454371709
0.703252468675037
0.330927032979815
0.579950821043798
0.54185936984338
0.806044743658721
0.365371056603041
0.863797635815779
0.851913312869571
0.225207602712511
0.170761387906761
0.0747021541291506
0.789739307852405
0.86194195343761
