49
319
66
294
71
183
43
295
313
251
164
263
276
248
172
3
8
410
822
787
262
950
509
749
10
788
278
231
385
775
433
143
191
117
819
846
951
803
163
726
520
820
804
126
327
657
595
33
730
718
380
712
137
1010
709
662
683
503
796
292
63
255
689
158
546
680
237
84
1007
200
864
467
210
802
216
267
307
437
957
973
375
547
888
100
572
28
566
166
176
844
325
792
615
736
308
541
478
362
372
303
582
704
54
471
925
35
517
50
442
922
141
1005
240
966
750
439
9
697
813
73
913
244
58
906
629
878
422
852
22
298
579
135
310
731
7
594
613
553
462
543
167
707
492
207
82
960
561
979
883
927
832
271
506
335
814
656
682
767
56
103
182
184
845
634
612
825
219
283
636
938
304
585
735
573
777
717
830
229
877
222
138
641
784
316
206
443
722
949
101
929
816
44
771
48
837
893
81
823
672
14
564
75
778
114
118
589
321
654
1004
551
693
67
342
323
332
19
570
227
512
324
920
580
62
970
895
45
356
668
318
510
577
149
994
759
989
232
598
638
384
497
901
93
419
415
602
669
524
981
46
284
250
96
274
472
821
438
881
31
559
364
871
89
25
679
545
515
988
623
593
591
376
225
918
710
663
780
382
807
575
921
297
179
599
865
839
401
739
38
584
948
826
156
516
258
954
488
476
574
836
1002
217
350
848
887
389
270
810
174
208
532
124
875
119
624
774
783
992
39
962
659
70
1003
982
808
753
955
926
892
449
588
650
243
432
569
666
1013
959
293
889
511
721
212
309
373
747
902
652
550
781
130
894
933
57
934
688
326
47
916
458
339
153
746
466
1008
495
764
13
969
320
719
578
129
218
727
720
76
742
619
369
383
363
23
211
583
762
763
655
568
637
69
205
446
952
242
148
337
760
265
765
675
407
604
518
256
228
835
1000
391
817
658
646
967
479
430
291
993
537
903
370
980
453
154
220
885
678
609
961
557
801
975
395
238
448
165
812
257
142
539
785
330
115
343
186
806
34
201
563
779
249
946
5
486
348
504
514
673
847
198
1011
625
246
793
484
748
465
72
587
398
642
474
828
854
427
359
907
838
869
26
647
790
732
1
253
648
189
411
195
296
618
403
798
305
266
674
805
396
273
867
473
544
280
487
269
751
381
725
116
187
475
214
97
502
334
491
41
841
496
724
107
879
610
408
761
507
236
87
536
344
695
702
160
947
769
88
354
608
499
441
930
261
620
315
974
607
560
873
932
333
302
481
691
367
177
904
676
404
483
908
849
51
692
522
287
374
919
482
239
501
733
353
870
996
898
450
616
61
52
991
254
455
421
152
714
331
897
113
882
853
856
357
477
791
863
161
562
188
230
794
122
772
521
145
622
601
95
530
289
99
645
355
42
956
684
360
606
924
203
181
235
976
944
935
260
896
314
850
139
493
649
150
6
723
891
754
627
635
860
505
859
109
104
192
445
651
105
1012
990
366
388
420
737
617
340
614
626
874
86
112
548
59
185
451
338
542
351
558
78
999
535
644
80
842
136
434
64
686
776
862
460
469
190
21
815
756
603
27
92
611
971
4
131
911
773
91
259
915
997
24
797
628
943
985
876
681
485
288
247
525
886
180
696
703
552
17
299
590
436
168
110
690
770
713
329
900
223
490
146
711
400
275
523
18
74
282
405
399
513
204
872
799
540
677
413
708
782
377
983
912
843
534
426
341
1006
831
371
387
489
670
533
416
390
884
639
660
226
829
456
500
36
155
795
322
125
890
16
454
834
352
694
425
312
317
858
412
729
120
221
633
361
667
311
169
917
741
818
300
755
800
789
440
393
175
464
40
173
526
277
998
2
306
972
365
358
30
671
418
827
665
857
905
597
861
630
701
571
766
12
984
264
940
447
202
234
140
199
527
162
178
209
392
286
336
631
480
170
402
581
346
661
68
20
397
758
728
945
252
94
768
461
134
144
621
734
937
128
964
851
378
157
424
245
215
740
108
586
444
978
429
345
463
457
79
1001
15
301
347
11
605
744
715
529
928
386
700
37
328
508
743
123
809
290
538
98
706
909
196
379
866
431
194
640
757
705
171
554
643
133
716
519
111
899
281
596
279
241
931
65
452
470
910
855
555
953
459
147
531
423
494
833
556
752
132
121
738
29
941
977
285
272
409
987
85
224
1009
965
106
435
549
986
868
699
685
786
127
468
498
102
687
55
963
968
528
394
417
745
565
567
77
958
939
90
600
53
349
653
824
942
923
159
213
840
32
811
414
83
268
368
592
197
151
193
632
60
698
914
576
995
406
936
664
428
880
233
