5.36815713686536
4.80029308771912
5.58572681711599
4.36380481600697
5.58967424070233
5.59813933246721
6.23745925536509
5.87994447652785
4.3599544459859
4.70546954261174
6.23981361552472
4.96084853946674
5.9429695742419
4.63907255711655
4.39771650787957
5.5482625098707
5.07331685346621
5.11256213412966
6.73518863955249
5.25706643858236
4.74199979907416
5.62607342879597
4.83924711965887
5.59305509643577
5.222236280221
5.4531842221255
5.53187899672393
5.92615969541334
4.97915512342698
5.44875851521992
5.191878226745
6.18035086328288
4.56591750668387
5.13740407550743
4.65280556022803
4.66925359494574
5.87989248343716
6.04612843828838
5.80875586596265
4.71752415564437
4.88412589628863
5.95363947542849
5.85415181132975
6.06646856040708
5.29037174010251
6.4300075434861
6.8612568602312
4.53320452014678
6.57046844439578
5.19087091312061
5.26477844123019
6.6023960536237
6.23985357876748
5.543493061788
5.31145215133599
5.06365906270749
6.07668483640232
5.38427725211512
4.55661601545679
5.13837625047981
4.00447938670659
5.51790981328099
5.04617406482851
6.28412898175908
5.36164492909595
4.83671297622622
5.53875956715273
5.14443487161474
5.29126853345026
4.94583828045424
6.16695920223585
5.34089412636399
5.26433468725003
5.75106828436482
5.28688608110292
6.00027238226568
5.84652153961774
5.34615846120456
4.55271139771771
5.78259844749263
4.73356815701602
5.83066276741143
5.42325120621057
6.15041619682593
5.88641259730818
4.73019717868728
5.6616226416035
4.72538837440829
5.30053000168754
4.91089098786008
4.27598661418652
5.61484074067477
5.42635951809499
5.72167281030381
4.91365028949609
5.15158625662009
6.85123979357238
4.80770529731159
5.51829679063694
6.34590173903488
6.35648831057188
6.28613354581404
5.61544297925946
6.01323312536806
6.05715920472905
5.49360192003591
4.81644883429989
6.12884837768943
6.84257561252801
5.70028263276585
6.20714902505842
5.25055016891011
4.6082167563258
5.56193825053121
5.88176972461949
5.99329113557862
5.62138810787141
6.69597372030361
5.06777529458628
5.64640018142087
6.30404652478393
5.81653756972272
6.39576826546592
5.72103035215014
5.61470844294412
4.86796924699037
4.35163196293854
5.64747409495147
5.9003949470396
5.00806101114
5.02694039084011
6.43794568311514
5.39558878184095
4.99881142117099
5.92387051146299
6.34552678980655
4.52555763174634
5.43907450412074
5.49643965972286
4.02894498962238
6.64160299387378
5.76084627286789
6.66283685453388
5.95421041945426
5.15235188615353
4.52905921487239
5.58417584653079
4.16384325406588
4.64608352517508
5.43693181502162
4.54424970763688
5.27314929447436
5.71608069543225
7.13594306680413
4.5638913531799
6.18646942747513
5.64497032509742
6.10442480756227
5.03171712098491
5.39446188493236
5.99570897502729
5.77044767145383
5.17310583460381
5.2571858895831
4.68716352387746
6.4927494209837
6.39724000017241
5.01921119462495
4.1319096808333
4.41456108417152
5.76983620545169
6.2553245614672
5.76231167212711
4.12241587702962
5.33715743950137
5.87805817294845
4.88038486048115
5.80591378845196
5.92546716335393
4.72983529888323
6.63815149377816
4.87180405362963
5.47852405950976
5.29421200405024
4.19189830041449
5.43000863347058
4.72919946811852
6.01281386215367
5.177581873104
4.8483105623076
6.18203047228021
5.2582944890707
5.5621456775596
7.34299673292155
5.84858142585846
5.23606395613167
5.6417329404227
5.77293855393013
7.87377933819767
4.51235400878449
4.60059249874874
4.00891640012229
6.93373088494633
4.73720375305943
4.10153105813875
5.43727910704307
5.83947773066811
4.84007181701003
6.15399205979587
3.95309342567055
4.43531223999631
5.10889606745841
4.74282980626054
5.21991654703279
5.60450609363738
5.10280918658366
4.31665765715692
6.2300864804736
6.09013798553431
6.10949511750143
3.91852371186826
5.44569033152537
5.11200509132159
5.38097995754234
4.81483316005551
4.62852703358332
5.77393374027545
4.3069633075627
5.25143317227927
4.88468921037773
6.47620647271207
5.40225648242093
5.50116229183416
6.41502233178772
6.13527458568297
4.71588902784907
4.65964801427994
6.23979854305006
5.69185141452056
5.18662183459236
5.40396639097341
4.31199084925858
4.82146848796657
5.99533409047111
4.44843974870192
4.48746084097889
5.50912296475307
5.78234186175753
5.94057671553866
5.27307494082398
6.20336237219416
5.089612535818
4.27797911146197
5.64859022844882
7.08071870976928
5.40325496745718
5.26157166944994
4.97182493280791
4.69190527501525
5.36994297886684
5.13743516103723
4.27157055889617
4.50957633068647
5.86903132271859
5.6047538010254
6.31982959409955
5.44156439145565
4.76843375844198
5.49945928628909
5.46733590926829
5.40705007979148
5.92914469067582
5.5223323797155
6.44581868173117
4.93992254811366
4.92131891542685
5.6808601990201
4.60673422466014
7.33455916392993
5.44263030832797
5.33026161188993
4.84413346784253
6.74034842213106
4.78887499825298
5.52081391797958
5.39359860728954
4.13338282622834
6.21043170915166
5.38584552115458
5.84548999277986
6.00028945065364
4.98098770246745
7.12781804516602
5.45600727294064
4.38025077510704
5.74530935864413
5.59917568642177
6.07645598108104
5.48644308673705
4.57934048396447
6.37420036967254
5.82149385798486
4.42209371530703
5.0362285599417
5.52381997277784
5.34412852441206
5.46120882536933
5.82812237793502
5.21582122336013
6.10937113794753
5.86508735394684
6.14270225520966
6.34472347721564
4.18914095959187
4.86216742157957
5.06616730620766
7.14231143076463
5.73776831170788
5.03510890989454
5.71861172653748
6.4145615866746
5.6686494261593
5.03049171453748
5.50868320940134
6.187919294568
5.12628180878938
4.80502025653728
4.54303010098978
5.33567080914241
5.94095944385115
5.14985371437461
5.11545846026868
5.72465830748129
6.18512448150549
6.2039353332531
5.32083510235178
6.21212137861164
5.95431928934802
4.79540910831949
5.46955131772311
4.90020329730914
4.96639922733961
5.5389897446421
4.4430735042049
4.76841743131378
6.03666981658952
6.08143622053197
6.50763044267722
3.77960991919819
3.88385048357984
5.49782045020142
5.05365527156416
4.78385187629757
5.84797524117278
7.76309153491097
5.63505222410877
4.10925037209332
3.94513042866907
5.17792245723592
5.21088664386318
4.99970749446644
5.45015345723029
4.68080305132018
6.00149759912243
5.26114672112612
6.37927867010352
5.17572559747542
5.98635800780467
4.82748577364192
5.43805071156336
5.48187946781495
5.00519558134045
5.48385149620108
5.12663182149771
5.74420015758515
5.39381122435753
5.28595859054356
5.54846077721845
4.977821143433
5.10937666776763
6.08407845586612
5.81252888436787
6.21339942854049
4.60659598429187
5.53914933668445
5.3202018247016
5.48778209635452
5.68923640034793
5.32536486780297
6.5654991617528
3.96793401725385
5.42269343501341
4.94067865714573
6.14841481700681
5.27903808294921
5.40778890227023
5.96587847102786
5.70846449849518
5.5361981239567
6.19854943972737
5.46788213697359
5.24212910253025
4.85920732868819
5.02855117228209
5.95461370033074
5.60576641142719
4.24932649604927
4.93969462789881
5.7513779054408
5.98898711826242
5.29707785850186
5.7528410177094
5.16519567844761
4.89254747292828
5.37289899113448
6.51863864987824
4.55940728925931
6.54044032317721
5.69197063813376
6.60432824109599
6.62018815404361
6.6151988371525
6.19103798306883
4.75978330454772
5.26355991232962
5.71471686074199
4.9468732415017
5.66802536612069
4.63458093657941
3.85191714313318
5.77985023604243
5.88115386817089
6.25235347382504
5.15334400587006
5.88289502552205
5.59368812713305
6.76854686864297
6.08698163699229
5.02349389488255
5.57509855694309
5.31445065947806
4.3065677328726
5.91249048131009
4.39311200842684
5.15112214639981
4.98181869412505
5.95335785809445
4.96815679317642
5.57076194147988
4.40981814211612
5.30820008593123
5.73391838156527
3.52845531215684
5.04936918994939
4.70312404567884
5.47816945879686
5.39919815651233
6.26803961296394
5.94476689365988
6.7171556477662
4.52029576398968
5.49260229882392
5.60495612272609
5.02308724067396
4.63934477725452
5.53834210836686
6.17973841735117
5.08338719209249
3.34049750975312
5.93208204377083
6.21075610219835
5.92592605178004
5.1429215598284
5.07513323746141
5.86981904862404
5.70579689565473
5.56370777210198
4.96860945475631
5.5042995206077
4.86091652630203
5.83201391025972
5.15986010036898
6.30486481453817
6.03361068649591
4.89656216508872
5.65223722581407
4.85491546800733
5.44537729487487
5.08350467892438
5.49519513125703
5.0629123838934
5.67051497408626
6.50762061411245
6.47910118245112
5.83597104516888
6.12619541243361
5.22462521568163
4.85303587721526
4.94541917718085
4.86574399967399
4.93153427775322
4.87691208840936
4.88237994769858
4.47503797404418
6.58167561232165
4.72804315733949
5.79446065852359
5.51632656037726
5.19271021120166
4.81419413856513
4.5153360656212
5.02025028792043
5.74713747273177
7.4984054848913
6.40390595694713
5.11829048280209
5.85232804505368
4.95413125243956
6.48202573575137
4.40624735846271
5.1697387414278
6.99026339825463
5.7104965804466
7.00711872097809
5.31221521362956
6.3322386695206
4.52508641880032
5.35065827206643
4.79109601060074
4.78195327695739
5.41402577988741
5.55585999543231
5.59516573319627
5.0124214810755
4.26583125220814
4.91603320100897
6.71597832138833
6.26739066097719
4.57220132594626
4.82796167896424
5.0773677466583
5.50529167161221
5.39391162013098
4.93996636840272
5.65736969182696
5.51804688038465
5.8856273356903
5.10984662962
6.36822558885072
4.84963520839614
4.81508331938247
6.17231376257338
5.76840416408448
5.10378958928348
5.76102270263504
5.0774303181906
5.94770331501798
4.92416449081927
6.26114643403145
5.50466128812738
4.87555193831986
6.05334794561414
4.74603662078971
6.23960514768878
5.05633450396224
5.00931380407803
5.30808525159513
6.49017769328452
5.89279368224723
5.62552086143549
5.2443188016421
6.01943321964471
5.28288986619641
5.71334750546811
5.84738727407703
5.57532804044979
4.79939056835937
5.4193920059058
5.40179648443764
4.99157524094387
5.30171090138448
4.12230139969651
6.45046803921364
5.28516207073848
5.63893461179584
5.33882458208454
5.74788420861556
4.948893229593
5.96505495465135
5.62921138826952
4.84858182670011
5.05753043222792
4.87392492813954
5.06053147467941
6.40278078679067
4.15212427649966
4.98674674644592
6.02869259549193
4.2210540767416
4.72161497827142
4.6152137408779
5.31798685803181
4.47888244996217
5.64093641933562
5.43574986532604
5.85629787725029
5.31454783890276
5.63159837426355
3.97983491150372
5.67187581672645
5.26417257044566
4.51510229546997
5.7382338472565
5.5241366599976
4.81739945564288
5.42248391831979
5.09235959487545
6.35552940165752
7.2459640826298
4.96327095621485
6.07052604425806
5.1965884964763
5.1440759108167
4.98526497249742
5.59257917287484
5.74476687797658
6.20821610140535
4.90706437798362
5.35789738843548
4.87730981055688
5.02594897393227
5.25414919355913
6.72293935740416
5.4953563897904
4.05943804274298
5.1554593423453
5.89269785526469
5.05223669288496
5.79683066840652
4.19328266220672
3.93944728547402
4.29354506262268
5.86237974679712
6.11411964979593
6.32773811437427
5.54508321521368
5.98221330382185
5.49282854728314
3.84183149281139
5.84760690304664
6.41692563011866
5.44250209217381
5.79743024292125
4.70323410112637
5.02807231758935
6.53694374283731
6.31868996489797
6.011363122066
4.32292556752587
5.90881569674613
4.91074777324304
4.96118891764442
4.71357000781215
5.81883189075057
5.37841370790678
5.99946372726917
4.48776809409092
5.40174035664187
5.0111141561407
4.03733556156943
3.7462032290976
4.34262266536586
5.78386046804772
6.3901954088667
5.52762645773568
4.9149968174055
4.5333533553567
5.18759116788178
4.98759744025936
4.86885168204013
4.91010007229326
4.98211692052624
4.68788017552839
4.4903609281812
5.35523719212019
5.73516564025568
5.81334784973519
6.4627458927799
4.4801325412865
5.80299375574061
3.9721771272058
5.82787826319467
5.86999189388854
5.11268337115366
5.11254644703839
6.21456633668444
3.78427321757329
6.53746030696358
5.48206913051589
4.29180817245365
5.78714052857643
4.01253520990542
5.35677480254386
3.52899794960358
3.94922087438504
5.86971404886765
5.99018163922542
5.50356259636884
5.89695713387067
4.71648605159732
5.82649154895501
5.53534127036903
5.49105113394867
5.66177134421003
6.05919587996876
5.35611265028597
4.72360397728182
4.66351311192636
5.01474729300433
6.42046642031398
5.96144732485909
3.91231493008328
4.29666898351968
5.46904193397032
5.84028903717486
6.44762438277622
6.3769034246522
3.9029224055874
4.60179514743081
4.55084098259811
5.94552986195886
5.71568702205869
6.19926387437035
5.11667928327059
6.00268700671904
5.07913579299249
5.28461876418935
6.52808127853475
7.07994591549879
4.64004449124254
5.38678476304423
5.70427518088817
4.26741035582531
6.24341144490336
4.54237172457352
5.20241456184587
6.84812382638299
6.25784684420337
4.3675790526305
5.18605489175374
5.48539509273451
5.8535890534353
4.64458603639404
5.92166879495366
5.02347436499564
5.33324847063347
4.82201788319759
4.04447438260578
6.04265851313082
5.70879457157828
4.77592293227044
4.44108587708239
4.54299037468771
4.57389632519513
5.93207892838579
6.3325442600212
6.83377201453685
4.8393704232371
4.88345081074313
6.82981765126938
5.3565974984533
5.86432583130992
3.90738555608884
5.19060300329723
4.75149961473821
6.10436671523
5.13581719216721
5.80381725766114
4.64421624474461
6.42926579589185
4.45583353000308
4.10610816246423
5.33591184605604
6.13796958209353
5.89869102967286
6.14547424751975
6.40320285174728
4.76462583823911
4.9262716817436
4.84433417930521
5.61058002376062
5.03862804171704
4.72621629530001
5.36166254748714
4.95519392938737
5.54403025695817
5.74916155879314
5.56444990515372
5.05733249119933
5.39229376387107
5.55027340716842
5.68221481834505
6.26775083826961
5.73007592595536
6.12461837680519
6.03891942208587
5.64509064325144
4.50399601830111
5.77013013493621
4.1147506137613
5.01063349440829
4.83316885892653
5.96877728243071
5.82629177276976
6.3512600442991
4.93290815963942
5.84389718011907
5.53850619724253
5.06043348635851
4.68203533870223
4.78004865828124
5.83009868481848
4.663078266044
4.10863587372448
6.39818434349326
4.91145248931933
5.24748482449586
4.79287802519042
5.93777503110477
5.09667622549955
5.72815804577084
5.16361894164829
5.78360314084907
6.33991794835646
4.41717481898412
6.04548883937568
4.4214626367396
5.73104962960766
4.76857811007109
5.08250648289457
4.80700461911306
6.18999618369472
5.84109683508067
5.78269040306982
4.85559415206153
6.17575471079564
5.86974059967186
5.30968145719035
5.09151075331063
6.64385877578462
5.16881132824585
4.420609162575
4.73802488780654
5.68445610732352
5.61814816764686
5.81797519012612
5.76746297299523
6.14147594961431
5.35321346901478
5.38392572801473
5.80128429306422
5.19340491160014
4.74561651012147
5.72313056228677
5.68585785126986
5.52679419014774
4.9581127549583
4.76974400289587
5.62207517791737
4.47045801624037
5.49506345013906
6.71355284431214
5.79411277682866
6.12429138749018
5.72347335010171
5.70556956729484
4.9916379183973
4.68573836689817
5.14063449770886
4.64430498544121
4.87371241530025
5.91409131633976
5.90982732117769
5.39413132500751
4.5013996616657
5.72400466292216
6.4667224497424
4.2779929522771
5.75612794124883
4.62263963043798
4.21260748402189
6.03329047983884
5.6838357451677
3.89086606429746
6.85400099326588
6.39167094355966
5.88322176461078
5.61206349317142
6.00502682788986
5.22484430634654
4.83217392513418
6.04445587286294
6.09479866961215
5.40080438612727
5.57644940297951
4.65855836168395
5.49311064886702
5.29273384905758
4.81241276158687
6.76150347078568
6.27177359170708
5.70510600949926
5.61726485379329
5.37023330499491
5.56803281359627
5.26378221401353
5.49658254409096
4.93285289965846
4.99484598374316
4.45420496574052
4.49495812661925
5.74560754480558
5.6296137318655
5.79034943200344
6.00825332363356
4.81734069238245
5.71458140235617
5.41797138930418
6.63372583568222
5.55198869250113
6.28174760765681
6.38828294059554
6.0738520662066
5.15059898884117
7.00432333231295
5.1894609969114
6.43882697221032
5.06474229202206
5.2920669816928
6.28375615740585
5.58205156816733
5.1008458246412
5.68588475585966
5.39074036546998
6.80673816984182
5.5531420174285
6.07409615734792
5.57955969707364
4.8098609252465
6.02796193331401
5.02219722593162
6.59511780171534
4.73049665193612
5.1273757563386
5.43779196236988
5.32167061487837
6.36773592775845
5.48295817225644
6.13954057069848
4.5920009957126
5.48660658141139
4.75724414960836
4.99471435200778
7.20147639348509
5.02360975693119
3.65729124303219
4.54972400148237
4.8763129343788
4.68859722830225
5.00733209102072
4.49789218819236
4.43441862733529
4.7123396317864
4.65910279649521
5.4342783317196
5.26898502250229
6.19250419640197
5.95043925315454
7.19804389173897
6.11526776209898
5.08817577213728
6.72658532005683
5.01848122249523
6.22647584341306
6.09303365573947
5.9734620539133
4.70784383516349
4.15460544977634
5.38933359874144
6.61037464885046
6.48016388423237
6.22640200643346
5.11561608340073
5.98650881965309
6.37388106775936
6.51258259584171
4.97829745000805
5.73504661672573
4.6001334600345
4.53910736169523
5.10326940088193
6.03862777628729
6.54581182906187
6.0055382627664
5.06711391381117
5.39343480314596
5.36165849143238
6.6444065907661
4.9506688846311
6.7029036987337
5.19772430605749
5.37451078162277
4.99464690350172
5.73371435295829
5.89741051640234
4.77333010513488
5.81006010248219
6.11560975630393
5.78535370341305
5.23015761742626
4.32413077441699
4.54181978594936
5.20020668335105
6.39224078433865
4.68576048379324
7.3589948612026
4.5822023308707
5.43239524152784
4.79797454262427
5.48097325580123
4.84852026235647
5.83180478932724
4.90720745369747
5.14946690509369
6.56350069867209
4.82100535057933
4.59418452120798
5.48829637765272
4.98208430491102
4.9666546658851
5.04003439535097
5.79873338375971
6.33725241701371
6.66741807714279
4.88891280430416
4.50981625868229
5.20323550662558
5.15383358556881
5.04850058780924
4.4693658050686
4.79253767412325
4.85949389304203
5.90653842757079
6.25859563103563
5.70156185641066
6.00144310319579
4.53628127921451
4.89800910012098
5.75944114601988
5.22497700693685
4.968308836601
5.29074930926269
6.29360783765347
5.75945972719092
4.98475514542725
6.15318931811031
4.60642193913198
5.82991206091918
4.40014295406625
4.99153187475312
4.57573599919924
5.45441071621043
5.19938341104435
6.27112971058049
6.61589464952672
4.48653959892709
6.29332474549459
4.38624153638451
4.04635519808878
7.00985649594078
5.80375270538688
5.76112250534379
5.8213419861472
6.13178765663692
6.38338934747221
5.81847896032676
5.97955264775137
4.76790307886253
5.8336289823828
5.21463128637096
4.56980051559189
6.5060395890396
5.57300249805715
5.19021746364123
6.31073507656069
5.40476713205306
5.07983243019431
4.96940928805034
5.48226588720959
5.04920070422158
4.35012910931208
5.80985226847377
5.16039550704964
5.27057529419344
6.57989874980801
5.19040988587644
4.82094869497932
5.59021484349332
5.48793513952405
5.19273368229985
5.77345761089219
5.55531393352603
4.17622042615016
5.76832629984697
6.32907684313636
5.02375937902034
5.2848871309332
5.21566048091617
4.56698179298553
5.38258352677607
6.05267968715937
5.16123511898672
5.35634367357391
5.07748999128748
4.93218538311806
5.08210832340724
5.85667401591394
5.39083462888294
5.56355193022577
5.2763138031493
5.83350085583802
5.05848496698945
5.33316332134596
4.10461734497215
4.25685049556275
5.71585771556527
6.14590286055701
5.21127102509374
5.14749953965598
5.78664995738767
5.89676237131335
4.42272892833981
5.98298952182718
4.79020392905893
4.11164610056796
6.0484438714409
5.46484584812734
6.25506706008064
5.31760046558692
5.49422456973346
5.27799218141786
7.29943654687078
4.85804684711752
5.31496551539663
5.93579149644146
6.53204077039217
6.97145575864821
5.05044997606789
5.58500449774911
6.1343939247021
5.67010141825623
5.58973228376133
5.03391407188873
6.01049427099323
6.22813406097287
4.30148306862948
5.52548439191288
5.24421976673981
5.19587294090943
4.96293034642461
5.04333872922669
5.07193670750093
5.18651567716782
4.74756745503739
5.41848413807633
4.65491148454052
4.90479812709145
5.21679856946789
5.62448540966053
5.79490389064244
6.50079226039969
5.7229872047525
6.03200796016725
5.63187711748832
5.80683436164243
5.64823078028213
5.39337001998416
6.03161139230642
6.1231511950874
4.93650067082754
6.52064575643233
4.05248865344838
5.45299118584383
5.29370773819888
5.72691872438141
4.8486858952727
4.08068202148957
4.67563092401003
5.28240005093968
3.90779208771676
4.58190581686679
5.10761819493759
6.08094828227097
5.9287910895579
4.71604519077098
5.21566834437494
4.85457657584721
5.55235117634678
4.47830307954513
5.80430129736763
5.67954406721984
4.35032210657263
5.79878285224473
5.51413646688594
4.74053642919575
5.06257573689683
5.49183769076538
5.76473510098384
4.52252305248963
6.54753921355177
4.67947043167687
6.43446235001583
5.51769735947158
4.0824545127618
5.39583894576667
5.01621634857235
7.12486765772375
6.15034645860712
6.43975065777024
6.10801577067609
3.38712712806575
5.73906449570639
4.84422073696128
6.32594866148539
6.06978141766603
6.96728553147303
5.07735948968158
6.20650490589656
3.79691756158216
5.44735941202908
5.09868907955339
5.59834360392996
5.08853010699777
5.35519415188549
3.63583127138112
6.98496916354417
5.32731139863729
6.22060441940456
5.01343453227925
5.85279316318204
5.13246998138536
4.74780232520801
6.1797496966591
5.86484778938098
4.117376327267
5.42998577117275
6.12555932853748
5.90216473193058
5.86416537661122
5.74974544212835
6.0594318096485
5.85096447944513
5.89034382115652
6.91778524269284
5.40872274281072
5.50557688520608
6.13282085185616
5.46491046078289
7.47225812102739
5.96723555196739
5.86438462608408
4.88752529633263
4.49516206840637
5.39926345620505
5.59576744796947
5.68617157547465
5.48780255140629
4.92236465495581
6.13046403283108
5.20373622835027
4.68330330716501
4.84556965082975
4.89433097632474
4.53057726575812
6.59457086575753
6.578681523096
5.96923940760038
5.82617132169221
5.30846784631834
4.97385498616341
4.28884798584048
6.07289587953117
5.4522038134971
5.50853465950061
4.07007845240019
5.51959398959701
5.67142174467626
4.26228477742743
5.43381431678511
5.85223986413143
6.23869141937125
5.0648772175208
5.0031151364696
5.53538651276777
5.3702522238405
4.88393674303431
5.78249549365832
5.23696853921954
4.73976158029602
6.0093781507798
5.16117404544109
6.34939102189991
5.1888353972159
4.0576723541438
5.16923386662328
5.61470839415569
5.47456884186125
5.29784526599366
5.6711588419119
5.12656900008858
6.31375166634806
5.65872524254863
5.79851212475148
5.60291704164805
5.99655769310268
4.95700913667543
5.71770098933483
6.53878003085452
5.881619935349
4.40484420450062
5.32702477856424
6.24206569811107
6.11682250832572
3.79854781436913
7.42124183728833
5.2762654645396
5.50890928791669
5.9451957125138
6.28710650518257
5.13861270430686
6.27434795044134
6.12466463116962
4.61758464028744
5.37431218491989
5.44340055103951
4.36243265044104
5.41405783142036
5.53982309216769
5.73031583431258
6.10908325261678
5.15859735499668
6.43147255026121
5.05414856595702
5.41696745087982
4.63709908990075
4.95462167010047
6.11141162108582
4.74789909694658
4.73870287675353
5.77898062069294
6.57878386032282
5.00766545339246
5.37715863995452
4.71145448823339
6.11594713191576
6.22323457825764
5.78899839179106
5.34529594186103
6.75196447192375
5.32166485544326
6.75191949422046
4.14459569220395
5.81895598936636
5.12525607474643
5.61349624472899
5.50670623312857
6.50045865505749
6.5811295736597
4.59338722676317
5.02184135865768
5.46661883158545
5.72210943517207
6.51197234646794
5.70026595819839
5.90641948759806
5.46405130684741
5.04808758517335
4.89943242894671
5.90681521493114
5.23063306914075
4.1848796775227
5.68954362864203
4.98385764946221
6.5748007104309
4.30887597895151
5.95826279890494
5.23714344457408
5.90911522880982
5.7222573084834
4.90406175531963
7.52057994155081
4.5775475716872
4.91713767397408
5.17834343969355
5.18962245350244
4.90530056979124
4.21958352325373
6.40093862796081
4.5632924064726
5.16728903622534
5.77306107367356
4.89729240096335
4.90875118168215
6.2471466945155
6.16674986732996
6.39977725193228
5.67330598844781
6.56844762336755
7.46777095490366
4.48915422665216
4.76076075382353
4.56455344870701
5.12557570367518
5.39548964977826
6.17647761192753
5.12797080884948
6.1304674320846
5.76988676059417
5.78409472423224
6.34122581880025
5.42823926445011
5.44644385421374
5.96829688017729
4.80280642633502
5.66281820718209
6.62091441192079
5.52567012938339
6.17870583775517
5.52788039694806
5.59687257857294
4.14603761224702
4.59789229894293
5.43155661567023
3.88944128455464
6.23613362112333
5.30675776436833
5.24048024085128
5.57725628007788
5.81352454014843
5.66153443953288
6.05464235116964
5.0419502920604
5.24331964477205
4.70353191152277
3.83716897302179
5.70951092463777
6.04335040274392
4.60695218314259
5.81579101132389
6.34991756139171
5.61686567166525
4.7696742031864
6.32681124196281
5.88938022007431
4.85201209872313
5.39216260197602
5.70141413236264
5.93399261949981
4.2250224820205
4.95194196955646
5.13511579340442
4.57482025366021
4.93338961299258
5.65069574484574
6.21018095060346
5.56886990259306
3.86740704282015
6.3328034154101
5.1590740943755
4.89499621444432
4.32946082802671
4.75970486298666
5.80958155591431
5.59234015290973
5.05445165094484
3.92791963433656
4.96155027720446
4.84351153486776
5.07580577505548
4.50117729382143
5.64734132028084
6.06579817733094
4.84712900218351
5.28924616512795
7.52724326792317
5.41372386348724
5.78358994955147
5.30078405421064
6.42157052796433
5.44107647642786
4.888946426864
5.99431140652821
6.55129831045692
6.37918321849871
6.02601795548296
4.13147178900044
5.60374903977153
5.85956519812144
4.92776298237384
5.31070884345565
4.44222421512485
4.26324048445605
5.96798814156494
7.08790016537482
4.57020122277592
5.98870817575049
4.53913622550474
3.81079653795881
6.12722426658214
6.14522121411484
5.74281246244195
4.08574375709179
4.90400711640014
5.43398036128102
4.96419320958726
5.88799782969005
6.75500646297984
4.97490814928376
5.21368900196738
4.88228815935028
5.50088226079632
6.77327230450554
5.44867440499755
5.51540189502135
5.1266534829296
4.80167452553625
4.96986755955397
5.82142129933363
5.14822275903605
7.2531076303657
5.45317108254211
4.61232529771098
5.96236928694551
6.40313235976919
4.89628349723012
4.95913919286441
6.27910109743768
5.87452877703698
5.10387960908737
5.06546715840207
4.41422006042099
5.10787438661542
5.37076088021896
5.49382007219437
5.9178377471585
5.48369147322724
4.10228197890692
6.45712523352703
5.06353346850599
4.77389792436741
4.8664790514682
4.46648675437049
4.25958503895637
4.63732248918236
5.77581630141497
5.76930369451
6.14023269693433
6.0980619627415
5.11765002847873
5.69924081127353
5.31407985312375
5.28603140008436
5.29785266960831
5.89973405242766
6.06583663897351
5.7537665961459
6.05205605859877
5.27899742163662
4.96733566981657
4.34713149892251
6.27592991834337
6.77345751308886
5.00005977462841
4.85867578473601
5.55380487470801
6.17493954888774
5.31255018357668
6.25495854956468
5.97044232967555
4.18994764044844
5.40506650962913
4.1820775600872
5.52405541169235
5.67087365414911
6.25931391938487
4.76146658079227
4.85844119059314
5.95395523243871
5.07415511641094
4.81790639159997
5.01426051798826
5.52581513626039
5.26433521528249
5.67771435269533
5.65391939431275
5.88470781878517
4.5541608431808
5.12233696376189
5.51238641203608
4.20457370019342
6.49915450766105
5.15728882035684
6.55064600615758
5.8746769947425
4.89204491499125
4.29609059260505
4.90399532933508
6.0708390729196
4.63522737338111
6.07127915229149
5.9364522881905
4.94848992409248
6.12556768888982
5.98592453677698
5.82959277804571
5.94409251892078
5.97018709715906
4.62004341751126
5.51287470551081
5.87030549093091
6.19221181138315
5.4803565504744
6.61728334804769
5.72909531325426
7.98952502383444
4.95211480241051
5.84381070197804
5.3097845494591
6.2954047322984
6.68990241074646
6.13536146022769
4.79579299247995
4.38374180762519
5.68456781684484
5.36252217528352
5.20763165592877
6.34606398191283
6.13562893485759
5.87970118344656
5.51587887772707
4.73571053423931
4.60085255872032
5.15169402243253
5.88673438139049
5.20388676096895
5.78314560749667
5.43629002371701
5.63506491843954
4.56086071360787
5.88037696364558
5.24338029344564
5.46031757234338
5.44421573108033
6.36749908459912
6.305366088071
5.35653040018663
4.99490276287526
5.23558381390905
5.26798617487525
3.69279814268289
5.22487764368256
4.08778299623966
5.06384246498307
4.3136398410373
5.03618568463961
5.59624714775181
4.49430831866664
5.60505698944423
5.25068453103978
5.40274736505902
4.40971302407773
5.26884952134613
5.73225624417171
4.75532124262192
4.73866540458021
4.59232384663272
4.76069072073727
5.8889925544228
5.52093796822439
4.35226908425921
5.52691303603773
5.77424794350108
4.56613929070276
4.32324444953227
5.694065575276
4.65247099039273
4.76862039849431
5.71654143809172
5.55730796225051
5.66158440180215
5.43474979614334
5.10512556391215
5.6036385939712
4.66354043663006
6.24973365633722
5.81477457626518
4.4718234022542
5.58177873819462
5.18262796404256
6.33307047346663
3.84677754322147
6.67749559243362
5.3225538764403
5.41506816436793
5.58165188599964
5.43626380229287
5.94722585054389
5.85491646489829
4.84034868356117
5.26577087840215
5.73450032682394
5.76990243827796
5.24183156765063
4.44229525050314
5.84055582523356
5.01412898733335
4.75538627870061
6.76881274593206
6.15605919640629
4.57869877632337
4.94665814784979
5.90399497640429
5.91226933791854
4.34489959322086
6.41052097826188
5.40871747448905
6.63759531748132
6.07984351464576
5.28669703491503
4.70752531728711
6.2604999956399
6.14328987288852
5.28036809926176
6.01188181415864
4.92188113806683
6.34453193513201
4.96459589825482
4.78330889036005
5.15234647568057
4.48794368740774
5.38811700626433
5.03768964902476
4.65738704865315
6.21038083773556
4.66877174831733
5.24335392378299
5.83303634896655
6.00420186528564
4.90221948736331
5.02121884681584
4.73252224766409
5.91181689383592
5.81743986165507
4.95755802709654
5.54553814828139
5.50368733291422
5.20651679456956
5.32348530644777
6.55259347386029
5.64291215833393
5.45206819940474
6.56872977906659
5.55707415796753
6.71676699978178
4.94917603112531
5.04201028026485
4.69597638491479
5.20544961458613
6.00095035609893
5.06080495299605
4.99230850688436
4.68717859725124
4.83767633889549
6.87490803922417
5.81166294599381
6.40689859014706
5.38888160364585
6.02528680574862
5.86062402337461
5.97379829656683
5.38731125905205
4.92976316308167
4.35658021873236
5.51931691754765
5.62961920743459
4.23394081029549
5.80325834335932
5.96992405922076
5.52883231512188
5.54593154548426
5.12399872692482
6.36439863371395
5.91354811240755
4.61741986401302
4.20143268000302
5.8722412556204
5.30065164131258
5.65641861912866
5.90471356319483
5.60132627407084
5.28885921706923
5.59733421485133
7.26275161921376
5.8690496465274
5.40245691428947
5.62230212457817
5.8009375386738
4.66479020062995
4.86306887055183
4.74791739671332
5.30599526586506
5.49449918544249
6.00722786380394
5.45592956707698
6.20269430377805
4.43772557269335
6.89740277339025
5.34265912786772
5.1336520124662
4.18125193815205
6.02198656802779
5.33182769691332
6.54536225301103
5.72369139746058
5.06753129154806
5.40720392936226
5.6723266257031
5.10955077341806
4.52088547905972
5.44189997210819
5.74841306054868
3.90215591618795
5.26307951882966
4.84353941827347
4.08757005784792
5.26569667208889
6.30701968972576
5.60820021561203
4.65427140404801
5.65755665771477
5.32697211429905
5.52857678439809
5.45648709596152
4.59663359246481
5.42356204982254
6.59226555438056
7.20739366828016
4.8759395883322
4.62712268838111
5.67553872208864
5.67783801376032
6.06418317476218
5.07289092693727
6.74103406946654
5.57878667768923
5.27030163504848
5.65913133567392
5.04196971197512
5.40016017723543
5.0007235913639
4.5679489175736
5.46344125637775
5.94254070404302
5.45445362420389
4.32179824237931
6.0049409716265
5.12280244045721
5.49116912671634
5.32037613700943
5.28682199811396
6.25476012617262
4.3701819903176
6.37466895779657
4.49380905584936
4.79838903677532
5.79283095087737
4.52843744535466
4.16653052293469
6.41263292765909
5.25146165361328
6.08155652258327
5.75977897193114
5.98570203033503
4.43283780133821
5.80736962589345
5.05860666885358
4.62149710034275
4.50182073761717
5.09786822582087
5.76164454305666
5.68271670068091
5.22159330152277
4.80389206097992
6.45183338302401
5.32519217834657
5.12492884779642
5.6662680525056
6.03479175297721
5.82593201576985
5.6634030863028
6.22821789379976
6.5447281240589
5.1444734825769
4.93511263531437
5.22118520137319
5.34636948176705
5.58774783695251
4.89873261227338
5.75536368172416
6.13137574193386
5.02667032782304
6.14195703225435
4.90301985746961
5.90309542130639
5.51698341483707
6.40784820229477
6.09182288119418
5.35193721712314
5.90956717295238
5.88804406310122
4.91765390745588
5.44719322992714
5.52801852544445
5.45253537974883
4.62488457294033
5.47498577830374
4.27904639527081
4.6828837999036
4.99250511581702
4.32636262851267
4.52885707310025
5.76443133461305
6.17552019546789
5.26678261853442
4.51915696983377
3.94895997024127
5.38354079731107
4.99615895013808
4.74104999414145
5.27287817416761
6.73981031014408
4.95426207750149
6.03832227872797
4.84863172751119
5.30274898427759
6.11328805271077
5.57987449765375
5.37918965456097
5.59946305708033
5.5920512708115
6.2536295444074
5.67960514077551
5.93125532826622
5.75068225757812
5.1533986766899
5.11901977018543
6.93298301397389
4.758079756673
5.4819365846943
4.54541921685716
5.71231661947974
5.93377676936519
4.9416216945985
5.26181109701263
4.97388802191182
4.81090935213912
4.07786433405455
3.54253003563247
6.18428987051018
5.46104697727203
6.06043887013384
5.55428208403264
4.72666478528229
4.61306603228086
5.53840491847226
5.09445950399303
5.31053973062541
5.69340992146117
5.84378742644708
4.79952096897069
6.50571864537093
6.26365033772113
5.6196970352382
5.99246781531974
5.68494002863479
5.51676941735709
4.88948447561539
4.50008993018686
6.79385482451348
6.35638211040304
4.21000642456092
5.93362403558536
4.84190678546262
4.70078191958384
5.87365709798421
5.5174498689704
5.22242669012986
5.20885075172802
5.15984468851952
5.46398392033083
5.57615034387636
6.07335521736249
5.6989917449295
5.97398887642283
5.73271876016736
4.87971232606573
4.36255350929226
5.61516101913765
3.97241812274153
5.77808738159385
4.74665757691548
6.37405662426691
6.5275567535117
5.06029171630458
5.1779750766113
4.79416552371852
6.09163367852575
4.70313016051025
6.48351893162283
6.31571300374075
6.33368932876775
5.40607269181808
6.54023889548342
5.59557881426136
5.71791813428353
5.64546787773815
6.88702305015674
4.57193829771267
4.55524488829712
6.03554010623959
5.93374874012877
4.99254910990501
4.66519438502311
4.74427480249046
5.63076831178955
5.79489057268319
4.90342549868268
5.33522888200452
4.08080666826681
6.47967933654458
5.29024476109531
5.47703067591092
6.49332523226656
6.18557996559646
5.17138319021138
4.8785465656946
5.12042102837396
6.62543506586598
5.02313034841493
4.6525428171364
5.12024933433481
5.69371476199568
4.73130097488341
6.41081238728055
6.08980118441974
5.38111305083492
5.09340568890398
5.92351389216283
5.17486728278123
4.99479988012785
4.86452922983542
5.95313102822041
5.66590253623523
5.20068036149657
5.26723707259985
5.92268992768956
7.15427296848266
5.32786569524912
4.82051650089106
5.40762589129802
6.11791716694128
4.73538955138263
6.25059603613663
4.59794637771855
5.35175978758346
6.0399089744742
5.06492343382014
6.02365866860768
4.38307140148857
6.20813205730795
5.68615000978909
6.50104177866579
5.48274518149431
6.03120119914859
4.76424523932642
5.69646732604424
5.15754434386808
4.43888531798654
4.93576194846595
4.74467648332982
6.3096933156784
5.15681798344203
3.58182273603756
5.13563069227365
4.76755742993198
6.03331409790514
5.08187013117814
4.95388099473823
4.8023378805145
5.51060485433578
5.11316698144811
5.34751467963831
5.78399886272861
5.3618135773171
5.87054982474829
5.68710193503189
6.23851605457097
4.2834945060346
5.03417441430979
5.97406355701568
7.00162974629702
5.06430277616709
5.0024200040871
6.16825312605751
5.04993830928758
5.82130549393027
4.66559369570074
5.95803602396026
6.2502362156151
4.87085180876059
6.73208485175814
4.65095503527475
5.82375790214524
4.85920756970091
7.53576433551293
5.84976884589855
5.42156091335219
6.64101148920128
5.75836490340288
5.34686388374367
5.91336780895319
5.18164289585142
5.2215948676413
5.73602681308247
5.06714785835411
3.79271451179374
4.35670926772283
4.86188288021019
4.42114715763796
5.97869153089625
5.74270510890122
5.27278846780983
5.57251531735899
4.82000028209861
4.13174097264695
5.96487010370118
6.62729095768643
5.72868303646744
5.07489798284314
6.05772219036829
5.3093321350432
6.06787277030551
5.26007235519376
4.67489369634281
5.51738338763631
5.76667523592975
5.48427472125641
5.13410985353783
5.57602476022609
5.18006108213191
5.76427066206353
4.77805472864113
5.29203754878464
6.68535825211454
4.44254132483098
5.89747667165629
6.0185504527838
5.23982460683213
5.52360194059134
5.56704716177129
4.72700649280457
6.33014072117947
4.92012995954633
5.78789426319257
4.32404266590341
4.39876526112817
5.60912929145009
4.96078147016443
6.13809250433817
5.6716148368881
6.14152838544833
5.82678517094249
4.21585768975024
5.57492122103038
4.84324569996831
4.7926757747428
5.47621898294465
5.75621496950353
6.5089648972617
4.96001489872824
5.12487533497467
5.18627288188747
5.89743785043627
5.963588689827
4.74248322197383
6.13312211455627
5.3243730458749
4.3891148680715
4.80190826726062
5.0292813076823
6.29678935812643
5.8486288811545
4.723890088805
5.41984942265818
5.18596281238541
6.0845199726705
4.94694955576324
4.36089907986669
4.17308826445703
5.85917810618404
5.61881084508658
4.50057683652571
4.82752931149744
6.61568415006134
3.16828273278932
5.74724767464952
5.28100498186142
5.41192890573718
4.32695095774766
5.17208076183113
5.85933613036457
6.10045643280011
5.77325597274477
5.65102244971938
6.13469957075073
4.79947483480101
5.27858431490155
6.21952170136413
4.9324713220924
5.89192375714964
5.50563094036756
4.88514000517448
5.36760711336209
5.12650975659692
5.69370466468793
5.46917924329108
4.61558030697788
5.1207435963806
4.45165726135683
4.86231353722648
5.28838196071353
5.7959703142824
5.54113004859165
5.995228504704
5.61176691678624
4.75332155361198
5.66543196588851
5.66146423097072
5.0857309305707
5.30232684370617
4.45418206003191
5.17062310236515
5.42609344486871
5.35170377481391
5.60950390205776
4.47189548795624
6.49820982652443
6.32274529620623
5.93839984503832
4.402695281821
5.70255560619845
7.07570219821419
5.74807145828521
6.63069414016186
5.3063981375517
4.37003774598678
5.97473391565099
4.60949600651956
6.12938696886858
5.77118141205029
4.96505386939171
5.59909951513235
4.85817841656488
4.25724715752965
6.39667090863926
4.63461382744551
4.93874647502455
4.66044892936425
4.89362225695941
6.94210131585508
5.85548806355397
4.93350438233363
6.04972878870729
6.32706474185475
4.48413025018176
5.88360680216774
5.84224510808681
5.4285193905196
5.57103857573344
6.68084843528703
5.81304138000768
6.36976330490861
4.29497914230917
6.80670652841422
4.79941987950671
5.22291133894523
6.30600240070277
5.00032964718002
5.12772958638423
5.0474966398761
6.30259471288967
5.46381467484816
6.17148632469988
5.40655112097136
4.56761691554486
5.4256229407622
5.30137112674458
5.26735964957694
5.94131618475118
4.51465446168663
5.85819966008095
4.4792377863498
6.33710666018282
4.05007049128103
6.40076169578825
5.99858879786142
5.84262469892573
3.76583702134363
5.88988995392932
6.08642750334599
4.82127088119404
6.81532742835111
5.31937727549384
6.05239276127937
6.58804307658738
6.00920366862908
5.66770346566459
7.34044275207971
5.1575727472157
5.63768873309035
5.19782765441178
5.05091732166565
4.84247731980412
5.64116490305327
5.50373586182692
4.80088929293249
6.54006244486011
6.04696555412826
5.68180708473914
5.01258166736566
5.15847582360838
6.31858611798068
5.71740801047211
5.27958899784426
5.24390994843696
5.87014781042297
5.4022455372632
4.81709262945037
4.1259246069072
5.09974282329467
6.34855692405454
7.52814943284941
6.56554878438459
6.09705539915103
5.10641132274082
5.92320272321731
5.10082079649785
4.6462118753157
5.86162335428035
4.95471735920722
5.32798554425877
4.19779671177611
5.56244700506929
3.60523486784898
5.55081839288457
5.70026971934957
5.29873205557497
5.93698976343796
6.46324959002077
5.19136461905742
5.30025886285419
4.78071739500896
5.47452050871786
6.17725251008952
4.13920298599346
5.51893193819029
4.23006625005307
5.18132318272864
6.80358889981878
6.46099801051322
6.15975776856881
4.1190330610768
5.78600001389528
5.98427806889554
5.31513405388807
6.31525943675854
5.33978610542914
5.65137962983817
4.57770997638091
5.65358689877413
5.10005220808089
5.10516747735538
4.94343529877663
5.49207694778091
6.31815616302566
3.94046658586126
6.1388098399236
5.1853844211973
5.17496639566149
5.7533427872586
5.94522326730174
5.45046078333497
6.09888832766314
5.27897988054744
5.40651301456123
5.43695960480092
6.23764691823563
5.25991153637223
4.71803586956838
6.4094780077346
5.03001780737744
5.03093131477323
6.2524479477909
5.11496585616374
5.46963573178117
5.56900180973585
4.83843769958776
4.93054368423635
5.8059499790716
5.65568680579315
5.76779506888685
6.63263190661536
5.27028507763926
5.46417779732643
7.82280687056846
6.15974532304516
4.40527581518018
6.68233476616698
4.98710420453723
5.29780217217746
5.48262153395314
5.9589142825469
6.3000359577438
6.42348752090671
4.89358243846448
5.31034177735634
5.31945947087933
5.08702192440156
5.12879920119744
5.41252756771257
5.12627058120461
5.34694341279291
5.39409038938112
6.00984834402992
5.88096572193488
6.34548623755641
5.04476477418635
4.34867940393531
5.45329632962517
6.03455535043005
5.26663736147933
5.08585177848304
5.41925777009994
6.01421506948199
5.68764380610681
6.02299660641166
5.72584135767353
6.47619852272796
5.15162213117636
5.28794315032497
6.15020365984164
5.10623239407543
5.44121567110397
5.34049493702918
6.72272604596548
5.85922706339974
5.17628060140936
4.81077022901245
5.99392445016156
5.63651204053592
5.95371350200214
6.09438254108523
4.54913198948062
4.91640732401106
5.58778875762455
6.4633721216739
5.17492786035714
5.69945535798351
4.40320799808217
5.10122108812306
5.20820781272627
5.62995081170908
4.75329470262363
6.61255571155832
5.1457239944038
5.53354856841058
4.24571552136961
5.93066860333935
6.55046078586268
7.08408046611743
6.66843003496359
5.45438141181862
4.50895121530631
4.91664822359439
5.20831998217067
6.83096579460198
5.15278333772697
5.71393759517934
5.05013372349964
5.89776814083132
4.24628495640364
5.13777455212813
4.37154984213328
4.88151650909135
5.07771582000043
6.39923285501061
7.0279251089126
5.39166183480065
4.61870343664076
5.38368863618035
6.86745008028483
6.52361734347336
5.6449338008373
6.53283869772827
6.32610751743854
4.5479848465348
5.69516755175264
5.95551036646627
6.0696118628827
5.49478947687079
4.84202388671634
6.36098672567126
4.70734058570477
4.8435063956788
6.16163206398825
4.32904666599766
5.83748547043379
6.07102673810844
4.92136096992431
5.80666551456376
6.03238267670155
4.88919229857828
5.88886255727827
5.19208904230597
5.59652652222166
6.11988444036372
5.58071035495612
5.69986450908551
4.98726805917332
5.02344037091587
5.17781656367284
4.66044298963983
6.97891341549457
3.96200669361818
5.46257240181238
5.93171136210171
6.81520027150331
4.90794706234192
6.15279666048307
5.32287918973448
4.04829110910293
4.62640857475386
4.34338408445868
5.27871606853012
4.59044131294244
4.6372511951945
7.03115303628116
5.62796329272352
5.36420674315635
4.80774044955828
5.8352909781563
5.58859748157354
4.44698146678897
4.06640808621352
4.86862539956783
5.97021400784843
5.25174196184051
5.72235488853309
6.09061861556377
4.88065656635225
5.96898203279556
5.15870677131702
5.94194911589147
6.09951275025997
5.91201553132403
5.18751800546048
5.33521016283779
4.92393558722985
5.79971223868587
5.85406210609736
5.8536290941826
4.79198317131904
6.61433903639413
5.30854622532932
5.09017008342015
5.0431575703079
5.46746343718784
4.87405191306709
4.96081127339144
4.75862256259599
5.03205697243181
5.17018037159683
6.45376715657842
3.86996502368359
5.90033380142294
7.35642931678241
5.53416932827327
4.9520703511576
5.35428870346053
6.32360230740538
5.16059991081122
7.34804901979885
6.9675911097394
4.73412916403386
5.47875951896434
4.85539485149602
5.40453184718062
6.29784359092803
4.46762357337565
3.33685050814498
6.93769990455603
5.84780391334642
4.42097643184582
6.3862215242448
5.11542854942755
5.85822755082816
6.62998085939199
5.96122332644562
4.68259493236465
5.96262192258598
4.99786570147581
4.94691705724368
6.58256299632419
5.03071324203926
6.22656277750716
6.30955959969748
6.37902960385347
5.90811558141927
5.57426950100997
6.15453844656157
6.89211959891711
4.94673022053662
4.01532442894437
5.6014333769211
4.52043081128887
4.44750550420338
5.3213175913343
5.88733839569636
5.96043281363627
5.46245547547797
4.74076263452922
5.44480177156393
4.86057325404098
6.0084779993893
5.06508869362732
5.45268997736982
5.57650318323092
5.6133471291366
4.84088185503854
4.99983872337007
4.9253028629464
5.55596191565488
5.93602791884557
5.90075074148722
4.66575724349945
6.05938630492694
6.39410407088018
5.94881723865506
5.31790004087248
6.55080555159778
5.58030214640349
4.65551459074071
6.27927973122174
5.09129527796655
5.53197947266684
4.91146678072995
5.54605267619935
5.66317810646756
5.33718982367347
5.09920926064469
5.23509101982505
5.86779586822492
5.56229134438502
6.1397971284276
6.32678491798232
4.88542974332264
4.85257413660126
6.0976058963973
6.56572058063133
5.28568636913887
5.96557209370888
4.73809677636675
5.40332220761087
7.01787820420508
6.09039747281478
6.15955289683176
5.07776002579095
6.86449269131951
6.1965641359501
5.56240816714066
5.1032274256352
5.46636270576426
6.17372144656816
5.2713474629741
5.54753005037715
4.51204214640488
7.25929568204628
6.06947346698874
5.02714940707416
5.93132480287573
5.01718611312644
5.78951724879895
6.55210261908532
4.66718422992375
5.24840999719481
5.18884578729216
5.50820013414194
6.15592290862666
5.05367341393768
4.53096326678459
5.85135332730617
5.39412547685522
5.62518969579472
5.33700485985455
5.52025246378347
6.28313092698449
5.15337178245997
4.11586445985346
6.36797157982847
5.71000780558897
5.88570322654179
5.60930075225237
5.63424560184704
5.5842076020462
5.56444704084065
4.97362752307521
5.90503440823817
4.45826044081324
6.67000139015963
5.37510475122664
4.70273789161382
4.84478142097542
3.68535015830985
7.06662432006484
5.00138444032536
5.04297316489057
5.34285949059481
4.64033867701209
3.59736556446211
4.40226806275197
5.31960208553977
5.53692496367715
6.0870487649258
4.75802085984947
4.22781537171864
5.41798074435523
4.37236171886034
4.52826922667786
5.68700403386565
7.21097488842606
4.82991967677401
5.26520935926857
4.92318666909737
5.69162148517331
6.09309433041196
5.37789154895745
5.46821886284031
4.32820372508178
5.85099407115933
6.09086205514532
4.26637090672056
6.16675333791563
5.2901515381242
5.18497346066614
6.29852528635228
5.96732254351028
5.05488758505213
6.26031625384912
4.07412044529146
5.11030186362829
4.77480632984878
6.64606700189257
4.53377259661725
4.25872697485413
6.74146376552846
5.02285168687845
5.90275112058317
5.00833609055724
5.91554817078173
5.67815478016465
5.39934992117274
4.77413786161407
5.33981426791128
3.79439393180527
4.21552393445942
5.1847818138692
5.95729103833933
5.39094786112229
5.94518822489854
5.37842514296718
5.40645674193957
5.06223656777578
6.12911399249029
4.87525056432652
6.27318770324087
5.1887846272643
4.91269918804324
5.05218788508098
5.6628092910413
5.59927267652099
7.0211528828596
5.34721574470599
4.89578208166478
5.03451445451003
5.88727797169766
6.40295285748356
6.66689257309166
7.11464480399979
5.16886457872211
4.86371551492494
5.2907728275383
5.39024991907182
7.0019508059806
6.20260650635421
5.23346320726234
5.55905222080155
5.61723300590217
6.05205615806857
5.47371143255649
4.98231104751519
4.90978720723622
5.29854049863594
5.43217145620171
5.72454716513652
6.08724116873022
6.8105463778677
6.22185984719044
6.85362731935871
6.6337825254863
7.16388219888136
4.97549430908713
5.6713354827411
4.56736709358776
6.17692319136333
4.67501113036058
6.31522445941438
5.66494337833217
4.62369124820978
4.468951981507
4.87909813237733
5.32503268997223
5.62445209680245
7.19988227876802
4.92941536695673
5.5596451550271
5.48714734004558
5.29204859964048
4.5273288508726
4.91066277168614
5.46728234144035
4.95479691671573
5.39008004241109
4.55029545340809
5.31589667597459
6.26148266657834
5.85256509253157
5.29087938852678
5.79387660580224
6.43113952758469
5.15922593187048
6.23551160341384
5.37045126897262
5.93772633435511
7.16023226840685
6.6119279519464
4.5062482240716
4.45541733372178
5.069709925411
5.45463674923765
4.59977071362537
5.64956261016512
7.25582537485057
5.62157399520009
7.29696685355792
4.95624211641894
5.17200023098347
5.46209414856834
5.85638462621422
4.2308275412631
3.74872378870115
5.21351990467733
4.42196740125162
6.99349949634082
5.29380766638599
5.32516827401076
5.91130890978922
4.81055818342922
5.35915267717218
5.48694622288204
5.15759631513483
6.9133914706594
4.32935682935749
4.83270000986623
4.61133760585853
6.12285855720293
5.75823446710607
5.42066295505233
4.84518206323491
5.19938292630735
5.29540390609156
5.11504625036582
5.52638450455708
6.12390714069455
6.01141834329743
7.02042847483317
4.94242444432348
6.84606981838152
4.62592246734443
4.99873137349768
6.32545863316586
4.682405059946
5.54645384463772
5.15420191995115
5.84334169085861
5.55986777228367
4.85718301489824
5.06677977385597
4.50717184262244
4.78678246852304
6.11191899040545
6.26122957167763
5.1969409478024
5.33530584000896
5.34631944821697
5.33804812273524
5.56243560451171
5.04885912347401
4.56900635986197
5.94481754046288
4.55905696823947
6.40898485616344
5.46839804745912
4.70324607262102
5.58343786454087
5.02854862856781
7.5516736783259
5.64164207493949
5.97403479446424
6.61030773854898
5.71167140915558
4.50805377096019
4.84645049019415
4.96927593001736
5.53105995194368
5.82909242548842
5.55717688536083
5.00808581430387
5.15091315428067
4.69386555730852
5.20385099345901
4.67627361286881
4.70314373686818
5.36789444217342
4.67738093620356
5.83891204631705
4.74708862435005
6.33992252509964
4.91850839593058
5.07828733655686
4.66617510888772
6.06344265112503
4.78258764742912
6.73367857917915
5.83412523393358
4.90633374445871
5.34319209810995
5.31405783947843
5.64058373353275
5.27812174379122
5.83730555255452
5.71444058046424
5.01689983907728
4.88120212206073
5.12348787975649
5.14389183232228
5.68545415296689
5.48540492968438
4.78155925119863
5.64948649834713
7.11863994767194
5.68286984204025
6.12765583680433
5.11024187906261
6.79207497996949
5.81686457920888
6.23570489490411
5.56476679843652
6.07024184859499
5.74441826669761
3.40111878681853
5.48859360723805
5.12374776170092
5.37040703209443
5.11729300950929
6.67391523334024
4.74166522434834
5.28405419490818
4.83763676351306
3.9387005903571
5.70766417179404
5.07864647670622
5.39914572761128
5.30746027753435
5.95998552648335
5.16745109069782
6.08912043508107
5.21493373227302
4.91994561188417
4.75410198872113
6.89294900095818
5.77777257061781
5.76777579150495
5.96484215137358
4.89056502837835
6.02129983289372
5.83617018903877
3.81291212476802
5.17357322879458
5.24283318182229
6.37943916556733
5.89375125959982
5.89718214237979
7.61774634107623
5.62410352869545
5.05434775859094
6.26879933591979
5.47145711128986
5.34186904130431
5.31399368214211
5.72768100178221
5.53387420482225
5.63715628539895
6.97579065782572
5.21173466503624
4.67141423203621
5.32306025439495
4.37833689665578
5.26414813226515
6.85752544633372
4.95426526694561
6.11894064212012
5.48380001572928
6.96532562460449
4.95191274715046
6.49738088025988
4.68277005595691
5.72572352208074
4.02574229993405
5.50419716469904
5.14362003693235
7.43199561767162
5.21453690370928
5.09970563742314
5.1380596076165
4.94558627740756
4.29975289520484
4.13115069264793
5.19472232434574
6.05139844120232
5.64998626323714
6.05896541340797
6.16700873947459
5.60814746212483
4.98489320553084
5.04885583141113
4.22972718522913
4.79861750864576
5.16105639244907
5.99424758095706
5.49435943221693
5.02456196870015
5.46545858202041
5.03924257399399
4.3753775435284
4.35906079958979
5.67758716735891
5.64665338023938
6.76736695707548
5.66975622893965
6.38886454861118
6.05145038141807
6.22337224407279
5.3704589310074
5.41404019815612
4.50681924322927
6.03188825909613
6.12588510685766
5.35027716968079
5.80396954132423
5.65212778927653
4.9029195254906
5.42114992254985
4.42687937664677
5.38841143881797
5.26979615528526
5.51650551811482
4.76614253367043
4.56443798181169
6.66322737687663
4.77676331228529
6.13986550851166
6.47844386837398
6.20612896513229
5.31736463810383
4.59812195689139
4.84270740114738
5.27797458846708
5.7519495061101
5.36647464452867
6.6862680969891
6.24486213494815
5.33571432489234
5.85341521496397
7.18312758148451
6.27481717122303
