0.0
0.0
0.0
0.5363443133852941
0.0
0.0
0.0
0.0
0.0
0.03382190200448054
0.0
0.0
0.02739258933792288
0.0
0.0
0.41550738582687907
0.0
0.0
0.0
0.26735271390433146
0.26481602058366427
0.0
0.5787349658152492
0.2566400673235727
0.0
0.0
0.0
0.0
0.0
0.0
0.0
0.0
0.0
0.275713023686474
0.06741705861579905
0.0
0.0
0.02721881906733603
0.09827446440422793
0.0
0.09260692973720941
0.0
0.0
0.0
0.0
0.0
0.0
0.0
0.008919291410454
0.0
0.0
0.048497854577605914
0.0
0.0
0.0
0.0
0.0
0.0
0.0
0.0
0.0
0.0
0.0
0.0
0.0
0.0
0.0
0.0
0.0
0.2740065264662548
0.0
0.0
0.0
0.0
0.0
0.0
0.0
0.0
0.0
0.0
0.0
0.0
0.0
0.0
0.0
0.9998311084614899
0.0
0.0
0.0
0.0
0.0
0.0
0.0
0.0
0.0
0.0
0.0
0.3692315238642281
0.0
0.0
0.0
0.0
0.06200773024737327
0.01472663028450627
0.0
0.0
0.0
0.0
0.0
0.0
0.0
0.7673609131063137
0.0
0.0
0.0
0.0
0.0
0.0
0.0
0.0
0.0
0.0
0.0
0.0
0.0
0.0
0.033864469907058936
0.0
0.0
0.0
0.03393225482070916
0.0
0.2786706504137474
0.0
0.0
0.0
0.022354292291118183
0.20330309257382528
0.0
0.0
0.08199357871892299
0.4687400411417919
0.0
0.0
0.0
0.2669820461037964
0.0
0.0
0.0
0.0
0.0
0.5693291209804652
0.5294475202933762
0.0
0.0
0.0
0.0
0.0
0.6030851091137248
0.0
0.0
0.19386290704424625
0.0
0.0
0.650679771714259
0.0
0.0
0.6896951465554014
0.0
0.0
0.0
0.03837527930469142
0.0
0.042003365793615965
0.1757392139782621
0.0
0.0
0.0
0.5804336296516361
0.9906364316548488
0.0
0.0
0.343333997096986
0.0
0.0
0.0
0.0
0.0
0.0
0.0
0.005430747409070014
0.0
0.0
0.0
0.0
0.0
0.31695644827127445
0.0
0.0
0.0
0.0
0.0
0.0
0.0
0.030800985605536457
0.0
0.0
0.0
0.0
0.0
0.0
0.0
0.0
0.0
0.0
0.1112342585220516
0.0
0.0
0.0
0.0
0.0
0.0
0.0
0.0
0.015942647607407934
0.0
0.0
0.0
0.0
0.0
0.0
0.0
0.0
0.0
0.0
0.029531507378726674
0.0
0.05898836132172136
0.0
0.16076246347648715
0.0
0.0
0.0
0.9995984330025327
0.0
0.0
0.0
0.0
0.17296390174032417
0.028131835444880515
0.0
0.0
0.0
0.0
0.0
0.0
0.06038665152988265
0.0
0.0
0.0
0.0
0.0
0.0
0.0
0.036770473233630696
0.0
0.013473558392534168
0.0
0.0
0.011646204198463184
0.0
0.014942913679164227
0.9910217744505643
0.05564998466806215
0.04016921391877215
0.0
0.13978259047157682
0.024602501895234052
0.22224168802740107
0.0
0.0
0.0
0.0
0.0
0.004565920431714887
0.0
0.0
0.0
0.0
0.0
0.0
0.0
0.0
0.0
0.0
0.00504301008494934
0.0
0.0
0.0
0.0
0.09874012248156827
0.0
0.0
0.5285365883987643
0.0
0.0
0.0
0.0
0.0
0.0
0.0
0.0
0.0
0.7777732756638008
0.0
0.0
0.0
0.0
0.0
0.0
0.12367505501351606
0.0
0.0
0.0
0.0
0.44213093219814026
0.0
0.0
0.0
0.0
0.614190233467598
0.0
0.0
0.0
0.0
0.0
0.0
0.0032349646059525172
0.0
0.0
0.0
0.0
0.0
0.0
0.0
0.0
0.02804568026445242
0.06690457907566616
0.0715177923725312
0.0
0.0
0.0
0.0
0.0
0.05033603362283001
0.0
0.0
0.0
0.05679374313545371
0.0
0.0
0.0
0.0
0.0
0.1620351371550337
0.0
0.0
0.0
0.0
0.0
0.0
0.0
0.0
0.0
0.0
0.0
0.0
0.0
0.1721917588395816
0.0
0.4462733848776548
0.6469947556680422
0.9286681562644024
0.0
0.0
0.0
0.0
0.0
0.0
0.0
0.0
0.0
0.29501553224746013
0.0
0.0
0.16953927725191031
0.0
0.0
0.0
0.0
0.0
0.10285757728542921
0.25073869180662256
0.0
0.0
0.0
0.0
0.0
0.0
0.0
0.0
0.37308630056552294
0.0
0.0
0.0
0.029198930406341694
0.0
0.0
0.0
0.0
0.0
0.0
0.0
0.0890819630649824
0.0
0.6383884964828804
0.0
0.0
0.0
0.0
0.0
0.5033175955939527
0.0
0.06302636266056494
0.0
0.0
0.052090561369511845
0.0
0.0
0.2553989002309536
0.058352879214474296
0.0
0.049401053392034044
0.40757809384784294
0.0
0.0
0.0
0.0
0.0
0.0
0.0
0.7111412719822789
0.0
0.01862246830959724
0.0
0.0
0.0
0.0
0.16458534146008663
0.0
0.0
0.0
0.0
0.0
0.011139416986601813
0.0
0.0
0.0
0.0
0.0
0.041449173201627776
0.0
0.0
0.0
0.0
0.0
0.0
0.0
0.0
0.0
0.0
0.0
0.0
0.0
0.0
0.119359550561706
0.0
0.0
0.0
0.0
0.0
0.22041260584699085
0.18894175041362937
0.0
0.0
0.0
0.22891401650386745
0.04449041641131324
0.0
0.5406435623090662
0.0
0.0
0.0
0.06755379473370371
0.6829150704900616
0.0
0.0
0.12811429158983179
0.0
0.841784630774052
0.8920317635353827
0.26314102841891607
0.18048063931618996
0.31987497908390705
0.0
0.0
0.0
0.0
0.0
0.5052545250718228
0.0
0.2329112809369741
0.0
0.3391057774536679
0.0
0.0
0.7151813594580729
0.0
0.0
0.0
0.0
0.0
0.0
0.0
8.269466590681285E-4
0.0
0.0
0.0
0.0
0.0
0.0
0.0
0.1844963339575597
0.0
0.0
0.0
0.0
0.0
0.0
0.0
0.0
0.0
0.9454479217856635
0.07608136638977814
0.041664591787832106
0.0
0.0
0.08208906409852934
0.0
0.0
0.0
0.9975241016664804
0.0
0.0017027413099411914
0.0
0.04691122486363364
0.0
0.0
0.0
0.9922379031287536
0.0
0.0
0.0
0.19998551692153754
0.0
0.0
0.0
0.0
0.3954737888525661
0.0
0.0
0.0
0.0
0.0
0.0
0.0
0.0
0.0
0.5449253525910034
0.0
0.0
0.0
0.0
0.0
0.0
0.0
0.0
0.0
0.0
0.0
0.0
0.19008172425344672
0.0
0.0
0.0
0.0
0.0
0.0
0.0
0.0
0.0
0.0
0.0
0.0
0.1309770088626674
0.02535949356380296
0.0
0.0
0.009853774590815823
0.0
0.0
0.0
0.0
0.0
0.0
0.0
0.0
0.0
0.024230072036127592
0.0
0.10247450350247178
0.0
0.0
0.30635217289233063
0.5509199302269545
0.2451692182830616
0.0
0.0
0.05976554604519013
0.11475897289542458
0.27767914594767173
0.1800608561064162
0.0
0.029143019291832384
0.0
0.0
0.0
0.0
0.0
0.2116414092793606
0.0
0.0
0.0
0.0
0.07525851400556316
0.0
0.0
0.0
0.0
0.0
0.0
0.1250597967663536
0.0
0.0
0.0
0.0
0.1379765325852893
0.0
0.09757176718697491
0.0
0.0
0.0
0.0
0.0
0.0
0.0
0.0
0.0
0.0
0.0
0.0
0.1312226792895974
0.0
0.0
0.0
0.0
0.0
0.0
0.0
0.0
0.0
0.0
0.002085788531723476
0.0
0.0
5.125083134605024E-4
0.0
0.0
0.42558661896756234
0.0
0.0
0.0
0.0
0.0
0.0
0.0
0.0
0.0
0.0
0.0
0.0
0.0
0.0
0.0
0.0
0.0
0.0
0.0
0.0
0.0
0.0
0.0
0.0
0.0
0.0
0.0
0.0
0.0
0.0
0.0
0.0
0.0
0.0
0.0
0.05125767952057192
0.0
0.0
0.0
0.0
0.0
0.0
0.0
0.0
0.0
0.0
0.0
0.0
0.0
0.0
0.0
0.0
0.0
0.0
0.0
0.050556132113487307
0.0
0.0
0.21548626953585304
0.10361468148128683
0.0
0.0
0.09220480674075693
0.0
0.0
0.0
0.0
0.0
0.0
0.0
0.1170881707687238
0.0
0.0
0.0
0.0
0.0
0.0
0.0
0.04352186594729868
0.0
0.0
0.4002366080145484
0.0
0.0
0.0
0.03653387038058287
0.0
0.0
0.2315241309538093
0.04397891421801414
0.9994234952475595
0.0
0.0
0.0
0.0
0.0
0.9889290998732461
0.0
0.0
0.0
0.0
0.0
0.0
0.0
0.0
0.0
0.0
0.0
0.16677929171911943
0.0
0.0
0.2489995388344075
0.06693410468628525
0.0
0.0
0.04084122543862012
0.0
0.0
0.0
0.01049334522391887
0.0
0.01596926533905918
0.0
0.0
0.0
0.0
0.0
0.0
0.0
0.0
0.0
0.822161125801984
0.0
0.0
0.16057172747828274
0.0
0.0
0.0
0.0
0.0
0.0
0.024061906881596262
0.0
0.0
0.0
0.0
0.0
0.0
0.0
0.0
0.0
0.0
0.0
0.0
0.0
0.0
0.13241262563460432
0.0
0.0
0.0
0.08170027142551817
0.0
0.0
0.03989247513795546
0.0
0.0
0.0
0.0
0.13832120984525798
0.0
0.07730320045634065
0.0
0.14436964960008214
0.0
0.0
0.2229331051444018
0.0
0.0
0.24940794788507026
0.0
0.0
0.0
0.032462302662366715
0.0
0.0
0.40154294356305087
0.0
0.0
0.011819498904443781
0.0
0.0
0.10572249081543172
0.0
0.19219671589896115
0.0
0.0
0.0
0.15517484706145712
0.0
0.0
0.0
0.0
0.0
0.0
0.0
0.0
0.0
0.7391825206141234
0.0
0.0
0.0
0.0
0.0
0.0
0.5935031709687978
0.0
0.0
0.0
0.0
0.0
0.0
0.06020253258629671
0.17321461032843644
0.2656002630999643
0.0
0.0
0.0
0.021561911553221735
0.0
0.0
1.0
0.0
0.0
0.0
0.0
0.42722131933749763
0.0
0.0
0.03989423766483302
0.0
0.0
0.0
0.0
0.0
0.0
0.0
0.0
0.0
0.0
0.022157296478098498
0.0
0.0
1.8418204701720065E-5
0.0
0.0
0.0
0.0
0.0
0.0
0.0
0.05881010281736199
0.0
0.0
0.0
0.0
0.0
0.0
0.0
0.0
0.02776970053942096
0.0
0.0
0.0
0.0
0.0
0.0
0.0
0.0
0.0
0.0
0.0
0.0
0.0
0.0
0.0
0.0
0.0353210350197386
0.0
0.0
0.0
0.0
0.0
0.0
0.0
0.22843268422247232
0.0
0.0
0.0
0.0
0.43433884230351416
0.0
0.08692425790058667
0.0
0.41405055960955606
0.0
0.20993237636554551
0.0
0.0
0.0
0.0
0.0
0.0
0.0
0.0
0.0
0.0
0.0
0.0
0.0
0.0
0.0
0.15194141840413478
0.0
0.21960537036940853
0.0
0.0
0.0
0.0
0.0
0.0
0.0
0.0
0.0
0.12243982708927659
0.0
0.0
0.0
0.0
0.0
0.025451781562581766
0.0
0.0
0.0
0.0
0.0
0.0
0.0
0.22177716193299202
0.0
0.0
0.0
0.0
0.0
0.0
0.0
0.0
0.0
0.0
0.0
0.0
0.0
0.053024834829046075
0.0
0.0
0.2156286060374597
0.0
0.0
0.0
0.0
0.08803867978227176
0.0
0.0
0.0
0.023302267630097462
0.0
0.0
0.0
0.0
0.12708019088355538
0.19737260423701586
0.0
0.0
0.06824796208739503
0.0
0.0
0.24804535867707744
0.0
0.0
0.0
0.16926301197200078
0.0
0.0
0.0
0.0
0.0
0.0
0.0
0.0
0.0
0.0
0.13788341981064045
0.0
0.0
0.0
0.0
0.0
0.0
0.0
0.0
0.0
0.06947661479658507
1.0
0.07561085705893811
0.13015177653953236
0.0
0.0434913351435966
0.06135394747273104
0.0
0.0
0.6162685429254493
0.5979198336932602
0.0
0.0
0.0
0.0
0.0
0.0
0.0
0.0
0.0112166457906141
0.0
0.030485361084732876
0.0
0.09415376444787982
0.0
0.8378134318452322
0.0
0.0
0.0
0.12316132919175393
0.0
0.0
0.0
0.0
0.0
0.0
0.2145904579528971
0.0
0.0
0.06284947806685104
0.0
0.0
0.0
0.0
0.0
0.0
0.03492972861707244
0.0
0.0
0.1495101540831988
0.0
0.0
0.0
0.17660238402197204
0.0
0.3015417323618106
0.0
0.0
0.0
0.0
0.0
0.0
0.0
0.0
0.0
0.0
0.0
0.0
0.0
0.0
0.0
0.14166849923469382
0.0
0.0
0.0
0.26492178751353446
0.1662465786425391
0.0
0.0
0.0
0.0
0.0
0.0
0.0
0.031731306462544406
0.0
0.0
0.0
0.0
0.0
0.0
0.0
0.0
0.0
0.0
0.0
0.0
0.0
0.0
0.0
0.0
0.9394442095215338
0.0
0.08204750011726314
0.0
0.0
0.0
0.08038713712783119
0.0
0.0
0.0567719641250336
0.007807449293040891
0.0
0.0
0.0
0.0
0.0
0.0
0.0
0.0
0.0
0.0
0.0
0.0
0.0
0.0
0.0
0.003032391388254174
0.0
0.0
0.0
0.004785067184711056
0.0
0.0
0.23060306142795461
0.0
0.0
0.0
0.0
0.0
0.0
0.0
0.0
0.0
0.43849531743540293
0.0
0.0
0.0
0.0
0.0
0.0
0.0
0.0
0.06989739432741526
0.0
0.20723584384922833
0.0
0.0
0.2592368681587516
0.0
0.0
0.0
0.0
0.0
0.0
0.0
0.0
0.1187937252503315
0.0
0.0
0.0
0.0
0.0
0.0
0.0
0.0
0.0
0.0
0.0
0.0
0.0354009453692099
0.1660340318331397
0.0
0.0
0.0
0.0
0.1167295557408754
0.0
0.0
0.14853340673249982
0.0
0.0
0.0553322978254035
0.0
0.006583601847889642
0.013141977510094494
0.10790234875836369
0.0
0.0
0.0
0.0
0.0
0.0
0.0
0.0
0.45380135590820925
0.42560461940263195
0.0
0.9988789065980805
0.0
0.7402709402921103
0.0
0.0
0.06323915233242117
0.0
0.0
0.0
0.0
0.0
0.0
0.0
0.0
0.0
0.0
0.0
0.1504120775301132
0.0
0.0
0.0
0.4374622010985473
0.0
0.0
0.0
0.0
0.19609248451709738
0.19323275339977464
0.0
0.0
0.8746376264715736
0.0
0.0
0.12018446696876584
0.0
0.0
0.023670720152496272
0.0
0.0
0.0
0.0
0.578417819010606
1.6060890996338895E-4
0.002559332501326783
0.0
0.09673758706519275
0.0
0.0
0.5461447933526626
0.011906129244295571
0.058544119387681115
0.0
0.1955366343296452
0.0827637272770354
0.02129922202573986
0.0
0.10457055358469669
0.0
0.0
0.0
0.0
0.0
0.0
0.0
0.0
0.0
0.0
0.0
0.0
0.1500634813421584
0.0
0.0
0.13251980749964143
0.0
0.0
0.0
0.004795968806170947
0.0
0.0
0.0
0.0
0.08589808488411321
0.0
0.0
0.08957538551726518
0.0
0.0
0.0
0.0
0.0
0.0
0.0
0.04697899139716544
0.0
0.0
0.0
0.0
0.0
0.0
0.0
0.0
0.0
0.0
0.0
0.0
0.0
0.0
0.0
0.0
0.0
0.24781183660031103
0.0
0.0
0.0
0.0
0.0
0.42455574946697383
0.06897869428623582
0.0
0.0
0.20012709545466612
0.0
0.05705167771983566
0.0
0.0
0.0
0.0
0.0
0.0
0.0
0.0
0.0
0.0
0.0
0.0
0.0
0.0
0.0
0.0
0.0
0.0
0.0
0.0
0.0
0.0
0.0
0.0
0.0
0.0
0.04721005543708379
0.0887082241901862
0.0
0.0
0.0
0.190881255605437
0.0
0.0
0.0
0.0
0.11474833311208665
0.0
0.0
0.0
0.0
0.0
0.40405536867213465
0.0
0.0
0.0
0.0
0.0
0.0
0.0
0.0
0.0
0.0
0.0
0.0
0.0
0.18223964640178147
0.0372720356094266
0.0
0.0
0.0
0.0
0.0
0.0
0.5069738707332456
0.0
0.0
0.0
0.0
0.0
0.0
0.0
0.003925622293986963
0.0
0.0
0.0
0.0
0.0
0.0
0.17015794220236535
0.0
0.0
0.0
0.0
0.0
0.0
0.0
0.0
0.1486693257834677
0.11553177284243965
0.0
0.0
0.0
0.0
0.0
0.0
0.0
0.0
0.0
0.0
0.0
0.0
0.0
0.0
0.0
0.0
0.0
0.0
0.05259691844676384
0.0
0.0
0.0
0.0
0.0
0.0
0.0
0.0
0.0
0.0
0.2438103179264326
0.0
0.03932337595850488
0.0
0.0
0.0
0.0
0.0
0.0
0.13670244118535313
0.0
0.0
0.0
0.023812345167429916
0.0
0.0
0.0
0.0
0.0
0.4856637942908184
0.06414537773124018
0.0
0.0
0.0
0.0
0.0
0.6908047079094108
0.0
0.0
0.0
0.0
0.18157426557011713
0.0
0.0
0.0
0.0
0.0
0.11053959273300673
0.11436231072144365
0.0
0.0
0.0
0.0
0.019904201972632207
0.0
0.0
0.0
0.0
0.0
0.013222296631844599
0.0
0.0
0.12308826804167361
0.0
0.0
0.3560074565618331
0.8230786018528037
0.0
0.0
0.0
0.0
0.0
0.0
0.06316651858384104
0.025486107890334786
0.0
0.0
0.0
0.0
0.0
0.0977521158022312
0.0
0.21277051210052755
0.0
0.0
0.0
0.0
0.0
0.0
0.0
0.0
0.0
0.0
0.0
0.0
0.0
0.27722115964632876
0.0
0.05386411979415151
0.0
0.16175696709644338
0.0
0.0
0.0
0.0
0.6676838440145331
0.0
0.0
0.0
0.0
0.0
0.0
0.20202696451725022
0.0
0.0
0.0
0.0
0.0
0.0
0.0
0.0
0.3575945112282958
0.0
0.0
0.0
0.0
0.21827110480314527
0.0
0.0
0.5599387172475361
0.30153537219686644
0.0
0.0
0.0
0.0
0.17517423153852674
0.0
0.0
0.2565726985713407
0.1371544316978035
0.0
0.0
0.09053822991626137
0.0
0.0
0.02147507069643617
0.0
0.10736611418870401
0.0
0.0
0.0
0.0
0.0
0.0
0.0
0.0
0.0
0.0
0.0
0.0
0.2515633572477878
0.0
0.09883316465748104
0.16852124048702966
0.0
0.0
0.1314642487413228
0.0
0.0
0.0
0.0
0.0
0.0
0.0
0.30704643478354865
0.0
0.0
0.10660381673026753
0.0
0.0
0.0
0.0
0.0
0.05482858336050955
0.0
