0.0
0.9999087565835173
0.9964036815345491
0.7015983968633914
0.999631064647808
0.9976779983945409
0.17021792167908045
0.8509472222216612
0.9933668700660427
0.9276395139739908
0.5306890051283695
0.725501329404913
0.0
0.22199841807442044
0.7497476588218065
0.9999787280306255
0.0
0.9999968908478579
0.14591536205007527
0.0
0.0
0.9955216102933333
0.9897444198318033
0.9923774990837453
0.1659352291727928
0.5458348889149477
0.0
0.2333744656604373
0.9999969766716592
0.4253948439770372
0.6085302767394487
0.778931519042112
0.24950478359479045
0.0
0.9998574094244786
0.0
0.0
0.9999969703167008
0.28095919604736563
0.30862541848612235
0.16889840826847424
0.20115039046523797
0.8456148878703267
0.0
0.0
0.0
0.0
0.2250890405855993
0.9448736964353347
0.7659020178047007
0.999996286658167
0.3165351373239643
0.05606699712658503
0.9999968002380452
0.0
0.3473545752934488
0.1729242220611451
0.9962125460577513
0.0
0.49409884995677855
0.0
0.9874662171446873
0.015421422097310455
0.0
0.5725545313442303
0.8540474494216206
0.9999968289477343
0.9847242224396733
0.0
0.9999969399758748
0.8861620377140653
0.8375541352552403
0.14501326862633301
0.9846746710893465
0.8020247284256653
0.6627442026512071
0.6983805648222956
0.5995596694916017
0.0
0.7451757451371022
0.026062279163451718
0.7882757270715378
0.340729892567881
0.6974545541093422
0.5775916216270892
0.9999969761395155
0.0
0.0
0.0
0.0
0.9651623973436328
0.9999963837900429
0.9999969766716595
0.9999969741051125
0.999996975048019
0.9999969764296598
0.9999969766728853
0.9999969734028568
0.9863466491515406
0.9999897828291319
0.9959642940864114
0.7614820150647105
0.999986650904436
0.5296864166073354
0.997630201535788
0.9994232637518863
0.1275764092083428
0.7186118801697315
0.6651847399489839
0.9177919758829565
0.19360899478258364
0.0
0.14185843329971648
0.3645072917745368
0.40701634495133787
0.14558263953782502
0.136085382993124
0.634275146430249
0.5268099322516542
0.6431112576369087
0.8393721272692314
0.42745557529575984
0.11524032564291031
0.0
0.0
0.0
0.0
0.0
0.0
0.3534547997225834
0.0
0.0
0.0
0.0
0.0
0.0
0.0
0.0
0.0
0.0
0.011806365410986008
0.0
0.0
0.0
0.0
0.03229341302858202
0.0
0.0
0.35340437625857946
0.0
0.0
0.43285533420289113
0.0
0.0
0.0
0.0
0.0
0.13058759778965434
0.2509938493043662
0.0
0.39711358257108764
0.0
0.22523219082751345
0.0
0.11944820822552082
0.0
0.7171610560864052
0.20183365489289862
0.0
0.0
0.0
0.2129137223705796
0.0
0.0
0.0
0.4553708307879326
0.8823731215128525
0.3476475190564694
0.9856045748803649
0.0
0.0
0.0
0.6610553980555063
0.5119341644761932
0.454978425779502
0.0
0.0
0.0
0.0
0.0
0.0
0.0
0.0
0.0
0.776026004313846
0.8101780019986762
0.0
0.0
0.0
0.0
0.0
0.0
0.0
0.0
0.0
0.0
0.01524215520810257
0.12023882037812916
0.03474375193613788
0.0
0.47100830805857496
0.6924719420111534
0.3875065247563322
0.0
0.0
0.0
0.0
0.0
0.0
0.0
0.015693620484706905
0.0
0.8518340136552993
0.0
0.0
0.9977923573572999
0.2186362104101386
0.0
0.0
0.05917446328806952
0.0
0.19049326715200376
0.0
0.0
0.0
0.0
0.0
0.03403744445610879
0.0
0.4588992720586469
0.0
0.0
0.0
0.0
0.0
0.0
0.0
0.0
0.0
0.0
0.0
0.0
0.0
0.0
0.0
0.0
0.0
0.0
0.0
0.0
0.07366795222826683
0.015668655878829152
0.07311705885336028
0.017403802142825664
0.0
0.0
0.0
0.0
0.0
0.0
0.0
0.0
0.8062078845176877
0.2181263843703245
0.0
0.0
0.99269966064067
0.0
0.0
0.7145091041388729
0.6922117395321681
0.6475957334529112
0.6745397908624367
0.0
0.0
0.0
0.0
0.0
0.0
0.0
0.0
0.0
0.011005939900316064
0.0
0.0
0.0
0.0
0.0
0.0
0.0
0.0
0.0
0.0
0.0
0.0
0.0
0.0
0.0
0.0
0.0
0.0
0.5655615609417262
0.7795375455246687
0.6125393052411234
0.0
0.9999618287395855
0.9998366229107096
0.9999202417214748
0.0
0.9999761626202903
0.1283583387940559
0.0
0.0
0.0
0.0
0.1881078734203283
0.0
0.0
0.0
0.0
0.6894745387544141
0.0
0.23002922880987997
0.0
0.0
0.0
0.0
0.0
0.0
0.0
0.0
0.0
0.0
0.0
0.0
0.0
0.0
0.0
0.0
0.0
0.0
0.0
0.00336334807390426
0.0
0.0
0.0
0.0
0.0
0.0
0.0
0.0
0.9930306138622457
0.9580940026844432
0.9750798789860537
0.8693350133343333
0.0
0.0
0.9999507858033408
0.6503792239914289
0.9995404653244796
0.8794689036085656
0.0
0.0
0.0
0.0
0.0
0.0
0.3595559542758906
0.37834604071464717
0.36765003709312827
0.3794299186402428
0.0
0.0
0.0
0.0
0.0
0.0
0.0
0.0
0.14804472709744132
0.0
0.0
0.9981966719574996
0.9962756499312203
0.998504448061488
0.9130760809370364
0.9994796242242874
0.992483423061416
0.8822972906200076
0.8076655592910625
0.9206395900152011
0.9100040096751729
0.0
0.0
0.0
0.0
0.0
0.0
0.0
0.6442018643687963
0.8700335831699069
0.0
0.0
0.3749027253848547
0.0
0.013231148725455277
0.0
0.0
0.0
0.0
0.0
0.262702728417036
0.6390838639244915
0.0
0.07819921095658644
0.0
0.05268992138806772
0.22361651021295215
0.0
0.8118239309718819
0.7289530684760505
0.9239086236543761
0.9980716379362036
0.0
0.0
0.0
0.30775537563601363
0.0
0.0
0.0
0.21388883993957997
0.2987665219025464
0.0
0.0
0.0
0.0
0.0
0.0
0.0
0.7778642609825054
0.42096355232815996
0.0
0.0
0.0
0.0
0.0
0.0
0.7795018789156265
0.2602925979817323
0.7847477486601665
0.0
0.0
0.0
0.0
0.0
0.0
0.0
0.0
0.0
0.0
0.0
0.0
0.0
0.0
0.0
0.0
0.0
0.0
0.0
0.0
0.04107508720102815
0.0
0.0
0.0
0.0
0.0
0.0
0.0
0.0
0.0
0.0
0.0
0.16991122147558002
0.0
0.0
0.0
0.0
0.0
0.0
0.0
0.6588012833412022
0.0
0.6877453284004752
0.6170175264295256
0.46687264469600365
0.5888865821629641
0.6749873611187673
0.32563295453988905
0.0
0.0
0.0
0.9999969123249078
0.9999966400184916
0.0
0.9999934959248068
0.9999961420075542
0.9999969729829848
0.999996974796721
0.9999969766729387
0.999996976448055
0.9999969764834019
0.999996975553719
0.0
0.0
0.024999264958226908
0.3041714696598117
0.0
0.0
0.0
0.0
0.0
0.0
0.0
0.0
0.0
0.0
0.0
0.0
0.0
0.0
0.0
0.0
0.9610805941130045
0.0
0.6136046672432925
0.7447986434789158
0.0
0.0
0.0
0.0
0.0
0.0
0.918921876610407
0.5180029631864942
0.0
0.08727424774090697
0.35734909796004877
0.13568794529364592
0.12743978949533674
0.1533184706656966
0.0
0.09488398279373289
0.0
0.0
0.0
0.0
0.2574726129023145
0.11440122463127766
0.0
0.06916523048521239
0.0
0.5039769263104072
0.46077935790459956
0.02290251726059267
0.0
0.0
0.0
0.14501326862633301
0.0
0.40663489700901345
0.529059046524033
0.0
0.0
0.0
0.0
0.6912560781062489
0.7579269161452862
0.8040184717481574
0.9434761194612595
0.8158656332707351
0.5870963298515273
0.47566670124627897
0.0
0.0
0.0
0.0
0.5968251426498825
0.4714636849304765
0.04124452561177083
0.17822302690557268
0.4644614881476069
0.0
0.0
0.0
0.0
0.0
0.0
0.0
0.0
0.0
0.6204611120659795
0.0
0.0
0.0
0.0
0.0
0.0
0.0
0.0
0.005926064485091254
0.0
0.0
0.03373569372699392
0.0
0.0
0.0
0.0
0.0
0.0
0.0
0.0
0.0
0.0
0.0
0.0
0.0
0.0
0.0
0.0
0.0
0.0
0.3626785501728378
0.26480164203716194
0.0
0.0
0.14595343401303085
0.08310083514838351
0.0
0.0
0.0
0.0
0.0
0.0
0.0
0.0
0.0
0.0
0.0
0.0
0.03137711016684286
0.0
0.0
0.0
0.0
0.0
0.0
0.19258193453849226
0.0
0.0
0.0
0.0
0.0
0.0
0.0
0.0
0.0
0.0
0.0
0.0
0.0
0.0
0.0
0.0
0.0
0.0
0.0
0.0
0.0
0.0
0.0
0.0
0.0
0.0
0.0
0.0
0.0
0.0
0.0
0.0
0.0
0.0
0.0
0.0
0.0
0.0
0.0
0.0
0.0
0.0
0.0
0.0
0.0
0.0
0.0
0.0
0.0
0.0
0.0
0.0
0.0
0.0
0.0
0.0
0.0
0.22981098431806501
0.45336449215400365
0.230016776238138
0.024743460556488794
0.6685152032295737
0.0
0.0
0.638676222015063
0.6662717855361815
0.0
0.0
0.0
0.0
0.0
0.0
0.0
0.0
0.0
0.0
0.0
0.0
0.0
0.0
0.0
0.0
0.0
0.0
0.0
0.0
0.0
0.0
0.0
0.0
0.0
0.03996275614183542
0.1560878420010401
0.3437936920481329
0.0
0.7036991253235387
0.0
0.0
0.0
0.0
0.0
0.0
0.0
0.0
0.0
0.0
0.0
0.0
0.0
0.0
0.0
0.0
0.0
0.0
0.0
0.0
0.0
0.0
0.0
0.0
0.0
0.0
0.0
0.0
0.0
0.0
0.0
0.0
0.0
0.0
0.0
0.0
0.0
0.0
0.0
0.0
0.0
0.0
0.0
0.0
0.0
0.0
0.0
0.04134059636865961
0.02724834006037702
0.4248951615342679
0.39916880596975424
0.0
0.0
0.05085337932425771
0.025624698802140466
0.07354038566029919
0.09908116268857181
0.0
0.1604918710306168
0.0
0.0
0.0
0.0
0.0
0.0
0.0
0.0
0.0
0.0
0.0
0.0
0.0
0.0
0.0
0.0
0.0
0.0
0.0
0.0
0.0
0.0
0.0
0.0
0.0
0.0
0.0
0.0
0.0
0.0
0.0
0.0
0.0
0.0
0.0
0.0
0.0
0.0
0.0
0.0
0.0
0.0
0.0
0.0
0.0
0.0
0.0
0.0
0.0
0.0
0.0
0.0
0.0
0.0
0.0
0.0
0.0
0.0
0.0
0.0
0.0
0.1950018561592728
0.0
0.0
0.0
0.0
0.0
0.0
0.0
0.0
0.0
0.1285756841139284
0.297121758451417
0.0
0.3334549096994288
0.0
0.0
0.3341750730660814
0.0
0.0
0.0
0.4416606880837134
0.010992265770288445
0.24453919511880162
0.584128322593273
0.0
0.0
0.0
0.0
0.0
0.0
0.0
0.5830118091123453
0.0
0.0
0.0
0.0
0.0
0.0
0.0
0.0
0.0
0.0
0.0
0.0
0.0
0.0
0.0
0.0
0.0
0.0
0.0
0.0
0.0
0.0
0.13711374957197486
0.0
0.0
0.0
0.0
0.0
0.0
0.0
0.0
0.0
0.0
0.0
0.0
0.0
0.0
0.0
0.0
0.0
0.0
0.0
0.0
0.0
0.0
0.0
0.0
0.047570966631050426
0.0
0.0
0.0
0.0
0.0
0.0
0.0
0.0
0.0
0.06246636444086251
0.0
0.0
0.0
0.0
0.0
0.0
0.0
0.0
0.0
0.0
0.0
0.07751427759159135
0.07988836977130742
0.0
0.0
0.0
0.0
0.0
0.0
0.0
0.0
0.0
0.0
0.0
0.0
0.0
0.0
0.0
0.0
0.0
0.0
0.0
0.0
0.0
0.0
0.16033454728453178
0.0
0.0
0.0
0.0
0.0
0.0
0.0
0.0
0.18592562290022674
0.22210684915027212
0.17655586100558862
0.32380745276806555
0.0
0.0
0.0579956033676281
0.0
0.24663553050485654
0.28603400068196827
0.0
0.3407284205278699
0.0
0.0
0.0
0.0
0.07824080918889054
0.4575555903897278
0.1646030614732148
0.0
0.0
0.0
0.0
0.0
0.14749879171996239
0.9841460843746598
0.9617239739482389
0.453215761302025
0.0
0.0
0.0
0.0
0.0
0.0
0.0
0.0
0.0
0.0
0.3121921771703493
0.0
0.0
0.3434650536382975
0.014123618740852772
0.6802232058856212
0.5015058054622061
0.7028669583348539
0.44030435922071787
0.0
0.0
0.18121655880276666
0.7502295233514159
0.0
0.4071891524350466
0.0
0.4529072024334364
0.0
0.0
0.0
0.0
0.0
0.06222714358425818
0.27132775072957716
0.23495721840117656
0.20954053984770704
0.8022400723384083
0.0
0.48061644446382257
0.0
0.0
0.0
0.009514622401619821
0.0
0.0
0.0
0.0
0.0
0.0
0.0
0.0
0.0
0.0
0.0
0.0
0.0
0.0
0.0
0.0
0.0
0.0
0.0
0.0
0.0
0.0
0.0
0.0
0.0
0.0
0.1834713973521639
0.3987527016439528
0.4298903366424476
0.4239661436145765
0.915623186440401
0.4619127596274647
0.3256708307478777
0.0
0.28730562603464804
0.0
0.5135464179414889
0.5056104802445518
0.0
0.0
0.0798211835969127
0.0
0.4805965513082491
0.6703625630469285
0.8594696441346387
0.9676004279595132
0.5114495195212899
0.0
0.0
0.0
0.0
0.0
0.0
0.0
0.0
0.0
0.0
0.0
0.0
0.0
0.0
0.0
0.0
0.0
0.0
0.0
0.0
0.0
0.0
0.0
0.0
0.0
0.0
0.0
0.0
0.0
0.0
0.0
0.0
0.22405283327381598
0.0
0.6704821765034545
0.6373577340158347
0.4405518799843732
0.036943000310458274
0.0
0.0
0.0
0.0
0.0
0.0
0.0
0.7779077953075724
0.0
0.9135357709307893
0.9158969153526597
0.8857638673144216
0.8021340599187116
0.0
0.0
0.0
0.0
0.0
0.08986025541247467
0.009026014005842575
0.0
0.16214144376960327
0.0
0.0
0.0
0.0
0.0
0.7700633510123581
0.2325412018587083
0.9124211850657424
0.0
0.0
0.0
0.0
0.0
0.0
0.0
0.0
0.0
0.0
0.06230433277311198
0.0
0.0
0.0
0.25628693119681323
0.0
0.0
0.10782169433165811
0.0
0.0
0.0
0.0
0.0
0.0
0.0
0.0
0.0
0.0
0.0
0.0
0.0
0.0
0.0
0.0
0.0
0.0
0.0
0.0
0.0
0.0
0.0
0.0
0.092450412387872
0.14965606611482096
0.0
0.0
0.0
0.0
0.0
0.9758971044638964
0.9525833637435636
0.04848981232038485
0.2520737771682813
0.0
0.0
0.0
0.0
0.0
0.013736180022296707
0.2066316598471195
0.0
0.0
0.0
0.0
0.0
0.0
0.0
0.0
0.6434181849652436
0.09965945991054115
0.3628570609576295
0.5690560891437022
0.9879853937413411
0.999620773942759
0.0
0.0
0.0
0.0
0.0
0.0
0.0
0.0
0.0
0.0
0.0
0.0
0.0
0.0
0.0
0.0
0.0
0.0
0.0
0.0
0.1837743038231998
0.11446013527143428
0.0512357222158587
0.0
0.0
0.0
0.0
0.0
0.0
0.0
0.8257683193082621
0.009336386458224766
0.0
0.8928263124110628
0.0
0.8911493146047998
0.7589240070067711
0.4625151193833845
0.9936733561431697
0.9943703236386929
0.9510180297666148
0.9944894213766658
0.9987235132220316
0.9296320046615112
0.9500171171627403
0.0
0.0
0.0
0.0
0.0
0.0
0.0
0.0
0.0
0.0
0.0
0.0
0.0
0.0
0.0
0.0
0.0
0.0
0.0
0.0
0.0
0.0
0.0
0.0
0.0
0.0
0.8815479753377544
0.9114573101618798
0.915806133998371
0.9806694402041142
0.3441507847290719
0.6268784457743548
0.6230229084005539
0.6023459453807296
0.5974201952063017
0.6345597224564037
0.45103117521041136
0.9113881500522746
0.8682030758907371
0.8635156308537799
0.8141679407978965
0.8488944220072305
0.8664303316748596
0.619674557039386
0.6590042464238519
0.6995244702627375
0.7027060467524593
0.7735966734017748
0.7345926564939897
0.663461741874919
0.4920242807951388
0.6435772878547092
0.9974415099786826
0.37497497046703754
0.9991325930953999
0.9993811975099869
0.9976787292651246
0.9977066127223934
0.9960245739317554
0.3661661938594012
0.46294263507832045
0.4523538478350386
0.2830360241827127
0.2072618698394807
0.24600123077316405
0.5596447205631407
0.13443445647154717
0.08614685407442557
0.43721405108868616
0.0
0.0
0.0
0.0
0.0
0.0
0.0
0.0
0.0
0.0
0.0
0.0
0.0
0.0
0.0
0.0
0.0
0.0
0.0
0.0
0.0
0.0
0.0
0.0
0.0
0.0
0.0
0.0
0.0
0.9246239191067405
0.20754221997925826
0.18836982215024412
0.0
0.0
0.0
0.0
0.0
0.0
0.0
0.0
0.0
0.0
0.0
0.0
0.0
0.0
0.0
0.0
0.0
0.0
0.9747639186513207
0.15100624973171972
0.0
0.18058378698893918
0.0
0.0
0.0
0.13769711700492437
0.30088060264720196
0.2614981628156081
0.1066638528988566
0.0
0.0
0.0
0.0
0.0
0.09555312485223977
0.0
0.0
0.0
0.0
0.0
0.0
0.0
0.0
0.0
0.0
0.0
0.0
0.0
0.0
0.0
0.0
0.0
0.0
0.0
0.14814173501027061
0.0
0.0
0.13456034750357637
0.8406738629955283
0.0
0.0
0.0
0.0
0.0
0.0
0.0
0.0
0.0
0.0
0.0
0.0
0.0
0.0
0.0
0.0
0.0
0.0
0.0
0.0
0.0
0.0
0.0
0.0
0.0
0.0
0.0
0.0
0.0
0.0
0.0
0.0
0.0
0.0
0.0
0.0
0.0
0.0
0.0
0.0
0.0
0.0
0.0
0.0
0.0
0.0
0.0
0.0
0.0
0.0
0.0
0.0
0.0
0.0
0.0
0.0
0.0
0.0
0.0
0.0
0.0
0.0
0.0
0.0
0.0
0.0
0.0
0.0
0.0
0.75427895517403
0.33945527541319
0.0
0.0
0.0
0.0
0.1999548938254364
0.0
0.008911668770387404
0.8556809687015573
0.0
0.0
0.0
0.0
0.0
0.0
0.0
0.08375383147942217
0.0
0.8406851136206703
0.8402399202194026
0.8256450793666017
0.8604377974876084
0.8566851431762158
0.0
0.0
0.0
0.27381161915949637
0.0
0.18482383281505332
0.19238244512913583
0.26660056924372266
0.190053158133331
0.0
0.0
0.0
0.0
0.0
0.01402924873173883
0.0
0.0
0.0
0.0
0.0
0.0
0.0
0.0
0.0
0.0
0.0
0.0
0.0
0.0
0.0
0.0
0.0
0.0
0.0
0.0
0.0
0.0
0.0
0.0
0.0
0.0
0.0
0.0
0.0
0.0
0.0
0.0
0.0
0.0
0.0
0.018515844380304958
0.0
0.021516189817024745
0.0
0.029418860227968024
0.0
0.0
0.0
0.0
0.0
0.0
0.0
0.0
0.0775701867102968
0.05646481782910606
0.0
0.0
0.0
0.0
0.0
0.5567414821290724
0.3164737027213893
0.24727696570722524
0.39254807665793545
0.0
0.0
0.0
0.983396518214788
0.9794093221171455
0.0
0.0
0.0
0.0
0.0
0.0
0.0
0.0
0.0
0.10046079394130247
0.0
0.47000387312218317
0.516186332914061
0.7869983807544645
0.8061079311054143
0.8137712073653924
0.89416948812942
0.8725985310066114
0.8695162517520808
0.9807567143253977
0.9756210306260023
0.95700059101511
0.922024655947212
0.755363143186724
0.8492891366393498
0.0
0.0
0.0
0.0
0.0
0.0
0.0
0.0
0.0
0.0
0.0
0.0
0.0
0.0
0.0
0.0
0.030709521494305836
0.06754342399738211
0.18233694346268003
0.2118763471779217
0.897672949122205
0.8840624295379206
0.6875568521824452
0.276000843704334
0.09969778303897225
0.035657752386776376
0.024686579721287294
0.004517416050633827
0.0
0.0
0.0
0.0
0.2810501537152147
0.16285652821981178
0.17681688886473046
0.12303446860098499
0.23814600033481637
0.03487781629001341
0.15525718354504858
0.16513927274280715
0.0
0.0
0.0
0.0
0.3097973426093251
0.0
0.0
0.09402361351006017
0.46909587201773517
0.303813063882477
0.0
0.0021250645255879164
0.0
0.0
0.23469612589701205
