0.020246405868193595
0.0
0.0
0.7618292256722157
0.6133520549278972
0.8913492756545037
0.9637438153607067
0.6824599225652649
0.8869667068547447
0.04868698400835758
0.0
0.29236704448151074
0.0
0.7618292256722157
0.0
0.7955437778161201
0.9922892723010324
0.0
0.0
0.0
0.5148294715582209
0.0
0.0
0.0
0.14657769686336009
0.0
0.3431522979401388
0.0
0.0
0.0
0.5167207238829896
0.0
0.9398203177201665
0.7631890385036391
0.9413140655040382
0.9941324613542164
0.0
0.0
0.0
0.0
0.5945939553381521
0.19401744072775284
0.0
0.1813283892679387
0.0
0.0
0.0
0.8894732311484888
0.7606818618818542
0.0
0.0
0.40544879534554457
0.0
0.0
0.0
0.993964800747071
0.0
0.0
0.9931669088428371
0.0
0.9394952554028461
0.0
0.9938546027717274
0.0
0.0
0.0
0.0
0.0
0.0
0.6976016666985115
0.0
0.4528904229104017
0.0
0.0
0.0
0.581991655611692
0.015666765618326584
0.0
0.0
0.0
0.42757076108979963
0.0
0.0
0.0
0.3113316876749327
0.3737933332050991
0.0
0.0
0.0
0.0
0.9792586743504954
0.25629916099489436
0.0
0.0
0.0
0.0
0.0
0.6945077665447945
0.0
0.0
0.9149566759604836
0.8612279412217344
0.0
0.0
0.0
0.0
0.0
0.0
0.8007632681706051
0.9882420764233718
0.0
0.0
0.0
0.0
0.0
0.0
0.0
0.0
0.8831593884232918
0.9941134156996099
0.0
0.0
0.0
0.0
0.5273223961714018
0.0
0.9924143662869873
0.0
0.22586304138528945
0.8022474669071981
0.0
0.8502386726928343
0.0
0.0
0.9310869778777291
0.0
0.0
0.9704718717231046
0.5089663719719584
0.24064193627214725
0.37905078854576746
0.0
0.0
0.37905078854576746
0.0
0.0
0.22679254574559637
0.0
0.0
0.9676655107163836
0.0
0.9808192517864417
0.0
0.9815582516840569
0.0
0.0
0.0
0.02356521604982853
0.0
0.022196933742201108
0.0
0.22861943045518596
0.0395720617562475
0.0
0.6827953313480597
0.0
0.9401586843795261
0.9940676880769386
0.0
0.9793166907560406
0.0
0.0
0.900351751849446
0.0
0.9694392659548375
0.0
0.994035251113066
0.0
0.9929646770756538
0.0
0.0
0.0
0.0
0.0
0.0
0.06642085474239323
0.9645403817883483
0.0
0.0
0.0
0.0
0.0
0.0
0.0
0.13016257111250584
0.0
0.6041111663971737
0.0
0.0
0.0
0.0
0.0
0.5610176511257292
0.0
0.7818958585585108
0.0
0.21669707798701254
0.0
0.8317567823658566
0.4763022865515243
0.9811570748074714
0.6914040944766069
0.0
0.0
0.42525570650319655
0.0
0.46697752043471596
0.0
0.0
0.0
0.0
0.0
0.0
0.0
0.7554743993166726
0.0
0.0
0.0
0.0
0.0
0.0
0.0
0.01161627423059497
0.0
0.0
0.0
0.0
0.0
0.0
0.01161627423059497
0.0
0.9826978667884608
0.0
0.0
0.5524034746663156
0.07922238923567548
0.9605308120950189
0.5033184250609954
0.7487643684027309
0.0
0.0
0.0
0.0
0.0
0.5217563645062469
0.0
0.0
0.0
0.24034740466745308
0.934735237735415
0.0
0.0
0.0
0.0
0.0
0.0
0.0
0.0
0.0
0.058116826212982975
0.0
0.14925983258479514
0.9934316828648591
0.0
0.0
0.9906448003086609
0.0
0.0
0.9865395116376862
0.0
0.653657227637626
0.0
0.9705513367722263
0.6691566690790338
0.0
0.7066407867635608
0.5217563645062469
0.0
0.0
0.9099467455123293
0.0
0.0
0.0
0.8283374717058575
0.9930063805954858
0.6997604687826935
0.0
0.0
0.0
0.0
0.0
0.0
0.0
0.9941849831753176
0.0
0.0
0.04554290853424625
0.822718738307204
0.0
0.7120142065432093
0.0
0.0
0.0
0.9941654306498706
0.0
0.0
0.0
0.9414868114533611
0.0
0.0
0.0
0.9921396962465625
0.0
0.0
0.9588590765896307
0.9892221821292947
0.6592846878913744
0.0
0.08443440252230006
0.0
0.7886972098557649
0.0
0.9940863808792861
0.0
0.0
0.0
0.17532730151822573
0.0
0.0
0.0
0.8249759128813615
0.0
0.0
0.0
0.0
0.9921710847668667
0.0
0.0
0.5345929393573134
0.8845407312421236
0.0
0.0
0.9897456915970021
0.0
0.0
0.12881301661004718
0.9917497303152611
0.0
0.0
0.0
0.9811033812464925
0.0
0.4116810144242774
0.0
0.0
0.0
0.0
0.0
0.0
0.8061281660406525
0.0
0.0
0.9756057737864368
0.0
0.0
0.0
0.0
0.0
0.0
0.0
0.0
0.0
0.9926559316624608
0.0
0.0
0.9749092152782082
0.0
0.0
0.973292102473714
0.0
0.0
0.16553909970119418
0.0
0.29030870828321476
0.0
0.0
0.5381963001281211
0.0
0.0
0.0
0.0
0.4499637311114282
0.8249759128813615
0.110450329026341
0.0
0.0
0.2993705672148319
0.0
0.0
0.0
0.0
0.0
0.0
0.0
0.0
0.0
0.9657729338154575
0.0
0.0
0.0
0.0
0.0
0.0
0.980677333338087
0.0
0.0
0.0
0.0
0.7338527560472605
0.0
0.811314732083491
0.811314732083491
0.0
0.0
0.0
0.0
0.0
0.03274943773703254
0.0
0.9935009820002731
0.0
0.9933431968263848
0.0
0.919350654956261
0.0
0.0
0.0
0.0
0.0
0.0
0.6947222468913645
0.0
0.0
0.0
0.0
0.0
0.0
9.348248435568918E-4
0.0
0.0
0.0
0.0
0.0
0.0
0.0
0.9376237376109932
0.0
0.0
0.0
0.6970857530150201
0.9191330336100478
0.2865448561670534
0.0
0.15886876381635684
0.0
0.0
0.0
0.24501594603556365
0.0
0.0
0.09877132576179837
0.0
0.2340212919595961
0.14358243188808906
0.7109627569426705
0.9711948137910156
0.0
0.0
0.0
0.4214211758362828
0.0
0.9830426293727478
0.9589301792869314
0.0
0.9941329240273764
0.9723853810685849
0.0
0.0
0.0
0.9940076697082055
0.7788385805327528
0.0
0.1771599098618717
0.0
0.977023216701961
0.9937448559922758
0.0
0.6757048121368391
0.0
0.3808303915432887
0.8398577339771082
0.7942034699251005
0.0
0.6056312056809896
0.9914346818365153
0.0
0.0
0.0
0.0
0.0
0.0
0.0
0.6973507781650086
0.9931991415839186
0.0
0.20009344740356005
0.9926898212814781
0.0
0.0
0.0
0.0
0.0
0.11658404106013576
0.9893025393871658
0.0
0.9809846777417164
0.0
0.0
0.0
0.0
0.0
0.9881673590046359
0.0
0.8466382081727204
0.0
0.9455419448205935
0.0
0.0
0.0
0.43969325747862864
0.0
0.0
0.9941912250466053
0.0
0.0
0.8160849093075044
0.9939014942227706
0.0
0.7087808003379801
0.0
0.15793067976271458
0.0
0.0
0.16720288321833265
0.0
0.6616954134112489
0.0
0.0
0.934735237735415
0.0
0.0
0.0
0.7895108841812775
0.0
0.0
0.0
0.0
0.0
0.0
0.0
0.0
0.0
0.054733750522144575
0.0
0.0
0.0
0.0
0.0
0.0
0.5344642839255211
0.0
0.0
0.0
0.974095607492494
0.0
0.0
0.0
0.560003408757251
0.0
0.9542586818837033
0.0
0.0
0.0
0.0
0.0
0.0
0.5948601319457537
0.0
0.0
0.0
0.0
0.7164913912290871
0.0
0.9614976299978821
0.0
0.8723111525032233
0.8304488827806417
0.0
0.0
0.0
0.7201898765355896
0.0
0.20655744192960568
0.11647389863570456
0.9784838383297386
0.0
0.9664275480154927
0.0
0.6262585004489891
0.5557090222729348
0.0
0.0
0.0
0.0
0.15786597352032494
0.0
0.4450343985676717
0.0
0.7565943386395134
0.22148069715056928
0.6528454351541914
0.0
0.0
0.0
0.578427988916052
0.9932460681218598
0.0
0.0
0.9838445950292571
0.0
0.0
0.07677672924737755
0.0
0.0
0.0
0.0
0.05123540637799917
0.0
0.0
0.0
0.0
0.0
0.0
0.0
0.0
0.0
0.8659159799158513
0.0
0.0
0.0
0.0
0.19368248738441085
0.0
0.0
0.9887235172163797
0.0
0.0
0.7629978430085484
0.9215266224717014
0.0
0.0
0.0
0.0
0.6277745454599158
0.38244124161379633
0.0
0.0
0.0
0.0
0.0
0.0
0.380342970651112
0.0
0.0
0.0
0.0
0.0
0.9635099394096427
0.0
0.0
0.0
0.0
0.0
0.03214822487389313
0.0
0.09764830217769116
0.0
0.0
0.0
0.0
0.0
0.0
0.0
0.0
0.45424649779697335
0.08192900585373486
0.0
0.0
0.0
0.0
0.0
0.0
0.3025516064901175
0.1683222800201557
0.0
0.0
0.0
0.0
0.0
0.0
0.0
0.4408362116508324
0.0
0.4876394724837285
0.34320451564596133
0.0
0.0
0.0
0.0
0.0
0.0
0.0
0.0
0.0
0.0
0.0
0.0
0.0
0.0
0.5545099009944132
0.0
0.0
8.885482268279343E-4
0.0
0.007662355571984136
0.0
0.0
0.0
0.0
0.9896483492627028
0.0
0.9274896008332207
0.9896483492627028
0.0
0.0
0.0
0.0
0.0
0.0
0.972656574777313
0.0
0.6894618101227326
0.0
0.0
0.0
0.0
0.9725742094753401
0.0
0.0
0.0
0.47370595414944683
0.1456523513382404
0.4781473725634926
0.0
0.0
0.34665863956786724
0.9292335557944389
0.0
0.0
0.0
0.0
0.0
0.9280928964675379
0.0
0.0
0.0
0.0
0.0
0.0
0.0
0.0
0.0
0.0
0.0
0.0
0.16509802666597684
0.1797189715531856
0.6475361204274279
0.9911618945991505
0.0
0.9588326312409492
0.0
0.0
0.0
0.0
0.0
0.8790592998412943
0.0
0.0
0.9820346730350735
0.0
0.0
0.0
0.8767336743265908
0.0
0.0
0.0
0.0
0.0
0.9865380938619958
0.0
0.0
0.0
0.0
0.0
0.0
0.0
0.9914914723400496
0.0
0.0
0.0
0.0
0.0
0.0
0.0
0.0
0.2588917452170072
0.18496451913689682
0.0
0.0
0.0
0.0
0.0
0.0
0.0
0.0
0.0
0.08211488664202493
0.0
0.0
0.8646578580464275
0.22463272348177332
0.0
0.0
0.0
0.0
0.0
0.0
0.0
0.0
0.0
0.08943578717495793
0.0
0.7232759020628532
0.0
0.0
0.0
0.0
0.0
0.0598976864783034
0.0
0.0
0.0
0.99403249101457
0.9834814867666616
0.0
0.0
0.9909788469492297
0.0
0.0
0.0
0.0
0.0
0.8870944025193578
0.0
0.6359103339654166
0.0
0.0
0.9782363946260438
0.9721800961665896
0.0
0.0
0.0
0.9630915646990562
0.0
0.02156348102618799
0.0
0.0
0.0
0.0
0.1456523513382404
0.0
0.0
0.0
0.8931883705259426
0.0
0.0
0.0
0.2394440530756552
0.0
0.0
0.0
0.0
0.0
0.8203091073674862
0.06003447640930837
0.0
0.0
0.45612988576060975
0.0
0.3428601151518724
0.0
0.0
0.0
0.9243506984610036
0.936387078614293
0.0
0.7276239722359972
0.0
0.8967569483131453
0.0
0.0
0.0
0.0
0.0
0.0
0.0
0.6191858352435919
0.0
0.11658404106013576
0.5778953467905166
0.0
0.0
0.8930322093038228
0.0
0.0
0.8527234957612461
0.19388191190116233
0.0
0.0
0.0455709297731236
0.6491860866932253
0.08580537413543499
0.0
0.0
0.9464214940376081
0.0
0.0
0.46708849690431664
0.0
0.0
0.3690119624230157
0.0
0.0
0.0
0.0
0.0
0.0
0.0
0.0
0.0
0.8635737125589514
0.0
0.0
0.0
0.0
0.0
0.0
0.0
0.18683448515192558
0.0
0.25901173561015933
0.0
0.9025005936530233
0.7875789998906043
0.0
0.0
0.0
0.0
0.0
0.029957448279067767
0.0
0.0
0.0
0.0
0.0
0.0
0.0
0.2684428183784793
0.0
0.0
0.0
0.0
0.9787477062249527
0.0
0.4678846730776899
0.0
0.0
0.0
0.0
0.0
0.0
0.8769487446855182
0.0
0.0
0.0
0.974943315428452
0.0
0.0
0.1541866711392197
0.30581805587975497
0.0
0.6852234239009187
0.13577865848197845
0.0
0.0
0.0
0.0
0.0
0.0
0.0
0.9907201745670162
0.16360055852119404
0.0
0.5532477672106181
0.0
0.7759420181437287
0.0
0.0
0.6111714121682218
0.0
0.0
0.0217289877272987
0.06841860832729507
0.0
0.11033397183938787
0.0
0.0
0.0
0.7750492609889288
0.0
0.985108571362787
0.0
0.0
0.3390144489113921
0.0
0.0
0.0
0.0
0.0
0.7782185604156392
0.0
0.0
0.0
0.0
0.0
0.9657729338154575
0.0
0.0
0.9859727062647746
0.080848387291788
0.0
0.0
0.0
0.0
0.8240242855608318
0.0
0.1516834935012179
0.0
0.9933738169572605
0.0
0.002432073839083393
0.17731365954691958
0.4128644126916656
0.0
0.0
0.0
0.0
0.46617252458626246
0.0
0.0
0.0
0.0
0.991670690643977
0.0
0.0
0.0
0.991670690643977
0.9939125387140667
0.0
0.0
0.0
0.0
0.0
0.0
0.0
0.9543248297196949
0.0
0.9921975243703294
0.0
0.062113073508991534
0.9644928964127121
0.0
0.9939770816369117
0.0
0.49934375472179104
0.4736909285472908
0.20011295327975465
0.0
0.38415853641313924
0.0
0.9928991955245001
0.0
0.0
0.9941902889445176
0.0
0.0955642545317813
0.0
0.0
0.8822333955974038
0.0
0.0
0.25021311562237036
0.0
0.9079636750809538
0.0
0.0
0.0
0.0
0.8377035975891165
0.0
0.0
0.0
0.9782424440090758
0.0
0.5072832650796741
0.0
0.004050467483899256
0.8860247266644977
0.0
0.0
0.0
0.3526520441358687
0.3526520441358687
0.0
0.8421396303490744
0.0
0.0
0.6511121026714398
0.0
0.0
0.0
0.8774310095881522
0.416800427576549
0.6301271138607852
0.0
0.0
0.0
0.13464218022026664
0.0
0.0
0.0
0.0
0.20504542391063152
0.0
0.4170788377370802
0.534286091651648
0.0
0.0
0.6561734059292159
0.0
0.8927844753297933
0.4466982746694875
0.010365787528646142
0.0
0.0
0.0
0.0
0.028923318763880213
0.0
0.0
0.9811509330451654
0.0
0.0
0.0
0.0
0.9771523343062893
0.0
0.0
0.9158153364008711
0.7756511712887986
0.10994336546388295
0.8156056455656681
0.647986972804226
0.0
0.0
0.7960557343700598
0.0
0.0
0.9939672652161994
0.0
0.0
0.0
0.8156056455656681
0.28065259456924796
0.4879927731331366
0.0
0.0
0.2939200993169465
0.0
0.912295126703283
0.0
0.1477677098629917
0.0
0.0
0.0
0.8642018781749444
0.7960557343700598
0.0
0.3009627304359701
0.9937647981901577
0.8543830693585239
0.0
0.8227000876934898
0.308046621411485
0.15708485158802232
0.0
0.0
0.0
0.0
0.0
0.9926497302992969
0.2519052505787034
0.9937166696670775
0.0
0.3998176127929879
0.0
0.0
0.0
0.0
0.0
0.8751031097032932
0.0
0.0
0.0
0.0
0.0
0.0
0.0
0.0
0.0
0.8439829669824473
0.0
0.0
0.0
0.0
0.3373338618021371
0.0
0.5170194602259347
0.09506843721187352
0.0
0.0
0.0
0.6705983079961266
0.0
0.0
0.0
0.0
0.0
0.028194887730771723
0.7270311775841469
0.9122089524218453
0.0
0.0
0.0
0.0
0.0
0.0
0.0
0.0
0.933825946945221
0.0
0.08572658836312774
0.7753729067269894
0.0
0.0
0.0
0.0
0.6255535778644952
0.9804568478589671
0.0
0.0
0.0
0.0
0.0
0.0
0.0
0.0
0.0
0.9485601968601745
0.0
0.8949576866803889
0.0
0.0
0.0
0.1554110817035793
0.0
0.0
0.0
0.0
0.011355741237393135
0.0
0.0
0.43648613519906054
0.0
0.414513568471216
0.0
0.0
0.0
0.0
0.0
0.9646810740694112
0.0
0.0
0.6161129426565969
0.0
0.0
0.0
0.0
0.0
0.0
0.9935526122457126
0.0
0.0
0.0
0.0
0.0
0.9895868574941536
0.0
0.9870914947555544
0.0
0.7004221948723399
0.0
0.0
0.9927124411191317
0.0
0.0
0.0
0.989288678045118
0.9906319195740481
0.9909076248583635
0.0
0.9924951591998212
0.0
0.0
0.0
0.0
0.0
0.9091700080123964
0.0
0.1629169346358964
0.0
0.0
0.9578151065271097
0.0
0.0
0.06002095268191654
0.0
0.06002095268191654
0.0
0.3466726577671806
0.0
0.0
0.0
0.0
0.7212878093047165
0.0
0.8447290856627448
0.0
0.1812179774775302
0.0
0.0
0.2371690686359864
0.0
0.0
0.0
0.0
0.0
0.9331041504390383
0.0
0.22495896894358092
0.0
0.0
0.0
0.0
0.0
0.0
0.2837357618832692
0.0
0.556240950956145
0.6996625912797082
0.0
0.6634558173291787
0.0
0.0
0.9726655851793736
0.0
0.0
0.06217596418079141
0.0
0.0
0.0
0.0
0.9934006187716069
0.0
0.9888998130676072
0.0
0.9890283979446397
0.0
0.0
0.0
0.9940235028989892
0.0
0.0
0.0
0.9648197065504187
0.0
0.0
0.20831706814730577
0.9576574549065265
0.0
0.0
0.4607544661854318
0.0
0.0
0.0
0.0
0.8933811400423902
0.0
0.2999288004387234
0.0
0.0
0.0
0.0
0.6083266790356702
0.6608400897187852
0.0
0.0
0.606267860826095
0.6099693993925842
0.0
0.6165014359632591
0.0
0.0
0.20458164542558666
0.0
0.0
0.0
0.8948070157818322
0.0
0.0
0.0
0.8226454523571964
0.5324760029629034
0.0
0.0
0.6668273554444433
0.936674143206501
0.901242126718074
0.0
0.8954352434021194
0.0
0.0
0.0
0.0
0.4862989588118716
0.0
0.0
0.0
0.0
0.0
0.0
0.0
0.0
0.9908400562231497
0.0
0.7933022458083153
0.0
0.9819097881313215
0.0
0.0
0.9892892673239612
0.0
0.0
0.643568654531574
0.0
0.0
0.643568654531574
0.0
0.0
0.0
0.0
0.0
0.10188220373654722
0.0
0.0016120685237751564
0.0
0.0
0.0
0.0
0.8877402604131588
0.0
0.0
0.0
0.0
0.0
0.14550873558721666
0.0
0.9697537572121911
0.0
0.5952827180832165
0.0
0.418550714785643
0.0
0.0
0.3300680254265387
0.0
0.0
0.16425059705935408
0.0
0.9892187214452267
0.4461599294870693
0.5795285057093718
0.3981669411539752
0.0
0.0
0.7936875755024472
0.0
0.0
0.0
0.6569787025006529
0.0
0.5501473189392173
0.0
0.0
0.5961134573538146
0.0
0.0
0.0
0.0
0.0
0.8809577646199799
0.0
0.0
0.0
0.0
0.0
0.0
0.0
0.0
0.0
0.8636166562890217
0.0
0.0
0.0
0.0
0.0
0.0
0.47827705556686406
0.3474236315841034
0.9046112714853428
0.0
0.0
0.46138556349364956
0.0
0.0
0.0
0.5236544495349762
0.0
0.0
0.07880266813103898
0.07880266813103898
0.0
0.0
0.0
0.0
0.9294595872723771
0.9878573261768852
0.0
0.2719156956878155
0.0
0.0
0.9881859246585594
0.0
0.9896511890103518
0.9924156789480317
0.0
0.071578215536784
0.9306883321194179
0.0
0.0
0.0
0.0
0.0
0.991806696733878
0.0
0.0
0.0
0.7754922992673903
0.0
0.9933837467255585
0.0
0.0
0.0
0.0
0.0
0.0
0.0
0.0
0.0
0.0
0.29332178965563016
0.0
0.0
0.0
0.9870214270850559
0.9760295938322132
0.0
0.0
0.0
0.9647814454787775
0.0
0.0
0.0
0.0
0.0
0.0
0.0
0.0
0.7338488310300626
0.0
0.0
0.0
0.0
0.0
0.0
0.0
0.0
0.0
0.0
0.0
0.0
0.6299106876331544
0.0
0.9045792268016652
0.0
0.9248447198724914
0.0
0.0
0.0
0.0
0.0
0.9366410809645457
0.0
0.8541642860296719
0.6479404713594024
0.0
0.0
0.0
0.0
0.0
0.0
0.029950965902649562
0.7154273435930849
0.0
0.9925602206079877
0.0
0.19687787205936158
0.0
0.0
0.0
0.0
0.0
0.7631890385036391
0.0
0.0
0.4605660569085166
0.0
0.9191748412044937
0.0
0.0
0.0
0.0
0.0
0.0
0.5648996583591204
0.7299912387182914
0.0
0.0
0.0
0.0
0.0
0.0
0.0
0.0
0.0
0.0
0.0
0.5112590327788307
0.0
0.0
0.7706428099530519
0.2892153495620067
0.9937488306760706
