0.9999403167301725
0.9750145181399016
0.0
0.0
0.0
0.0
0.0
0.13233296089363078
0.0
0.0
0.0
0.0
0.0
0.33986430939611223
0.0
0.0
0.0
0.0015589383855307837
0.0
0.193025706334914
0.05774288885777534
0.0
0.0
0.0
0.0
0.0
0.37275497286694714
0.0
0.12646021415549213
0.7385225430870173
0.057210836949267874
0.06033676787184661
0.0
0.0
0.0
0.0
0.0
0.0
0.16667361189811336
0.41147228948232595
0.2053873622810245
0.5630153006510836
0.49581149650499545
0.25109310484721103
0.5673905911823354
0.9385753176276972
0.6306082536229058
0.8926264897323606
0.6176152425913708
0.41496679087129873
