1.57854164431833e-07
2.21015465433599e-05
0.0132974931776098
0.0152723035724549
0.0117477959939236
0.148976965692031
0.114573926598473
0.00719385301958523
0.0234400426111727
0.0680320036063231
0.579981184784176
0.226717831278891
0.294025226288355
0.0033594786303293
0.0297366494218677
0.0305650259127652
0.0114476954537667
0.0113855034879355
0.0158017828552788
0.00579251648820059
0.00935430574535697
0.0131960847973476
0.0240931482430217
0.0132623310400907
0.0151410515131087
0.012087188282684
0.00295607100715269
0.0147179258595894
0.00734502056466913
0.000500076931987231
0.00937175868394637
0.00926967077742847
0.202331868537961
1.16710346752368
0.310295998194578
0.415513178786569
0.866718626663736
0.134170926256073
0.00636660754012753
0.00253325237227454
0.0055398801342315
0.00131075936798508
0.00177814882194296
0.00468969832871065
0.00128385270480379
6.22149896108106e-05
0.000937204816146927
0.000128558053211331
0.00100234984875838
0.0024976475250213
