0.866958642477439
0.729453482385067
0.432669200794198
0.246942381352352
0.739928626576894
0.168650245887452
0.469481956477597
0.799289681640103
0.719805504177831
0.817943914215745
0.446550773631547
0.177219156504323
0.855517633781496
0.857580660026873
0.582812068962564
0.138294287019026
0.829528371332209
0.839659758781531
0.20335285466961
0.744160909158598
0.128482658909146
0.646715228974663
0.724373666870786
0.124147609309286
0.711788078778836
0.775512724094802
0.8580585843706
0.871047242193855
0.770123793101315
0.863200734410245
0.84168249013751
0.654894938881841
0.835373875296304
0.560593367671334
0.142877466408877
0.82158537915657
0.819905936732054
0.86660240361437
0.124475425769854
0.736388778568061
0.698694607329501
0.729896784562116
0.7059085915821
0.833887229312382
0.14458875404894
0.86790458963793
0.503208761443041
0.872492036315537
0.476721578963171
0.848004551175385
