0.814235884318626
0.850325865690876
0.828102494408571
0.425086583955595
0.794989103907786
0.0779682772132447
0.276199658304039
0.894320950699232
0.643970235948579
0.768390535856244
0.250661070710255
0.12570948450083
0.419677897430458
0.877728001220452
0.778586534953529
0.335436067145937
0.50560039391149
0.678893834910495
0.308783853057595
0.90982743034253
0.279657225251307
0.43673157913248
0.657017284892419
0.683569077831016
0.700602829393179
0.912655394318958
0.798875483791401
0.909298772567223
0.741664098773264
0.934646358351229
0.806477211047252
0.690955731904584
0.8963290386492
0.274413156615492
0.146378402517678
0.803459480806078
0.321181908605583
0.910102218988666
0.398583462187071
0.779087025922316
0.501851210256877
0.791630880567528
0.784519534693183
0.863850225081219
0.122883473850181
0.841602725967528
0.361032677813737
0.918688947292387
0.522839122759875
0.368218657484078
