1.77605632911434
1.42935242743564
1.00860278612147
0.836502774246583
1.02722300214936
0.797277240573861
1.01303319567358
1.00011070134005
0.767491179001234
0.796590134450431
0.766308217538908
0.692792995863719
0.707740416774604
2.06920329371948
0.934117689394011
0.715673393101391
0.883453239731661
0.898414212077648
0.808322752974027
1.12255526528934
0.736215626013983
0.73085455932072
0.953959182778508
1.11436055259602
1.09786079458247
0.924833290617714
0.966985033514969
1.28738838510351
1.03820589568329
1.10930626724549
1.13424237396763
0.994862811547059
1.339609702036
0.771179977775502
0.741623220131487
1.05374623647595
0.743929858740975
1.53292170263828
0.83046738085516
1.15296357675699
0.810073506804922
0.960482625479968
0.938747110183348
1.08579499317583
0.817161158238
1.08255286727128
0.874595271602061
1.46957506977533
0.844493428606806
0.829054142189444
