0.17249695866533388
0.8369718686211244
0.0
0.5241062555234081
0.0
0.5066576914720415
0.6772023421341091
0.4937589657922883
0.0
0.9981861559124431
0.3908450802979797
0.0
0.4313871288608506
0.3039929230918632
0.34942216340704013
0.08143898832019492
0.5387116682759981
0.1290056560956072
0.0
0.0
0.0
0.0
0.33560411468386087
0.0
0.19829823221474296
0.5201765094307027
0.0
0.0
0.9688774745614221
0.0
0.2254604268393936
0.0
0.9999992485099995
0.0
0.0
0.0
0.0
0.0
0.0
0.0
0.6102433753911742
0.014111351277694473
0.7581396471017156
0.0
0.0
0.9766799489156199
0.6370018490356382
0.0
0.0
0.28367374584851457
0.0
0.0
0.0
0.18509387674596678
0.13917142458401988
0.0
0.07452127628067529
0.9682894463621171
0.9942326392154627
0.3992477495663951
0.0
0.240453473639046
0.0
0.0
0.0
0.0
0.8209688810376878
0.0
0.5469273124681673
0.16537563936791422
0.0
0.0
0.0
0.7130932621137497
0.5121160055371763
0.0
0.0
0.8999937127704293
0.0
0.9462198445497734
0.0
0.0
0.0
0.996510029174793
0.0
0.0
0.0
0.0
0.0
0.9972775242370129
0.0
0.3169359545238347
0.0
0.27896379089903833
0.0
0.0
0.9042782490010915
0.0
0.5157304665897797
0.0
0.17148311015710616
0.0
0.0
0.9687819817493731
0.9999776914914486
0.0
0.0
0.0
0.0
0.7280633924945551
0.09447638479452392
0.0
0.0
0.0
0.30072928100072327
0.0
0.0
0.0
0.390319943729291
0.0
0.0
0.46287418872798947
0.4844932229586112
0.0
0.0
0.6705318745349499
0.0
0.0
0.0
0.0
0.48071151095420694
0.0
0.0031282732294972693
0.0
0.4410918962827688
0.0032817002793250616
0.0
0.0
0.27083145057939406
0.0
0.0
0.0
0.0
0.3583734716255478
0.07330600388383501
0.068040120299515
0.0
0.5486759176706512
0.9696286234256111
0.0
0.0
0.14101697169188154
0.0
0.9927902053546994
0.0
0.9762605545947126
0.0
0.0
0.0
0.0
0.5248434602260972
0.4031170622496859
0.0
0.0
0.0
0.33148436271395454
0.594856705473394
0.0
0.25821574361510535
0.0
0.0
0.0
0.0
0.0
0.0
0.7965655744468658
0.9996457856507924
0.0
0.034473711968483034
0.0
0.0
0.0
0.6198128851628537
0.0
0.0
0.29007750595680515
0.0
0.5688905916053069
0.8454404589416252
0.0
0.0
0.7262145078935087
0.0
0.0
0.0
0.0
0.0
0.0
0.0
0.22447398325788115
0.1335807146279131
0.7479761987713229
0.0
0.033569224793886465
0.0
0.10619412829427399
0.0
0.3154251007386616
0.0
0.0
0.0
0.0
0.19001451830305283
0.0
0.0
0.0
0.0
0.3459312158149266
0.0
0.06356233331786054
0.25361646227452983
0.4616640173337405
0.41941879867884135
0.0
0.0
0.0
0.0
0.0
0.7992266904145713
0.0
0.8340541212813151
0.0
0.09809113102413647
0.0
0.0
0.7763371365646679
0.0
0.0
0.6774580196832235
0.0
0.0
0.0
0.0
0.2524964285901643
0.20769217223366154
0.08314202326877562
0.3198000234716357
0.8841797132888722
0.010432541984295884
0.0
0.0
0.0
0.0
0.0
0.0
0.0
0.0
0.5745560803556629
0.0
0.0
0.0
0.0
0.0
0.0
0.0
0.4287064344516157
0.0
0.010527621189962422
0.0
0.20381221346859313
0.0
0.9940371986269224
0.0
0.0
0.0
0.0
0.0
0.0
0.0
0.3852972362395658
0.985562946673785
0.0
0.0
0.8417692762426712
0.00569775752177093
0.0
0.0
0.0
0.0
0.0
0.0
0.0
0.9479239386085773
0.0
0.0
0.0
0.0
0.0
0.0
0.0
0.007605386031463879
0.0
0.0
0.0
0.6626632330332725
0.0
0.0
0.0
0.2818729960444972
0.9941121692611075
0.0
0.0
0.1902945027267684
0.0
0.0
0.8966795326754312
0.0
0.661646677986554
0.700493240029426
0.2463384198175358
0.7520498998595341
0.41142299874115484
0.4354555939417646
0.0
0.00792214052450213
0.0
0.945033304766884
0.0
0.9998951078796938
0.0
0.0
0.0
0.0
0.0
0.15322962252460837
0.0
0.14612582053936174
0.0
0.5434592673702869
0.0
0.0
0.14397667180079676
0.9888552955998996
0.8685605825187463
0.0
0.49128811276342566
0.0
0.4718306244639888
0.6439984803818823
0.0
0.0
0.0
0.0
0.02588151816502271
0.125700084469492
0.6937144828220141
0.0
0.0
0.0
0.23761901374661742
0.007031694523574883
0.0
0.0
0.0
0.903813998402966
0.3822603267471125
0.9941849454912158
