0.601380330001593
0.9668201406046135
0.9062980889381317
0.7847699344451835
0.20895505449148266
0.9997312407512137
0.4181702619789185
0.9434298503672912
0.0
0.9911059662874467
0.0
0.0
0.49860640209868945
0.8588353105490891
0.0
0.0
0.0
0.0
0.0
0.0
0.0
0.0
0.15883996766556896
0.8962005928056104
0.5350250159712877
0.7962335146457055
0.0
0.0
0.8381282841801294
0.0
0.9887965175455821
0.0
0.9786594649356939
0.0
0.0
0.8063852114875464
0.0
0.0
0.22695006835345655
0.0
0.9178204516171885
0.0
0.735905871200633
0.4848560627956231
0.0
0.8102548766962815
0.0
0.0
0.0
0.0
0.13656560325367229
0.0
0.0
0.0
0.4120485541269172
0.0
0.26209449473117385
0.0
0.9783153629175211
0.37627482788714417
0.0
0.0
0.0
0.0372967709979406
0.0
0.0
0.6804441102286818
0.0
0.9621767251967793
0.2701527650877118
0.0
0.0
0.0
0.7661398974802226
0.2730210526858521
0.0
0.0
0.8123246117834402
0.7410290054268089
0.9998432656206748
0.0
0.10814943536090349
0.0
0.998453151110416
0.0
0.0
0.459872791986643
0.0
0.2806059687403487
0.9486394167804916
0.0
0.0
0.0
0.1757597148104445
0.3436890440614695
0.5853070577686696
0.9128846894352308
0.4038066026249326
0.3564478091336354
0.15350126942928877
0.0
0.0
0.0
0.7389204741044164
0.9947838407324532
0.0
0.0
0.0
0.0
0.8449815030518589
0.20427125556185977
0.0
0.0
0.0
0.0
0.0
0.0
0.0
0.9453913604406211
0.0
0.0
0.009980874027281761
0.2698038154654109
0.8472668986278475
0.0
0.0
0.7085546220708228
0.0
0.0
0.0
0.017761757371306586
0.22874255614141958
0.004542716603567087
0.9263029148895452
0.0
0.0
0.0
0.0
0.0
0.0
0.0
0.0
0.0
0.32281383698118105
0.7526336930913837
0.0
0.0
0.013497818393066408
0.34565871797147185
0.0
0.0
0.0
0.0
0.999937528688905
0.0
0.9691722378939394
0.0
0.0
0.0
0.0
0.0
0.7182016636448283
0.3595181585171596
0.0
0.0
0.0
0.0
0.0
0.0
0.5486198327868633
0.0
0.0
0.0
0.0
0.0
0.2729832252624722
0.9998372246328382
0.11228616026565541
0.0
0.5305162383982126
0.8058289310261603
0.0
0.5189481535165301
0.0
0.0
0.0
0.0
0.0
0.17304751812114327
0.0
0.0
0.5599578569343499
0.0
0.0
0.3528100588413814
0.0
0.0
0.1796758423550795
0.0
0.07446882690363088
0.0
0.15042043072166056
0.0
0.0
0.0
0.0
0.0
0.0
0.10284636286728688
0.0
0.0
0.0
0.31607596738440136
0.0
0.0
0.0
0.0
0.39753848423804916
0.15279418709631276
0.0
0.0
0.6348065582246529
0.5121749150788906
0.3841771093085703
0.0
0.0
0.0
0.0
0.927121048779359
0.0
0.0
0.0
0.0
0.0
0.0
0.35377595563374165
0.0
0.21059185132100056
0.1506786232856976
0.0
0.0
0.0
0.0
0.015216235506803621
0.4505333729710027
0.419644972538469
0.0
0.8999035998074643
0.0
0.20771689362364354
0.0
0.0
0.0
0.0
0.0
0.0
0.0
0.0
0.0
0.0
0.0
0.0
0.0
0.0
0.0
0.0
0.0
0.0
0.0
0.6279337186670586
0.012225904465115067
0.9027790343273986
0.15433167357490496
0.8342744668051112
0.0
0.0
0.0
0.0
0.0
0.5728792028161229
0.0
0.0
0.0
0.4368237501723029
0.3499222995160951
0.12642079534587813
0.13284453664946416
0.7333877002801542
0.0
0.0
0.5153317458196129
0.0
0.43180236007466544
0.0
0.49044956048787414
0.37208585566018115
0.0
0.0
0.0
0.0
0.0
0.0
0.0
0.0
0.937730127513791
0.0
0.0
0.0
0.0
0.999997735058785
0.4144570101614413
0.0
0.0
0.0
0.0
0.6183685077874415
0.0
0.9575761801279101
0.8881374975212601
0.27904822251490824
0.549497390202606
0.6520284063346599
0.0
0.0
0.0
0.0
0.465671267205247
0.0
0.9458620777328822
0.0
0.0
0.0
0.26393276361990403
0.2875701509451898
0.0
0.49749633290645356
0.0
0.3712233756742518
0.0
0.0
0.0
0.9603588503168019
0.5183243011775096
0.8864792366547778
0.0
0.6514313820617645
0.2639612891206873
0.0
0.6632729189986144
0.0
0.0
0.0
0.0
0.0
0.0
0.0
0.0
0.01168205858692628
0.0
0.0
0.0
0.0
0.0
0.4059652954786823
0.0
0.9976455315389715
0.3063120663529275
