0.9400994590470539
0.9823895138690244
0.9759190371600523
0.980120896575899
0.9301755456664877
0.9461594490502028
0.8678559628241178
0.9516713193902964
0.8744507854839492
0.9859891697923882
0.001556578037742673
0.0
0.0
0.0
0.0
0.0
0.0
0.0
0.0
0.0
0.0
0.0
0.8794291947942622
0.7752391710561105
0.9062794002875952
0.6792522793709184
0.0
0.0
0.9843345793617557
0.0
0.9796646067760431
0.0
0.8621513818574909
0.0
0.0
0.0
0.0
0.6217542896604075
0.0
0.0
0.0
0.0
0.12808354904703312
0.0
0.0
0.7140101795605653
0.0
0.0
0.0
0.0
0.0
0.9531962680923383
0.0
0.0
0.9468927820028233
0.0
0.0
0.0
0.37051467805484184
0.0
0.0
0.6277136933225993
0.0
0.9503435801965195
0.434328527675102
0.0
0.9155554059254015
0.0
0.4747826115125333
0.0
0.0
0.0
0.0
0.0
0.7100177604012134
0.0
0.0
0.2428478441909877
0.9845515950356984
0.578327684018043
0.0
0.38811602722394145
0.0
0.630131389667807
0.0
0.0
0.0
0.9266025080343896
0.0
0.0
0.0
0.0
0.973211617479347
0.0
0.36657159560413377
0.9693494431624398
0.0
0.0023455634431868155
0.8852851765506801
0.021144495066963587
0.24260827612206204
0.0
0.0
0.8844959121133705
0.9844405372415618
0.0
0.0
0.7356923980345964
0.0
0.8143263348795724
0.473796084265374
0.0
0.0
0.6871433384416115
0.6196611615560861
0.2831967344884885
0.0
0.0
0.01139993229819436
0.0
0.0
0.0
0.0
0.001925024432412381
0.7067693709180871
0.0
0.9759661740306934
0.0
0.23524917862751027
0.0
0.0
0.9405939066451812
0.0
0.9794964547251163
0.3913591566911976
0.0
0.08293397023256988
0.0
0.0
0.0
0.0
0.0
0.0
0.1481573496762043
0.0
0.0
0.0
0.0
0.0
0.0
0.0
0.0
0.0
0.9692292961016468
0.0
0.9826092593233335
0.0
0.0
0.0
0.0
0.0
0.0
0.0
0.0
0.9771431512106569
0.0
0.0
0.23228594505645805
0.0
0.30625489488661506
0.14382265674080552
0.0
0.41189347781570407
0.0
0.626582872943632
0.8455961557459223
0.9670708694463379
0.0
0.0
0.9607829688239361
0.6014310131362921
0.0
0.45754156786568423
0.0
0.0
0.0
0.0
0.3858285413193583
0.0
0.0
0.0
0.7803567808042636
0.019969075986515206
0.0
0.0
0.0
0.0
0.0
0.0
0.0
0.0
0.41355566449868864
0.0
0.0
0.0
0.0
0.0
0.9761766786548278
0.0
0.0
0.0
0.0
0.0
0.0
0.0
0.0
0.0
0.0
0.9808251613250113
0.0
0.04583652004036565
0.4681424820100013
0.0
0.7349459397282367
0.0
0.0
0.0
0.0
0.635681709917622
0.0
0.5288473358597616
0.0
0.0
0.0
0.0
0.0
0.0
0.0
0.0
0.0
0.0
0.0
0.16256580682676947
0.0
0.0
0.30399902333605433
0.0
0.0
0.0
0.0
0.9160178378226397
0.0
0.0
0.0
0.9703985486249341
0.0
0.0
0.7057457932563611
0.0
0.0
0.042840331259281106
0.0
0.0
0.0
0.0
0.0
0.0
0.0
0.0
0.2885052189840429
0.2787934175468003
0.0
0.7023750561367074
0.0
0.16426969981591377
0.9726593047820773
0.0
0.0
0.0
0.0
0.0
0.0
0.0
0.0
0.0
0.0
0.0
0.9735339405911406
0.0
0.0
0.4359780924273864
0.0
0.23964962737281148
0.0
0.9856709385960278
0.3561649686226309
0.0
0.0
0.0
0.0
0.0
0.0
0.0
0.0
0.0
0.9595541179929286
0.0
0.0
0.21220165428060045
0.9713828252823545
0.0
0.0
0.37663355913439256
0.0
0.0
0.8478483644245165
0.0
0.9815441546527623
0.9795098849699504
0.5834423148840386
0.0
0.0
0.0
0.0
0.0
0.0
0.0
0.0
0.9189563738321731
0.0
0.0
0.0
0.22453754664883663
0.9411704012043508
0.0
0.9849198329365216
0.0
0.48228538759489614
0.0
0.0
0.0
0.7342135374913258
0.0
0.30570964988240545
0.0
0.0
0.0
0.0
0.0
0.0
0.0
0.0
0.0
0.3008270124178365
0.0
0.19434334441921175
0.0
0.0
0.0
0.919937661218269
0.26865876676826916
0.9743956546423701
0.0
0.025351617830844497
0.0
0.9723783610341663
0.9115622713794982
