0.0
0.7382985326274198
0.9926597004608437
0.9994251388646289
0.0
0.0
0.0
0.15381668378214297
0.0
0.9606535895762907
0.12308253780597678
0.0
0.38811130687267115
0.525375283483239
0.0
0.0
0.39552258483372715
0.0
0.5994882738422269
0.7029976964639919
0.08648969928521155
0.0970059786919002
0.0
0.0
0.0
0.0
0.15318665759898065
0.0
0.8363503519297933
0.011172784488637677
0.9865825439129674
0.0
0.0
0.24724726730244284
0.9132012229380528
0.0
0.0
0.25537551514739865
0.0
0.0
0.0
0.0
0.0
0.0
0.0
0.0
0.0
0.9693479971859859
0.05632528575738582
0.11120799878368182
0.0
0.0
0.0
0.0
0.0
0.3955320346062905
0.942258362692374
0.814069789535116
0.9934586162660448
0.6748094508501059
0.5578908895174587
0.0
0.0
0.0
0.9432120132728518
0.03262763401652502
0.6497614914654937
0.08844595139123623
0.8670563692765842
0.0
0.5870288192676179
0.0
0.0
0.0
0.03731233262615896
0.2551639295947514
0.7786566830864847
0.0
0.0
0.4156636295857429
0.9027193627630589
0.24508519825909647
0.20785065048277263
0.24380379689935316
0.0
0.0
0.8404952774057771
0.3758413372915831
0.0
0.10234561691294586
0.9999998777521387
0.6959182744879142
0.0
0.0
0.06161121769917555
0.0
0.6437607363626134
0.02291203448888479
0.7895081232806758
0.0
0.36500387946775237
0.0
0.0
0.0
0.597192584038712
0.5817997667588689
0.5859628709177536
0.9917673004628403
0.583657668199689
0.3290512410379427
0.0
0.0
0.050813923720971155
0.9544850507781952
0.0
0.0
0.1511007353195939
0.0
0.3764492551149321
0.9985209795580252
0.5243646367791487
0.7522836352471698
0.0
0.0
0.6604868946531768
0.0
0.0
0.0
0.0
0.3522176399227912
0.13881444096577866
0.14996334965362823
0.0
0.0
0.1309594920771302
0.0
0.0
0.9741084233009683
0.0
0.8386518132952567
0.40918212133090015
0.0
0.826931517971089
0.4321752891953411
0.07312164440353774
0.0
0.0
0.0
0.23263934635174477
0.0
0.0
0.0
0.36623979544914254
0.8094856742884667
0.0
0.0
0.19106339329580369
0.0
0.0
0.0
0.0
0.7339880557701305
0.018240823878332146
0.0
0.0
0.0
0.0
0.07173802688288744
0.4458791190429696
0.0
0.475793096276909
0.37760606628340254
0.0
0.8603744678094204
0.7546089778085481
0.0
0.7429639137740427
0.0
0.47145778549545747
0.0
0.0
0.9197213090910248
0.0
0.9721624339223032
0.0
0.0
0.6707689789395694
0.0
0.8843820761552291
0.0
0.0
0.704772252711404
0.8268113804902568
0.9801100765006866
0.0
0.0
0.0
0.0
