0.9999118631898383
0.9694820548786223
0.0
0.0
0.0
0.0
0.0
0.08394333575125801
0.0
0.0
0.0
0.0
0.0
0.2932721089318828
0.0
0.0
0.0
0.0
0.0
0.14478635252837102
0.009565870748570626
0.0
0.0
0.0
0.0
0.0
0.32679857897268794
0.0
0.07807165790864745
0.7080267735946755
0.009036867314874297
0.012145194505348567
0.0
0.0
0.0
0.0
0.0
0.0
0.11833255487934768
0.3663990495483531
0.1572153272297948
0.5229410808154755
0.4531994965258037
0.2032810568221297
0.527500831839949
0.9273719395832003
0.5936688388049298
0.8757047994532376
0.5800242930904279
0.3699806390905964
