711
266
574
469
884
204
789
285
943
1129
15
261
604
176
56
1051
1035
767
582
1079
996
296
787
588
1065
717
1096
764
368
668
519
935
535
586
585
735
708
1034
999
551
907
520
322
41
8
894
876
72
1044
549
906
407
723
1108
982
449
153
97
374
124
565
640
956
264
1074
1076
1128
804
274
613
995
1102
1081
833
1107
1135
609
1007
921
433
485
969
986
178
601
298
856
195
217
334
73
728
500
1134
858
800
1137
631
1140
481
396
299
155
290
380
93
27
847
721
1052
571
911
511
1025
961
525
877
899
292
632
707
713
1013
377
267
325
648
763
216
883
971
393
300
263
703
375
501
690
683
52
49
1080
704
107
17
777
87
450
557
270
280
50
242
272
13
867
333
950
638
518
1004
482
689
458
824
130
119
810
372
157
490
628
657
754
241
786
649
230
1049
341
686
233
171
235
989
1144
484
548
423
410
905
115
187
40
881
731
364
1126
695
355
591
1119
864
175
823
842
284
651
201
780
896
434
759
397
679
744
302
357
859
667
725
564
718
415
147
268
993
436
553
461
44
1026
174
123
788
964
578
350
46
185
137
106
43
385
358
392
311
926
700
783
775
159
595
474
152
561
58
802
860
496
527
1099
1042
848
791
981
65
465
552
932
165
140
398
1117
1053
508
158
379
874
1095
202
1043
1066
587
321
592
135
998
963
1068
1002
277
933
194
237
71
1072
457
845
987
1056
1070
199
1012
918
108
655
751
541
207
442
329
730
287
739
949
289
209
1133
579
920
567
1071
1127
1103
959
370
973
184
414
840
1058
441
537
726
885
658
326
1028
746
762
1116
853
373
120
1029
855
390
531
951
947
131
262
432
528
843
795
411
758
359
286
900
19
294
641
841
23
367
338
756
205
472
939
249
20
539
670
495
444
1142
985
607
181
1118
712
21
1136
317
688
275
979
931
352
463
938
95
799
1015
257
259
737
793
895
948
684
297
24
451
18
1038
966
515
743
803
425
99
391
645
790
830
331
197
809
653
888
543
113
143
997
798
752
835
250
1077
1138
443
1059
660
652
572
526
453
4
103
452
955
1097
577
409
162
454
624
569
7
252
82
102
1085
232
1017
315
865
327
669
314
797
144
134
473
816
736
820
125
614
1008
29
98
682
85
1041
318
161
305
220
382
1124
255
25
1033
635
360
872
192
170
1
6
438
37
198
499
354
1143
766
468
815
934
817
111
692
281
150
647
291
516
271
79
781
530
236
1018
729
903
186
694
602
976
168
834
304
962
722
1060
440
279
778
890
429
568
471
401
912
109
371
672
521
182
1022
1121
1010
706
967
575
994
218
1063
361
1123
273
770
362
36
460
1069
203
536
1090
188
32
66
51
22
910
875
928
265
506
38
844
685
598
324
952
173
226
94
1024
929
478
1114
923
121
522
851
542
983
600
512
366
913
92
62
83
776
505
57
671
172
509
750
323
1020
891
1101
924
1100
388
387
594
493
435
656
210
662
413
958
1131
1061
727
116
560
1075
886
75
555
626
1088
957
836
1000
991
533
104
719
54
384
627
240
256
328
517
630
247
234
868
812
673
589
637
437
394
196
1003
633
832
345
348
45
276
238
771
53
942
898
1032
313
133
970
416
448
229
761
1125
566
827
3
89
254
1011
412
610
716
128
597
732
301
64
177
1037
132
576
346
456
90
335
307
462
404
244
663
59
164
295
977
418
709
538
221
988
755
940
1087
1093
477
606
581
466
430
769
114
915
705
1001
887
562
513
439
424
745
878
1067
972
990
699
122
1110
570
190
330
854
634
608
282
1045
612
67
747
644
316
870
664
1016
214
339
47
917
337
826
796
483
862
643
293
31
245
866
605
946
580
654
753
618
715
675
806
611
965
340
749
882
1005
55
893
1036
343
925
118
734
400
760
674
408
1064
808
852
1082
554
558
980
646
839
80
497
139
953
1039
696
225
927
445
659
687
319
616
455
376
919
363
16
1106
166
403
960
724
629
550
1086
1089
1122
892
100
984
546
829
857
1112
615
784
710
879
10
193
303
974
476
814
498
794
1009
992
136
389
88
475
622
733
590
678
84
447
351
208
1023
151
223
381
621
417
680
741
801
320
101
248
901
1006
1083
12
491
1105
246
419
819
863
1092
701
792
871
1094
154
698
487
349
1021
779
1141
873
1057
1047
904
1139
968
822
619
378
714
1111
954
507
283
941
828
1046
399
1073
1019
902
603
838
545
909
117
697
163
312
78
138
112
126
243
459
142
310
504
369
547
813
492
156
837
720
446
661
428
502
1050
149
937
219
405
861
336
768
308
563
105
228
494
617
1109
35
774
402
110
945
599
748
76
129
222
573
869
86
309
74
28
386
470
584
60
5
365
514
253
422
26
691
593
91
420
740
96
260
2
180
206
503
677
61
344
332
811
231
146
486
1027
742
825
479
666
306
772
889
48
145
1031
807
1104
431
831
141
77
11
258
353
510
406
850
34
179
224
665
383
544
897
596
1130
30
395
251
288
63
167
880
189
702
532
227
464
1078
785
821
914
70
916
421
650
534
239
757
81
1120
215
818
765
1030
773
213
930
1098
39
639
936
1054
356
676
1062
559
68
805
342
625
846
782
1132
69
191
620
849
738
1055
212
426
636
14
1040
42
488
978
583
908
623
200
540
211
269
489
183
975
523
693
278
681
427
127
9
524
33
169
556
467
160
480
347
148
944
1115
1048
1113
922
1014
1084
529
642
1091
