57
31
33
64
204
49
128
23
42
221
21
220
115
194
189
114
233
99
154
27
28
113
146
226
254
215
164
247
239
218
198
63
144
74
250
5
81
118
181
46
129
175
161
122
51
169
206
155
234
197
138
83
111
121
125
18
19
208
110
244
26
139
105
148
1
112
106
231
34
88
213
176
2
136
210
38
248
216
251
102
77
223
78
32
107
43
48
140
180
24
47
152
162
229
170
135
192
130
238
80
165
166
25
243
97
256
69
124
87
158
188
212
203
126
39
219
134
199
182
94
172
209
237
20
13
123
168
79
193
89
163
119
67
160
30
145
253
70
117
90
120
137
195
173
159
149
86
22
116
147
12
240
16
85
60
75
50
214
156
186
246
235
37
71
241
191
150
252
73
91
59
132
66
52
205
187
9
183
222
200
142
217
3
61
15
44
225
201
224
53
227
151
157
8
36
68
82
167
7
17
202
54
40
104
14
141
35
10
29
93
98
84
131
100
4
6
230
96
190
45
65
56
177
255
184
108
143
101
133
103
41
211
127
236
207
232
171
249
196
228
185
62
242
11
92
72
55
95
58
76
153
179
174
109
178
245
