3709
2135
2617
2436
489
3371
3957
3384
2336
2411
2920
2877
2158
2313
2185
264
1983
2687
3913
1706
8640
5404
8297
2136
5219
69
8804
4887
6346
6828
1443
9226
7173
3367
4661
5494
7917
2045
3192
1261
5088
4285
678
6711
8481
1770
5712
4060
5710
8303
8755
5883
9271
4504
3027
9056
8276
6452
4689
3181
3891
9674
9775
633
6820
6481
5453
6797
405
812
6047
801
7259
3330
8006
7254
7657
4458
8981
8486
5718
9065
5182
6541
6501
1291
967
7215
8027
6811
8735
5956
7289
9484
2116
9737
7915
8112
7746
1980
3944
1784
2595
9165
5231
7414
5834
509
2253
2097
5813
8613
752
8089
7968
338
1292
4021
6066
1382
4611
1273
7681
9676
7141
4929
5241
5628
2815
2974
6881
7351
3613
4316
2112
4320
9717
6596
6015
7198
4563
2957
1405
7444
2145
913
6732
7906
1501
6534
2245
163
7984
6532
351
7691
3677
3940
307
8760
6961
7095
4927
979
4025
2926
9443
7242
4683
5015
8258
2987
7354
649
1111
7839
6228
2311
1322
2712
4716
3853
832
6201
7163
2672
5295
7060
4826
3204
7139
9431
7281
1188
3219
7282
4973
7326
5007
7213
6714
4037
9629
1954
6320
1018
8508
8062
1599
8603
2860
1433
516
3029
3590
4367
4186
9197
8325
3404
3625
9297
2610
6488
9810
9769
1465
9425
8296
1436
7863
284
7573
3855
3327
4717
5077
2260
1196
7066
841
9608
8532
4472
2855
9479
1801
7451
1029
4328
4046
5095
5369
6869
8063
601
2093
2418
2656
9102
1994
3304
263
8463
5212
4853
7252
3021
7810
2742
970
806
8314
9334
1072
2071
5361
2087
3529
7546
5268
5360
6128
7623
5598
2230
9304
4668
9389
7759
4834
6586
2973
1320
5946
4642
8824
2755
3107
9549
7124
3280
5049
5884
3906
5833
1630
8530
3264
2299
6719
8088
7197
1627
2382
231
1638
3701
360
630
2463
4556
6074
6259
8975
811
5119
9329
2793
6548
4537
7093
919
1582
6180
2178
8756
1705
2193
2583
312
2618
1809
5769
7764
7769
9008
2180
3712
4982
6911
2076
1804
9499
4664
6802
6607
2907
3003
4729
1522
3376
6399
7377
2489
396
2478
9168
3143
9367
1440
5657
3504
1960
746
9860
9595
7575
9284
4755
7233
3938
6851
3220
2933
1671
2544
8021
1279
8507
7690
2673
921
1555
8291
1309
2886
9612
6106
2327
4846
218
8077
1976
6573
2085
4739
1636
5674
8322
3841
8870
3060
1269
223
1144
5133
9171
8602
4226
6335
790
7697
1468
2427
9520
680
4277
1033
3464
1890
7954
733
1158
3136
6089
7332
6283
6439
8277
9420
4355
2788
3321
747
5727
9486
7447
2629
14
5623
2374
4820
8335
4597
9507
53
9206
572
5557
1180
1648
6064
3052
3249
7164
4568
9607
6639
3847
1040
9103
5080
2935
6183
8837
9857
4787
4540
5922
9024
2370
4877
7936
1755
2017
2512
5421
8889
8417
3592
4284
5954
8217
9085
1932
7338
5144
641
5306
5646
4859
5867
9106
5760
5903
1743
1302
1380
5967
3768
8549
3905
7161
559
5845
9289
9219
4620
1057
455
1108
934
4303
7
6410
6618
3870
8597
6459
6572
4000
7041
9823
3781
6633
5191
5373
9029
8511
1463
2698
5933
7315
628
1412
8662
3899
6234
1116
1149
1724
625
3113
4041
1725
5678
534
627
1242
8931
4832
7368
5580
3045
5777
3924
2434
1120
6356
4155
6924
3767
9501
4525
4617
3050
7711
7146
6909
5322
2643
9068
3578
3696
4154
8691
9558
1963
2216
4905
305
280
5327
6171
4983
6063
6359
2249
9841
491
227
116
6336
8104
2744
7474
679
9792
8319
5773
6946
2120
1600
3053
4535
7333
1579
3173
8787
1263
4855
7293
394
3079
177
5299
4960
996
3105
9247
9429
5218
3505
6957
9150
2290
1324
5599
2204
4294
9173
8270
8534
1348
2474
5038
7418
5930
6930
1099
6508
7187
8264
4209
1411
7705
1173
5331
5579
9426
8643
5381
7551
8702
562
7760
1700
1605
5432
1679
229
4012
658
3335
3893
6790
2350
4091
328
9089
3084
4311
2915
2169
188
4433
4372
3632
9725
9261
5825
359
3976
6826
5354
2301
3416
9736
1997
6871
9204
81
3380
5230
2977
3494
8483
8343
8379
836
7248
1818
2558
6634
8769
5260
1187
8776
5754
6327
3645
9424
9090
183
7744
6236
3189
2408
9012
4649
1686
2208
3314
1533
1352
5585
7540
8907
2319
2966
7865
8693
5287
5254
5367
3250
7951
259
2152
7571
3834
608
8750
3245
8009
7772
5782
740
1462
7995
1202
3266
6936
8697
6839
2885
2760
1091
6540
7533
306
8204
3058
581
5663
1381
7707
5465
8315
8078
124
5189
2236
577
1194
3991
4961
6311
56
6672
5651
574
1806
3023
2839
6120
2800
4122
1757
4409
3640
4770
9577
5431
3065
5375
891
7234
4468
449
4847
5092
8085
6022
3145
2837
2638
8331
5914
6194
3332
9849
7127
5371
3085
6352
5562
4411
7054
4793
3764
3738
7602
8388
640
9514
9698
1633
7327
4309
2265
7428
3971
287
9325
6347
7172
1777
3254
8742
1782
8928
9002
8536
8334
2288
7683
8631
6758
2500
12
7993
6242
8208
3759
881
1710
4912
2210
6630
5645
171
8064
8459
4237
6340
5570
3318
1850
8845
3297
5897
2679
6641
2200
3111
1771
6919
6824
9557
1720
870
5728
822
3289
8495
8667
5000
3996
9723
4600
1840
2366
6034
8633
1769
7922
1937
6103
6836
8164
794
2965
3372
9580
238
107
1254
6062
8458
1311
2470
5968
4417
4471
8020
3514
3002
2911
5441
6268
6538
1124
5439
8111
9166
9006
8480
2155
9670
3399
8580
8466
2328
6239
6928
2947
1968
7927
3033
3129
9398
7834
5036
1750
964
7046
8578
2531
1723
7085
8897
202
1050
8813
8232
6736
583
1838
486
8999
9174
3059
8669
8295
1735
9319
4333
579
36
981
5687
5877
3925
5871
5147
7051
7670
6005
3438
7662
5989
5899
1397
9745
6048
4509
6686
7162
2614
8490
3417
7981
6296
8010
8157
2354
9671
8754
2984
7038
3194
6735
7630
2064
1003
3631
3315
1524
1781
3999
6212
5135
2946
4685
2190
7285
659
5357
18
1163
4625
2664
4798
1943
7779
3993
3638
1900
8886
4571
7195
8847
4786
6747
4728
4750
7545
4075
2173
9399
5669
1009
8031
319
8467
3364
446
8785
5785
5097
9657
5020
8959
7992
2999
2510
1678
4723
777
2171
3345
1575
9807
9382
7704
8575
1497
3840
3412
4482
2842
6496
2110
2980
390
5502
3478
9813
2164
1371
4994
1698
2321
8668
5198
7329
3928
4529
3462
3451
7560
8805
4889
152
3556
5978
6001
6981
560
15
366
8394
846
1344
54
7251
2084
9199
8958
3480
3977
4281
2801
6258
2198
3209
8741
2312
479
2823
7797
1931
585
2553
1886
8500
2998
3436
4119
7297
863
7719
5526
9069
41
8376
7430
3100
6678
7914
1623
7870
9092
1429
4725
3302
8281
473
8286
2979
39
5176
3427
292
4873
5961
4216
4825
935
6841
2880
1129
4263
154
1829
1855
540
4166
6019
6803
8574
3867
2944
2763
6668
9127
8779
7925
1210
320
6991
5370
2644
726
2542
3358
4332
9522
848
4224
5692
7073
6035
4857
8219
8983
1595
6274
8316
7459
6036
2395
8535
4449
5552
8171
7631
165
2451
8380
9682
2628
8337
7687
9277
886
2380
2226
3916
3601
3343
1835
9461
8933
1485
398
725
833
3342
7347
2041
5847
5997
5507
2492
2357
7715
2616
8143
2848
739
9036
8930
7357
2383
2195
3690
8096
4981
2480
758
6094
3390
4553
9049
9258
3676
8253
4687
3018
4997
888
8396
4212
8995
7964
1788
9816
8725
9518
7868
5809
6834
4081
8422
3406
5750
6163
9832
944
7620
5501
2303
2791
6499
8977
2318
9766
4972
1230
6472
3168
2799
4148
311
8951
1862
4604
6615
9740
5291
4837
5405
4858
8853
6993
6464
3365
182
7528
7147
9531
7904
9027
4074
923
5748
8123
1740
2306
5148
4977
1761
3584
2753
6325
9118
8487
6588
5201
4190
6009
52
6947
2654
643
5744
3965
5508
393
7918
6466
3153
9454
755
3450
6119
1851
9239
1401
4810
2248
4032
1936
4205
8504
6221
9052
6915
1612
546
1502
8595
5344
3401
5699
766
3815
9077
8747
9543
795
7881
8381
3017
2609
7142
1625
4828
7851
3511
1999
3824
1800
8160
9364
2322
4595
9571
4481
6438
1747
3702
134
5122
294
7586
6779
3368
4470
7378
2992
8039
3148
1404
7511
7821
6087
5837
862
5014
4147
389
9751
1519
7097
1472
3983
7787
6086
5722
2991
1846
6374
397
3711
8080
4225
5927
3155
8465
2765
2591
5161
4940
4962
5734
3423
7160
9853
2990
9324
5521
900
9279
8122
201
6107
1002
7021
1097
5058
4585
8856
2493
7640
652
8799
4799
6016
4734
2491
2942
4678
3807
2424
9798
8569
5442
5843
9763
2850
7796
2612
5447
1062
222
2960
9104
4586
2924
7544
2896
58
3907
9388
5300
4048
5061
3387
514
6800
8126
6370
1215
49
3098
3338
9734
9519
3649
5336
6080
236
7804
6349
5346
4656
6178
450
904
4578
3614
6595
3617
8932
5041
233
3257
4086
9672
1594
2331
2764
8360
9686
420
4313
6078
7168
7436
6856
1138
1049
2044
5992
3440
5549
5811
9010
5127
1012
7440
8003
8445
6157
4308
4580
5698
9805
3845
4686
4639
85
5926
6424
6673
8743
1216
4178
8420
248
4261
3214
5411
1224
7460
2997
4146
5604
5105
4182
6462
8448
2096
4507
1223
242
5795
3852
208
3101
373
2940
9274
6857
7424
193
2869
88
8288
4337
6154
6000
6547
6435
621
2660
691
1362
6042
2125
6623
2700
4700
9675
6970
3073
7613
539
8615
2639
2727
2574
5379
9253
3328
4677
4744
4106
7637
9137
7610
7866
1205
2211
3571
8109
362
2524
6642
5251
6603
8410
553
4425
4990
4056
6181
9564
4538
2803
498
480
367
5512
9771
7824
1161
6626
9833
9294
5222
1825
8287
5615
3491
1383
646
851
1504
1699
4624
314
6830
6910
5803
7182
9355
5143
3397
6894
406
6298
5076
9221
2508
2344
6046
1019
5416
5959
6437
3115
2352
7031
4244
9656
3048
2882
487
2985
7736
7816
1871
4851
6912
6977
3068
5204
4302
5109
8100
8045
7758
1503
5504
5149
2232
1989
7941
8210
2945
3312
9718
8864
4326
4248
2286
3881
3715
4452
1701
8289
732
2348
1731
2790
9232
4432
8607
3094
8771
5519
9619
5060
419
2715
1416
6105
6461
8780
3670
7151
7261
4788
1952
278
1052
3147
5688
6511
1293
9327
6926
2548
4591
1133
6098
6058
1820
9184
2770
4579
7372
6546
8133
3835
7087
4024
5882
2368
9185
3935
3099
7781
3421
364
4236
243
7652
9321
1930
4863
7555
7461
7344
6436
3236
6778
168
3704
9464
8418
5004
3863
8721
7608
9200
7408
5378
9110
5979
3914
2163
4984
8175
7999
5459
4307
6487
5169
2730
9
5713
6682
6613
6332
8165
7310
3774
7550
4045
7002
4387
2740
7116
4321
859
7465
1766
9155
4480
1642
2187
7082
3830
9230
5376
7713
7563
5067
2485
4421
9667
1561
8385
8040
2329
4552
9430
2103
3974
1947
3866
800
5031
5258
4888
4562
2576
8866
1453
1945
1318
2686
8191
8565
1013
8284
239
5865
2674
1934
9351
8130
6126
1128
7605
5939
6938
1634
8057
5104
984
5345
9017
9393
2433
6227
5844
429
2701
7584
2735
6767
7578
5982
9568
1906
2302
1797
6897
774
1010
9413
2471
7061
2009
4044
3667
4628
1953
5073
647
8192
8634
8956
9855
3877
9491
6430
2598
980
2349
2671
4753
9076
9016
3901
377
3741
8888
1905
7113
5056
428
5921
369
4720
7359
6772
2631
28
6110
6941
8871
9636
7084
2561
842
8241
8249
6937
2326
3224
6733
4724
861
1640
1488
9481
3897
8206
2365
3125
1554
2811
9852
4490
2827
3838
544
1025
4230
6493
4275
3352
5635
5335
7945
2030
7466
738
1837
7844
5316
2769
9793
5024
5472
1726
9359
2150
8468
2140
1898
6277
1112
8851
1613
1808
5761
4576
5215
797
8700
3484
1102
2838
6584
3241
1233
1244
6560
4077
2528
1243
8955
5823
4124
5938
9618
6581
4280
7167
1974
8671
9275
3799
8209
1970
2007
8098
205
6231
1567
5891
4396
3290
7280
2703
7967
7388
6734
1530
8110
4198
7396
3086
8056
215
7076
7275
7381
8873
2114
7615
1038
2264
7536
4447
782
8761
2256
8910
8274
8985
7241
463
6879
9842
162
2588
8831
9331
9161
824
2148
2783
5414
2789
1228
942
7517
3137
5062
7394
1576
4247
610
5824
2165
4062
8521
3227
267
5846
7397
317
1353
5307
3366
4090
4598
1341
8885
6253
5902
5620
4020
9809
8102
8222
4751
7208
4213
8162
4884
2197
3004
1027
2572
876
6091
730
1229
698
8090
2685
8861
6549
6854
825
2833
2151
115
8413
6317
3124
225
5034
7484
8599
4179
3041
6575
6139
5853
965
67
1198
6123
6324
8748
9063
9025
4114
7390
3591
5324
4249
326
513
5960
9402
7067
6996
3856
2497
8293
8135
7090
6448
2475
8719
5634
9193
4084
9611
9710
5467
8944
7098
5368
1219
8058
1182
3832
6756
1902
9055
947
7385
7699
3749
9082
6611
3441
7919
9743
6902
604
5070
9442
568
285
7413
792
3849
6907
1197
6753
4862
9376
3130
7273
2887
476
8898
9572
5235
1998
2981
8042
4406
2647
7777
2042
7502
4448
7803
3641
6738
6559
8152
1121
5048
8875
2680
2996
430
6577
5627
8356
5919
7858
866
7775
1046
7729
4732
3882
666
7525
1417
7841
5321
6165
8177
9157
9613
8687
8271
5012
6065
8610
3884
7789
226
4759
7934
2153
5694
3604
6888
2066
7072
4776
734
257
1087
3369
8869
4401
5550
4781
882
1688
459
260
3527
1645
2804
7322
5500
2341
174
2400
7411
6244
2051
5908
6187
4886
3038
3726
1828
8
330
858
7535
8029
2834
9455
2590
3986
437
2567
6955
4757
5541
1601
5547
1737
5042
1578
3563
7969
4933
2229
1458
2316
5788
9087
7808
1199
9561
9716
8461
2766
6530
2518
3339
9660
3945
3046
5607
5574
3119
2499
8158
4297
403
8768
3103
4893
9198
46
3588
145
7264
555
6718
662
9839
7145
2809
8497
8424
9551
4999
8054
939
879
5655
4153
2308
9231
50
8675
2364
2107
950
2526
6271
6345
7415
8354
5236
3201
172
4118
2645
2559
7135
8345
8636
1912
4491
703
209
9485
4539
3755
3662
3158
8880
2968
7256
7574
5311
7023
2410
9250
456
877
441
387
2739
3673
3688
6525
2566
2706
6442
4980
9530
7852
7599
3310
7246
1588
402
8351
3008
6186
4402
960
4184
1617
4935
9176
3876
2912
8275
6497
5737
4742
3919
8612
7157
3964
4652
3724
3917
5136
4369
5128
1165
6512
6420
3564
3836
7056
7739
5879
8731
7204
8125
5289
6140
7193
4116
7617
1716
5594
5358
3207
3483
1573
1201
7355
2102
8169
9061
9345
5452
3680
3719
3558
8307
5083
7220
6569
1864
4868
8156
2782
8882
2768
6950
1839
3573
7403
1500
6006
2972
6890
2209
6793
3760
2023
994
1240
2028
2606
6337
6486
7975
819
3763
9285
4393
1858
372
8972
8014
1251
3997
3123
9303
4097
3242
9648
3071
3183
9666
5715
7859
3047
3128
1482
9237
1556
9731
7152
1234
3359
5605
3829
530
157
4581
7121
2734
2362
1899
6855
7742
9696
6704
688
8568
9687
3575
4632
4930
4469
4322
1166
1042
623
9689
3349
7871
8471
1741
6585
5178
7366
5100
5966
8368
3934
5729
7115
7950
7944
6646
1172
3197
2422
9021
6043
9236
8585
8927
3469
3485
8129
9119
105
6982
1971
7300
6590
7830
5408
5164
8055
2403
9287
2124
2759
5256
4650
2294
9584
2243
5530
9234
7594
5639
5962
9202
4348
3420
9746
1123
3087
3545
2592
8257
8265
9622
4909
5485
7137
1775
2906
4413
5111
6489
2003
7874
1673
392
4682
6592
6125
6254
3744
1830
3433
6667
956
2819
4565
1538
9470
983
4485
8579
2620
7120
1117
4191
3061
8138
4865
9411
6209
4404
9625
1053
1548
7476
6329
6215
9004
3223
4374
7247
8544
5384
8703
8328
6670
3275
6111
3014
9432
6096
2035
6594
969
8920
388
5567
7455
887
413
6100
3969
313
4969
7339
4314
2431
8489
5658
9220
7520
5347
6232
361
7606
5764
4220
2179
7271
3449
2568
5194
3019
8954
2608
9005
1257
2283
9812
1581
5426
4399
3114
4379
2556
5427
4713
7409
1431
5188
3528
8469
2953
5103
2950
3668
4022
3800
6558
1631
6316
2034
2402
9538
192
7077
7348
9569
9251
4852
6953
1303
80
7813
276
2189
660
7943
5621
3788
4692
3678
5423
2781
1776
5493
7389
9527
8604
2777
6304
6765
9703
247
3693
918
8387
1489
4487
9026
368
4451
3920
6776
5216
3606
445
5513
5318
767
1810
6490
3413
8922
2550
8172
3522
8991
1264
9762
4824
9781
3316
7003
7875
716
2149
8116
3821
1354
4161
1939
4282
3922
710
1339
3171
6564
9532
3569
6509
3190
308
7901
736
4123
6867
2073
9523
4058
7756
3980
8245
7635
2534
3000
4636
7013
9639
9086
3083
8829
4265
1208
1568
3472
3160
3655
8082
7916
5112
8203
6465
6653
9637
999
6799
4315
8310
9384
5560
8883
4227
268
8000
100
3810
9256
7576
5745
2722
9495
4397
8589
9760
624
793
990
9001
9428
6449
5625
2194
1921
8801
2758
8097
4651
3902
1702
8809
5631
2812
2775
2144
2928
7702
5643
9570
4027
6723
7477
244
9638
492
1152
4429
8433
2330
68
3553
3506
7899
1583
925
3952
2635
4549
3117
5046
9685
4592
8347
2367
5624
9380
9335
1993
6638
7169
9856
1193
1523
8415
2246
8427
1847
1031
2581
2334
1289
8061
5001
1464
6229
340
2304
4223
5040
424
3554
2714
4201
3473
4494
8239
3862
2375
2457
7238
5741
6297
7022
3152
928
2813
6433
7445
7316
4049
7081
2498
7768
2952
5912
6598
7753
4885
2296
2927
8806
5285
589
1888
549
6722
5675
1893
1110
136
6143
9529
5950
3443
7133
3611
6025
2280
756
3778
4892
1967
8220
3860
9811
6804
9391
7335
5096
3550
5517
4896
9406
1990
4789
9340
7401
5075
1714
6334
5009
76
1498
4427
5454
9733
501
8664
283
1156
6812
1137
4156
7956
3066
951
365
8346
8016
7903
5474
9338
2342
3460
8764
9697
6411
7840
6377
3333
7938
2808
7016
971
3134
4838
5496
1941
8473
2806
466
6195
346
2798
3269
8484
3178
6077
8766
8842
8509
565
7258
1469
121
1461
7991
5403
59
7227
1190
3350
5943
3605
8404
4010
8038
1528
6780
4064
8272
3175
1225
4386
561
5878
4618
9115
5505
9408
350
7647
4002
6450
5389
4731
8030
7710
8586
8032
9586
2922
4817
4211
6115
7345
5632
4304
1203
4512
4193
4583
4363
3319
6371
701
1272
3885
3904
545
8046
7786
5949
5551
1400
6310
9409
6413
4420
7106
5766
4528
1824
6369
1415
8533
8438
1843
4288
3931
5528
8783
4551
2168
7778
4835
6648
9014
1139
7526
2773
2899
2888
8183
5752
2444
2597
4943
5115
7276
8626
3552
6901
6445
607
889
9650
631
8015
395
3200
6971
2870
5681
6002
2704
8912
9075
5955
6761
6406
1493
3812
4691
3951
78
1127
3496
2748
7453
3471
7318
9278
9447
1258
6892
3713
2605
3794
4768
517
6527
7722
4495
6617
4534
4861
4615
7507
2476
6825
5069
5524
5086
6654
2861
6695
2694
3
8106
8778
3990
4055
4338
2058
3560
6822
6699
1975
6729
9749
2184
3608
8302
2905
4167
6076
9701
2784
5913
7835
8786
8738
1155
1346
8849
144
2047
9516
1495
6092
2913
5481
7556
3437
8260
22
9630
485
5350
3960
2228
626
5280
9727
5341
2724
8816
2699
6142
8884
9706
5554
3230
4101
1134
813
6118
6579
1093
2438
5435
8841
4501
4666
2134
2626
5854
1255
7570
4660
9463
458
1977
2015
2862
6748
8563
5165
4601
3340
3244
9589
5762
1907
711
1106
6805
1805
5542
4172
7795
7933
5488
5928
9392
6529
8300
1334
8929
4461
6827
2273
9492
6055
6403
5904
6658
619
2807
9502
347
7688
5738
4334
3736
2361
799
4145
325
9072
7303
4530
1891
6003
1718
1883
2937
5619
4465
4143
302
4079
9782
931
515
3382
4697
4492
6391
1948
4462
5269
3093
1343
2259
9653
6333
4431
3517
5214
4366
3572
2613
9617
8808
8524
3261
1715
7421
2681
4489
707
474
9533
4181
3049
5396
532
1058
8653
6956
8670
2462
2676
5641
2892
6627
7654
4914
1132
4187
9306
2778
3331
7976
772
6787
8025
8074
5420
4976
8846
5753
1821
2281
814
4856
9073
1639
1378
5197
4872
1791
4646
1298
2551
3090
6061
1473
7861
4766
7725
8835
7913
9058
7974
3543
3157
1510
9292
5044
6182
7387
5168
4840
1558
533
8037
7419
3900
3616
8155
5951
1659
8244
3929
4467
968
102
7437
4903
1878
126
985
8233
8305
5372
4014
4232
9170
3762
1150
4555
8781
3091
743
2995
525
9566
9346
5078
2849
5190
9246
8505
7268
4346
1104
9299
4152
937
1681
7645
4784
95
7593
773
2437
6660
7935
1039
6384
8093
1098
5047
5742
8694
2271
106
8926
1266
3995
6326
4004
1991
4902
1822
8059
8685
1778
3400
7792
727
7363
527
2693
1751
4763
3133
1658
2037
1423
4175
8166
1475
103
8353
5003
5637
3206
2469
8893
43
8512
8679
6810
2641
6702
141
7765
7040
7986
3347
8876
375
3501
686
7897
1315
6984
9276
8782
5506
3012
9191
9465
7222
2655
2651
5160
1860
5304
1911
8113
2636
3006
771
1237
4039
8107
5617
7196
9235
5071
1231
860
5975
499
5613
1189
1241
6574
7207
6250
1938
9377
4590
8652
724
2177
4882
1574
9439
5787
8621
3044
6807
8254
2227
8452
8593
3015
5578
7226
2013
3375
1867
6727
1876
5767
7539
5010
945
5333
7946
6185
1260
7682
9122
3109
5315
4864
2925
5587
8714
2841
6997
2962
537
6314
4762
303
5973
6383
2517
5520
3370
9421
6127
4080
9680
8211
7537
9298
1407
6567
9194
3954
245
7985
2737
4050
4925
4721
2432
6505
9216
5151
3240
5377
8148
5363
8698
6789
5881
3600
6112
4747
9146
5701
9646
6132
8201
5234
693
5055
3253
8306
4694
1176
1090
8246
9559
8391
5419
3293
2004
2345
6251
1329
5273
4774
7733
3857
6940
4928
6193
3943
6945
299
1591
1086
9316
9031
7211
2646
5364
9830
2091
5724
7262
7625
5131
4953
1281
8198
5796
7998
2707
1085
3903
1713
4758
9209
4110
856
3705
2104
19
4188
6759
4059
2039
741
2532
1336
4023
4667
1178
8221
7144
7898
4741
3657
5850
1901
1268
6960
2523
6696
1014
1295
8528
5
8858
2910
9594
4108
8329
8548
1763
6261
8906
1877
1389
6378
6784
2430
9259
8663
9326
651
4647
4061
5213
5392
2728
1275
3813
2658
3636
3184
4008
3355
1326
2876
3329
2665
8774
6164
5812
2056
6415
745
119
6612
48
7039
3576
4353
3861
5279
8076
1271
6376
4450
5334
6208
8666
9565
835
94
5469
8200
6220
2347
6988
1238
2648
7581
3691
7302
4242
5793
5157
2495
1759
5781
5023
4270
9139
9517
6477
422
3172
3580
6898
4502
8174
6222
595
1278
5705
742
8525
5030
9133
898
6651
8661
1107
9548
6959
5545
9252
1065
4073
531
7862
9094
6262
9621
7755
1350
8044
9373
3923
7559
2871
7589
7703
765
1587
5238
6528
6478
6920
1865
2182
2067
316
823
4255
5101
6751
5263
477
1973
7900
203
323
1719
6742
7153
7596
3654
3211
4690
8506
9664
9337
4950
5343
9363
697
8581
1385
4111
8840
5166
6365
4034
8862
9640
958
6821
9042
831
2292
288
4351
8181
1972
7979
3132
2014
3474
3979
3544
6247
3408
3783
5141
5057
1739
4455
6632
7049
7846
6282
4341
785
2054
8935
3407
9333
1357
7889
4011
8751
5463
9007
8763
5393
4931
759
655
8194
798
8513
1732
4094
7245
5965
181
4711
31
2086
5248
6174
598
4137
7314
2964
6453
7304
8261
1690
7616
5736
4215
1100
1370
9478
8963
1892
1944
3411
1286
6020
5068
1356
7514
2594
2836
7547
5125
2381
6099
2675
868
1218
731
3532
6082
911
5458
2121
3955
3508
6291
9651
7837
2268
7479
893
179
7798
590
1299
2697
1387
3612
7331
8428
5365
6275
2000
3422
1823
4105
5394
5684
4616
6072
4103
8263
8230
6014
4966
3096
2005
2725
8712
5407
9581
7639
8903
6056
6663
2397
8638
2161
6216
6576
6339
6885
1451
8066
7334
7983
3779
6852
6190
4991
5667
1337
9134
8617
6975
5387
6248
186
1608
3260
8705
5790
7767
7585
4398
5700
8022
5523
8137
4336
7219
3503
5475
8144
8644
5272
864
8572
4283
4669
4405
6571
8131
6287
93
8004
665
2201
9633
6480
957
9296
1704
7014
2333
6537
8405
5917
8724
8229
6290
7104
6524
1986
324
1542
1143
7815
9071
8262
7004
1217
8151
146
567
2221
1621
8412
91
8678
6762
7503
2138
9281
6491
5386
9647
1676
2320
669
4258
5440
6636
9712
8833
3092
2822
6555
4681
8049
1894
2914
8973
8992
5779
6400
8267
98
5665
955
9098
29
3911
1438
6806
3756
9513
211
2745
6
7893
1853
2818
8493
634
5282
2667
5492
1450
301
9471
7006
778
9534
9047
423
1170
1527
5610
4371
8226
4475
5569
1663
5239
129
315
6847
4286
5484
4803
1396
8087
2464
4051
8414
140
9791
2669
6421
4273
1665
7655
8592
9310
9699
6257
1957
3512
4329
9480
3789
8734
7269
4833
2771
5576
4557
3921
3633
4956
1220
4533
3948
809
2732
4229
4945
6746
9861
2305
2094
1159
63
5680
1870
4254
4899
5417
1774
8503
2029
9553
2506
3548
5120
7270
5497
573
9128
8859
8796
9163
8079
7806
3854
4599
1793
7432
4910
3868
7562
7101
3874
8584
5862
5155
6766
9107
6299
821
5972
645
6203
167
4373
6691
2721
2776
3728
1914
5330
7626
7205
3313
8330
5283
7817
6018
9482
878
8326
490
9143
7492
8978
1866
1592
3793
5037
3410
1000
735
9453
7373
4053
232
8440
6243
2514
1979
5888
6794
464
6008
8001
3985
3978
1276
8539
3959
2516
1596
617
2231
1987
3681
676
2580
7672
1610
1753
2537
1037
4235
9257
2439
5302
7380
8002
8692
9837
5123
7174
8674
4200
1794
2589
1559
9603
4276
8146
7498
6507
55
5952
1526
9386
4380
2941
1756
2852
5460
4696
1629
6285
4542
1717
4663
6476
8341
8727
9729
2541
8728
7083
9838
6468
8393
8149
1466
7360
4963
331
6865
4965
5294
2220
4121
1444
2573
4794
2291
529
1048
3947
5839
3308
7653
1342
1817
2596
3753
7295
3217
6386
2156
1392
370
2936
6551
2832
2012
2224
1669
2297
4444
1729
5172
8067
854
5210
7669
4993
2875
2289
3583
272
1409
1516
9244
1245
6965
6877
6197
6755
789
122
1395
7490
1177
3786
744
255
4985
7994
8150
4911
8142
1061
237
6683
6355
7800
6522
6137
9819
7926
4515
2939
7250
6601
6149
2969
3817
9366
3140
8036
5281
4488
599
2277
8961
2233
1070
8894
9761
3202
4019
9600
6387
9824
2371
8371
5932
9475
4748
6921
9201
8637
199
7253
4192
3684
4805
5255
3722
34
5603
629
7680
3586
1375
9601
8167
7278
5743
4791
90
943
7062
2976
1693
5270
3771
4414
7175
3459
1418
4092
2038
5770
9631
3337
6305
9836
2137
493
5074
2443
1935
8706
4342
7240
6040
2062
6643
9269
4130
7412
9228
6323
1314
7494
997
7656
6716
9423
1982
4259
2831
3403
7446
3727
6657
9797
639
7548
3011
5852
5558
1691
5174
754
9054
982
6256
6710
4737
2711
1721
9598
2238
2582
1546
1319
475
1192
2429
8970
4325
8812
42
1535
1946
6240
176
1918
8311
7199
704
5827
3237
810
4385
4548
8561
7996
2663
7665
2670
5013
2630
7497
2239
2074
2560
1026
7582
3341
7370
2435
3434
4473
4295
6887
8993
6817
3707
4241
3621
8259
9349
6904
1045
261
8614
9371
5443
9552
3467
4388
9266
7025
8767
7398
6681
7079
4125
6621
7643
8423
922
9307
7595
9140
8857
656
9000
3039
7607
2453
5640
6404
9178
6706
5121
3009
4102
2569
2390
9018
5301
3268
3232
6976
8403
7055
1616
901
7232
6858
224
9755
7009
844
8083
1304
1435
6891
2779
6608
8005
8924
3243
230
7966
4085
6169
9245
5584
4293
4573
636
9506
8011
5532
2604
9641
6145
9493
6689
1758
5175
6635
7743
4906
6677
1118
3740
3664
5534
932
7012
3721
9544
1882
3418
9181
8619
6983
7433
20
1511
9632
3819
1277
6925
7128
1675
6138
4264
235
9328
6263
1491
5726
8648
6116
9757
6770
9400
5499
3495
6661
6600
440
7071
2270
7650
729
7942
761
3858
1
7092
6353
7529
5202
7807
5934
6168
5874
1831
3379
1849
5374
3291
1032
6331
8608
3708
2688
5409
4812
7283
3811
2623
7700
3844
1209
1059
4623
5181
1335
3303
1697
4120
5593
7632
7822
1430
8865
2503
2101
8949
2405
4246
7924
6582
1566
8052
2657
3859
3782
7239
1792
6470
4823
5053
3653
1962
855
3272
6419
5159
7873
4589
837
2369
2719
77
9508
8908
2061
9342
1689
3270
1325
3026
5466
4693
1167
9758
1195
8290
3446
4516
1767
4189
3146
3348
8562
9162
1696
8540
4941
9343
353
6752
9341
6944
2854
3163
3419
8364
8434
2678
9627
3826
4098
5308
5835
127
3927
9113
677
3500
2218
3526
89
5861
3354
807
6985
5656
1940
1068
3745
668
2359
4290
3356
4543
4088
9695
4665
8810
2072
2536
7209
3020
3031
8224
817
8308
4672
6172
2031
8814
2414
200
8012
7955
953
4816
9381
612
3607
915
6764
3034
5890
6451
6162
7708
3732
6044
8124
1394
602
3735
5126
5424
3725
7988
7035
638
9752
899
9610
3981
6659
3179
7379
33
8369
5689
3823
9524
148
5063
5232
3792
4460
433
5008
9374
8213
9537
4195
5995
2130
9180
7416
309
2535
97
9144
2123
4109
3142
587
196
3286
3067
9108
2032
6781
3686
1232
4477
6051
850
7905
1125
443
2421
8571
6814
1956
7159
8475
3530
2726
3559
1345
4082
9149
890
1428
9213
7117
3637
2461
1803
4257
4375
1267
2441
9131
4301
512
4894
4006
9747
2398
5858
1789
4775
7399
131
8053
164
3055
6129
705
4719
5648
2212
6724
3078
35
3988
256
1333
7096
709
274
6284
5118
2199
4052
9655
2237
3248
4988
1748
7007
9369
198
5923
8990
9229
4407
8677
3894
9295
8591
7119
2696
6097
5774
7749
4702
4318
9691
7110
6394
673
9375
9070
355
2049
4104
1288
987
4938
9305
3040
3265
4305
4149
2188
8628
8216
9662
2416
7005
880
2989
1425
1647
3229
7675
1227
897
9735
3538
51
2858
1280
3557
4214
6782
436
7237
5546
5338
8546
9059
7891
2052
7088
7053
5480
3306
8496
8491
5153
8979
5622
4068
9147
1885
3169
548
8128
7230
9708
6561
6416
7577
959
3064
7932
853
1055
8176
7495
4594
6177
8718
1544
5895
1664
252
3801
8830
687
5473
4252
4800
9243
5021
4715
8807
2095
4453
1622
8556
5816
4503
5525
1249
874
7549
5139
8887
4952
9211
8451
3656
2119
4129
6750
6951
401
6625
6842
6749
4093
7166
9254
6428
7612
5535
6113
9032
3635
9469
411
4381
6593
417
5437
6412
9851
920
1088
8139
1122
8802
3432
1206
5733
803
1427
4878
7030
7962
3482
6456
9827
6153
5029
4989
1349
7185
1765
17
9164
826
4142
1657
618
2202
438
3646
2020
5977
5478
4362
2213
4180
7057
3138
4772
885
6083
7108
7099
1816
9579
4524
2830
3626
2601
3541
7735
191
6754
3806
689
7646
2111
989
3820
2
3057
869
8127
344
3703
4621
7375
8114
6967
6360
684
2346
7441
7785
8479
521
5566
9348
8145
75
8159
7572
5830
7604
6289
2099
9634
1557
9438
342
5515
9419
9404
7155
1363
9357
4818
1016
1408
6523
8349
3582
415
6475
7543
808
7678
8753
9789
32
382
8099
7486
3185
3535
5664
4630
5312
7501
2343
341
2118
1745
8911
5179
5422
9241
9668
2932
7499
3671
674
4035
1426
4536
4441
4266
6605
6293
1313
3213
4764
986
9114
8401
6191
1889
2019
8918
8435
9688
1654
2802
4391
9694
5568
5511
9777
4675
6292
295
2353
2217
6166
7720
2825
664
2805
3533
7228
648
9330
578
4359
6255
8952
9722
6348
5196
8916
3785
3946
3534
7931
2527
8425
2488
7843
2579
125
6467
4508
5747
6886
8202
1153
8243
9730
4544
907
8541
5328
2142
2682
717
7505
3561
2709
9753
6363
451
3228
5739
700
65
2160
2868
4709
6342
9240
3769
4513
5740
872
2634
519
6536
2170
4996
3602
83
6878
6351
7515
8446
8746
3455
2916
195
5924
161
1553
9854
7651
3661
7341
8821
4395
9476
1388
5855
8416
2157
6774
9081
8373
8092
1211
9313
3828
1908
7319
300
7953
9352
1081
1004
1984
5064
9067
4496
6241
2266
7814
7307
9120
936
3395
4003
2025
5860
4937
6270
3770
5209
3574
6730
7400
4164
3758
1308
4545
5199
8946
7337
6147
6101
4065
7876
1668
9773
2373
7352
2399
5278
2215
6422
1507
4174
7636
2117
6831
4138
5464
5817
3051
1547
1760
2490
3095
5531
9270
2219
896
2729
8488
6379
7094
7664
5259
8195
7791
2325
378
5618
5600
5284
2557
5356
8431
637
7130
1904
1922
1687
6563
3910
6458
7100
7427
9591
6199
5693
9034
6358
1703
4031
1796
2993
8141
3718
3088
9111
4158
7698
8250
5647
1537
9013
7960
5339
2386
4506
5920
5413
1593
2133
6267
7885
1307
1543
8268
3886
6619
8950
173
7010
6124
7660
1043
9179
9814
3581
2750
6170
8588
2419
1410
7908
8170
5702
1044
7306
8199
7202
8019
9774
5595
2720
3072
5941
6272
3389
8854
8292
6460
448
2314
9865
4456
563
805
5559
6835
6069
7216
2622
7686
1317
1915
9567
9759
434
3843
2653
949
7001
1376
7129
682
13
1667
3683
1653
4499
2276
8723
6914
4250
9417
9596
4778
1569
4627
8868
6580
1459
5851
6863
3238
7752
3873
4869
2425
6604
6700
4165
5434
5662
3579
502
4054
2477
5616
9210
8460
6690
6516
4752
694
3159
8681
4262
7457
5894
96
2143
9679
3311
5455
6483
4113
3479
6366
5349
3513
86
3373
7761
905
4900
2385
5723
543
4854
1367
5276
8976
3509
327
9776
1338
7531
7600
9223
8940
3729
7017
6860
1490
2513
3587
4418
1474
7823
4033
4354
3872
8256
3972
5544
8336
2001
8879
9084
3692
2677
8494
6616
903
9387
3226
5353
1880
4076
3942
7677
4875
4134
3398
2109
6109
109
1021
783
1247
1160
3589
4948
2530
4089
1585
5130
3392
940
1168
5931
4939
8464
3149
1447
2310
8654
1310
8909
9019
5033
1347
4698
8193
5471
992
9602
4890
8205
5156
6610
1360
7362
3409
4830
7618
5059
5399
883
3757
2011
6819
3518
7284
7961
3461
9267
2423
9152
159
6031
6146
2983
3488
8822
1011
7294
3730
7431
5456
7472
3402
5563
3816
8686
4251
3930
5815
3324
542
5836
5240
7928
9724
6414
6517
5045
418
1259
7426
8811
5266
1844
7504
2018
6939
3734
3772
4378
1736
444
3282
221
8792
3752
6999
522
8892
1869
9314
7047
9320
1565
8650
452
5731
9048
5205
4269
1712
5397
4569
6562
6832
6085
3305
8962
5799
8618
7512
1540
426
3674
3630
114
1926
4466
297
1316
9123
978
9138
9022
4239
4144
8527
4584
1672
5909
9020
4644
8526
6927
8516
1481
2242
760
412
8091
4779
1551
282
1746
7740
8007
7091
3599
8273
6312
4339
7404
8103
9511
6214
9347
566
4932
289
2309
3271
5994
7701
857
1550
2092
2407
5887
2520
7663
6431
8635
2055
8321
3731
5916
6200
2392
7236
6843
8378
1406
6795
7149
5775
210
2206
7179
7947
4870
4159
9414
3016
6024
291
6188
6223
8551
8560
2484
7666
1624
1910
895
6280
1484
4706
4523
5351
4718
8980
7029
7972
336
7123
622
4726
1486
462
7771
910
9783
7020
8340
3537
8154
7468
1456
5430
6427
7050
2625
1496
6007
8941
488
751
4510
8877
9547
8622
6801
8998
1328
2100
4801
1477
6357
5945
1457
5866
2106
7138
386
1637
7244
1887
7860
4234
2889
769
8974
8397
1795
9011
558
9412
4806
5996
8684
3994
349
2393
6520
605
9332
8207
4238
1434
5676
1041
9410
3344
4243
8986
170
1859
8523
2282
7812
8997
1552
7627
2661
7676
6539
2162
2982
600
7634
8917
6570
5730
249
1785
4340
5319
3457
2549
2396
1207
9707
7065
16
5814
6500
547
241
4271
6731
9539
8649
7156
9365
535
6952
9467
9515
9291
3717
6769
5146
4356
447
962
465
1130
9280
8641
1008
8367
44
8537
6196
7673
1439
4384
7489
2261
4944
7292
2717
6401
3594
1290
1916
504
6785
189
1662
6883
1089
1541
2272
5859
5990
2668
1179
3381
7826
7763
3193
1076
9720
2774
9189
3487
3795
4968
1283
4107
8550
3887
4975
5320
8348
439
5633
1146
2132
9590
7751
1848
7402
4317
2857
7330
9311
7521
3510
1351
3953
3540
2388
7324
2504
5388
8759
5310
616
6361
1051
6344
8948
207
3131
2482
6948
2069
966
592
4474
2251
8065
9283
1913
2821
6644
1265
3263
9829
4867
5108
1680
4323
4135
3825
1734
5831
908
2244
661
4067
9583
6230
5601
5348
8794
9214
4274
4809
7587
695
4383
6899
7301
5509
2176
3875
7770
9188
8280
5800
5537
5244
4979
8639
6874
421
3277
5158
3393
5778
3075
5233
1790
4256
6130
6631
5583
6090
2736
7406
5556
6159
1321
4547
8294
7407
3378
5875
632
5893
5944
6318
254
8456
7059
8517
3610
3492
3984
5880
3898
3162
6385
9867
7783
5193
8048
9702
7500
6850
2785
4029
670
6964
9788
5820
7126
8899
1467
2377
9003
8225
4829
7948
4645
4389
2593
5187
9318
9487
510
3150
304
5137
374
5342
4400
2448
385
5906
6818
3203
2351
4707
8362
2090
4680
4439
597
7878
4785
2235
4915
8266
3022
7298
2467
3585
4637
4344
8895
4343
5984
1961
2363
5406
64
9709
4500
8798
3775
5804
9787
4891
7210
7776
99
2786
5313
8251
2131
212
511
6073
4904
5032
1402
74
8872
1966
6444
3880
3524
8278
762
3256
1063
1455
3949
6709
8069
7165
3279
779
5468
5756
1644
1802
4916
9711
7853
6484
2757
1119
8900
2254
3766
9362
2756
1895
7818
4185
4921
1377
3890
2174
1253
7591
8659
3651
9786
7478
7731
838
961
723
2483
8477
8704
5340
6425
3565
3294
7102
5983
6038
1054
1471
3141
606
3208
1373
6192
4289
7296
156
7058
1684
5808
8070
4843
8688
3909
5840
1842
6833
3425
3120
343
6249
2279
2690
8161
9457
9105
1015
5290
1006
9045
5415
4426
8852
541
5612
4550
6708
7522
914
27
5154
4605
8313
1517
6027
873
2129
1007
3444
5489
5592
8101
2274
2971
635
8402
6725
6923
6011
5025
6473
1872
9728
2872
250
3430
3346
7667
5677
3748
3689
6278
24
1512
2446
7886
2873
322
2543
7026
1035
5223
5438
5211
1213
7317
8269
2994
5261
5425
7279
714
5444
9483
7747
552
4874
685
3567
2751
9765
9159
2640
4511
6093
4493
8784
3499
1586
2068
2295
4813
8587
7374
3619
7243
8713
8545
8399
6306
9503
262
4671
470
6518
432
2223
6542
2511
8744
1836
5479
3609
8737
9272
6656
2026
8184
7263
2225
6848
7542
6026
6367
3005
1873
8086
7721
8282
234
692
2146
8196
9446
4128
3932
4312
7170
3892
3082
3126
2413
3754
4827
7508
3108
2865
6494
7588
9500
9083
2546
3360
4749
7132
8450
7425
7977
3912
9768
6649
2404
1509
8324
2505
7313
1521
5243
770
4484
7869
6503
1609
9496
7323
8444
2387
2454
2445
6050
3028
7471
7750
6896
3566
8682
7557
8936
8567
7037
6504
1183
6510
1171
3225
1287
776
3742
9215
5719
9764
9554
8140
9780
4705
2961
9116
2507
6556
1677
7442
5265
1903
3750
7491
9046
3477
6081
9109
9378
7449
47
1924
4464
9864
3998
1164
6189
3415
7912
2332
6692
8874
8989
3104
4228
4564
8411
3216
4949
8800
7510
3448
5819
5228
2633
409
9217
6864
3116
3010
1204
3196
5964
9643
3747
7000
4428
4635
9394
9800
9177
8449
2856
5401
296
3164
8094
4459
6322
5039
1626
2963
4995
4638
2141
6372
6210
3950
9117
2075
5089
25
575
2975
3507
5828
1992
9263
4546
2749
4324
2036
3317
7312
8457
1799
7274
7114
6030
1959
9207
6775
5027
6889
7780
5690
7288
6587
2250
6624
7693
4442
2624
1066
916
1685
5577
5022
4676
5857
9525
5716
9542
5660
4173
7265
7734
4408
748
6796
8947
6498
3723
7949
6859
7879
8967
6380
7527
6676
3186
7714
3746
6506
4278
1920
5711
7480
9062
23
442
8312
4606
780
1525
7561
3281
3539
6429
6108
3210
6141
2452
9488
2959
1067
9353
2389
2060
4777
9302
526
7833
5124
4701
1454
5709
427
9635
4795
1126
1728
1768
4708
1572
7325
8075
6226
1154
5829
3883
7272
7177
8426
9336
4335
1327
9803
4955
1421
478
2241
5449
2587
5510
6808
9205
2570
4733
9623
8557
2683
3658
6205
5395
1096
6176
7311
4792
7694
4655
2458
4871
8235
6395
5582
4360
820
7523
8987
143
3221
6121
3106
4298
8342
5246
7180
7286
5953
6338
9009
1023
7726
2263
7267
8827
5457
9466
497
828
6763
220
5539
580
290
2128
4083
8817
3672
6557
2632
5180
2840
9681
1191
4922
5805
718
9560
2943
483
8788
7287
852
8186
4913
9700
5798
1909
8624
4221
9066
5028
9372
1212
9344
7513
7524
4162
4560
5571
7827
7350
5227
5602
5596
9665
3878
9095
2021
6397
2008
5091
6144
2867
8132
7384
2900
4300
4127
3695
180
9262
4382
1141
4071
128
1655
9445
1646
4876
5565
8327
5925
2356
8890
6664
8938
354
2637
5116
1140
5503
1841
7887
3846
5543
5786
1147
6713
2442
2065
3809
8606
6844
9225
9605
8934
6131
4743
6760
2659
4587
5685
8775
3276
4245
2780
5696
9822
384
5305
1754
507
6095
5929
3383
5093
6739
7376
9126
6717
4476
784
6350
6013
4291
4518
9264
5588
9100
8502
5564
9550
380
508
62
5671
8600
425
5768
253
1185
3710
5043
4117
3652
8547
3470
830
7392
3165
9141
2599
930
4619
9142
1131
5691
8365
1036
6032
781
8231
6265
2043
5400
5886
1545
8596
6866
7831
2022
5084
4558
1331
8215
7361
5391
7493
4850
2575
3239
8398
3191
4822
5614
3962
185
7737
6457
5247
722
7754
3716
1996
1933
1852
1384
1448
7805
1022
9663
4376
7043
5286
6321
5985
2340
8605
3961
6301
1372
155
1942
3598
2521
2731
2909
8836
5789
1020
3167
4907
6688
4415
9154
8071
1505
7902
1798
9033
584
3396
5918
7692
6543
2127
216
6075
8033
1034
8752
6150
8789
84
2050
5090
9339
6295
8474
7171
4047
620
5783
6152
8068
3363
9642
9030
786
6655
5856
1563
2898
371
5184
7882
9828
8729
9023
6381
6053
6771
4736
1162
4699
2713
1695
1562
3475
240
7628
4036
1832
3036
4422
9754
8647
8891
5325
4519
8960
5446
7541
5720
1437
6276
7364
2967
5784
3187
8436
4640
8790
4575
763
8921
4435
1727
7920
6954
9738
1571
6211
5683
5911
9293
4292
113
4358
9038
3428
7112
7391
4684
9684
1833
1252
8850
6545
7078
2459
973
1812
8905
538
376
8318
213
3062
1355
2754
3531
2501
9821
2455
2881
6402
219
3941
2797
6870
3054
4610
3284
7509
4946
667
2921
5538
8223
9308
8826
8554
4710
7518
2409
3647
1513
9286
9028
5757
6980
7849
2113
9037
1419
8630
5749
3295
8363
3176
5704
7809
7877
4240
1235
1854
6328
9129
7825
6703
484
1683
4790
1136
6721
7063
3967
4169
3174
9403
8041
5548
7011
7371
6895
867
2479
9808
7958
3251
4761
2449
9494
1826
7872
2466
7847
4157
3624
2904
7633
9088
3549
995
454
1222
3958
9187
6218
8197
8338
8035
61
6206
6671
5483
6645
4170
804
3761
6160
802
917
2307
7024
4998
644
8437
4350
5359
3888
954
2278
9767
321
3739
3803
8732
6741
5329
1786
8084
9224
9858
6798
4160
8136
2172
6175
6880
1442
3080
2603
332
1246
2930
7658
4151
7154
9546
9673
4026
9242
2691
194
8317
8026
9862
7189
9592
3274
2615
8034
3648
3144
4279
3822
5117
1103
5650
9535
3074
2181
9452
6375
1078
8717
524
2902
3865
7890
3110
8689
9562
1095
6407
5185
4596
4923
6519
1446
8552
4171
2864
4218
2846
8238
9444
9799
2033
9578
5167
749
8855
120
5695
6552
8964
3679
7190
1711
2866
6033
2010
7892
6978
3827
7496
9756
2891
4797
6393
3895
8839
7923
5011
2468
3353
7218
9818
6916
924
8543
9074
1114
3918
8555
6813
1773
4526
8492
9441
1985
2486
1874
2284
6409
1570
5134
1628
1995
4176
5608
4808
4005
8375
8793
9354
7564
9545
8902
7454
3035
3351
5054
4582
8815
3808
5898
7766
8819
5791
9645
2723
7405
6455
8108
8189
3323
8447
8406
4296
7880
2057
7290
1069
7930
6315
843
613
3595
8658
7659
2611
675
4013
9078
2391
6650
9509
6434
609
9575
9255
3596
3076
30
8218
3620
571
3070
7538
3936
356
6054
1092
1618
6158
1184
8988
4364
7649
4183
2006
551
9044
7971
2859
6962
3361
1422
6935
845
8953
4150
2540
4958
9396
1632
849
1432
7641
2619
1148
1074
138
4202
8881
4688
8018
2376
1393
8715
6853
1017
4679
6117
6260
4030
1682
8017
8514
5672
1300
2666
8971
204
1834
8339
1661
3151
6303
847
9770
111
7206
6922
5826
9573
2607
7052
8820
5163
3804
9604
3445
3851
3097
7086
8392
7118
6908
839
6155
3618
6392
1927
5274
7469
3521
1323
9772
8848
9416
6768
5016
2787
5094
130
8651
2494
2078
4819
5818
3188
2205
2884
9433
363
7534
3644
2897
5652
8758
3013
6963
6875
4196
2147
7802
840
8332
4866
1080
8566
7356
4177
399
3784
4659
8236
2529
9260
5192
9422
7910
663
4603
3570
8690
3405
1390
750
5491
5659
457
2300
6931
7978
1398
1709
672
5969
214
1738
1780
7308
7970
357
4197
298
8740
8520
7982
2317
7896
4920
4936
6665
2565
9585
3659
6614
6319
4631
7107
6674
721
3627
7225
2379
7328
5910
4087
1660
8968
4208
8832
9448
7257
4203
1604
4352
6958
4842
719
73
5971
8421
5006
5998
834
8212
8228
2958
5267
3628
2893
4498
6202
4141
1783
5999
4811
9190
3166
3429
3597
5482
2472
3939
5936
3896
3426
2762
3814
1515
9418
5905
683
3063
5514
713
8722
3733
9051
9693
2695
8965
8515
5642
3516
9035
8255
8279
1597
9661
9654
6514
2817
1296
8598
8240
3180
9497
4964
1301
6134
2585
3850
1079
7990
6281
8361
3283
101
2820
6052
4971
8395
6084
1001
1733
4403
1529
228
5170
6224
5963
7395
4735
6341
118
4028
4802
3699
1135
1598
8498
5352
1064
1340
9796
4419
2538
6225
4349
3442
9778
7342
7443
9863
7438
7883
3642
6849
2752
4299
9080
3030
9156
5597
8559
5611
2741
4633
3720
9282
3555
7089
5428
5087
7320
8095
871
4327
8285
7188
3908
7473
7684
7773
8485
557
8772
8115
4612
6933
6382
4416
5271
6882
1056
681
9265
7836
1492
5317
884
7036
8386
9099
2079
4
6104
2986
9440
1071
6637
9669
1449
3520
5390
6198
5590
5081
6829
7854
2298
8441
6566
1330
2874
3536
1881
2262
926
9840
3377
8187
4670
8482
8683
8632
4423
8982
8429
6783
160
2415
657
4430
6390
8797
4924
3780
768
671
4954
9526
1024
3773
3937
1414
6809
3864
3325
151
3665
6059
5410
1577
9576
6743
6701
5445
7973
5522
9238
4767
1827
7592
4347
972
9124
8409
4722
1094
764
6167
2080
187
5708
6647
9130
1674
3833
6757
2810
4898
5763
7075
6987
5644
2027
4918
7855
3660
6179
4017
8564
8384
5575
132
11
7784
3650
4377
2234
6396
4410
8173
2481
7158
6373
4394
6544
5589
9043
3476
5806
1707
7911
894
8969
5765
2401
8443
3515
753
5498
6246
8366
5224
3042
2547
7832
2708
496
8147
938
92
7277
4814
8823
7820
6872
7353
7217
6279
6628
4007
3839
5942
8904
2360
3102
4634
3889
9804
1897
7689
3056
4987
7231
5476
5980
4057
3568
7346
3182
593
5810
8542
9136
3869
4163
1424
1494
258
8320
7417
7661
1845
3777
7723
7420
4841
3714
5217
6786
706
8522
8383
123
7619
6846
4695
1602
1584
1306
7621
2853
9358
5249
8914
5079
7201
5297
6405
8710
7148
5591
7125
3285
70
8711
3805
4206
3262
8430
3234
7614
1109
7452
9397
3968
3458
5102
7235
6979
8730
453
6943
2954
6252
757
1856
1214
2844
8795
9350
4527
7221
2258
6861
9790
2642
6840
2139
9866
6482
7793
500
3802
7648
1955
5229
8844
7828
472
564
9714
318
9652
5337
1369
3615
3463
5703
7212
8878
6693
5751
3296
4942
7989
3357
7386
3700
5252
87
4919
3081
977
7080
720
8867
9521
5986
7590
2564
3154
149
7382
4194
3842
9091
3301
4658
4069
4233
5841
6583
3643
9779
8720
2046
6845
9817
775
550
5706
383
1391
946
7579
6049
5433
7801
1560
2252
4673
9826
1923
8736
8531
9312
7439
5970
197
8646
4331
4566
279
1692
3453
2519
4132
4574
5035
8601
5555
505
9614
8043
6533
7939
9850
1361
1479
963
7429
8818
1650
1539
4365
9649
9132
8400
8248
5707
976
6986
9597
2879
4831
7340
1861
2355
8923
5717
7456
3551
7309
9427
135
1270
4440
5626
8673
5072
5366
8301
9148
8432
6021
2988
5429
5940
6288
9151
6712
1174
3385
8050
8757
4740
4095
1819
5490
2938
6432
7724
3818
2863
1083
8919
6423
345
3577
8227
5937
591
3685
4072
8611
3118
4361
1607
9196
9750
7475
9472
2257
3322
9831
1614
1115
358
6070
7929
8726
8716
6502
1744
6669
2792
3218
5630
7838
9227
3205
4821
2183
4070
5245
8765
6990
334
1366
2649
6398
5332
6816
3292
7864
7583
9300
3374
2406
9323
1413
4967
9719
6744
110
8616
3797
650
6662
7695
3562
2040
2053
9390
8996
596
9458
3447
8696
2323
3177
9145
1262
6868
5987
1374
5085
8695
7963
1879
5200
4957
4730
9658
9290
5237
1047
1157
1787
7884
6694
4626
5947
4839
4310
3139
3252
6873
2824
4486
6893
5842
416
8454
4497
246
5355
1030
3001
3975
5900
6037
3486
3127
2600
7718
40
6440
271
5776
2562
2335
988
6900
7530
3915
3593
6966
1722
6233
9456
7070
1077
2918
715
4099
6492
1964
2525
2845
528
8529
5019
4204
4970
8699
4796
21
9742
8355
7018
7856
8984
265
9222
333
5208
816
3737
1742
2602
8590
3362
8773
8577
892
9615
9626
1520
5448
1531
9218
7483
2417
9690
3255
3258
7532
2166
6792
8707
5838
1978
9498
9732
3452
1925
4974
7553
998
653
1169
9462
6791
4992
8190
6294
6071
2929
169
1580
1949
1779
3135
7229
9582
2702
4978
8153
2956
9175
4521
275
5132
190
7143
7685
329
7435
2584
7249
4815
7716
5277
1365
737
4267
7074
8709
6463
7558
7369
3933
3669
6343
8733
7464
1969
6204
8407
6028
381
8333
9741
4306
5314
2337
7299
3987
1460
3698
7738
3706
6728
8655
909
2814
5935
4319
7732
8188
6266
1749
2847
3424
9057
8739
9843
3791
2196
5250
4370
8377
2796
4517
9504
7709
7410
5993
6526
6994
3336
7422
6720
9249
8047
4614
4934
9041
5885
4112
796
5561
4657
728
1221
5207
4880
9624
6102
7794
5226
6114
2828
1764
1499
8625
2048
9273
4478
9395
2843
7867
9628
4881
8051
4042
6148
3523
407
8470
1917
8510
9748
1186
2167
8925
8762
6622
8237
6568
5293
217
3307
3032
5649
6684
8570
310
2948
6454
2552
1284
2203
7611
2372
2105
5462
7857
5609
7567
4207
9528
2083
6513
6133
2563
8182
2795
6039
7214
45
1478
1175
9609
2426
391
9101
133
906
5868
270
8680
6029
1534
6862
2428
4437
6426
7044
6629
7674
5638
4845
8937
1028
2255
2539
2207
5052
8119
4219
8943
9060
481
5721
1084
9097
2733
8478
6219
3493
8863
6620
5113
2718
2878
8179
5673
4754
8185
5142
9434
6969
7940
469
7069
5110
2192
108
5553
2883
4554
9744
251
1814
6697
3490
9606
4917
1549
8081
6330
4613
6471
5870
4438
5794
9505
6300
4773
1082
1487
1332
8657
5114
9385
6364
5682
9541
520
2955
5138
6705
400
2826
8134
1981
5262
8994
150
5477
8558
7485
7150
8645
912
8957
4561
8234
9053
827
2903
3970
5005
293
3663
5275
7730
1863
7638
2710
8942
1200
6715
6010
6998
9112
6929
8629
4436
2533
7668
5450
5264
1514
5529
4199
6602
2108
8701
3963
4926
4648
352
1312
3497
1772
6408
4738
6161
9683
588
5759
9868
1476
6088
7580
471
1606
6173
71
7470
5221
594
1603
8323
5876
6707
2555
7462
5653
3666
3837
5780
7194
6151
3639
4572
4947
8309
6675
1294
3966
2214
1958
2747
1752
6045
175
5901
7305
6217
7907
611
8583
2949
3465
5807
1857
4210
2738
6447
2358
9834
1635
6905
4133
7519
9846
2794
8843
5802
8358
8168
7506
7569
3435
7184
8299
72
7103
5758
2059
991
3273
3195
5679
6237
3456
9616
9678
9704
286
7008
3926
6017
4260
9015
206
5099
3831
9705
4078
1256
8455
38
5746
4168
1536
335
6041
7434
7568
2002
2275
941
7957
1666
9361
9040
3992
5533
4848
865
4643
9845
5864
6599
6417
5849
4392
9248
6942
2186
9477
3623
9599
4641
4541
1305
6368
467
9536
523
5518
3121
1730
6264
2082
4330
5873
5872
4505
8419
7383
5129
5572
5253
5581
1399
1142
8382
1919
9726
5017
1928
4629
5957
576
2586
9203
9405
9713
9450
9153
139
4756
570
7140
9415
3386
2175
1670
3798
6446
6485
82
4836
5714
8660
7888
8777
4567
5162
8573
4783
7980
9437
4520
1480
9182
5991
7965
6652
9125
4577
8117
1274
1811
7987
1875
7679
8472
5606
3233
518
8594
2951
4607
8118
5636
7717
6307
7516
3439
184
6269
4844
7027
3199
5907
7191
5183
2378
5516
7811
8390
7015
9588
7223
6974
6515
9451
5869
7045
3320
9556
3122
1445
3394
5066
6079
2743
8825
1060
1896
9356
4897
6903
1694
4588
5892
7741
9555
7848
3278
1470
6906
5242
6521
5145
8442
8501
5107
6023
9721
8913
8013
4704
2509
5257
4100
5661
7598
4139
7909
4782
8620
6972
2016
5203
5666
4015
1297
2267
9659
5573
8708
2890
9835
2829
5362
5177
3547
1483
2554
4038
2716
4345
4531
3546
5292
9449
1518
4745
5863
4001
5173
5412
2081
6309
5755
3489
8060
7774
3161
7671
8582
9172
3334
1364
5822
4390
5974
2515
7068
6135
4602
1420
8120
6441
7952
2571
4357
7467
9288
3431
281
6495
1101
2621
7176
7895
5487
3622
3454
8350
7423
787
3498
431
6388
6918
2063
142
9186
7894
6606
7565
7136
1005
2287
8252
5771
8945
9360
5326
5220
9183
6949
266
2324
1403
5686
4780
2126
5140
7845
6067
642
7224
2473
9383
9844
1236
1815
3309
4222
4454
3765
5832
6679
9208
7624
8791
4849
9715
952
3697
3682
975
4445
1708
1441
614
5298
9368
8283
2684
5323
7203
4522
1620
8966
9317
7696
4959
8860
4446
6640
5848
7603
9847
5981
4217
7450
7788
5436
9160
273
9540
4040
6273
818
2835
4804
9806
7622
9801
1950
8656
7748
6687
5495
4268
2240
9802
6876
3247
3687
5527
5821
117
8749
6122
4412
8770
104
8298
1145
9121
9489
4115
7111
6591
5889
2122
1181
379
3089
460
5451
4769
6995
60
4136
7921
112
3973
7105
6362
435
7712
7181
8304
4593
2662
7552
536
3751
8180
2487
6838
6238
8024
8939
8374
7336
6745
586
2851
7122
4457
2465
4727
1379
482
1239
4514
5792
8163
6698
902
5988
1590
8357
8834
9301
7829
5026
8901
6913
1506
8627
4131
339
3298
3502
37
6777
6685
1248
1105
9848
7034
2338
7566
5670
2098
1358
5725
7554
9401
8676
1075
2705
3231
3287
6389
6597
461
7799
6207
6418
2496
7782
8072
9322
6554
337
4703
79
9135
7186
5065
1643
4018
3989
4009
1452
7019
3043
699
6550
7601
6535
4570
2767
6992
2420
8745
3743
8672
4043
7642
7757
2689
6917
7458
9574
2450
1652
6156
7937
3675
6302
1988
1884
5098
7706
2908
8370
7200
7482
4287
5309
6479
5152
137
1368
9195
7178
554
9820
3879
5195
4253
1611
6815
1532
5303
6354
3326
7727
712
4662
3603
9050
5002
3481
7790
4096
503
5018
7842
9859
7481
9158
158
5461
7028
9795
6932
468
2024
7321
3198
9167
7959
7745
9407
2394
4140
974
4424
5797
3025
5418
1868
3299
2931
3259
3542
2746
3069
9039
2934
2159
7488
3629
6286
3848
410
4483
9587
3288
1226
4063
6068
8609
9474
2384
2115
8121
815
9309
9192
7609
9825
4434
9593
6823
4479
9436
5732
1113
1641
4860
66
3246
2293
2652
2894
3790
829
8389
1359
348
9620
9512
8242
4765
8214
8519
269
7183
3776
4908
1762
5382
8838
9064
2816
10
9096
8623
1649
495
2339
6469
4674
1386
7367
5082
1807
3007
5206
7266
4609
4895
7349
2577
1250
2522
7134
7131
9468
5385
3235
4126
2447
5772
3634
993
9739
3519
6012
3388
6578
6740
4066
8499
5948
5958
7032
8828
7291
9510
6609
5536
5976
7819
9692
6213
506
6060
5106
8803
4760
6004
5915
8915
4559
5896
9815
3300
2772
3212
5383
933
1615
8642
4653
2154
7365
8372
6737
4443
1589
9794
7850
5296
3024
8462
4463
2917
7487
929
8665
696
582
7629
166
9233
178
8476
2269
6934
3267
2440
2456
6837
6788
948
3956
3037
1813
494
5288
5402
6245
1965
8352
2692
3222
4883
7762
3466
7255
9268
1564
2978
9460
3694
7597
3156
6565
654
8344
7064
8359
7448
8439
6589
9490
5629
4608
2901
6989
2247
8453
2761
7343
6773
5668
2923
5486
7358
3414
4368
8028
1619
6884
8896
9379
1656
5801
3787
2222
2070
2089
8553
6474
153
615
603
788
2970
5050
414
4986
9315
3391
1282
9093
9079
26
7393
1929
8247
6443
9785
1651
9169
6531
2919
690
791
2502
7260
8518
7042
8538
3871
4807
6057
1951
3525
5735
6680
7048
7463
1151
3796
4231
2412
3215
9644
3112
2460
6666
277
9370
4714
6184
2077
569
6968
4712
6136
5470
4016
3468
3077
8178
5398
1285
2545
702
4746
6235
9435
6726
4771
9677
5150
2895
5051
6973
7644
3170
8576
875
7997
8008
5540
4532
2285
7033
2578
927
708
6553
5697
6313
147
1508
1073
2627
2650
9473
8408
404
556
5380
4879
5171
5586
9459
8073
4654
5654
2088
5186
8105
8023
57
9563
9212
6308
4272
4901
408
9784
7728
4622
2191
5225
4951
3982
7192
2315
7109
