0.0
0.35622160670390457
0.9986151154014662
0.1356253887149259
0.0
0.3678950461905568
0.0
0.46682744934925924
0.0
0.0
0.9159795416405945
0.2882481221641663
0.2157953394445814
0.0
0.0
0.21976424987611876
0.0
0.549370005432146
0.025794168021486374
0.5851256668777178
0.0
0.30640724151820975
0.0
0.0
0.0
0.4386150700103497
0.9157305747881125
0.0
0.21728657973848908
0.0
0.0
0.0
0.0
0.6016596003549728
0.0
0.0
0.0
0.0
0.0
0.0
0.3020237305209632
0.8188746382287165
0.0
0.12909853176112285
0.29269225102632657
0.0
0.0
0.8615731878326376
0.9966238903011916
0.25569180713640116
0.27118855499363703
0.0
0.920729055785882
0.0
0.0
0.0
0.5507916982146657
0.6047716522785518
0.2144527618952179
0.9271973431349477
0.0
0.0
0.3882707392941984
0.0
0.0
0.0
0.0
0.2841594125238205
0.13884441998223362
0.0
0.0
0.5896573928904266
0.0
0.0
0.5564035506660989
0.5539565608592409
0.0
0.3841051319749851
0.0
0.0
0.0673864153059005
0.9184916513390351
0.07551318057893608
0.0
0.3226695519919328
0.0
0.15612609618044992
0.19983738532785145
0.27137980498798187
0.06396024477375639
0.09148910716725334
0.21304598175675782
0.1289302520937754
0.0
0.0
0.0
0.0
0.0
0.42524788987064066
0.16503036385442027
0.0
0.9706664672742931
0.9997477791332186
0.0
0.16207872300563841
0.0
0.3222426424708591
0.46506236494028785
0.0
0.16313949987984555
0.0
0.0
0.24268781847440657
0.9998120526127277
0.17761130797922653
0.006025669907571807
0.0
0.0
0.44956066230611436
0.12972382491656353
0.0
0.09309559976896908
0.047724532829488076
0.0
0.6507312758684918
0.18621393608779568
0.16920804686505386
0.0
0.0
0.0
0.0
0.0
0.0
0.9218995724477252
0.13422073220637576
0.19274053170869831
0.0
0.0
0.5107855607794599
0.0
0.0
0.0386368542906248
0.06858047214708063
0.9702052173762926
0.2343856003513094
0.34902735146368546
0.0
0.0
0.25666383504439216
0.6930068927990093
0.44490541285038887
0.0
0.0
0.0
0.6289809934654994
0.0
0.0
0.12115426439416543
0.07789839226751749
0.0
0.9395750852085077
0.38125314429175905
0.0
0.0
0.7830810222717483
0.0
0.0
0.0
0.0
0.0
0.0
0.209346968443487
0.0
0.0
0.0
0.9759395021854583
0.11352338478013324
0.0
0.0
0.0
0.0
0.0
0.9999999760499699
0.0
0.0
0.0
0.0
0.10728944892988901
0.0
0.6531560182978468
0.0
0.950208930733309
0.36483035973405964
0.0
0.42596784913056873
0.26944783581371035
0.0
0.0028674532161750976
0.0
0.02338087984995496
0.0
0.0935785646543773
0.0
0.01830105577549468
0.7445506392502479
0.9146948575467638
0.0
0.0
0.21445573166508392
0.0
0.0
0.3297036481566433
0.0
0.52853545903834
0.0
0.0
0.0
0.11696928932611317
0.0
0.8083835976529489
0.0
0.5099386885741852
0.0
0.25653277798111584
0.0
0.08334897465147617
0.0
0.5155699851444715
0.37025163647084525
0.19780206017102475
0.0
0.2787256832024241
0.0
0.0
0.0
0.10988480084028784
0.6103012762060219
0.6756387704214557
0.5271225528722154
0.4160423794895325
0.7556492145116137
0.0
0.0
0.06273783210520911
0.11285632289767877
0.724600846853589
0.0
0.0
0.1875264893906109
0.0
0.0
0.8259322814254263
0.05329751553819995
0.0
0.655357479245778
0.0
0.18253732374623655
0.0
0.05693712301451115
0.19905839011671522
0.4052185378520068
0.0
0.09606767320149334
0.5273357056530219
0.2210162227815975
0.5062291999481419
0.0
0.0
0.023495907415853057
0.9747196677020219
0.0
0.9802427678853692
0.0
0.19849551243129226
0.0
0.2424654101094701
0.44719598010189965
0.0
0.1774703671446045
0.0
0.0
0.21429011340540138
0.0
0.9980766297783947
0.7944388466800465
0.7597078044827781
0.0
0.0
0.0
0.0
0.0
0.0
0.0
0.0
0.0
0.05737014456850187
0.0
0.0
0.0
0.21538822511263933
0.0
0.0
0.031052863985474577
0.0
0.27612363490230907
0.0
0.2715083636553177
0.0
0.12257877384661353
0.0
0.0
0.37703822910057094
0.0
0.08504294375405264
0.9877199381053916
0.0
0.6525100521679745
0.7877124151418735
0.9282907242909969
0.0
0.37025754956223
0.3445700019300808
0.0
0.09199531535502004
0.0
0.08113423567841682
0.017071125397127407
0.1979506168590679
0.06818095161071358
0.2189292292351085
0.056574302602813265
0.0
0.0
0.18644448234470667
0.0
0.9943184486565999
0.0
0.0
0.5817118430904327
0.0
0.34124059310711075
0.0
0.0
0.0
0.9147081323740718
0.0
0.3217797505515725
0.018999213484372945
0.11258550460167571
0.0
0.19538710678507165
0.14288008291278254
0.0
0.0
0.0
0.1469239691544424
0.0
0.0
0.0
0.025759188266923472
0.0
0.0
0.0
0.0
0.0
0.22367135928811444
0.1390799111940445
0.0
0.0
0.0
0.0
0.0
0.40763421654314225
0.1373569711869208
0.0
0.0
0.5626548390171052
0.0
0.16948986959126766
0.36788210577411207
0.24706759334537787
0.1610916901710977
0.0
0.0
0.0
0.0
0.0
0.0
0.0
0.0
0.5578616914411004
0.11764515361874928
0.7284335736940613
0.30756026592564445
0.031426609102527925
0.24248581687234882
0.0
0.0
0.9902950539153043
0.9989644198384681
0.994363962074865
0.999988916675999
0.9990921119155025
0.9999922626686759
0.999857271888516
0.9999838639880338
0.9999979789294027
0.9999425324993894
